Car -1 -1 4.5126 705.2454 187.8170 828.0931 274.8826 1.4085 1.5880 3.8165 2.9380 1.7434 14.2385 4.7109 0.9717
Car -1 -1 1.8704 160.6819 186.9095 429.4781 375.0000 1.5459 1.5983 3.5962 -3.1338 1.7373 7.9789 1.5064 0.9505
Car -1 -1 1.7195 443.6407 179.9029 521.6544 234.6563 1.3697 1.6118 3.7896 -3.4940 1.5882 20.4517 1.5518 0.9207
Car -1 -1 1.4325 652.2549 179.1033 705.8103 218.9283 1.4743 1.6237 3.9615 2.7549 1.7461 29.3600 1.5245 0.8692
Car -1 -1 1.6620 499.1771 174.8416 546.3858 215.3599 1.5083 1.5494 3.5115 -3.4066 1.5925 28.8083 1.5449 0.8595
Car -1 -1 4.1369 866.4642 2.5967 1242.0000 375.0000 1.6527 1.6380 3.5155 2.8084 1.1522 3.8908 4.7271 0.7966
Car -1 -1 1.6890 526.1983 176.2541 564.7987 205.3331 1.4384 1.5729 3.9484 -3.3354 1.6276 38.1553 1.6020 0.6478
Car -1 -1 1.6981 545.2554 173.5372 576.1755 195.8247 1.4658 1.6179 4.0579 -3.3190 1.5147 49.6543 1.6313 0.5665
Car -1 -1 4.3385 668.2713 166.8195 708.2537 188.4700 1.5702 1.6411 4.0200 5.8953 1.1326 54.4850 4.4454 0.2636
Car -1 -1 1.4733 643.3601 175.9831 679.7089 206.3260 1.5108 1.5526 3.7737 2.7067 1.6849 38.2276 1.5429 0.2516
Car -1 -1 1.3998 632.5713 178.7021 666.1267 202.3383 1.4942 1.6100 3.9217 2.6407 1.9052 48.6666 1.4532 0.1760
Car -1 -1 1.7537 724.2563 176.7503 751.4048 195.5695 1.5281 1.5616 4.1444 11.0038 1.8734 61.7210 1.9289 0.1176
Car -1 -1 1.0971 633.5106 177.6562 686.2982 202.2521 1.4610 1.6733 4.0684 3.1476 1.7812 45.9170 1.1646 0.1079
Car -1 -1 1.4999 628.2601 176.4401 662.6273 206.4836 1.4915 1.5487 3.6940 1.8528 1.6903 38.1299 1.5475 0.1044
Car -1 -1 4.6986 375.1010 167.0542 410.3590 198.1530 1.4046 1.5359 3.6806 -10.4080 1.1426 34.5738 4.4080 0.1039
Car -1 -1 1.3341 680.2781 172.0592 717.8773 195.1961 1.4896 1.5930 4.0754 5.9756 1.4385 48.5708 1.4554 0.0934
Car -1 -1 4.3032 545.6605 170.7714 588.1631 196.6683 1.9154 1.7286 4.2305 -3.3330 1.7614 55.6442 4.2432 0.0876
Car -1 -1 4.7510 597.0186 175.7648 1164.4861 375.0000 1.5803 1.6011 3.6099 1.3159 1.6038 3.8754 5.0536 0.0858
Car -1 -1 1.6925 466.9578 170.8848 501.1467 195.3204 1.3984 1.5479 3.9368 -7.4835 1.2857 43.2953 1.5221 0.0810
Car -1 -1 0.5399 521.7957 173.3985 583.3184 195.8022 1.4769 1.6186 3.9092 -3.8960 1.5153 49.2374 0.4610 0.0805
Car -1 -1 4.5133 510.0872 162.4556 540.7337 184.6254 1.7591 1.7292 4.1106 -6.9718 0.9340 59.4729 4.3969 0.0803
Car -1 -1 -0.2890 690.9512 176.8549 753.1199 201.4272 1.5733 1.5954 3.7509 7.3944 1.8429 47.5833 -0.1362 0.0741
Car -1 -1 1.5290 417.3010 208.4813 534.5250 325.1318 1.4523 1.6819 4.1276 -2.4003 2.1795 12.5279 1.3422 0.0740
Car -1 -1 4.2279 855.2657 146.1823 927.3572 181.1001 1.5924 1.6823 3.7424 13.5250 0.3761 34.8612 4.5951 0.0733
Car -1 -1 4.4769 485.3622 166.9948 522.6957 191.5395 1.5411 1.6073 3.6796 -6.9558 1.1732 47.3093 4.3315 0.0721
Car -1 -1 1.5148 559.4930 175.0716 594.4088 204.7236 1.4724 1.6191 4.0457 -1.7748 1.5964 38.2382 1.4682 0.0660
Car -1 -1 1.4902 718.5753 175.9041 740.7036 194.0626 1.4731 1.5400 3.8499 10.1521 1.7402 61.1844 1.6535 0.0600
Car -1 -1 4.3155 509.8911 163.8790 546.5378 185.4825 1.8495 1.7462 4.1906 -7.2539 1.0811 64.0264 4.2029 0.0596
Car -1 -1 4.6989 500.4127 163.7939 523.2734 185.6042 1.5230 1.5858 4.0817 -7.1388 0.8903 52.5207 4.5642 0.0590
Car -1 -1 1.2362 644.4224 176.8605 702.8802 209.0247 1.4600 1.6317 3.9770 3.0755 1.6684 35.4107 1.3215 0.0579
Car -1 -1 1.6888 307.6818 212.0867 436.6365 325.3423 1.4280 1.6235 3.8868 -3.9557 2.2240 12.5817 1.3891 0.0576
Car -1 -1 4.5411 840.9869 149.9152 892.8662 184.0098 1.5439 1.7037 3.8474 12.3080 0.5052 34.7113 4.8791 0.0558
Car -1 -1 1.7926 539.0465 174.0590 577.0043 198.2434 1.5265 1.6325 4.1804 -3.3737 1.6103 47.9511 1.7224 0.0540
Car -1 -1 4.8218 782.0462 166.8745 861.2610 232.2306 1.5263 1.5955 3.7182 5.6253 1.3867 18.8738 5.1066 0.0537
Car -1 -1 1.3381 649.3739 174.2327 719.3173 224.1128 1.7349 1.7391 4.0052 2.7405 1.7911 27.3136 1.4363 0.0519
Car -1 -1 -0.4766 642.0067 177.1122 726.6504 207.6117 1.4956 1.6582 4.0449 3.8651 1.7248 37.3163 -0.3747 0.0505