Car -1 -1 1.4720 371.6748 182.4329 399.5836 203.7341 1.5006 1.6446 4.0075 -17.0810 2.2587 54.9425 1.1716 0.3786
Car -1 -1 4.7198 597.8350 163.7592 617.1356 182.7657 1.6604 1.6862 3.9314 -0.1723 0.8659 65.0030 4.7170 0.1410
Car -1 -1 1.4084 604.0093 177.9100 628.4574 194.6342 1.4812 1.6516 3.9973 0.5910 1.9674 67.2780 1.4167 0.1109
Car -1 -1 3.3000 590.0626 165.5027 634.2486 184.2162 1.6295 1.6615 3.7004 0.2461 0.9894 63.9487 3.3036 0.1095
Car -1 -1 1.6884 360.3517 180.6485 386.4544 200.9486 1.5721 1.5803 4.0561 -19.4904 2.2398 59.6681 1.3737 0.0951
Car -1 -1 0.0470 580.9643 168.9411 630.5373 185.8586 1.5276 1.7120 4.4658 -0.3227 1.1743 66.1027 0.0419 0.0856
Car -1 -1 1.8602 368.3522 181.9877 406.7089 204.0356 1.5378 1.6522 4.0484 -16.5743 2.2475 54.0377 1.5637 0.0795
Car -1 -1 4.7773 605.3954 162.7978 629.0350 184.2240 1.8644 1.8498 4.3766 0.7247 0.9894 65.0372 4.7881 0.0769
Car -1 -1 1.1011 331.4229 182.1743 373.4770 201.6101 1.4748 1.6389 3.8756 -20.8778 2.2558 58.5299 0.7596 0.0679
Car -1 -1 2.0356 379.0610 182.4325 423.4988 203.1620 1.4744 1.6288 4.0593 -15.9484 2.2389 55.4466 1.7564 0.0628
Car -1 -1 1.8168 324.7277 182.6062 361.1237 203.5831 1.4301 1.5970 3.9302 -19.5799 2.1757 53.1242 1.4650 0.0529
Car -1 -1 0.5013 363.6221 181.8290 421.1321 203.5993 1.5680 1.6089 3.8303 -16.2790 2.2562 54.1345 0.2102 0.0516