Car -1 -1 5.0957 506.3695 169.1889 576.1787 207.7410 1.5835 1.6335 4.1851 -2.5270 1.0773 31.7455 5.0119 0.9373
Car -1 -1 0.1442 30.7926 186.4339 222.4915 242.6882 1.3863 1.5976 4.1667 -12.6979 1.5313 19.5763 -0.4303 0.8401
Car -1 -1 2.0512 323.6085 178.1068 390.8975 207.6651 1.4838 1.7038 4.0707 -12.8423 1.3129 38.2023 1.7239 0.6589
Car -1 -1 5.9548 38.6992 172.2629 149.0590 205.3936 1.4243 1.5193 3.8444 -23.1018 1.0267 32.8838 5.3412 0.6566
Car -1 -1 4.5691 548.5276 168.4633 579.5894 190.6898 1.4365 1.5721 3.5997 -2.4799 0.5931 48.3447 4.5132 0.5403
Car -1 -1 -0.2967 316.8345 165.0553 387.5646 189.0047 1.4568 1.6055 3.9365 -15.6966 0.4557 45.5040 -0.6319 0.3407
Car -1 -1 4.8752 603.6181 169.2198 630.2595 188.8420 1.6182 1.6674 3.9835 1.4469 0.6045 61.3480 4.8938 0.3017
Car -1 -1 -0.1665 139.6181 176.0449 225.8944 200.6269 1.4730 1.7114 4.4624 -26.1914 1.1454 45.1293 -0.6948 0.2976
Car -1 -1 4.8467 579.0574 169.8536 602.2088 187.1068 1.5230 1.6267 3.8163 -0.8592 0.4938 65.3990 4.8288 0.2668
Car -1 -1 4.5051 316.3250 165.3720 357.5452 191.1076 1.5762 1.6819 4.0164 -16.9585 0.5877 46.1412 4.1499 0.1727
Car -1 -1 4.4473 28.0862 169.8867 100.2207 204.5074 1.5008 1.6350 4.1041 -24.7010 0.9969 33.0477 3.8043 0.1611
Car -1 -1 3.3211 589.9513 169.3632 639.6418 187.6274 1.4995 1.6170 3.9387 1.2206 0.5020 60.1480 3.3364 0.1512
Car -1 -1 4.6199 552.7438 179.9920 585.2957 206.3820 1.4999 1.5753 3.7739 -1.9091 1.4135 42.8055 4.5705 0.1355
Car -1 -1 4.5305 379.8792 169.4146 409.0563 190.4001 1.7499 1.6940 4.1123 -17.8368 0.7411 62.1185 4.2472 0.1346
Car -1 -1 3.6636 153.3322 177.4040 231.9110 200.7918 1.4710 1.6815 4.0832 -26.0834 1.2126 46.0295 3.1455 0.1314
Car -1 -1 5.1652 159.1084 175.4176 218.7818 199.7619 1.4825 1.6543 4.1662 -26.1891 1.1113 45.8780 4.6440 0.1286
Car -1 -1 2.7784 145.0907 178.2246 226.8322 204.3482 1.5221 1.6406 4.0080 -25.2828 1.3305 43.9254 2.2537 0.1226
Car -1 -1 0.1255 559.3772 177.7904 621.8188 204.2542 1.4926 1.6353 3.4358 -0.5385 1.2827 41.5132 0.1075 0.1076
Car -1 -1 1.5902 194.3156 182.2437 227.3818 209.9606 1.5979 1.6967 4.3441 -23.7274 1.6449 43.8522 1.0917 0.1066
Car -1 -1 4.4890 170.6951 188.1990 225.2009 219.5004 1.4704 1.6250 3.7086 -20.4713 1.8279 36.4841 3.9756 0.1047
Car -1 -1 0.3894 119.4658 175.2623 203.6035 199.0464 1.4383 1.6160 4.1521 -27.1629 1.0604 44.5695 -0.1602 0.1043
Car -1 -1 4.7429 208.3651 176.7616 241.0589 203.8208 1.5010 1.5802 3.8315 -21.8734 1.2375 41.9142 4.2595 0.1039
Car -1 -1 2.4866 510.3258 181.4926 580.8741 208.7541 1.4966 1.6561 3.8371 -3.1197 1.4955 41.3354 2.4066 0.0963
Car -1 -1 1.5524 209.7117 192.8786 256.5036 233.0878 1.4657 1.6101 3.9098 -15.1046 1.9654 29.4761 1.0772 0.0946
Car -1 -1 4.8662 43.3980 174.7262 106.5751 212.1718 1.5181 1.6456 3.8208 -22.7267 1.2430 31.1969 4.2356 0.0943
Car -1 -1 3.5821 455.3490 174.1424 553.5520 209.9958 1.4670 1.5263 3.8786 -4.0902 1.1655 30.7007 3.4457 0.0911
Car -1 -1 4.6880 145.0557 176.0620 188.8513 210.6904 1.4912 1.6204 3.7816 -19.9242 1.2565 32.9621 4.1428 0.0908
Car -1 -1 3.2944 536.5759 168.1720 595.7721 190.5400 1.4613 1.5664 3.7521 -2.2572 0.5898 47.8986 3.2427 0.0884
Car -1 -1 1.9937 22.1843 186.6650 114.5258 225.0369 1.4407 1.5763 3.9394 -21.8062 1.6682 29.6235 1.3582 0.0848
Car -1 -1 5.1868 119.5913 195.0674 312.2986 293.2550 1.4644 1.5773 3.5628 -6.7112 1.7430 12.9865 4.7123 0.0806
Car -1 -1 1.6284 547.1093 166.9267 575.5353 191.9378 1.5456 1.6159 4.1257 -2.4856 0.6443 46.4547 1.5703 0.0802
Car -1 -1 1.5014 568.3087 177.8064 608.2588 210.3170 1.4703 1.6208 4.0441 -0.6366 1.3027 34.5763 1.4781 0.0801
Car -1 -1 1.8555 132.1746 174.8423 182.3309 199.2443 1.4418 1.5934 4.0010 -27.4284 1.0477 44.5833 1.3017 0.0796
Car -1 -1 1.9888 223.5270 180.8289 279.9837 206.1333 1.4806 1.5880 4.1185 -21.3293 1.4406 44.1163 1.5357 0.0791
Car -1 -1 3.3212 0.0000 178.1737 103.2796 215.8171 1.4769 1.5923 3.7582 -22.9809 1.3459 29.7557 2.6628 0.0777
Car -1 -1 3.6252 208.7976 196.3766 319.7485 234.9999 1.4435 1.7071 3.6073 -13.2770 2.0527 28.5023 3.1874 0.0748
Car -1 -1 1.8528 558.1255 177.3422 584.1463 194.0395 1.5307 1.5249 3.6008 -2.7318 1.1484 67.7808 1.8077 0.0743
Car -1 -1 1.7410 537.9808 179.0449 578.5087 207.0787 1.4782 1.6262 3.8740 -2.2884 1.3481 39.8895 1.6789 0.0715
Car -1 -1 5.2362 158.0700 186.9273 234.9880 219.8278 1.5302 1.6360 3.8859 -20.1389 1.8163 36.0046 4.7242 0.0681
Car -1 -1 1.9359 309.9916 177.5099 373.7310 210.3278 1.5826 1.6710 4.2323 -13.1411 1.3896 36.7722 1.5899 0.0675
Car -1 -1 1.3342 540.6327 183.8289 587.9023 213.7977 1.4723 1.5834 3.9177 -1.9510 1.6008 37.7204 1.2777 0.0671
Car -1 -1 2.2212 118.5108 176.0475 194.8278 201.9897 1.4927 1.6618 4.3204 -26.7990 1.1783 43.5627 1.6674 0.0660
Car -1 -1 2.0711 131.6251 179.9576 198.6664 206.6232 1.5133 1.6445 4.1282 -25.8746 1.4251 42.8656 1.5258 0.0652
Car -1 -1 0.8481 134.0380 191.8175 246.8999 232.0978 1.4810 1.6524 4.0186 -16.2950 1.9114 28.5734 0.3285 0.0639
Car -1 -1 2.2195 158.0017 178.4319 231.9314 208.1244 1.6766 1.6542 4.1604 -24.0182 1.5027 42.7337 1.7050 0.0632
Car -1 -1 4.8893 90.0215 194.5513 233.1785 293.6226 1.4551 1.5755 3.4451 -7.7143 1.7242 12.9372 4.3548 0.0627
Car -1 -1 -0.4931 114.8142 191.2365 405.6857 301.2685 1.4537 1.5994 4.1082 -5.4418 1.6446 11.9817 -0.9170 0.0626
Car -1 -1 4.5340 613.9045 167.8186 638.1605 184.4216 1.5248 1.6223 3.8248 2.3969 0.2672 67.9814 4.5643 0.0612
Car -1 -1 4.2912 0.0000 189.1681 135.0335 295.8256 1.4391 1.5938 3.9285 -9.4618 1.5789 11.5183 3.6091 0.0608
Car -1 -1 1.2825 554.7163 178.1826 602.7058 206.4577 1.4815 1.6447 3.7014 -1.2465 1.3070 39.6535 1.2463 0.0607
Car -1 -1 5.5497 208.7656 194.6097 320.4557 234.9360 1.4546 1.6477 4.1189 -13.6996 2.0342 29.5694 5.1139 0.0600
Car -1 -1 0.5371 55.4551 176.0736 167.6549 207.6024 1.4589 1.6418 4.1599 -23.1883 1.2072 34.1833 -0.0604 0.0599
Car -1 -1 4.7537 484.2201 183.3195 519.7590 213.9906 1.4140 1.5853 3.8707 -4.7937 1.5080 35.3569 4.6148 0.0599
Car -1 -1 4.4001 587.6227 170.3573 620.4125 189.6126 1.5818 1.6408 3.9422 0.2718 0.6654 61.1363 4.3996 0.0579
Car -1 -1 -0.1845 569.1840 182.8574 651.0267 212.5318 1.4543 1.6395 3.9142 0.4668 1.5248 36.4609 -0.1769 0.0556
Car -1 -1 1.9620 174.3459 180.2769 231.7455 207.1735 1.5964 1.6849 4.1365 -24.6871 1.5230 44.7858 1.4557 0.0551
Car -1 -1 1.7158 540.9227 169.7902 577.0529 195.9148 1.5330 1.6682 4.0386 -2.5006 0.8451 44.2341 1.6547 0.0550
Car -1 -1 5.1425 135.5604 199.6620 276.8791 269.7107 1.4194 1.5941 3.6705 -9.3696 1.9069 17.4125 4.6496 0.0548
Car -1 -1 1.6746 530.8353 178.8277 573.3336 212.5495 1.5242 1.6320 4.1344 -2.2638 1.4028 34.5614 1.6046 0.0546
Car -1 -1 3.2567 38.7645 177.1994 161.6842 214.8038 1.5195 1.6297 4.1524 -21.2471 1.3452 30.7236 2.6506 0.0544
Car -1 -1 -0.8599 227.4303 198.2597 402.1552 269.4301 1.3970 1.6162 4.0992 -6.6915 1.8526 17.3383 -1.2288 0.0541
Car -1 -1 1.5862 152.6891 178.1378 187.5463 207.7176 1.6027 1.6375 4.0217 -24.5588 1.4199 41.0722 1.0451 0.0532
Car -1 -1 3.0105 531.5275 180.6848 600.7491 207.2187 1.4943 1.6286 3.8186 -2.0054 1.4477 41.6037 2.9575 0.0531
Car -1 -1 2.9472 123.0436 183.9950 227.4400 216.6902 1.4892 1.6412 4.1393 -20.6661 1.6171 35.0120 2.4122 0.0529
Car -1 -1 4.6246 366.9608 170.9135 412.5610 207.2662 1.4576 1.5548 3.5299 -9.0534 1.0326 30.7296 4.3354 0.0522
Car -1 -1 4.4757 565.4979 171.1626 593.5607 188.7480 1.5564 1.6544 4.0081 -1.9421 0.6404 65.7284 4.4414 0.0520
Car -1 -1 5.2385 215.3859 198.8202 361.2868 266.5334 1.4004 1.5719 3.9011 -7.6020 1.8814 17.9292 4.8371 0.0519
Car -1 -1 1.7615 395.9341 180.5732 442.6421 211.1209 1.4711 1.5784 4.0511 -9.1755 1.4259 36.6610 1.5128 0.0513
Car -1 -1 1.7817 200.7173 199.1322 266.3744 239.6915 1.4209 1.6859 3.1755 -14.4427 2.1614 28.4377 1.3101 0.0506