Car -1 -1 2.3287 967.9661 191.9679 1112.9901 245.2825 1.4357 1.5638 3.7952 12.8935 2.0425 21.6267 2.8596 0.9085
Car -1 -1 4.7066 556.6863 178.6506 596.8812 213.9949 1.3442 1.5652 3.8525 -1.3760 1.6013 30.0489 4.6607 0.8014
Car -1 -1 4.7176 509.1645 176.1815 538.4502 204.1690 1.5356 1.6167 3.4598 -4.9593 1.7369 41.8295 4.5999 0.7959
Car -1 -1 2.0669 1130.1185 195.0364 1242.0000 247.9732 1.5212 1.5765 4.0843 19.1140 2.2913 23.5286 2.7422 0.7553
Car -1 -1 1.4989 1123.1957 191.9702 1170.9808 225.5667 1.5478 1.7030 4.0554 28.1475 2.6088 37.8795 2.1336 0.3115
Car -1 -1 4.6023 563.2828 163.2283 591.0112 187.3938 1.7361 1.6648 3.7168 -2.4496 1.0446 53.8011 4.5567 0.2260
Car -1 -1 1.4122 958.8140 189.0962 1005.5901 221.0129 1.5395 1.6560 3.7203 20.0191 2.4605 38.8896 1.8838 0.1754
Car -1 -1 1.4000 1069.5173 194.3331 1123.0897 227.9342 1.5671 1.7222 3.8108 25.8364 2.7728 38.4143 1.9878 0.1680
Car -1 -1 -0.2004 1076.6110 194.8475 1172.6720 228.6899 1.5879 1.5651 3.7966 26.4974 2.7686 37.2560 0.4134 0.1561
Car -1 -1 1.6592 961.3828 182.0455 996.6803 210.3772 1.5262 1.5265 3.6453 21.5772 2.0871 42.0833 2.1296 0.0761
Car -1 -1 2.8335 1019.6078 192.2624 1107.7865 223.5734 1.5273 1.6893 3.5855 23.8497 2.5837 38.0149 3.3897 0.0727
Car -1 -1 4.4947 1168.3109 179.4045 1242.0000 256.9633 1.4878 1.5552 3.3489 13.7291 1.6498 15.9973 5.1944 0.0719
Car -1 -1 1.0841 1039.2572 203.4056 1127.3887 241.2186 1.4680 1.7587 3.9039 21.7408 2.9636 33.2989 1.6576 0.0697
Car -1 -1 2.5350 1060.8462 195.2217 1143.1658 226.3885 1.5417 1.5983 3.2170 25.6773 2.7354 37.6876 3.1287 0.0692
Car -1 -1 -0.2654 1193.7410 176.5363 1242.0000 259.1768 1.4803 1.5674 3.5786 14.2717 1.5627 14.6049 0.4979 0.0662
Car -1 -1 0.8119 1123.4161 198.8977 1242.0000 241.4266 1.4470 1.6976 3.9798 23.1332 2.5729 29.1334 1.4774 0.0632
Car -1 -1 1.4222 960.4601 188.2980 1006.0466 220.3910 1.5108 1.5932 3.5572 19.5016 2.3608 37.7724 1.8950 0.0629
Car -1 -1 -0.6551 539.8155 186.5132 614.2171 215.4191 1.4868 1.6754 4.0222 -1.8100 2.2973 40.8777 -0.6997 0.0623
Car -1 -1 0.0466 541.5316 165.0228 594.9772 186.1572 1.5218 1.6270 3.8312 -2.9910 0.9579 52.7867 -0.0100 0.0601
Car -1 -1 1.3226 1200.0958 183.0314 1242.0000 208.9306 1.4773 1.5948 3.8955 38.3341 2.1404 44.9077 2.0255 0.0561
Car -1 -1 2.1763 1135.9391 181.9215 1211.0070 210.1963 1.5502 1.5937 3.7224 32.6001 2.0911 41.7257 2.8357 0.0550
Car -1 -1 1.1362 1117.8627 181.0599 1176.9564 205.7653 1.5198 1.5867 4.0255 35.6427 2.0891 47.9325 1.7723 0.0545
Car -1 -1 0.9908 1099.5593 194.4139 1182.3070 228.1517 1.5187 1.6019 3.7322 27.0024 2.6756 36.8139 1.6192 0.0545
Car -1 -1 1.4654 1173.7715 178.7218 1218.3148 207.4836 1.5707 1.5895 4.1283 34.4397 1.9335 42.4526 2.1431 0.0531
Car -1 -1 1.4148 1077.4636 204.9697 1143.9777 245.6737 1.5221 1.8774 3.6189 22.2947 3.0475 32.2335 2.0147 0.0511