Car -1 -1 2.1485 0.0000 192.8771 235.2967 329.2000 1.4586 1.5882 3.8407 -7.0680 1.7959 10.2205 1.5553 0.9650
Car -1 -1 4.7172 580.6441 175.3864 599.4539 192.4504 1.4708 1.6361 3.8268 -1.7402 1.7046 64.6961 4.6900 0.2306
Car -1 -1 1.8984 0.0000 198.7500 40.8480 244.4143 1.4847 1.7083 3.8438 -23.7765 2.5630 27.9438 1.1980 0.1944
Car -1 -1 1.8358 143.1752 196.0405 238.2397 247.5378 1.3926 1.6538 4.0757 -13.5881 2.2228 23.6549 1.3190 0.1439
Car -1 -1 1.8482 178.6287 184.8616 231.8960 217.8507 1.5930 1.5042 3.6575 -21.3413 2.2615 38.2158 1.3416 0.1355
Car -1 -1 2.3073 0.0000 201.9003 36.6629 248.5931 1.4756 1.7384 3.5453 -23.5911 2.6272 26.8182 1.5906 0.1086
Car -1 -1 1.6942 172.8121 193.7655 242.1993 240.9464 1.4072 1.6516 3.8685 -14.1008 2.2068 25.4871 1.1929 0.1008
Car -1 -1 2.2904 10.2764 184.4664 131.9231 225.8961 1.4896 1.6576 4.0761 -21.6430 1.9937 29.2230 1.6572 0.0758
Car -1 -1 2.2673 0.0000 196.6902 87.9211 239.7494 1.4577 1.6373 3.9545 -22.9826 2.4696 28.6343 1.5953 0.0758
Car -1 -1 1.6005 216.8050 194.4052 278.7745 246.5936 1.4463 1.6970 4.1326 -11.9732 2.2319 24.0714 1.1429 0.0731
Car -1 -1 5.8005 13.0185 179.6886 140.8231 219.3528 1.5056 1.6195 4.0222 -22.2360 1.8130 30.2952 5.1714 0.0695
Car -1 -1 1.9357 228.5342 181.1939 293.1344 213.5502 1.5150 1.5932 4.1478 -17.7934 1.9674 37.0132 1.4901 0.0622
Car -1 -1 2.4473 0.0000 194.5390 80.5210 273.7088 1.4304 1.5350 3.5886 -13.9685 1.9674 15.9715 1.7369 0.0610
Car -1 -1 1.7019 575.7741 173.0622 601.0126 192.5659 1.6300 1.6540 4.1644 -1.7987 1.6486 62.5026 1.6729 0.0586
Car -1 -1 1.7227 172.9767 182.9829 219.6164 213.9438 1.5157 1.5769 4.0160 -22.2062 2.0920 38.8927 1.2066 0.0574
Car -1 -1 3.8494 0.0000 199.2415 20.3369 241.5601 1.4523 1.7101 3.7888 -24.4968 2.4656 26.8006 3.1137 0.0550
Car -1 -1 4.7671 0.0000 174.4566 214.5543 375.0000 1.5015 1.6033 3.8891 -4.2305 1.5191 5.8640 4.1630 0.0512
Car -1 -1 3.5771 0.0000 181.5382 110.5041 220.7395 1.5281 1.6465 4.0595 -23.3663 1.9034 29.9327 2.9185 0.0512