Car -1 -1 1.8352 499.5244 185.2903 572.0966 230.1638 1.4680 1.6293 4.3101 -2.6716 1.9744 27.1177 1.7372 0.9116
Car -1 -1 1.8962 406.4263 180.9479 519.4939 251.3271 1.6391 1.7251 4.1430 -3.8043 1.8818 19.4713 1.7050 0.9049
Car -1 -1 1.7793 598.3811 182.3018 640.0673 210.8442 1.5692 1.6972 4.0418 0.6310 2.1639 43.2569 1.7932 0.7863
Car -1 -1 1.8113 537.6287 177.0566 578.4527 203.8640 1.4970 1.6019 3.5953 -3.0095 1.7573 42.7969 1.7410 0.4346
Car -1 -1 1.7012 621.3073 177.0146 644.5132 194.8195 1.5538 1.6016 4.1436 2.1718 1.9478 66.1573 1.7335 0.2807
Car -1 -1 1.5526 678.3627 180.4197 698.0326 198.0890 1.5236 1.7126 4.0784 7.1784 2.2391 66.1280 1.6598 0.2668
Car -1 -1 0.2737 500.7272 179.0342 572.6975 205.0316 1.4558 1.6349 3.8789 -4.2257 1.8260 42.0872 0.1738 0.1542
Car -1 -1 1.6917 592.7262 180.9708 631.0022 211.8934 1.6458 1.7240 4.1262 0.1846 2.1389 41.6867 1.6955 0.1118
Car -1 -1 1.6483 543.3793 199.0678 585.0343 235.4591 1.4330 1.6123 3.7781 -2.0235 2.7030 33.0546 1.5868 0.0920
Car -1 -1 1.7142 619.5181 176.9988 644.5232 195.0612 1.5308 1.6307 4.3316 2.0414 1.9142 64.4688 1.7453 0.0844
Car -1 -1 1.2876 585.9045 176.6171 620.6027 197.7090 1.4695 1.5292 3.8667 -0.5031 1.7571 53.0812 1.2777 0.0794
Car -1 -1 1.2330 659.4514 182.2143 693.0295 199.2056 1.4527 1.7479 4.3102 6.1048 2.3457 66.5310 1.3236 0.0768
Car -1 -1 1.4462 564.1576 196.6653 611.3582 233.3611 1.4517 1.7117 3.6055 -1.0492 2.6020 32.9424 1.4138 0.0696
Car -1 -1 1.4577 679.7055 178.6027 704.0718 198.0777 1.6192 1.6467 4.2999 7.1992 2.1416 63.4123 1.5698 0.0692
Car -1 -1 1.6848 617.2377 176.0850 641.2920 195.0879 1.5802 1.6471 4.0184 1.7469 1.8710 62.8219 1.7121 0.0639
Car -1 -1 1.8666 526.7740 177.9584 575.1927 206.4347 1.5165 1.6323 4.1242 -3.2991 1.8248 41.3985 1.7871 0.0629
Car -1 -1 1.1906 666.5709 180.0627 700.8550 198.7005 1.5716 1.5956 4.2540 6.6223 2.2422 64.8587 1.2914 0.0602
Car -1 -1 2.7955 613.2665 176.7706 660.3677 194.2862 1.5303 1.6027 3.9298 2.4504 1.8905 65.0073 2.8327 0.0601
Car -1 -1 1.7384 530.0431 189.0500 584.3056 229.5135 1.4971 1.6411 3.8881 -2.1318 2.2230 30.3232 1.6681 0.0594
Car -1 -1 0.1014 663.7289 180.2092 707.9355 197.9427 1.5518 1.6143 3.8360 6.9152 2.2295 65.3026 0.2060 0.0593
Car -1 -1 -0.4752 691.1478 168.0405 815.5374 213.2264 1.4762 1.6222 3.9001 4.9404 1.3189 24.8941 -0.2821 0.0586
Car -1 -1 1.2521 712.8119 177.6500 744.1306 195.4191 1.5099 1.5794 4.0187 10.5987 1.9530 64.5561 1.4137 0.0566
Car -1 -1 1.1772 521.0290 184.7986 578.4511 214.8958 1.4805 1.6608 4.1537 -3.3318 2.1710 39.4860 1.0930 0.0548
Car -1 -1 1.5997 674.9438 177.6727 694.9839 196.8561 1.5797 1.6154 3.9582 6.5600 2.0111 62.5256 1.7033 0.0537
Car -1 -1 -0.2167 568.1790 191.3662 664.5249 227.0128 1.4672 1.7059 4.0325 0.2759 2.3268 32.2519 -0.2091 0.0533
Car -1 -1 4.4188 596.5731 179.3209 640.3287 205.7450 1.5424 1.6173 4.1451 0.5062 1.9693 45.4162 4.4293 0.0524
Car -1 -1 2.0635 567.7488 182.4869 630.2183 214.2229 1.5729 1.6704 4.0720 -0.5142 2.1266 39.2823 2.0498 0.0512
Car -1 -1 2.1293 448.1842 168.9532 525.2438 204.0056 1.4982 1.6183 3.9457 -5.5329 1.3315 32.9720 1.9639 0.0510
Car -1 -1 1.5957 533.3233 194.7126 574.6279 232.3161 1.4606 1.7218 3.5071 -2.4107 2.4815 31.9068 1.5201 0.0503