Car -1 -1 5.0740 209.0883 158.7665 422.5824 286.0058 1.7695 1.7827 4.5201 -4.6357 1.4016 12.2633 4.7196 0.9754
Car -1 -1 4.7051 572.3594 175.6126 621.1545 218.9802 1.4852 1.6723 3.8570 -0.4007 1.1564 26.5660 4.6898 0.9484
Car -1 -1 5.4006 0.0000 194.7798 172.2134 319.7311 1.4517 1.6129 3.9059 -8.4602 1.6194 10.6291 4.7405 0.9231
Car -1 -1 4.9018 427.6794 180.9381 496.1373 224.2191 1.3912 1.6269 3.8242 -4.9658 1.2537 25.0218 4.7076 0.9154
Car -1 -1 5.1384 191.1240 179.9077 292.6133 224.4855 1.4741 1.6009 4.3089 -13.0353 1.2986 25.9528 4.6768 0.6828
Car -1 -1 4.8694 521.0856 176.1873 554.2112 199.5156 1.4890 1.5995 3.9196 -4.5890 0.9127 47.8888 4.7740 0.6541
Car -1 -1 4.7672 409.1549 179.3984 445.1274 208.2581 1.4242 1.5941 4.0996 -9.3731 1.1371 37.6380 4.5245 0.3542
Car -1 -1 4.8520 486.9540 154.8603 535.8524 193.3915 1.8111 1.7941 4.6436 -4.7344 0.3843 36.1199 4.7224 0.3091
Car -1 -1 4.8943 375.4476 177.4918 412.8835 202.6685 1.5395 1.6147 3.8621 -13.5679 1.0672 45.9607 4.6085 0.2923
Car -1 -1 4.5308 440.8790 171.7972 475.9022 196.1503 1.5174 1.5837 3.7483 -9.7278 0.6813 46.8251 4.3269 0.2308
Car -1 -1 2.0824 6.1410 190.8132 179.4380 258.1847 1.4452 1.6401 4.1642 -12.5690 1.6015 17.9266 1.4776 0.2190
Car -1 -1 4.1960 87.7531 172.5307 196.2091 215.3619 1.4546 1.5896 3.8986 -16.8572 1.0238 26.0243 3.6258 0.1849
Car -1 -1 4.5714 464.8359 173.0844 494.1439 195.1455 1.5629 1.5978 3.8896 -9.4524 0.7035 53.0250 4.3956 0.1847
Car -1 -1 0.2830 345.5267 179.0931 410.6964 203.5732 1.4951 1.6187 3.5538 -14.2230 1.1211 44.7526 -0.0233 0.1703
Car -1 -1 5.1059 416.8661 178.1761 477.6129 207.5950 1.4481 1.6328 4.1206 -8.2774 1.1016 37.5578 4.8901 0.1366
Car -1 -1 4.3646 553.9343 175.0789 592.3972 197.0379 1.4861 1.5521 3.6518 -2.4339 0.8001 50.6347 4.3165 0.1261
Car -1 -1 0.7078 120.8694 175.9789 266.3997 221.9192 1.5149 1.6363 4.3681 -14.2994 1.2103 24.9237 0.1914 0.1211
Car -1 -1 1.6118 452.7227 190.0247 497.8486 230.0640 1.4172 1.5586 3.5333 -5.0332 1.6153 27.7472 1.4335 0.1110
Car -1 -1 5.7139 121.7393 175.7142 252.3827 220.5643 1.5055 1.5910 3.8573 -15.1948 1.1865 26.2075 5.1927 0.1014
Car -1 -1 1.7844 436.0933 173.9754 477.3070 200.6150 1.5606 1.6673 3.9510 -9.1750 0.9021 44.0957 1.5802 0.0994
Car -1 -1 2.4207 212.6013 154.2537 303.1765 192.3396 1.7322 1.7193 3.7231 -16.7959 0.3240 34.7437 1.9734 0.0861
Car -1 -1 1.6056 144.1353 221.4086 240.8088 312.2181 1.4830 1.6133 4.0390 -8.8802 2.3789 15.6296 1.0956 0.0812
Car -1 -1 2.5308 0.0000 176.1128 131.6356 230.1862 1.4864 1.5109 3.5881 -16.6015 1.2361 21.6994 1.8835 0.0726
Car -1 -1 1.5354 448.8602 175.8353 477.8799 201.5088 1.5415 1.6507 4.1322 -9.1126 0.9783 45.3632 1.3380 0.0713
Car -1 -1 5.3293 470.8731 173.0119 520.1379 195.1861 1.5787 1.6169 3.9555 -8.2345 0.7099 53.3103 5.1765 0.0699
Car -1 -1 1.8130 365.8476 177.3533 408.2146 204.4702 1.5686 1.5736 3.8235 -13.2753 1.1138 43.5333 1.5184 0.0698
Car -1 -1 0.0697 192.4519 180.4177 330.9857 225.0770 1.4552 1.6362 4.2138 -11.8455 1.2989 24.9482 -0.3697 0.0697
Car -1 -1 -0.2692 513.4402 173.7823 579.6777 196.9728 1.5132 1.6342 4.1584 -4.0839 0.7672 48.3920 -0.3532 0.0673
Car -1 -1 0.2293 444.3154 174.8154 506.0463 198.8998 1.5019 1.5947 3.5915 -8.3644 0.8534 45.7129 0.0490 0.0670
Car -1 -1 1.8147 545.3500 172.7822 583.5845 196.5168 1.5092 1.5994 4.0815 -2.7953 0.7186 47.8624 1.7563 0.0637
Car -1 -1 1.7124 458.9318 174.7218 490.7244 197.3628 1.5619 1.6661 4.2145 -9.4776 0.8380 51.7282 1.5318 0.0635
Car -1 -1 3.1647 444.7677 173.0980 501.9391 194.9895 1.5458 1.6197 3.9949 -9.6262 0.6902 51.8781 2.9819 0.0627
Car -1 -1 1.7816 547.2628 187.1745 601.9507 221.8016 1.4667 1.6556 4.1723 -1.4180 1.5623 32.8911 1.7383 0.0610
Car -1 -1 5.1640 385.8479 176.7118 438.0283 202.1678 1.5474 1.6060 4.0279 -12.3811 1.0305 45.8270 4.9013 0.0593
Car -1 -1 -0.0047 510.4060 175.9087 570.8843 199.2173 1.5044 1.5757 3.9027 -4.3809 0.9037 47.3708 -0.0967 0.0569
Car -1 -1 3.7833 169.2101 179.9973 308.4303 223.1440 1.4793 1.6215 4.3524 -13.1907 1.3004 25.8207 3.3149 0.0568
Car -1 -1 4.9853 454.8266 170.5843 495.7613 196.3756 1.6137 1.6064 4.0152 -8.5785 0.6983 47.0521 4.8056 0.0565
Car -1 -1 4.5741 69.7920 174.7560 143.5845 219.6107 1.5003 1.6484 4.2409 -18.2680 1.1505 26.1636 3.9692 0.0564
Car -1 -1 1.8191 175.6098 181.1466 213.8272 201.6649 1.5437 1.6094 4.1815 -32.2521 1.2375 56.3119 1.3006 0.0553
Car -1 -1 4.7845 405.8552 177.2584 442.7378 207.5532 1.4465 1.5489 3.3602 -9.1422 1.0666 36.1128 4.5380 0.0547
Car -1 -1 -0.8001 425.7449 181.7553 727.2802 324.9868 1.5027 1.5917 4.0671 -0.2098 1.4664 9.5733 -0.8219 0.0531
Car -1 -1 -1.2102 497.4843 188.7623 691.6532 312.2572 1.4840 1.5588 4.0614 0.0270 1.5487 10.9383 -1.2083 0.0523
Car -1 -1 3.3733 486.4456 190.5470 583.7756 225.3630 1.4636 1.6566 3.9873 -3.1348 1.7063 31.6377 3.2749 0.0516
Car -1 -1 -0.0591 413.3300 173.0278 477.9225 198.4594 1.5720 1.6437 3.9228 -10.2972 0.8186 45.7653 -0.2795 0.0513
Car -1 -1 0.4907 119.3216 173.9700 256.0661 218.5145 1.5419 1.6003 3.9439 -14.9412 1.1526 25.7435 -0.0309 0.0507
Car -1 -1 1.8311 351.3356 193.6350 431.5916 241.2545 1.4366 1.6852 3.6416 -7.1533 1.7413 24.1788 1.5460 0.0500