Car -1 -1 4.5538 659.2579 195.3804 746.2986 259.3385 1.3960 1.6556 3.9807 2.3617 2.0583 19.1937 4.6733 0.9374
Car -1 -1 1.5589 655.8032 189.8626 694.6705 226.9006 1.4877 1.6553 3.8219 2.9524 2.3063 32.7578 1.6472 0.2838
Car -1 -1 4.5899 654.8144 186.8504 687.2692 213.2039 1.5564 1.6267 3.8286 3.9306 2.4986 46.6252 4.6729 0.2510
Car -1 -1 4.6113 663.3563 182.6735 700.1983 214.0941 1.5068 1.5673 3.2083 3.6838 2.0351 37.2141 4.7085 0.1512
Car -1 -1 -0.1213 658.5004 186.3094 711.7061 211.4554 1.5192 1.6227 3.1491 4.7175 2.3803 45.3330 -0.0189 0.1213
Car -1 -1 1.1329 673.1209 187.1663 739.9470 222.7153 1.4465 1.6833 3.4872 4.3458 2.1355 32.8194 1.2626 0.1130
Car -1 -1 1.8216 621.0902 191.2059 678.7065 228.2994 1.4595 1.6655 3.9838 1.8921 2.3450 32.6675 1.8782 0.1082
Car -1 -1 2.8218 669.3929 179.9346 764.5561 212.7660 1.4617 1.6756 4.0911 5.0031 1.8052 33.8150 2.9668 0.1034
Car -1 -1 4.7052 660.5464 179.5452 694.2388 210.8763 1.4548 1.5955 3.3754 3.3675 1.8048 35.9991 4.7971 0.0980
Car -1 -1 4.7887 657.9274 185.2541 698.8969 219.4777 1.4754 1.6712 3.7702 3.3461 2.1036 34.5552 4.8837 0.0956
Car -1 -1 2.0177 668.2217 187.4570 714.4908 210.3582 1.5192 1.7368 4.1858 6.0447 2.6360 52.9491 2.1301 0.0694
Car -1 -1 1.4654 678.5648 185.3471 723.1234 219.6504 1.4663 1.6887 3.8144 4.2627 2.0911 34.1627 1.5878 0.0694
Car -1 -1 1.4536 653.5643 189.1305 703.6937 228.9157 1.4637 1.6519 3.4396 2.7850 2.1732 29.7100 1.5453 0.0665
Car -1 -1 1.4897 640.1741 196.9158 675.5598 226.1143 1.4544 1.6908 4.0538 2.7188 2.9013 41.3454 1.5541 0.0659
Car -1 -1 0.1080 639.5358 190.9624 725.0006 225.3912 1.4618 1.6811 3.7445 3.3629 2.3233 33.1157 0.2075 0.0590
Car -1 -1 1.5869 659.8236 184.6820 686.9872 210.7688 1.5178 1.6338 3.1535 4.0163 2.2847 45.1315 1.6745 0.0549
Car -1 -1 1.2416 616.6902 189.5406 655.8619 212.4019 1.5167 1.7501 3.7384 1.9168 2.7872 52.8937 1.2770 0.0537
Car -1 -1 2.3689 668.6172 181.5435 734.3268 208.4636 1.5761 1.7015 4.0684 5.8055 2.1456 45.3795 2.4948 0.0528
Car -1 -1 4.5373 644.0563 184.7791 687.3669 216.0520 1.4777 1.6293 3.5825 2.8579 2.1263 37.3795 4.6123 0.0516
Car -1 -1 4.6924 645.5128 189.0709 672.3035 214.3987 1.5006 1.6691 4.0242 3.2052 2.6124 47.4204 4.7588 0.0516
Car -1 -1 0.1055 607.4616 186.3895 665.9006 211.4579 1.4989 1.6755 3.5170 1.7295 2.3705 45.3868 0.1427 0.0509