Car -1 -1 4.9904 345.4249 187.9943 532.3128 316.4579 1.4357 1.5654 3.8653 -2.2451 1.6979 10.5150 4.7840 0.9664
Car -1 -1 4.6000 720.2544 186.2750 798.9623 254.5162 1.4626 1.5227 3.1835 3.6039 1.8237 17.7629 4.7960 0.9091
Car -1 -1 3.4718 387.9830 174.9928 519.7158 217.7048 1.3666 1.5213 4.0409 -5.1728 1.4413 24.1861 3.2628 0.8689
Car -1 -1 2.2728 0.0000 203.7672 326.4097 375.0000 1.4152 1.5096 3.2351 -2.7686 1.6296 3.3526 1.6201 0.7860
Car -1 -1 1.6917 559.1210 173.8971 613.8171 216.5889 1.6544 1.7875 4.2212 -0.8915 1.7012 30.2503 1.6618 0.7700
Car -1 -1 4.5778 710.5728 187.4529 778.9478 240.8053 1.4439 1.5828 3.7131 4.1173 1.9364 22.4511 4.7560 0.6532
Car -1 -1 1.5394 685.1269 179.2436 708.5804 201.0891 1.5454 1.6206 4.0754 6.5440 2.0455 54.3723 1.6581 0.5422
Car -1 -1 4.1033 910.9157 189.7748 1242.0000 375.0000 1.5551 1.5718 3.8107 2.5540 1.6647 2.7010 4.8068 0.3303
Car -1 -1 1.5099 559.8881 166.6045 585.4527 188.2545 1.5222 1.6294 3.9169 -2.7307 1.0828 52.7682 1.4582 0.2312
Car -1 -1 4.6906 612.0132 178.9192 643.0403 209.5055 1.5044 1.5496 3.6197 0.9078 1.8392 38.0179 4.7138 0.1945
Car -1 -1 1.7578 677.7645 178.8317 711.3751 202.8721 1.6430 1.6837 4.2257 6.2512 2.0985 52.7089 1.8747 0.1715
Car -1 -1 4.6211 501.6420 179.7500 528.8586 202.9227 1.5771 1.6128 3.8650 -6.8807 2.0976 52.3964 4.4908 0.1480
Car -1 -1 1.4931 722.1379 173.3158 748.3850 194.9556 1.5079 1.5612 4.0686 9.1019 1.5428 52.4644 1.6636 0.1307
Car -1 -1 4.4639 547.9928 168.6547 591.2121 197.0453 1.5951 1.6323 3.9237 -2.4108 1.3591 42.6549 4.4074 0.1237
Car -1 -1 0.0033 497.6355 179.7267 550.5943 201.8357 1.5181 1.6152 3.6723 -6.0506 2.0153 51.1848 -0.1141 0.1127
Car -1 -1 2.0974 457.2355 171.4088 521.3070 199.8452 1.4728 1.6388 4.0624 -6.5239 1.3980 39.5609 1.9347 0.1117
Car -1 -1 4.8189 581.0948 178.6896 618.3549 209.5656 1.5156 1.5764 3.7261 -0.4730 1.8392 38.0758 4.8060 0.1041
Car -1 -1 4.1645 1029.5320 188.0190 1242.0000 375.0000 1.4351 1.6083 4.1315 5.9289 1.6298 7.1114 4.8384 0.1030
Car -1 -1 4.7679 677.5831 188.8181 736.5190 242.2477 1.4320 1.6167 3.8260 3.1219 1.9766 22.5835 4.9026 0.0991
Car -1 -1 -0.2783 727.9388 182.3452 931.6812 259.2320 1.7036 1.7540 4.2944 5.0930 1.9402 17.0956 0.0055 0.0962
Car -1 -1 -0.5320 685.8456 185.7246 833.5953 240.1071 1.5113 1.6432 4.2007 4.6107 1.9333 22.2014 -0.3308 0.0960
Car -1 -1 2.9303 668.6305 179.7598 724.9228 200.8504 1.5294 1.6297 3.9241 6.4987 2.0554 53.9659 3.0490 0.0874
Car -1 -1 4.8183 501.8907 177.8313 535.2686 205.2792 1.5234 1.5787 3.5527 -5.3156 1.8288 42.4852 4.6942 0.0857
Car -1 -1 1.2281 717.1568 174.1944 771.3026 203.6030 1.4284 1.5520 3.7891 6.8816 1.5012 37.2213 1.4091 0.0851
Car -1 -1 1.8837 668.1906 178.2916 708.1604 201.7001 1.5657 1.6676 4.0577 5.6502 1.9702 51.4731 1.9919 0.0848
Car -1 -1 5.4506 0.0000 175.0552 154.1174 280.5867 1.5749 1.6057 3.6820 -10.1075 1.6196 12.7452 4.7902 0.0775
Car -1 -1 0.0773 510.7030 169.5617 581.7845 195.7845 1.4718 1.6069 3.9410 -3.5853 1.2870 41.3192 -0.0090 0.0753
Car -1 -1 -0.0536 716.7098 185.1699 871.7314 241.7492 1.5342 1.6566 4.2738 5.3572 1.9186 21.3076 0.1886 0.0747
Car -1 -1 3.7646 453.7045 179.7679 513.2362 202.1693 1.5098 1.6527 3.9389 -8.9554 2.0160 51.2201 3.5920 0.0729
Car -1 -1 -0.1963 552.0499 166.9728 609.2914 188.3472 1.5041 1.6434 3.8779 -2.0967 1.0903 52.0285 -0.2367 0.0711
Car -1 -1 1.5000 720.4418 171.6193 745.4395 192.2391 1.6400 1.7329 4.2210 10.1487 1.5418 59.5709 1.6676 0.0706
Car -1 -1 1.2297 666.4317 180.9334 705.3724 201.7029 1.4729 1.6596 4.1453 5.7806 2.1146 55.0980 1.3332 0.0673
Car -1 -1 4.5505 542.6727 178.6362 1242.0000 375.0000 1.5574 1.6169 3.8557 1.1612 1.5936 2.4566 4.9458 0.0668
Car -1 -1 2.1805 0.0000 186.1541 287.1614 354.7785 1.5064 1.5541 3.9864 -5.6774 1.7059 8.7952 1.6206 0.0644
Car -1 -1 2.7551 759.8007 173.9354 849.3973 207.9567 1.4833 1.5065 3.5922 8.7513 1.5335 32.4946 3.0154 0.0611
Car -1 -1 1.6542 720.5851 173.5326 749.9589 198.3641 1.6461 1.6690 4.2418 8.7868 1.6954 50.2172 1.8261 0.0603
Car -1 -1 4.3256 848.9437 184.3387 1242.0000 375.0000 1.5003 1.7179 4.1343 2.6748 1.6022 4.2307 4.8573 0.0592
Car -1 -1 4.6173 723.1525 172.5069 750.5993 195.2024 1.6273 1.6371 3.9731 9.4507 1.6024 53.7803 4.7899 0.0586
Car -1 -1 1.5303 563.1188 167.7743 588.8079 189.8277 1.5104 1.6710 3.8548 -2.4266 1.1625 51.4107 1.4830 0.0582
Car -1 -1 0.7683 0.0000 0.0000 1242.0000 375.0000 1.4669 1.6031 4.0670 2.1973 1.5255 1.4582 1.6640 0.0569
Car -1 -1 2.5125 1101.6190 0.0000 1242.0000 375.0000 1.5250 1.6275 4.1688 3.8554 1.3440 1.7793 3.5898 0.0544
Car -1 -1 -0.5548 715.8024 173.4390 774.2154 194.5441 1.4947 1.6394 3.9142 9.8827 1.5386 52.6569 -0.3706 0.0524
Car -1 -1 3.8169 594.7476 186.8008 729.7177 240.3018 1.4332 1.6501 4.0043 1.5590 1.9024 22.3138 3.8848 0.0501