Car -1 -1 4.7024 566.5418 176.1091 674.0675 275.2378 1.5952 1.7523 4.4449 0.1779 1.6683 13.9810 4.7137 0.9291
Car -1 -1 4.6659 595.5907 172.2810 619.1703 192.5318 1.4814 1.6062 3.9129 -0.1967 1.4394 54.7753 4.6619 0.4117
Car -1 -1 4.9579 641.2557 163.7793 684.3514 191.9473 1.4979 1.5759 3.5901 3.0190 1.0153 40.3216 5.0317 0.2378
Car -1 -1 4.5498 630.9631 168.9416 655.8361 187.3131 1.6199 1.6406 3.9475 3.0482 1.2749 65.6784 4.5957 0.1660
Car -1 -1 1.6275 541.3251 187.3136 581.8138 224.0895 1.4845 1.6041 3.7039 -2.1058 2.1720 32.4458 1.5625 0.1301
Car -1 -1 4.6263 651.0958 171.2189 683.8615 198.5071 1.5487 1.6129 3.7847 3.3966 1.4559 42.8472 4.7044 0.1121
Car -1 -1 1.2885 562.8979 177.7737 593.0543 198.0680 1.6198 1.5324 3.7950 -2.6860 2.0471 60.6230 1.2440 0.0940
Car -1 -1 4.9223 662.5604 172.4256 708.8833 202.5489 1.4794 1.6114 3.9429 4.0169 1.4584 37.5605 5.0276 0.0878
Car -1 -1 1.7925 544.7539 181.3712 582.2440 207.3625 1.5019 1.5488 3.7119 -2.8238 2.0553 44.9302 1.7296 0.0868
Car -1 -1 1.3742 566.3384 179.6132 602.1530 204.6595 1.5420 1.6044 4.0439 -1.7189 2.0093 47.7352 1.3379 0.0807
Car -1 -1 4.7125 644.8513 168.9246 677.9514 199.5390 1.5246 1.6469 4.0782 2.7288 1.3290 38.0258 4.7832 0.0753
Car -1 -1 4.6527 632.5539 163.6974 667.4124 193.6262 1.5424 1.6436 4.0824 2.1487 1.0705 39.2310 4.7066 0.0722
Car -1 -1 -0.1287 647.5150 171.0404 717.1093 197.4405 1.4985 1.6207 3.8353 4.1809 1.3956 41.8242 -0.0302 0.0670
Car -1 -1 4.8064 555.4902 189.7797 600.2677 226.5671 1.4803 1.6663 4.0875 -1.3885 2.3041 33.0351 4.7639 0.0642
Car -1 -1 3.3890 631.8295 165.3228 707.7820 194.6154 1.5254 1.6022 3.8098 3.2595 1.1332 38.9480 3.4715 0.0629
Car -1 -1 4.6074 639.1230 166.5634 674.8816 193.7849 1.4939 1.6350 4.0735 2.6900 1.1486 41.6654 4.6711 0.0627
Car -1 -1 1.6409 566.8290 179.7629 596.4772 205.6993 1.5135 1.5863 3.7782 -1.7036 1.9630 45.0368 1.6028 0.0626
Car -1 -1 0.1390 650.6494 170.4308 726.5985 197.9935 1.5134 1.6449 4.0938 4.4992 1.3804 40.9172 0.2473 0.0587
Car -1 -1 0.6199 586.7233 186.2438 686.6566 223.5413 1.4875 1.6867 4.2604 1.1655 2.1207 32.1549 0.6550 0.0567
Car -1 -1 1.6256 629.9939 186.9778 673.9829 225.4100 1.4068 1.6080 4.0151 1.8239 2.0354 30.0301 1.6849 0.0559
Car -1 -1 1.4911 594.5619 170.0522 621.2512 193.0273 1.6189 1.6291 4.1626 -0.1585 1.4214 52.9820 1.4877 0.0553
Car -1 -1 3.2034 607.4542 168.2749 677.8018 194.1131 1.4626 1.5965 3.9850 1.9463 1.2034 41.8510 3.2492 0.0552
Car -1 -1 -0.6267 655.6731 167.0748 733.2827 195.9901 1.5081 1.6156 4.0169 4.6423 1.2067 39.3186 -0.5104 0.0527
Car -1 -1 0.7980 489.8434 187.6688 581.5673 224.3025 1.4849 1.6677 4.2389 -3.4090 2.2006 32.8599 0.6948 0.0516
Car -1 -1 4.0892 482.6870 188.4833 567.6229 226.6460 1.4645 1.6329 4.0094 -3.7256 2.1882 31.3817 3.9714 0.0514
Car -1 -1 2.4522 549.1895 187.1413 645.4634 225.2574 1.5285 1.7023 4.2066 -0.5025 2.2110 32.4549 2.4360 0.0512
Car -1 -1 4.1721 625.6240 180.3308 791.6168 268.8736 1.4988 1.5971 3.7354 1.8438 1.6710 14.5881 4.2942 0.0510