Car -1 -1 1.9484 59.7193 198.6923 387.3542 375.0000 1.5389 1.5820 3.8544 -3.6465 1.8834 7.6508 1.5161 0.9728
Car -1 -1 1.8159 324.5284 174.8489 475.4601 286.7334 1.7809 1.7077 4.2123 -3.7519 1.8246 13.6819 1.5523 0.9687
Car -1 -1 1.6530 504.1277 182.5458 552.3853 220.7206 1.4488 1.6794 4.2921 -3.3815 1.8897 30.6530 1.5435 0.8863
Car -1 -1 1.7646 294.8282 193.7397 343.0378 225.0507 1.4949 1.6531 4.2894 -15.9252 2.7102 39.7249 1.3852 0.5457
Car -1 -1 3.1869 408.2926 169.0714 479.8240 195.3176 1.5701 1.6770 4.2116 -10.1159 1.3438 44.3614 2.9637 0.2566
Car -1 -1 3.7067 316.6647 176.1262 438.0923 223.6607 1.6418 1.6680 3.9551 -8.4732 1.7675 26.4112 3.3987 0.1418
Car -1 -1 1.6917 293.6294 201.8543 336.6114 233.1116 1.4318 1.7109 3.3572 -15.5806 3.0459 38.3156 1.3074 0.1384
Car -1 -1 3.2678 393.0661 161.8037 477.5905 191.0837 1.5251 1.6414 4.2223 -9.2658 0.9495 38.6254 3.0337 0.1074
Car -1 -1 0.4165 259.7758 200.8785 345.2731 229.8784 1.4512 1.6927 3.8636 -16.4139 2.9879 38.6861 0.0173 0.0944
Car -1 -1 1.5365 505.3822 178.9449 551.8298 223.2982 1.6233 1.7186 4.1223 -3.3341 1.8879 29.1684 1.4230 0.0921
Car -1 -1 5.5278 342.2599 166.6926 412.9394 195.1553 1.5171 1.5891 3.6797 -12.9446 1.1887 40.4518 5.2198 0.0859
Car -1 -1 1.3230 649.4279 185.5813 694.7961 213.9163 1.4458 1.6327 3.9147 3.4750 2.2007 40.7353 1.4069 0.0839
Car -1 -1 1.6569 466.8225 196.1471 509.8555 231.0820 1.4897 1.7480 3.9475 -5.9067 2.7021 35.5199 1.4926 0.0825
Car -1 -1 5.1019 348.0356 176.3191 430.7151 219.7196 1.5013 1.6286 3.8610 -8.2194 1.6419 27.2803 4.8115 0.0815
Car -1 -1 2.8005 456.7906 187.0186 559.1170 224.3228 1.4938 1.6251 4.1701 -4.4685 2.1521 31.8543 2.6616 0.0814
Car -1 -1 1.5696 440.6203 160.9138 472.0388 190.4242 1.5489 1.6203 3.8452 -8.4741 0.9222 39.9206 1.3615 0.0786
Car -1 -1 3.9599 0.0000 215.7425 245.8761 350.8184 1.4726 1.6212 3.9677 -7.2466 2.1247 9.7917 3.3354 0.0672
Car -1 -1 1.7852 319.4310 188.9361 366.3838 218.9440 1.4943 1.6312 4.0089 -14.8153 2.4386 40.2735 1.4344 0.0658
Car -1 -1 1.7198 497.5852 176.0921 529.0089 198.9884 1.4908 1.5813 3.8169 -6.5554 1.7213 49.4455 1.5883 0.0634
Car -1 -1 4.6083 586.1635 186.7006 629.0732 222.7378 1.4556 1.5595 3.5511 -0.1372 2.1131 32.4146 4.6033 0.0631
Car -1 -1 1.6532 625.8590 181.9169 659.1843 210.5675 1.5908 1.6751 4.1542 2.0369 2.1656 43.6003 1.6989 0.0619
Car -1 -1 1.9911 0.0000 218.8661 241.1437 373.0046 1.4670 1.5991 3.5883 -6.5375 2.2187 9.8928 1.4190 0.0610
Car -1 -1 1.2487 583.4544 181.2475 648.7382 219.8555 1.4652 1.5764 3.9382 0.2020 1.8437 30.4195 1.2546 0.0582
Car -1 -1 4.3583 492.6478 185.5110 555.2956 221.9683 1.4984 1.6432 3.7844 -3.9882 2.1159 33.1428 4.2388 0.0581
Car -1 -1 3.0954 474.0031 183.0716 580.6230 218.0672 1.4149 1.6739 4.4408 -3.5512 1.8712 31.0411 2.9818 0.0536
Car -1 -1 1.2850 462.5665 199.5310 558.1675 259.3998 1.4787 1.7775 4.2127 -3.1469 2.3819 22.1438 1.1445 0.0533
Car -1 -1 0.6735 279.6659 196.5444 366.9537 226.4842 1.4927 1.6926 4.3670 -15.7468 2.8444 39.7179 0.2979 0.0530
Car -1 -1 1.4843 465.4379 200.1531 525.4637 250.2792 1.4191 1.7003 3.9778 -4.0077 2.4415 24.8887 1.3255 0.0528
Car -1 -1 1.4561 644.0332 180.0803 679.0729 208.7968 1.6159 1.6580 4.0258 3.0997 2.0739 43.6809 1.5259 0.0521
Car -1 -1 4.8463 336.5461 174.7269 376.5567 203.5858 1.5030 1.6006 3.6305 -13.8907 1.6112 39.7672 4.5120 0.0516
Car -1 -1 1.7536 306.9505 190.7008 370.9099 233.8117 1.4475 1.6119 3.9853 -10.4337 2.1937 28.0661 1.4003 0.0503