Car -1 -1 4.7141 581.8027 181.7375 650.2109 240.7388 1.4353 1.7187 3.7527 0.1798 1.7048 20.0051 4.7221 0.9466
Car -1 -1 1.2920 625.7653 182.0597 658.0373 202.3728 1.4694 1.5511 3.6448 2.4708 2.2077 55.9169 1.3354 0.2000
Car -1 -1 4.8947 632.3190 174.3932 659.3329 194.5733 1.6291 1.6092 3.7666 3.0755 1.7626 60.5749 4.9448 0.1971
Car -1 -1 1.1791 615.0192 185.0825 663.4272 211.3769 1.4801 1.6581 3.8042 1.7839 2.2713 44.6139 1.2182 0.1185
Car -1 -1 0.1801 586.3656 186.3306 655.0466 212.1460 1.4689 1.7361 3.8991 0.6956 2.3056 43.5694 0.1953 0.1070
Car -1 -1 1.9667 635.3779 178.0813 677.1283 199.3710 1.5495 1.6902 4.3366 3.6675 1.9718 55.9714 2.0313 0.0934
Car -1 -1 2.7588 638.3672 185.8858 707.3987 211.9764 1.4739 1.6826 3.7891 3.8036 2.2836 43.4760 2.8449 0.0711
Car -1 -1 0.3814 603.4213 183.2933 656.7224 204.0485 1.4903 1.6212 3.7083 1.5576 2.3044 54.7821 0.4092 0.0681
Car -1 -1 1.9731 634.4920 185.3672 682.6981 211.5222 1.4665 1.6111 3.7853 3.0665 2.2733 44.4716 2.0409 0.0673
Car -1 -1 1.1818 639.7090 179.4219 692.3870 207.6330 1.4861 1.6251 3.9020 3.1587 1.8793 41.0955 1.2574 0.0652
Car -1 -1 1.9085 613.9479 186.2931 661.1238 213.1504 1.4496 1.6954 3.6406 1.7107 2.2870 42.9551 1.9474 0.0606
Car -1 -1 2.4721 639.6381 181.6672 690.4684 202.4146 1.4836 1.6112 3.6261 4.2198 2.1724 54.7074 2.5482 0.0591
Car -1 -1 1.5600 631.7851 180.2468 661.3109 208.6747 1.4955 1.5947 3.9015 2.0754 1.9355 40.9668 1.6097 0.0571
Car -1 -1 1.4588 639.4371 186.6934 674.1731 212.8519 1.4361 1.6943 3.4760 2.7925 2.3002 43.2705 1.5222 0.0536