Car -1 -1 1.6419 1148.5873 181.4998 1198.9757 214.6635 1.4757 1.6646 4.2217 27.6734 1.9247 35.3439 2.3016 0.5294
Car -1 -1 -1.3951 1146.4017 200.0718 1242.0000 272.7062 1.3664 1.5900 3.6682 13.9074 2.0650 16.7207 -0.7107 0.3517
Car -1 -1 1.9858 1179.6943 174.8815 1242.0000 235.1584 1.4004 1.5547 3.8261 16.5044 1.4563 18.3722 2.7093 0.3496
Car -1 -1 1.5780 1149.1381 179.8785 1195.7970 215.4950 1.5404 1.6610 4.2337 26.7053 1.8950 34.2438 2.2358 0.1351
Car -1 -1 0.6137 1166.1387 176.4518 1242.0000 244.1429 1.4359 1.5876 3.5958 15.8465 1.5325 17.4416 1.3425 0.0874
Car -1 -1 1.4516 1160.7869 184.4902 1226.1797 224.0374 1.4956 1.6592 4.1482 24.8112 2.0275 30.7816 2.1248 0.0836
Car -1 -1 1.5387 1156.0880 192.7164 1242.0000 275.8228 1.4649 1.6409 3.9699 12.9941 1.9568 15.7905 2.2173 0.0760
Car -1 -1 1.4343 1150.9882 177.2580 1216.6302 217.8112 1.6904 1.7372 4.3589 26.0791 1.9054 32.9007 2.0997 0.0715
Car -1 -1 1.3955 1126.9640 169.4760 1167.6135 193.2356 1.5173 1.4900 3.9880 35.8570 1.3015 48.1938 2.0320 0.0650
Car -1 -1 4.7141 1054.4191 191.5253 1138.6111 258.6146 1.3893 1.6020 4.0195 12.2625 1.9160 18.2377 5.2978 0.0622
Car -1 -1 2.3968 1206.8468 168.8418 1242.0000 232.3941 1.4671 1.6229 4.0924 17.2386 1.3745 17.5168 3.1656 0.0543
Car -1 -1 2.4845 1208.8319 175.9437 1242.0000 251.7572 1.5091 1.6189 4.1269 15.7076 1.5800 15.5085 3.2664 0.0542
Car -1 -1 -0.7516 1183.8385 176.7381 1242.0000 245.1716 1.4804 1.6355 4.1673 15.8953 1.5738 16.5304 0.0049 0.0510
Car -1 -1 1.2305 1152.1368 164.0501 1208.6934 189.2237 1.6379 1.6462 4.3827 38.9019 1.0651 49.2862 1.8956 0.0506