Car -1 -1 4.7063 593.6918 179.0944 619.5724 203.7578 1.5514 1.6621 3.7090 -0.2081 1.9843 48.1921 4.7015 0.7525
Car -1 -1 2.0869 132.9545 175.4868 265.8920 242.7175 1.9685 1.7134 4.5697 -13.2049 2.0630 23.5998 1.5812 0.6436
Car -1 -1 1.6989 402.1588 185.4417 428.1439 203.2209 1.5493 1.8479 4.1758 -18.3288 2.7769 68.1732 1.4368 0.5301
Car -1 -1 1.8974 376.6107 181.5075 423.9528 208.5957 1.4621 1.5471 3.6584 -12.1231 1.9882 42.0002 1.6177 0.4056
Car -1 -1 5.2603 113.8097 191.4067 272.3281 264.4743 1.5616 1.6438 3.9818 -10.4453 2.0884 18.4682 4.7514 0.2138
Car -1 -1 3.9323 207.0988 174.4081 272.8225 198.7207 1.5502 1.6413 3.8284 -24.3551 1.6556 47.5624 3.4611 0.1398
Car -1 -1 4.8324 205.1412 186.0142 265.3928 230.9510 1.5323 1.6258 3.4640 -14.2516 2.0710 27.6268 4.3597 0.1362
Car -1 -1 1.8985 395.9064 179.6680 444.0739 206.9689 1.4778 1.5738 3.7626 -10.9622 1.8923 41.9555 1.6441 0.1309
Car -1 -1 1.4274 254.8727 172.5948 287.7709 195.4561 1.6157 1.6419 4.0082 -24.9295 1.5974 53.1206 0.9903 0.1028
Car -1 -1 1.6415 590.3596 174.4461 621.8366 203.2495 1.7255 1.6914 4.2849 -0.1736 1.8311 45.6610 1.6372 0.1007
Car -1 -1 4.4260 83.3098 171.1418 143.7750 200.3182 1.5120 1.6384 4.0797 -27.0563 1.4233 39.3179 3.8263 0.0987
Car -1 -1 5.1151 131.8149 168.7521 195.8870 197.6272 1.5310 1.6478 3.8654 -24.7977 1.3135 40.2900 4.5662 0.0882
Car -1 -1 5.1634 234.7668 174.5114 286.4136 198.2635 1.5222 1.6186 3.7950 -23.3432 1.6377 48.4052 4.7159 0.0865
Car -1 -1 1.7777 208.6682 199.9879 278.2467 243.8866 1.4813 1.7117 3.9075 -14.6429 2.6534 29.0595 1.3142 0.0850
Car -1 -1 1.0572 602.7084 176.4177 657.3319 202.8172 1.4980 1.6157 3.8384 1.1858 1.7235 43.5773 1.0838 0.0850
Car -1 -1 0.3850 252.3780 198.2075 368.5754 235.8560 1.4616 1.7295 4.1237 -12.3889 2.5484 30.0577 -0.0033 0.0816
Car -1 -1 2.3123 212.8669 171.9587 280.4003 199.1950 1.6708 1.6573 3.9229 -23.2490 1.6159 46.3759 1.8497 0.0789
Car -1 -1 1.6605 79.9718 199.0825 141.3702 242.5679 1.4707 1.6662 3.9651 -20.0420 2.6068 29.1180 1.0617 0.0780
Car -1 -1 1.6860 645.7332 178.1963 677.9364 203.2589 1.4747 1.5697 4.0623 3.3385 1.8275 45.5104 1.7582 0.0757
Car -1 -1 1.1355 264.2070 192.6746 354.1464 235.1250 1.4755 1.7059 4.2807 -12.1624 2.3316 29.0922 0.7423 0.0726
Car -1 -1 1.6404 74.3382 200.6326 138.0147 247.3840 1.4482 1.6584 3.8369 -18.6677 2.5633 26.8890 1.0380 0.0725
Car -1 -1 1.6254 590.6226 175.9566 621.8973 203.8294 1.5806 1.6644 3.9831 -0.1563 1.7759 43.3992 1.6213 0.0715
Car -1 -1 1.4169 198.6870 199.0668 260.3269 239.7807 1.4303 1.7042 3.9037 -15.8981 2.5991 30.0967 0.9342 0.0704
Car -1 -1 -0.0368 619.7690 171.4246 664.5188 187.2366 1.4898 1.6546 4.2048 3.0819 1.3551 68.8237 0.0075 0.0696
Car -1 -1 1.3493 597.7474 174.6539 638.1155 202.9862 1.6588 1.6560 3.9860 0.4683 1.7754 44.6368 1.3592 0.0647
Car -1 -1 3.2639 361.5631 181.0084 436.3294 207.8166 1.4950 1.5550 4.0138 -12.1987 1.9818 41.9843 2.9824 0.0641
Car -1 -1 0.6068 182.5165 200.5498 294.9641 239.9489 1.4734 1.7048 3.8224 -15.1879 2.6536 29.6411 0.1366 0.0620
Car -1 -1 1.5890 126.7421 199.4489 178.1300 241.5939 1.4712 1.7068 4.0309 -18.9904 2.6601 30.0887 1.0297 0.0587
Car -1 -1 1.5474 248.2524 198.0565 294.3630 237.9843 1.4486 1.6950 3.9914 -14.6030 2.6096 31.0751 1.1110 0.0582
Car -1 -1 5.2492 258.8677 196.3593 347.8989 235.5615 1.4474 1.7044 4.0653 -13.1778 2.5375 31.3301 4.8537 0.0580
Car -1 -1 5.4500 57.7766 183.8100 242.0337 255.2184 1.5337 1.6504 3.9897 -11.4006 1.8430 18.2584 4.8981 0.0575
Car -1 -1 1.8248 392.0225 182.4750 433.7049 208.6600 1.4959 1.5460 3.9126 -12.1088 2.1171 44.6268 1.5609 0.0547
Car -1 -1 1.8151 401.7072 184.6941 430.8001 205.5252 1.7932 1.6136 4.2445 -17.8191 2.9223 66.6727 1.5545 0.0532
Car -1 -1 0.3717 93.6041 202.2956 276.5150 263.4921 1.4867 1.6322 3.9813 -11.4460 2.3352 19.6929 -0.1493 0.0501