Car -1 -1 4.6284 678.9343 183.9867 746.9300 241.9031 1.4409 1.5914 3.6075 2.8504 1.7857 20.5016 4.7637 0.9664
Car -1 -1 4.3143 776.7584 181.4220 1133.1357 375.0000 1.4900 1.5505 3.5499 2.7754 1.5909 6.7046 4.6901 0.9587
Car -1 -1 0.3332 295.4384 185.8869 469.3969 249.4850 1.4861 1.5189 3.8601 -5.5920 1.8267 18.0277 0.0359 0.9359
Car -1 -1 -0.1763 728.8212 177.1239 847.6777 224.6491 1.6085 1.6437 3.8469 6.2442 1.7651 25.5249 0.0603 0.8836
Car -1 -1 3.6429 0.0000 156.4588 293.4337 272.2819 1.5105 1.6519 3.6863 -6.7349 1.2967 10.3522 3.0776 0.8816
Car -1 -1 0.4164 236.4678 192.4624 432.5327 265.0562 1.4587 1.5678 3.7166 -5.9633 1.9147 15.8809 0.0620 0.8793
Car -1 -1 0.6755 0.0000 190.2435 280.8497 351.7148 1.5732 1.6114 3.8779 -6.0052 1.7912 8.1369 0.0549 0.8723
Car -1 -1 0.3510 338.7840 172.9635 488.2182 223.8537 1.5413 1.5903 4.2794 -6.1449 1.5449 22.8428 0.0906 0.7354
Car -1 -1 3.6447 89.2121 188.7158 342.3633 279.2454 1.4918 1.6166 3.6981 -6.9757 1.7968 13.0302 3.1612 0.6971
Car -1 -1 4.0792 0.0000 226.6463 169.9390 375.0000 1.4247 1.6014 4.0546 -5.8535 1.9280 5.6420 3.2990 0.6624
Car -1 -1 3.5574 352.3977 176.5277 477.5613 218.3516 1.4185 1.5557 4.0269 -6.9025 1.5550 25.7421 3.2976 0.6144
Car -1 -1 4.7435 539.2578 174.9391 559.4672 193.3686 1.5524 1.6398 4.0688 -5.2537 1.7413 63.3200 4.6607 0.5448
Car -1 -1 1.4893 632.2441 180.8143 659.9778 201.9685 1.4819 1.7423 4.1831 2.7091 2.1039 54.2601 1.5385 0.5386
Car -1 -1 0.1987 428.1896 162.8677 518.5365 192.0220 1.4750 1.6243 4.3587 -7.0007 0.9697 37.3469 0.0144 0.5249
Car -1 -1 0.3698 305.4362 180.8369 464.7166 236.9755 1.5091 1.5218 4.0593 -6.3306 1.7466 20.5637 0.0743 0.5237
Car -1 -1 -0.3076 678.7391 176.1288 756.8071 204.2915 1.4609 1.6133 3.8416 5.7913 1.6420 38.7905 -0.1610 0.3961
Car -1 -1 1.5350 457.2938 175.3425 499.9265 215.0746 1.4555 1.5299 4.0761 -5.2910 1.5625 28.8565 1.3548 0.3658
Car -1 -1 3.3564 382.6772 183.7471 500.5197 222.7176 1.4313 1.5367 4.1773 -6.3908 1.8619 27.7310 3.1314 0.3575
Car -1 -1 3.4280 409.6457 179.6958 507.5343 215.4536 1.4489 1.5828 3.7605 -6.3473 1.7474 30.5415 3.2243 0.3331
Car -1 -1 1.1774 678.6721 179.4008 734.7960 209.3296 1.4221 1.5164 3.8041 4.9474 1.7782 37.2091 1.3080 0.2817
Car -1 -1 1.5812 963.1998 172.0324 989.3838 193.8766 1.4900 1.6042 4.1453 26.1503 1.4340 51.4269 2.0490 0.2722
Car -1 -1 3.2414 488.5496 176.1203 551.0275 199.7289 1.5542 1.5998 4.0340 -6.0077 1.7780 48.5812 3.1186 0.2510
Car -1 -1 4.7389 519.3132 175.6764 544.1860 199.3589 1.5516 1.6004 3.7460 -5.3224 1.7534 49.6635 4.6323 0.2381
Car -1 -1 4.1810 949.0366 173.6843 1242.0000 319.4334 1.5457 1.7672 4.5085 6.5628 1.5598 9.9633 4.7492 0.2248
Car -1 -1 4.8752 530.3126 177.8392 559.5941 199.9771 1.5260 1.5545 3.5929 -4.6582 1.9009 52.4171 4.7866 0.2199
Car -1 -1 1.7530 239.7131 156.2417 285.6439 186.6603 1.5577 1.5871 3.6370 -18.6444 0.7070 38.9116 1.3087 0.2097
Car -1 -1 4.4673 560.1738 173.6744 590.2836 193.4341 1.5213 1.5413 3.7456 -2.7797 1.5892 57.7334 4.4190 0.2071
Car -1 -1 1.6229 363.9710 163.0666 392.7174 187.3334 1.5539 1.6257 3.8277 -15.4243 0.9272 48.2616 1.3150 0.1974
Car -1 -1 3.3816 426.4989 179.1926 517.4149 210.3330 1.4458 1.6158 4.0360 -6.5902 1.7594 34.7871 3.1953 0.1973
Car -1 -1 -0.1408 679.0146 171.5927 749.6077 197.6835 1.4543 1.5685 3.7851 5.9146 1.3840 41.0048 0.0010 0.1891
Car -1 -1 1.2431 484.4310 175.1386 526.9172 200.1913 1.5707 1.6206 3.8680 -6.9091 1.7284 47.7105 1.0997 0.1543
Car -1 -1 1.9345 682.7563 176.2971 754.6766 217.3331 1.5721 1.6322 4.0729 4.6345 1.7265 30.1825 2.0848 0.1493
Car -1 -1 4.8795 701.1419 175.3627 751.2169 211.1156 1.4886 1.6101 3.8039 5.2886 1.6084 32.3901 5.0394 0.1412
Car -1 -1 3.9006 81.4952 159.0730 174.1305 187.5582 1.4873 1.6113 4.1949 -25.8985 0.7678 38.8310 3.3155 0.1397
Car -1 -1 2.7361 624.9006 181.0379 681.1179 202.3908 1.5033 1.6141 3.8167 3.2042 2.1236 53.2823 2.7953 0.1386
Car -1 -1 1.5252 490.7257 162.7022 510.9525 182.7435 1.8410 1.7084 4.2254 -10.3512 0.9085 68.5200 1.3756 0.1329
Car -1 -1 4.8646 86.1299 150.6046 148.9870 191.3113 1.5865 1.6292 3.5238 -20.4141 0.7194 30.0621 4.2721 0.1263
Car -1 -1 4.7376 211.2222 148.9971 257.6784 188.2809 1.5230 1.6017 3.6097 -15.5048 0.5981 29.9463 4.2634 0.1148
Car -1 -1 3.9521 167.4842 152.5712 252.3566 183.8716 1.6013 1.6597 3.9824 -21.2059 0.5636 38.3066 3.4494 0.1114
Car -1 -1 1.0952 894.0569 167.3158 1117.9388 272.8400 1.5431 1.6691 4.0502 6.5973 1.4621 12.5785 1.5681 0.1098
Car -1 -1 4.5556 918.2995 179.2647 962.1578 208.9646 1.4584 1.5435 3.6738 17.4738 1.8159 38.2599 4.9806 0.1005
Car -1 -1 4.6462 682.4885 172.9922 716.3684 200.7918 1.4673 1.6102 3.7753 4.9407 1.4753 40.0312 4.7677 0.0994
Car -1 -1 3.8187 329.6001 165.3522 395.3047 189.4971 1.5354 1.6381 3.9163 -16.2017 1.0583 47.3213 3.4904 0.0981
Car -1 -1 0.3515 0.0000 159.2956 93.1050 188.9178 1.5528 1.6120 3.9245 -30.6497 0.8421 39.1869 -0.3090 0.0962
Car -1 -1 5.1489 0.0000 153.2301 74.7309 190.6330 1.5851 1.6676 3.8555 -26.0969 0.7535 32.6474 4.4785 0.0916
Car -1 -1 1.3150 654.8234 185.8032 693.5443 210.0037 1.4880 1.6375 4.0052 4.3157 2.4005 48.7356 1.4022 0.0898
Car -1 -1 1.3644 671.9156 179.1377 713.5641 207.5674 1.4304 1.5704 3.3185 4.4266 1.7833 38.7926 1.4767 0.0887
Car -1 -1 1.7074 491.2405 178.3727 530.4926 207.7221 1.4608 1.5730 3.7455 -5.2142 1.7696 38.4930 1.5733 0.0886
Car -1 -1 4.5884 409.4441 163.7582 437.4359 185.4491 1.7074 1.7257 4.0933 -15.2539 0.9914 59.0162 4.3364 0.0870
Car -1 -1 -0.3549 661.4867 176.3533 758.8762 212.4942 1.5053 1.6444 3.8828 4.3690 1.6640 31.5133 -0.2190 0.0863
Car -1 -1 4.5523 801.8404 165.1406 830.1345 185.1259 1.5489 1.5976 3.7465 16.5190 0.9511 57.8734 4.8288 0.0835
Car -1 -1 0.9508 1018.1338 181.0104 1242.0000 368.2459 1.5181 1.6092 4.1357 6.5170 1.6337 8.1294 1.6083 0.0828
Car -1 -1 3.7617 52.4595 150.4758 176.2736 189.3245 1.5385 1.6226 3.9653 -20.1345 0.6523 29.4330 3.1659 0.0814
Car -1 -1 1.5500 978.3451 180.1917 1007.7104 207.4251 1.5586 1.5031 3.7655 23.5568 2.0306 44.4020 2.0346 0.0812
Car -1 -1 4.5054 691.5328 169.7673 732.1790 196.7838 1.5059 1.6007 3.7762 5.9253 1.3338 42.1566 4.6437 0.0804
Car -1 -1 3.6443 176.8745 152.9805 277.3326 183.7998 1.5739 1.6552 4.3880 -19.9384 0.5590 37.7187 3.1609 0.0796
Car -1 -1 1.6269 507.6212 175.9070 535.0391 200.0031 1.5393 1.6068 4.0780 -5.9163 1.7542 48.7073 1.5063 0.0783
Car -1 -1 1.5238 634.6045 180.0843 659.7078 202.7904 1.5495 1.6302 4.1241 2.7059 2.0975 52.6190 1.5744 0.0735
Car -1 -1 1.4777 697.1432 178.5938 734.1733 207.8431 1.4345 1.5628 4.0216 5.5702 1.7550 38.2380 1.6207 0.0735
Car -1 -1 1.6779 420.8987 161.8303 445.3161 182.2826 1.7852 1.6801 4.3895 -15.9217 0.8230 65.2645 1.4394 0.0721
Car -1 -1 5.1007 159.2957 157.3451 229.1187 193.4163 1.5952 1.6108 3.5016 -19.3381 0.9093 33.7483 4.5836 0.0709
Car -1 -1 1.1925 714.5044 176.9449 787.8587 216.3449 1.5202 1.6734 3.9493 5.8707 1.7042 30.3713 1.3810 0.0709
Car -1 -1 1.3146 658.6902 183.6059 692.6280 204.5330 1.4726 1.6540 3.8018 4.9840 2.3199 54.8512 1.4042 0.0707
Car -1 -1 4.8956 470.9844 177.6183 518.5223 209.5041 1.4681 1.6257 3.9738 -5.6364 1.7179 35.8301 4.7403 0.0707
Car -1 -1 1.6210 964.2634 170.6906 994.3169 193.8234 1.5179 1.6356 4.2758 25.4491 1.3759 49.6057 2.0923 0.0704
Car -1 -1 4.3408 479.0767 166.3310 514.9018 186.2142 1.7057 1.6901 4.3354 -10.0514 1.1461 64.1958 4.1859 0.0696