Car -1 -1 4.4628 848.5179 166.7027 1033.2164 286.5288 1.6614 1.7227 4.3720 5.3523 1.5761 12.2951 4.8638 0.9576
Car -1 -1 1.6767 582.8946 183.2773 662.4728 253.2636 1.5138 1.6135 3.4504 0.4154 1.7995 17.9614 1.6984 0.9455
Car -1 -1 4.8115 654.0160 176.3581 696.4285 208.8998 1.4503 1.6362 4.1260 3.2227 1.6300 34.8080 4.9025 0.9073
Car -1 -1 4.6143 763.7126 164.6237 810.0714 203.4584 1.7280 1.7384 3.9516 8.3343 1.3618 34.1825 4.8511 0.8422
Car -1 -1 1.4248 749.7258 173.3589 786.7176 199.9762 1.5556 1.6196 4.1833 9.7063 1.5881 44.3904 1.6382 0.2922
Car -1 -1 4.8083 595.3090 178.2527 630.0944 206.0291 1.4645 1.6082 3.7911 0.2211 1.7842 40.7731 4.8132 0.1646
Car -1 -1 1.4082 684.6721 171.5396 709.3342 187.6555 1.4691 1.6358 4.2346 8.1962 1.3493 67.9237 1.5275 0.0996
Car -1 -1 1.4071 711.0039 181.3752 741.1279 202.8739 1.4904 1.6182 3.6382 8.5669 2.1413 53.2904 1.5651 0.0973
Car -1 -1 1.4856 654.0673 190.4684 707.9370 235.6742 1.4313 1.6125 3.8947 2.5333 2.1216 26.3222 1.5796 0.0874
Car -1 -1 3.0087 804.0412 179.2833 894.8865 209.7517 1.4891 1.6604 4.2295 12.2174 1.8292 36.9728 3.3250 0.0794
Car -1 -1 1.5673 625.4263 188.5862 672.3550 233.3967 1.4425 1.5986 3.7655 1.4329 2.0621 26.4950 1.6199 0.0765
Car -1 -1 4.9073 616.7095 170.2939 651.0247 193.3206 1.4988 1.5831 4.0275 1.6967 1.3322 49.1060 4.9412 0.0662
Car -1 -1 -0.0450 754.8447 175.7903 819.8611 201.5561 1.4778 1.5486 3.6699 10.4836 1.6563 42.7490 0.1935 0.0632
Car -1 -1 4.4692 842.0372 172.3741 906.7082 212.4226 1.5816 1.6759 3.8102 11.0962 1.5626 30.4758 4.8148 0.0600
Car -1 -1 4.6231 640.5294 173.4554 661.5140 190.8793 1.5063 1.5220 3.9633 3.6792 1.5618 64.5213 4.6794 0.0599
Car -1 -1 4.9322 752.7119 171.1053 806.8915 205.8813 1.6046 1.6912 4.3876 8.4683 1.5239 35.6355 5.1632 0.0576
Car -1 -1 2.5507 648.7603 171.6402 710.3668 194.9972 1.5503 1.6384 3.9729 4.8174 1.4697 49.5549 2.6467 0.0560
Car -1 -1 1.4496 725.6679 175.2695 760.8297 200.2222 1.4488 1.6111 4.3254 8.1963 1.6052 44.5268 1.6300 0.0558
Car -1 -1 4.1266 615.1506 176.7019 656.3770 194.1695 1.4808 1.6675 4.1254 2.2985 1.8356 64.3300 4.1617 0.0538
Car -1 -1 -0.0998 587.2921 176.5996 658.2698 204.7534 1.5204 1.6236 3.8081 0.7044 1.7340 40.1881 -0.0829 0.0525
Car -1 -1 4.8005 753.6013 187.5219 869.0910 293.7881 1.4950 1.6371 3.9824 3.7326 1.8009 12.8971 5.0750 0.0521
Car -1 -1 1.5032 799.4673 164.3032 831.7676 191.5091 1.6005 1.6366 4.0804 12.6917 1.0974 44.6114 1.7784 0.0501