Car -1 -1 1.9710 159.6460 191.4833 401.4908 323.4865 1.4705 1.6656 4.1685 -4.5389 1.8012 10.7184 1.5786 0.9739
Car -1 -1 2.1583 0.0000 205.5055 251.3170 375.0000 1.4086 1.5167 3.4752 -4.6278 1.7671 6.1587 1.5341 0.9688
Car -1 -1 4.4840 747.5714 165.6055 891.4394 262.4074 1.6757 1.7341 4.7459 4.0936 1.5503 14.8915 4.7463 0.9577
Car -1 -1 4.5745 725.8682 178.9195 802.2228 234.7800 1.4572 1.6289 4.1291 4.4687 1.6548 21.3933 4.7769 0.9234
Car -1 -1 1.7308 523.3581 173.3407 567.6161 203.9846 1.4973 1.6350 4.1969 -3.2656 1.5240 37.4766 1.6440 0.8917
Car -1 -1 4.5280 706.1373 173.4818 768.4465 219.2229 1.5950 1.6346 3.6940 4.7130 1.6202 27.0703 4.6979 0.7643
Car -1 -1 4.5966 699.0942 172.8829 746.4161 207.5620 1.4519 1.6304 3.9160 4.9862 1.4533 32.1985 4.7483 0.7193
Car -1 -1 4.6232 587.2710 173.6602 608.8805 190.7397 1.4750 1.5892 3.8939 -1.0547 1.5494 64.5242 4.6066 0.3109
Car -1 -1 4.5348 690.3225 169.9697 732.0095 198.5326 1.4198 1.5164 3.7241 5.2640 1.2764 37.7567 4.6719 0.1848
Car -1 -1 3.4994 512.3301 166.1223 563.7419 183.7947 1.4807 1.6057 4.0743 -6.1123 0.9167 61.7529 3.4009 0.1592
Car -1 -1 4.7741 674.6591 186.1517 764.8146 275.4574 1.5699 1.6537 3.9913 2.4690 1.8938 15.4440 4.9284 0.1167
Car -1 -1 4.7463 519.4124 167.9021 542.8414 190.1548 1.6391 1.6452 3.9498 -5.9649 1.2743 55.1770 4.6388 0.1010
Car -1 -1 4.5094 664.2374 169.9353 708.9715 198.6831 1.4257 1.5660 3.9052 3.9789 1.2810 37.8046 4.6131 0.0985
Car -1 -1 4.9664 507.5205 175.0597 543.7957 197.2626 1.5058 1.5718 4.1717 -5.9440 1.6700 51.5400 4.8518 0.0940
Car -1 -1 4.7251 524.8328 165.2435 544.6599 184.6483 1.6327 1.6615 4.1543 -6.4878 0.9924 62.8521 4.6225 0.0747
Car -1 -1 4.9638 833.6451 159.0080 899.1932 199.4828 1.5219 1.6089 3.7899 10.4289 1.0013 29.1520 5.3039 0.0626
Car -1 -1 4.0855 40.9981 186.7169 250.8106 265.9199 1.4449 1.6254 4.1332 -9.7806 1.7665 15.2177 3.5219 0.0621
Car -1 -1 1.8064 513.4514 174.1833 565.6432 209.5046 1.6384 1.6635 4.0673 -3.4012 1.7082 35.7598 1.7118 0.0589
Car -1 -1 4.6416 678.7512 185.0037 743.5303 243.3319 1.5085 1.6107 4.0211 2.9450 1.9064 21.5740 4.7746 0.0577
Car -1 -1 2.1090 135.9759 180.5070 309.6429 256.8055 1.4561 1.6000 3.9332 -8.4467 1.6492 16.1879 1.6344 0.0539
Car -1 -1 4.8502 539.1962 173.5644 576.6901 201.7688 1.5007 1.5760 3.8769 -2.8468 1.5425 40.4786 4.7800 0.0528
Car -1 -1 -0.1977 692.6748 168.5483 776.7598 198.3663 1.4809 1.6328 3.9691 6.3232 1.2671 36.7082 -0.0289 0.0516
Car -1 -1 0.6982 712.1245 171.9081 760.5275 189.1382 1.5395 1.7043 4.3173 11.6762 1.4550 66.6698 0.8706 0.0516