Car -1 -1 4.9413 540.7575 180.8002 668.8860 271.0224 1.4300 1.6140 3.7315 0.0542 1.6039 13.7899 4.9440 0.9717
Car -1 -1 2.0471 215.7686 180.0576 564.0711 375.0000 1.5087 1.5859 3.7182 -1.7581 1.5990 7.0586 1.8102 0.9569
Car -1 -1 4.4060 910.2711 197.9446 1242.0000 375.0000 1.3814 1.4821 3.1476 3.4659 1.6384 5.6943 4.9289 0.9402
Car -1 -1 4.5935 833.5372 182.7157 906.0814 239.9716 1.4132 1.5244 2.9550 7.1223 1.7081 19.9704 4.9307 0.8498
Car -1 -1 1.7503 691.9484 172.1378 741.8824 207.1360 1.4937 1.5986 3.7874 4.9400 1.4631 32.8443 1.8978 0.7493
Car -1 -1 3.4220 541.1210 171.0589 654.0526 209.5697 1.4101 1.5144 4.0719 -0.4437 1.3444 27.6820 3.4056 0.6871
Car -1 -1 5.7615 0.0000 124.9464 283.4295 375.0000 1.5132 1.6187 3.8113 -3.0497 1.4864 2.4352 4.9173 0.5785
Car -1 -1 4.8455 718.2585 174.3078 755.6799 201.3929 1.4379 1.5690 3.9445 7.2205 1.5240 40.6491 5.0196 0.5384
Car -1 -1 4.1334 751.5905 164.4437 798.7286 187.3412 1.6459 1.6483 3.7420 12.3237 1.0413 53.9044 4.3567 0.4685
Car -1 -1 4.6510 809.1508 174.6267 834.7544 194.2503 1.4532 1.6525 4.0084 16.4333 1.5959 55.9558 4.9349 0.4427
Car -1 -1 4.6755 834.8826 179.8739 889.6398 228.3065 1.4734 1.5959 3.6591 8.5080 1.7312 24.5075 5.0053 0.3986
Car -1 -1 4.5892 681.5038 159.8891 709.0267 181.3767 1.6094 1.6493 3.8975 6.6142 0.6383 55.9956 4.7060 0.2585
Car -1 -1 4.6558 632.1957 167.2850 657.0381 190.6251 1.7456 1.6912 4.1305 2.6872 1.3291 56.0358 4.7031 0.2388
Car -1 -1 4.6480 730.4153 180.8063 757.9277 203.8569 1.5010 1.6401 3.7234 9.3421 2.0766 50.2736 4.8302 0.2077
Car -1 -1 4.5382 848.8408 171.4407 880.5886 192.7614 1.5071 1.5604 3.7600 18.6935 1.4072 52.9854 4.8753 0.1793
Car -1 -1 4.3098 1095.5857 195.9546 1242.0000 371.4797 1.4369 1.6400 3.9193 7.4194 1.7792 8.5760 5.0053 0.1775
Car -1 -1 4.1445 0.0000 183.0246 267.3003 375.0000 1.4632 1.6272 4.2047 -4.1510 1.5319 3.6768 3.3344 0.1761
Car -1 -1 1.3269 863.9293 167.4765 918.3747 198.6480 1.4259 1.5544 3.8787 13.5936 1.1799 35.0267 1.6939 0.1400
Car -1 -1 1.0554 1147.8693 200.0511 1242.0000 375.0000 1.4717 1.6201 4.0362 6.9310 1.8084 6.7749 1.8297 0.1045
Car -1 -1 3.2247 652.1472 162.3611 718.2982 187.8569 1.5302 1.6177 3.9344 4.6826 0.9004 44.4662 3.3287 0.0985
Car -1 -1 1.6701 806.0056 171.8940 835.2175 196.0222 1.6980 1.6627 4.1391 15.5373 1.6304 53.0071 1.9534 0.0954
Car -1 -1 4.8152 651.9921 166.6429 683.0482 192.5841 1.5755 1.5910 3.7272 3.7152 1.1982 45.7974 4.8953 0.0954
Car -1 -1 4.6494 691.0328 159.2048 716.6424 180.9397 1.5920 1.6826 3.9049 7.1319 0.5923 54.8543 4.7779 0.0948
Car -1 -1 -0.8780 751.2741 180.2378 806.3757 203.0794 1.4661 1.6519 3.7481 11.5740 1.9885 49.2599 -0.6490 0.0828
Car -1 -1 1.4265 846.8619 171.6412 878.0110 193.1485 1.4836 1.5601 3.8752 18.1186 1.4000 51.8242 1.7608 0.0813
Car -1 -1 -0.1974 826.0711 177.4937 970.7163 227.0923 1.5025 1.6302 4.0756 9.1832 1.6593 23.2300 0.1741 0.0768
Car -1 -1 4.7087 688.3911 161.2481 716.2728 187.3777 1.5680 1.6634 4.0191 5.8246 0.8715 45.3943 4.8353 0.0748
Car -1 -1 1.5019 807.2863 173.6335 834.0482 194.8395 1.5318 1.6501 4.1094 15.8947 1.5930 54.4644 1.7841 0.0748
Car -1 -1 3.0119 679.5269 159.6014 731.9555 180.3495 1.5491 1.6581 3.7555 7.2619 0.5596 54.7043 3.1430 0.0734
Car -1 -1 3.6648 698.4109 181.6276 760.0058 204.8370 1.4824 1.6553 3.8414 8.1580 2.1049 49.3442 3.8271 0.0691
Car -1 -1 5.2100 0.0000 0.0000 497.3818 375.0000 1.5230 1.5861 3.8298 -1.3847 1.4459 2.1532 4.6898 0.0690
Car -1 -1 1.9545 620.4712 169.7648 684.7433 204.9912 1.5289 1.6091 3.9513 2.0595 1.3948 33.4464 2.0150 0.0687
Car -1 -1 1.2750 619.6046 168.2944 656.6065 189.9759 1.5861 1.6814 4.1334 2.1301 1.2525 54.9966 1.3132 0.0666
Car -1 -1 -0.7149 883.2712 170.1897 976.2511 202.8060 1.4813 1.6033 3.9368 15.1289 1.3603 34.1176 -0.3011 0.0665
Car -1 -1 0.6540 0.0000 114.4393 259.5414 375.0000 1.5492 1.6311 4.0193 -3.6542 1.4386 2.6412 -0.2430 0.0630
Car -1 -1 4.4737 849.6718 165.4837 900.8287 195.3968 1.5193 1.6317 4.1430 14.2092 1.1449 38.7947 4.8221 0.0619
Car -1 -1 1.8168 678.1296 168.1053 740.1137 208.6097 1.6291 1.6644 4.3127 4.3958 1.4381 31.3312 1.9544 0.0616
Car -1 -1 4.6270 883.6967 164.1922 927.6953 196.4969 1.4905 1.6384 4.1165 14.5023 1.0908 35.4990 5.0116 0.0591
Car -1 -1 0.9607 686.8229 159.8379 736.5530 182.2848 1.6020 1.6964 3.9554 7.5453 0.6731 53.6427 1.0995 0.0588
Car -1 -1 1.2065 747.6586 177.0271 794.3643 201.2441 1.4844 1.6163 4.0852 10.4785 1.7692 47.1039 1.4236 0.0572
Car -1 -1 4.5989 745.6570 180.8124 775.6700 203.6963 1.4874 1.6173 3.7857 10.4759 2.0629 50.2177 4.8028 0.0552
Car -1 -1 -0.3398 798.5175 174.6137 852.8519 194.2044 1.4677 1.6037 3.6490 16.4808 1.6043 55.1105 -0.0510 0.0543
Car -1 -1 -0.1877 767.4399 164.6030 830.5585 186.2880 1.5540 1.6533 4.2205 13.7874 0.9627 52.6743 0.0667 0.0529
Car -1 -1 2.6111 1201.9418 175.8706 1242.0000 375.0000 1.5146 1.6459 4.2908 8.6519 1.5498 6.9180 3.4864 0.0514