Car -1 -1 4.4325 737.5300 180.0351 918.9935 298.9876 1.4957 1.6527 3.6533 3.1455 1.6247 11.1310 4.6998 0.9537
Car -1 -1 3.6457 0.0000 187.4947 308.5904 312.1932 1.4410 1.6045 4.2281 -6.4208 1.6538 9.5252 3.0652 0.9517
Car -1 -1 4.5082 675.7288 180.5534 740.9552 226.3297 1.4124 1.5261 3.4273 3.2962 1.6940 24.6218 4.6390 0.9494
Car -1 -1 3.4857 181.5965 183.5038 399.7276 261.8050 1.5028 1.6069 3.8306 -6.4963 1.7379 15.0111 3.0831 0.9337
Car -1 -1 4.2950 822.0947 195.8206 1242.0000 375.0000 1.3717 1.6008 3.5747 3.0841 1.6241 6.1201 4.7414 0.9323
Car -1 -1 -0.2159 727.5156 178.4937 833.1774 213.3411 1.4869 1.6177 4.2950 7.4878 1.7427 31.8924 0.0121 0.8275
Car -1 -1 3.5163 299.4377 174.9768 460.7294 229.4449 1.4123 1.5950 3.8863 -6.1986 1.4730 19.7196 3.2152 0.8146
Car -1 -1 0.2545 377.8720 172.1403 504.4999 218.4076 1.5182 1.5765 3.9178 -5.6582 1.4947 24.5216 0.0297 0.7650
Car -1 -1 0.1868 444.8856 166.0194 531.5071 194.8353 1.5072 1.6526 4.3384 -6.4481 1.1497 38.6137 0.0221 0.7267
Car -1 -1 3.3031 347.5214 186.3209 492.1862 237.7799 1.4646 1.5536 4.0616 -5.6861 1.8929 21.9909 3.0524 0.5884
Car -1 -1 0.2054 414.0729 169.6426 510.9035 206.3761 1.4580 1.5620 3.6256 -5.9479 1.3305 29.4333 0.0074 0.4679
Car -1 -1 3.4103 489.0479 173.3519 555.4839 198.6407 1.6538 1.6312 4.1339 -5.8257 1.6879 48.3430 3.2906 0.3941
Car -1 -1 3.1707 504.6268 167.2082 563.7059 191.1172 1.7319 1.7118 4.2712 -5.5348 1.3230 53.2786 3.0674 0.2921
Car -1 -1 0.2356 264.4869 193.1055 455.8015 262.0762 1.4938 1.5871 4.0349 -5.8036 2.0025 17.1593 -0.0865 0.2543
Car -1 -1 4.6922 722.2195 173.1339 756.5755 205.0519 1.4846 1.5797 3.6496 6.3457 1.4991 35.5190 4.8671 0.2401
Car -1 -1 4.5326 627.7498 166.9647 651.4025 185.4363 1.6995 1.6076 3.6496 2.8137 1.1576 68.3035 4.5733 0.2400
Car -1 -1 4.6052 797.9202 171.2323 823.4734 190.2481 1.5372 1.6380 3.9664 16.8047 1.4061 60.4162 4.8749 0.2128
Car -1 -1 4.4586 879.6591 166.5829 931.9028 198.9479 1.6164 1.6059 3.9039 15.5576 1.3032 38.0752 4.8435 0.2015
Car -1 -1 1.5217 465.5569 167.4605 507.5690 203.7879 1.4292 1.5602 3.7585 -5.2291 1.2170 30.3909 1.3524 0.1980
Car -1 -1 1.6161 384.7117 186.5878 456.4269 255.1268 1.4609 1.5511 3.8589 -4.6774 1.8472 18.2460 1.3679 0.1906
Car -1 -1 3.2202 669.0917 171.1998 761.6754 205.0907 1.5686 1.6572 4.2871 5.1074 1.4920 34.6775 3.3647 0.1661
Car -1 -1 4.2902 24.4921 179.9280 100.5768 214.1086 1.4977 1.5413 3.5157 -25.6110 1.8437 33.7695 3.6450 0.1573
Car -1 -1 4.4712 382.9119 166.1866 422.0755 191.9628 1.7264 1.7026 4.1239 -14.5401 1.2798 50.5369 4.1922 0.1560
Car -1 -1 1.5653 238.4378 180.9171 274.7168 211.5639 1.4310 1.5883 3.9844 -18.0753 1.8678 36.9533 1.1130 0.1401
Car -1 -1 2.8567 770.9908 167.6323 900.1127 209.7499 1.4705 1.6394 4.1504 8.0793 1.2882 26.0366 3.1540 0.1251
Car -1 -1 4.3516 1121.9764 199.3732 1242.0000 375.0000 1.4477 1.6113 3.9531 7.1901 1.8166 7.9036 5.0704 0.1205
Car -1 -1 1.2178 767.2220 177.7949 849.9268 222.5060 1.4195 1.6091 3.6288 6.8522 1.6050 25.2033 1.4797 0.1196
Car -1 -1 4.5664 495.8462 176.6329 531.9267 204.2809 1.5131 1.5732 3.5875 -5.6013 1.7430 41.9592 4.4341 0.1136
Car -1 -1 4.7503 419.1572 163.0248 444.2334 187.7558 1.9014 1.7816 4.2719 -14.1948 1.1457 57.7440 4.5101 0.1116
Car -1 -1 4.7478 260.3345 175.4382 293.3846 203.6801 1.4891 1.5413 3.5745 -18.5587 1.6405 40.3456 4.3190 0.0950
Car -1 -1 4.6036 728.5505 178.4705 788.3233 225.7356 1.4843 1.5960 4.0175 5.1186 1.6968 25.2233 4.8009 0.0892
Car -1 -1 4.4901 881.8992 170.8761 917.3072 193.1055 1.6197 1.6347 4.0130 21.9302 1.4756 54.6841 4.8693 0.0887
Car -1 -1 3.0131 674.8420 176.6575 771.2903 211.3736 1.4963 1.6488 4.0652 5.0013 1.6705 32.1632 3.1654 0.0883
Car -1 -1 0.5629 0.0000 192.6015 103.3073 232.6540 1.5516 1.6323 3.9489 -23.6105 2.3991 29.9577 -0.1004 0.0861
Car -1 -1 4.2935 420.7430 161.7422 465.8301 185.7550 1.7939 1.7954 4.3813 -12.9874 0.9638 56.1946 4.0672 0.0818
Car -1 -1 -0.6482 888.1882 168.9815 974.9663 200.1091 1.5562 1.6291 3.9121 16.6331 1.3626 37.3156 -0.2321 0.0776
Car -1 -1 2.4712 902.7264 184.2507 1242.0000 375.0000 1.4925 1.6394 4.3065 4.5410 1.5864 5.0558 3.1737 0.0770
Car -1 -1 -0.4516 707.3138 174.9830 781.7708 203.1711 1.5767 1.6438 3.9235 7.8191 1.7041 41.8712 -0.2687 0.0753
Car -1 -1 1.1326 884.7499 170.9172 951.5634 202.1941 1.4991 1.5920 3.9037 15.5497 1.4063 36.5648 1.5314 0.0746
Car -1 -1 0.9255 837.3930 186.8313 919.3290 220.6446 1.4221 1.5986 3.9032 12.6408 2.1249 34.1805 1.2762 0.0729
Car -1 -1 4.8348 520.4894 174.9350 551.1359 198.4385 1.5268 1.6137 3.8699 -4.9847 1.6742 49.1686 4.7339 0.0720
Car -1 -1 1.1300 1145.8766 193.8017 1242.0000 375.0000 1.4867 1.6353 4.1964 6.6225 1.7416 6.5291 1.8992 0.0687
Car -1 -1 4.5850 843.6283 171.2189 883.2328 200.6320 1.5134 1.5674 3.5687 13.6816 1.4293 39.0339 4.9194 0.0686
Car -1 -1 4.5861 244.3380 173.2582 294.0643 207.8600 1.4595 1.5820 3.6476 -15.3426 1.4788 32.4439 4.1473 0.0683
Car -1 -1 3.1877 645.2661 174.2647 701.8925 195.9047 1.4984 1.6529 3.9299 4.5632 1.6006 51.1834 3.2757 0.0675
Car -1 -1 4.7535 124.9262 178.5992 172.9542 216.2939 1.4817 1.5684 3.6549 -19.6854 1.7438 30.9391 4.1905 0.0666
Car -1 -1 1.4271 637.0926 170.7392 667.7502 193.5993 1.5897 1.6462 4.0657 3.0637 1.4427 52.2735 1.4849 0.0653
Car -1 -1 2.6219 1182.1776 179.8175 1242.0000 374.1452 1.4995 1.6390 4.3627 8.6666 1.5832 7.1735 3.4808 0.0627
Car -1 -1 3.3874 454.9100 170.8593 533.2217 197.6483 1.4822 1.5423 4.1285 -6.5106 1.3719 40.8729 3.2301 0.0626
Car -1 -1 -0.1513 896.0232 185.2113 1037.2441 231.7621 1.4800 1.6525 4.1910 12.2805 1.9339 25.0932 0.2985 0.0619
Car -1 -1 2.1327 312.4074 164.9543 383.2401 195.1288 1.6234 1.7036 4.4015 -14.8311 1.1984 41.1515 1.7886 0.0606
Car -1 -1 -0.1253 730.7249 171.4182 823.7453 204.4547 1.5289 1.6373 4.1444 7.9308 1.4624 34.4103 0.0989 0.0606
Car -1 -1 1.4091 795.3031 176.7760 825.8167 199.6943 1.6149 1.5535 3.9840 14.8911 1.9175 53.6117 1.6782 0.0602
Car -1 -1 4.9230 837.6949 169.1734 869.0208 189.1203 1.5739 1.6230 4.0581 19.9955 1.2835 59.0923 5.2475 0.0594
Car -1 -1 1.6525 225.2552 177.7102 270.7834 212.0638 1.5344 1.6322 4.0852 -17.4921 1.7851 35.0482 1.1923 0.0593
Car -1 -1 0.3236 442.2922 167.6044 538.0988 204.0949 1.4578 1.5414 3.6105 -4.9113 1.2481 29.8768 0.1617 0.0592
Car -1 -1 4.4443 788.9037 174.7894 822.6499 195.0090 1.5082 1.5849 3.7528 15.2015 1.6636 56.0605 4.7074 0.0589
Car -1 -1 -0.0721 499.1722 177.8423 585.7968 209.5394 1.4894 1.6112 4.1250 -3.3177 1.7420 35.3954 -0.1654 0.0582
Car -1 -1 0.5524 438.3256 175.8950 528.1587 206.9962 1.4561 1.6243 4.1280 -6.2329 1.6126 35.5988 0.3799 0.0581
Car -1 -1 -0.5217 544.2629 171.0722 604.9066 195.2566 1.7564 1.7548 4.2479 -2.6143 1.6270 54.2873 -0.5700 0.0574
Car -1 -1 3.1342 789.1131 169.9743 840.9952 188.5165 1.4876 1.5906 4.0405 16.8307 1.2566 59.1911 3.4097 0.0571
Car -1 -1 1.5557 444.9698 169.2029 486.3104 207.2962 1.4565 1.5595 3.6662 -5.9154 1.3169 29.5447 1.3594 0.0568
Car -1 -1 4.5079 856.7638 169.2467 904.6508 199.8650 1.5318 1.6126 3.8072 14.2512 1.3513 38.1000 4.8630 0.0563
Car -1 -1 4.1950 749.5106 166.9554 798.3164 190.8246 1.5968 1.6024 3.8857 11.4163 1.2022 50.3603 4.4163 0.0546
Car -1 -1 4.8446 313.9448 190.0947 409.2766 265.8998 1.5067 1.6120 4.1643 -5.8810 1.9782 17.5360 4.5249 0.0527
Car -1 -1 1.5655 770.6459 171.0085 818.3014 212.8256 1.4597 1.6239 3.6925 6.9402 1.3953 27.1737 1.8125 0.0510
Car -1 -1 1.6340 434.7738 184.3705 492.9128 236.0697 1.4664 1.5886 3.8070 -4.6340 1.8707 23.3433 1.4396 0.0509
Car -1 -1 0.2474 338.8585 188.1006 513.3641 251.1768 1.4771 1.5893 3.9684 -4.5054 1.8764 18.0930 0.0060 0.0507
Car -1 -1 2.0849 277.2713 173.6105 344.3048 204.1824 1.5061 1.5868 3.7314 -15.4845 1.5475 37.5919 1.6964 0.0506
Car -1 -1 4.7146 873.4907 174.1973 920.2514 214.9044 1.4437 1.5661 3.7203 11.0318 1.4991 27.7398 5.0890 0.0502