Car -1 -1 4.6953 552.0883 182.1675 596.1742 221.3212 1.3799 1.6116 3.7690 -1.4219 1.7700 28.2841 4.6449 0.9536
Car -1 -1 4.7538 500.9108 179.6574 533.0197 208.0694 1.4616 1.6060 3.7065 -5.0841 1.8564 39.9500 4.6276 0.8201
Car -1 -1 2.2277 958.8029 191.7303 1048.5607 227.3738 1.5605 1.5301 4.2547 19.0229 2.5120 34.8074 2.7236 0.7795
Car -1 -1 2.3737 833.0797 189.8989 915.5742 225.1567 1.4512 1.5492 3.3494 11.8995 2.2502 32.4321 2.7217 0.6973
Car -1 -1 2.9259 992.5950 176.6210 1133.1090 220.5188 1.5201 1.6699 4.1360 16.6360 1.6672 26.7085 3.4776 0.2318
Car -1 -1 4.4496 977.6649 175.1127 1054.6090 218.2173 1.5383 1.6573 3.7488 15.6584 1.6322 27.9794 4.9548 0.2209
Car -1 -1 0.7103 989.0579 178.4913 1124.6172 224.4377 1.4523 1.5897 3.9791 15.6341 1.6680 25.4697 1.2552 0.1881
Car -1 -1 1.4541 1019.3300 189.1793 1053.8427 213.5240 1.5717 1.6480 4.1170 30.5864 2.7932 51.7706 1.9847 0.1384
Car -1 -1 4.6217 557.5101 161.0539 585.8602 186.0410 1.7340 1.6987 3.8672 -2.7703 0.9151 52.1063 4.5686 0.1150
Car -1 -1 2.1808 982.8665 189.7542 1064.2866 222.7955 1.4788 1.6242 3.7404 20.3182 2.3441 35.4031 2.6975 0.1103
Car -1 -1 1.1491 1004.4162 179.5724 1047.8419 197.5556 1.4296 1.6561 4.0554 35.1699 2.0174 61.0269 1.6694 0.1086
Car -1 -1 1.5534 949.6542 182.0376 974.3270 203.2071 1.4747 1.5819 3.2392 26.1642 2.1802 53.6294 2.0047 0.0963
Car -1 -1 1.3468 948.1154 176.4421 1018.8517 218.3504 1.5120 1.6179 3.9503 14.6695 1.6642 28.5066 1.8174 0.0836
Car -1 -1 1.5177 1020.8931 190.4493 1053.8423 215.5863 1.5443 1.7205 4.0143 29.3319 2.8059 49.5549 2.0489 0.0811
Car -1 -1 1.6391 953.1955 177.9306 980.3146 199.0292 1.5401 1.6185 4.0278 27.6747 1.9482 55.8525 2.0966 0.0702
Car -1 -1 -0.1475 552.0693 165.1268 606.9217 187.1964 1.5322 1.6230 3.6930 -2.1520 0.9957 51.2391 -0.1896 0.0682
Car -1 -1 1.0172 1001.9984 188.3116 1058.8390 212.3929 1.5555 1.6915 3.8530 29.7083 2.6912 51.0615 1.5410 0.0657
Car -1 -1 3.4057 902.1423 179.0444 1019.4534 221.4351 1.4780 1.6054 3.7368 13.3458 1.7297 27.5180 3.8526 0.0640
Car -1 -1 -0.3976 961.6229 176.1212 1084.3910 217.2231 1.4791 1.6182 3.6658 15.4661 1.6066 27.1416 0.1152 0.0637
Car -1 -1 1.2728 977.1592 180.0830 1061.0167 223.7003 1.4446 1.6110 3.8222 14.9843 1.7316 26.6090 1.7804 0.0632
Car -1 -1 3.1040 862.3328 186.7923 921.5964 210.8563 1.5422 1.6044 3.6987 19.1931 2.5186 49.1807 3.4735 0.0599
Car -1 -1 1.5520 535.4420 180.4944 568.3414 212.2184 1.4897 1.5880 3.8968 -2.9837 1.9015 36.8713 1.4713 0.0580
Car -1 -1 1.1719 1002.8763 174.4911 1108.6873 222.9735 1.4910 1.5964 3.9703 14.9433 1.5511 24.4097 1.7154 0.0564
Car -1 -1 1.3015 823.3117 180.9780 857.1525 200.9711 1.5444 1.6121 4.1187 18.9795 2.2380 59.5206 1.6083 0.0560
Car -1 -1 1.4159 920.6365 199.1158 964.5828 226.2698 1.4422 1.8817 3.7521 20.4164 3.1320 44.3671 1.8438 0.0546
Car -1 -1 2.7080 532.6567 182.5016 608.9182 212.2197 1.4952 1.6487 3.7676 -2.0853 2.0376 38.9579 2.6543 0.0537
Car -1 -1 1.4561 944.7616 188.4337 980.1705 212.7083 1.4972 1.7074 4.1668 24.2230 2.6176 49.6381 1.9071 0.0529
Car -1 -1 1.4844 973.0699 178.6137 1034.5283 223.4311 1.4372 1.5639 3.9428 14.0082 1.6601 25.8031 1.9764 0.0514