Car -1 -1 4.8931 430.8372 185.8195 499.5854 232.7870 1.4064 1.5727 3.4719 -4.5212 1.4274 23.3131 4.7033 0.9667
Car -1 -1 5.3086 0.0000 186.7682 249.8485 288.7368 1.5204 1.6726 4.2629 -8.3803 1.5530 12.9404 4.7431 0.9332
Car -1 -1 5.0067 256.9732 190.2789 437.9849 295.4320 1.4552 1.6391 4.3511 -4.1875 1.5577 12.3559 4.6861 0.9215
Car -1 -1 4.9375 380.7538 181.2414 436.3107 217.5444 1.5102 1.5936 3.5731 -8.6963 1.3449 31.7218 4.6717 0.8697
Car -1 -1 4.7272 577.9305 180.4562 608.5505 208.0712 1.4461 1.6035 3.7388 -0.7384 1.1969 39.5177 4.7082 0.8215
Car -1 -1 5.1279 248.7707 172.8878 340.4686 213.9069 1.5186 1.6970 4.4532 -12.4033 1.0622 28.8501 4.7251 0.7972
Car -1 -1 4.7473 478.4820 181.8007 516.7461 215.4090 1.4650 1.6115 3.9148 -5.0329 1.3162 33.3723 4.5983 0.6067
Car -1 -1 1.6758 503.8162 181.4716 535.3257 207.3698 1.4731 1.5054 3.3569 -5.1530 1.2602 42.5790 1.5557 0.6022
Car -1 -1 5.2644 362.4025 180.2527 421.3000 206.8493 1.4592 1.5537 3.6627 -12.3410 1.1869 41.4110 4.9762 0.5821
Car -1 -1 5.1002 262.5522 186.9180 368.9325 240.4933 1.4235 1.5665 3.7451 -8.4177 1.4779 21.1020 4.7246 0.5281
Car -1 -1 4.8043 427.8814 179.2367 461.9610 206.7357 1.4762 1.5367 3.6542 -9.0971 1.1553 40.5005 4.5844 0.3305
Car -1 -1 3.7060 0.0000 213.1928 348.6413 347.5836 1.4346 1.5798 3.8354 -5.3964 1.8131 8.8764 3.1727 0.3140
Car -1 -1 4.7664 483.9672 175.5450 504.8918 193.7811 1.5318 1.5906 3.7208 -9.7468 0.7195 62.3141 4.6116 0.3095
Car -1 -1 5.0558 146.9564 208.5053 376.0107 350.9252 1.4185 1.5453 3.5716 -4.3222 1.7888 9.5955 4.6425 0.1943
Car -1 -1 3.3991 94.7265 181.7648 221.4098 222.0856 1.4833 1.5869 3.8692 -17.2299 1.3563 27.7639 2.8477 0.1848
Car -1 -1 0.4642 188.5772 178.3440 315.7921 217.4568 1.4474 1.5555 4.0866 -13.4659 1.1931 27.4023 0.0111 0.1734
Car -1 -1 3.8065 329.4478 180.8989 402.1273 208.3410 1.4994 1.5984 3.7002 -13.6453 1.2636 40.6526 3.4843 0.1508
Car -1 -1 0.5521 479.2944 180.5844 544.3958 207.4255 1.5302 1.5771 3.5013 -5.6259 1.2662 42.4171 0.4206 0.1426
Car -1 -1 0.3796 168.1954 187.1490 344.6835 243.4933 1.4931 1.6559 4.1084 -9.6774 1.5497 20.0747 -0.0647 0.1265
Car -1 -1 2.2687 101.1970 178.9725 219.9626 222.0013 1.5005 1.5781 4.0272 -16.7302 1.2828 27.1775 1.7210 0.1077
Car -1 -1 1.7873 399.6475 175.5352 425.3576 192.8063 1.5084 1.4994 3.5442 -17.4600 0.6629 64.5869 1.5240 0.1073
Car -1 -1 5.2181 58.4085 174.0503 186.3077 228.1701 1.4986 1.6087 3.6786 -14.5349 1.1894 21.8006 4.6356 0.0819
Car -1 -1 2.3524 0.0000 168.9056 123.8182 221.4623 1.4815 1.5251 3.8405 -17.1914 1.0218 22.2667 1.7007 0.0789
Car -1 -1 4.8979 156.4299 176.3422 221.4440 214.5353 1.4376 1.5866 3.7630 -16.8368 1.1036 29.0958 4.3771 0.0773
Car -1 -1 1.6725 417.2533 176.1672 456.3906 205.0773 1.4719 1.6241 4.2211 -9.1350 1.0112 38.7963 1.4425 0.0738
Car -1 -1 1.5994 503.2426 179.8138 534.6410 208.9057 1.5755 1.6576 4.0379 -4.9899 1.2830 41.0169 1.4787 0.0681
Car -1 -1 2.6989 2.4651 178.7027 152.1151 229.6355 1.5205 1.4821 3.6368 -17.1283 1.3261 23.4107 2.0725 0.0681
Car -1 -1 3.2697 463.6701 175.3606 511.7290 192.8693 1.4695 1.5923 3.8633 -10.1439 0.6424 61.1981 3.1059 0.0661
Car -1 -1 4.6849 389.6690 175.1485 410.3937 193.7233 1.5149 1.5779 3.8850 -17.5215 0.6939 60.7194 4.4048 0.0657
Car -1 -1 4.5729 522.9698 169.4858 549.2128 189.7399 1.5936 1.6427 3.5742 -5.8132 0.3560 58.4887 4.4740 0.0646
Car -1 -1 3.8104 0.0000 171.6768 153.7003 225.0755 1.4990 1.5591 3.9641 -15.7197 1.1189 21.0233 3.1744 0.0631
Car -1 -1 2.1584 0.0000 188.6544 163.3917 249.6288 1.4719 1.6289 4.2160 -14.2429 1.5765 19.7266 1.5393 0.0629
Car -1 -1 1.6439 0.0000 217.4498 7.9813 318.0025 1.4268 1.6115 4.1902 -12.5869 2.1387 13.7275 0.9111 0.0621
Car -1 -1 1.6907 444.9142 182.5443 507.8951 229.5949 1.5673 1.7268 4.3561 -4.6638 1.4784 26.1688 1.5156 0.0604
Car -1 -1 1.7808 395.7129 172.2687 444.9223 203.3534 1.5385 1.6606 4.1252 -9.7219 0.8977 37.6731 1.5297 0.0594
Car -1 -1 1.6308 479.5282 181.5652 522.4092 217.5109 1.4892 1.6307 4.0294 -4.6456 1.3380 31.8574 1.4868 0.0592
Car -1 -1 3.5954 0.0000 163.8628 51.1816 219.5164 1.4766 1.5724 3.8749 -18.3870 0.9101 20.3547 2.8673 0.0569
Car -1 -1 3.4785 406.6530 178.0460 480.1247 205.7867 1.4943 1.5453 3.6499 -9.0174 1.1081 39.6981 3.2563 0.0552
Car -1 -1 3.6325 441.2112 182.0953 533.9042 215.9231 1.4743 1.6084 3.8585 -5.4346 1.3383 32.7101 3.4688 0.0544
Car -1 -1 2.3491 0.0000 178.9477 70.6056 203.5167 1.4774 1.5943 4.0655 -36.2909 1.1005 45.3315 1.6766 0.0530
Car -1 -1 1.6174 365.0089 212.1801 445.0595 281.9706 1.4242 1.7502 3.7044 -5.0101 2.1822 18.2110 1.3519 0.0521
Car -1 -1 1.4543 423.6624 211.8371 511.4657 281.6592 1.4250 1.7561 3.8852 -3.6714 2.1851 18.4050 1.2594 0.0521
Car -1 -1 2.0807 141.8926 177.8934 238.0313 218.2635 1.4730 1.5492 3.8658 -16.2199 1.2058 28.1691 1.5622 0.0517