Car -1 -1 5.2173 75.9582 178.9005 285.9335 274.3295 1.5441 1.6293 4.0006 -7.7930 1.4419 13.6366 4.7064 0.9633
Car -1 -1 4.9947 320.3643 185.4371 477.9623 279.4386 1.4584 1.6795 3.9062 -3.5881 1.4631 13.1321 4.7328 0.9594
Car -1 -1 4.6967 580.1412 178.7461 619.2730 215.1855 1.5507 1.6666 3.5736 -0.3670 1.2754 32.3996 4.6851 0.9257
Car -1 -1 4.8285 479.2414 179.7333 537.7853 223.6549 1.4270 1.5780 4.0007 -3.4004 1.2489 25.3684 4.6963 0.9128
Car -1 -1 2.2542 0.0000 187.2511 110.7782 268.3755 1.4388 1.5639 3.6448 -12.1661 1.4855 14.6635 1.5705 0.6940
Car -1 -1 5.0852 282.5803 187.6163 387.7118 243.7811 1.4422 1.5500 3.6437 -7.6087 1.5167 20.4540 4.7330 0.6799
Car -1 -1 4.9040 444.0526 178.8686 484.5910 206.9299 1.4677 1.5452 3.4175 -7.7643 1.1357 39.3086 4.7099 0.6499
Car -1 -1 5.2742 175.9910 175.0564 292.8821 225.2796 1.4556 1.5339 3.6838 -11.6479 1.1611 22.7391 4.8054 0.4774
Car -1 -1 1.5850 495.7555 176.3197 515.8173 194.6660 1.4461 1.5637 3.8705 -8.2495 0.7449 58.6789 1.4457 0.2731
Car -1 -1 1.5914 436.3305 176.8336 459.2490 197.4522 1.4952 1.6016 3.9319 -11.9882 0.8873 54.2127 1.3745 0.2417
Car -1 -1 4.6484 362.2493 176.7226 396.0137 205.5941 1.5137 1.5514 3.5916 -12.6098 1.0684 39.6433 4.3421 0.2238
Car -1 -1 3.0290 325.6603 161.8966 439.5285 202.9903 1.5666 1.6782 4.2295 -9.0613 0.6776 29.0221 2.7289 0.1925
Car -1 -1 4.0075 314.4357 173.2001 374.0925 195.8973 1.4443 1.5865 3.8383 -17.3411 0.6797 47.3819 3.6582 0.1873
Car -1 -1 4.8529 0.0000 196.3241 55.4707 332.8036 1.4740 1.6183 3.9849 -9.0674 1.6646 10.2207 4.1400 0.1597
Car -1 -1 1.6990 463.3138 175.8658 493.1755 198.4446 1.4857 1.5446 3.7122 -8.7849 0.8705 49.1927 1.5229 0.1473
Car -1 -1 3.9758 0.0000 200.7352 42.7167 335.3900 1.4648 1.6056 4.0441 -9.5958 1.6746 8.8677 3.1659 0.1455
Car -1 -1 5.4245 0.0000 202.4499 59.1273 376.0000 1.4229 1.5742 3.5766 -8.1980 1.6597 8.0415 4.6460 0.1434
Car -1 -1 4.5991 397.1904 167.7703 446.7048 203.9410 1.4284 1.5996 3.9583 -7.9191 0.7395 30.5218 4.3472 0.1401
Car -1 -1 1.8701 340.4027 170.0095 384.4823 193.8499 1.5266 1.6417 4.1207 -16.3167 0.5529 48.1112 1.5445 0.1250
Car -1 -1 1.9315 144.1663 163.5738 226.7775 202.7691 1.4356 1.5031 3.9241 -16.5351 0.6429 28.3869 1.4081 0.1213
Car -1 -1 1.8115 485.3956 174.8264 519.3885 195.7924 1.5855 1.6658 4.3023 -8.2004 0.7998 56.5831 1.6679 0.1164
Car -1 -1 3.3150 321.1145 178.4540 398.2106 206.6218 1.4748 1.5506 3.7086 -13.2656 1.1207 38.6888 2.9865 0.1094
Car -1 -1 2.2353 135.0234 173.1610 279.8062 228.4047 1.4736 1.6134 3.9707 -11.6444 1.1521 21.2680 1.7395 0.1083
Car -1 -1 1.5539 254.3569 163.3443 293.1985 196.6933 1.5078 1.6105 4.2588 -16.1518 0.5190 34.7704 1.1219 0.0922
Car -1 -1 1.7831 345.6383 181.6947 394.4981 211.2758 1.4569 1.6136 3.9256 -12.2807 1.2835 37.4394 1.4679 0.0847
Car -1 -1 5.5230 527.9348 163.4656 575.0135 182.2631 1.5032 1.6182 3.8739 -4.6279 -0.2549 60.0863 5.4463 0.0828
Car -1 -1 0.1820 362.7833 176.3671 434.0381 204.9683 1.4998 1.6144 3.4428 -11.1825 1.0358 38.6681 -0.0979 0.0795
Car -1 -1 5.0195 272.8797 179.0744 340.9656 217.5586 1.4464 1.5086 3.5271 -11.9596 1.2156 28.8379 4.6294 0.0759
Car -1 -1 1.4934 414.5230 213.3401 492.1172 280.5547 1.3969 1.6767 3.4630 -4.0212 2.1922 18.4282 1.2808 0.0737
Car -1 -1 3.1675 286.7818 165.3466 410.0934 208.9166 1.6153 1.6782 4.4137 -10.0391 0.8787 28.1305 2.8276 0.0717
Car -1 -1 4.5624 358.2528 170.5619 391.9219 194.7035 1.6560 1.6934 4.1908 -16.6842 0.6508 51.5640 4.2507 0.0703
Car -1 -1 1.5023 468.9043 212.9271 545.2852 281.5181 1.4551 1.7299 4.1407 -2.7766 2.2817 19.2370 1.3601 0.0665
Car -1 -1 2.0367 227.0672 171.9042 301.6275 204.2307 1.5040 1.6246 4.1409 -16.8419 0.8847 35.5358 1.5968 0.0642
Car -1 -1 1.9013 476.4215 174.9734 514.5518 196.8470 1.6090 1.6721 3.9961 -8.4973 0.8556 54.9924 1.7484 0.0635
Car -1 -1 3.8344 236.5635 187.7256 390.5778 244.2957 1.4686 1.5834 3.8823 -8.2038 1.5435 20.1272 3.4517 0.0624
Car -1 -1 1.8859 0.0000 198.8612 50.6176 376.0000 1.4357 1.6123 4.0800 -7.3104 1.6185 7.4431 1.1274 0.0568
Car -1 -1 3.4858 80.1445 161.2175 202.9995 203.4210 1.5046 1.5470 3.5232 -17.2439 0.6491 26.7733 2.9181 0.0563
Car -1 -1 1.6858 0.0000 161.8174 88.6135 220.9031 1.4973 1.5815 3.9097 -15.8193 0.9044 20.3002 1.0303 0.0562
Car -1 -1 5.3019 0.0000 189.7445 154.4508 268.7151 1.4961 1.7124 4.4077 -12.3047 1.6118 16.1234 4.6578 0.0557
Car -1 -1 5.2040 368.9299 175.4060 430.5494 204.8465 1.5500 1.5977 3.9685 -11.4549 1.0336 39.9559 4.9263 0.0545
Car -1 -1 1.4855 362.6912 180.4243 403.1612 210.5480 1.4422 1.6483 3.7590 -11.4169 1.2128 36.4664 1.1839 0.0534
Car -1 -1 1.7844 497.4557 187.7226 549.0197 221.9498 1.4590 1.5916 3.6587 -3.7707 1.5801 32.8212 1.6704 0.0534
Car -1 -1 -0.2433 392.6175 173.8290 491.0556 210.4955 1.4393 1.4910 3.7179 -6.8250 0.9924 29.7216 -0.4673 0.0527
Car -1 -1 1.6614 436.6743 182.1021 476.3893 214.0479 1.5780 1.6757 3.8893 -7.8110 1.4242 37.5360 1.4572 0.0525
Car -1 -1 0.5261 414.8705 176.5648 471.3947 197.7375 1.5277 1.5705 3.8033 -12.1308 0.9035 53.1843 0.3026 0.0512
Car -1 -1 5.2886 0.0000 166.8936 92.7833 227.3156 1.4766 1.5585 3.6327 -15.8618 1.0288 19.4530 4.6113 0.0510
Car -1 -1 3.2614 520.3063 168.1116 570.6649 188.7714 1.5818 1.5971 3.7371 -4.7731 0.2722 55.9030 3.1763 0.0500