Car -1 -1 2.0463 189.0575 189.0125 287.6323 232.5387 1.4424 1.7025 3.8999 -13.9223 2.0980 27.3191 1.5786 0.9549
Car -1 -1 1.6473 161.6553 187.1090 217.3497 231.8139 1.6225 1.6520 4.2393 -17.3212 2.2581 29.9033 1.1259 0.6286
Car -1 -1 1.8948 383.6188 183.2359 425.0857 206.7795 1.5057 1.6187 3.8074 -14.1091 2.2502 49.7979 1.6197 0.5947
Car -1 -1 4.5574 760.1000 168.8704 799.9459 199.4537 1.6280 1.5898 3.8037 9.4817 1.4159 40.3627 4.7862 0.3114
Car -1 -1 1.9183 726.2584 167.3539 767.0047 189.9372 1.5082 1.5832 3.8190 9.5780 1.1409 50.2337 2.1053 0.2382
Car -1 -1 1.2883 932.7946 181.5481 971.8090 205.1151 1.7717 1.7739 3.9965 27.4529 2.4950 57.9137 1.7285 0.2113
Car -1 -1 1.6659 261.1190 180.2442 291.7816 203.0901 1.5516 1.6565 3.8560 -24.1710 2.1103 52.4524 1.2357 0.1925
Car -1 -1 2.5661 824.4674 192.9268 978.2726 249.0780 1.4546 1.6043 3.8400 8.3246 2.0627 20.6909 2.9427 0.1834
Car -1 -1 2.1594 151.4920 170.7389 213.9041 196.3069 1.6857 1.6385 4.1956 -29.3221 1.5463 49.7138 1.6286 0.1587
Car -1 -1 0.9961 859.0619 193.7224 978.6417 251.5948 1.4217 1.5446 3.4189 8.8136 2.0777 20.8591 1.3899 0.1467
Car -1 -1 1.5664 662.1727 177.3550 680.5874 195.2623 1.4866 1.5492 3.7212 5.3680 1.8902 62.7792 1.6509 0.1361
Car -1 -1 4.5983 760.7854 169.3704 795.9374 196.7547 1.4318 1.5353 2.8857 9.1443 1.2496 39.2453 4.8252 0.1359
Car -1 -1 2.5074 923.0232 180.5533 982.8023 203.7027 1.7696 1.7178 4.0527 27.2041 2.3932 57.2075 2.9488 0.1285
Car -1 -1 1.3935 804.3050 174.0143 865.6898 217.0226 1.5023 1.5583 3.7303 8.4325 1.5493 27.2537 1.6900 0.1093
Car -1 -1 2.9622 761.0090 169.3359 839.4967 197.5339 1.4966 1.6321 3.8966 10.3226 1.3099 39.2557 3.2171 0.1069
Car -1 -1 0.9889 882.7061 184.5662 933.3270 205.6926 1.5388 1.7190 4.1147 23.5788 2.5021 57.1604 1.3778 0.0982
Car -1 -1 4.3031 855.7593 189.1105 963.8253 244.0600 1.4506 1.6218 3.8856 9.0823 1.9944 22.1729 4.6864 0.0979
Car -1 -1 3.0990 719.6443 169.4157 792.1024 197.7348 1.5029 1.5976 3.8013 7.9322 1.3204 39.3729 3.2959 0.0937
Car -1 -1 0.3919 230.6118 180.8113 295.3610 202.5914 1.5045 1.6470 3.8218 -24.6677 2.0821 51.4427 -0.0535 0.0931
Car -1 -1 2.0532 119.1543 183.9737 197.4618 216.9345 1.5431 1.6683 4.1964 -23.2636 2.1524 37.3845 1.4995 0.0903
Car -1 -1 1.3124 856.4293 182.6527 888.7419 201.8524 1.5245 1.6185 3.9528 22.3424 2.3863 61.4153 1.6593 0.0900
Car -1 -1 1.6720 150.2639 187.8693 212.7889 234.2819 1.5924 1.6865 4.1064 -16.7568 2.2298 28.4090 1.1429 0.0893
Car -1 -1 2.0873 159.4964 188.4355 259.4152 230.5019 1.5576 1.6639 4.5537 -16.8692 2.2701 30.7040 1.5883 0.0855
Car -1 -1 2.5650 879.9692 192.0946 1039.3467 248.2909 1.4495 1.5787 3.8069 9.8186 2.0199 20.3560 3.0079 0.0834
Car -1 -1 1.8152 692.1287 183.4993 721.7396 202.8386 1.5236 1.6192 3.7987 8.2866 2.4566 61.1797 1.9487 0.0751
Car -1 -1 4.0469 764.2509 170.7238 859.4055 212.2737 1.5164 1.6089 3.7672 7.8620 1.4386 28.3805 4.3140 0.0711
Car -1 -1 4.5355 743.7595 169.1425 785.7115 198.6941 1.5657 1.6020 3.9698 8.5953 1.3691 40.2378 4.7441 0.0687
Car -1 -1 4.6199 674.2076 177.4599 700.0978 199.1232 1.5090 1.5618 3.4806 5.6417 1.8569 52.7540 4.7254 0.0678
Car -1 -1 1.8873 429.0246 179.4215 475.6382 205.6569 1.5031 1.5769 4.2045 -9.6536 1.9288 44.5992 1.6750 0.0674
Car -1 -1 -0.2555 822.3897 170.2904 932.0961 212.2718 1.4979 1.5828 3.5156 9.8316 1.4064 26.6960 0.0934 0.0639
Car -1 -1 4.8454 228.0003 187.3591 287.4045 228.8932 1.4817 1.6395 3.9906 -14.2457 2.1159 29.3946 4.3973 0.0616
Car -1 -1 1.7994 720.8430 168.4107 759.4602 192.9585 1.5705 1.6543 4.1458 8.8010 1.2862 48.3935 1.9779 0.0606
Car -1 -1 1.6205 657.8904 177.3479 680.6295 197.5150 1.5835 1.6711 4.2833 4.9864 1.9703 59.8814 1.7028 0.0605
Car -1 -1 1.4437 258.9243 184.9162 295.2593 211.1590 1.6091 1.6848 4.4254 -22.4765 2.4621 48.7014 1.0131 0.0605
Car -1 -1 1.3011 922.6481 185.5586 960.9070 207.1090 1.5802 1.7488 4.0353 26.4413 2.6310 57.5501 1.7293 0.0595
Car -1 -1 4.5107 721.9415 172.1306 756.2462 194.7117 1.5511 1.6547 3.9074 9.2062 1.5014 51.5367 4.6861 0.0577
Car -1 -1 -0.7053 738.9705 170.5891 799.7633 193.6865 1.5333 1.6352 3.9635 10.9832 1.3829 49.5498 -0.4888 0.0572
Car -1 -1 1.5099 886.1840 183.9757 912.5645 202.0698 1.4018 1.8176 3.7736 24.2741 2.3668 60.5286 1.8892 0.0570
Car -1 -1 0.8701 867.2106 183.9633 915.6721 205.0511 1.5543 1.6448 3.5943 22.3064 2.4656 57.2210 1.2396 0.0566
Car -1 -1 1.1308 897.4565 190.4610 1016.5847 250.0905 1.4467 1.5813 3.7085 9.6998 1.9913 20.4599 1.5671 0.0565
Car -1 -1 1.4701 827.7202 177.3067 854.6453 196.0330 1.4170 1.6382 4.1278 18.5230 1.7874 57.8288 1.7782 0.0557
Car -1 -1 1.6741 379.1330 188.3092 412.7014 214.4143 1.4475 1.5883 3.8228 -13.1075 2.4424 44.4271 1.3884 0.0555
Car -1 -1 2.6324 925.0839 183.3305 983.1920 205.1072 1.6904 1.8470 3.8025 27.6978 2.5487 58.0653 3.0750 0.0553
Car -1 -1 4.2284 935.9228 185.6019 1054.2322 239.7302 1.4222 1.6030 3.6087 11.4027 1.8360 21.6176 4.7075 0.0553
Car -1 -1 1.5869 271.7357 194.5961 308.9012 227.3840 1.4724 1.6772 3.9949 -16.5151 2.6660 37.4421 1.1738 0.0552
Car -1 -1 0.6528 358.7641 184.2857 417.2329 207.7807 1.5077 1.5196 3.6129 -15.0276 2.3045 48.9499 0.3561 0.0540
Car -1 -1 1.1681 879.9708 187.4388 923.1719 207.8109 1.5128 1.7938 4.0571 23.6386 2.7378 58.5576 1.5495 0.0531
Car -1 -1 2.3288 841.7020 190.7691 981.4290 245.1735 1.4322 1.6104 3.9098 9.0223 2.0051 21.5404 2.7198 0.0513
Car -1 -1 4.9025 742.4221 171.5797 777.4504 194.8018 1.5662 1.6836 4.0576 10.6374 1.4802 50.8599 5.1072 0.0505