Car -1 -1 4.6882 550.8694 177.4263 715.3359 317.9581 1.4267 1.7016 4.2580 0.2408 1.5010 9.5938 4.7110 0.9175
Car -1 -1 1.9749 254.5254 181.3455 350.0230 225.8397 1.4619 1.7222 4.1446 -11.1836 1.7992 26.5812 1.5799 0.9041
Car -1 -1 1.4405 582.7590 172.7826 647.6064 225.8996 1.4746 1.4769 3.8438 0.0902 1.4726 22.0310 1.4438 0.3344
Car -1 -1 3.7782 770.8158 149.9359 863.3919 192.0254 1.9747 1.7604 4.2225 10.3001 0.8995 36.0611 4.0541 0.3177
Car -1 -1 4.4764 711.2543 183.7909 750.3879 209.8650 1.5132 1.6238 3.5643 7.5584 2.2270 45.2517 4.6402 0.2331
Car -1 -1 4.3582 631.0559 167.9245 677.5874 194.6192 1.5662 1.6076 3.8793 2.7035 1.2770 44.4223 4.4182 0.2072
Car -1 -1 2.9586 542.1746 172.0735 669.3010 223.2684 1.5036 1.4666 3.7161 -0.1504 1.4807 22.2634 2.9512 0.1797
Car -1 -1 4.9337 643.5153 159.3026 687.3348 186.8520 1.5058 1.6465 4.1694 3.2797 0.7651 41.6729 5.0114 0.1728
Car -1 -1 5.1863 225.3422 175.2159 286.5925 206.1201 1.8073 1.7818 3.9352 -21.7178 1.9594 44.4859 4.7343 0.1718
Car -1 -1 1.9432 273.8340 176.8423 315.5109 197.4596 1.4870 1.6009 3.8477 -23.8355 1.8004 54.7463 1.5341 0.1669
Car -1 -1 2.1847 294.4904 192.8515 419.8942 249.5238 1.4251 1.6312 3.8213 -7.4379 2.0827 21.6638 1.8572 0.1244
Car -1 -1 4.7552 641.5296 162.3213 673.7055 191.2756 1.5298 1.6207 3.8727 2.7141 0.9733 40.1350 4.8219 0.1198
Car -1 -1 3.1978 627.1842 168.4863 687.9447 194.3379 1.5438 1.5745 3.6222 2.9570 1.2829 44.0901 3.2640 0.0953
Car -1 -1 -0.1666 585.0449 173.8039 715.2284 223.5715 1.4908 1.5518 3.8719 1.2237 1.5219 22.6426 -0.1141 0.0913
Car -1 -1 4.5133 567.3000 173.5436 638.8646 222.7581 1.4511 1.5867 3.7703 -0.2926 1.4754 23.3414 4.5002 0.0912
Car -1 -1 -0.7250 642.0879 171.5438 711.0928 197.9147 1.5519 1.6418 4.1900 4.1488 1.4747 44.3613 -0.6327 0.0852
Car -1 -1 1.4369 696.4256 207.8404 815.5635 305.8853 1.4394 1.6937 4.2397 2.7224 2.2371 14.2923 1.6199 0.0849
Car -1 -1 0.2683 297.5039 194.4814 452.8622 249.3136 1.4525 1.6871 3.9402 -6.6436 2.1022 20.7570 -0.0384 0.0815
Car -1 -1 -0.0855 291.1078 177.2605 345.2554 195.6418 1.4669 1.5946 4.0547 -24.2171 1.8432 59.9876 -0.4679 0.0790
Car -1 -1 4.6777 639.4183 161.3515 670.1305 188.2117 1.5216 1.6744 4.2031 2.6492 0.8700 42.9966 4.7385 0.0787
Car -1 -1 3.4374 667.7767 172.6095 716.3334 190.5522 1.4809 1.5636 3.7892 6.9759 1.4608 61.0238 3.5503 0.0754
Car -1 -1 1.5693 630.8415 210.9566 721.9169 301.7232 1.4254 1.6410 3.8128 1.3693 2.3192 14.9555 1.6573 0.0693
Car -1 -1 0.6817 192.3980 191.1987 278.2679 221.9377 1.4836 1.6196 3.7803 -19.3795 2.4647 37.4117 0.2064 0.0667
Car -1 -1 1.0715 656.9120 174.6409 694.9558 193.2610 1.5483 1.5735 3.9644 5.7131 1.7084 62.5369 1.1618 0.0657
Car -1 -1 -0.0568 605.5225 164.4722 674.3524 190.2127 1.5116 1.6334 4.0312 1.7823 1.0194 43.2218 -0.0162 0.0650
Car -1 -1 4.7771 676.6730 174.3329 711.8900 204.2061 1.5046 1.6238 3.8995 4.5767 1.5879 38.6090 4.8937 0.0649
Car -1 -1 1.4794 214.9757 192.0192 264.2999 228.9452 1.4576 1.6491 3.9147 -16.8326 2.3832 32.7513 1.0076 0.0641
Car -1 -1 2.8121 713.9240 184.1110 778.9982 210.4098 1.5466 1.5932 3.6101 8.3961 2.2553 44.3772 2.9973 0.0615
Car -1 -1 2.6413 381.9665 183.8214 675.6296 316.3428 1.4783 1.5592 3.7723 -1.0375 1.6570 10.0427 2.5396 0.0593
Car -1 -1 4.7538 681.1802 168.2562 704.9005 190.2703 1.6593 1.6814 4.0284 6.5681 1.3127 56.5050 4.8686 0.0587
Car -1 -1 1.6141 244.1853 189.4349 280.9886 220.8834 1.4937 1.5935 3.9534 -18.5314 2.4309 38.6495 1.1693 0.0584
Car -1 -1 4.7612 631.3728 164.8917 651.6171 182.6966 1.6064 1.6866 4.0916 3.0024 0.8880 67.2147 4.8054 0.0571
Car -1 -1 4.6414 632.1391 160.1902 665.2195 187.5331 1.5091 1.6248 4.0814 2.2241 0.8102 41.8783 4.6938 0.0557
Car -1 -1 1.5884 303.6895 190.4035 373.7394 253.8179 1.4708 1.6511 3.8403 -7.4350 2.0074 19.9742 1.2359 0.0549
Car -1 -1 0.7053 251.3081 193.8118 357.8889 230.2247 1.4564 1.7192 4.2622 -13.5173 2.4288 32.0122 0.3083 0.0545
Car -1 -1 1.5147 325.8538 189.5675 368.9445 226.5864 1.4880 1.6414 3.9420 -12.0586 2.3034 33.0661 1.1672 0.0528
Car -1 -1 1.5441 722.3881 175.3562 753.3991 204.9747 1.6420 1.6788 4.1540 7.5203 1.7970 42.5449 1.7174 0.0520