Car -1 -1 4.5762 717.0797 178.4651 829.2855 269.7092 1.4925 1.5846 3.5418 2.9989 1.6144 13.8495 4.7841 0.9542
Car -1 -1 4.3391 775.6495 184.3479 1098.3018 375.0000 1.4295 1.6145 3.8108 2.9980 1.5801 7.5419 4.7030 0.9525
Car -1 -1 1.8887 304.6982 191.4269 419.9556 262.6654 1.5059 1.6067 3.7689 -6.0586 2.0209 18.1212 1.5697 0.9343
Car -1 -1 1.6821 477.8954 183.3920 512.7441 212.5247 1.5201 1.5385 3.7735 -6.4382 2.1463 40.9563 1.5267 0.8421
Car -1 -1 4.6792 641.7867 173.6243 669.6539 199.4487 1.5213 1.5853 3.7896 2.8123 1.5709 44.5370 4.7414 0.8208
Car -1 -1 1.5067 305.5068 188.4164 337.4662 215.0538 1.5791 1.7059 3.9392 -18.9655 2.6482 47.4245 1.1278 0.5339
Car -1 -1 1.7935 494.9615 183.0806 531.2644 207.9594 1.4721 1.4789 3.9197 -6.1511 2.1580 46.3728 1.6619 0.4627
Car -1 -1 4.3326 711.2819 160.1181 754.9379 185.8772 1.5565 1.5416 3.4314 7.7346 0.7869 45.4380 4.4999 0.4300
Car -1 -1 1.5763 599.3859 177.2687 616.0633 193.6830 1.4934 1.5424 4.0108 -0.1642 1.9262 68.7340 1.5735 0.3285
Car -1 -1 0.2806 322.9971 185.1927 387.1810 205.6125 1.4241 1.5942 4.1090 -18.4174 2.3347 52.3367 -0.0565 0.2660
Car -1 -1 1.5512 300.3881 184.5452 325.7154 206.4846 1.4789 1.6521 4.1506 -21.9106 2.3779 53.2510 1.1623 0.2638
Car -1 -1 4.8865 766.4796 168.1698 794.6039 187.6983 1.5686 1.6321 3.8908 14.2627 1.1924 60.0672 5.1183 0.2603
Car -1 -1 4.0459 786.5313 171.0233 835.3640 191.6019 1.4955 1.5561 3.7567 15.1540 1.3624 54.4676 4.3156 0.2480
Car -1 -1 1.4801 400.9760 181.0861 424.1365 199.7639 1.4734 1.5461 3.7945 -16.6166 2.1901 60.7709 1.2140 0.2117
Car -1 -1 4.6672 700.2300 227.6681 1242.0000 375.0000 1.4814 1.5796 3.6224 1.6987 1.8384 2.7254 5.1753 0.2034
Car -1 -1 1.4263 468.3838 178.7813 492.6383 196.5693 1.5159 1.5847 4.0751 -11.6763 2.0688 65.1269 1.2493 0.1801
Car -1 -1 0.4396 0.0000 0.0000 1242.0000 375.0000 1.4866 1.6232 3.9284 3.0846 1.7053 1.4668 1.4900 0.1588
Car -1 -1 1.1252 709.4869 208.5197 1242.0000 375.0000 1.4712 1.6024 3.7971 1.6941 1.7557 3.8151 1.5129 0.1354
Car -1 -1 1.9589 268.0707 200.6037 337.1424 237.4878 1.4256 1.6863 3.3055 -13.5540 2.7220 32.0475 1.5613 0.1242
Car -1 -1 1.5678 304.7289 186.7040 335.5121 214.8844 1.6260 1.7487 4.1278 -18.4794 2.5535 46.0774 1.1880 0.1213
Car -1 -1 0.7540 0.0000 0.0000 1242.0000 375.0000 1.5434 1.6383 3.9483 2.1150 1.6721 1.1282 1.7303 0.1170
Car -1 -1 1.5797 291.3553 199.9126 332.9494 237.1862 1.4485 1.6712 3.7895 -13.6153 2.7679 33.1138 1.1919 0.1112
Car -1 -1 2.2649 1066.4727 192.6460 1242.0000 375.0000 1.4958 1.6299 4.1338 4.3239 1.5970 2.6964 3.2295 0.1067
Car -1 -1 4.8581 479.0922 180.1160 516.2509 208.8790 1.5871 1.6087 4.0107 -6.5914 2.0385 42.8400 4.7059 0.1043
Car -1 -1 1.5593 595.6400 176.7432 613.9670 194.4364 1.5702 1.6523 4.5163 -0.4712 1.9452 67.3057 1.5519 0.0998
Car -1 -1 -0.7456 802.9652 170.0210 860.5817 190.8622 1.5141 1.6669 4.0796 16.6532 1.3083 54.0564 -0.4486 0.0995
Car -1 -1 2.5129 711.1877 174.5711 794.1393 206.8988 1.5215 1.6003 3.8091 7.0748 1.6100 35.6491 2.7068 0.0942
Car -1 -1 1.7286 594.1743 175.5259 619.7373 194.2797 1.6301 1.6710 4.2858 -0.2015 1.8814 65.6040 1.7251 0.0878
Car -1 -1 1.5719 302.3931 182.9079 327.2588 205.9461 1.5297 1.5994 4.1033 -21.2433 2.2854 52.0335 1.1858 0.0863
Car -1 -1 3.3650 743.9252 168.3057 795.2066 186.8645 1.4847 1.5964 3.8553 13.1392 1.1208 59.2662 3.5819 0.0860
Car -1 -1 1.5718 408.5566 181.0026 431.7014 203.4138 1.5124 1.5659 4.0911 -13.7629 2.1293 52.4509 1.3161 0.0856
Car -1 -1 1.5397 399.0885 179.3426 421.9457 200.4138 1.5993 1.6552 4.1981 -16.1379 2.1447 58.3996 1.2709 0.0853
Car -1 -1 4.7852 343.4690 185.2579 371.4859 206.1628 1.4108 1.6555 4.2063 -18.6839 2.3709 53.6039 4.4510 0.0804
Car -1 -1 1.5010 680.2070 181.0439 725.2873 218.4457 1.4739 1.6456 4.2742 4.0087 1.8569 31.5661 1.6255 0.0795
Car -1 -1 1.9879 281.2459 187.2456 338.0949 215.4801 1.5960 1.6795 4.2946 -18.6878 2.5401 45.1646 1.5973 0.0792
Car -1 -1 0.9327 932.7284 246.3419 1242.0000 375.0000 1.4507 1.5396 3.4853 2.7657 1.9316 2.9316 1.6382 0.0760
Car -1 -1 1.7830 485.1626 178.4181 526.6841 206.8271 1.6259 1.6349 4.3939 -6.3195 1.9858 44.4252 1.6421 0.0757
Car -1 -1 4.5856 1145.4586 183.1740 1242.0000 375.0000 1.4778 1.6327 3.9065 3.9283 1.5627 3.8806 5.3391 0.0756
Car -1 -1 3.0124 205.1744 204.8501 1242.0000 375.0000 1.4894 1.6538 4.1206 0.7620 1.6704 3.0736 3.2306 0.0740
Car -1 -1 1.4691 311.1486 186.8262 347.1536 214.4370 1.5448 1.6642 4.3666 -17.5439 2.4620 45.0428 1.0994 0.0679
Car -1 -1 3.1613 711.3347 170.1407 790.6566 200.5169 1.5464 1.6228 4.0086 7.4295 1.4082 37.9451 3.3527 0.0678
Car -1 -1 1.6561 466.7979 180.0296 505.8065 213.8044 1.6654 1.7024 4.1542 -6.5407 2.0708 38.6274 1.4890 0.0676
Car -1 -1 1.0814 379.0906 182.5748 419.1999 201.7936 1.4920 1.5935 3.8081 -17.4833 2.3245 59.8756 0.7981 0.0667
Car -1 -1 3.0682 625.3211 181.1777 673.1364 199.2921 1.6570 1.7924 4.3652 3.6996 2.4501 67.8048 3.1220 0.0666
Car -1 -1 -0.2363 791.6013 170.8677 849.1619 191.2713 1.5018 1.6341 3.8590 15.7458 1.3556 54.0132 0.0456 0.0664
Car -1 -1 1.2763 400.9620 179.1108 436.7091 199.1377 1.4941 1.6440 4.0436 -15.1857 2.0099 57.3290 1.0182 0.0664
Car -1 -1 -0.4676 1024.6045 189.9223 1242.0000 343.0210 1.4784 1.6117 3.9897 7.3498 1.7082 8.4801 0.2286 0.0662
Car -1 -1 1.9298 311.3371 190.1378 359.8314 214.5979 1.4794 1.6774 4.2205 -18.4348 2.6975 48.7364 1.5696 0.0650
Car -1 -1 0.1030 349.3611 187.5877 427.8328 219.2490 1.5831 1.5241 3.8355 -11.6460 2.3864 38.2268 -0.1912 0.0642
Car -1 -1 1.6901 361.9490 183.4858 396.2360 208.6472 1.4810 1.6216 4.0529 -14.7769 2.1966 46.4223 1.3833 0.0614
Car -1 -1 -0.7943 804.6560 276.7087 1242.0000 375.0000 1.4669 1.6034 3.6810 2.6834 1.9162 2.3173 0.0013 0.0606
Car -1 -1 3.7119 479.3725 184.3234 1231.1472 375.0000 1.5071 1.6404 4.1929 1.0777 1.6122 4.5484 3.9280 0.0598
Car -1 -1 1.4472 503.9158 181.5341 536.6976 207.3355 1.6379 1.7069 4.4318 -6.1978 2.2647 49.7479 1.3234 0.0597
Car -1 -1 1.7325 333.3525 182.1396 366.6880 205.2305 1.5184 1.5814 4.1215 -18.4246 2.2073 51.3610 1.3894 0.0595
Car -1 -1 -0.2954 753.3658 168.5844 837.9702 197.9955 1.5108 1.6304 4.0090 9.7517 1.2915 37.9711 -0.0462 0.0592
Car -1 -1 -0.2727 706.7358 166.0665 773.4993 189.7676 1.5075 1.6298 3.9767 8.4563 1.0758 46.8929 -0.0957 0.0589
Car -1 -1 1.4615 361.6902 181.9499 392.6151 206.2209 1.5816 1.6339 4.1833 -16.4418 2.2520 50.9409 1.1505 0.0584
Car -1 -1 5.2269 160.1855 203.4782 353.6577 301.9494 1.4464 1.5838 3.8512 -6.5033 2.1169 13.8153 4.7937 0.0580
Car -1 -1 1.2695 764.6920 164.2942 821.0701 196.2661 1.5127 1.6346 3.9169 9.1076 1.1077 36.1401 1.5141 0.0546
Car -1 -1 1.3017 304.1193 189.2231 354.2250 217.6229 1.5051 1.6942 4.3609 -16.7897 2.5339 43.0947 0.9319 0.0544
Car -1 -1 2.7813 710.5333 180.4247 821.7444 218.3766 1.4924 1.6720 4.1935 6.4640 1.8188 29.9688 2.9911 0.0543
Car -1 -1 1.4685 982.2119 170.6120 1082.4261 242.9621 1.4931 1.5960 3.8645 9.8041 1.4469 16.9807 1.9841 0.0542
Car -1 -1 5.1353 314.6053 191.2202 363.7780 215.8501 1.4681 1.6542 3.7387 -17.8464 2.7334 47.7917 4.7794 0.0537
Car -1 -1 4.3128 685.1967 170.1573 731.6859 194.6380 1.5548 1.6122 4.0375 6.5199 1.3835 47.9839 4.4467 0.0537
Car -1 -1 1.8021 338.1517 182.5859 377.9913 207.4026 1.5981 1.6941 4.2224 -17.4938 2.3069 50.3643 1.4691 0.0535
Car -1 -1 1.5007 288.8245 194.1823 332.3691 229.6068 1.4534 1.6458 3.8927 -14.2335 2.5282 34.2519 1.1092 0.0532
Car -1 -1 1.3049 784.2805 164.7088 812.8357 180.7748 1.4689 1.5933 4.0323 17.7705 0.7242 67.9937 1.5593 0.0529
Car -1 -1 3.0105 775.3311 167.5481 859.1591 197.3041 1.4953 1.6433 3.9861 10.6895 1.2287 37.3596 3.2868 0.0511
Car -1 -1 0.4366 85.9759 199.6380 331.8993 283.0511 1.5044 1.5979 4.0288 -7.8986 2.0765 14.5045 -0.0548 0.0508
Car -1 -1 2.8194 759.2895 164.9162 852.5710 196.8431 1.5261 1.6301 4.1138 9.5967 1.1466 35.4255 3.0815 0.0504