Car -1 -1 3.4967 202.5019 191.3675 413.1010 265.2105 1.5024 1.6508 3.9827 -6.5648 1.9357 16.0053 3.1127 0.9631
Car -1 -1 4.3994 726.9345 180.9436 1031.4321 375.0000 1.5919 1.6817 4.3515 2.5331 1.7062 7.9984 4.6941 0.9557
Car -1 -1 2.0872 0.0000 217.6135 373.5289 375.0000 1.3575 1.4764 3.5395 -2.7034 1.7359 4.3172 1.5539 0.9421
Car -1 -1 4.6053 639.7758 183.2291 675.3989 211.6502 1.4979 1.6120 4.1135 2.7220 2.1267 41.6424 4.6695 0.8792
Car -1 -1 0.4467 0.0000 193.7679 331.1375 297.1346 1.4120 1.5994 4.1094 -6.6803 1.7648 11.2091 -0.0808 0.7243
Car -1 -1 3.3173 453.3220 187.6525 531.5500 218.5491 1.4639 1.5666 3.6091 -5.7668 2.2144 35.7781 3.1581 0.5762
Car -1 -1 3.3527 376.0634 190.7685 501.2127 233.9802 1.4592 1.5641 4.1259 -6.0553 2.1216 25.8614 3.1243 0.4925
Car -1 -1 2.9072 730.1583 178.2418 809.9304 203.5646 1.4754 1.6502 4.4057 9.5815 1.8050 43.2731 3.1232 0.4479
Car -1 -1 0.1043 443.1493 166.3360 531.9006 196.4039 1.5522 1.7676 4.4783 -6.4095 1.2157 38.2672 -0.0608 0.4212
Car -1 -1 0.1734 416.1294 182.7093 512.8877 217.1542 1.4437 1.4989 3.9382 -6.2770 1.8846 31.4888 -0.0223 0.4135
Car -1 -1 4.8685 358.5053 178.9436 385.9087 198.3169 1.4972 1.5709 3.6515 -19.3395 2.0106 58.9022 4.5523 0.3443
Car -1 -1 3.5724 246.9501 195.1729 417.5695 257.7318 1.4620 1.5835 3.7545 -7.0117 2.0612 18.4463 3.2133 0.3321
Car -1 -1 4.7168 519.8002 172.6926 541.3323 193.2260 1.5527 1.6211 3.9475 -6.1868 1.5405 56.6098 4.6082 0.3088
Car -1 -1 1.7574 394.6732 178.2206 423.9883 197.4501 1.4957 1.6056 3.9842 -16.4192 1.9521 59.3178 1.4882 0.3065
Car -1 -1 1.5189 400.3878 186.4792 461.7604 239.9255 1.4563 1.6859 4.5059 -5.8413 1.9414 23.2854 1.2752 0.2558
Car -1 -1 4.7842 516.8978 176.4636 543.5734 198.7681 1.4939 1.5950 3.8627 -5.5617 1.7584 50.9190 4.6756 0.2345
Car -1 -1 1.6917 497.0764 183.7033 538.5881 214.9083 1.4476 1.6183 4.1085 -4.6394 2.0343 36.9596 1.5672 0.2142
Car -1 -1 1.7978 444.4214 189.2894 511.2889 232.7830 1.4333 1.6136 4.0431 -4.9088 2.1043 27.3948 1.6216 0.2064
Car -1 -1 4.4345 810.9316 163.9018 869.3790 197.5716 1.4578 1.5513 3.8350 10.5247 1.0702 33.1774 4.7389 0.1931
Car -1 -1 4.3614 704.8314 179.3733 753.6319 208.5820 1.4427 1.4677 3.3898 6.2920 1.8046 38.2475 4.5227 0.1720
Car -1 -1 1.3379 405.7914 173.8841 434.1499 191.9922 1.5591 1.5849 3.9421 -16.9681 1.6541 64.4750 1.0813 0.1694
Car -1 -1 1.4949 415.4903 175.6142 443.3847 199.7241 1.5667 1.5678 3.8585 -12.3729 1.7638 49.4412 1.2506 0.1583
Car -1 -1 3.3816 496.0233 176.4717 546.4286 198.8862 1.5101 1.5935 3.1721 -6.0886 1.7652 49.9058 3.2604 0.1532
Car -1 -1 3.4047 404.4689 189.6723 507.1269 228.5156 1.4377 1.6019 3.6581 -6.0004 2.1205 28.3903 3.1977 0.1405
Car -1 -1 4.7391 431.6691 165.0325 451.5010 185.2203 1.8553 1.7205 4.0849 -15.9133 1.1365 68.4842 4.5115 0.1352
Car -1 -1 4.5098 888.1262 171.0091 943.6898 205.6484 1.4837 1.5940 3.7352 13.8883 1.4047 32.8911 4.9058 0.1256
Car -1 -1 2.1100 136.5377 182.2741 199.0594 209.8706 1.4990 1.4725 3.5991 -25.7761 2.0739 42.2283 1.5645 0.1216
Car -1 -1 4.5354 424.9900 181.2065 476.3069 216.5434 1.4263 1.5793 3.8670 -7.1442 1.8232 32.1992 4.3183 0.1208
Car -1 -1 0.1672 889.4449 168.6608 976.6975 198.8493 1.4986 1.5910 3.9393 16.8194 1.2905 37.5700 0.5849 0.1200
Car -1 -1 -0.0143 611.7708 167.3443 662.8272 185.4565 1.5297 1.6406 4.3128 2.3621 1.0643 61.8076 0.0235 0.1165
Car -1 -1 1.4249 796.2401 175.9106 823.1912 194.7000 1.4553 1.5381 3.9920 16.2270 1.7125 58.6361 1.6932 0.1124
Car -1 -1 1.5440 634.3275 186.9188 661.8267 214.2328 1.5472 1.5967 3.9333 2.3591 2.4611 44.9008 1.5955 0.1097
Car -1 -1 4.4031 762.7935 169.1016 842.6387 215.0370 1.4798 1.6074 3.7310 6.6323 1.3589 25.1508 4.6576 0.1097
Car -1 -1 4.6254 141.0433 183.2372 187.9868 217.4403 1.5012 1.6120 3.9059 -21.5997 2.0338 34.9614 4.0752 0.1049
Car -1 -1 4.6440 209.4808 181.2282 252.3100 214.6756 1.4548 1.5669 3.6416 -18.0495 1.8760 34.3284 4.1629 0.1036
Car -1 -1 4.9742 765.7254 173.6849 795.1035 190.9153 1.4795 1.6071 3.8458 15.2357 1.5558 64.2287 5.2058 0.0978
Car -1 -1 1.5402 224.1019 175.5142 261.5436 206.6810 1.5229 1.6311 4.2693 -19.3054 1.6710 37.9068 1.0717 0.0976
Car -1 -1 0.3557 339.4912 187.7457 476.0002 235.2764 1.4426 1.6171 3.9647 -6.5109 1.9477 23.4921 0.0876 0.0953
Car -1 -1 -0.1777 789.9347 166.9735 924.5269 214.7424 1.4889 1.5855 3.9310 7.9864 1.3056 23.5571 0.1449 0.0926
Car -1 -1 1.8924 395.5583 188.7533 478.6163 236.7869 1.4540 1.5727 4.2328 -5.9701 2.0632 25.4656 1.6638 0.0882
Car -1 -1 4.5304 979.3080 195.8215 1168.9989 325.7267 1.5084 1.6809 4.1632 7.0555 1.9432 11.4158 5.0714 0.0870
Car -1 -1 4.3268 917.7421 170.4480 978.7211 200.1596 1.4810 1.5226 3.9298 17.7351 1.3611 37.9645 4.7605 0.0835
Car -1 -1 1.9814 328.9030 175.0250 383.2740 202.0190 1.4994 1.6307 3.7724 -14.8025 1.6326 42.3324 1.6467 0.0829
Car -1 -1 3.1022 487.4736 184.8882 564.8750 215.6864 1.4467 1.5772 3.7341 -4.1524 2.0614 35.7930 2.9870 0.0829
Car -1 -1 3.1845 620.6473 172.6785 672.5606 191.9718 1.4676 1.6139 3.9495 2.8909 1.4543 55.8746 3.2356 0.0826
Car -1 -1 4.6240 295.7071 178.5970 350.6017 221.6608 1.4230 1.5599 3.4989 -10.4724 1.6473 26.2666 4.2477 0.0820
Car -1 -1 4.7968 396.9860 172.5675 422.7849 193.9177 1.7254 1.7064 4.5673 -16.7582 1.7023 60.7122 4.5284 0.0799
Car -1 -1 1.3476 885.2866 168.6118 936.3130 200.1528 1.5478 1.5912 3.9677 15.5806 1.3396 37.4959 1.7383 0.0793
Car -1 -1 1.6503 187.6311 181.3909 224.7851 209.7057 1.5230 1.5750 3.9591 -23.5476 2.0477 42.2213 1.1440 0.0788
Car -1 -1 4.8765 405.1886 176.8334 445.0551 205.2894 1.5180 1.5947 3.7405 -10.4171 1.7546 40.9612 4.6287 0.0763
Car -1 -1 2.7592 894.2404 170.8414 1005.0886 205.5675 1.4901 1.5907 4.1332 14.9496 1.4037 31.8628 3.1940 0.0762
Car -1 -1 5.0876 301.0995 175.8122 358.4745 204.6463 1.5106 1.6558 3.8899 -15.4924 1.6832 40.1538 4.7213 0.0758
Car -1 -1 4.8640 517.3299 176.5425 546.8356 199.1316 1.4837 1.5595 3.1040 -5.2838 1.7448 49.4960 4.7578 0.0755
Car -1 -1 1.3513 623.9850 190.1574 661.7318 215.4745 1.4859 1.6767 3.7518 2.1277 2.6625 47.0675 1.3955 0.0737
Car -1 -1 1.6077 355.7795 177.1447 379.4315 197.2115 1.4953 1.6094 4.2160 -19.0697 1.8475 56.9784 1.2858 0.0729
Car -1 -1 0.3771 376.6925 178.2996 432.3980 197.0549 1.4897 1.5892 4.0741 -16.7087 1.9416 58.8849 0.1015 0.0711
Car -1 -1 4.4692 893.6169 171.3918 965.9949 219.1604 1.5064 1.5428 2.9727 10.7267 1.4603 24.3482 4.8793 0.0686
Car -1 -1 4.7251 632.4349 171.1501 655.7594 191.4115 1.5501 1.7843 4.4325 2.7778 1.4198 57.4685 4.7728 0.0671
Car -1 -1 4.5576 368.6569 175.3530 416.4249 207.8374 1.4357 1.6058 3.8174 -10.3546 1.5616 34.2755 4.2660 0.0666
Car -1 -1 1.5248 137.2445 180.3887 173.8779 209.7758 1.5881 1.6341 4.2659 -26.6796 2.0535 42.3498 0.9653 0.0653
Car -1 -1 1.5522 800.2624 173.9103 823.0182 194.0637 1.5123 1.6320 4.2467 15.8280 1.5986 56.6416 1.8230 0.0639
Car -1 -1 1.4177 482.9792 186.5513 525.9200 218.9426 1.4576 1.5873 3.6436 -5.3056 2.1806 36.1128 1.2723 0.0638
Car -1 -1 2.7422 945.2059 168.7034 1041.6077 199.5515 1.5132 1.6285 3.9699 19.2848 1.3096 36.3736 3.2261 0.0637
Car -1 -1 0.0044 426.5892 171.1156 505.0602 198.2845 1.4600 1.6020 4.1778 -7.9330 1.3666 39.9556 -0.1906 0.0636
Car -1 -1 0.9643 256.0226 179.1490 328.8408 209.0825 1.5622 1.6457 4.1508 -17.6872 1.9285 40.1980 0.5519 0.0603
Car -1 -1 5.0385 435.2931 165.5242 466.8221 185.0600 1.7882 1.7194 3.9788 -14.9229 1.1173 68.1198 4.8235 0.0597
Car -1 -1 4.8232 627.2791 168.8106 651.0229 186.7468 1.5050 1.6255 4.0184 2.6001 1.1657 62.6503 4.8642 0.0589
Car -1 -1 1.7252 790.5120 176.0044 827.2439 202.9108 1.5587 1.5974 3.9436 12.3087 1.7619 44.4221 1.9933 0.0587
Car -1 -1 3.1580 502.2232 172.3819 552.9008 192.1164 1.4890 1.5900 3.8125 -6.2775 1.4534 55.4151 3.0455 0.0580
Car -1 -1 4.8276 504.5241 174.5362 542.7633 203.3074 1.4869 1.6254 3.9925 -4.6528 1.5837 39.5200 4.7107 0.0580
Car -1 -1 1.0090 141.6779 185.9395 193.6485 207.6257 1.5078 1.5238 3.7584 -32.7819 2.5059 53.5179 0.4614 0.0576