Car -1 -1 5.3029 0.0000 201.5723 266.7962 376.0000 1.4405 1.5533 3.7193 -3.8410 1.5929 4.7988 4.6548 0.8882
Car -1 -1 4.6984 571.7764 179.1617 607.2463 212.2840 1.5283 1.6379 4.0775 -0.8968 1.2490 35.2387 4.6727 0.8608
Car -1 -1 5.0423 319.6468 182.9758 407.4947 230.0346 1.4859 1.6396 3.9594 -8.2457 1.4152 24.6861 4.7228 0.8599
Car -1 -1 5.3917 0.0000 181.9866 116.2232 260.0406 1.4512 1.5729 3.6222 -12.3944 1.3912 15.1791 4.7155 0.7177
Car -1 -1 5.4575 0.0000 187.1597 94.1818 332.6065 1.4256 1.5443 3.6469 -8.4421 1.4547 8.9200 4.7147 0.3281
Car -1 -1 1.6062 386.0401 176.3698 413.7057 201.8938 1.6104 1.6098 3.9061 -13.6432 1.0523 47.4457 1.3274 0.2549
Car -1 -1 4.6668 395.4005 185.9310 436.4981 220.9909 1.4391 1.5749 3.9621 -8.4857 1.4727 31.7189 4.4071 0.2445
Car -1 -1 5.1433 223.1320 160.2760 377.2904 252.8235 2.0616 1.8457 4.5010 -7.5786 1.5060 18.3012 4.7556 0.1969
Car -1 -1 4.7300 490.2696 163.3609 513.2017 185.5832 1.6539 1.6793 4.2240 -8.1365 0.0274 55.7026 4.5855 0.1927
Car -1 -1 4.8567 586.4793 178.0516 614.6098 198.9905 1.5631 1.6305 3.9344 -0.4794 1.0283 55.7220 4.8477 0.1523
Car -1 -1 3.5030 322.1537 186.4854 431.6308 221.0135 1.4256 1.6067 4.1468 -9.7712 1.4813 30.6632 3.1967 0.1269
Car -1 -1 1.6651 372.9267 176.6663 407.6416 203.9203 1.5937 1.6520 4.1449 -13.2927 1.0938 44.2289 1.3745 0.1172
Car -1 -1 4.7010 342.6405 161.1992 370.1584 186.0677 1.5628 1.6430 3.6847 -16.4769 0.0535 47.1875 4.3667 0.0945
Car -1 -1 1.8418 345.9218 188.8554 408.0760 223.6668 1.4605 1.6188 4.1779 -10.3851 1.6368 32.7164 1.5363 0.0887
Car -1 -1 4.7461 515.6768 167.0092 547.5972 196.6559 1.5244 1.5892 3.5322 -4.0355 0.5882 38.7787 4.6429 0.0857
Car -1 -1 1.7009 585.3372 174.1895 614.1411 197.6052 1.6597 1.6561 3.6636 -0.5138 0.8782 52.8711 1.6908 0.0856
Car -1 -1 1.3313 378.4690 174.2178 408.4804 193.3833 1.5634 1.5623 3.8492 -18.0719 0.6663 60.6969 1.0429 0.0856
Car -1 -1 1.4434 379.4637 177.1075 416.7610 203.6738 1.5149 1.6433 4.1279 -12.6086 1.0525 43.2111 1.1608 0.0848
Car -1 -1 1.9273 348.5204 177.0016 400.6538 204.4909 1.5716 1.6489 4.0804 -13.8973 1.1020 43.1729 1.6173 0.0847
Car -1 -1 2.6197 562.9247 178.6410 617.4865 200.4852 1.5986 1.6719 3.7922 -1.2731 1.1175 54.3067 2.5959 0.0846
Car -1 -1 1.8351 371.6434 176.9770 415.1205 202.5952 1.5565 1.6088 4.1810 -13.5542 1.0560 45.7849 1.5485 0.0830
Car -1 -1 3.8599 347.5009 173.2969 412.6667 197.7735 1.5369 1.6556 3.9148 -14.7498 0.7885 46.6827 3.5553 0.0813
Car -1 -1 0.4782 0.0000 187.9651 102.9269 314.7010 1.4837 1.6201 4.0364 -9.5340 1.5264 9.8090 -0.2794 0.0804
Car -1 -1 1.5641 373.6230 185.7889 414.1990 222.3428 1.4502 1.5590 3.8944 -9.1042 1.4763 30.6736 1.2775 0.0795
Car -1 -1 2.3429 0.0000 145.3908 160.8813 376.0000 1.5457 1.6497 4.2452 -3.9459 1.4929 3.1377 1.4855 0.0694
Car -1 -1 5.1487 173.9048 137.2338 355.9685 247.0842 2.1548 1.8869 4.6912 -7.5406 1.2136 16.4586 4.7251 0.0681
Car -1 -1 1.5944 377.9146 188.6689 413.8727 220.3002 1.4629 1.6152 4.0172 -10.4878 1.6455 35.8632 1.3114 0.0639
Car -1 -1 2.0297 420.8305 178.1305 472.5276 202.8171 1.4792 1.6166 3.8677 -10.0195 1.0546 45.1433 1.8122 0.0637
Car -1 -1 4.9640 402.3844 185.5709 462.7583 221.1616 1.4537 1.5960 4.0393 -7.5518 1.4702 31.4349 4.7297 0.0621
Car -1 -1 1.6163 480.5788 189.9906 522.9557 227.6839 1.4669 1.5955 3.7412 -4.4021 1.6817 30.4057 1.4733 0.0608
Car -1 -1 4.7050 540.5117 162.3379 563.3497 185.7028 1.7570 1.7146 3.8413 -4.3215 0.0366 56.0416 4.6282 0.0605
Car -1 -1 4.8320 493.2054 167.6096 535.3751 200.0890 1.5370 1.6347 3.8617 -4.5898 0.7038 35.9541 4.7057 0.0602
Car -1 -1 4.5739 527.7468 171.1805 566.7761 200.5533 1.5386 1.6345 3.8068 -3.3546 0.8034 39.6917 4.4898 0.0590
Car -1 -1 4.9209 499.2056 162.3181 545.8541 193.8918 1.5549 1.6264 3.9297 -4.3476 0.4273 37.4326 4.8059 0.0589
Car -1 -1 4.7108 513.7232 172.5721 544.4104 201.2103 1.5372 1.6413 3.8329 -4.4107 0.8585 40.5804 4.6030 0.0586
Car -1 -1 2.9677 311.1206 189.2810 406.3532 222.9317 1.4829 1.6351 4.0081 -11.6551 1.6834 33.7700 2.6374 0.0569
Car -1 -1 2.8677 370.9754 177.9260 437.4898 202.2010 1.5095 1.5729 3.8482 -13.0780 1.0562 46.3744 2.5940 0.0549
Car -1 -1 2.0053 0.0000 195.7853 139.1798 360.1144 1.4360 1.5836 3.9338 -7.2830 1.5942 8.6538 1.3208 0.0549
Car -1 -1 3.9520 518.6699 164.1798 564.4352 183.0925 1.6133 1.6007 4.1804 -5.8454 -0.1941 63.7455 3.8607 0.0521
Car -1 -1 1.8897 354.0585 174.7820 402.0459 200.9729 1.5612 1.6400 4.1148 -14.2492 0.9392 44.9167 1.5839 0.0517
Car -1 -1 4.9060 356.8482 164.6854 396.5762 190.8801 1.6575 1.7130 4.2591 -15.2327 0.3584 47.7008 4.5983 0.0510
Car -1 -1 4.8572 418.6895 149.8083 503.9410 209.7422 1.5351 1.7476 4.4057 -4.0584 0.6282 20.6538 4.6656 0.0504