Car -1 -1 1.7219 383.9776 187.7169 458.4511 239.5626 1.3769 1.6421 3.8635 -5.7209 1.8777 22.3125 1.4731 0.9608
Car -1 -1 1.7253 429.7265 185.1953 479.2554 222.1035 1.4093 1.5271 3.4172 -6.4876 1.9602 30.4662 1.5167 0.7990
Car -1 -1 1.2780 635.3283 167.7326 729.0620 228.5616 1.6526 1.6799 4.0910 2.0726 1.5135 21.7742 1.3710 0.7639
Car -1 -1 4.8523 535.8947 175.4823 565.3075 196.8710 1.5057 1.6305 3.9308 -4.3161 1.7072 53.2984 4.7715 0.3314
Car -1 -1 4.7445 527.4159 175.1178 551.5768 197.3254 1.5752 1.6573 4.0079 -5.1751 1.7499 53.6497 4.6484 0.1755
Car -1 -1 -0.2383 642.2324 150.0710 727.6623 179.3558 1.5476 1.6404 4.3555 4.0690 0.3436 39.2374 -0.1358 0.1547
Car -1 -1 1.8389 523.5779 172.9162 562.5530 196.6984 1.6130 1.6784 4.2710 -4.6655 1.6176 51.1988 1.7481 0.1105
Car -1 -1 4.5195 516.8148 174.5336 546.8427 195.9547 1.5497 1.5782 3.6762 -5.9028 1.6811 54.4991 4.4118 0.1036
Car -1 -1 4.7367 647.4976 148.3282 678.4413 178.6792 1.5948 1.6123 3.8735 2.9946 0.3061 39.9193 4.8109 0.1016
Car -1 -1 1.3732 663.5779 159.8709 727.3432 203.7587 1.4995 1.5924 3.8753 3.0904 1.0559 26.6498 1.4870 0.0855
Car -1 -1 3.2853 518.5508 174.9961 576.9521 196.3071 1.5475 1.6576 4.1216 -4.5571 1.7092 53.5329 3.2005 0.0837
Car -1 -1 3.8058 374.3537 185.8715 478.5874 224.9203 1.4780 1.6476 4.0345 -7.5990 2.0463 29.9286 3.5588 0.0712
Car -1 -1 1.6951 531.0394 172.4321 562.0771 196.5597 1.5985 1.6461 4.0251 -4.3096 1.5705 49.8447 1.6089 0.0663
Car -1 -1 -0.4014 530.8173 175.9794 590.5799 196.9067 1.4754 1.6217 4.0699 -3.5810 1.7121 53.0022 -0.4689 0.0605
Car -1 -1 5.1871 525.0058 175.7410 568.1613 197.8327 1.5961 1.6518 3.9266 -4.7394 1.8239 54.8166 5.1009 0.0576
Car -1 -1 0.0833 520.9116 175.3527 574.8545 196.1852 1.4875 1.5799 3.7919 -4.4584 1.6721 52.5042 -0.0014 0.0529
Car -1 -1 3.4096 613.6212 157.1591 691.5339 185.9651 1.5137 1.5650 3.9626 2.3483 0.6889 39.2921 3.4686 0.0526
Car -1 -1 4.3859 700.2646 147.5961 777.9734 192.8104 1.5479 1.6538 3.9048 4.7078 0.6832 26.7586 4.5579 0.0515
Car -1 -1 1.9100 514.0608 173.3151 556.2072 197.0206 1.5326 1.6277 3.9006 -4.9857 1.5652 48.8181 1.8084 0.0503