Car -1 -1 4.5048 636.0829 175.4076 728.1182 240.7209 1.5916 1.6970 4.0170 1.8737 1.6693 19.8401 4.5967 0.9475
Car -1 -1 0.8273 0.0000 193.6693 174.1846 375.0000 1.5761 1.6825 3.9892 -6.6291 1.8041 6.9017 0.0813 0.5882
Car -1 -1 4.5247 578.1344 174.3930 605.1957 194.2339 1.5121 1.5363 3.3692 -1.4434 1.6377 57.0787 4.4992 0.5583
Car -1 -1 1.3240 393.1905 177.8387 466.5262 223.9899 1.5607 1.6663 4.3596 -6.8556 1.7647 27.2148 1.0791 0.4664
Car -1 -1 3.3183 383.2605 175.0360 463.8059 206.4606 1.4984 1.5679 3.6095 -9.0874 1.6084 35.4448 3.0687 0.3119
Car -1 -1 1.2896 632.0717 176.0966 673.2574 200.1449 1.4820 1.6410 3.9801 2.7672 1.7035 47.1609 1.3474 0.2878
Car -1 -1 1.8073 464.6700 184.6759 502.3431 209.6699 1.5027 1.5561 3.8961 -8.2072 2.3097 47.2618 1.6358 0.2373
Car -1 -1 4.9358 358.5269 174.7529 453.9978 238.1949 1.5107 1.6189 3.7874 -5.2888 1.5664 19.2233 4.6703 0.2282
Car -1 -1 1.9175 322.2709 171.7827 423.0450 222.5656 1.4176 1.6152 4.1260 -7.1585 1.3877 22.2347 1.6091 0.2271
Car -1 -1 1.8894 304.4167 177.6620 447.7372 273.1014 1.5847 1.5153 3.7208 -4.3623 1.6908 14.0467 1.5929 0.2201
Car -1 -1 3.5376 254.1087 178.7494 400.1290 230.7700 1.4375 1.4841 3.6519 -8.1174 1.6149 20.9149 3.1713 0.2142
Car -1 -1 3.1197 634.1874 177.6662 691.8654 201.2395 1.4630 1.5959 3.6069 3.3886 1.7759 46.0295 3.1923 0.2071
Car -1 -1 3.4787 397.0221 175.6965 479.9217 204.8166 1.4798 1.6077 3.9223 -8.9459 1.6330 37.8714 3.2480 0.1857
Car -1 -1 4.9351 303.8413 160.6829 360.0994 195.4581 1.4455 1.5096 3.7983 -12.2248 0.9396 31.9771 4.5725 0.1793
Car -1 -1 3.3907 314.5944 177.6349 462.7609 229.7397 1.4433 1.5215 3.8600 -6.3362 1.5878 20.9796 3.1004 0.1678
Car -1 -1 5.0157 420.3066 174.2111 473.0718 205.4713 1.4911 1.5651 3.6832 -8.1706 1.5633 36.4837 4.7966 0.1658
Car -1 -1 3.3049 344.0347 183.9516 467.8103 227.0699 1.4558 1.6122 4.0635 -7.2231 1.8699 25.9027 3.0351 0.1644
Car -1 -1 3.3244 402.4882 161.2101 488.9106 191.0455 1.6117 1.7091 4.4229 -9.0085 0.9827 39.9152 3.1036 0.1439
Car -1 -1 4.7233 294.3961 169.1660 318.8283 190.9352 1.5800 1.6448 3.9844 -22.8589 1.3123 54.5231 4.3279 0.1400
Car -1 -1 2.6936 608.7241 180.0564 675.8306 205.1384 1.5141 1.5767 3.9766 2.0851 1.9875 45.9255 2.7382 0.1385
Car -1 -1 1.8001 455.3589 179.5083 510.6162 213.8180 1.3995 1.5730 3.8986 -5.5750 1.7147 32.1955 1.6295 0.1375
Car -1 -1 0.2061 292.6418 172.0595 427.9248 218.5591 1.4382 1.5407 3.8941 -7.9611 1.4136 23.3145 -0.1198 0.1223
Car -1 -1 4.2384 637.4645 178.8760 688.0196 203.8056 1.4727 1.5983 3.8731 3.3192 1.8718 45.7298 4.3099 0.1221
Car -1 -1 1.5905 442.4242 177.7741 480.3699 212.6014 1.4150 1.5477 3.9123 -6.5147 1.6470 31.9608 1.3906 0.1091
Car -1 -1 4.8757 108.6531 167.2374 149.6754 192.9725 1.5391 1.5628 3.5740 -29.9726 1.2032 45.1011 4.2918 0.1066
Car -1 -1 4.9256 0.0000 207.7950 174.6178 375.0000 1.4972 1.6417 3.9968 -5.8950 1.9763 7.7351 4.2905 0.1057
Car -1 -1 4.9137 413.0942 160.9242 445.7982 184.1732 1.8287 1.7811 4.1926 -14.6506 0.8903 58.8843 4.6707 0.1054
Car -1 -1 1.4705 578.2583 171.6402 605.3205 194.5421 1.6893 1.6657 4.1513 -1.4007 1.5997 55.3854 1.4450 0.1029
Car -1 -1 1.5318 630.6853 179.7411 652.0928 200.3678 1.5502 1.5506 3.7492 2.5024 2.1156 57.3574 1.5747 0.0992
Car -1 -1 4.8315 77.6179 151.1684 134.2843 188.7636 1.5876 1.6434 3.7212 -22.6038 0.6719 32.4994 4.2276 0.0989
Car -1 -1 0.9579 439.7675 185.4885 494.4565 210.4275 1.4751 1.6123 3.7096 -9.1930 2.3207 46.4308 0.7631 0.0986
Car -1 -1 1.2547 471.8312 175.2920 509.6334 197.7673 1.5822 1.5910 4.0143 -8.8326 1.7699 53.4081 1.0912 0.0976
Car -1 -1 3.0035 453.1982 179.8159 550.7886 214.6530 1.4215 1.5694 4.0077 -4.6768 1.7361 31.2858 2.8558 0.0966
Car -1 -1 1.5109 625.1614 185.9190 656.5355 214.2023 1.4758 1.5654 3.7209 1.7488 2.2567 41.2544 1.5524 0.0955
Car -1 -1 3.5316 271.2125 175.6312 441.7008 237.7397 1.4986 1.6247 3.7717 -6.3784 1.5731 18.4179 3.2022 0.0928
Car -1 -1 2.9614 589.3049 187.6186 655.0010 215.5918 1.4643 1.6705 3.3987 0.6739 2.3060 40.0340 2.9774 0.0908
Car -1 -1 5.0198 348.3076 172.7491 432.0634 219.8772 1.4537 1.6005 3.7526 -7.2336 1.4504 24.1472 4.7314 0.0905
Car -1 -1 1.3634 577.9106 173.8910 607.2827 195.4021 1.6820 1.5826 4.0846 -1.4191 1.7697 58.7984 1.3390 0.0895
Car -1 -1 2.9455 405.7742 188.0527 520.0225 231.0318 1.4311 1.4665 3.8957 -5.3726 2.0185 26.4605 2.7465 0.0870
Car -1 -1 3.4300 245.4665 158.8088 352.9958 194.5705 1.4691 1.5711 3.9075 -13.1042 0.8921 30.6416 3.0289 0.0864
Car -1 -1 4.7189 665.7744 173.1729 703.9675 210.0953 1.5287 1.5790 3.6881 3.3293 1.5436 31.8257 4.8216 0.0848
Car -1 -1 1.2293 630.9161 177.5247 678.9085 203.7651 1.4905 1.6511 4.0407 2.7042 1.7889 43.9277 1.2899 0.0838
Car -1 -1 1.8698 298.5113 175.8147 395.6126 231.1049 1.4398 1.5262 3.9680 -7.5111 1.5343 21.0184 1.5301 0.0837
Car -1 -1 1.6493 624.1641 179.7739 652.8947 204.6239 1.4943 1.5525 3.8620 1.9040 1.9596 46.5156 1.6895 0.0829
Car -1 -1 5.0762 433.7669 176.0289 492.0828 206.8680 1.5064 1.6493 4.0617 -7.6115 1.6822 37.8246 4.8786 0.0790
Car -1 -1 0.8263 0.0000 149.4178 52.6045 185.7446 1.5832 1.6446 4.3231 -27.7793 0.5618 32.5282 0.1234 0.0763
Car -1 -1 0.3185 244.4664 180.1273 465.2569 258.4985 1.4796 1.5823 3.9046 -5.0229 1.6347 14.5795 -0.0083 0.0745
Car -1 -1 0.6329 383.8397 175.5565 485.2059 211.1702 1.4554 1.6173 4.1085 -7.5865 1.5783 31.2594 0.3964 0.0743
Car -1 -1 0.5275 8.5004 151.0905 134.0813 187.9675 1.5646 1.6438 4.1574 -23.5230 0.6412 31.6535 -0.1076 0.0739
Car -1 -1 1.6045 415.3727 174.7017 451.1174 205.3996 1.4733 1.6350 4.1580 -9.0101 1.5739 37.0955 1.3675 0.0703
Car -1 -1 5.6156 0.0000 150.9541 72.3409 189.6942 1.6566 1.6873 3.7040 -26.8917 0.7201 32.8453 4.9334 0.0676
Car -1 -1 1.7491 425.2827 187.6048 483.7451 231.1424 1.4134 1.4519 3.7436 -5.6390 1.9959 26.5991 1.5416 0.0675
Car -1 -1 2.3542 0.0000 185.5118 93.7437 375.0000 1.6077 1.7392 4.3064 -6.8820 1.7565 6.3099 1.5466 0.0666
Car -1 -1 -0.3373 634.6475 184.3974 710.8837 212.6329 1.4738 1.6553 3.8804 3.4870 2.1343 39.9981 -0.2516 0.0658
Car -1 -1 3.7715 73.8661 166.4897 155.1648 192.6661 1.5680 1.6429 3.8772 -30.2168 1.1868 44.1040 3.1735 0.0636
Car -1 -1 2.1572 0.0000 157.2124 91.1404 214.5578 1.5842 1.6489 4.2437 -18.0909 1.1521 22.1221 1.4775 0.0623
Car -1 -1 1.4815 585.1259 171.6865 612.6548 195.6135 1.7303 1.7013 4.2083 -0.8420 1.6459 54.3608 1.4657 0.0621
Car -1 -1 4.9096 0.0000 175.0839 89.1065 238.6880 1.3994 1.5698 3.7695 -14.3433 1.4614 18.0537 4.2453 0.0619
Car -1 -1 4.8447 338.6491 166.7414 364.1917 186.8655 1.8340 1.7773 3.7274 -24.2085 1.2769 67.7658 4.5026 0.0617
Car -1 -1 0.3652 352.9845 173.8216 490.9174 222.0390 1.4855 1.5872 4.0059 -6.0020 1.5181 23.2889 0.1152 0.0616
Car -1 -1 1.6151 396.8066 181.6855 449.4839 227.6811 1.4467 1.6176 4.0071 -6.5459 1.7865 25.6368 1.3670 0.0604
Car -1 -1 2.0815 0.0000 160.6659 42.2943 221.7338 1.5810 1.6167 3.4149 -18.0188 1.2655 20.5158 1.3671 0.0598
Car -1 -1 1.8584 512.4988 180.4246 554.7915 206.3733 1.5476 1.6407 3.9654 -4.8246 2.0560 46.3575 1.7548 0.0588
Car -1 -1 1.5432 623.4846 176.9202 646.7225 199.0716 1.5736 1.6219 4.1938 1.8825 1.8904 54.1294 1.5773 0.0579
Car -1 -1 1.2165 589.5647 180.2955 634.5309 205.0117 1.4459 1.6132 3.8005 0.1101 1.9365 45.5126 1.2184 0.0577
Car -1 -1 2.2827 448.5475 182.4910 558.3532 227.0359 1.4541 1.6279 4.2648 -3.8315 1.8413 26.7550 2.1412 0.0564
Car -1 -1 1.8068 343.1212 175.4454 448.4683 243.8468 1.4755 1.5641 3.9401 -5.1025 1.5463 17.7160 1.5298 0.0562
Car -1 -1 1.9879 479.8914 182.7618 528.1681 208.2215 1.5278 1.6003 4.0874 -6.8422 2.2057 47.1831 1.8442 0.0562
Car -1 -1 1.4703 633.9055 182.8108 665.5558 208.7147 1.4938 1.5857 3.9008 2.4701 2.1438 45.1192 1.5240 0.0562
Car -1 -1 5.1545 107.4826 165.5694 167.2824 191.6312 1.5340 1.6270 3.7408 -28.9955 1.1052 44.4325 4.5789 0.0557
Car -1 -1 3.5750 0.0000 177.8325 121.9784 224.0064 1.5281 1.6646 4.2006 -19.9152 1.7124 25.4363 2.9157 0.0544
Car -1 -1 3.4030 395.9406 174.7867 482.4303 204.7196 1.4941 1.6183 4.0342 -8.6925 1.5956 37.0018 3.1735 0.0542
Car -1 -1 4.6834 395.1403 167.3921 438.5991 206.5740 1.5092 1.6289 3.7405 -8.0098 1.2988 29.8174 4.4229 0.0541
Car -1 -1 1.9340 78.0020 163.5347 139.7963 192.6856 1.6635 1.6846 4.1197 -30.0028 1.1317 43.3751 1.3316 0.0539