Car -1 -1 1.9245 264.4933 182.5488 376.6697 244.6182 1.6586 1.7272 4.4815 -8.7319 1.9877 22.2401 1.5539 0.8919
Car -1 -1 4.0783 912.0238 80.4398 1242.0000 375.0000 2.2170 1.8161 4.8871 4.9761 1.6297 7.0640 4.6716 0.8161
Car -1 -1 1.6374 458.1130 183.5676 486.3629 207.0423 1.5775 1.7450 4.2078 -9.9835 2.3923 52.6825 1.4506 0.6873
Car -1 -1 1.5733 414.7809 187.9012 445.7842 217.4841 1.4592 1.5717 3.4867 -9.7747 2.3198 39.3840 1.3311 0.6538
Car -1 -1 4.7391 601.0045 180.5940 619.6000 196.7980 1.4489 1.6588 3.8366 0.0948 2.2025 68.3103 4.7401 0.4481
Car -1 -1 1.5100 229.0479 204.0919 285.5930 249.5369 1.4583 1.7636 4.1589 -13.9594 2.7887 28.4843 1.0576 0.3052
Car -1 -1 4.5509 901.2870 143.3102 952.0046 179.8219 1.6941 1.6904 3.7297 15.5272 0.3233 35.4936 4.9603 0.1641
Car -1 -1 1.7194 486.8279 178.9190 511.2497 196.0135 1.5166 1.6358 4.3612 -10.3400 2.1044 67.7461 1.5682 0.1527
Car -1 -1 1.5457 927.1898 137.5528 1021.5034 214.4770 1.4577 1.6359 4.1035 7.9180 0.7887 15.8790 2.0008 0.1309
Car -1 -1 4.0830 339.8176 179.4582 381.1528 196.8044 1.5372 1.6269 3.9418 -23.1778 2.1679 67.1050 3.7514 0.1253
Car -1 -1 2.8905 885.2901 142.4917 985.9158 177.7416 1.6605 1.6834 4.1795 15.8099 0.2302 35.1695 3.3099 0.1207
Car -1 -1 4.6842 935.0659 144.1460 1017.0337 213.9148 1.4933 1.5992 3.8145 8.7900 0.8789 17.5105 5.1425 0.1204
Car -1 -1 1.6015 410.2046 184.3233 445.6829 219.1015 1.6489 1.6686 4.1081 -9.4697 2.2851 37.8352 1.3574 0.1107
Car -1 -1 1.4569 264.2613 200.9490 325.2552 245.5901 1.4823 1.7895 4.2568 -12.7692 2.7059 29.1324 1.0466 0.1041
Car -1 -1 1.5560 478.9119 190.1110 513.9272 224.5306 1.4757 1.5932 4.0926 -5.5544 2.3701 35.2442 1.4002 0.0971
Car -1 -1 1.7775 593.1210 175.0924 620.9515 194.6444 1.6824 1.6848 4.1377 -0.1907 1.8902 64.7860 1.7742 0.0867
Car -1 -1 1.0687 603.5934 176.3965 642.6533 194.8473 1.5728 1.6663 4.2271 1.1749 1.9012 64.6312 1.0864 0.0854
Car -1 -1 1.6270 209.7532 204.1856 271.5480 254.3451 1.4471 1.7088 3.7378 -12.9180 2.6409 25.4380 1.1609 0.0756
Car -1 -1 1.6687 456.0545 182.9231 485.9742 208.5182 1.6674 1.6612 4.2399 -9.7302 2.4084 50.9108 1.4804 0.0731
Car -1 -1 4.0335 981.7899 16.4876 1242.0000 375.0000 1.9612 1.7724 4.0979 4.6887 1.2457 5.3613 4.7250 0.0711
Car -1 -1 1.3137 414.5202 181.1047 469.1205 215.5807 1.5883 1.6681 4.2604 -8.5654 2.0328 36.6014 1.0850 0.0688
Car -1 -1 2.5772 858.4512 95.6020 1242.0000 360.8743 2.1954 1.7661 4.4135 4.8939 1.5560 6.9211 3.1720 0.0653
Car -1 -1 1.5625 262.1494 202.7399 301.4525 236.8320 1.4409 1.7132 3.8444 -16.4874 3.0312 36.2894 1.1384 0.0619
Car -1 -1 4.3441 869.5899 144.4379 936.9184 178.0409 1.5829 1.6960 4.2272 14.6001 0.2443 36.1126 4.7256 0.0608
Car -1 -1 1.8662 357.4692 179.9384 386.0848 196.8053 1.4910 1.5309 3.6454 -22.0981 2.1685 67.1662 1.5492 0.0608
Car -1 -1 1.9384 216.9906 206.3021 393.4828 316.9323 1.4434 1.5084 3.6615 -4.9896 2.1017 12.3631 1.5614 0.0597
Car -1 -1 1.6026 598.2775 178.7975 617.1899 196.6050 1.5568 1.6140 4.1470 -0.1416 2.1225 66.5749 1.6001 0.0594
Car -1 -1 1.5535 234.7691 200.5586 275.9693 235.3210 1.4444 1.7319 3.9191 -17.4630 2.8908 35.5298 1.0992 0.0577
Car -1 -1 4.8122 301.4180 175.4447 331.7429 197.4937 1.4770 1.5964 3.8636 -20.6238 1.6672 50.8991 4.4288 0.0566
Car -1 -1 0.0367 280.5267 176.3658 342.3512 198.4096 1.4637 1.6308 3.8829 -20.5163 1.7131 49.8041 -0.3525 0.0531
Car -1 -1 4.2844 907.7828 144.1961 980.5782 180.1597 1.6153 1.7126 3.7722 15.8090 0.3281 34.2940 4.7131 0.0526
Car -1 -1 4.2479 827.7172 185.4962 1242.0000 375.0000 1.6002 1.6303 3.9763 3.0771 1.7331 5.5838 4.7281 0.0523
Car -1 -1 2.0900 375.2875 183.2471 448.1837 216.9121 1.5089 1.6444 4.1562 -9.7595 2.0584 35.9287 1.8262 0.0508
Car -1 -1 1.5293 361.2891 179.3042 382.1397 196.6344 1.5438 1.6968 4.4726 -22.5889 2.1771 68.4479 1.2114 0.0506
Car -1 -1 4.6233 889.3568 147.2577 934.3616 182.7825 1.6208 1.6714 3.6942 14.5728 0.4530 34.9325 5.0155 0.0505