Car -1 -1 4.5402 699.2039 171.8216 798.9057 248.3663 1.5617 1.6070 3.6443 3.0732 1.5406 16.5491 4.7198 0.9249
Car -1 -1 1.7505 446.2436 162.4607 550.3090 250.4411 1.8225 1.6886 4.0705 -2.4792 1.6072 17.0112 1.6072 0.9164
Car -1 -1 3.5253 123.5611 182.4728 410.2837 271.3959 1.4550 1.6240 4.3418 -5.9475 1.6390 12.9011 3.1006 0.9159
Car -1 -1 1.6294 530.9514 177.7866 581.4294 221.9608 1.4234 1.5566 3.7362 -1.8239 1.6109 25.5469 1.5582 0.8291
Car -1 -1 -0.2714 598.1357 168.6379 658.3982 191.9149 1.5073 1.6380 3.7008 1.2294 1.2343 47.9684 -0.2463 0.6737
Car -1 -1 1.7210 564.9505 168.5828 609.1827 201.9615 1.6149 1.6523 4.2426 -1.0955 1.4083 37.1144 1.6912 0.3089
Car -1 -1 4.1445 585.6026 161.5490 629.0986 181.8676 1.5563 1.6336 3.8616 -0.2111 0.6904 57.3330 4.1406 0.2522
Car -1 -1 1.3581 690.0803 172.5065 716.8552 189.6819 1.5125 1.6176 3.9146 8.4977 1.4819 65.5597 1.4861 0.1926
Car -1 -1 1.7550 545.5562 165.9697 599.1802 204.7276 1.6961 1.7037 4.5631 -1.6702 1.3949 33.9514 1.7057 0.1761
Car -1 -1 1.6946 544.7042 172.3699 592.8782 209.3033 1.5219 1.6290 4.0098 -1.7312 1.5019 31.7884 1.6401 0.1529
Car -1 -1 1.6016 698.0572 179.6779 723.9552 203.8157 1.4541 1.5429 3.7520 6.5778 1.9132 46.5650 1.7406 0.1380
Car -1 -1 3.3966 485.5681 154.7088 560.6404 181.4181 1.5309 1.6453 4.1026 -5.0589 0.4909 42.4528 3.2786 0.1297
Car -1 -1 0.3373 233.8805 170.3085 417.2030 246.6519 1.6709 1.5640 3.6132 -6.4376 1.6151 16.6226 -0.0273 0.1279
Car -1 -1 3.6233 588.8781 161.3774 646.6683 182.0783 1.5660 1.6857 4.2085 0.6311 0.6978 56.3230 3.6342 0.1192
Car -1 -1 2.7801 692.4694 179.7619 756.6511 204.0914 1.4810 1.5684 3.6999 7.2689 1.9296 45.7155 2.9363 0.1143
Car -1 -1 4.4247 486.2959 155.6168 531.0459 186.1189 1.5153 1.4262 3.3296 -5.3031 0.6590 37.6563 4.2856 0.1054
Car -1 -1 1.0493 675.1132 175.8740 716.3735 195.1904 1.4852 1.5668 3.9018 6.9138 1.7378 58.2382 1.1665 0.1017
Car -1 -1 2.5028 682.6320 172.1291 729.4819 189.3824 1.5053 1.5817 4.0064 8.6510 1.4421 64.6174 2.6350 0.0984
Car -1 -1 4.4216 710.7004 155.3175 760.1049 185.1890 1.5820 1.6884 3.7824 6.9490 0.6533 40.1915 4.5914 0.0889
Car -1 -1 2.0689 683.8443 175.9267 729.9606 198.6198 1.5316 1.5628 3.9305 6.9567 1.7588 51.2991 2.2025 0.0887
Car -1 -1 1.8551 577.0640 178.1467 623.0976 206.8458 1.4843 1.5505 3.8082 -0.4751 1.7935 40.1131 1.8428 0.0795
Car -1 -1 4.0051 0.0000 162.2710 175.7094 327.8978 1.4896 1.5968 3.9573 -6.9230 1.3944 7.5544 3.2808 0.0781
Car -1 -1 1.9110 517.1595 155.1311 563.4956 182.0690 1.5225 1.6066 3.6353 -4.0505 0.5208 42.7391 1.8169 0.0773
Car -1 -1 4.6377 605.9926 158.8139 630.4257 180.0738 1.7309 1.7528 4.1538 0.6956 0.5878 60.8719 4.6489 0.0753
Car -1 -1 4.5462 503.5626 156.2428 541.7266 183.0732 1.5269 1.6438 3.8917 -5.2423 0.5816 43.1609 4.4259 0.0686
Car -1 -1 3.2311 518.7808 172.2179 603.6611 202.9706 1.4827 1.6353 4.0532 -2.3433 1.4520 35.6534 3.1655 0.0669
Car -1 -1 2.9487 568.3989 158.0004 629.3126 179.8621 1.7397 1.7107 4.7180 -0.8862 0.5577 58.7438 2.9335 0.0637
Car -1 -1 2.9642 715.7889 155.7073 797.1319 183.6396 1.4891 1.6096 4.1212 7.9562 0.5750 39.3132 3.1622 0.0627
Car -1 -1 1.8743 549.5538 174.2760 606.1859 206.8065 1.5034 1.6432 4.1082 -1.4999 1.5782 35.7350 1.8322 0.0603
Car -1 -1 2.4131 0.0000 156.8656 197.4875 365.7775 1.4952 1.5113 3.1058 -5.6995 1.3808 6.8202 1.7359 0.0584
Car -1 -1 4.7766 619.2534 160.3565 644.0558 183.9040 1.8136 1.7166 4.2123 1.8031 0.8511 57.7502 4.8074 0.0577
Car -1 -1 1.4947 602.3348 170.4575 640.6469 201.6701 1.5120 1.6537 4.0709 0.5598 1.3959 37.0346 1.5093 0.0554
Car -1 -1 3.1338 599.5314 164.1629 654.9910 184.0410 1.5271 1.6521 4.2620 1.3728 0.8594 56.2897 3.1578 0.0549
Car -1 -1 -0.1687 568.6565 170.4714 634.1445 195.2255 1.5931 1.6615 4.1004 -0.5588 1.4397 47.6207 -0.1808 0.0523
Car -1 -1 4.5216 603.6928 167.9629 640.0005 192.7217 1.6126 1.7072 4.1871 0.7898 1.2940 49.2057 4.5372 0.0508