Car -1 -1 2.1140 0.0000 189.3368 305.7861 375.0000 1.5668 1.5981 3.9756 -4.9976 1.7948 7.9902 1.5694 0.9776
Car -1 -1 1.8428 402.2923 181.6351 486.0905 237.0380 1.6099 1.6066 4.1656 -5.3277 1.9249 23.7621 1.6240 0.8903
Car -1 -1 4.2765 816.9359 194.1940 1242.0000 375.0000 1.4024 1.5845 3.6661 2.5396 1.5913 4.5176 4.7600 0.7187
Car -1 -1 1.7393 504.7646 180.2626 543.4546 208.3549 1.5309 1.6140 3.9401 -4.9684 1.9868 42.3894 1.6229 0.6412
Car -1 -1 4.6676 638.7128 175.7605 669.4467 203.1921 1.6090 1.7123 4.2754 2.7263 1.7986 44.9267 4.7273 0.5302
Car -1 -1 4.4128 971.1622 178.5957 1075.2312 236.1056 1.4667 1.5683 3.5818 11.7281 1.6467 20.6990 4.9216 0.1883
Car -1 -1 1.6712 690.7141 164.1240 725.4675 195.4072 1.7561 1.6441 3.9909 5.8645 1.2661 42.6370 1.8066 0.1875
Car -1 -1 4.7767 429.6203 181.9597 483.3564 229.5557 1.5731 1.6759 4.1426 -5.6143 1.9392 26.8450 4.5719 0.1585
Car -1 -1 4.4560 1021.9416 175.6890 1127.3092 233.7955 1.4705 1.5804 3.7274 13.0474 1.5588 20.4709 5.0164 0.1498
Car -1 -1 4.7586 705.6464 161.3917 726.3650 181.1126 1.7529 1.6959 4.1547 9.8131 0.7341 66.3347 4.9047 0.1494
Car -1 -1 4.7329 840.1771 174.0203 872.7732 204.4411 1.4982 1.5368 3.7025 12.9280 1.5623 37.6901 5.0605 0.1473
Car -1 -1 1.7896 452.9207 176.6210 491.1621 201.0972 1.5050 1.5878 4.1254 -8.9219 1.7618 47.0953 1.6030 0.1427
Car -1 -1 4.6115 834.0625 177.9496 875.1326 211.9172 1.6002 1.5849 3.7840 12.3778 1.8730 36.6168 4.9345 0.1281
Car -1 -1 1.3477 992.6071 175.1674 1106.4178 242.1103 1.5366 1.6128 4.1932 11.3836 1.6045 18.9595 1.8811 0.1109
Car -1 -1 5.0531 617.8299 171.1324 654.7108 192.3651 1.5729 1.6024 3.9776 2.0978 1.4454 55.5959 5.0902 0.1048
Car -1 -1 4.6510 480.1700 183.7006 530.5355 229.1948 1.5164 1.6316 3.8961 -3.9764 1.9551 27.1123 4.5061 0.0961
Car -1 -1 4.6180 648.3887 196.3467 1025.7224 375.0000 1.4494 1.5314 3.5283 1.1485 1.6649 4.7712 4.8380 0.0868
Car -1 -1 4.9825 693.5287 163.3525 735.4827 189.3161 1.5521 1.6249 3.8905 6.6226 0.9841 45.2419 5.1267 0.0868
Car -1 -1 -0.1434 637.6525 173.7371 710.8168 201.7054 1.6566 1.7367 4.2150 3.8867 1.7114 43.7852 -0.0559 0.0858
Car -1 -1 1.8691 486.8776 177.7321 538.6736 209.0650 1.6066 1.6542 4.2606 -5.2857 1.8917 39.9312 1.7379 0.0816
Car -1 -1 1.8656 445.6669 177.7083 490.1759 204.3233 1.5634 1.6062 4.1223 -8.8306 1.8825 45.2944 1.6738 0.0793
Car -1 -1 -0.1657 606.2571 172.7648 674.6249 200.1302 1.5462 1.6085 3.7415 1.7622 1.5412 41.7989 -0.1244 0.0773
Car -1 -1 3.1505 835.8328 178.1668 915.6643 210.6689 1.5571 1.5442 3.7023 13.3929 1.8352 36.3893 3.5000 0.0764
Car -1 -1 4.8565 177.1292 177.4103 272.7111 246.3543 1.5417 1.6184 3.5023 -9.6326 1.6694 18.3081 4.3778 0.0753
Car -1 -1 3.0562 645.3442 174.4778 712.6110 201.4836 1.5301 1.6260 3.7523 3.9839 1.6261 41.8106 3.1501 0.0705
Car -1 -1 4.4220 628.6810 172.9628 674.4642 200.1679 1.5341 1.6555 3.9047 2.4377 1.5409 42.7959 4.4781 0.0678
Car -1 -1 3.2570 483.7227 180.3996 557.9486 207.3509 1.5316 1.6563 4.1558 -5.1599 1.9829 42.3138 3.1359 0.0643
Car -1 -1 4.2112 1025.2225 175.5381 1179.3473 240.0739 1.4928 1.5997 3.9264 12.6773 1.5706 18.8808 4.7948 0.0616
Car -1 -1 -0.8164 1064.1677 158.8211 1242.0000 276.5616 1.4245 1.6214 4.1493 8.6645 1.2547 9.7539 -0.1052 0.0598
Car -1 -1 -0.6689 975.8633 177.9659 1138.8433 235.3407 1.4783 1.5636 3.6120 12.2043 1.6254 19.7659 -0.1229 0.0570
Car -1 -1 0.4401 114.0615 177.1070 306.3502 243.3234 1.5148 1.5994 3.7649 -9.5780 1.6234 17.5219 -0.0541 0.0562
Car -1 -1 -1.3051 1089.9874 170.8327 1215.8650 233.0639 1.5069 1.6716 4.2577 14.6994 1.4579 19.4433 -0.6654 0.0553
Car -1 -1 1.3008 839.2079 171.1027 901.1101 205.9410 1.5471 1.6572 4.2934 12.2731 1.4693 34.2425 1.6418 0.0538
Car -1 -1 4.3520 690.0630 161.0378 724.3529 180.8119 1.7359 1.7172 4.1874 8.8305 0.6986 65.5739 4.4851 0.0535
Car -1 -1 1.5645 643.3555 183.3751 667.6426 207.0808 1.4752 1.5670 3.7563 3.0744 2.2107 48.5224 1.6268 0.0523
Car -1 -1 1.8735 519.8503 173.1406 578.2812 206.7051 1.4394 1.5779 3.8671 -2.7006 1.4534 33.0383 1.7921 0.0517
Car -1 -1 5.2898 202.6056 172.9048 321.8771 231.7123 1.4776 1.5643 2.9460 -9.3706 1.4791 19.6990 4.8507 0.0514
Car -1 -1 2.9412 484.5721 178.9524 557.8674 207.2892 1.5428 1.6035 3.9196 -5.0587 1.9032 41.2602 2.8195 0.0513
Car -1 -1 1.8410 671.8904 171.0891 717.8572 199.5103 1.5557 1.6119 4.0598 4.9781 1.4591 41.6780 1.9586 0.0508
Car -1 -1 0.7751 1062.3002 135.4235 1242.0000 296.6542 1.4642 1.6177 3.9995 7.5963 1.1243 8.6168 1.4807 0.0506
Car -1 -1 1.7321 624.2913 172.3720 662.5815 200.5443 1.5400 1.6060 3.8127 1.9923 1.5136 41.4725 1.7793 0.0505
Car -1 -1 3.3791 427.8450 176.9269 496.0017 200.3742 1.4887 1.6538 4.0764 -9.5868 1.7592 47.0268 3.1788 0.0503
Car -1 -1 2.7785 935.7574 178.9073 1097.9305 234.4561 1.4735 1.5897 3.6674 11.4030 1.6534 20.4090 3.2814 0.0502