Car -1 -1 4.4396 684.6650 187.7728 795.3495 263.5338 1.4577 1.5873 3.3558 2.8299 1.8315 16.3252 4.6071 0.9566
Car -1 -1 4.5668 645.5829 181.1447 708.5433 225.1813 1.4062 1.6303 4.3668 2.3493 1.7318 26.1057 4.6548 0.9472
Car -1 -1 0.4695 86.3279 198.2582 368.0759 292.4681 1.4362 1.5908 3.9311 -6.3235 1.8947 12.2256 0.0005 0.9333
Car -1 -1 3.6949 234.5410 191.9370 415.4309 257.8342 1.4065 1.4719 3.7822 -6.6937 1.8869 17.0915 3.3263 0.8024
Car -1 -1 3.5546 279.1299 190.2768 441.1489 248.4205 1.4324 1.5853 3.7781 -6.6018 1.9215 19.3012 3.2286 0.7862
Car -1 -1 0.7033 0.0000 195.2646 179.3094 368.7285 1.5270 1.6339 3.7367 -6.7888 1.7842 7.4257 -0.0195 0.7728
Car -1 -1 3.4149 311.0834 191.1272 449.5835 241.9860 1.4250 1.5688 3.6707 -6.7985 1.9945 21.6523 3.1136 0.7053
Car -1 -1 4.6492 641.9788 179.3317 677.9768 209.4431 1.4296 1.5925 3.8764 2.5393 1.7795 37.0331 4.7166 0.5927
Car -1 -1 0.4056 329.6634 188.5454 462.3109 236.0812 1.4704 1.5790 3.9300 -7.0589 2.0149 24.0169 0.1221 0.5300
Car -1 -1 0.4686 174.2421 193.1040 392.4569 277.9978 1.5705 1.4703 3.7666 -6.4997 2.0035 14.5871 0.0556 0.4948
Car -1 -1 0.2782 398.9921 185.5355 512.1913 223.0660 1.4706 1.6388 4.3014 -6.3276 2.0131 29.8974 0.0709 0.4712
Car -1 -1 4.7074 629.8095 175.4184 651.1100 196.3639 1.5596 1.5996 3.8599 2.3935 1.7661 56.1623 4.7494 0.3700
Car -1 -1 3.3875 452.5299 174.5014 527.6229 203.3656 1.5525 1.6253 3.8136 -6.5714 1.6458 39.8880 3.2249 0.2901
Car -1 -1 3.3104 422.9959 167.5780 506.6550 198.5480 1.4614 1.6206 3.7468 -6.9520 1.2124 34.9063 3.1149 0.2763
Car -1 -1 1.6397 493.9137 174.3467 526.3541 201.7556 1.4684 1.5459 3.9847 -5.5926 1.5573 40.9183 1.5043 0.2592
Car -1 -1 3.2355 734.1520 179.9780 793.3616 203.8490 1.5075 1.5221 3.6957 10.1808 1.9901 47.6053 3.4444 0.1947
Car -1 -1 4.8605 424.0475 169.1936 449.7015 187.5006 1.6337 1.7039 4.1364 -15.8825 1.3070 66.5213 4.6268 0.1806
Car -1 -1 4.9198 500.8765 180.7251 541.1251 206.5626 1.4318 1.5921 4.0636 -5.2665 1.9276 43.3532 4.7992 0.1650
Car -1 -1 4.6103 524.7139 173.1476 548.7335 191.4464 1.5161 1.6546 3.9737 -6.2843 1.5422 61.9612 4.5094 0.1597
Car -1 -1 3.3366 416.5569 181.2304 502.4513 213.9322 1.4074 1.5567 3.5216 -6.6596 1.7909 32.2491 3.1341 0.1563
Car -1 -1 1.4756 465.4992 185.5471 513.1773 223.3172 1.4286 1.6307 4.1088 -5.2175 2.0119 30.9621 1.3094 0.1505
Car -1 -1 0.3325 503.0471 172.8366 557.3484 190.4376 1.4635 1.6474 4.2801 -6.7267 1.4620 61.2701 0.2234 0.1456
Car -1 -1 4.9363 380.3986 186.5750 461.8195 241.4584 1.5165 1.6720 3.7676 -5.8457 1.9862 22.7932 4.6874 0.1451
Car -1 -1 1.5433 248.1521 177.4258 275.1379 200.9308 1.5036 1.5515 3.9494 -23.6955 1.8280 49.0877 1.0955 0.1248
Car -1 -1 0.4750 182.4451 184.8395 274.8143 215.1902 1.4702 1.6033 3.8119 -19.1700 2.0885 36.4097 -0.0069 0.1220
Car -1 -1 3.9839 0.0000 216.0314 9.1490 375.0000 1.4633 1.5847 3.7958 -6.6769 1.8112 4.8922 3.0718 0.1215
Car -1 -1 2.1122 207.8657 177.6230 270.9396 205.7306 1.5422 1.5694 3.7353 -21.5491 1.8335 42.1592 1.6420 0.1143
Car -1 -1 4.8327 431.1736 169.4468 468.3759 197.3162 1.5226 1.6145 3.9706 -9.1313 1.3364 41.4731 4.6170 0.1088
Car -1 -1 2.0897 526.9437 183.7125 568.3769 204.7331 1.4722 1.5416 3.5852 -4.6380 2.3218 54.5001 2.0047 0.1035
Car -1 -1 4.8249 232.6626 181.4704 275.7632 212.7012 1.4862 1.5791 3.8193 -18.4258 1.9591 37.5390 4.3711 0.1018
Car -1 -1 1.7686 773.2271 176.4566 804.1858 197.5602 1.5244 1.5774 3.7754 13.6510 1.8086 54.8624 2.0108 0.0996
Car -1 -1 0.2584 386.8355 170.8143 467.5101 198.0789 1.4913 1.5982 4.0942 -10.1419 1.3798 40.2931 0.0131 0.0995
Car -1 -1 1.6006 431.8263 185.4061 475.4203 224.5600 1.4511 1.6553 4.1690 -6.4928 2.0174 30.3504 1.3910 0.0954
Car -1 -1 1.7860 392.5899 175.3907 426.4713 198.4722 1.5126 1.5017 3.5964 -13.6864 1.6932 49.5245 1.5174 0.0927
Car -1 -1 1.4026 328.4982 180.2806 373.1050 209.6544 1.4200 1.5911 3.8593 -13.6680 1.8325 38.0014 1.0592 0.0880
Car -1 -1 1.5025 464.4735 170.5057 504.7336 205.2662 1.5166 1.5758 4.0229 -5.8718 1.4141 33.6210 1.3306 0.0839
Car -1 -1 -0.1489 625.2839 175.1213 677.2780 195.3412 1.5091 1.5873 3.7640 3.1599 1.6850 55.0312 -0.0923 0.0825
Car -1 -1 4.4473 431.7252 169.1217 465.8568 191.1941 1.7152 1.6694 4.1246 -13.0202 1.4252 58.2830 4.2282 0.0823
Car -1 -1 1.5079 751.4994 178.7456 775.3014 198.9097 1.4954 1.5848 3.8092 12.0514 1.9745 56.6775 1.7159 0.0816
Car -1 -1 1.5510 272.9155 176.6246 304.9026 204.8021 1.5764 1.6743 4.2256 -19.2514 1.8142 43.2423 1.1342 0.0813
Car -1 -1 4.8236 537.6575 173.1234 560.9053 190.9901 1.5968 1.6813 4.2174 -5.5371 1.6225 66.6822 4.7408 0.0809
Car -1 -1 4.8873 761.1964 178.2099 795.1313 201.7388 1.4799 1.5788 3.8260 11.3425 1.8545 48.3941 5.1157 0.0795
Car -1 -1 4.6984 414.0511 183.8471 456.3577 221.2381 1.4250 1.6491 3.8938 -7.4673 1.9264 30.8181 4.4622 0.0790
Car -1 -1 1.4686 518.9942 180.3366 548.8088 204.7040 1.4679 1.5235 4.0025 -4.9529 1.9760 46.8800 1.3634 0.0770
Car -1 -1 1.4156 474.5953 173.6630 514.9995 202.8512 1.5433 1.6356 3.9974 -6.4756 1.5910 40.4235 1.2574 0.0691
Car -1 -1 0.3390 228.2150 182.7094 314.7009 214.1068 1.5192 1.5465 3.6484 -17.0223 2.0299 36.4477 -0.0955 0.0685
Car -1 -1 1.3708 409.3436 166.7709 454.3418 196.4615 1.6168 1.6684 4.4700 -10.3148 1.2855 41.6679 1.1293 0.0668
Car -1 -1 3.7385 455.0174 179.5642 528.2715 206.0665 1.4626 1.6238 4.0097 -6.9025 1.8698 42.2036 3.5769 0.0667
Car -1 -1 3.6737 490.2467 182.0543 552.6263 206.6237 1.4786 1.5921 3.6408 -5.6144 2.0834 45.9713 3.5524 0.0665
Car -1 -1 3.7106 125.8500 190.0005 354.8839 269.3565 1.4922 1.6341 4.0110 -7.6008 1.8740 15.0399 3.2493 0.0663
Car -1 -1 1.7392 225.3192 176.9825 280.1598 211.8355 1.5468 1.7011 3.9923 -17.0727 1.7577 34.6889 1.2846 0.0660
Car -1 -1 3.4074 426.1951 171.0110 506.2628 199.3369 1.5427 1.6188 4.0987 -7.9589 1.4423 40.2505 3.2131 0.0643
Car -1 -1 5.0593 0.0000 195.6690 210.2978 375.0000 1.5350 1.6402 3.8770 -6.1548 1.8704 8.5216 4.4482 0.0633
Car -1 -1 -0.3468 694.0778 178.0948 759.8189 201.7811 1.5167 1.6462 3.9854 7.7736 1.8732 47.9036 -0.1873 0.0627
Car -1 -1 1.8353 407.6722 183.1871 485.2444 231.6287 1.4951 1.6051 4.1314 -5.6028 1.8870 25.2675 1.6187 0.0620
Car -1 -1 4.5308 744.3094 178.9184 801.2294 218.7339 1.4716 1.5785 3.7159 6.5143 1.7323 29.1277 4.7480 0.0619
Car -1 -1 1.7009 663.7910 172.6613 693.5609 195.0092 1.5649 1.6224 4.3264 5.0991 1.5515 52.8166 1.7962 0.0611
Car -1 -1 1.5343 644.0670 178.6425 680.7072 212.6246 1.5158 1.6122 3.9836 2.5033 1.8119 34.8909 1.6047 0.0605
Car -1 -1 4.2572 0.0000 195.4372 15.5741 375.0000 1.5040 1.6410 4.0698 -7.2483 1.7282 5.8676 3.3894 0.0590
Car -1 -1 1.9958 511.7419 170.6514 556.1769 196.2194 1.7748 1.6606 4.0895 -5.4270 1.6219 52.2887 1.8926 0.0571
Car -1 -1 5.2753 223.8919 177.1817 290.3612 203.5846 1.5015 1.6299 4.2118 -21.3662 1.7781 43.9320 4.8248 0.0571
Car -1 -1 0.3384 598.1390 176.3492 654.0038 197.3399 1.5446 1.6381 3.9403 1.2624 1.8183 55.0430 0.3608 0.0556
Car -1 -1 3.4028 260.9292 179.8442 338.0133 206.0275 1.4715 1.5503 3.8660 -18.0571 1.8899 42.1461 3.0000 0.0551
Car -1 -1 1.0630 661.7759 176.2155 705.2596 196.7710 1.5075 1.5570 4.0724 5.6732 1.7776 55.8068 1.1634 0.0541
Car -1 -1 0.9375 505.9953 182.3381 553.7446 203.3024 1.4627 1.6097 3.8136 -5.9983 2.1988 54.0533 0.8270 0.0538
Car -1 -1 2.0472 0.0000 223.5495 46.4179 375.0000 1.4491 1.5982 3.8940 -4.9250 1.8876 4.1372 1.2070 0.0536
Car -1 -1 2.3739 777.6137 176.1921 830.7598 197.1584 1.5079 1.6106 3.7891 14.5824 1.7654 54.0319 2.6358 0.0531
Car -1 -1 2.0378 536.2597 175.1330 570.6647 193.5231 1.5611 1.5718 3.6066 -4.9202 1.7685 63.7044 1.9607 0.0529
Car -1 -1 2.3540 0.0000 191.2816 163.7762 375.0000 1.5068 1.6250 3.9260 -6.6334 1.7449 7.3130 1.6353 0.0528
Car -1 -1 4.8851 326.7398 184.0780 394.1039 232.4627 1.4811 1.5945 3.4765 -8.4702 1.8951 24.7798 4.5585 0.0522
Car -1 -1 4.7061 737.3898 178.1833 762.3301 202.0579 1.5216 1.5955 3.7668 9.4853 1.8973 48.8747 4.8962 0.0520
Car -1 -1 -0.2741 470.3070 178.2366 560.0489 212.5618 1.4709 1.5857 3.7625 -4.2962 1.7269 32.8486 -0.4037 0.0518
Car -1 -1 1.7875 430.6130 179.9336 485.6850 214.8731 1.4030 1.5829 3.7425 -6.5638 1.7317 31.6179 1.5840 0.0511
Car -1 -1 1.2706 781.5066 190.8237 897.0372 260.8651 1.4628 1.6305 3.8802 5.5792 1.9598 18.0114 1.5654 0.0505
Car -1 -1 3.2145 433.5284 183.3218 526.6400 217.8952 1.4452 1.6066 3.9241 -5.6353 1.9204 31.7631 3.0398 0.0502