Car -1 -1 4.6983 558.8337 182.3049 612.0673 229.3666 1.3840 1.6220 3.5902 -0.8213 1.7196 23.7875 4.6634 0.9584
Car -1 -1 2.0223 130.6658 180.7867 247.3863 231.9447 1.5317 1.7299 4.1862 -14.0562 1.8237 24.4150 1.5044 0.9453
Car -1 -1 4.7803 503.8452 178.7355 544.4997 214.0255 1.5333 1.6401 3.7178 -3.9558 1.8249 33.8786 4.6645 0.9329
Car -1 -1 1.6663 309.2143 181.1548 345.8923 210.0771 1.5265 1.5928 3.7484 -16.0757 2.0245 41.2624 1.2967 0.6348
Car -1 -1 1.7940 93.2312 179.0333 174.4561 225.7727 1.5976 1.6600 4.2556 -18.0353 1.8531 27.5498 1.2186 0.3367
Car -1 -1 1.2603 799.8082 178.5626 843.8301 203.2811 1.4697 1.5629 3.8590 13.4012 1.8471 45.7528 1.5431 0.1584
Car -1 -1 4.5757 734.5324 172.8549 788.2664 210.6997 1.4019 1.5740 3.7561 5.9583 1.4020 28.6545 4.7782 0.1529
Car -1 -1 4.1301 28.5998 190.9218 151.2887 235.7622 1.4570 1.6478 4.0834 -18.8389 2.1499 26.1635 3.5107 0.1474
Car -1 -1 1.6718 297.7718 179.4758 339.6435 213.1432 1.6886 1.6853 4.2415 -15.7977 2.0707 39.3540 1.2920 0.1449
Car -1 -1 1.6799 301.8795 175.8964 327.9216 194.2522 1.5017 1.6407 3.9400 -25.2198 1.7714 61.8499 1.2940 0.1348
Car -1 -1 4.4663 704.6318 172.9086 768.5978 209.4392 1.3614 1.6015 3.9154 5.0067 1.3637 28.9088 4.6356 0.1289
Car -1 -1 1.9434 831.3347 179.0116 867.5917 198.0406 1.5957 1.6098 4.2870 21.3316 2.1610 64.0714 2.2630 0.1245
Car -1 -1 4.9400 835.1116 175.6491 872.4791 200.5177 1.5950 1.5888 3.7636 16.5321 1.7916 48.7494 5.2647 0.1202
Car -1 -1 2.1018 59.3154 189.7924 174.6782 236.5849 1.4759 1.6370 4.0269 -17.7943 2.1418 26.3072 1.5116 0.1097
Car -1 -1 3.2839 543.2945 189.5447 617.1636 216.6155 1.4972 1.6970 4.1235 -1.6853 2.4991 42.2588 3.2436 0.1088
Car -1 -1 1.8782 536.4959 186.7488 581.1199 213.9373 1.4825 1.6169 3.7471 -3.0029 2.3571 43.4090 1.8090 0.1050
Car -1 -1 4.7974 486.9972 174.4507 510.2112 194.1313 1.6182 1.6182 4.1032 -9.4650 1.7596 61.7706 4.6457 0.1018
Car -1 -1 1.5891 299.2676 179.3692 324.7732 202.6899 1.4600 1.5017 3.6005 -19.8468 1.9130 48.2124 1.2003 0.1015
Car -1 -1 4.7910 729.9545 167.1385 772.6592 202.1283 1.5080 1.6283 3.9156 6.5717 1.2616 33.2010 4.9843 0.1012
Car -1 -1 2.5621 109.3670 187.3029 243.1223 232.7358 1.5114 1.6371 4.1731 -16.4692 2.1099 27.6568 2.0290 0.1009
Car -1 -1 -0.7578 742.4263 171.2272 852.4691 211.3211 1.4519 1.6349 4.1150 7.2708 1.3930 27.8395 -0.5054 0.0992
Car -1 -1 2.1406 30.4233 191.6841 154.9358 240.8860 1.4418 1.5860 3.8876 -17.4741 2.1361 24.6310 1.5284 0.0978
Car -1 -1 4.6034 567.9940 163.0901 597.6283 187.9079 1.6203 1.6325 3.5362 -1.8491 0.9829 48.9770 4.5656 0.0960
Car -1 -1 1.9125 509.9488 184.5972 563.3509 215.3842 1.4086 1.5517 3.6313 -3.6247 2.0335 36.4481 1.8136 0.0791
Car -1 -1 1.4742 310.7096 178.6870 351.3869 210.8239 1.5754 1.6360 4.0742 -14.8450 1.9031 38.3525 1.1069 0.0790
Car -1 -1 1.9016 375.7887 184.0013 425.8680 211.0916 1.4517 1.6217 3.9403 -12.1780 2.1366 42.3277 1.6227 0.0767
Car -1 -1 3.2571 34.9969 175.3631 162.6042 216.1428 1.5002 1.6386 3.9278 -19.9566 1.6047 28.3985 2.6487 0.0763
Car -1 -1 0.2835 729.4594 168.7201 829.9873 204.9258 1.4858 1.6047 3.9516 7.3577 1.3162 31.2777 0.5120 0.0741
Car -1 -1 4.4627 258.8575 179.1775 301.1601 203.3816 1.4695 1.5938 3.8846 -21.4382 1.8980 46.8730 4.0356 0.0738
Car -1 -1 2.1079 92.5925 177.4241 195.2209 218.1650 1.4855 1.6093 3.9801 -18.4256 1.6805 28.7726 1.5423 0.0732
Car -1 -1 0.6022 76.6309 178.6725 212.0809 220.7996 1.5811 1.6598 4.2723 -18.1337 1.8161 28.2353 0.0353 0.0718
Car -1 -1 4.6236 181.3472 197.0877 259.0448 259.5731 1.4374 1.5923 3.8336 -10.9736 2.1850 20.2191 4.1314 0.0700
Car -1 -1 1.1186 280.4058 176.1862 323.2039 195.2059 1.5691 1.6887 4.3102 -26.5951 1.8663 62.2987 0.7165 0.0663
Car -1 -1 4.9207 496.1189 174.8459 523.6248 194.3580 1.6103 1.5997 3.7131 -8.5104 1.7863 61.8459 4.7842 0.0647
Car -1 -1 2.0573 352.9967 181.4473 417.0588 211.0499 1.4868 1.6190 4.1113 -12.2623 1.9852 39.6717 1.7590 0.0639
Car -1 -1 1.0633 127.4442 180.3316 226.7139 221.3723 1.5117 1.6541 4.0731 -17.3726 1.8297 28.9485 0.5266 0.0617
Car -1 -1 3.5254 245.7657 179.3679 318.0757 202.7711 1.4627 1.5798 3.9329 -21.0477 1.8899 46.4477 3.1018 0.0600
Car -1 -1 0.3118 501.2596 189.4551 566.4969 216.4103 1.4839 1.6829 3.4587 -4.4213 2.4855 42.3537 0.2078 0.0582
Car -1 -1 1.7122 805.5191 178.3447 841.6026 204.4977 1.5108 1.6004 4.0231 13.3105 1.8678 44.7522 1.9990 0.0580
Car -1 -1 1.7990 301.5495 176.0249 332.9922 194.7281 1.5007 1.5645 4.0801 -24.5651 1.7771 60.7558 1.4160 0.0572
Car -1 -1 4.3517 733.8623 170.0289 806.8016 208.1334 1.4572 1.6053 3.9938 6.5206 1.3491 29.6853 4.5654 0.0566
Car -1 -1 4.7794 143.3236 170.8713 194.8065 208.8853 1.4992 1.5893 3.7509 -18.5395 1.4210 30.4868 4.2367 0.0557
Car -1 -1 1.9476 278.1908 178.7190 341.3378 210.5999 1.5347 1.6379 4.0677 -15.5043 1.8564 37.5307 1.5580 0.0555
Car -1 -1 1.8711 825.8427 178.4223 858.8846 196.8637 1.5251 1.6281 4.0521 20.3805 2.0283 63.0814 2.1818 0.0537
Car -1 -1 1.8905 333.4493 179.3753 377.9533 203.8579 1.4871 1.5535 3.9594 -16.4319 1.9288 46.8789 1.5548 0.0535
Car -1 -1 1.4327 589.5905 185.5990 625.0363 212.2852 1.4588 1.6063 3.9031 -0.1799 2.2622 43.4420 1.4280 0.0530
Car -1 -1 1.5924 715.5144 166.9108 763.0425 210.0973 1.5027 1.6385 4.2273 4.9542 1.2959 27.3395 1.7694 0.0524
Car -1 -1 1.9443 267.4774 178.3267 319.2545 202.9130 1.4409 1.6203 3.9804 -19.7367 1.7991 45.2035 1.5345 0.0500