Car -1 -1 2.1323 0.0000 200.6133 398.4110 375.0000 1.3908 1.5515 3.5590 -2.7071 1.6361 4.5610 1.6207 0.9602
Car -1 -1 4.9643 399.3290 184.4659 565.2452 298.3316 1.4265 1.6021 3.9335 -1.8108 1.6442 11.4903 4.8104 0.9568
Car -1 -1 4.5936 739.5302 184.0795 818.5613 249.8100 1.4812 1.5629 3.4460 4.2865 1.7996 18.6666 4.8150 0.8952
Car -1 -1 3.4127 420.4905 173.1537 545.8329 214.7907 1.3947 1.5090 4.0438 -4.3560 1.4056 25.1376 3.2424 0.8947
Car -1 -1 1.6898 585.7162 170.8737 636.6320 210.8857 1.6003 1.6984 4.1921 0.1392 1.5211 31.0433 1.6937 0.8561
Car -1 -1 4.3833 885.7462 224.6967 1242.0000 375.0000 1.4097 1.5295 3.4572 2.4625 1.8050 3.6448 4.9390 0.8138
Car -1 -1 4.8597 613.8835 173.8779 655.9049 202.4610 1.4533 1.6614 4.2932 1.4303 1.5120 39.1110 4.8955 0.7609
Car -1 -1 4.6963 739.8052 180.9257 795.0629 232.0748 1.4543 1.5928 3.6696 5.0053 1.7345 23.0863 4.9064 0.5812
Car -1 -1 1.4587 706.7831 177.4856 734.0085 197.4915 1.4452 1.6195 3.8921 8.4132 1.8110 55.0117 1.6092 0.5472
Car -1 -1 4.6116 520.4981 173.2605 547.9317 196.7492 1.6666 1.6197 4.0385 -5.6116 1.6978 53.4100 4.5071 0.3240
Car -1 -1 4.6684 528.6434 174.2818 558.3715 201.1573 1.5383 1.6194 3.6811 -4.0118 1.6281 43.4382 4.5764 0.2006
Car -1 -1 4.4181 738.0962 172.1540 774.0352 193.2470 1.4895 1.5450 3.7819 10.6977 1.4400 52.9076 4.6162 0.1920
Car -1 -1 1.7648 702.3197 176.3877 737.1649 200.4053 1.6582 1.7188 4.3467 8.1113 1.9285 52.8399 1.9158 0.1798
Car -1 -1 1.9765 740.8638 171.8306 778.3147 191.5357 1.5699 1.6298 3.8788 12.4096 1.4884 59.5412 2.1806 0.1646
Car -1 -1 1.8483 633.2659 181.6184 665.9473 202.9424 1.5206 1.5194 3.7731 3.0959 2.2152 55.1538 1.9035 0.1154
Car -1 -1 4.3830 568.2689 164.1622 615.7210 192.2580 1.6099 1.6769 3.9177 -1.1091 1.1119 43.4730 4.3574 0.1143
Car -1 -1 1.4247 701.3815 177.3270 732.2530 199.4297 1.5554 1.6640 4.2681 7.9482 1.9020 53.7755 1.5702 0.1125
Car -1 -1 4.7313 697.6498 182.9564 753.0897 234.0155 1.4446 1.6212 3.8691 3.7636 1.7991 23.2710 4.8889 0.1037
Car -1 -1 1.8107 499.2664 178.4212 561.7780 218.8420 1.4362 1.5835 3.6671 -3.0028 1.6678 28.0894 1.7046 0.1028
Car -1 -1 3.5308 564.0783 172.6901 645.7462 202.7915 1.5337 1.6449 4.0074 -0.2456 1.5253 38.2728 3.5239 0.0931
Car -1 -1 1.2229 623.6521 182.4031 666.9991 206.6744 1.4956 1.6233 4.0094 2.3445 2.1635 48.3127 1.2706 0.0918
Car -1 -1 -0.3026 724.2974 181.4983 862.8244 232.4850 1.4913 1.6279 3.8440 5.6314 1.7701 22.3456 -0.0596 0.0828
Car -1 -1 2.8990 747.1530 183.3457 940.3301 252.8802 1.5929 1.6963 4.2407 5.6452 1.8658 17.7942 3.2005 0.0788
Car -1 -1 4.6726 585.6525 163.7405 610.1249 185.8038 1.5535 1.6336 3.8948 -0.8861 0.9118 52.7964 4.6556 0.0779
Car -1 -1 -0.0046 545.1925 163.5486 614.9923 189.6114 1.4942 1.6293 4.0072 -1.7257 0.9607 42.2711 -0.0455 0.0699
Car -1 -1 4.8626 785.9565 173.7357 831.6403 207.1220 1.4734 1.5411 3.6987 9.4187 1.5173 33.9515 5.1305 0.0687
Car -1 -1 2.2114 493.0213 167.7066 558.7314 197.2473 1.5763 1.6429 3.9369 -4.6518 1.3016 40.6148 2.0978 0.0680
Car -1 -1 1.6489 746.4664 170.1379 775.0142 193.7886 1.5936 1.6476 4.2503 10.6982 1.4106 50.8882 1.8546 0.0651
Car -1 -1 2.4638 0.0000 189.9659 123.4285 375.0000 1.4370 1.5172 3.5104 -5.7085 1.6086 5.4131 1.6764 0.0621
Car -1 -1 4.9768 519.8878 176.2342 576.8336 212.5174 1.4731 1.5687 3.6933 -2.6157 1.6304 31.6178 4.8944 0.0603
Car -1 -1 -0.4891 694.9653 180.8904 839.6822 230.4568 1.4960 1.6764 4.3569 5.1473 1.7749 23.6366 -0.2780 0.0596
Car -1 -1 3.2706 641.8420 180.7607 773.0593 231.6107 1.4768 1.6275 3.9063 3.0982 1.7391 22.6495 3.4040 0.0588
Car -1 -1 3.1795 518.5944 174.1281 572.8087 195.2881 1.4998 1.5917 3.8438 -4.5810 1.5934 52.1394 3.0919 0.0579
Car -1 -1 1.6286 733.9428 177.6713 754.1334 195.6153 1.4838 1.5175 3.6831 11.7066 1.9155 62.6904 1.8120 0.0566
Car -1 -1 2.9050 699.7182 177.7038 753.3941 197.6627 1.4645 1.5964 3.7184 8.7867 1.8360 54.3387 3.0640 0.0563
Car -1 -1 1.8916 694.6350 175.7086 734.8107 197.8270 1.4861 1.6191 4.0840 7.5078 1.6975 51.2327 2.0359 0.0550
Car -1 -1 4.2431 1000.3771 176.6556 1242.0000 344.4711 1.4711 1.6067 4.0940 6.2937 1.5275 8.5648 4.8598 0.0545
Car -1 -1 2.8723 604.4666 183.4191 665.0349 207.5955 1.4990 1.6226 3.6428 1.6260 2.2051 47.0109 2.9061 0.0534
Car -1 -1 -1.0280 754.9282 173.2876 804.3981 194.8449 1.5274 1.6470 4.1574 12.5895 1.5607 53.2689 -0.7976 0.0527
Car -1 -1 0.1534 494.5885 173.8214 551.6628 195.2270 1.5213 1.6055 3.9018 -6.2276 1.5925 52.2299 0.0350 0.0523
Car -1 -1 4.6406 650.0947 174.9478 686.1049 203.8220 1.4622 1.6349 4.1121 3.1045 1.5810 38.8989 4.7192 0.0500