Car -1 -1 5.1869 92.1703 191.0997 272.9113 272.7653 1.4299 1.6192 3.7290 -8.4778 1.5662 14.7545 4.6729 0.9757
Car -1 -1 5.0082 315.2301 172.6434 457.1886 258.6027 1.6314 1.7323 4.3613 -4.6540 1.3928 15.8358 4.7266 0.9682
Car -1 -1 4.7316 573.1464 177.3630 620.3266 221.4235 1.5540 1.6645 3.4464 -0.3594 1.2771 27.0820 4.7180 0.9532
Car -1 -1 4.8790 450.1333 181.7281 508.1641 219.0500 1.3836 1.6344 3.9065 -5.0165 1.2543 28.6069 4.7066 0.9233
Car -1 -1 5.1080 241.2664 182.3735 325.0395 223.2715 1.5473 1.6713 4.0015 -13.0515 1.4398 29.2145 4.6909 0.9058
Car -1 -1 4.7727 430.3664 180.6724 462.2330 207.2765 1.4391 1.5396 3.6819 -9.0945 1.1934 40.8255 4.5546 0.3773
Car -1 -1 5.5384 0.0000 150.5975 82.5738 344.7654 1.7255 1.6307 3.7152 -8.2885 1.4178 8.2890 4.7693 0.3530
Car -1 -1 4.6308 561.7224 176.3900 588.1980 197.5885 1.4698 1.5883 3.9765 -2.3622 0.8579 51.9142 4.5852 0.1920
Car -1 -1 3.9561 273.0540 172.8321 345.8688 201.5923 1.5764 1.6566 3.8327 -16.9596 0.8976 40.9440 3.5655 0.1798
Car -1 -1 4.8623 496.3773 156.5188 541.0693 190.9249 1.7864 1.7947 4.3960 -4.7997 0.2964 39.5482 4.7421 0.1786
Car -1 -1 4.6185 533.0545 174.6553 561.0010 197.5983 1.5843 1.6208 4.1805 -4.3759 0.8550 51.8392 4.5343 0.1578
Car -1 -1 4.9624 0.0000 202.0249 104.7380 342.2520 1.5396 1.5566 3.4614 -8.4760 1.8236 10.2453 4.2837 0.1514
Car -1 -1 4.7403 29.7499 192.8898 108.9089 253.5211 1.4714 1.6208 3.9062 -14.8774 1.7073 20.0358 4.1076 0.1227
Car -1 -1 5.0074 298.9367 171.8551 348.4206 200.0203 1.5467 1.6077 3.7972 -16.2728 0.8130 41.4305 4.6351 0.1198
Car -1 -1 3.3102 401.5403 179.2356 471.8722 206.6589 1.4912 1.5764 3.5911 -9.4396 1.1660 39.9874 3.0795 0.1166
Car -1 -1 1.8079 306.9884 179.0195 345.2505 201.8051 1.4967 1.5600 3.9045 -19.2053 1.0897 49.2570 1.4376 0.1119
Car -1 -1 2.0175 199.7646 167.4434 270.9850 199.8289 1.4496 1.5652 3.6293 -17.5010 0.6541 34.0112 1.5454 0.1112
Car -1 -1 3.4730 494.3751 176.8827 553.9020 199.2929 1.5365 1.6475 3.8263 -5.8185 0.9651 50.5016 3.3586 0.1045
Car -1 -1 1.4886 268.8340 172.4569 307.8803 202.1366 1.5584 1.6582 4.0987 -17.7535 0.8885 39.9415 1.0726 0.0974
Car -1 -1 1.7946 467.4886 182.9920 528.3955 220.4247 1.5325 1.7204 4.3281 -4.7220 1.4414 31.6532 1.6473 0.0951
Car -1 -1 1.6153 256.3919 214.5930 332.0992 285.3000 1.5010 1.6424 3.9769 -8.2440 2.3734 19.1969 1.2140 0.0917
Car -1 -1 2.6629 2.3238 178.0606 153.1255 225.8535 1.4827 1.5835 3.8103 -17.7998 1.2607 24.3584 2.0369 0.0838
Car -1 -1 0.6956 0.0000 190.7988 86.3587 322.2172 1.5334 1.6543 4.0281 -9.5043 1.6145 9.4536 -0.0784 0.0795
Car -1 -1 -0.0157 528.9831 176.0018 582.3939 197.8577 1.5061 1.6055 3.6835 -3.6248 0.8712 50.4965 -0.0874 0.0779
Car -1 -1 4.6432 521.3152 176.0865 547.1502 197.9799 1.5002 1.5728 3.7951 -5.2339 0.8746 51.2604 4.5417 0.0758
Car -1 -1 5.1087 314.6264 171.8199 371.3406 200.3092 1.5665 1.6421 4.0239 -15.2032 0.8299 41.5762 4.7600 0.0723
Car -1 -1 2.9170 419.9615 178.8489 496.6660 206.8800 1.4983 1.5900 3.9205 -8.2714 1.1580 39.9611 2.7139 0.0691
Car -1 -1 1.6455 5.2692 205.2515 110.8723 279.3783 1.4602 1.6936 4.1782 -13.2644 2.0120 17.5777 1.0059 0.0667
Car -1 -1 3.2993 234.3810 175.0201 314.1454 204.7477 1.5318 1.6142 3.6449 -17.6718 1.0064 38.3085 2.8695 0.0661
Car -1 -1 5.0444 184.5341 182.8625 257.8072 220.1023 1.4646 1.5791 3.6906 -16.1274 1.3721 30.2172 4.5576 0.0653
Car -1 -1 1.6143 257.8745 207.1578 324.4409 262.4073 1.4428 1.7187 3.8899 -9.8298 2.1969 22.5826 1.2075 0.0653
Car -1 -1 4.6947 91.0428 193.0844 164.5683 252.5371 1.5078 1.6376 3.9061 -13.9123 1.7588 20.8541 4.1119 0.0650
Car -1 -1 1.5728 262.0640 209.8909 331.4472 273.3695 1.4819 1.6683 4.1003 -8.9139 2.2689 20.7153 1.1704 0.0645
Car -1 -1 1.6699 426.1934 178.7247 463.3128 206.5693 1.4419 1.5819 4.0076 -8.8292 1.1058 39.3106 1.4501 0.0642
Car -1 -1 1.9917 277.4319 174.3971 338.2150 202.4850 1.4808 1.6175 3.9835 -16.5393 0.9105 39.9144 1.6010 0.0637
Car -1 -1 4.1907 274.4162 180.6448 328.3453 203.3677 1.4634 1.6037 3.8808 -20.4857 1.1691 48.1076 3.7898 0.0604
Car -1 -1 4.8565 503.9831 160.6216 543.3633 193.7964 1.8128 1.6860 3.9838 -4.7444 0.4689 41.2984 4.7426 0.0585
Car -1 -1 0.7436 9.4052 177.3741 148.0607 222.3542 1.5100 1.6034 3.8483 -18.4348 1.2468 25.1518 0.1160 0.0576
Car -1 -1 1.7503 165.7308 186.1846 232.5747 226.0828 1.4628 1.6203 3.8812 -16.1116 1.5041 28.5562 1.2403 0.0536
Car -1 -1 1.7256 560.0643 173.6875 593.2932 197.3348 1.5481 1.6420 4.2071 -2.0441 0.7934 49.2426 1.6840 0.0531
Car -1 -1 0.7701 169.7215 185.6168 291.9709 225.3667 1.4738 1.6280 4.3253 -14.6890 1.4903 28.0829 0.2917 0.0527
Car -1 -1 0.1598 204.6366 182.5866 318.1652 219.5699 1.4875 1.6311 4.0947 -14.4528 1.3818 30.2677 -0.2826 0.0501