Car -1 -1 4.3255 760.7502 178.7766 1238.1348 375.0000 1.5399 1.6779 3.7434 2.4065 1.6012 5.5988 4.7111 0.9628
Car -1 -1 4.9802 218.8202 180.4789 483.2250 358.9569 1.4904 1.6315 4.2738 -2.6027 1.6016 8.3670 4.6864 0.9608
Car -1 -1 4.9316 387.8078 183.7132 531.9922 284.1933 1.5101 1.6674 4.3742 -2.5918 1.7471 13.5354 4.7450 0.9582
Car -1 -1 4.6080 661.4982 179.8326 718.7571 223.9920 1.4801 1.6658 4.3914 2.9361 1.7632 27.0753 4.7142 0.9475
Car -1 -1 4.4673 708.0159 186.3342 882.3322 302.1934 1.4080 1.6338 3.8825 2.6439 1.6534 11.1811 4.6924 0.9198
Car -1 -1 4.7262 554.6686 178.5419 585.3349 206.3032 1.4529 1.6416 4.2456 -2.2054 1.7915 40.7990 4.6720 0.7549
Car -1 -1 4.5359 647.1340 178.0542 689.9700 208.4117 1.5442 1.6324 4.1257 3.1764 1.8448 39.5667 4.6149 0.7003
Car -1 -1 1.6506 434.8185 187.6111 520.1618 264.9489 1.4906 1.5997 4.1836 -2.9634 1.8801 16.8867 1.4786 0.3885
Car -1 -1 4.8791 443.2501 187.2672 530.9910 254.7769 1.4685 1.5863 3.6533 -2.9961 1.8708 18.3088 4.7184 0.3126
Car -1 -1 4.8241 550.6404 165.3341 583.3703 192.5607 1.6683 1.6521 4.0321 -2.6841 1.2075 46.2684 4.7662 0.2909
Car -1 -1 1.5179 565.0419 170.6154 589.4242 192.8891 1.6290 1.6363 4.0838 -2.4918 1.4652 54.8814 1.4724 0.2497
Car -1 -1 2.6389 425.4548 173.4120 518.4521 206.1561 1.4966 1.6302 4.1586 -6.6296 1.5252 34.9966 2.4526 0.2492
Car -1 -1 -0.2595 854.8102 193.5834 1017.2115 246.7625 1.4291 1.5618 4.1052 9.5262 2.0730 21.3258 0.1546 0.2307
Car -1 -1 1.4169 452.0021 174.8035 476.2601 191.1392 1.4951 1.6429 4.2106 -13.9025 1.6872 68.8359 1.2181 0.1721
Car -1 -1 3.1518 349.8216 181.2185 530.9611 249.2688 1.5110 1.6254 4.0964 -4.0468 1.7287 17.5518 2.9278 0.1692
Car -1 -1 0.3193 437.2426 173.8670 486.4238 189.3890 1.4312 1.6048 4.2316 -13.8446 1.5277 67.7120 0.1181 0.1491
Car -1 -1 1.1345 898.4256 194.8835 1021.2282 254.5497 1.4057 1.5595 3.9769 9.7625 2.0911 20.4593 1.5733 0.1414
Car -1 -1 2.8782 926.4011 185.3207 1096.6871 240.4933 1.4678 1.6177 4.0454 11.5607 1.8526 21.0164 3.3745 0.1216
Car -1 -1 1.3951 920.6995 192.6140 1005.8998 249.2989 1.3985 1.5586 3.9787 10.3700 2.0430 21.4081 1.8400 0.1160
Car -1 -1 0.9522 681.7712 174.2624 756.6202 206.1495 1.4382 1.5782 3.9297 5.2216 1.5103 34.8392 1.0993 0.1154
Car -1 -1 1.7673 490.5355 176.3710 534.3528 205.8734 1.5359 1.6443 4.0815 -5.3438 1.7417 40.1500 1.6354 0.0963
Car -1 -1 -0.0972 395.8901 172.3627 482.7389 206.1521 1.5356 1.6295 3.8663 -8.0749 1.5133 34.1855 -0.3278 0.0906
Car -1 -1 1.8680 498.4114 177.5432 542.3694 204.4685 1.5151 1.5834 3.7499 -5.2962 1.8092 43.2766 1.7465 0.0829
Car -1 -1 2.9539 538.8008 174.7873 594.0018 196.5048 1.5712 1.6383 3.8624 -3.2239 1.7185 53.6942 2.8939 0.0770
Car -1 -1 1.6715 511.9864 178.0951 545.4980 204.0666 1.5259 1.6698 4.2689 -5.0354 1.8713 45.4000 1.5612 0.0725
Car -1 -1 4.9167 688.2442 175.8046 734.4589 206.6872 1.4784 1.6118 3.7893 5.2668 1.6381 36.9900 5.0565 0.0695
Car -1 -1 1.5204 411.0274 175.1862 453.4031 211.4779 1.4770 1.6161 3.8907 -7.8467 1.5863 31.7300 1.2795 0.0674
Car -1 -1 1.5736 547.0453 165.2496 574.8755 190.5675 1.5050 1.6526 4.0460 -3.0213 1.0530 44.9632 1.5066 0.0664
Car -1 -1 0.0620 532.2552 185.0464 591.5240 208.8546 1.5369 1.6962 3.8611 -3.1565 2.3676 48.3081 -0.0035 0.0654
Car -1 -1 4.8965 663.0681 163.8770 690.3574 185.1697 1.8970 1.7666 4.2061 6.2274 1.0972 66.5485 4.9891 0.0644
Car -1 -1 3.1594 375.8045 187.3096 566.3742 257.8333 1.4758 1.5752 4.1249 -3.1362 1.8323 16.6750 2.9755 0.0637
Car -1 -1 0.2498 362.1719 177.5459 463.9264 213.5665 1.4965 1.6229 3.9413 -8.3920 1.7037 31.0299 -0.0126 0.0597
Car -1 -1 1.3330 434.4090 182.8587 497.0553 221.5966 1.4177 1.6602 3.8280 -5.9544 1.8566 29.5696 1.1355 0.0589
Car -1 -1 4.4566 434.9611 173.9061 464.5372 191.3527 1.5900 1.6777 4.4030 -15.1776 1.6931 68.3804 4.2388 0.0586
Car -1 -1 1.7295 398.8852 182.1619 491.6155 251.5078 1.4763 1.6078 3.9495 -3.9509 1.7335 17.9188 1.5148 0.0585
Car -1 -1 4.8147 424.5167 173.5585 467.2174 206.2751 1.4682 1.5930 3.8620 -7.7623 1.5038 34.4777 4.5945 0.0579
Car -1 -1 4.2891 869.3721 191.4718 981.5633 247.6373 1.4075 1.5586 3.8490 9.1819 2.0075 21.3100 4.6901 0.0575
Car -1 -1 -0.2373 682.3829 175.4082 767.6212 206.0242 1.4924 1.6423 3.9592 5.7713 1.6244 36.3146 -0.0814 0.0574
Car -1 -1 1.6871 511.9030 176.6367 549.8917 206.1339 1.5442 1.6384 4.1367 -4.3482 1.7668 40.3820 1.5801 0.0568
Car -1 -1 2.3495 848.9423 190.7108 996.5239 248.6326 1.4480 1.5795 3.8642 8.8560 1.9892 20.4035 2.7528 0.0564
Car -1 -1 1.8444 396.1640 179.4800 461.9083 217.8994 1.4205 1.5759 3.9326 -7.2563 1.7084 29.3562 1.6037 0.0561
Car -1 -1 1.8622 475.8867 176.8377 527.3572 208.0747 1.5197 1.5965 3.9026 -5.5707 1.7390 37.6719 1.7160 0.0560
Car -1 -1 -0.0843 528.0430 165.0649 592.3424 189.5565 1.4954 1.6091 3.8918 -3.1112 1.0198 45.1475 -0.1530 0.0552
Car -1 -1 3.8586 307.4626 167.0007 456.5658 221.6387 1.4736 1.6264 4.0852 -6.6391 1.3157 21.0267 3.5559 0.0548
Car -1 -1 2.4668 353.5197 176.1983 455.8758 215.3905 1.4821 1.5926 3.9074 -8.3494 1.6292 29.6872 2.1946 0.0535
Car -1 -1 4.9077 529.8383 183.4035 560.9609 204.9008 1.4745 1.5960 3.7280 -4.7043 2.2826 53.3327 4.8197 0.0521
Car -1 -1 -0.1538 426.7716 188.9596 595.3936 255.3188 1.4742 1.5882 3.9719 -2.4797 1.9057 18.0025 -0.2896 0.0511
Car -1 -1 1.6182 567.6928 175.2007 593.8112 197.6819 1.5844 1.7299 4.2953 -2.0955 1.7653 53.4555 1.5788 0.0510