Car -1 -1 4.5868 592.7463 179.3549 626.1147 204.9081 1.5141 1.6348 3.9379 -0.0510 1.9458 45.8557 4.5851 0.7151
Car -1 -1 1.4177 491.2035 184.5511 518.1272 203.1010 1.4635 1.6672 4.2043 -9.0493 2.5054 62.0213 1.2730 0.3568
Car -1 -1 1.6394 496.5892 177.3597 525.0325 201.5665 1.5014 1.5863 3.9189 -6.4621 1.8106 47.5069 1.5045 0.2332
Car -1 -1 1.7209 484.1257 181.0594 520.0875 207.0753 1.4814 1.5951 4.0498 -6.5605 2.0092 44.3917 1.5746 0.2208
Car -1 -1 4.8555 478.9891 183.0946 515.6489 210.6024 1.4758 1.5745 3.8439 -6.4965 2.1004 42.0776 4.7028 0.1989
Car -1 -1 1.2136 492.0971 181.3412 532.8265 204.1371 1.4664 1.5873 3.7341 -6.7564 2.0776 49.9407 1.0794 0.1294
Car -1 -1 1.5307 498.1192 183.5970 519.7986 203.4667 1.5379 1.6292 4.3154 -8.4741 2.4734 60.5659 1.3918 0.1092
Car -1 -1 2.8047 470.1677 182.3549 533.2339 205.5290 1.4648 1.6311 3.8771 -7.2518 2.1257 48.5653 2.6569 0.0962
Car -1 -1 4.5298 594.1140 177.8874 630.3533 203.7642 1.4969 1.6190 3.4639 0.1251 1.8189 44.3085 4.5321 0.0929
Car -1 -1 3.5396 0.0000 0.0000 1242.0000 375.0000 1.5574 1.6382 3.8196 3.6960 1.3903 1.5738 4.6423 0.0687
Car -1 -1 3.2253 582.1620 179.4524 647.7288 204.7994 1.5491 1.6524 4.0220 0.3697 1.9756 45.6282 3.2329 0.0687
Car -1 -1 1.3308 493.8828 180.4455 526.6826 201.4910 1.6072 1.6709 4.3675 -8.1747 2.2539 59.1284 1.1936 0.0631
Car -1 -1 3.3544 0.0000 0.0000 1242.0000 375.0000 1.5615 1.6121 3.8577 4.7105 1.2417 1.7374 4.5184 0.0602
Car -1 -1 1.0938 471.7860 181.2973 522.7116 204.3744 1.4926 1.6924 4.4103 -7.9235 2.1115 50.6144 0.9389 0.0573
Car -1 -1 3.6135 450.3334 182.2140 522.7545 209.9632 1.5120 1.5969 3.8000 -7.0729 2.0681 41.5426 3.4454 0.0555
Car -1 -1 1.9032 499.4814 183.9333 532.8284 202.9575 1.5075 1.6153 3.9880 -7.9533 2.4883 61.7573 1.7752 0.0544
Car -1 -1 0.3995 474.2295 177.5828 539.7224 201.4020 1.5024 1.5925 3.9408 -6.7116 1.8207 47.2917 0.2589 0.0542
Car -1 -1 1.3213 596.2897 173.6403 641.8575 203.8186 1.6996 1.7393 4.1350 0.5096 1.7488 42.9650 1.3326 0.0526