Car -1 -1 4.6779 569.9662 179.2498 621.1428 222.6169 1.4567 1.7184 3.3734 -0.4773 1.2563 25.8755 4.6592 0.9167
Car -1 -1 5.0005 355.5160 181.8678 427.0883 221.0702 1.3924 1.5571 3.9054 -8.1576 1.2735 27.4861 4.7143 0.8580
Car -1 -1 5.0237 231.5096 190.6996 438.5718 313.8179 1.4624 1.6593 3.9259 -3.7635 1.5590 10.6936 4.6927 0.8476
Car -1 -1 1.5828 410.0501 176.6138 433.3214 199.2523 1.5822 1.5808 3.7971 -13.4599 0.9810 52.2724 1.3317 0.2767
Car -1 -1 1.4432 550.8239 172.9625 576.2308 192.8223 1.6198 1.6345 4.0957 -3.7258 0.6204 60.7971 1.3819 0.2676
Car -1 -1 4.9687 338.2888 174.3928 388.8123 203.3555 1.4265 1.5756 3.7438 -12.5836 0.8934 37.3264 4.6455 0.2540
Car -1 -1 5.3742 0.0000 114.7121 368.1356 376.0000 1.9291 1.8251 4.5962 -3.6488 1.6313 5.4073 4.8031 0.2234
Car -1 -1 3.2951 515.8230 180.0211 579.4045 204.0121 1.4846 1.6213 3.8003 -3.7353 1.1631 45.4272 3.2131 0.2135
Car -1 -1 4.7218 523.2480 180.0202 549.1707 204.0183 1.4873 1.6014 3.6683 -4.5669 1.1653 46.4492 4.6240 0.1863
Car -1 -1 1.3915 604.5616 177.0651 630.4981 194.9463 1.4986 1.5707 3.9183 0.8635 0.8155 62.3075 1.4049 0.1805
Car -1 -1 5.0624 547.3621 179.6168 592.3498 203.0099 1.4343 1.6217 3.9712 -2.3483 1.0910 46.2120 5.0115 0.1730
Car -1 -1 4.7403 470.3324 132.4659 529.3380 190.8747 1.7117 1.7192 4.0045 -3.3881 0.1658 23.1550 4.5967 0.1703
Car -1 -1 1.7899 431.0298 142.9664 511.4068 200.0298 1.7114 1.7142 4.1519 -4.3627 0.4443 23.6673 1.6096 0.1432
Car -1 -1 4.7189 502.9602 160.1783 544.0540 198.2302 1.5368 1.6537 3.9605 -3.6013 0.5256 31.0907 4.6043 0.1371
Car -1 -1 1.5759 592.7855 187.1968 626.2801 217.8493 1.4656 1.6136 3.8869 0.1283 1.5718 36.5738 1.5789 0.1202
Car -1 -1 1.6841 509.0882 165.8730 554.0012 202.7493 1.6415 1.6541 4.0991 -3.5203 0.7805 34.0582 1.5816 0.1133
Car -1 -1 1.4542 408.5264 174.8090 431.5974 192.9833 1.6058 1.5863 3.9989 -17.1193 0.6863 65.6661 1.1998 0.1104
Car -1 -1 4.7333 540.9631 179.5438 567.2677 203.0535 1.4520 1.6092 3.7375 -3.3840 1.1017 46.3047 4.6604 0.1095
Car -1 -1 3.6000 380.1175 178.5508 440.4493 200.8415 1.5526 1.6419 3.8155 -14.0178 1.0884 51.2423 3.3340 0.1067
Car -1 -1 4.8823 374.0636 195.0885 534.0021 319.8391 1.4887 1.6290 4.0732 -2.1055 1.6673 10.9523 4.6964 0.1058
Car -1 -1 1.5400 618.5694 187.6144 653.3600 217.6775 1.4386 1.6454 3.9595 1.4209 1.5677 36.7007 1.5779 0.1004
Car -1 -1 -0.0887 394.3218 143.4298 533.6201 198.8287 1.7017 1.6868 4.3281 -4.6977 0.4182 23.4976 -0.2838 0.0994
Car -1 -1 3.0632 492.1201 179.6607 556.8972 204.4993 1.5273 1.6562 3.9459 -5.2409 1.1858 45.3944 2.9485 0.0982
Car -1 -1 4.6761 544.7012 157.5835 588.0425 198.5923 1.6599 1.7241 4.2207 -1.8371 0.5414 31.2788 4.6178 0.0959
Car -1 -1 1.8335 402.4824 153.8945 488.7550 207.7765 1.5715 1.6705 4.0800 -5.0599 0.6580 23.0448 1.6197 0.0906
Car -1 -1 3.1953 424.2930 174.6608 549.6929 218.7985 1.4844 1.6399 4.2055 -4.1489 1.1294 25.2173 3.0337 0.0871
Car -1 -1 1.6542 468.1794 167.9877 527.7153 216.3048 1.5136 1.6595 4.1272 -3.6557 0.9739 24.6305 1.5082 0.0863
Car -1 -1 1.9635 523.6387 178.4031 576.5379 205.9008 1.5849 1.6494 4.3955 -3.4102 1.1923 43.7790 1.8858 0.0816
Car -1 -1 4.8136 348.8673 210.1777 445.9967 291.2454 1.4420 1.6594 4.1026 -4.6047 2.0825 16.2813 4.5416 0.0763
Car -1 -1 1.7367 407.6122 176.3780 439.8315 198.5512 1.5156 1.5917 3.9076 -13.0091 0.9115 51.1475 1.4885 0.0725
Car -1 -1 4.8553 481.2446 185.3346 543.0367 229.7105 1.4982 1.6765 3.9668 -3.3897 1.5029 26.2761 4.7279 0.0721
Car -1 -1 -0.7718 555.0546 181.3839 619.3236 205.4707 1.4479 1.6203 4.0624 -1.2188 1.2175 45.2314 -0.7990 0.0721
Car -1 -1 3.0612 530.8896 180.5332 597.3528 204.5149 1.4578 1.6055 4.0157 -2.7065 1.1732 44.7758 3.0008 0.0715
Car -1 -1 2.3208 612.1777 175.0926 656.2654 193.5291 1.5180 1.6201 3.7539 2.3199 0.6845 61.0883 2.3582 0.0684
Car -1 -1 1.8253 406.9940 185.5028 450.9582 211.8187 1.4848 1.5899 3.8922 -10.4922 1.5026 42.5601 1.5846 0.0604
Car -1 -1 1.4355 526.8737 179.6060 561.0541 204.2656 1.4698 1.5959 4.0569 -4.0011 1.1355 45.0023 1.3470 0.0597
Car -1 -1 0.1224 534.7311 173.6673 586.0093 192.7477 1.5575 1.6201 4.0751 -3.8578 0.6148 59.6057 0.0577 0.0596
Car -1 -1 1.8014 388.3208 176.4231 427.7800 200.9914 1.5787 1.6558 4.0840 -13.3134 1.0137 48.2633 1.5333 0.0593
Car -1 -1 4.6144 515.9432 145.4230 578.3688 200.0110 1.6176 1.6496 3.7400 -2.0185 0.4384 23.2913 4.5288 0.0586
Car -1 -1 1.6303 509.2327 179.0305 539.3468 204.2070 1.5155 1.6404 4.1424 -5.1898 1.1432 45.3844 1.5167 0.0582
Car -1 -1 4.8527 348.6536 168.7821 379.6100 191.3887 1.5369 1.5448 3.8562 -17.1687 0.4197 50.9064 4.5288 0.0574
Car -1 -1 1.5119 546.5001 179.4073 577.5125 206.1273 1.5129 1.6071 3.9682 -2.7289 1.1841 42.7706 1.4482 0.0569
Car -1 -1 1.6784 409.3739 188.1117 448.5659 218.1736 1.4992 1.6013 3.9678 -9.4445 1.6619 38.3218 1.4380 0.0562
Car -1 -1 1.7631 495.2991 158.7937 553.6650 200.0145 1.5716 1.6428 3.9191 -3.3092 0.5642 29.4263 1.6519 0.0561
Car -1 -1 3.9302 194.3986 177.5840 353.4826 236.2928 1.4764 1.5978 3.9660 -9.0456 1.2845 19.5240 3.5013 0.0557
Car -1 -1 3.9029 314.5488 173.7394 392.7527 202.6007 1.4289 1.5901 3.7441 -13.0822 0.8607 37.0843 3.5658 0.0552
Car -1 -1 1.6933 343.3927 173.3937 386.9695 205.0440 1.5008 1.5875 4.0211 -12.1275 0.9402 36.2142 1.3721 0.0551
Car -1 -1 1.6973 407.5111 174.1086 439.3637 198.2768 1.6015 1.6204 4.1435 -12.6797 0.8655 49.7902 1.4489 0.0535
Car -1 -1 3.2156 438.5160 158.4909 562.4803 208.0368 1.6185 1.6724 4.0417 -3.5514 0.7455 24.4553 3.0727 0.0515
Car -1 -1 1.7016 545.1309 173.5288 572.0309 193.3797 1.5710 1.6550 4.3167 -3.9571 0.6461 59.0977 1.6347 0.0512