Car -1 -1 5.2783 0.0000 189.3374 349.4082 370.0000 1.4172 1.6252 3.9241 -3.2201 1.5007 4.7224 4.7123 0.9119
Car -1 -1 1.9707 196.3472 182.9925 258.2532 209.9161 1.4269 1.6540 3.9514 -21.1657 1.5743 39.8858 1.4878 0.6461
Car -1 -1 1.4625 444.9385 167.5969 474.3542 191.7113 1.4710 1.4561 3.7048 -9.2483 0.6835 45.1155 1.2635 0.3424
Car -1 -1 2.4112 1190.2922 152.9480 1224.0000 205.0383 1.4354 1.5845 3.9248 19.4973 0.6760 20.3303 3.1696 0.3180
Car -1 -1 5.3304 0.0000 183.2100 103.8231 225.1818 1.4504 1.5231 3.9632 -20.9958 1.5602 26.7027 4.6715 0.2784
Car -1 -1 4.2483 0.0000 194.2510 93.0671 248.6136 1.4595 1.6548 3.7778 -17.4313 1.9035 21.3004 3.5713 0.2417
Car -1 -1 5.1743 0.0000 183.3577 81.4581 219.0500 1.4779 1.5528 3.7000 -25.1675 1.6131 31.5599 4.5076 0.1878
Car -1 -1 1.6033 30.9296 187.4115 65.3680 212.3683 1.4595 1.5572 3.8460 -34.9205 1.9134 44.4752 0.9427 0.1768
Car -1 -1 2.0126 94.1859 187.0438 170.4740 219.8446 1.4909 1.5813 3.9561 -23.2613 1.8339 35.0307 1.4322 0.1577
Car -1 -1 4.8271 114.3099 186.3338 161.0719 216.6172 1.4340 1.5687 3.6498 -23.8311 1.7489 36.2275 4.2509 0.1411
Car -1 -1 4.0717 1135.6051 152.0840 1224.0000 205.0644 1.4797 1.6283 3.8203 18.4842 0.6859 21.7026 4.7717 0.1275
Car -1 -1 2.2507 0.0000 193.3531 106.2302 252.9111 1.4925 1.6000 3.7974 -16.5451 1.8986 20.4462 1.5795 0.1112
Car -1 -1 4.2437 1146.7076 139.8695 1224.0000 174.3227 1.5971 1.6901 3.8206 29.2737 -0.3289 35.5581 4.9298 0.0919
Car -1 -1 3.0940 52.6950 187.2076 153.2787 220.7285 1.5199 1.6747 3.9511 -24.5319 1.8663 34.6768 2.4842 0.0877
Car -1 -1 2.4908 1189.2753 153.2508 1224.0000 214.9618 1.4829 1.6004 3.8809 17.5832 0.8279 18.0086 3.2571 0.0846
Car -1 -1 3.2500 435.1946 167.5149 497.5312 191.3535 1.4853 1.5365 3.7426 -8.7185 0.6758 44.9682 3.0617 0.0815
Car -1 -1 2.4496 1170.4861 142.6863 1224.0000 175.7337 1.5638 1.6482 3.9290 30.3481 -0.2394 34.5847 3.1670 0.0776
Car -1 -1 2.0022 74.1392 181.0517 137.3346 206.7020 1.4937 1.5873 4.0895 -30.5060 1.5289 43.4182 1.3949 0.0758
Car -1 -1 1.6822 14.6389 182.8972 60.7290 210.6851 1.5318 1.6360 4.1628 -33.2153 1.6797 41.5530 1.0132 0.0744
Car -1 -1 3.4586 96.7419 184.3333 198.4227 216.3898 1.5315 1.6312 3.9587 -22.7388 1.7298 35.3613 2.8928 0.0661
Car -1 -1 1.6833 431.6317 168.5141 466.3976 194.3794 1.5168 1.6172 4.1908 -9.5149 0.8135 43.6271 1.4719 0.0659
Car -1 -1 1.8241 25.9359 187.9445 76.2993 214.9990 1.5377 1.4654 3.9871 -33.9250 2.0174 43.4750 1.1666 0.0652
Car -1 -1 5.0591 450.4842 167.4339 497.0055 191.7952 1.5067 1.6354 4.1758 -8.4028 0.6982 45.9260 4.8812 0.0639
Car -1 -1 5.1001 127.0117 182.6241 195.2690 213.0826 1.4665 1.5950 3.9080 -22.6958 1.5816 36.3870 4.5480 0.0626
Car -1 -1 4.2146 1074.5354 153.0598 1219.3513 208.2043 1.4246 1.5977 3.9024 15.3859 0.7156 20.3122 4.8570 0.0626
Car -1 -1 0.3876 420.9362 167.4347 492.1786 192.6630 1.5331 1.5891 4.0523 -9.1856 0.7387 44.1227 0.1856 0.0621
Car -1 -1 1.8796 82.0484 183.4871 155.4743 217.9541 1.5113 1.6640 4.1595 -22.9598 1.6624 33.6182 1.2865 0.0618
Car -1 -1 1.8865 0.0000 191.3405 85.9120 257.1217 1.5262 1.6552 4.2693 -15.9496 1.8593 19.4483 1.2092 0.0594
Car -1 -1 1.2513 1145.9169 149.4670 1224.0000 209.0636 1.5126 1.6455 3.9608 17.0710 0.7248 20.0900 1.9495 0.0584
Car -1 -1 -1.1017 1161.7682 151.6819 1224.0000 204.7093 1.4673 1.6268 3.8489 18.7122 0.6697 21.0349 -0.3805 0.0573
Car -1 -1 4.8418 325.2289 187.3081 364.2351 215.2920 1.4949 1.6154 3.8152 -14.9082 1.9069 40.7966 4.4955 0.0570
Car -1 -1 4.0550 1185.2329 149.1688 1224.0000 208.3236 1.4724 1.5843 3.8428 18.3456 0.6924 19.5834 4.8013 0.0553
Car -1 -1 0.8014 1191.5302 153.1719 1224.0000 221.9824 1.4670 1.5777 3.7804 16.4661 0.8842 16.9689 1.5640 0.0552
Car -1 -1 4.4615 1136.2402 157.4535 1224.0000 218.2671 1.4866 1.6211 3.8671 16.0816 0.9230 19.3786 5.1477 0.0534
Car -1 -1 -1.0017 1073.0404 159.5816 1224.0000 218.5886 1.4834 1.6063 3.8966 14.8963 0.9574 19.1943 -0.3480 0.0534
Car -1 -1 4.0714 0.0000 185.4596 77.1197 236.9228 1.4870 1.6379 3.8251 -18.6421 1.6492 21.9083 3.3752 0.0531
Car -1 -1 1.6260 0.0000 186.5264 38.9439 212.0851 1.4678 1.6512 4.0160 -36.1042 1.8579 43.7072 0.9407 0.0518
Car -1 -1 5.1281 65.3109 182.4017 125.3293 207.7309 1.5353 1.6155 4.0243 -32.5122 1.6625 45.3096 4.5106 0.0518
Car -1 -1 2.1991 0.0000 185.1000 71.2729 212.2037 1.5102 1.5944 4.1829 -34.1352 1.7985 42.2432 1.5247 0.0513
Car -1 -1 1.9203 423.4215 167.3676 472.3959 194.3551 1.5269 1.6021 3.8617 -9.2202 0.7835 42.0259 1.7077 0.0509