Car -1 -1 4.5545 659.8029 177.5894 736.4261 236.0165 1.6373 1.6958 4.4812 2.6891 1.8022 22.8630 4.6693 0.9643
Car -1 -1 3.5375 231.9885 183.9473 427.3307 247.0083 1.4234 1.6220 4.1051 -6.6809 1.7057 17.4799 3.1769 0.9408
Car -1 -1 4.6127 645.1069 182.5786 686.5040 216.7489 1.4540 1.5564 3.6497 2.5671 1.9316 33.5956 4.6877 0.7854
Car -1 -1 4.0351 881.4653 202.4694 1242.0000 375.0000 1.4324 1.5983 3.8707 2.9405 1.6608 3.6049 4.6791 0.7659
Car -1 -1 3.3863 370.6305 170.3540 491.1927 208.2918 1.4985 1.6658 4.4880 -7.1976 1.3998 29.3469 3.1475 0.7243
Car -1 -1 3.4896 331.5076 188.4143 472.5806 236.6409 1.3914 1.4799 3.9134 -6.3454 1.8905 22.2657 3.2145 0.7150
Car -1 -1 3.5173 301.9373 190.5716 467.9270 250.1725 1.5216 1.5332 4.0948 -6.1263 2.0330 19.9005 3.2218 0.5459
Car -1 -1 3.3426 377.1407 179.7371 482.4535 221.3896 1.4936 1.5991 3.5774 -6.6705 1.7597 27.0287 3.1024 0.5141
Car -1 -1 4.9975 454.5248 172.7652 513.4550 208.7552 1.5448 1.6308 3.8324 -5.6636 1.5410 32.9682 4.8283 0.3747
Car -1 -1 3.6494 106.9906 191.3569 392.7778 290.8348 1.4389 1.5979 3.8663 -5.6969 1.7624 11.6970 3.2045 0.3312
Car -1 -1 4.5724 627.5529 180.3219 660.3130 204.2816 1.4149 1.5549 3.8090 2.1408 1.9094 45.8066 4.6182 0.2919
Car -1 -1 3.5308 412.2316 173.6711 501.1343 208.5288 1.4834 1.5346 3.5173 -6.7171 1.5207 31.8298 3.3241 0.2749
Car -1 -1 4.8438 480.4106 176.2683 517.9572 206.7959 1.4894 1.5490 2.7333 -5.6075 1.6705 36.8920 4.6935 0.2734
Car -1 -1 4.9258 682.8605 167.9267 711.0444 187.1349 1.6564 1.6733 4.0792 7.8354 1.2315 64.4240 5.0460 0.2664
Car -1 -1 0.3853 222.8288 183.9397 423.4409 260.4590 1.4311 1.5212 3.4303 -5.6619 1.6664 14.5178 0.0190 0.2574
Car -1 -1 1.5061 713.1189 164.5288 741.8633 192.8931 1.8093 1.6294 3.9620 7.8169 1.2783 48.0754 1.6660 0.2379
Car -1 -1 1.8938 464.7610 183.3888 527.8600 222.3105 1.4723 1.5213 3.6668 -4.6790 1.9427 30.2782 1.7412 0.1872
Car -1 -1 3.6353 376.4710 160.7126 455.8965 189.1748 1.6629 1.6665 4.3532 -11.6335 0.9536 43.4709 3.3751 0.1826
Car -1 -1 3.3647 441.2484 176.9649 518.9891 207.4570 1.4929 1.6159 3.5966 -6.5017 1.7057 36.4589 3.1891 0.1790
Car -1 -1 3.5688 413.8889 163.4577 463.9095 181.9641 1.7204 1.6276 4.3216 -16.1399 0.8469 68.2937 3.3374 0.1664
Car -1 -1 0.2363 351.2986 186.5938 471.2015 232.1522 1.4859 1.6061 3.7139 -6.7729 1.9763 24.9006 -0.0271 0.1656
Car -1 -1 -0.7463 856.7952 198.8711 1242.0000 369.3110 1.4569 1.4725 3.6470 4.6610 1.7715 7.6151 -0.2154 0.1622
Car -1 -1 0.0026 487.2057 175.0641 564.4232 205.3573 1.4802 1.6050 3.7862 -4.2123 1.5949 36.4135 -0.1122 0.1520
Car -1 -1 4.5527 381.9320 184.0365 446.7184 231.2211 1.4916 1.6641 3.7426 -7.0498 1.9237 25.8283 4.2883 0.1370
Car -1 -1 1.6025 409.1322 180.5266 465.0768 230.3865 1.4362 1.6325 4.3024 -5.5890 1.7129 23.7519 1.3733 0.1330
Car -1 -1 4.7240 234.0345 180.3249 274.1108 215.5353 1.4610 1.5514 3.7628 -16.1347 1.8220 32.8340 4.2702 0.1247
Car -1 -1 4.7072 380.6500 162.6737 410.6213 191.9327 1.7260 1.7048 3.9433 -13.2547 1.1254 44.6965 4.4203 0.1122
Car -1 -1 1.4851 649.3049 189.3067 698.8438 230.9943 1.4315 1.5890 3.9240 2.4621 2.1213 28.2888 1.5702 0.1066
Car -1 -1 -0.1354 712.1138 168.0201 774.4173 192.4145 1.5575 1.6235 3.8007 8.6644 1.2489 46.9659 0.0456 0.1003
Car -1 -1 0.4652 375.4192 181.5889 510.8448 227.6317 1.4422 1.6162 4.1775 -5.5947 1.7528 24.3718 0.2414 0.0990
Car -1 -1 3.8039 0.0000 184.4314 274.3946 321.0286 1.4781 1.5578 3.9831 -6.4431 1.6336 8.8240 3.1872 0.0951
Car -1 -1 4.9461 494.3250 175.8862 541.2878 206.8436 1.5067 1.5750 3.8055 -4.7076 1.6725 37.4823 4.8216 0.0883
Car -1 -1 4.5707 421.2581 158.7669 458.6751 187.3945 1.6815 1.7014 4.0091 -10.5135 0.8541 44.5582 4.3401 0.0850
Car -1 -1 0.0742 292.7424 175.2357 508.8819 253.0258 1.4724 1.5570 4.0796 -4.1782 1.5254 14.8883 -0.1954 0.0815
Car -1 -1 0.1637 684.0669 167.9624 744.6490 192.9765 1.5910 1.6501 3.7067 6.8705 1.2798 47.2380 0.3069 0.0813
Car -1 -1 3.2697 141.3734 182.0006 369.0602 265.2024 1.4881 1.6051 3.9342 -6.9395 1.6901 14.5691 2.8318 0.0811
Car -1 -1 1.4321 631.4515 178.3846 668.6849 205.9444 1.5585 1.6834 4.2233 2.4095 1.9113 43.8520 1.4861 0.0769
Car -1 -1 2.4515 180.5694 179.8458 280.4756 217.4016 1.4693 1.5885 3.5968 -16.1535 1.7881 30.9271 1.9734 0.0766
Car -1 -1 5.0102 262.2659 187.6871 424.7242 288.6298 1.4632 1.5956 3.9694 -4.5898 1.7730 13.0609 4.6779 0.0726
Car -1 -1 1.8349 397.5777 177.4936 466.7715 221.5248 1.5105 1.5857 3.7204 -6.5572 1.6964 27.0309 1.5987 0.0703
Car -1 -1 4.9568 488.0472 175.9826 531.1215 205.5992 1.4190 1.5300 2.7230 -4.9932 1.5827 36.3104 4.8207 0.0673
Car -1 -1 4.6721 654.9922 184.9146 700.1536 225.3737 1.4909 1.6849 3.9611 2.7470 2.0230 29.8131 4.7623 0.0663
Car -1 -1 2.2088 0.0000 181.1880 314.5014 342.6754 1.4662 1.5764 3.7597 -5.2735 1.5894 8.7058 1.6771 0.0652
Car -1 -1 1.7195 380.2140 184.7392 447.6139 234.6864 1.4720 1.5944 4.0232 -6.5035 1.9074 24.3445 1.4606 0.0651
Car -1 -1 -0.5880 723.7235 169.1840 791.7550 193.9312 1.5573 1.6734 4.0980 9.6427 1.3264 46.9540 -0.3870 0.0637
Car -1 -1 1.2656 673.1241 168.2300 705.7100 186.4599 1.5500 1.6382 4.2848 6.9964 1.1569 63.6104 1.3743 0.0635
Car -1 -1 1.5478 726.0675 189.2409 766.4979 227.1361 1.4219 1.5901 3.6582 5.7590 2.1626 30.6779 1.7309 0.0628
Car -1 -1 1.6496 617.4498 188.5934 667.4680 231.2065 1.4353 1.6202 4.0121 1.3394 2.0904 27.9393 1.6961 0.0612
Car -1 -1 -0.4214 500.6279 177.1193 587.4954 209.1796 1.5103 1.6497 4.0095 -3.2652 1.7340 36.1439 -0.5114 0.0598
Car -1 -1 5.0199 313.2951 170.9005 362.1612 196.6515 1.5271 1.6383 4.2140 -16.8563 1.4113 44.9356 4.6627 0.0586
Car -1 -1 3.4254 683.3231 172.4034 746.4258 197.1675 1.6348 1.5968 3.9683 7.1744 1.6051 49.1819 3.5690 0.0585
Car -1 -1 1.9393 207.2220 179.6582 283.0665 218.3345 1.4839 1.5660 3.7977 -15.2191 1.7885 30.3380 1.4776 0.0578
Car -1 -1 3.4943 428.3925 172.8515 520.3152 207.4184 1.5079 1.6186 3.7523 -6.0762 1.5078 32.5897 3.3110 0.0554
Car -1 -1 1.4419 724.8877 198.2746 786.2938 246.5769 1.4326 1.6299 3.6277 5.0258 2.3869 25.2239 1.6353 0.0524
Car -1 -1 4.9076 450.7437 176.7320 504.7855 214.8522 1.5309 1.6138 3.6289 -5.6274 1.7083 31.1776 4.7300 0.0521
Car -1 -1 3.5081 160.5523 178.3884 270.2916 213.6120 1.4738 1.6056 3.8959 -17.1623 1.7239 31.5642 3.0133 0.0514
Car -1 -1 1.1965 638.0914 177.5334 688.6268 205.7620 1.5537 1.6508 3.9001 3.1137 1.8431 42.5184 1.2686 0.0513
Car -1 -1 1.5707 725.3905 191.8994 771.3916 235.1008 1.4294 1.6202 3.9750 5.3438 2.2196 27.8323 1.7576 0.0513
Car -1 -1 5.1617 166.7494 179.1679 400.9490 301.6235 1.4997 1.6362 3.9340 -4.6787 1.6140 11.0539 4.7692 0.0503
Car -1 -1 0.3257 410.6781 177.6322 539.1841 222.4856 1.4799 1.6223 4.0968 -4.6452 1.6537 25.1384 0.1443 0.0502