Car -1 -1 0.3275 118.8806 171.3174 325.7585 241.4893 1.5405 1.6216 3.9660 -8.9342 1.5068 16.9411 -0.1517 0.9238
Car -1 -1 -0.3524 665.8937 168.4720 857.5046 238.3405 1.5040 1.6612 3.9994 3.4437 1.4097 16.6573 -0.1528 0.8946
Car -1 -1 3.3755 287.5583 168.8558 405.4212 210.5268 1.5296 1.6134 3.9512 -9.9449 1.3829 27.5049 3.0313 0.8839
Car -1 -1 3.6882 0.0000 196.5011 178.4218 337.7248 1.4592 1.5303 3.6429 -7.5739 1.7820 8.8240 2.9936 0.8708
Car -1 -1 3.5999 0.0000 181.5693 229.1158 290.9828 1.4889 1.6250 3.6417 -8.0895 1.6360 11.0867 2.9807 0.8627
Car -1 -1 -0.1969 616.6334 166.4225 725.1279 207.9897 1.5196 1.6149 3.8616 2.2851 1.2845 27.4010 -0.1151 0.8067
Car -1 -1 3.5532 187.2543 182.6371 357.2145 239.0799 1.4533 1.5691 3.8984 -9.1041 1.7313 19.6797 3.1246 0.6677
Car -1 -1 0.3339 227.9458 172.1076 380.2802 222.7897 1.5053 1.4965 4.0689 -9.3477 1.4832 22.2977 -0.0591 0.6446
Car -1 -1 4.4675 426.3382 167.1154 456.4154 186.2515 1.6641 1.7048 4.0559 -15.1664 1.1651 64.9403 4.2387 0.4880
Car -1 -1 4.5679 317.4632 158.7877 350.7820 183.7321 1.6472 1.6295 3.7070 -18.9859 0.7183 49.6618 4.2043 0.3344
Car -1 -1 1.5999 671.5137 153.8357 704.9281 183.9182 1.5253 1.6636 4.1426 4.2695 0.5610 38.7516 1.7086 0.2080
Car -1 -1 0.0084 614.6394 151.9436 681.6697 175.4292 1.5724 1.6662 4.4945 2.6362 0.1724 49.2790 0.0614 0.2037
Car -1 -1 4.6703 206.3866 169.5500 229.5080 188.6761 1.6300 1.6304 3.9994 -34.5539 1.3484 63.6265 4.1744 0.1795
Car -1 -1 4.3210 596.4540 149.5570 656.8285 182.1168 1.4780 1.6042 3.7237 0.7629 0.4205 34.7791 4.3426 0.1727
Car -1 -1 4.7011 309.8075 166.1394 332.6290 188.2278 1.7909 1.7280 4.1703 -24.2985 1.2465 60.7594 4.3220 0.1726
Car -1 -1 0.6232 171.6560 174.4581 315.3957 224.9604 1.4813 1.5511 3.7706 -11.2646 1.5332 22.2965 0.1599 0.1236
Car -1 -1 0.0432 652.5262 153.9934 733.4011 183.8289 1.5161 1.6500 4.1224 4.3871 0.5577 37.8043 0.1577 0.1047
Car -1 -1 4.4986 385.0250 177.2623 432.4833 207.6389 1.4144 1.5460 3.6875 -10.1068 1.6475 36.1658 4.2276 0.1042
Car -1 -1 5.0073 223.1117 173.7676 315.3450 225.9918 1.5001 1.5552 3.8568 -10.6315 1.5316 22.8131 4.5754 0.1029
Car -1 -1 1.6866 353.6159 158.4500 404.6635 195.0922 1.5572 1.7032 4.4530 -10.4584 0.9450 33.0094 1.3818 0.1015
Car -1 -1 5.0512 0.0000 187.5360 211.7605 332.8745 1.4988 1.6313 3.7781 -6.8809 1.7414 9.8863 4.4554 0.1012
Car -1 -1 4.7791 285.6828 159.9815 322.1782 188.8699 1.6021 1.6920 3.9472 -17.8025 0.8882 42.1566 4.3816 0.1001
Car -1 -1 -0.1663 609.9648 165.4028 708.9719 202.8492 1.4901 1.5591 3.8557 2.0129 1.1936 29.6794 -0.0997 0.0989
Car -1 -1 0.1437 748.8285 161.3637 857.2420 202.5070 1.4959 1.5723 3.8388 7.4279 1.0781 27.7091 0.4026 0.0962
Car -1 -1 4.7698 770.3025 169.1507 800.2422 194.2625 1.4654 1.5687 3.8071 10.7862 1.2493 44.1560 5.0075 0.0912
Car -1 -1 5.0823 74.3470 183.0488 292.3582 295.9628 1.5688 1.7136 4.5023 -7.2031 1.7827 12.7942 4.5779 0.0885
Car -1 -1 4.9448 222.4315 163.7775 260.7112 186.3800 1.5998 1.6295 3.9906 -27.0763 0.9574 53.2011 4.4759 0.0869
Car -1 -1 3.0467 558.1867 166.3463 646.1196 206.0566 1.5751 1.6219 3.4682 -0.3418 1.3170 29.6105 3.0348 0.0812
Car -1 -1 0.1722 281.9753 167.2636 342.5865 186.2609 1.5353 1.6771 4.4052 -24.5028 1.0835 59.6037 -0.2165 0.0790
Car -1 -1 4.7152 186.8986 163.6849 212.0368 186.8155 1.8487 1.7598 4.3072 -34.0695 1.1159 59.9780 4.2004 0.0765
Car -1 -1 4.7755 614.4794 166.9553 657.6168 205.1672 1.5087 1.5812 3.7611 1.1710 1.2758 30.4385 4.8131 0.0714
Car -1 -1 4.3344 730.9724 160.4167 772.8432 181.4134 1.4770 1.6318 4.0310 10.3806 0.6021 52.8866 4.5271 0.0712
Car -1 -1 1.3175 649.9540 152.4571 701.1810 183.8928 1.5616 1.6917 4.1571 3.4115 0.5484 38.0326 1.4061 0.0704
Car -1 -1 4.8274 115.0474 163.3960 163.7357 195.3126 1.4900 1.5677 3.9082 -23.2458 1.0484 35.7827 4.2545 0.0703
Car -1 -1 1.5209 742.0654 165.2628 791.4790 209.0216 1.5275 1.6104 3.9154 5.8663 1.2625 27.2478 1.7303 0.0702
Car -1 -1 3.1486 578.3505 150.5210 667.2746 183.1149 1.4940 1.5991 4.0816 0.6253 0.4703 33.9227 3.1666 0.0692
Car -1 -1 4.9706 272.4867 182.4317 371.1290 241.9890 1.4948 1.6464 4.0096 -8.1781 1.7994 20.8637 4.6009 0.0692
Car -1 -1 4.8006 121.3616 153.3077 185.0485 198.3399 1.5256 1.6287 3.7247 -16.6548 0.8634 26.4744 4.2435 0.0692
Car -1 -1 4.8805 802.2087 160.5808 843.0438 188.9963 1.5231 1.6181 3.6919 12.0520 0.8652 40.6884 5.1663 0.0677
Car -1 -1 0.4987 524.8237 167.8715 630.4020 206.3415 1.4961 1.6626 4.0367 -1.3248 1.3023 29.6924 0.4540 0.0665
Car -1 -1 1.6424 809.6831 173.5084 855.9109 212.8727 1.4312 1.4835 3.5652 8.7782 1.4586 28.2281 1.9404 0.0657
Car -1 -1 4.8104 712.2832 168.4801 750.3412 198.8428 1.5459 1.6502 3.8740 6.5946 1.3232 38.8229 4.9770 0.0633
Car -1 -1 0.4220 17.1913 154.2556 175.7169 199.3600 1.5036 1.6375 4.2232 -17.8253 0.8836 25.2514 -0.1878 0.0618
Car -1 -1 5.0602 615.5835 151.3445 659.1569 175.3513 1.5903 1.6764 4.2349 1.9797 0.1654 50.0734 5.0994 0.0599
Car -1 -1 1.9832 196.3291 176.1045 308.2252 232.1627 1.4963 1.5769 3.7373 -10.4378 1.6012 21.3763 1.5336 0.0588
Car -1 -1 5.2302 178.4469 159.0316 247.0256 189.8173 1.5797 1.5898 3.7332 -21.3090 0.8704 38.9058 4.7318 0.0580
Car -1 -1 4.5866 269.1205 156.4161 303.3009 183.4704 1.8549 1.7264 4.2095 -23.2089 0.7279 51.7183 4.1666 0.0572
Car -1 -1 4.6695 451.4925 164.8799 471.1571 183.7451 1.7225 1.6538 3.7638 -13.9734 0.9944 67.9085 4.4671 0.0565
Car -1 -1 0.4086 237.6058 162.6851 310.6190 187.4484 1.7044 1.6983 4.3208 -23.4606 1.0045 50.5611 -0.0240 0.0561
Car -1 -1 4.8396 0.0000 194.0450 44.1310 236.6015 1.5498 1.4595 3.6227 -24.7693 2.4908 30.1157 4.1555 0.0558
Car -1 -1 4.1123 0.0000 176.4669 32.2743 375.0000 1.5067 1.6126 3.9539 -7.4928 1.5430 6.2193 3.2555 0.0556
Car -1 -1 1.5221 392.5454 159.2628 434.1068 196.9194 1.6326 1.6663 4.0696 -9.1524 1.0434 33.4753 1.2570 0.0531
Car -1 -1 0.4919 132.9616 159.5383 230.2838 190.6152 1.5824 1.6406 4.0773 -22.2630 0.9044 37.6397 -0.0392 0.0521
Car -1 -1 -0.2276 637.5874 154.0319 707.1295 177.0180 1.5414 1.6507 4.4977 4.2860 0.2792 49.5204 -0.1419 0.0508
Car -1 -1 0.0589 391.6330 176.1755 474.0392 207.8105 1.4826 1.6095 3.8104 -8.5527 1.6498 35.1828 -0.1782 0.0507