Car -1 -1 3.5520 377.9178 159.5981 471.4474 193.1329 1.4926 1.6426 3.8365 -8.4831 0.9026 33.2344 3.3038 0.5633
Car -1 -1 1.9602 421.9994 159.3687 484.1849 192.8317 1.4813 1.5652 3.6795 -7.2773 0.8844 33.8909 1.7501 0.2633
Car -1 -1 1.7501 277.2359 179.1032 314.8889 202.9203 1.6118 1.7583 4.2810 -22.6686 2.0846 52.3106 1.3428 0.2563
Car -1 -1 1.9737 263.3302 181.0028 326.7300 214.1927 1.4983 1.5882 3.4697 -15.2521 1.9151 35.1638 1.5669 0.1610
Car -1 -1 1.9131 282.5727 175.6659 326.9471 200.2434 1.7369 1.6969 4.2700 -22.6044 1.9546 53.6690 1.5159 0.0917
Car -1 -1 0.1552 446.6790 160.9100 505.8943 183.1632 1.7914 1.7371 4.5474 -10.8619 0.8299 59.0124 -0.0262 0.0890
Car -1 -1 1.7402 334.2094 176.5887 383.8953 209.4917 1.4769 1.5791 4.2174 -12.1086 1.6699 35.0955 1.4100 0.0828
Car -1 -1 5.1040 437.5718 164.5601 484.0963 197.3802 2.0715 1.6959 3.7457 -9.7451 1.5480 47.5408 4.9026 0.0807
Car -1 -1 3.2009 532.5295 174.6898 576.1873 190.4682 1.4550 1.6150 3.9874 -5.1442 1.6291 67.5728 3.1249 0.0789
Car -1 -1 4.7154 409.8917 159.5288 448.6103 194.2691 1.5234 1.6575 3.9974 -8.4254 0.9391 33.7789 4.4726 0.0783
Car -1 -1 1.9434 261.8943 180.8064 310.1487 205.2625 1.5882 1.6372 4.2348 -22.5316 2.1675 50.4093 1.5247 0.0657
Car -1 -1 1.8761 273.3848 180.5251 324.1762 208.7571 1.4562 1.5663 3.6236 -17.2128 1.9026 40.1167 1.4729 0.0615
Car -1 -1 0.9927 256.0441 180.8037 309.7791 204.8540 1.6112 1.6175 3.8855 -23.1965 2.1945 51.2090 0.5691 0.0590
Car -1 -1 1.7500 472.8116 169.6769 512.8310 196.8355 1.6174 1.7194 4.3374 -7.2461 1.4282 45.1557 1.5915 0.0562
Car -1 -1 0.0130 427.8459 161.1361 511.8797 195.0889 1.5106 1.5832 3.7082 -6.3981 0.9893 33.2068 -0.1762 0.0558