Car -1 -1 1.7679 401.5577 186.0307 487.7383 253.1203 1.5806 1.5619 3.7064 -4.3685 1.9727 19.6017 1.5507 0.9718
Car -1 -1 1.8379 302.1884 194.6479 446.3823 290.3386 1.5008 1.6620 3.9506 -4.4393 1.9909 14.2274 1.5398 0.9702
Car -1 -1 4.4936 709.9315 176.7156 844.4407 274.2109 1.5732 1.6504 3.7499 3.0026 1.6565 13.6739 4.7042 0.9482
Car -1 -1 4.3579 764.6938 175.8141 1114.1572 375.0000 1.5337 1.6626 4.2215 2.8758 1.5727 7.4090 4.7136 0.9364
Car -1 -1 1.7279 453.2179 182.5704 519.6649 234.9238 1.6162 1.6382 4.1053 -4.1876 1.9819 25.0968 1.5636 0.9104
Car -1 -1 1.3968 674.0186 178.8855 745.6088 232.3609 1.4652 1.5401 3.6176 2.9722 1.6647 22.0249 1.5284 0.7141
Car -1 -1 4.0226 0.0000 221.3301 100.0857 349.5600 1.3893 1.6482 4.0734 -9.3727 2.1136 9.7052 3.2683 0.5291
Car -1 -1 4.5763 528.8616 184.3095 555.1693 202.6846 1.4121 1.6537 4.0393 -5.6764 2.4036 60.2920 4.4824 0.4671
Car -1 -1 4.5543 664.3516 173.4581 721.0438 213.5533 1.4681 1.6213 3.8296 3.2021 1.4935 28.4289 4.6647 0.4021
Car -1 -1 1.6080 624.8378 177.9436 645.9062 198.2235 1.5446 1.5506 3.7320 2.0954 1.9661 57.8355 1.6436 0.2482
Car -1 -1 5.5013 463.5285 173.9526 516.6529 194.3687 1.5199 1.6604 4.0898 -9.2437 1.6085 56.0883 5.3384 0.2089
Car -1 -1 1.2672 611.2780 173.2852 641.4643 191.7408 1.5980 1.5771 4.0094 1.4723 1.6380 64.7217 1.2895 0.1780
Car -1 -1 4.4490 703.1575 159.1907 753.9586 189.8655 1.4787 1.5842 3.9033 6.0046 0.8201 36.8055 4.6092 0.1634
Car -1 -1 1.7424 523.7202 177.8129 554.3512 200.6718 1.7207 1.7130 4.3242 -5.5755 2.1312 57.4982 1.6458 0.1575
Car -1 -1 5.7550 0.0000 216.4598 101.1959 375.0000 1.4642 1.6194 4.0210 -8.4763 2.1044 8.4394 4.9832 0.1448
Car -1 -1 4.7520 607.4576 209.7228 819.6041 375.0000 1.4915 1.6401 3.9392 1.1458 1.9848 7.5687 4.8942 0.1323
Car -1 -1 4.5859 645.5813 150.3229 690.6914 189.7078 1.8158 1.7189 3.8025 2.8000 0.7770 35.2051 4.6644 0.1110
Car -1 -1 1.3419 641.7808 182.6499 683.8359 210.5058 1.5155 1.6240 3.9581 3.1054 2.1248 42.8011 1.4132 0.1049
Car -1 -1 1.5551 625.3215 184.5300 651.3163 210.3106 1.4973 1.5733 3.8875 1.7854 2.2676 45.6425 1.5934 0.0815
Car -1 -1 1.2305 533.0383 178.2844 570.8047 200.2364 1.6297 1.6669 4.1834 -4.5886 2.0751 56.9284 1.1500 0.0810
Car -1 -1 1.6813 619.9861 181.4344 652.8073 208.2608 1.4851 1.5498 3.8622 1.6500 2.0237 43.2642 1.7186 0.0805
Car -1 -1 4.9091 0.0000 205.4563 110.1630 346.1472 1.4764 1.6599 4.1333 -8.8140 2.0653 10.8168 4.2373 0.0802
Car -1 -1 1.5807 573.4183 180.2184 594.0133 199.6797 1.4776 1.6065 3.9580 -2.0679 2.0930 58.2953 1.5450 0.0776
Car -1 -1 1.5715 494.8591 176.7983 519.3650 201.2813 1.6387 1.6504 3.9897 -7.2450 1.9292 51.0570 1.4309 0.0729
Car -1 -1 5.3919 0.0000 178.0817 193.4192 274.7879 1.5216 1.5224 2.9189 -9.1885 1.6269 13.0282 4.7870 0.0727
Car -1 -1 -0.0973 687.3944 167.2941 807.3733 209.2329 1.5167 1.6352 4.2800 5.0921 1.3156 27.0929 0.0860 0.0710
Car -1 -1 1.5679 508.0488 188.0833 550.7084 229.4175 1.5052 1.6384 3.9536 -3.3195 2.1785 29.8467 1.4574 0.0684
Car -1 -1 5.3998 0.0000 214.7926 85.5669 375.0000 1.4047 1.6602 4.2552 -9.1884 2.0850 9.5272 4.6465 0.0652
Car -1 -1 -0.3328 709.9722 162.3570 881.0986 223.3726 1.4793 1.5797 3.9366 4.6839 1.2248 18.4541 -0.0885 0.0640
Car -1 -1 0.7128 0.0000 204.0084 95.6858 320.5890 1.4506 1.6305 4.2926 -10.1561 1.9388 10.3874 -0.0485 0.0628
Car -1 -1 1.5089 536.3588 182.7372 559.4213 202.3590 1.4912 1.6303 4.1166 -5.0872 2.3311 59.1622 1.4231 0.0623
Car -1 -1 2.2461 0.0000 202.2328 16.9606 355.5338 1.4290 1.6021 4.2013 -10.3315 1.9148 9.7474 1.4454 0.0620
Car -1 -1 4.8405 0.0000 183.9449 82.8858 375.0000 1.4998 1.6137 3.8974 -5.8061 1.6306 6.4378 4.1271 0.0594
Car -1 -1 3.5885 369.2360 187.6854 507.2729 236.6121 1.4852 1.6465 4.1476 -5.6429 2.0025 23.9120 3.3586 0.0582
Car -1 -1 5.4652 0.0000 218.3732 145.9592 372.0435 1.4227 1.6172 3.6524 -8.2612 2.1501 9.6589 4.7711 0.0578
Car -1 -1 -0.5027 657.6683 174.4896 772.9221 214.7907 1.4613 1.6327 4.1125 4.0664 1.5276 27.7711 -0.3594 0.0565
Car -1 -1 3.9051 444.1906 174.1755 496.7298 194.7111 1.5309 1.6351 3.9561 -10.7670 1.6363 55.7776 3.7150 0.0559
Car -1 -1 1.6669 636.6700 184.5520 667.3528 210.4373 1.5016 1.5730 3.9492 2.7336 2.2777 45.8003 1.7255 0.0556
Car -1 -1 4.8202 720.5960 159.8743 796.5497 222.4088 1.4857 1.5855 3.6672 4.0299 1.1773 19.1302 5.0242 0.0519
Car -1 -1 4.9191 457.8118 182.9893 523.2128 228.0784 1.5011 1.6290 3.8777 -4.3496 1.9065 26.8841 4.7597 0.0518
Car -1 -1 1.5282 617.1134 177.7820 639.5750 197.8561 1.5025 1.6023 3.9334 1.4525 1.9051 56.9598 1.5531 0.0514
Car -1 -1 -0.4680 725.4027 160.3624 818.9667 193.0418 1.5493 1.6496 4.2028 7.9886 0.9571 35.5250 -0.2488 0.0501