Car -1 -1 4.4880 475.6287 183.5850 527.0965 218.6719 1.5375 1.6608 3.7898 -5.2928 2.0880 34.9488 4.3383 0.9359
Car -1 -1 3.5667 0.0000 169.2175 201.8138 308.9911 1.9454 1.7040 3.6283 -8.6459 1.8948 11.2673 2.9234 0.8020
Car -1 -1 3.5403 0.0000 185.1831 260.8577 273.7614 1.5350 1.6577 3.9970 -9.1459 1.7938 13.9853 2.9696 0.7442
Car -1 -1 3.5150 100.5089 188.1989 298.6320 256.2166 1.4960 1.6098 3.8273 -9.7376 1.8881 17.3904 3.0107 0.7199
Car -1 -1 3.1859 243.2963 177.1422 338.7127 209.9782 1.4535 1.5832 4.0014 -14.8218 1.6629 33.7756 2.7750 0.6034
Car -1 -1 4.7819 275.6769 173.5907 322.2226 209.4942 1.4049 1.5334 3.5441 -12.9552 1.4378 30.2388 4.3800 0.4983
Car -1 -1 0.2086 142.6089 166.2600 306.9466 235.0940 1.8245 1.6186 3.8435 -10.7416 1.6497 20.4188 -0.2706 0.3301
Car -1 -1 3.9888 0.0000 158.3246 63.0931 195.0689 1.5199 1.6627 4.1811 -26.0412 0.9189 30.9848 3.2940 0.2782
Car -1 -1 4.9827 199.9157 187.3471 308.8024 254.7052 1.4602 1.5671 3.4962 -8.8681 1.8651 18.2990 4.5367 0.2539
Car -1 -1 0.2983 0.0000 157.1343 95.6952 185.9835 1.5604 1.6813 4.3280 -31.7324 0.7102 40.5808 -0.3623 0.2432
Car -1 -1 3.0997 281.1344 169.7697 348.0125 190.4387 1.4401 1.5759 4.3931 -21.2095 1.2252 51.9008 2.7133 0.2196
Car -1 -1 4.6737 302.4108 168.7420 330.3191 193.3573 1.7336 1.7434 4.2958 -21.6216 1.4440 53.1337 4.2887 0.2164
Car -1 -1 3.9217 153.9848 166.5247 210.8026 185.0463 1.5798 1.6681 4.3487 -37.2178 1.0399 62.8841 3.3890 0.2036
Car -1 -1 0.8105 68.8730 160.0184 139.5999 184.5175 1.6837 1.6564 4.1864 -35.5723 0.8016 50.8202 0.2021 0.1849
Car -1 -1 3.3808 87.1844 156.5628 262.1057 213.2001 1.4514 1.6041 3.8349 -11.7808 1.0339 19.8101 2.8500 0.1554
Car -1 -1 1.7785 258.7542 192.1584 340.2794 248.2012 1.4323 1.5232 3.5267 -9.1788 2.0606 21.6076 1.3808 0.1526
Car -1 -1 4.8045 283.1927 175.7452 327.3036 210.1019 1.5467 1.6143 3.6999 -14.6272 1.6943 34.8272 4.4094 0.1392
Car -1 -1 2.4469 166.9208 166.3010 218.2664 185.7153 1.6264 1.6845 3.6000 -36.0261 1.0775 62.4272 1.9252 0.1329
Car -1 -1 1.6882 226.8395 162.2291 265.6219 189.5575 1.5651 1.6135 4.0345 -21.8424 0.9566 43.4929 1.2251 0.1293
Car -1 -1 5.3088 7.6885 154.0126 90.5834 186.9557 1.7927 1.7141 4.1385 -32.0198 0.7674 41.3816 4.6533 0.1217
Car -1 -1 4.4878 509.7190 180.9555 555.2111 209.8615 1.4375 1.6104 3.9764 -4.2420 1.9020 39.2247 4.3803 0.1208
Car -1 -1 3.6112 244.3082 172.6699 302.3851 193.7335 1.9505 1.8257 4.6220 -31.5623 1.9334 67.8068 3.1768 0.1075
Car -1 -1 0.0869 42.9968 159.0178 126.3838 185.8756 1.7794 1.7191 4.5073 -36.0423 0.8627 49.6977 -0.5381 0.1064
Car -1 -1 4.8590 193.8390 177.2355 273.8349 232.7130 1.4623 1.5201 3.9194 -11.0533 1.6053 21.4502 4.3880 0.1056
Car -1 -1 4.0372 20.8228 152.9064 123.4939 188.1736 1.5452 1.5850 4.0415 -24.4851 0.6712 32.8984 3.4012 0.1051
Car -1 -1 3.8188 0.0000 157.1126 90.6431 193.0254 1.5030 1.5551 3.9072 -24.7937 0.8442 30.9867 3.1481 0.0886
Car -1 -1 2.0612 285.1711 169.7860 334.9048 190.3752 1.4282 1.5624 4.1091 -21.5895 1.2154 52.1716 1.6704 0.0862
Car -1 -1 4.6103 278.7431 167.3111 302.4466 184.7747 1.6089 1.6807 3.8434 -30.3281 1.0982 68.5594 4.1951 0.0856
Car -1 -1 5.0917 96.3756 149.6349 153.4887 180.5286 1.7568 1.6687 3.3934 -28.7173 0.4364 42.8637 4.5042 0.0829
Car -1 -1 5.4878 87.4691 162.4104 150.5473 187.6209 1.7179 1.6791 3.5549 -34.6483 1.0062 51.0659 4.8939 0.0810
Car -1 -1 5.1248 0.0000 153.0323 80.8468 189.8575 1.5228 1.6154 3.7945 -25.1600 0.7031 31.8751 4.4606 0.0790
Car -1 -1 1.3867 519.1234 181.2159 562.7591 211.2899 1.4544 1.6232 3.7835 -3.6688 1.9193 38.0719 1.2908 0.0776
Car -1 -1 1.8923 0.0000 158.4065 57.8107 188.6871 1.6299 1.6870 3.9628 -33.0920 0.8523 40.9895 1.2162 0.0716
Car -1 -1 4.9077 33.9091 156.7827 121.4140 206.7441 1.5122 1.6132 3.7002 -17.4647 1.0258 23.8575 4.2810 0.0713
Car -1 -1 5.5067 92.7694 163.8064 171.9858 191.5242 1.6446 1.6807 4.1157 -29.6595 1.1077 44.9997 4.9265 0.0708
Car -1 -1 4.4727 520.3135 185.6874 571.8226 218.4583 1.4581 1.6573 3.9547 -3.2178 2.1350 35.9176 4.3834 0.0688
Car -1 -1 3.4204 168.3669 159.6394 260.0834 188.2395 1.6187 1.6591 4.4081 -22.9989 0.8708 42.1254 2.9232 0.0653
Car -1 -1 5.2699 175.6075 167.2931 223.3693 185.4638 1.5483 1.6942 4.1895 -36.0826 1.0744 63.6087 4.7555 0.0644
Car -1 -1 4.6167 303.3227 172.1022 343.2349 202.9288 1.5216 1.5940 3.6886 -14.9616 1.4845 37.6199 4.2404 0.0636
Car -1 -1 -0.6506 524.2385 177.9225 604.0103 207.7549 1.4881 1.6627 4.0893 -2.3931 1.7733 38.6261 -0.7126 0.0623
Car -1 -1 4.7079 207.3550 155.0293 257.3075 196.3408 1.5093 1.6406 3.8717 -14.8649 0.8581 28.4559 4.2302 0.0617
Car -1 -1 0.6986 40.7108 160.4812 136.4484 188.6948 1.6451 1.6954 4.6378 -31.0715 0.9236 43.0941 0.0768 0.0614
Car -1 -1 2.4957 224.0228 174.9962 328.6054 214.4483 1.6400 1.6286 4.1077 -14.8733 1.7428 32.4257 2.0685 0.0606
Car -1 -1 4.7067 55.1002 156.9978 125.5427 210.8024 1.5530 1.6894 4.0207 -16.4915 1.0953 22.9517 4.0891 0.0604
Car -1 -1 1.2654 510.1808 178.8643 555.4905 206.3939 1.5400 1.6095 3.8963 -4.6596 1.9189 43.3891 1.1586 0.0601
Car -1 -1 2.2031 108.4403 186.8417 281.2650 260.7231 1.4942 1.6054 3.8553 -9.7656 1.8699 17.3683 1.6970 0.0581
Car -1 -1 0.1202 508.0625 180.1333 582.1928 207.7365 1.4376 1.5988 3.8146 -3.4351 1.8386 38.8923 0.0321 0.0580
Car -1 -1 1.8226 219.7997 165.2442 268.8141 192.1258 1.4947 1.5913 4.0431 -21.3223 1.0716 42.2651 1.3577 0.0574
Car -1 -1 2.4994 0.0000 183.8336 63.8522 310.0423 1.4662 1.5724 3.6112 -10.3616 1.6570 10.6270 1.7392 0.0558
Car -1 -1 3.6135 0.0000 163.0540 33.4668 203.1019 1.6145 1.6692 4.3376 -27.2750 1.2194 30.4417 2.8872 0.0555
Car -1 -1 0.3803 0.0000 160.4584 118.3750 213.7246 1.5738 1.6378 3.8709 -17.9500 1.2076 22.6477 -0.2843 0.0542
Car -1 -1 4.4649 508.8108 178.5613 549.8673 203.7150 1.4564 1.6132 3.9682 -5.0356 1.8284 44.8901 4.3534 0.0540
Car -1 -1 4.6537 498.7365 183.0019 534.7191 214.2823 1.4951 1.6438 3.9906 -4.9304 2.0589 37.9716 4.5250 0.0540
Car -1 -1 0.2585 515.8900 180.1263 598.7605 209.9215 1.4714 1.6320 3.9970 -2.6812 1.8600 37.3781 0.1868 0.0533
Car -1 -1 4.8109 129.7962 167.6707 165.8354 192.5726 1.7133 1.7785 4.0733 -33.1338 1.3567 51.8627 4.2446 0.0524
Car -1 -1 5.4177 0.0000 163.7266 110.6633 217.6894 1.5251 1.5843 3.6794 -17.5147 1.2672 22.2655 4.7568 0.0518
Car -1 -1 0.5141 0.0000 159.2441 70.0582 214.1039 1.5492 1.6301 4.0275 -18.8363 1.1649 21.5706 -0.1977 0.0508
Car -1 -1 2.9426 236.8221 175.6124 330.4964 208.0957 1.4992 1.6287 3.9493 -15.9664 1.6415 35.4190 2.5216 0.0506