Car -1 -1 5.4209 0.0000 109.4235 164.4763 359.8572 2.0672 1.6448 3.8735 -6.8994 1.5436 7.8985 4.7195 0.3989
Car -1 -1 4.5874 251.9446 175.0074 284.7345 198.1834 1.5638 1.6225 4.0004 -24.2430 1.7229 51.2036 4.1470 0.3011
Car -1 -1 2.3660 0.0000 187.3155 239.9965 293.8134 1.5956 1.7647 4.3813 -9.3694 1.9182 13.7670 1.7772 0.1297
Car -1 -1 3.8534 0.0000 121.0200 141.9018 303.6182 1.8105 1.7052 3.9420 -7.7754 1.2965 8.0808 3.1037 0.0933
Car -1 -1 2.2546 41.2931 164.6565 223.3863 234.0992 1.5105 1.5864 3.9101 -11.4920 1.3322 17.7286 1.6862 0.0819
Car -1 -1 0.1474 0.0000 215.2810 44.6121 339.3133 1.5114 1.6464 4.2406 -12.1369 2.3309 12.0201 -0.6317 0.0734
Car -1 -1 5.5724 94.1385 162.3355 265.9389 224.4094 1.4925 1.6060 3.8405 -11.3797 1.2396 19.4260 5.0482 0.0722
Car -1 -1 5.1925 0.0000 129.2691 247.6131 358.6343 1.9450 1.6244 3.7101 -5.6082 1.5754 8.0536 4.5993 0.0711
Car -1 -1 0.4435 47.2754 161.7446 241.5495 222.3109 1.5124 1.6397 4.0014 -12.1505 1.2350 19.0671 -0.1177 0.0709
Car -1 -1 2.2586 0.0000 220.9359 57.6265 354.5828 1.4664 1.6320 3.8301 -10.8315 2.3499 11.2939 1.5058 0.0598
Car -1 -1 1.4510 373.0224 187.5483 411.9094 216.7663 1.5498 1.7099 4.3580 -12.9712 2.4724 42.9633 1.1590 0.0577
Car -1 -1 1.9090 331.3614 155.0883 409.6649 200.2144 1.6172 1.6417 3.9180 -9.1169 0.9805 27.8359 1.5951 0.0551
Car -1 -1 3.5621 240.2175 175.3292 306.8904 197.4957 1.5128 1.6101 3.8920 -23.3658 1.6880 50.2580 3.1287 0.0533
Car -1 -1 1.8599 353.2288 190.4544 409.1888 224.3613 1.4503 1.5548 3.7279 -10.9037 2.3420 34.6829 1.5571 0.0532
Car -1 -1 1.4687 369.1884 187.2326 401.2099 212.5034 1.4556 1.5735 3.7495 -14.3061 2.4109 45.9072 1.1678 0.0529
Car -1 -1 5.2299 0.0000 122.8221 110.5267 321.2023 1.7151 1.6831 4.1449 -7.7523 1.2826 8.4404 4.5026 0.0512
Car -1 -1 5.0230 208.9763 171.3291 355.1888 251.8529 1.4593 1.6213 3.8767 -6.6429 1.4317 15.0848 4.6143 0.0506