Car -1 -1 4.5149 691.9680 191.1368 796.2510 263.6346 1.3966 1.5948 3.3507 2.8919 1.5408 15.8151 4.6921 0.9713
Car -1 -1 4.9756 366.5839 181.9923 485.1266 263.5988 1.5415 1.6026 3.2975 -3.7128 1.4806 15.2496 4.7405 0.9694
Car -1 -1 5.1972 150.2442 190.4449 313.6737 267.4303 1.4419 1.6407 3.4906 -7.8759 1.5672 15.4646 4.7328 0.9665
Car -1 -1 4.6255 644.6028 182.3613 686.5917 215.3712 1.5242 1.6899 4.1294 2.8050 1.3924 35.2647 4.7038 0.8915
Car -1 -1 5.3365 0.0000 202.3544 298.7444 376.0000 1.4147 1.5736 3.8760 -3.6243 1.5730 4.6970 4.7065 0.8884
Car -1 -1 4.8723 447.8459 178.1529 518.9204 234.1319 1.6677 1.6463 3.9955 -3.9344 1.4573 23.4181 4.7072 0.8748
Car -1 -1 4.8705 488.3954 181.7714 533.3082 213.7705 1.4457 1.5827 3.4980 -4.5358 1.2901 34.2468 4.7395 0.7227
Car -1 -1 4.7385 586.6091 178.5542 610.8948 201.3935 1.5636 1.6291 3.6517 -0.5688 1.1076 51.0512 4.7269 0.6923
Car -1 -1 4.8936 334.8310 182.7405 402.8305 226.3705 1.4381 1.5802 4.1167 -8.4663 1.3565 25.8387 4.5797 0.6824
Car -1 -1 4.6283 658.6031 169.6355 686.6492 192.7090 1.5583 1.6355 3.8830 4.5582 0.5061 50.4936 4.7175 0.5377
Car -1 -1 1.3288 531.9197 175.4922 563.3533 195.9020 1.5301 1.5559 3.8667 -4.6718 0.8011 55.9721 1.2456 0.4568
Car -1 -1 4.9114 437.6168 169.5054 478.5000 196.3318 1.5480 1.6241 4.1769 -8.9802 0.6415 43.5731 4.7091 0.4434
Car -1 -1 4.7505 521.3584 181.9503 548.1842 205.0612 1.4321 1.5790 3.8063 -4.6474 1.2297 46.4913 4.6510 0.3826
Car -1 -1 4.8893 400.8257 182.7107 448.8308 215.1332 1.4817 1.6363 3.5444 -8.7357 1.3672 34.6750 4.6440 0.3675
Car -1 -1 1.7990 573.8228 179.2388 602.9167 199.0444 1.5448 1.5757 3.5816 -1.4860 1.0786 57.9828 1.7731 0.3573
Car -1 -1 1.4100 685.7074 190.3773 735.3577 225.3254 1.4639 1.6341 3.7514 4.6170 1.7113 32.5634 1.5491 0.1887
Car -1 -1 1.7734 563.2496 179.3805 595.7483 201.5288 1.6422 1.6925 4.2158 -2.0950 1.2096 55.5193 1.7354 0.1607
Car -1 -1 3.4369 407.8282 170.3949 477.4243 196.0764 1.4753 1.5814 3.6824 -9.6325 0.6239 42.2152 3.2137 0.1500
Car -1 -1 0.0776 357.3232 185.2556 445.8927 217.6014 1.4638 1.5328 3.8764 -9.5581 1.4657 33.6648 -0.1974 0.1269
Car -1 -1 5.0035 303.0143 183.0271 364.9053 218.5514 1.4719 1.5788 3.5463 -11.9350 1.3812 31.6066 4.6449 0.1257
Car -1 -1 3.3794 481.8942 181.6438 548.8296 207.0407 1.5685 1.6604 3.9153 -5.7764 1.3479 45.4387 3.2532 0.1166
Car -1 -1 1.2626 444.3511 198.2814 484.1197 221.6013 1.5005 1.7175 3.6379 -10.0775 2.4550 50.5106 1.0661 0.1144
Car -1 -1 1.6966 395.4751 183.0792 444.4781 216.7350 1.4318 1.6467 4.0611 -8.4440 1.3409 32.6997 1.4455 0.1116
Car -1 -1 2.9884 603.1511 178.6705 647.9762 194.1745 1.4484 1.5370 4.0624 1.7267 0.8370 68.1805 3.0132 0.0989
Car -1 -1 3.3335 431.3665 169.8860 504.5576 194.9553 1.4445 1.6002 3.9871 -8.1377 0.5612 42.2245 3.1441 0.0949
Car -1 -1 1.3816 703.7436 190.3297 754.9095 224.1131 1.4351 1.6319 3.7170 5.5385 1.6831 32.9835 1.5461 0.0946
Car -1 -1 4.5912 521.5353 179.6603 552.4580 203.8718 1.4549 1.5345 3.3170 -4.4238 1.1211 44.9830 4.4933 0.0865
Car -1 -1 1.9958 262.2556 176.5723 350.0608 216.7876 1.5002 1.6601 4.1883 -11.9921 1.1777 28.9375 1.6059 0.0824
Car -1 -1 1.8792 242.0940 176.5062 313.9398 215.4394 1.4779 1.5741 3.7522 -13.2923 1.1473 29.2409 1.4557 0.0824
Car -1 -1 2.8560 668.3704 190.9929 760.0641 223.9874 1.4419 1.6523 3.8371 4.8606 1.7149 32.8824 3.0010 0.0820
Car -1 -1 1.9865 458.8164 193.8161 503.7881 216.8186 1.5105 1.6918 3.9234 -8.8586 2.1445 50.8878 1.8144 0.0811
Car -1 -1 1.3596 663.5284 173.9645 702.9838 198.0732 1.5042 1.6869 4.3552 4.9275 0.8022 47.1066 1.4628 0.0808
Car -1 -1 3.6454 219.4762 180.1145 325.9219 215.8096 1.4582 1.5905 3.7699 -14.0486 1.2498 30.2961 3.2143 0.0790
Car -1 -1 0.0713 399.7678 180.6668 486.7531 212.8135 1.4697 1.5103 3.8984 -7.6688 1.2618 33.9037 -0.1498 0.0790
Car -1 -1 -0.4057 686.8544 186.7810 779.7889 219.5234 1.4628 1.6338 3.9393 5.8539 1.5384 33.4875 -0.2345 0.0764
Car -1 -1 4.4341 447.3841 165.3746 477.2373 182.5072 1.5374 1.6766 4.1250 -13.6196 -0.2624 67.4268 4.2353 0.0756
Car -1 -1 1.6386 478.4510 195.8419 530.5533 240.2447 1.4465 1.6165 4.0152 -3.7058 1.8682 26.4641 1.5003 0.0743
Car -1 -1 1.3347 787.5336 196.0260 896.0771 262.7025 1.4424 1.6901 3.9957 5.8064 1.7479 18.2651 1.6375 0.0736
Car -1 -1 3.0315 517.3193 181.2178 583.8229 205.3140 1.4837 1.6067 4.0376 -3.5974 1.2375 45.4317 2.9526 0.0724
Car -1 -1 1.9486 148.7057 180.6467 189.9919 202.7151 1.6790 1.5139 3.6982 -34.4432 1.3314 56.6410 1.4040 0.0719
Car -1 -1 1.5715 533.9294 176.0386 556.6259 196.7462 1.4965 1.6364 4.1850 -4.6571 0.8333 54.1043 1.4857 0.0716
Car -1 -1 4.4385 472.6280 173.4088 508.0276 195.8773 1.6246 1.5947 4.0526 -8.8403 0.7709 54.1511 4.2771 0.0659
Car -1 -1 1.2318 577.3101 178.7070 616.6495 200.1966 1.5811 1.6763 4.3166 -0.8317 1.1022 55.2056 1.2163 0.0656
Car -1 -1 1.7033 608.0269 179.2842 635.2930 199.0875 1.4762 1.6092 3.8923 1.1537 1.0340 55.6311 1.7235 0.0625
Car -1 -1 1.5903 442.8282 197.7538 469.6856 221.7970 1.5014 1.7003 2.9153 -10.0776 2.3687 48.1375 1.3845 0.0620
Car -1 -1 1.7390 361.2571 172.3089 403.8053 200.0975 1.4489 1.5710 4.0377 -12.3094 0.7759 39.5861 1.4392 0.0612
Car -1 -1 -0.2696 460.6534 197.2698 519.5167 220.5987 1.5125 1.7725 3.6868 -8.1158 2.3741 49.8093 -0.4308 0.0604
Car -1 -1 1.7766 568.9642 178.8511 607.7161 204.0413 1.4767 1.5955 4.0135 -1.1114 1.1036 44.2591 1.7512 0.0587
Car -1 -1 0.5147 409.5558 190.8083 471.0235 214.0445 1.5361 1.7257 3.7646 -11.4889 1.9320 49.5371 0.2875 0.0577
Car -1 -1 0.7003 503.3347 176.8000 556.4052 197.4445 1.5291 1.6342 3.9035 -5.9326 0.9058 55.0127 0.5931 0.0574
Car -1 -1 1.6410 511.1424 196.0439 564.3423 241.5052 1.4840 1.6626 3.8473 -2.4723 1.9100 26.3339 1.5478 0.0572
Car -1 -1 1.5494 141.7682 181.6569 170.5905 204.6207 1.5875 1.6783 4.5851 -32.7004 1.3415 52.0736 0.9907 0.0563
Car -1 -1 3.3254 470.2432 181.0521 553.1073 213.0257 1.4659 1.5723 3.6391 -4.4567 1.2750 33.8389 3.1951 0.0559
Car -1 -1 1.4962 534.7695 174.1665 561.3509 196.5751 1.5761 1.6470 3.9672 -4.3647 0.7990 52.6492 1.4136 0.0559
Car -1 -1 4.7041 706.3694 183.3941 742.6520 216.1853 1.4794 1.6217 3.6976 5.5878 1.3972 34.3808 4.8634 0.0547
Car -1 -1 2.2898 23.2147 195.7702 197.5252 264.4685 1.4560 1.5538 3.5378 -12.0039 1.7425 17.6588 1.6995 0.0542
Car -1 -1 1.8169 186.4048 181.4930 224.0406 201.8413 1.4799 1.5522 3.9898 -30.3685 1.2092 54.4086 1.3096 0.0532
Car -1 -1 1.4460 663.6761 174.1181 696.8380 197.8414 1.5384 1.6997 4.3913 4.9131 0.8187 48.8316 1.5453 0.0531
Car -1 -1 0.1738 245.8377 182.7161 351.5600 218.9957 1.4513 1.6062 3.8252 -12.7717 1.3513 29.9683 -0.2262 0.0522
Car -1 -1 1.3494 511.2463 190.9048 579.2675 233.5169 1.4488 1.6799 4.2152 -2.4358 1.6829 27.3094 1.2607 0.0510
Car -1 -1 2.0500 527.5687 179.8948 579.2572 202.8161 1.4180 1.6071 4.1615 -3.4364 1.0888 46.6990 1.9765 0.0508