Car -1 -1 3.9722 725.0279 178.1643 819.2417 218.0078 1.4103 1.5708 3.5537 6.2309 1.6305 27.9857 4.1884 0.9391
Car -1 -1 0.5994 0.0000 188.2351 358.5805 318.9554 1.5304 1.6537 4.2729 -5.7820 1.7570 9.6544 0.0714 0.9066
Car -1 -1 3.5361 262.7908 175.1611 415.8767 232.3796 1.4470 1.6025 3.4626 -7.1114 1.5112 19.1937 3.1854 0.8992
Car -1 -1 4.5547 625.9654 173.9711 665.5555 203.6031 1.5762 1.6999 3.3210 1.9770 1.6412 40.2554 4.6029 0.8227
Car -1 -1 3.8696 0.0000 164.2884 165.1639 365.1783 1.6827 1.7039 3.8959 -6.7570 1.6110 6.9434 3.1170 0.7653
Car -1 -1 3.9968 941.8068 137.6933 1242.0000 375.0000 1.4798 1.5728 3.5268 2.8644 1.4289 2.8278 4.7378 0.7651
Car -1 -1 3.6313 64.8389 181.2621 338.6441 272.5362 1.4031 1.5364 3.6876 -6.6430 1.5522 12.0150 3.1352 0.6930
Car -1 -1 3.3850 333.0597 157.7892 483.6702 214.7873 1.7976 1.6935 4.4760 -6.5015 1.3225 23.6519 3.1192 0.4925
Car -1 -1 0.2919 301.5251 184.3950 451.4975 240.7964 1.5636 1.6412 3.8813 -6.7581 1.9162 21.1963 -0.0137 0.4772
Car -1 -1 3.5210 454.0406 173.5879 518.6950 199.0156 1.4773 1.5359 3.4860 -7.3417 1.5223 43.1016 3.3530 0.3909
Car -1 -1 4.7403 612.2756 174.3976 636.6329 196.9048 1.4831 1.5729 3.8425 1.0592 1.5938 49.7716 4.7610 0.3675
Car -1 -1 4.7403 475.8924 176.9250 507.5996 206.3615 1.4049 1.4921 3.4173 -5.9571 1.6222 36.7250 4.5802 0.2912
Car -1 -1 5.0086 372.0953 183.3904 464.7618 239.7710 1.5254 1.6581 3.9628 -5.7803 1.8804 22.2921 4.7572 0.2548
Car -1 -1 3.3379 417.2526 175.6041 507.4753 205.8190 1.4651 1.6213 4.1666 -7.2830 1.6052 35.9509 3.1390 0.2272
Car -1 -1 1.5973 511.8670 175.4377 534.7338 196.7239 1.5323 1.6072 3.9345 -6.4793 1.7347 54.4677 1.4791 0.2165
Car -1 -1 3.4203 454.2503 168.2175 521.9136 193.2195 1.6221 1.6705 4.1263 -8.0322 1.3213 47.8749 3.2547 0.1976
Car -1 -1 4.9935 483.5896 172.7614 527.1533 197.8695 1.4574 1.5913 3.9326 -6.2894 1.4520 43.9400 4.8518 0.1838
Car -1 -1 3.5307 0.0000 147.9872 82.3699 195.5772 1.5474 1.6585 4.0748 -20.8855 0.7389 24.8630 2.8373 0.1660
Car -1 -1 3.1243 765.3384 169.9790 829.2253 192.5654 1.4473 1.6144 4.0026 12.3173 1.2631 47.4859 3.3763 0.1574
Car -1 -1 5.2745 0.0000 147.7085 96.2036 194.4160 1.5341 1.6210 3.5753 -20.1346 0.7082 25.5579 4.6122 0.1133
Car -1 -1 1.7062 526.6736 175.6723 549.6174 192.4072 1.4892 1.5956 3.9520 -6.5892 1.7583 66.8876 1.6081 0.1061
Car -1 -1 3.2859 481.7943 177.2713 535.8559 197.8826 1.4921 1.5804 3.7722 -7.4234 1.8238 53.3809 3.1480 0.1053
Car -1 -1 4.4946 457.3184 163.4863 496.0215 188.9554 1.6519 1.7275 4.1676 -9.0770 1.0443 49.0540 4.3123 0.0995
Car -1 -1 5.0341 490.3785 172.4023 532.3141 196.8900 1.5939 1.6383 4.0100 -6.6287 1.5645 49.0866 4.9002 0.0990
Car -1 -1 4.9002 465.2297 159.6111 492.0281 180.3772 1.8906 1.7343 4.1142 -12.2571 0.6849 67.7566 4.7218 0.0966
Car -1 -1 4.6448 479.2962 163.2170 501.4498 184.4157 1.8456 1.7034 3.9691 -10.7547 1.0066 64.9462 4.4811 0.0950
Car -1 -1 0.2153 385.2159 182.2249 493.0042 234.4399 1.4623 1.5555 2.8233 -4.9694 1.7491 21.2872 -0.0119 0.0935
Car -1 -1 5.2674 30.1521 152.9070 200.2125 232.3798 1.5186 1.4819 3.2421 -10.3785 1.1375 15.4297 4.6832 0.0931
Car -1 -1 0.9884 920.5186 191.4517 1242.0000 372.8337 1.4502 1.5726 3.9781 5.2270 1.7133 8.1949 1.5389 0.0840
Car -1 -1 3.3416 479.4447 165.9811 535.5601 184.7935 1.4955 1.5909 4.2562 -8.2177 0.9491 58.2815 3.2019 0.0840
Car -1 -1 -0.2086 724.9339 171.9025 802.6422 199.5568 1.4991 1.6005 3.9560 8.4890 1.4475 39.9158 -0.0010 0.0798
Car -1 -1 4.4910 759.6706 168.0647 797.7664 191.1732 1.5030 1.6593 4.0453 11.4243 1.1915 48.9582 4.7186 0.0763
Car -1 -1 3.3381 325.5990 196.6847 507.9806 279.0808 1.4685 1.5445 3.2220 -3.6889 1.9662 14.2132 3.0878 0.0748
Car -1 -1 3.3559 477.3744 172.9174 540.3278 198.4085 1.4783 1.5352 3.4452 -5.9387 1.4822 42.7463 3.2184 0.0739
Car -1 -1 2.0471 205.4001 179.0459 320.6045 233.8335 1.4476 1.5224 3.7007 -10.1178 1.6471 21.3678 1.6093 0.0725
Car -1 -1 5.1385 731.2541 172.2823 788.2087 200.2342 1.4944 1.6220 4.0393 8.5134 1.4639 40.6862 5.3429 0.0709
Car -1 -1 1.3398 720.7696 172.7089 767.5780 202.0245 1.4975 1.6216 3.8723 7.1834 1.4901 38.8324 1.5209 0.0708
Car -1 -1 3.9651 397.6962 154.2338 470.1978 182.9053 1.5800 1.6680 4.1797 -10.1512 0.5539 41.6132 3.7271 0.0706
Car -1 -1 0.2114 165.4421 175.0800 316.7866 227.3387 1.5138 1.6136 3.9029 -11.2423 1.5865 22.2765 -0.2515 0.0655
Car -1 -1 1.9493 592.5409 171.6274 640.0991 197.4228 1.6167 1.6778 4.2476 0.4994 1.5398 47.5043 1.9594 0.0645
Car -1 -1 5.0026 243.8145 172.4854 330.6302 221.6370 1.4709 1.5770 3.6583 -10.3850 1.4598 23.5037 4.5904 0.0639
Car -1 -1 1.9024 676.2878 186.5577 734.0972 221.2941 1.4374 1.5377 3.6925 4.4830 2.1102 33.4278 2.0338 0.0629
Car -1 -1 5.0222 515.3698 171.1627 548.5377 189.8369 1.6129 1.6719 4.4627 -6.9096 1.4668 64.6728 4.9159 0.0623
Car -1 -1 2.5397 0.0000 152.3618 164.7569 375.0000 1.7182 1.7092 4.2245 -6.6058 1.5903 6.7506 1.7848 0.0616
Car -1 -1 4.3690 723.4363 177.4785 1242.0000 375.0000 1.5479 1.5718 3.6917 1.3827 1.5779 2.7804 4.7881 0.0611
Car -1 -1 5.3521 470.5307 160.9524 512.7626 181.6610 1.8846 1.7574 4.2078 -11.0591 0.8015 67.9355 5.1912 0.0601
Car -1 -1 0.7707 157.8785 172.9958 238.9317 200.0894 1.4661 1.5815 3.9565 -22.9622 1.4743 40.3227 0.2556 0.0598
Car -1 -1 4.4870 717.9175 175.8329 760.4846 203.3641 1.4718 1.6034 3.5624 7.2767 1.6476 40.7850 4.6618 0.0597
Car -1 -1 5.2052 282.9504 176.2178 338.0808 200.7851 1.4830 1.5934 3.8974 -19.0469 1.7074 46.1277 4.8154 0.0584
Car -1 -1 3.6328 303.1545 178.1419 453.3358 232.1975 1.5540 1.6413 4.1060 -7.0599 1.7251 22.1605 3.3274 0.0570
Car -1 -1 0.6448 0.0000 150.3571 170.0028 227.4105 1.5002 1.5840 3.8870 -11.4734 1.0622 14.8486 -0.0044 0.0554
Car -1 -1 4.6387 487.0402 163.5130 511.3629 184.3522 1.6521 1.6862 4.0144 -9.1067 0.9115 59.3463 4.4868 0.0530
Car -1 -1 1.6680 647.7183 174.7020 671.9202 195.1090 1.5483 1.5309 4.0459 4.0193 1.7004 57.2514 1.7374 0.0529
Car -1 -1 1.5287 782.7416 169.3738 817.4757 200.9232 1.5921 1.6111 4.0713 10.1339 1.4164 38.5702 1.7833 0.0524
Car -1 -1 3.4163 350.1195 180.6484 495.6493 232.5567 1.5222 1.6391 4.0585 -5.6911 1.7725 22.2953 3.1687 0.0508