Car -1 -1 1.9911 233.7936 188.6407 350.8555 253.3610 1.5313 1.5955 3.5450 -8.5310 2.0020 19.7281 1.5873 0.9429
Car -1 -1 2.0262 172.9080 191.9777 290.3146 245.9833 1.4648 1.6704 4.0881 -11.9249 2.1312 23.0853 1.5537 0.8823
Car -1 -1 1.7763 444.9527 181.1373 486.0849 207.6461 1.4988 1.6773 3.9865 -8.7367 2.0274 44.0479 1.5812 0.7951
Car -1 -1 4.6739 595.9961 176.3901 624.4005 203.7527 1.6292 1.6379 3.7348 0.0041 1.8607 45.3491 4.6735 0.7075
Car -1 -1 1.6915 138.7755 182.4765 205.3430 228.4700 1.5224 1.6300 4.0042 -16.2402 1.9106 26.9481 1.1532 0.3026
Car -1 -1 5.2158 28.3115 177.7779 289.6406 294.0796 1.4485 1.6059 4.0153 -6.6161 1.5386 11.1816 4.6916 0.2624
Car -1 -1 1.6666 316.6198 182.8644 353.2205 210.6646 1.4500 1.5758 3.9290 -15.6473 2.0514 41.2489 1.3059 0.2034
Car -1 -1 3.1882 275.1330 187.8895 355.6779 219.6768 1.5525 1.6863 3.8506 -15.4227 2.3748 38.0268 2.8050 0.2010
Car -1 -1 2.1991 156.9965 192.3034 215.6065 215.8324 1.4604 1.6015 3.7364 -29.2164 2.8585 49.9291 1.6717 0.1775
Car -1 -1 1.6953 312.1071 187.8848 353.4670 219.1787 1.5197 1.6346 3.5933 -14.8437 2.3693 38.8419 1.3322 0.1688
Car -1 -1 1.7279 140.7135 196.3539 195.8841 231.2509 1.4818 1.6822 4.2838 -21.9508 2.7304 36.0372 1.1838 0.1624
Car -1 -1 1.7753 299.8003 191.4166 350.7494 225.0690 1.5379 1.7026 3.7551 -14.5732 2.5454 37.1666 1.4036 0.1599
Car -1 -1 1.4535 450.1140 183.1287 507.6905 226.1964 1.4119 1.6471 3.9783 -4.9230 1.8244 26.8207 1.2731 0.1323
Car -1 -1 2.1488 0.0000 193.4480 236.1727 340.7347 1.3989 1.5449 3.7609 -6.5161 1.7178 9.2795 1.5498 0.1310
Car -1 -1 1.5892 195.4287 186.0148 220.4090 207.6529 1.5051 1.5767 3.7479 -30.4011 2.5394 54.6778 1.0836 0.1307
Car -1 -1 2.4540 189.2091 188.0041 266.3663 214.6149 1.5153 1.6467 4.2638 -24.2365 2.5286 45.9722 1.9710 0.1297
Car -1 -1 1.9705 112.8567 200.0426 188.5365 235.5526 1.4149 1.6736 3.6553 -21.3019 2.7561 33.6559 1.4095 0.1229
Car -1 -1 1.8593 395.7418 185.2907 468.7354 228.2896 1.4176 1.6121 3.7776 -6.5007 1.9133 26.8315 1.6233 0.1215
Car -1 -1 1.7459 412.8516 180.3346 470.9435 220.3515 1.4540 1.6012 3.8935 -6.6453 1.7746 28.9420 1.5217 0.1133
Car -1 -1 4.9063 451.5694 180.6701 513.7305 221.1445 1.4471 1.6695 4.0250 -4.9471 1.7791 28.6142 4.7361 0.1021
Car -1 -1 1.9705 177.1329 175.8980 390.0190 280.5934 1.3969 1.6249 4.0666 -5.0236 1.4552 11.7821 1.5750 0.0981
Car -1 -1 3.3961 270.5874 187.1013 353.3634 215.2057 1.4789 1.7054 3.9597 -16.5169 2.2946 40.2018 3.0082 0.0978
Car -1 -1 -0.1106 589.4060 177.4003 652.4871 202.9124 1.5239 1.5674 3.7297 0.6744 1.8097 44.4007 -0.0960 0.0941
Car -1 -1 1.7456 233.9860 182.0132 270.0982 205.9178 1.5662 1.5875 4.1524 -25.3074 2.2441 51.1870 1.2882 0.0918
Car -1 -1 1.8470 320.7023 189.4005 370.6743 220.0807 1.4814 1.6468 3.3170 -13.9841 2.4013 38.4009 1.4996 0.0909
Car -1 -1 1.9764 186.3284 188.9037 242.7288 214.6244 1.4825 1.6371 4.2387 -25.3731 2.5655 46.5009 1.4790 0.0883
Car -1 -1 0.8806 269.5217 186.1199 346.9948 216.8421 1.5252 1.7033 4.0076 -16.2835 2.2728 38.9710 0.4869 0.0857
Car -1 -1 1.7566 340.3296 189.8169 385.8233 219.8877 1.4554 1.6779 3.6101 -13.2546 2.4165 38.9765 1.4304 0.0857
Car -1 -1 0.3036 76.6581 196.7844 185.3403 231.1003 1.4817 1.6651 3.9987 -22.7018 2.6667 34.3811 -0.2766 0.0823
Car -1 -1 3.2411 557.2429 176.4374 624.7989 202.2054 1.5421 1.6391 4.0136 -1.1098 1.7674 44.4145 3.2158 0.0805
Car -1 -1 1.4853 197.3717 187.0448 234.4764 214.6591 1.5236 1.6554 4.1581 -24.1759 2.4371 44.2543 0.9875 0.0791
Car -1 -1 3.2580 54.2020 187.9032 200.6485 234.0396 1.4555 1.5967 4.1308 -16.8528 2.0209 25.4697 2.6780 0.0784
Car -1 -1 2.0568 85.4741 186.8681 203.7785 237.1567 1.4653 1.6083 4.0584 -15.4682 1.9772 24.2706 1.4941 0.0762
Car -1 -1 1.7246 172.9244 190.8058 211.2316 214.9955 1.5189 1.6846 4.4012 -29.5393 2.8505 51.1612 1.2030 0.0741
Car -1 -1 0.3670 0.0000 184.0309 239.9727 308.0208 1.4808 1.6043 4.0358 -7.6051 1.6581 10.1517 -0.2636 0.0726
Car -1 -1 -0.4256 443.0762 180.3828 557.3763 220.8462 1.4527 1.6591 4.1313 -4.2697 1.7681 28.4000 -0.5740 0.0711
Car -1 -1 1.3273 164.7859 190.6575 210.3945 216.8929 1.4905 1.6627 3.6092 -26.5789 2.6572 45.4095 0.8001 0.0685
Car -1 -1 1.7262 437.9933 179.4133 477.9745 210.7576 1.7065 1.6593 4.1750 -8.8269 2.1103 42.2988 1.5213 0.0679
Car -1 -1 1.7117 237.6165 182.0196 266.3213 201.5262 1.5429 1.6111 4.1680 -30.3842 2.3511 61.3980 1.2537 0.0667
Car -1 -1 2.0755 119.4665 177.7866 336.4539 276.2361 1.4675 1.6231 4.0824 -6.5944 1.5708 13.0384 1.6150 0.0653
Car -1 -1 1.4310 144.5903 190.5524 182.2569 214.3819 1.4592 1.6636 3.9186 -30.4792 2.7174 49.2529 0.8790 0.0635
Car -1 -1 0.4211 302.1774 192.4264 376.2916 222.1588 1.4703 1.7162 3.2259 -14.1635 2.5246 37.9075 0.0654 0.0635
Car -1 -1 1.6645 470.2141 178.0099 514.6788 214.2040 1.4673 1.5776 3.7228 -5.0868 1.7074 31.7025 1.5063 0.0635
Car -1 -1 1.5369 187.0346 183.8511 342.6917 316.2289 1.4136 1.6434 4.0495 -4.9112 1.6029 10.2436 1.0993 0.0635
Car -1 -1 1.8469 500.3606 179.3144 545.7938 206.3102 1.4786 1.5985 4.1361 -5.0606 1.8805 42.7251 1.7292 0.0624
Car -1 -1 3.3880 310.6192 189.8550 390.3980 218.9447 1.4814 1.6517 3.7581 -13.9158 2.4218 38.9141 3.0464 0.0621
Car -1 -1 0.9763 362.5462 181.4314 457.0402 222.6325 1.4540 1.6103 3.9644 -7.8386 1.8112 28.1529 0.7067 0.0604
Car -1 -1 3.3792 303.4174 184.7707 382.9310 212.7947 1.4993 1.6041 3.9160 -14.8911 2.1848 40.4864 3.0285 0.0588
Car -1 -1 5.2723 325.4332 182.3475 389.2189 210.5097 1.4924 1.6093 3.9831 -14.5303 2.0701 41.7878 4.9392 0.0586
Car -1 -1 1.7212 175.4799 189.9012 205.4411 209.2019 1.4760 1.6110 3.9544 -35.4359 2.9696 61.0841 1.1972 0.0582
Car -1 -1 1.8949 318.9896 185.3017 374.3244 215.2985 1.5154 1.6183 4.2862 -14.6393 2.2498 40.4051 1.5490 0.0574
Car -1 -1 2.9556 213.8681 184.9711 281.9583 210.2913 1.4755 1.6573 3.5932 -22.7660 2.2682 45.4614 2.4934 0.0549
Car -1 -1 1.7465 359.9949 180.9393 387.6905 201.0622 1.6660 1.6138 4.1652 -20.7548 2.4037 63.6590 1.4322 0.0547
Car -1 -1 0.4047 278.2973 191.7585 368.6499 223.6358 1.5461 1.7207 3.9493 -14.6228 2.5398 37.0066 0.0304 0.0544
Car -1 -1 1.7605 271.0375 173.5524 407.0885 263.5442 1.4394 1.6223 4.0033 -4.9281 1.4546 13.6739 1.4202 0.0525
Car -1 -1 1.3068 167.4650 186.7561 207.3874 208.6968 1.5020 1.6403 3.7864 -31.4576 2.5742 53.7341 0.7791 0.0501