Car -1 -1 4.4457 698.0581 188.5726 843.1992 286.5165 1.4410 1.6334 3.4960 2.7297 1.7632 12.9902 4.6471 0.9727
Car -1 -1 4.8768 391.0758 192.8897 476.1008 255.6989 1.3984 1.5853 3.6914 -4.5632 1.9833 19.1684 4.6454 0.9601
Car -1 -1 4.6000 651.0997 183.4968 715.4180 232.7137 1.4138 1.6371 3.9445 2.3203 1.7908 23.5714 4.6961 0.9130
Car -1 -1 4.9004 452.0224 182.8276 513.1390 227.1772 1.5534 1.6214 3.9794 -4.8750 1.9705 28.1769 4.7301 0.8627
Car -1 -1 1.6392 497.4316 184.7228 528.2307 214.7856 1.6185 1.5358 3.6280 -5.6139 2.3428 42.1727 1.5071 0.8423
Car -1 -1 4.5810 630.9271 178.8901 668.2928 209.2057 1.5312 1.5690 3.4398 2.1180 1.8717 38.9277 4.6344 0.7516
Car -1 -1 4.5534 701.3466 176.6124 745.3558 207.9037 1.4348 1.5305 3.8869 5.5397 1.6299 35.5016 4.7064 0.3982
Car -1 -1 2.3637 0.0000 207.8846 89.0366 375.0000 1.4563 1.5655 3.9385 -4.6321 1.7271 3.5487 1.4832 0.2898
Car -1 -1 2.3484 0.0000 179.9592 148.3245 336.4092 1.7064 1.6168 3.6332 -8.4170 1.8227 9.9208 1.6579 0.2825
Car -1 -1 3.7311 0.0000 230.9701 97.4165 375.0000 1.4692 1.5936 3.9404 -5.6922 1.9280 4.3556 2.8434 0.2706
Car -1 -1 1.5571 521.9493 183.5865 542.8937 203.7019 1.4984 1.6199 4.0925 -6.2443 2.3950 58.1488 1.4501 0.2458
Car -1 -1 1.4837 475.7613 172.8339 501.6008 193.2625 1.4702 1.5762 3.8747 -9.0766 1.4687 54.0002 1.3177 0.2136
Car -1 -1 4.5625 618.3995 175.5595 643.7361 194.9202 1.5458 1.5764 3.6531 1.7599 1.7781 60.0493 4.5913 0.1687
Car -1 -1 4.9705 649.8764 174.7481 681.2775 194.4907 1.5502 1.6281 3.8933 4.6276 1.7111 59.1660 5.0477 0.1667
Car -1 -1 4.9312 0.0000 217.8190 117.9786 375.0000 1.4681 1.6774 4.1303 -5.2790 1.9724 5.8752 4.2214 0.1488
Car -1 -1 4.4654 623.1706 169.3976 662.7131 194.4492 1.5165 1.5988 3.8769 2.0685 1.3073 45.7387 4.5099 0.1438
Car -1 -1 3.9734 0.0000 189.7819 131.5158 322.6665 1.7038 1.7129 3.9307 -9.4884 1.9777 10.5998 3.2556 0.1385
Car -1 -1 1.7879 611.4006 176.7913 655.7244 208.4998 1.6946 1.6626 4.2494 1.4337 1.9328 41.3886 1.8217 0.1182
Car -1 -1 1.1309 648.5440 176.4591 684.1797 195.1448 1.5908 1.5639 4.1227 5.0357 1.9240 64.4835 1.2081 0.1112
Car -1 -1 1.5837 522.8477 184.6841 544.4332 205.8680 1.5228 1.6183 4.2535 -5.9156 2.4852 56.5061 1.4794 0.1076
Car -1 -1 1.3420 619.1561 178.0003 660.5487 203.1714 1.4381 1.6405 4.1165 1.8058 1.7695 44.2888 1.3820 0.1026
Car -1 -1 0.1986 626.4623 176.2381 679.8569 195.6627 1.5182 1.6421 4.0523 3.5248 1.7971 58.1619 0.2584 0.0972
Car -1 -1 1.9005 409.1649 177.7135 462.9339 208.4642 1.4733 1.5844 3.6355 -8.8453 1.7355 37.0514 1.6674 0.0926
Car -1 -1 1.9828 543.4912 183.0034 585.7373 203.9852 1.4962 1.6813 4.3212 -3.4382 2.3167 56.0136 1.9213 0.0924
Car -1 -1 1.6307 527.7818 184.4995 551.9340 205.4446 1.4830 1.6057 4.0137 -5.3161 2.4097 55.3841 1.5349 0.0865
Car -1 -1 -0.2610 707.8878 175.3090 804.1644 207.1715 1.4710 1.6540 4.2150 6.9407 1.5913 34.4187 -0.0642 0.0855
Car -1 -1 4.7351 468.8216 187.4737 512.6391 228.7540 1.5190 1.6899 4.1173 -4.9228 2.1753 30.2332 4.5745 0.0792
Car -1 -1 1.6446 617.2654 192.7034 660.9247 229.9483 1.4322 1.6465 3.8738 1.3618 2.3657 31.9161 1.6860 0.0771
Car -1 -1 1.5901 639.0353 173.8584 656.6609 191.0556 1.5660 1.5827 3.9611 3.6306 1.6635 67.9752 1.6429 0.0759
Car -1 -1 1.4732 596.6775 182.0242 617.6277 198.8914 1.4815 1.5614 4.2717 -0.2564 2.3734 67.9761 1.4690 0.0754
Car -1 -1 1.6234 561.9565 181.4223 585.0520 201.5669 1.4974 1.6260 3.9009 -2.8295 2.2004 57.2483 1.5738 0.0752
Car -1 -1 1.4936 674.0069 174.5072 702.3735 197.8344 1.4973 1.5839 4.0930 5.2637 1.6135 48.6741 1.6002 0.0749
Car -1 -1 1.5598 620.6786 179.2238 641.6395 198.7050 1.4762 1.6275 4.1184 1.7144 2.0075 58.1048 1.5887 0.0747
Car -1 -1 4.6723 684.5871 176.3456 712.9677 202.7999 1.4924 1.5256 3.8380 5.3028 1.7110 43.1999 4.7932 0.0743
Car -1 -1 1.7283 513.3209 184.8014 542.6126 206.0232 1.4988 1.6347 3.8741 -6.1982 2.4447 55.1524 1.6164 0.0734
Car -1 -1 1.5014 484.5397 192.3105 527.5541 228.7064 1.4890 1.7227 4.2054 -4.9548 2.4702 34.1484 1.3577 0.0721
Car -1 -1 1.9665 523.3264 184.1096 561.6343 204.7007 1.5111 1.5930 4.0683 -5.3016 2.4423 57.5135 1.8745 0.0705
Car -1 -1 -0.0555 655.7719 177.8869 745.7252 210.3286 1.4922 1.6645 4.1666 4.2971 1.7394 34.4596 0.0669 0.0689
Car -1 -1 2.0789 0.0000 185.3770 53.9101 375.0000 1.5701 1.6377 4.2496 -3.7658 1.6564 2.6935 1.1760 0.0676
Car -1 -1 1.4359 477.6715 172.6984 508.5010 194.6692 1.5279 1.6409 4.3710 -8.5152 1.5170 52.5056 1.2756 0.0674
Car -1 -1 -0.5872 70.5495 207.3717 620.0998 375.0000 1.4592 1.6097 4.0243 -1.8101 1.8447 6.0024 -0.8699 0.0655
Car -1 -1 5.3898 0.0000 179.2192 148.4255 336.4321 1.8519 1.6955 4.1171 -9.0090 1.9648 10.7325 4.7035 0.0644
Car -1 -1 4.5531 667.8790 174.2544 705.7419 201.3806 1.5148 1.6137 3.8768 4.4983 1.6011 42.4779 4.6575 0.0633
Car -1 -1 0.1783 503.2426 183.8858 554.2636 203.6699 1.5180 1.5961 3.8047 -6.3955 2.4085 57.3180 0.0673 0.0619
Car -1 -1 1.1987 621.6781 178.9546 660.3544 200.0693 1.5548 1.7163 3.9108 2.4207 2.0505 56.4900 1.2408 0.0597
Car -1 -1 -0.2692 685.1629 176.8050 774.8837 207.8173 1.4546 1.5633 4.0317 5.8231 1.6522 35.0880 -0.1066 0.0589
Car -1 -1 4.8212 629.4327 175.5356 653.8946 194.8541 1.5282 1.6097 3.8848 2.6862 1.7576 59.6877 4.8655 0.0588
Car -1 -1 0.9445 0.0000 213.4737 175.6586 375.0000 1.4935 1.5863 4.0661 -4.6348 1.7482 3.5926 0.0692 0.0587
Car -1 -1 1.8906 0.0000 239.2541 109.0430 375.0000 1.4696 1.6379 3.8974 -6.1543 2.2864 6.7623 1.1716 0.0576
Car -1 -1 1.5033 651.7683 175.9462 676.1152 196.1026 1.5466 1.6721 4.1567 4.3427 1.8044 58.0852 1.5771 0.0567
Car -1 -1 1.7479 0.0000 208.1595 255.5344 375.0000 1.5053 1.6160 3.9619 -2.9214 1.8048 3.9822 1.1455 0.0556
Car -1 -1 1.4658 647.0148 177.0281 673.9864 197.7648 1.5301 1.6788 3.9633 3.9215 1.8661 56.0605 1.5348 0.0548
Car -1 -1 1.7600 452.8966 173.1055 489.9006 198.0663 1.5146 1.5634 4.0843 -8.7304 1.5313 45.8675 1.5726 0.0534
Car -1 -1 3.3982 376.2628 181.1857 499.6830 224.0746 1.5331 1.6733 4.2096 -6.3620 1.8556 27.0330 3.1687 0.0527
Car -1 -1 3.0940 0.0000 189.2956 777.2438 375.0000 1.4948 1.5983 4.1380 -1.2761 1.6214 4.1276 2.8095 0.0525
Car -1 -1 4.9348 439.1275 170.8514 481.3456 197.3348 1.4606 1.5704 3.8644 -8.5826 1.3502 41.7426 4.7330 0.0522
Car -1 -1 1.6009 639.0686 180.8947 668.8430 207.3174 1.4675 1.6681 3.9488 2.7069 1.9734 43.3588 1.6623 0.0518
Car -1 -1 2.1304 0.0000 213.7025 216.7733 375.0000 1.4326 1.5781 3.9137 -4.4298 1.8380 5.1186 1.4423 0.0513
Car -1 -1 4.3484 672.1682 177.0088 733.2567 209.4358 1.4641 1.6168 4.0465 4.4808 1.6798 35.2885 4.4732 0.0507