Car -1 -1 4.8028 492.2359 182.7732 546.8739 228.9263 1.5412 1.6537 4.1718 -3.3021 1.9430 27.1120 4.6821 0.9256
Car -1 -1 1.8561 312.1662 187.9302 387.2768 230.6015 1.5059 1.6917 4.3266 -10.4110 2.1627 29.2288 1.5163 0.8835
Car -1 -1 4.7240 578.8547 181.0145 605.0646 206.4506 1.5393 1.6306 3.7908 -1.1191 2.0901 46.7937 4.6997 0.7593
Car -1 -1 1.9898 304.4459 183.4731 356.3322 209.9702 1.5064 1.5733 3.7819 -17.1499 2.1897 44.4969 1.6236 0.2519
Car -1 -1 1.4729 376.9612 185.1128 400.4048 204.1612 1.5252 1.5813 3.7678 -19.1396 2.6209 62.4471 1.1764 0.2458
Car -1 -1 1.9590 285.3414 193.5944 338.8056 221.5578 1.4483 1.6234 3.5745 -17.1719 2.7015 41.8103 1.5711 0.2300
Car -1 -1 3.0819 537.3860 182.1104 606.5217 207.4053 1.5353 1.6908 4.2750 -2.4087 2.1349 45.6644 3.0290 0.1688
Car -1 -1 1.9615 299.6833 192.5177 342.1842 213.9193 1.5541 1.7179 4.1938 -23.2890 3.2023 58.3740 1.5831 0.1538
Car -1 -1 0.8514 275.8907 192.6802 327.4940 212.5734 1.4534 1.7511 3.7458 -24.5403 3.0778 57.5123 0.4494 0.1258
Car -1 -1 1.5464 544.0640 187.7213 587.0565 229.1195 1.5231 1.6712 3.9644 -1.8833 2.1848 30.0651 1.4837 0.1122
Car -1 -1 1.9631 341.5564 186.2492 389.9940 209.6074 1.4662 1.6263 4.3814 -16.8563 2.4379 50.1020 1.6398 0.1068
Car -1 -1 1.6480 512.8249 191.0113 556.9422 227.3653 1.4578 1.6922 4.1129 -3.3606 2.3427 33.0847 1.5468 0.1019
Car -1 -1 5.0690 233.0495 192.0723 362.3463 263.2270 1.4268 1.5847 3.8718 -7.3853 1.9451 17.4942 4.6744 0.0929
Car -1 -1 1.5881 374.7044 187.2469 396.3056 208.2947 1.5088 1.5452 3.7516 -17.5132 2.6759 56.4962 1.2885 0.0895
Car -1 -1 1.4510 300.5687 197.7043 342.2115 228.8897 1.4690 1.6604 3.9740 -15.8322 2.9047 39.5444 1.0721 0.0831
Car -1 -1 1.2107 353.1860 185.9515 388.8879 205.0207 1.5000 1.6774 3.7454 -20.3429 2.6518 61.4682 0.8920 0.0828
Car -1 -1 4.2233 275.9544 187.6899 332.6913 214.1084 1.4524 1.5935 3.7140 -18.4100 2.3829 43.4672 3.8246 0.0753
Car -1 -1 1.9438 320.2388 179.9835 365.4911 204.3735 1.4744 1.5130 3.6220 -17.1354 1.9520 46.5119 1.5923 0.0742
Car -1 -1 1.5990 536.6631 192.3383 575.5729 228.4702 1.4500 1.6667 4.0010 -2.4030 2.4011 33.1857 1.5265 0.0735
Car -1 -1 1.9747 196.3820 196.5354 346.4446 276.5318 1.4233 1.5742 3.8178 -7.2510 2.0082 15.8990 1.5525 0.0725
Car -1 -1 1.3493 522.1837 189.9544 567.1059 219.5991 1.4808 1.6722 4.0557 -3.7184 2.4984 40.7517 1.2583 0.0718
Car -1 -1 0.3626 126.5925 191.0265 337.3323 261.1611 1.4652 1.5868 3.9900 -8.5374 1.9083 16.5932 -0.1065 0.0710
Car -1 -1 0.0700 311.2419 187.8453 504.7712 257.0058 1.4547 1.6326 4.1713 -4.5989 1.8307 16.8972 -0.1925 0.0709
Car -1 -1 1.8781 316.2187 184.7895 431.9678 249.5513 1.3927 1.5956 4.0708 -5.8108 1.7292 18.3056 1.5743 0.0700
Car -1 -1 1.6909 309.5519 193.7965 347.8288 222.1056 1.4633 1.6350 3.8915 -16.4775 2.7567 42.4721 1.3225 0.0670
Car -1 -1 1.8352 338.7159 184.8557 373.6354 205.7564 1.5481 1.6255 4.0972 -20.3020 2.5470 57.9570 1.4994 0.0645
Car -1 -1 3.3896 285.5719 185.9248 357.1934 210.4076 1.4625 1.6291 3.8926 -18.0365 2.3022 45.2915 3.0123 0.0633
Car -1 -1 1.6065 361.8593 184.5135 386.2818 208.1169 1.6083 1.5705 3.9755 -17.3899 2.5055 53.3930 1.2927 0.0615
Car -1 -1 1.7646 296.8149 193.2968 330.1901 214.1863 1.4783 1.7526 3.6790 -23.3002 3.1462 56.8975 1.3772 0.0600
Car -1 -1 1.4505 370.1988 182.0620 397.3334 202.4316 1.5402 1.6341 4.0574 -18.4029 2.3174 58.7169 1.1477 0.0584
Car -1 -1 4.6832 361.6320 187.6333 401.7818 224.9873 1.4966 1.6252 3.9971 -10.3930 2.2119 32.7685 4.3779 0.0573
Car -1 -1 1.9436 285.2174 189.9360 393.6276 249.3581 1.4417 1.5498 3.9206 -7.5748 1.9767 20.6218 1.5952 0.0570
Car -1 -1 -0.0499 569.1269 180.9489 629.9645 205.7638 1.5382 1.6389 3.8234 -0.6716 2.0680 46.2814 -0.0648 0.0559
Car -1 -1 -0.2476 541.3182 188.7734 653.0728 229.1845 1.4737 1.6542 4.1685 -0.5115 2.1371 28.7195 -0.2660 0.0537
Car -1 -1 3.4729 284.2020 184.1433 356.7320 209.7709 1.5106 1.5642 3.8199 -17.6534 2.2153 44.1698 3.0944 0.0526
Car -1 -1 2.0461 289.7114 185.4244 347.8488 211.2673 1.4566 1.6361 4.1298 -18.0064 2.2757 44.8786 1.6662 0.0522
Car -1 -1 -0.3784 546.4287 190.1102 629.2270 220.2870 1.5005 1.7334 4.1690 -1.1835 2.4806 39.3590 -0.4090 0.0515
Car -1 -1 1.8713 283.3693 188.5232 334.6266 216.9708 1.5104 1.6553 4.0907 -17.7323 2.4847 42.7489 1.4799 0.0513
Car -1 -1 1.5901 350.8125 185.9289 377.2591 209.5938 1.5272 1.6910 4.1307 -17.3970 2.4961 51.2457 1.2640 0.0512
Car -1 -1 2.8109 258.9436 189.7746 341.9099 218.3337 1.4936 1.6773 4.1313 -18.0003 2.5282 42.1157 2.4089 0.0503