Car -1 -1 2.0547 220.0158 191.1809 408.7223 282.1040 1.4299 1.6603 4.2085 -5.6370 1.8516 14.4157 1.6875 0.9770
Car -1 -1 1.1417 774.5388 181.7530 1040.1708 337.8183 1.4921 1.6007 3.5648 3.3782 1.6251 8.9489 1.4907 0.9641
Car -1 -1 4.5483 674.1818 174.8087 741.4276 224.3993 1.4680 1.5622 3.6493 3.0965 1.5363 23.3562 4.6778 0.9221
Car -1 -1 1.7961 435.9397 176.5857 498.2376 217.7211 1.5487 1.6592 3.8827 -5.7406 1.7114 29.4909 1.6051 0.9111
Car -1 -1 4.4514 710.2413 181.9728 844.5464 265.8775 1.4291 1.6509 3.9610 3.2500 1.6410 14.7474 4.6632 0.9070
Car -1 -1 1.6966 472.1194 176.9966 514.1256 211.2897 1.5447 1.5650 3.4540 -5.5447 1.7539 34.6755 1.5388 0.5327
Car -1 -1 2.3746 0.0000 199.9281 112.3785 375.0000 1.4709 1.5736 3.7478 -5.8076 1.7440 5.3997 1.5775 0.5115
Car -1 -1 3.8090 0.0000 189.4716 94.8088 250.1171 1.4363 1.5976 3.8378 -15.6400 1.8800 18.4123 3.1119 0.4270
Car -1 -1 4.5786 663.1581 174.8891 713.8143 214.1483 1.4532 1.5261 3.5875 3.0785 1.5393 28.7116 4.6837 0.2294
Car -1 -1 3.7823 0.0000 224.3554 115.9034 375.0000 1.5057 1.6640 3.9637 -6.8786 2.0344 6.2493 2.9703 0.1996
Car -1 -1 5.1691 702.9079 157.2645 765.5345 187.6539 1.4883 1.6121 3.9778 6.5145 0.7248 37.4201 5.3400 0.1863
Car -1 -1 1.5443 440.8031 173.3876 461.8266 193.9368 1.6495 1.6062 4.1368 -13.2363 1.6956 60.2324 1.3286 0.1810
Car -1 -1 5.2043 0.0000 207.5497 146.1883 375.0000 1.4253 1.5551 3.5810 -5.9686 1.8433 6.7796 4.5017 0.1762
Car -1 -1 3.2483 233.6166 182.3571 357.4948 225.6320 1.4689 1.5787 4.0060 -11.3826 1.8345 26.4201 2.8448 0.1734
Car -1 -1 4.3890 780.7224 159.6261 822.9083 185.2802 1.7526 1.6868 4.0740 13.6325 0.8489 51.3799 4.6468 0.1705
Car -1 -1 1.6287 113.5329 179.6389 146.7407 204.9337 1.5303 1.5635 3.8241 -31.0456 1.9895 46.7949 1.0454 0.1551
Car -1 -1 4.7367 155.4044 162.9799 187.8742 191.3415 1.7566 1.6935 3.9615 -28.3730 1.1450 46.8280 4.1943 0.1361
Car -1 -1 5.2989 0.0000 187.9416 123.4206 249.4057 1.4177 1.6066 3.8413 -15.1921 1.8683 19.5794 4.6455 0.1346
Car -1 -1 3.7852 0.0000 185.0755 162.8614 246.5833 1.4781 1.6320 3.8757 -13.8918 1.8055 18.4967 3.1478 0.1321
Car -1 -1 3.8348 458.0815 168.5235 513.3362 191.4113 1.6996 1.6755 4.0364 -9.5057 1.3781 55.3160 3.6652 0.1227
Car -1 -1 4.5599 302.3674 176.0055 363.1414 217.9046 1.4772 1.6179 3.9223 -10.7430 1.6081 27.8602 4.1947 0.1207
Car -1 -1 0.5428 108.0168 165.8230 188.0669 191.5614 1.6022 1.6347 4.0132 -29.2344 1.1646 45.7801 -0.0231 0.1127
Car -1 -1 1.5185 661.4756 174.7209 705.7808 214.4617 1.5954 1.6779 4.2948 3.1517 1.6822 31.3551 1.6172 0.1114
Car -1 -1 3.5319 0.0000 188.8977 148.2574 244.9316 1.4818 1.5344 3.6417 -15.7339 1.9742 20.9528 2.8938 0.1065
Car -1 -1 1.6047 479.0287 175.8725 514.4514 208.1257 1.5004 1.6024 4.3225 -5.6092 1.6613 36.2256 1.4517 0.1039
Car -1 -1 1.5596 486.4210 178.6462 516.1078 206.8171 1.4391 1.5371 3.6652 -5.9593 1.7723 39.5845 1.4107 0.0950
Car -1 -1 1.5505 660.0265 160.9473 692.7965 192.4441 1.6373 1.6994 4.1480 3.6243 1.0184 39.6368 1.6407 0.0902
Car -1 -1 1.6340 478.0978 172.1214 514.6879 201.4471 1.4450 1.6176 4.2376 -5.8633 1.4089 37.7368 1.4805 0.0876
Car -1 -1 4.5235 647.4185 163.9355 688.0043 192.9334 1.6325 1.6742 3.9440 3.3866 1.1304 42.6721 4.6018 0.0862
Car -1 -1 4.6340 490.9093 169.4378 516.9112 192.5708 1.7228 1.6794 4.0632 -8.2177 1.4684 55.9025 4.4884 0.0835
Car -1 -1 -0.7141 777.5021 159.6441 824.6274 176.2708 1.5334 1.7067 4.2231 18.1164 0.3151 68.2374 -0.4557 0.0823
Car -1 -1 4.4769 782.4669 157.7561 825.4650 184.8602 1.6067 1.6861 3.9698 12.0047 0.7117 44.7772 4.7370 0.0805
Car -1 -1 2.4222 0.0000 187.4963 92.9075 256.0245 1.4541 1.5885 4.0062 -15.5341 1.8683 18.3103 1.7257 0.0736
Car -1 -1 4.7843 130.2715 175.1642 169.8105 202.4780 1.5128 1.6638 4.0496 -27.0126 1.6559 42.5089 4.2209 0.0699
Car -1 -1 1.4437 669.6608 172.4507 725.5492 215.6008 1.5100 1.5799 4.0414 3.2507 1.4959 27.2784 1.5604 0.0686
Car -1 -1 3.7375 660.9997 161.5778 744.4485 192.3646 1.5089 1.6397 4.0575 4.7768 0.9562 37.3198 3.8635 0.0681
Car -1 -1 1.5769 655.1726 182.6228 691.2103 215.8702 1.4453 1.6247 3.9945 3.0632 1.9423 34.6439 1.6637 0.0673
Car -1 -1 5.4601 0.0000 183.1837 174.5616 247.4386 1.4908 1.6398 3.9725 -13.9451 1.7996 19.4864 4.8453 0.0669
Car -1 -1 1.5367 635.3894 181.2130 671.8102 215.0951 1.4804 1.5945 3.8433 2.0522 1.9017 34.4241 1.5951 0.0656
Car -1 -1 1.3740 496.6057 174.6470 521.8366 190.8975 1.4724 1.5859 4.0962 -9.4930 1.6469 68.0545 1.2356 0.0646
Car -1 -1 1.5648 645.6288 174.4906 678.4880 205.1352 1.4872 1.6030 4.0842 2.6995 1.5766 37.3291 1.6359 0.0624
Car -1 -1 1.8391 451.6621 178.5006 510.0486 214.4806 1.5265 1.6301 4.0565 -5.8733 1.8041 33.3672 1.6657 0.0611
Car -1 -1 4.4358 452.6336 167.7167 488.3618 191.0481 1.7627 1.7047 4.0942 -10.9684 1.3746 56.7251 4.2454 0.0596
Car -1 -1 1.4276 755.4545 169.0049 792.3806 193.1486 1.4115 1.6148 4.2262 10.0472 1.1864 44.3512 1.6486 0.0588
Car -1 -1 4.5182 781.3297 160.8304 808.4047 178.1412 1.5852 1.7156 4.0807 17.4651 0.4842 68.1564 4.7679 0.0583
Car -1 -1 1.6966 108.0727 176.2893 149.0349 202.7068 1.5649 1.6347 4.1012 -30.2793 1.7921 45.5145 1.1121 0.0583
Car -1 -1 1.6645 433.8841 173.4000 460.5407 193.5352 1.5394 1.6665 4.3802 -12.9102 1.5847 57.5653 1.4446 0.0576
Car -1 -1 3.1171 680.2655 157.2885 757.5176 186.5066 1.4475 1.5812 3.8101 5.5368 0.6763 36.7641 3.2652 0.0575
Car -1 -1 3.7494 0.0000 199.3220 146.1467 375.0000 1.4952 1.6097 3.8947 -6.0505 1.7408 5.5223 2.9424 0.0569
Car -1 -1 1.6572 507.1190 178.7193 542.1584 207.5072 1.4712 1.5815 3.8001 -4.6116 1.8085 39.5793 1.5415 0.0558
Car -1 -1 -0.3311 713.1283 161.6929 802.6006 193.3636 1.5620 1.6466 4.1438 7.5042 1.0116 36.6741 -0.1312 0.0550
Car -1 -1 1.6711 701.4374 155.9852 740.0112 186.3011 1.4533 1.5760 3.6345 5.6723 0.6446 36.5459 1.8237 0.0549
Car -1 -1 5.1745 257.9757 181.7642 336.5102 221.3388 1.4386 1.5658 3.2475 -12.3145 1.8130 28.6479 4.7715 0.0545
Car -1 -1 4.1921 701.4381 164.1923 759.8808 193.3304 1.5202 1.5689 3.6125 6.5906 1.0683 39.6101 4.3555 0.0541
Car -1 -1 1.5560 628.9984 178.2551 670.2449 218.1716 1.5814 1.6679 4.3653 1.7048 1.8330 31.3983 1.6090 0.0535
Car -1 -1 3.6219 307.4836 182.3089 424.5298 224.9686 1.4948 1.5776 3.8320 -9.0226 1.8608 26.8444 3.3002 0.0534
Car -1 -1 5.2858 314.5834 175.5323 410.2359 218.9998 1.5486 1.6164 3.9622 -9.5063 1.6607 28.0859 4.9620 0.0533
Car -1 -1 4.2324 0.0000 187.1528 79.5347 248.8434 1.4536 1.6578 4.0371 -16.3201 1.8658 19.2572 3.5361 0.0517
Car -1 -1 3.1120 442.2637 178.3690 517.3085 206.8418 1.4622 1.6049 3.8825 -6.9630 1.7671 38.6981 2.9347 0.0510
Car -1 -1 1.9165 0.0000 202.6027 259.8688 375.0000 1.5214 1.6173 4.0109 -3.9198 1.8322 5.3937 1.3107 0.0507