Car -1 -1 2.0110 115.1271 194.9770 378.3730 339.6630 1.5041 1.6654 3.9244 -4.7106 1.8735 10.0762 1.5830 0.9754
Car -1 -1 1.8884 317.2881 188.6580 456.2328 272.5957 1.4998 1.6368 4.1573 -4.6782 1.8917 15.7896 1.6041 0.9695
Car -1 -1 4.3839 777.3776 184.1786 980.1044 303.4486 1.4129 1.6243 3.7408 3.7575 1.6114 10.7754 4.7099 0.9670
Car -1 -1 1.8034 402.7723 185.2594 494.9212 242.2064 1.4168 1.6326 4.3969 -4.5677 1.8182 21.1320 1.5925 0.9494
Car -1 -1 4.1682 909.7956 192.5835 1242.0000 375.0000 1.3573 1.6000 3.8032 3.7145 1.5543 5.2684 4.7554 0.9182
Car -1 -1 4.4347 716.3419 182.6861 847.6331 260.1466 1.4297 1.6731 4.2862 3.6483 1.6784 16.0620 4.6532 0.8877
Car -1 -1 4.6134 696.5880 177.8601 751.3310 222.8516 1.5152 1.6211 3.6637 4.1447 1.7127 26.5891 4.7657 0.8370
Car -1 -1 4.5259 699.0260 182.2362 781.6256 237.8764 1.4293 1.6532 3.9555 3.7290 1.7308 21.1962 4.6969 0.8302
Car -1 -1 1.7267 508.1532 177.5879 551.6547 210.0833 1.5668 1.6673 3.7289 -4.0568 1.8236 37.2449 1.6185 0.7894
Car -1 -1 0.9025 1062.8461 177.4845 1176.5760 219.2617 1.3834 1.4866 3.5086 18.3110 1.5624 26.0883 1.5087 0.6456
Car -1 -1 3.8640 1079.7074 183.6350 1242.0000 240.5078 1.3873 1.5440 3.5536 15.3245 1.7178 20.2181 4.5050 0.5948
Car -1 -1 4.5568 685.3933 174.5878 736.6096 210.7173 1.4925 1.6466 3.9133 4.4256 1.5740 31.9680 4.6926 0.4783
Car -1 -1 -0.0027 742.2927 170.8998 792.2303 188.4259 1.4693 1.6045 4.1192 13.4685 1.3055 61.7068 0.2110 0.4694
Car -1 -1 4.3955 925.4030 177.9528 980.9669 208.1620 1.4644 1.5501 3.5893 17.7796 1.7425 37.4849 4.8349 0.4137
Car -1 -1 1.5504 680.4586 172.1224 718.4133 209.3114 1.6773 1.7036 4.3914 4.2821 1.6443 34.8124 1.6713 0.3542
Car -1 -1 0.5281 309.3745 180.4955 372.6302 203.3998 1.4702 1.4593 3.7203 -17.8660 1.9900 48.0477 0.1736 0.3469
Car -1 -1 1.6458 706.0829 171.2625 726.6495 188.8013 1.6059 1.6260 4.0643 10.1249 1.4601 68.2255 1.7922 0.3422
Car -1 -1 1.4114 718.7552 166.3427 748.0165 185.1849 1.4743 1.6822 4.2460 10.0110 0.9648 58.5857 1.5796 0.2837
Car -1 -1 1.9087 501.0769 173.3044 536.1293 193.3474 1.5466 1.5546 3.9823 -7.2535 1.5841 57.8841 1.7843 0.2645
Car -1 -1 2.7889 923.4048 178.8085 1009.0228 209.4350 1.4929 1.4915 3.5823 17.9643 1.8014 36.4540 3.2431 0.1705
Car -1 -1 2.4906 843.8127 174.2165 946.2264 209.9268 1.4481 1.5504 3.9084 12.1068 1.5083 30.6388 2.8632 0.1560
Car -1 -1 1.7862 458.1099 177.4748 501.2631 206.4466 1.6326 1.6371 4.5036 -7.7939 1.9268 43.6692 1.6102 0.1547
Car -1 -1 1.4176 691.2532 175.4971 746.9170 216.8173 1.5613 1.6338 4.0859 4.4107 1.6772 29.5749 1.5636 0.1490
Car -1 -1 1.6339 887.6607 171.0778 935.7454 210.1329 1.4800 1.5812 3.7772 12.3505 1.4127 29.3868 2.0278 0.1224
Car -1 -1 1.5811 654.5654 175.4516 692.4871 212.3433 1.6515 1.7121 4.3980 3.1121 1.7853 34.8918 1.6687 0.1219
Car -1 -1 4.1316 779.7477 168.9681 850.5196 197.4408 1.5285 1.7845 4.3208 11.6117 1.3199 41.0636 4.4050 0.1046
Car -1 -1 1.1374 924.8317 180.7685 994.7569 212.9279 1.4746 1.5296 4.1666 17.4738 1.8947 36.2077 1.5833 0.1010
Car -1 -1 -0.6661 877.5695 180.4799 980.0289 217.5375 1.4979 1.5828 3.8718 13.6663 1.8380 30.9329 -0.2542 0.1006
Car -1 -1 1.1460 520.5956 177.7874 574.5023 205.3161 1.4877 1.6075 4.0058 -3.6515 1.7888 41.9005 1.0592 0.1001
Car -1 -1 4.8242 329.0545 179.3511 361.2012 202.1329 1.4473 1.6137 3.9888 -17.9766 1.9093 49.1809 4.4752 0.0997
Car -1 -1 4.3822 871.9005 175.8718 938.2375 212.0036 1.4778 1.5550 3.7333 12.9092 1.6185 31.7337 4.7648 0.0858
Car -1 -1 -0.2524 891.6703 178.1571 984.2491 209.6377 1.5267 1.6075 3.9846 16.5409 1.8033 36.5015 0.1695 0.0768
Car -1 -1 2.7669 685.5005 174.5148 783.7997 211.3863 1.5144 1.6273 3.8211 5.3346 1.5884 30.9302 2.9356 0.0745
Car -1 -1 4.4020 470.7398 176.7583 507.7778 196.6699 1.5170 1.6966 4.3566 -9.7444 1.8445 58.2067 4.2365 0.0745
Car -1 -1 4.7222 682.9839 172.0784 715.5011 202.5162 1.5162 1.6123 3.7281 4.7244 1.4776 37.8971 4.8448 0.0711
Car -1 -1 1.0795 1126.7472 180.0555 1242.0000 269.2530 1.4650 1.6170 4.0913 12.2302 1.6300 14.3673 1.7741 0.0709
Car -1 -1 0.8599 1084.9513 183.8333 1228.9827 231.7340 1.4258 1.5902 4.0991 18.4218 1.8312 24.5431 1.4975 0.0696
Car -1 -1 3.0140 495.5616 174.1494 545.1254 193.6955 1.5220 1.5536 3.7572 -7.1275 1.6275 57.5642 2.8911 0.0693
Car -1 -1 1.4666 494.0391 173.6957 519.8494 194.0091 1.5396 1.6129 3.9720 -8.1353 1.6086 56.9860 1.3251 0.0664
Car -1 -1 1.1601 889.5721 177.2462 966.4894 214.9622 1.4634 1.5605 3.7758 13.2844 1.6595 30.3252 1.5690 0.0655
Car -1 -1 1.0180 902.0908 181.0900 1017.4675 232.3873 1.4999 1.5675 3.9269 11.3985 1.7948 23.7907 1.4593 0.0650
Car -1 -1 3.9160 1024.6163 176.1828 1201.9215 230.8838 1.4527 1.7152 4.4262 14.9636 1.5640 21.7861 4.5111 0.0623
Car -1 -1 3.1346 618.2886 165.7257 666.7698 186.6389 1.9400 1.7265 4.4986 3.0924 1.2788 67.8824 3.1797 0.0622
Car -1 -1 0.9517 1055.9663 175.7630 1242.0000 250.7218 1.4682 1.6967 4.1838 12.2666 1.5428 16.3995 1.5848 0.0613
Car -1 -1 1.5310 656.9086 179.9706 697.4099 217.0863 1.4975 1.6134 4.0587 2.9373 1.8332 31.9712 1.6211 0.0602
Car -1 -1 0.6190 159.9689 183.3383 321.4580 244.6274 1.5768 1.5681 3.7827 -10.1654 1.8828 19.9920 0.1536 0.0596
Car -1 -1 -0.6412 737.5877 174.9933 791.1517 194.6327 1.4784 1.5487 3.9338 12.0566 1.6495 56.1729 -0.4312 0.0588
Car -1 -1 1.5080 498.0997 174.9310 521.2034 195.2348 1.5777 1.6032 4.1646 -8.1602 1.7530 58.7156 1.3702 0.0588
Car -1 -1 -0.3582 856.8665 171.0132 968.7819 209.6625 1.4950 1.5775 3.8001 12.0229 1.4238 28.7624 0.0337 0.0586
Car -1 -1 -0.3098 672.3771 172.8304 752.2079 203.3095 1.5032 1.6163 3.7020 5.1981 1.5020 36.6955 -0.1707 0.0585
Car -1 -1 1.3411 678.7572 174.0762 728.9614 206.5929 1.5281 1.6253 3.9385 4.6533 1.5927 36.1036 1.4677 0.0583
Car -1 -1 -0.2611 543.7589 179.7698 619.1189 207.4991 1.4819 1.6421 3.9480 -1.5932 1.8843 40.6119 -0.3006 0.0561
Car -1 -1 -0.4714 1062.5250 177.3619 1204.4594 219.2573 1.4256 1.5417 3.8311 18.6472 1.5934 25.8217 0.1482 0.0561
Car -1 -1 1.3805 949.9944 176.9093 999.6074 208.0572 1.4833 1.5520 3.8312 18.6326 1.7025 36.9483 1.8439 0.0559
Car -1 -1 4.0780 688.5895 170.7077 736.6125 190.3875 1.5256 1.6574 4.2082 8.2601 1.3592 58.1804 4.2181 0.0556
Car -1 -1 0.8497 972.0440 177.0740 1104.4365 222.9069 1.4143 1.6552 4.0082 14.5587 1.5717 24.7833 1.3752 0.0553
Car -1 -1 2.3759 1190.2351 185.0055 1242.0000 261.0628 1.4822 1.6637 4.1933 14.9748 1.7517 15.1671 3.1447 0.0546
Car -1 -1 0.3102 350.1926 175.5471 446.7953 209.4642 1.5659 1.6519 4.1029 -9.9930 1.6974 34.3372 0.0287 0.0540
Car -1 -1 1.3298 935.9985 177.1912 992.7674 210.3037 1.4864 1.5737 3.8654 17.1217 1.7090 34.9815 1.7812 0.0535
Car -1 -1 0.3201 477.9576 173.9614 531.9410 193.7919 1.5289 1.6340 3.8968 -8.2326 1.6179 56.9026 0.1767 0.0533
Car -1 -1 1.5160 490.6116 186.8133 532.2177 224.2931 1.4581 1.5955 3.7788 -4.3434 2.1077 31.5706 1.3798 0.0528
Car -1 -1 4.4926 750.3901 173.2149 784.7024 195.5648 1.5141 1.5457 3.8851 11.0971 1.5405 50.8915 4.7057 0.0522
Car -1 -1 1.4715 462.4448 188.8723 503.2794 223.4957 1.4477 1.5435 3.5110 -5.9815 2.2408 33.8256 1.2972 0.0513
Car -1 -1 -0.7553 1064.2037 178.7499 1197.5052 219.2124 1.4429 1.6004 4.0851 19.5406 1.6732 27.1124 -0.1364 0.0512
Car -1 -1 1.1517 539.3809 178.7706 595.3507 207.7356 1.4670 1.6147 3.8805 -2.3619 1.8080 39.4940 1.0918 0.0510
Car -1 -1 4.6458 670.5466 172.0443 691.1904 189.9219 1.5962 1.6310 3.8848 6.5332 1.5239 66.3906 4.7431 0.0510
Car -1 -1 0.7777 928.1750 182.9890 1067.9994 235.6531 1.4006 1.4729 3.7922 11.6938 1.7381 22.0010 1.2601 0.0504