Car -1 -1 4.9117 479.7270 168.7077 595.5262 248.7753 1.5076 1.6578 4.3494 -1.4130 1.4295 15.8391 4.8234 0.9719
Car -1 -1 2.1275 0.0000 185.9953 335.5716 375.0000 1.5929 1.5146 3.5861 -3.4297 1.7211 5.2454 1.5706 0.9703
Car -1 -1 1.8385 337.0368 180.4086 464.5515 252.6502 1.3941 1.6865 4.2410 -4.5833 1.5890 16.4884 1.5709 0.9551
Car -1 -1 4.8145 798.9751 175.5339 923.0500 280.9227 1.4709 1.6052 3.8619 4.3956 1.5242 12.2656 5.1502 0.9498
Car -1 -1 -1.1356 840.0172 167.2749 997.0712 240.0285 1.4847 1.6903 4.3623 7.2902 1.3708 16.8125 -0.7334 0.7570
Car -1 -1 4.4640 872.3643 152.0383 921.5488 182.6009 1.5131 1.5912 3.3315 14.8665 0.4825 37.4738 4.8389 0.2523
Car -1 -1 1.7387 551.9281 164.8517 597.6603 196.7480 1.5770 1.6964 4.3189 -1.7624 1.1814 37.9209 1.6922 0.1641
Car -1 -1 1.7083 207.4346 198.7301 347.2264 312.9475 1.4536 1.5659 3.6109 -5.3438 1.9544 12.0159 1.2973 0.0935
Car -1 -1 2.7907 874.2437 151.4675 962.7380 181.7427 1.5029 1.5944 3.8229 15.6621 0.4412 36.7079 3.1911 0.0771
Car -1 -1 4.7888 566.6121 169.7750 600.2016 197.8183 1.4878 1.5845 3.7519 -1.4137 1.3244 40.1867 4.7535 0.0741
Car -1 -1 4.3792 920.1880 145.1044 992.4507 191.0626 1.9420 1.7220 3.9467 15.5376 0.7694 32.5447 4.8210 0.0731
Car -1 -1 4.8514 474.0201 160.9999 502.0557 183.7966 1.6703 1.6414 3.3269 -9.1548 0.8018 54.5513 4.6857 0.0702
Car -1 -1 1.6608 572.5027 168.9388 611.0904 200.3702 1.5431 1.6364 4.1489 -0.8704 1.3509 37.5467 1.6374 0.0646
Car -1 -1 1.3308 979.4476 187.9889 1067.9343 239.1262 1.3990 1.6170 3.4339 12.9245 1.9148 22.7181 1.8418 0.0632
Car -1 -1 1.6319 945.2569 180.4386 994.9232 219.7203 1.4028 1.5546 3.3174 14.1756 1.7194 28.2975 2.0916 0.0610
Car -1 -1 1.9003 152.2044 195.6377 328.1877 304.0518 1.4890 1.5877 3.6049 -6.2136 1.9459 12.5872 1.4495 0.0603
Car -1 -1 3.0697 808.3871 153.4566 907.1530 192.9537 1.6712 1.6381 4.0047 10.8592 0.8504 31.8250 3.3955 0.0588
Car -1 -1 3.4581 533.9999 163.2635 599.6241 187.4729 1.5631 1.6409 4.0381 -2.8248 0.9439 47.8935 3.3992 0.0575
Car -1 -1 1.7558 563.7589 168.2019 599.3937 193.2235 1.5635 1.6365 3.8829 -1.7833 1.2728 47.1275 1.7179 0.0554
Car -1 -1 4.5504 573.2677 176.3659 609.5295 202.6067 1.4572 1.5515 3.7425 -1.1143 1.6741 42.5817 4.5239 0.0513
Car -1 -1 3.4628 61.6438 188.8069 342.2671 288.3148 1.5032 1.6307 3.8748 -6.7822 1.8023 12.3958 2.9707 0.0503