Car -1 -1 4.8414 497.7756 184.0333 564.6981 233.9227 1.4094 1.6294 4.0372 -2.4405 1.8026 23.3361 4.7376 0.9471
Car -1 -1 4.5788 667.7495 174.5950 723.2330 214.6070 1.4360 1.6029 4.0668 3.2716 1.5088 28.1218 4.6929 0.9176
Car -1 -1 4.9247 413.3270 190.7408 546.0006 278.5280 1.3854 1.6659 4.5440 -2.4306 1.8056 14.6392 4.7621 0.9043
Car -1 -1 4.6575 648.8146 175.3047 676.5722 200.7667 1.5211 1.5332 3.6649 3.3007 1.6812 45.3036 4.7293 0.3545
Car -1 -1 1.7738 532.6578 176.4737 569.9651 202.4852 1.5886 1.6211 4.0607 -3.7262 1.8339 46.7710 1.6943 0.2871
Car -1 -1 4.5799 705.4711 173.0468 808.5388 255.0288 1.5658 1.6599 3.9102 3.0837 1.5705 15.7887 4.7684 0.2307
Car -1 -1 4.4109 764.2627 156.0628 1004.8217 317.8202 1.5516 1.6070 3.5840 3.0254 1.3905 8.7294 4.7332 0.1598
Car -1 -1 1.4665 460.8084 174.5097 511.0458 212.2176 1.4463 1.6262 4.3123 -5.2344 1.5208 30.1718 1.2958 0.1591
Car -1 -1 -0.5032 782.0724 128.4547 1242.0000 308.5059 1.7219 1.7672 4.3501 4.2650 1.2973 7.8286 -0.0206 0.1444
Car -1 -1 4.6917 706.2715 168.1726 732.1066 193.6492 1.4854 1.4741 3.6299 6.6456 1.2124 43.9619 4.8404 0.1111
Car -1 -1 4.5922 775.5714 180.8325 838.9152 230.1823 1.4305 1.5387 3.5903 6.3310 1.7102 23.4097 4.8525 0.1049
Car -1 -1 1.5966 645.6597 179.8532 676.0590 210.3528 1.6643 1.6808 4.3224 3.0745 2.0995 42.6299 1.6675 0.0982
Car -1 -1 2.1328 294.7899 183.1842 442.9342 252.8645 1.4988 1.5935 4.1189 -5.9416 1.7931 18.3633 1.8235 0.0902
Car -1 -1 3.1149 567.1248 148.1626 979.2631 315.0258 1.5556 1.6556 3.9388 1.6465 1.3254 7.8770 3.3124 0.0799
Car -1 -1 4.4457 717.3750 152.8839 766.1007 184.0673 1.5574 1.6296 3.5468 6.8808 0.5600 37.8735 4.6239 0.0785
Car -1 -1 4.4310 632.1802 151.6673 884.2128 331.0496 1.5984 1.6987 4.1471 1.4287 1.4096 8.5915 4.5890 0.0773
Car -1 -1 1.2936 630.7983 184.5815 683.3668 215.4315 1.4425 1.6318 4.2374 2.4131 2.0915 37.6866 1.3564 0.0761
Car -1 -1 2.4026 643.2846 172.8873 709.5410 199.3022 1.5782 1.5979 4.1105 4.1962 1.5804 44.9913 2.4945 0.0720
Car -1 -1 4.5936 1011.3997 145.1582 1242.0000 332.7811 1.5649 1.7365 4.0721 5.6692 1.3339 8.2268 5.1800 0.0709
Car -1 -1 4.6480 650.4251 180.4007 737.0667 259.6601 1.5211 1.6470 3.8846 1.7714 1.7112 16.1983 4.7539 0.0704
Car -1 -1 1.7161 455.2763 172.0835 509.0824 214.9367 1.6177 1.6053 3.7157 -5.0701 1.5886 29.1159 1.5448 0.0692
Car -1 -1 4.9356 351.0850 184.9108 441.0639 247.2073 1.5449 1.6404 3.7573 -5.9633 1.9206 20.5597 4.6562 0.0684
Car -1 -1 1.6258 551.0239 189.1636 590.7450 224.7240 1.4446 1.5996 3.9965 -1.7218 2.2391 33.1477 1.5736 0.0632
Car -1 -1 1.3315 778.0797 135.4248 1054.2355 337.4127 1.5367 1.6179 3.5950 2.7700 1.2519 7.3627 1.6775 0.0603
Car -1 -1 1.7998 648.5524 176.1567 689.0978 203.2693 1.5519 1.6126 3.9193 3.6536 1.7627 43.9277 1.8817 0.0575
Car -1 -1 -0.3945 721.1288 153.7200 808.2749 183.7835 1.5325 1.6289 4.1782 8.1383 0.5571 37.9664 -0.1851 0.0566
Car -1 -1 2.9246 625.7576 175.4859 690.1335 200.8779 1.5077 1.5703 3.6742 2.9361 1.6725 44.1155 2.9902 0.0564
Car -1 -1 4.6530 694.5555 166.6676 724.7032 192.4912 1.4787 1.5652 3.6744 5.9530 1.1245 43.2082 4.7886 0.0564
Car -1 -1 4.6601 596.8793 128.3521 809.9788 337.0987 1.6063 1.6433 3.9962 0.8217 1.2639 7.5890 4.7625 0.0557
Car -1 -1 1.5981 656.9572 183.7504 690.2885 214.8977 1.4770 1.6268 3.7714 3.3759 2.0739 37.5592 1.6864 0.0550
Car -1 -1 0.0407 436.8432 173.6588 528.0269 212.6500 1.5135 1.5662 3.5229 -5.0701 1.5470 29.0555 -0.1310 0.0529
Car -1 -1 1.6861 539.0935 179.2847 570.1780 202.6203 1.4774 1.6338 4.1366 -3.6814 1.9323 48.9391 1.6110 0.0525