Car -1 -1 2.7030 1033.8483 175.2672 1242.0000 246.4916 1.4363 1.6091 4.1540 11.8885 1.4932 15.8258 3.3379 0.9448
Car -1 -1 4.4610 581.6819 177.2625 625.8043 206.0229 1.4605 1.5494 3.5718 -0.3623 1.7115 39.1567 4.4513 0.9063
Car -1 -1 2.9598 819.4432 180.9481 1011.5672 250.4502 1.4744 1.6418 3.8672 6.9561 1.6760 16.7807 3.3458 0.8956
Car -1 -1 4.4964 650.5906 175.8123 727.6613 227.7915 1.6109 1.7022 4.4796 2.6372 1.7227 24.9467 4.5998 0.8274
Car -1 -1 3.9834 947.5130 182.9948 1242.0000 375.0000 1.4384 1.5841 3.9018 3.0550 1.5077 2.9601 4.7356 0.5034
Car -1 -1 2.4801 532.6595 175.3876 589.8656 196.2747 1.4986 1.6487 4.1545 -3.6010 1.6961 54.2516 2.4138 0.3797
Car -1 -1 2.2699 704.3150 169.3092 755.8826 190.1807 1.6046 1.6771 4.3073 9.6347 1.3321 57.5093 2.4347 0.2893
Car -1 -1 1.9485 774.0532 173.1853 825.3422 198.8674 1.4500 1.5923 3.9872 11.3374 1.4707 42.8704 2.2050 0.2668
Car -1 -1 -0.7134 727.0151 164.8241 806.5773 195.5473 1.6729 1.7233 4.3665 8.9708 1.2357 41.0921 -0.5002 0.2418
Car -1 -1 5.6370 0.0000 197.3488 165.2191 375.0000 1.4799 1.5420 3.7756 -3.7414 1.6412 2.8314 4.7594 0.2414
Car -1 -1 5.0629 791.6666 170.8183 832.5723 193.5931 1.6394 1.6577 4.0728 15.2138 1.4928 54.0749 5.3354 0.2012
Car -1 -1 4.4901 654.9875 172.8637 687.3848 193.0446 1.4720 1.5906 4.0452 4.6333 1.4728 54.7455 4.5737 0.1476
Car -1 -1 -0.7212 658.7488 171.3685 715.0986 191.9851 1.4988 1.6283 4.1866 5.8461 1.3908 54.3259 -0.6149 0.1272
Car -1 -1 0.8568 752.7458 174.6292 814.6018 200.4693 1.4388 1.5793 3.5634 10.1763 1.5478 42.3867 1.0904 0.1136
Car -1 -1 4.0519 0.0000 194.6476 165.2081 375.0000 1.4704 1.5870 4.0339 -4.9534 1.6190 4.0199 3.1955 0.1125
Car -1 -1 4.3350 736.6915 161.4779 778.7563 187.2077 1.6955 1.6105 3.5836 10.1074 0.9458 49.4519 4.5352 0.1124
Car -1 -1 5.1413 0.0000 181.6302 234.2733 375.0000 1.4759 1.6375 3.9514 -3.9822 1.5609 4.8778 4.4828 0.1074
Car -1 -1 5.3435 617.4251 173.7016 667.1369 197.4428 1.6018 1.6216 3.7035 2.3348 1.6637 50.7723 5.3888 0.1065
Car -1 -1 5.4336 549.0612 166.1310 597.6127 187.4043 1.7104 1.7699 4.1096 -2.9851 1.1699 60.1716 5.3840 0.0953
Car -1 -1 1.2010 634.7249 177.7212 679.1354 201.8495 1.4934 1.6033 3.9422 3.0770 1.8290 47.6357 1.2646 0.0898
Car -1 -1 4.3236 1110.9084 161.8034 1242.0000 227.4552 1.5476 1.5108 3.6643 14.7982 1.2871 18.9746 4.9781 0.0802
Car -1 -1 4.2267 711.6006 162.7390 770.5643 190.5755 1.5161 1.6559 3.9829 7.4878 0.9652 41.4472 4.4039 0.0796
Car -1 -1 3.9613 0.0000 181.6302 56.8162 322.1075 1.4670 1.5923 3.9717 -9.0693 1.5800 8.4657 3.1573 0.0777
Car -1 -1 5.4618 0.0000 195.8016 111.6168 375.0000 1.4778 1.5962 3.7169 -7.6285 1.7923 8.0277 4.7184 0.0777
Car -1 -1 1.7486 622.8332 179.6996 660.8439 206.5425 1.5460 1.6612 4.0974 2.0543 1.9922 44.8504 1.7935 0.0766
Car -1 -1 4.6005 743.8832 166.5593 769.4890 187.8727 1.7263 1.6567 4.0439 12.3049 1.2164 60.5270 4.7999 0.0730
Car -1 -1 4.9508 0.0000 179.1531 328.6797 375.0000 1.5145 1.5915 3.7971 -2.0425 1.5576 2.8790 4.3747 0.0700
Car -1 -1 1.5771 701.7482 176.4471 725.1178 199.5812 1.5197 1.5436 3.9052 7.2179 1.7793 50.0795 1.7190 0.0696
Car -1 -1 4.6358 688.1889 170.3265 726.9070 201.1345 1.5042 1.6676 4.0309 5.0087 1.3808 37.2879 4.7678 0.0634
Car -1 -1 4.7665 769.3503 154.2311 822.6726 200.7064 1.4875 1.6002 3.7689 6.5517 0.8914 25.1316 5.0184 0.0612
Car -1 -1 4.0515 753.0355 165.4734 798.1576 186.3432 1.6185 1.6416 3.6364 13.2946 1.0461 57.9503 4.2757 0.0612
Car -1 -1 -0.7564 616.7739 165.7339 665.8329 183.4217 1.5454 1.7352 4.4474 2.8934 0.9233 65.1512 -0.7124 0.0592
Car -1 -1 0.4634 0.0000 175.1775 118.5551 375.0000 1.5081 1.5831 4.0693 -4.4438 1.5225 2.7963 -0.5023 0.0582
Car -1 -1 -0.6677 702.8221 169.5032 776.4872 197.2743 1.4866 1.6052 3.8861 7.2674 1.3072 40.2478 -0.4907 0.0579
Car -1 -1 -0.1846 801.4261 169.3122 864.3280 191.0955 1.5504 1.6654 4.1271 16.1758 1.2983 52.4132 0.1129 0.0546
Car -1 -1 -0.6654 707.1860 168.1214 761.9797 189.3942 1.6869 1.7556 4.2350 10.2309 1.3116 58.9937 -0.4948 0.0543
Car -1 -1 2.0610 692.5651 169.9276 735.9236 191.8912 1.6421 1.6625 3.9654 8.1633 1.4233 56.0362 2.2046 0.0536
Car -1 -1 3.0509 631.0808 176.5560 765.1033 225.5109 1.6273 1.7078 4.4719 2.9870 1.7604 25.0335 3.1675 0.0528
Car -1 -1 1.3441 556.9098 184.4527 592.4489 208.5260 1.4813 1.5569 3.8359 -2.3818 2.2931 48.4395 1.2947 0.0526
Car -1 -1 4.4974 838.9137 181.4159 1242.0000 375.0000 1.4973 1.5890 3.7911 1.8000 1.5564 2.9338 5.0031 0.0525
Car -1 -1 1.7457 644.3130 180.2545 682.2899 206.4557 1.4837 1.6435 4.0440 3.3415 1.9596 44.2413 1.8200 0.0521
Car -1 -1 0.1914 617.2621 185.8528 685.8752 212.1450 1.4804 1.6574 3.8538 2.5290 2.2812 43.1689 0.2489 0.0520
Car -1 -1 5.1203 0.0000 190.0553 163.4803 333.7427 1.4849 1.6185 3.9442 -7.8434 1.7752 10.0694 4.4712 0.0517
Car -1 -1 2.9800 799.9778 156.4370 936.9853 204.3776 1.4728 1.5897 3.9510 8.2515 0.9684 23.2924 3.3162 0.0514
Car -1 -1 4.4726 781.6363 171.8150 815.5142 192.9465 1.5214 1.5835 3.7885 14.0628 1.4466 53.8534 4.7264 0.0512
Car -1 -1 1.1149 882.4261 179.0308 1242.0000 375.0000 1.4321 1.6303 3.8545 3.0594 1.4878 4.5025 1.6810 0.0503