Car -1 -1 4.7537 580.9462 177.4084 615.2168 207.5732 1.3901 1.5425 3.5313 -0.5245 1.6259 35.5747 4.7385 0.8524
Car -1 -1 4.6531 536.6493 176.9795 568.0596 203.9641 1.5178 1.6461 3.8913 -3.4684 1.7768 43.2503 4.5731 0.7433
Car -1 -1 4.4063 472.7908 168.2641 516.8797 193.6649 1.5123 1.6211 3.8909 -7.2067 1.2390 45.0609 4.2483 0.2533
Car -1 -1 4.5157 508.8336 167.6982 540.2801 189.2260 1.5835 1.6418 3.9841 -6.5413 1.2043 55.2219 4.3980 0.2066
Car -1 -1 4.4165 489.1064 166.0181 529.8516 191.0229 1.6279 1.6471 4.0197 -6.8582 1.1829 49.1443 4.2783 0.1364
Car -1 -1 5.2946 489.7249 166.9734 547.5350 193.3849 1.5742 1.6456 4.0235 -5.6354 1.2237 45.1751 5.1709 0.1157
Car -1 -1 4.7035 606.1358 167.3551 625.2220 186.8375 1.6989 1.6644 3.5660 0.5318 1.2194 64.7017 4.7113 0.1148
Car -1 -1 -0.2309 563.4163 188.9892 634.7631 217.1525 1.4556 1.6331 3.6733 -0.5967 2.3768 39.9539 -0.2464 0.0939
Car -1 -1 1.7915 471.5316 167.3568 514.1522 193.8978 1.5063 1.6318 4.1676 -6.9087 1.1943 43.0796 1.6331 0.0606
Car -1 -1 4.8747 487.8361 166.8173 523.5661 192.6098 1.5215 1.5972 3.6886 -6.3491 1.1654 44.4240 4.7332 0.0602
Car -1 -1 4.6229 492.2639 164.4469 524.5025 190.8768 1.6191 1.6793 4.2741 -6.5587 1.1041 46.4724 4.4832 0.0574
Car -1 -1 4.7669 522.4787 173.4066 554.7454 200.7881 1.5739 1.7023 4.5217 -4.2614 1.6092 43.8609 4.6702 0.0554
Car -1 -1 4.0994 452.9977 167.9754 515.8318 193.0681 1.5319 1.6988 4.4794 -8.0619 1.2341 46.2352 3.9275 0.0506
Car -1 -1 4.8351 533.9023 187.0220 565.2825 211.9887 1.4982 1.6104 3.6596 -3.8896 2.4629 47.2708 4.7529 0.0503