Car -1 -1 4.5931 685.0320 185.0025 793.9160 276.2802 1.5238 1.6664 3.6981 2.4563 1.7985 14.4318 4.7572 0.9153
Car -1 -1 4.4631 716.4952 187.6661 886.0464 328.8511 1.5292 1.4628 2.7746 2.3640 1.7530 9.5060 4.6981 0.9140
Car -1 -1 3.5604 143.8240 172.3583 386.4741 244.0177 1.4433 1.6074 4.3938 -7.1939 1.4333 15.3642 3.1288 0.9138
Car -1 -1 4.8544 514.4052 176.2670 565.6057 215.1030 1.4751 1.5655 3.8020 -2.7954 1.6247 29.6840 4.7608 0.8179
Car -1 -1 1.7036 466.6754 171.6853 541.3817 231.3697 1.6217 1.6757 4.0183 -3.0577 1.5899 21.6193 1.5642 0.7971
Car -1 -1 1.4735 631.6998 175.5425 663.7066 200.2883 1.5121 1.6961 3.7184 2.4125 1.6920 46.3975 1.5246 0.7662
Car -1 -1 2.2894 0.0000 188.3146 247.3436 367.3843 1.4137 1.5993 3.9718 -6.0086 1.6313 8.1043 1.6668 0.1905
Car -1 -1 5.4622 0.0000 0.0000 1242.0000 375.0000 1.5913 1.6291 3.7419 -2.7350 1.6871 1.8094 4.5432 0.1787
Car -1 -1 4.7356 691.1325 178.9890 718.0637 204.4561 1.4692 1.5642 3.6835 5.8933 1.8641 44.5012 4.8659 0.1635
Car -1 -1 4.8790 510.1515 163.1596 535.2043 181.7792 1.6483 1.6418 3.9117 -7.8980 0.7901 65.8676 4.7600 0.1574
Car -1 -1 1.9033 546.1015 175.0131 576.1782 193.0258 1.5790 1.5590 3.8673 -4.3821 1.7821 65.8169 1.8367 0.1059
Car -1 -1 3.5103 495.5306 163.2809 543.6004 180.5735 1.5259 1.6075 3.9808 -8.0888 0.6812 64.9325 3.3867 0.1034
Car -1 -1 1.5724 690.0298 179.3476 718.1455 205.6472 1.4563 1.5876 4.0114 5.6422 1.8629 43.0798 1.7012 0.0922
Car -1 -1 1.8401 545.1096 180.1487 581.2509 203.5431 1.5363 1.5785 3.7904 -3.2137 2.0688 50.6572 1.7766 0.0872
Car -1 -1 4.7519 0.0000 188.7013 705.3555 375.0000 1.5402 1.5760 3.6744 -1.3650 1.6355 2.3412 4.2686 0.0845
Car -1 -1 -0.2855 711.1176 182.9852 966.7992 271.3990 1.5088 1.6288 4.2065 4.0911 1.7075 13.3278 0.0052 0.0800
Car -1 -1 3.9566 465.5505 163.8589 516.5204 183.9813 1.7022 1.7099 4.6005 -10.3926 0.9413 63.1130 3.7939 0.0787
Car -1 -1 4.7293 525.3209 179.1950 565.8101 218.0403 1.5475 1.6480 4.0341 -2.7545 1.8425 31.4908 4.6421 0.0756
Car -1 -1 4.2543 515.2559 168.5970 557.5729 189.3658 1.6058 1.6923 4.2199 -5.9213 1.2766 58.0236 4.1527 0.0738
Car -1 -1 4.7182 457.0721 167.5703 493.1942 201.4409 1.4854 1.5641 3.5142 -6.2265 1.2536 33.5096 4.5355 0.0737
Car -1 -1 -0.4278 682.2974 178.9174 753.1907 204.2602 1.4676 1.6019 3.9396 6.5453 1.8461 43.7274 -0.2807 0.0736
Car -1 -1 5.0309 455.9909 158.8818 503.1197 185.0440 1.5073 1.6190 4.0336 -7.8090 0.7023 43.6818 4.8548 0.0706
Car -1 -1 3.4561 440.9919 173.6796 552.6674 213.4109 1.5120 1.6025 4.0811 -4.4364 1.5460 28.6244 3.3033 0.0664
Car -1 -1 3.0675 612.9185 174.8743 679.2127 199.5011 1.5504 1.7089 4.1478 2.3148 1.6831 46.4798 3.1165 0.0663
Car -1 -1 4.4153 770.2758 169.6514 829.2539 204.9691 1.5074 1.5651 3.6563 8.5354 1.3707 32.6564 4.6683 0.0654
Car -1 -1 3.4706 448.4717 157.0725 521.8599 182.6382 1.4693 1.5649 3.9728 -7.3136 0.5623 42.5567 3.3013 0.0622
Car -1 -1 1.4361 626.6520 176.0333 662.1248 202.6714 1.5677 1.6803 4.0185 2.1265 1.7753 45.0353 1.4825 0.0578
Car -1 -1 3.4620 0.0000 194.5338 246.5752 375.0000 1.4418 1.5444 3.9188 -5.8016 1.6944 7.0062 2.7887 0.0567
Car -1 -1 4.9912 494.3885 163.2814 538.1703 190.1582 1.5519 1.5953 3.9712 -5.5994 0.9991 43.7448 4.8644 0.0561
Car -1 -1 0.1703 436.6802 172.0795 580.9663 228.1464 1.6038 1.6699 4.0386 -2.9321 1.5817 21.5472 0.0360 0.0545
Car -1 -1 2.8225 722.7604 173.0351 826.8009 208.5869 1.4929 1.5554 4.1162 7.1221 1.5010 31.2835 3.0438 0.0539
Car -1 -1 -0.5360 742.9435 178.6857 1151.1074 330.6909 1.6060 1.6766 4.2820 3.9622 1.6861 8.8107 -0.1269 0.0520
Car -1 -1 2.0261 708.8849 179.2584 762.7331 205.2796 1.4564 1.6147 3.9781 7.6528 1.8610 43.4949 2.1986 0.0517
Car -1 -1 4.9521 575.8106 159.8575 644.7285 204.0169 1.4949 1.6256 3.9952 0.1094 1.0549 26.5597 4.9557 0.0517