Car -1 -1 2.1175 146.6182 188.5896 257.1123 234.1991 1.5189 1.6894 4.2855 -15.4927 2.1705 27.7046 1.6114 0.9164
Car -1 -1 1.8622 341.1914 181.4243 395.4004 210.1097 1.4859 1.7296 4.3262 -13.5835 1.9973 40.8694 1.5429 0.8400
Car -1 -1 1.6040 241.2699 182.8904 261.3453 200.7266 1.5782 1.5661 4.0014 -33.9338 2.5595 68.4046 1.1448 0.1982
Car -1 -1 4.8672 137.3772 184.4123 181.8810 214.7426 1.5873 1.6149 3.5575 -25.6325 2.2786 41.2025 4.3134 0.1263
Car -1 -1 3.0988 89.3727 187.8089 170.1548 218.2730 1.5282 1.6202 3.6313 -26.3135 2.3848 39.6058 2.5153 0.1172
Car -1 -1 4.8620 406.5049 169.7240 441.8577 195.1531 1.5458 1.6312 3.7078 -11.7165 1.3555 45.7871 4.6126 0.1022
Car -1 -1 1.5517 242.5109 194.4360 280.7221 227.6210 1.4710 1.6754 3.9020 -17.8015 2.6369 36.8590 1.1043 0.0835
Car -1 -1 1.8742 199.3845 187.8080 271.8641 227.4889 1.4693 1.6022 3.8607 -15.5953 2.1393 30.2899 1.4020 0.0823
Car -1 -1 4.5384 475.3063 168.3814 505.4782 189.7712 1.6223 1.6689 4.0687 -9.4355 1.2831 56.9223 4.3746 0.0803
Car -1 -1 1.6459 136.9977 199.2121 188.2841 237.2679 1.4961 1.7145 3.8808 -20.6237 2.7943 33.4180 1.0963 0.0751
Car -1 -1 1.6351 426.6887 164.0548 458.3676 190.8346 1.5973 1.6687 4.0218 -10.4066 1.0725 45.1551 1.4096 0.0714
Car -1 -1 1.2563 193.5672 195.3846 257.6313 229.1783 1.4650 1.6984 3.8857 -19.1144 2.6460 35.8579 0.7693 0.0698
Car -1 -1 5.1026 423.3833 181.5019 471.6453 208.9872 1.5477 1.6431 3.4810 -9.7508 2.0931 43.6520 4.8836 0.0695
Car -1 -1 1.5819 453.3032 166.4858 479.9782 192.2259 1.6769 1.7104 3.8712 -9.6911 1.2620 49.0645 1.3877 0.0665
Car -1 -1 1.6548 100.0040 200.1701 154.7910 239.1128 1.4730 1.7031 3.9275 -21.5799 2.7809 32.4147 1.0710 0.0638
Car -1 -1 1.9715 428.9071 162.3535 482.9453 191.4174 1.7650 1.7890 4.4238 -9.7537 1.1273 46.1598 1.7642 0.0636
Car -1 -1 1.7115 229.3219 180.5631 256.9517 199.4877 1.5935 1.6513 4.0437 -32.8209 2.3082 64.7112 1.2436 0.0592
Car -1 -1 1.5491 136.0547 192.3390 174.2962 225.9131 1.5830 1.6583 4.1860 -24.4581 2.6899 38.7838 0.9893 0.0583
Car -1 -1 1.3764 485.8413 168.2432 515.1893 189.8680 1.7427 1.6680 4.0896 -9.1543 1.3711 60.3524 1.2262 0.0564
Car -1 -1 4.8087 414.3206 182.8165 446.8958 210.7158 1.5554 1.5646 3.5142 -10.7220 2.1802 43.4000 4.5675 0.0554
Car -1 -1 0.2973 402.9262 163.8404 477.1968 190.1586 1.5937 1.7064 4.1597 -10.4609 1.0479 44.6864 0.0685 0.0549
Car -1 -1 1.7250 203.9234 195.7791 258.0610 231.1217 1.4413 1.6966 3.7417 -17.8252 2.5904 34.1204 1.2464 0.0512