Car -1 -1 -0.3617 902.9625 161.9469 1056.1885 208.7519 1.4995 1.6321 4.2351 12.4787 0.9049 23.7138 0.1189 0.8929
Car -1 -1 1.9734 242.8489 178.5537 325.6148 218.3219 1.6762 1.7275 4.6059 -14.3929 1.5939 32.1159 1.5574 0.8622
Car -1 -1 1.5480 436.7804 173.5174 468.3541 200.8884 1.4535 1.6480 3.9260 -8.5321 1.0823 39.6457 1.3395 0.8150
Car -1 -1 5.4587 0.0000 156.7543 302.1232 370.0000 1.5958 1.6079 3.9602 -3.2487 1.5442 3.5543 4.7633 0.4710
Car -1 -1 1.7628 365.9134 172.1146 405.8488 200.1050 1.6833 1.6370 4.1103 -13.7185 1.1786 44.6479 1.4684 0.3872
Car -1 -1 1.7072 0.0000 194.1696 18.7341 225.0776 1.4903 1.6361 3.6144 -32.6234 2.2585 37.7898 1.0007 0.2293
Car -1 -1 4.9198 5.0584 187.7894 53.4143 213.3828 1.4647 1.5659 3.6995 -35.3870 1.9346 43.6097 4.2433 0.2187
Car -1 -1 0.8862 974.0081 148.6430 1131.9200 213.7890 1.4597 1.5630 3.2944 10.9894 0.7458 17.5789 1.4386 0.1901
Car -1 -1 5.0890 0.0000 188.3530 337.5399 370.0000 1.5104 1.7131 4.3643 -3.2758 1.5925 5.1042 4.5477 0.1704
Car -1 -1 1.7104 237.2668 182.6169 295.5491 223.5400 1.6305 1.6899 4.1183 -14.5305 1.7285 30.6165 1.2729 0.1365
Car -1 -1 -0.4942 974.3658 143.7669 1169.9193 203.6311 1.4747 1.6159 3.9504 12.0345 0.5697 18.3801 0.0794 0.1261
Car -1 -1 4.2308 0.0000 197.1500 61.4848 254.9761 1.4333 1.6867 4.0400 -17.5165 1.9386 19.9347 3.5193 0.1167
Car -1 -1 4.4328 874.3664 147.0207 917.2295 173.7346 1.6887 1.6969 3.7473 19.5969 -0.4750 47.6418 4.8226 0.0980
Car -1 -1 5.3300 0.0000 192.9960 98.9052 237.6558 1.4208 1.6619 4.6004 -21.0604 1.9240 26.1445 4.6594 0.0970
Car -1 -1 1.9644 91.5193 186.3846 142.7462 209.0806 1.4762 1.5529 3.8551 -33.7362 1.9013 49.0926 1.3669 0.0902
Car -1 -1 1.3579 67.5597 185.9419 111.8680 209.3404 1.4928 1.6514 3.9301 -34.8941 1.8762 47.9351 0.7334 0.0863
Car -1 -1 0.9777 1036.7788 177.2188 1147.2098 219.8798 1.4138 1.6162 3.3512 17.1966 1.3048 25.1101 1.5739 0.0856
Car -1 -1 3.8158 351.6257 173.6613 416.1655 199.6960 1.5713 1.5556 3.6791 -13.7229 1.1582 44.0732 3.5178 0.0850
Car -1 -1 4.4904 852.7810 163.7689 906.1382 196.0035 1.5059 1.6299 3.9375 13.5916 0.7240 35.0975 4.8586 0.0819
Car -1 -1 2.9942 1041.3959 170.7560 1193.5966 214.3037 1.4613 1.6524 4.2222 18.2771 1.1341 25.4216 3.6132 0.0790
Car -1 -1 1.0479 946.0480 146.7005 1086.0599 209.7381 1.5250 1.6219 3.6097 10.8437 0.7072 18.9161 1.5630 0.0785
Car -1 -1 1.7812 0.0000 194.9794 59.0358 228.2905 1.4776 1.6525 3.9807 -28.7732 2.2458 35.3800 1.1043 0.0778
Car -1 -1 1.8605 63.8542 182.5044 116.3675 207.2082 1.5128 1.6388 4.0706 -33.2433 1.6485 45.8434 1.2380 0.0766
Car -1 -1 3.7030 0.0000 199.8999 16.2387 265.3229 1.4611 1.5969 3.9856 -17.4840 1.9790 17.6900 2.9339 0.0756
Car -1 -1 2.8867 871.5464 148.2186 944.3511 172.9045 1.5884 1.6645 4.1923 20.2820 -0.5211 47.3289 3.2910 0.0678
Car -1 -1 5.0145 18.9885 194.2375 548.7289 370.0000 1.5133 1.6603 4.0732 -1.4305 1.6470 4.8198 4.7449 0.0676
Car -1 -1 1.7270 0.0000 192.8845 49.6050 223.4569 1.5118 1.6971 3.6844 -31.6790 2.2232 38.6183 1.0455 0.0665
Car -1 -1 4.2269 335.7134 176.0833 393.4010 202.3393 1.5584 1.6625 4.1559 -14.9408 1.2959 44.0033 3.9035 0.0651
Car -1 -1 1.9742 0.0000 199.7327 47.1417 263.8524 1.4303 1.6344 3.7442 -16.7924 2.0029 19.0233 1.2608 0.0650
Car -1 -1 0.6976 0.0000 175.1362 383.1353 370.0000 1.5722 1.5682 3.9443 -3.3480 1.5507 3.6211 -0.0043 0.0641
Car -1 -1 4.2210 851.7651 147.8823 903.5441 173.6483 1.6481 1.6769 3.8516 18.6274 -0.4882 48.3134 4.5887 0.0608
Car -1 -1 2.1103 184.8854 180.7029 257.3575 210.5423 1.5661 1.6698 4.0534 -21.1315 1.5776 39.2022 1.6209 0.0605
Car -1 -1 2.0233 124.5037 180.8537 181.0679 204.5029 1.5213 1.6220 3.9675 -30.3029 1.5457 47.6050 1.4611 0.0602
Car -1 -1 1.6427 59.8125 188.2122 110.7844 222.7759 1.4364 1.5938 3.5293 -23.5280 1.8079 32.1607 1.0174 0.0578
Car -1 -1 5.1923 273.3026 174.3085 420.8507 250.3950 1.5005 1.5308 3.7096 -5.5971 1.3783 15.8921 4.8618 0.0563
Car -1 -1 5.6720 0.0000 0.0000 161.9813 370.0000 1.6054 1.6824 4.1419 -3.7071 1.4746 2.4374 4.7434 0.0559
Car -1 -1 4.3578 0.0000 192.5051 43.6253 249.2152 1.4846 1.6238 4.1601 -18.5896 1.8689 20.9409 3.6409 0.0559
Car -1 -1 1.2797 1009.6058 157.0280 1071.1517 190.1171 1.5193 1.5636 3.6196 21.1512 0.4413 34.4145 1.8284 0.0551
Car -1 -1 4.9031 0.0000 193.6196 83.8376 250.5787 1.4859 1.6479 3.8059 -17.1793 1.9224 21.4670 4.2369 0.0548
Car -1 -1 4.4354 884.6691 161.4614 972.3187 209.1991 1.5752 1.7210 4.4047 11.6188 0.9468 25.6342 4.8580 0.0547
Car -1 -1 1.7695 0.0000 189.1804 36.4646 219.1067 1.5713 1.6162 4.1857 -34.1301 2.0971 40.6395 1.0763 0.0540
Car -1 -1 1.8806 368.3896 174.3340 413.1540 200.7780 1.5625 1.5762 3.7044 -13.1096 1.1978 43.6463 1.5925 0.0535
Car -1 -1 1.6369 235.6961 181.1768 289.3901 225.8330 1.6995 1.6923 4.2023 -14.0393 1.7294 29.2421 1.1951 0.0532
Car -1 -1 1.4218 1004.1807 161.7779 1078.4207 208.2392 1.4759 1.5998 3.9579 15.0969 0.8810 24.5952 1.9683 0.0530
Car -1 -1 1.6302 0.0000 194.3962 21.2687 231.1333 1.4544 1.6699 4.1486 -27.3979 2.1212 31.7840 0.9253 0.0528
Car -1 -1 1.6360 318.3846 183.3457 357.4448 214.4636 1.4590 1.5701 3.8662 -13.3465 1.6103 35.6062 1.2819 0.0513
Car -1 -1 2.3309 2.9885 188.7557 82.7494 215.2251 1.4957 1.5247 3.9244 -34.2163 2.0238 43.2414 1.6666 0.0503
Car -1 -1 1.1063 0.0000 197.4006 35.6960 230.6246 1.4682 1.6822 3.6692 -29.5971 2.3220 34.2473 0.3997 0.0501