Car -1 -1 4.6457 558.3312 178.7318 720.1726 322.4798 1.4533 1.6902 4.2872 0.2133 1.5497 9.6539 4.6656 0.9344
Car -1 -1 1.4761 450.5842 178.0008 473.9324 196.8078 1.4915 1.5581 3.8631 -12.3637 1.9374 60.4338 1.2748 0.2519
Car -1 -1 1.5027 582.7177 173.0051 639.1217 223.4276 1.4408 1.4887 3.9903 -0.0330 1.4459 22.6718 1.5006 0.2485
Car -1 -1 4.3305 629.6777 164.4252 680.5095 193.3454 1.6937 1.6898 4.1696 2.7480 1.2000 44.5005 4.3914 0.2005
Car -1 -1 4.7737 645.2643 159.0124 676.5683 186.7838 1.5294 1.5832 3.6002 2.9991 0.7671 41.6237 4.8449 0.1809
Car -1 -1 3.0388 534.8473 174.9424 666.5667 224.4746 1.4588 1.4518 3.9365 -0.3181 1.5260 22.2819 3.0239 0.1664
Car -1 -1 4.6892 644.7178 162.1381 676.0696 192.0255 1.5650 1.6254 4.0792 2.7629 1.0039 39.8565 4.7575 0.1360
Car -1 -1 4.8524 629.6631 168.4893 653.9731 186.7023 1.6390 1.7092 4.0529 3.0301 1.2463 67.0825 4.8970 0.1275
Car -1 -1 1.6200 641.7982 213.8129 727.3010 298.7891 1.4219 1.6710 3.8456 1.7603 2.4487 16.0581 1.7256 0.1237
Car -1 -1 1.4334 691.7314 215.2651 800.6401 303.6080 1.4467 1.7601 3.8545 2.8162 2.4818 15.6529 1.6065 0.1057
Car -1 -1 4.3997 627.6082 159.7682 678.5060 186.7840 1.5135 1.6918 4.5442 2.5122 0.7804 42.8346 4.4577 0.0854
Car -1 -1 4.8274 676.3250 176.9831 714.7379 207.2286 1.5132 1.6139 3.8863 4.6618 1.7469 38.7442 4.9457 0.0713
Car -1 -1 -0.5634 643.6052 171.2967 716.3784 197.8027 1.5701 1.6737 4.2196 4.3479 1.4778 44.4366 -0.4670 0.0702
Car -1 -1 2.9957 580.2262 171.2318 711.0271 218.0813 1.4175 1.5202 3.9426 1.0880 1.3684 22.7826 3.0422 0.0699
Car -1 -1 -0.1933 626.1525 164.7606 697.3273 193.5027 1.7145 1.6887 4.0922 3.1623 1.2317 44.1284 -0.1225 0.0672
Car -1 -1 4.1390 635.8901 183.7443 891.6619 318.3358 1.4325 1.5948 3.8504 1.8981 1.6164 10.1005 4.3181 0.0623
Car -1 -1 1.7552 452.1748 177.2392 481.2163 196.7948 1.5282 1.6010 4.1884 -11.7247 1.9021 59.4297 1.5609 0.0607
Car -1 -1 4.9188 652.7867 168.0863 697.2960 197.1111 1.4902 1.6074 4.0787 3.6132 1.2454 39.2303 5.0096 0.0589
Car -1 -1 -0.0944 664.7053 182.2588 722.8418 205.7450 1.5762 1.4843 3.8631 5.7844 2.2359 49.8298 0.0199 0.0582
Car -1 -1 1.5189 534.1655 190.5232 567.4426 221.8371 1.4186 1.4977 3.6639 -3.0334 2.3658 36.7653 1.4365 0.0573
Car -1 -1 4.8434 562.6808 176.9400 590.5205 199.4648 1.5452 1.5388 3.6754 -2.3450 1.8508 52.0817 4.7982 0.0546
Car -1 -1 4.5758 637.6378 168.9258 676.3646 198.0408 1.4784 1.5676 3.6984 2.4860 1.2789 38.5392 4.6393 0.0529
Car -1 -1 1.7029 440.8517 175.7796 468.7169 197.4509 1.6514 1.6424 4.1383 -12.3326 1.8939 57.6840 1.4929 0.0528
Car -1 -1 4.6241 679.9879 163.9551 706.7669 187.2227 1.7554 1.7186 4.1543 6.5284 1.0840 56.5344 4.7382 0.0519