Car -1 -1 2.6280 925.3073 146.6134 1056.3579 187.5839 1.3995 1.4982 3.8141 13.5738 0.2417 24.9362 3.1230 0.8895
Car -1 -1 4.7774 518.4679 176.3903 553.1568 203.9057 1.4473 1.6549 3.7616 -3.7281 1.2308 39.0946 4.6848 0.8604
Car -1 -1 4.1804 918.8632 138.0857 994.7029 171.9620 1.5349 1.6319 3.8314 17.3599 -0.4468 34.9998 4.6392 0.2346
Car -1 -1 1.6341 912.4670 171.0475 947.4346 198.0409 1.4752 1.5971 3.7094 18.7671 0.9583 40.6523 2.0652 0.2201
Car -1 -1 4.6848 909.3948 157.5079 933.5980 179.5993 1.6803 1.6424 3.7514 25.1023 -0.0745 55.9940 5.1058 0.1456
Car -1 -1 2.6815 895.8903 171.6432 975.3626 198.4389 1.4819 1.6163 3.7376 18.6926 0.9917 39.9550 3.1176 0.1216
Car -1 -1 0.5707 918.3946 154.4333 992.2266 181.9658 1.8037 1.8373 4.2199 24.0728 0.0956 48.6006 1.0298 0.1183
Car -1 -1 0.1211 912.0084 171.8223 990.7751 199.7201 1.4831 1.6179 3.7631 19.2808 1.0214 39.2908 0.5757 0.1181
Car -1 -1 4.2985 512.0720 164.0334 553.7472 187.0374 1.6855 1.6831 4.0531 -5.4741 0.4785 53.9853 4.1998 0.1106
Car -1 -1 0.9760 870.4872 167.2614 950.8881 199.7596 1.4547 1.5838 3.9196 14.5225 0.8618 33.7223 1.3809 0.1099
Car -1 -1 3.0072 912.4837 163.1021 1016.7672 197.8217 1.4935 1.6416 3.9946 16.1318 0.7448 31.8419 3.4738 0.1024
Car -1 -1 0.5984 1009.9067 168.0310 1138.5786 210.2874 1.4572 1.5964 3.7504 17.4390 1.0270 26.4208 1.1779 0.0999
Car -1 -1 4.5345 908.8958 164.4883 943.7156 187.0876 1.5602 1.6047 3.9384 23.1536 0.4543 50.9193 4.9606 0.0941
Car -1 -1 2.2779 880.2395 173.9990 953.0017 201.2728 1.4819 1.6141 3.9090 17.6835 1.1283 39.9909 2.6929 0.0900
Car -1 -1 1.1476 915.7828 169.4902 978.3326 198.8573 1.5034 1.6198 3.7650 18.3963 0.9394 38.0976 1.5959 0.0862
Car -1 -1 1.7137 885.6259 177.7738 938.6532 211.9306 1.4350 1.6344 4.0412 13.9267 1.3202 31.8532 2.1237 0.0842
Car -1 -1 1.7665 493.1969 183.7197 529.9972 208.4602 1.4749 1.6102 3.6314 -5.7754 1.6856 44.5028 1.6399 0.0827
Car -1 -1 4.0935 891.9704 143.1983 974.6251 175.2106 1.4746 1.6209 4.1945 16.4237 -0.2826 35.5125 4.5253 0.0769
Car -1 -1 1.1861 868.8245 173.8681 938.4257 207.4014 1.4698 1.6062 3.9633 13.8750 1.1788 32.9821 1.5825 0.0724
Car -1 -1 1.2269 517.6787 174.7173 559.9567 198.1581 1.6135 1.7169 4.2156 -4.7484 1.2150 50.9403 1.1362 0.0706
Car -1 -1 4.0598 903.7197 155.5583 963.8957 180.7684 1.6796 1.6452 4.1005 22.9060 0.0174 49.2849 4.4942 0.0702
Car -1 -1 -1.0918 921.6613 157.2276 975.8941 181.2684 1.6383 1.6875 4.2519 24.4603 0.0519 50.1272 -0.6386 0.0694
Car -1 -1 4.2860 927.9913 154.8566 980.8345 180.4242 1.7021 1.7269 4.1467 24.2913 -0.0060 49.1839 4.7439 0.0689
Car -1 -1 1.4712 908.0050 169.7208 948.6559 199.2385 1.5015 1.6024 3.8590 17.3896 0.9528 38.0499 1.8984 0.0682
Car -1 -1 1.0635 898.4297 171.1877 974.0671 204.6387 1.4503 1.6369 3.5041 15.1601 1.0463 32.4618 1.4983 0.0680
Car -1 -1 2.5332 1003.0295 171.6581 1130.2627 210.7476 1.4831 1.6290 3.9562 18.0598 1.1474 27.7077 3.1072 0.0652
Car -1 -1 2.6437 876.9202 171.8526 979.1534 204.9910 1.4663 1.6420 3.9334 14.7247 1.0834 32.2444 3.0700 0.0646
Car -1 -1 1.8109 508.6787 183.2926 548.7173 208.1946 1.4823 1.6512 3.7455 -4.6947 1.6654 44.4957 1.7081 0.0620
Car -1 -1 4.6938 1044.4822 152.8473 1085.9259 186.0361 1.5878 1.6777 4.0696 23.4124 0.2645 35.9963 5.2682 0.0602
Car -1 -1 -0.6358 933.0212 139.0619 1027.9287 172.5337 1.5414 1.6136 3.8429 18.1503 -0.3974 34.1597 -0.1493 0.0573
Car -1 -1 0.9694 994.7374 173.8129 1094.9399 214.5938 1.4889 1.5541 3.5866 17.1087 1.2445 27.6444 1.5201 0.0566
Car -1 -1 1.3908 934.4795 150.4462 1030.8812 212.7318 1.5258 1.6170 3.9573 10.2696 0.7894 19.4500 1.8717 0.0531
Car -1 -1 4.3300 999.9426 157.4781 1067.4264 189.1535 1.5253 1.6108 3.8480 21.8219 0.4164 36.0742 4.8719 0.0516
Car -1 -1 1.1375 964.7816 147.8579 1090.0078 206.1021 1.4604 1.5362 3.7165 11.5951 0.6418 19.6513 1.6653 0.0515