Car -1 -1 5.0484 192.2462 189.6893 484.1812 374.6361 1.4894 1.6590 4.3308 -2.7257 1.7365 8.3988 4.7426 0.9653
Car -1 -1 4.3419 759.1088 189.3271 1187.2365 375.0000 1.4232 1.6548 3.9454 2.5106 1.6084 6.1429 4.7118 0.9642
Car -1 -1 4.5695 657.6039 181.5132 730.1614 234.1834 1.3975 1.6038 3.9852 2.4521 1.6837 21.8271 4.6791 0.9509
Car -1 -1 4.5261 637.7755 180.1524 687.3471 214.1141 1.4838 1.6205 4.1361 2.4739 1.8554 34.5945 4.5963 0.8828
Car -1 -1 4.6766 532.3748 181.1005 569.3946 216.0907 1.5700 1.6644 4.5530 -2.9704 2.0066 35.8453 4.5939 0.8691
Car -1 -1 4.8995 352.7880 187.5269 483.0145 284.3034 1.4402 1.5912 3.6853 -3.3346 1.7469 13.1943 4.6558 0.8253
Car -1 -1 5.2629 0.0000 210.3293 355.0282 375.0000 1.4111 1.5781 3.8436 -2.6823 1.7034 3.6712 4.6648 0.7822
Car -1 -1 4.8660 530.6495 170.0034 555.1257 186.6622 1.5214 1.6776 4.1684 -6.2517 1.2611 68.0299 4.7745 0.5531
Car -1 -1 4.5711 624.9875 171.9608 655.2341 197.8917 1.7676 1.6262 3.7365 2.1274 1.7067 51.1239 4.6120 0.4496
Car -1 -1 0.3038 391.0749 176.7706 480.9219 211.7336 1.6817 1.6324 4.0391 -8.5876 1.8816 35.8751 0.0701 0.2167
Car -1 -1 4.6394 557.0407 179.3283 584.0280 203.9799 1.5936 1.5818 3.7392 -2.7169 2.0565 49.6273 4.5845 0.1604
Car -1 -1 3.5261 405.9951 182.4993 500.9543 214.7562 1.4302 1.6365 4.0329 -7.2891 1.8979 33.8350 3.3150 0.1469
Car -1 -1 -0.4799 383.8831 178.1119 495.7688 218.5009 1.5333 1.6187 4.2445 -6.9757 1.7658 29.9057 -0.7076 0.1441
Car -1 -1 4.2329 607.8423 170.1348 645.8248 190.7623 1.7133 1.6434 3.9114 1.4488 1.4874 62.0468 4.2558 0.1411
Car -1 -1 5.0633 338.3412 170.8671 399.9822 204.3810 1.5156 1.6247 3.6591 -11.4126 1.4257 34.4850 4.7457 0.1290
Car -1 -1 1.3864 657.8680 169.7299 685.0302 190.0015 1.6242 1.5871 3.6846 5.0897 1.3739 59.7222 1.4707 0.1283
Car -1 -1 4.5903 630.3339 180.5981 665.9487 208.1982 1.4429 1.5593 3.7016 2.1316 1.9001 40.6906 4.6417 0.1281
Car -1 -1 1.7678 517.4068 176.4233 549.5581 201.0405 1.7316 1.6027 4.0543 -5.5925 2.0063 53.4520 1.6637 0.1248
Car -1 -1 5.1165 202.0114 171.4254 379.4831 259.1602 1.4939 1.6587 4.1824 -6.0997 1.4696 14.3849 4.7216 0.1046
Car -1 -1 4.4662 608.9130 179.0241 653.4563 205.9939 1.3987 1.5945 3.8598 1.1585 1.7619 40.4168 4.4941 0.0903
Car -1 -1 1.7009 561.9409 185.8812 588.0443 206.0272 1.5000 1.6153 3.8935 -2.7603 2.5893 58.3247 1.6533 0.0862
Car -1 -1 3.9132 299.1848 176.1747 414.2708 218.2897 1.4187 1.5860 3.9445 -9.1562 1.5460 26.1037 3.5786 0.0791
Car -1 -1 4.9626 455.4639 179.1692 508.4287 212.6155 1.4671 1.5989 3.7188 -5.9988 1.7840 34.2897 4.7903 0.0751
Car -1 -1 -0.1642 557.1398 180.4263 611.7247 204.0141 1.5279 1.5703 3.4610 -1.7074 2.0493 48.5658 -0.1997 0.0725
Car -1 -1 3.2520 523.4225 181.0951 580.2492 204.6317 1.5360 1.6336 3.6548 -3.8560 2.1008 48.5728 3.1728 0.0710
Car -1 -1 1.7182 333.7543 189.1441 478.1927 306.3484 1.4664 1.5920 4.1658 -3.1086 1.7810 11.7820 1.4648 0.0694
Car -1 -1 2.4847 0.0000 0.0000 1242.0000 375.0000 1.5097 1.6573 4.0653 -2.7142 1.5107 1.7820 1.5630 0.0659
Car -1 -1 0.9235 871.9945 163.8652 1242.0000 351.9231 1.4635 1.5885 3.5203 4.3400 1.3935 7.4679 1.4323 0.0587
Car -1 -1 1.8104 442.7828 175.3711 498.7796 210.6304 1.4959 1.6042 3.9577 -6.2563 1.6178 32.9182 1.6236 0.0574
Car -1 -1 0.5253 874.6763 151.0483 1189.4852 269.4737 1.4254 1.5397 3.7393 5.9941 1.1630 10.6824 1.0246 0.0571
Car -1 -1 5.0162 358.0185 176.4323 416.3104 208.9616 1.4789 1.6012 3.9386 -10.7747 1.6633 35.2147 4.7211 0.0554
Car -1 -1 4.5133 621.9506 174.9158 654.2386 197.3771 1.5958 1.6454 3.9673 2.0843 1.7553 53.7354 4.5514 0.0552
Car -1 -1 1.8053 1117.2522 135.8351 1242.0000 332.1869 1.4800 1.6307 4.1332 6.9468 1.2010 7.2706 2.5478 0.0548
Car -1 -1 1.9208 343.3739 177.0671 421.8161 218.5133 1.3879 1.5456 3.7124 -8.2181 1.5533 26.4397 1.6218 0.0539
Car -1 -1 4.2660 318.2188 172.9800 388.0688 204.3427 1.4253 1.6037 4.0071 -12.4039 1.4317 34.7885 3.9256 0.0538
Car -1 -1 2.1155 319.8946 168.5049 397.6872 204.5970 1.5544 1.6017 3.8445 -11.4201 1.3671 33.1238 1.7856 0.0506