Car -1 -1 1.6744 546.8189 203.5195 588.7157 241.5609 1.6272 1.6989 3.6703 -2.0189 3.2263 35.7548 1.6175 0.8719
Car -1 -1 4.7242 672.3521 197.7269 696.2225 220.2086 1.5028 1.7316 3.7043 5.6586 3.4469 54.4587 4.8264 0.7074
Car -1 -1 1.8741 550.8531 194.1044 589.8375 217.1771 1.4496 1.7303 3.6799 -2.7297 3.0106 51.0057 1.8203 0.2695
Car -1 -1 1.2699 559.5992 192.4731 595.9845 215.2963 1.5239 1.6591 3.7840 -2.4057 3.0423 53.7823 1.2248 0.1596
Car -1 -1 1.6172 559.0238 192.4215 584.1946 215.2654 1.5044 1.6601 3.5893 -2.7246 2.9742 52.3992 1.5648 0.1251
Car -1 -1 -0.0147 659.8254 198.0771 702.1979 220.0733 1.5281 1.7612 3.0717 5.2731 3.4310 53.4321 0.0824 0.1215
Car -1 -1 3.9562 540.6111 192.9154 592.6135 215.4554 1.4821 1.7108 3.7110 -3.1606 3.0002 52.7089 3.8959 0.0955
Car -1 -1 4.9845 576.2615 192.6424 610.6122 215.0407 1.5052 1.6776 3.5086 -1.1659 3.0321 53.7663 4.9622 0.0634
Car -1 -1 1.3471 529.5612 189.6429 565.5062 212.2265 1.4339 1.6849 4.0431 -4.4463 2.6769 51.2396 1.2604 0.0582
Car -1 -1 2.8253 672.8450 193.4127 736.1893 218.2413 1.7133 1.8416 4.2732 6.9857 3.2677 53.2497 2.9543 0.0511
Car -1 -1 0.0942 547.7172 193.6131 598.5741 215.6624 1.5349 1.6245 3.5795 -2.6385 3.0795 52.7944 0.0438 0.0501