Car -1 -1 1.7282 488.9281 171.0477 536.0339 206.3131 1.8477 1.9053 4.6747 -4.8202 1.2995 40.0051 1.6040 0.6655
Car -1 -1 4.9461 567.8057 175.3889 596.5606 196.1152 1.6813 1.6229 3.6491 -1.4938 1.1846 60.2214 4.9164 0.1704
Car -1 -1 4.4028 511.8491 178.4688 544.6938 198.6779 1.6147 1.5922 3.8504 -6.0042 1.3715 59.4770 4.2976 0.1562
Car -1 -1 4.6546 484.9950 160.9424 507.7805 181.8010 1.7740 1.7360 4.0626 -9.1873 0.0246 63.2583 4.5062 0.1529
Car -1 -1 4.5673 491.8436 162.8514 515.9117 181.2744 1.6986 1.6819 4.0970 -9.2311 -0.0234 68.4908 4.4291 0.0798
Car -1 -1 4.3984 470.0223 158.6040 506.8238 181.3876 1.8007 1.7396 4.2750 -9.2502 -0.0106 59.0983 4.2390 0.0733
Car -1 -1 4.7596 499.3859 168.9299 528.9859 194.7200 1.4699 1.5931 3.6607 -5.1006 0.7528 42.8273 4.6368 0.0721
Car -1 -1 0.4083 493.4501 171.0932 564.0595 197.6920 1.4866 1.5877 3.7321 -4.1253 0.9043 41.4652 0.3048 0.0681
Car -1 -1 4.3901 466.2761 173.4675 502.2506 194.3718 1.5331 1.5780 3.7689 -8.8780 0.9431 54.7173 4.2251 0.0607
Car -1 -1 1.5637 492.5395 168.4365 523.2183 197.1152 1.5551 1.6550 4.2472 -5.3249 0.8461 41.1704 1.4309 0.0602
Car -1 -1 1.6133 566.6393 173.7475 588.9282 194.8436 1.6377 1.6347 4.2369 -1.7889 1.0349 57.8887 1.5775 0.0596