Car -1 -1 4.9322 357.8363 187.1887 481.8839 271.7987 1.5007 1.6968 4.0077 -3.9029 1.8490 15.5067 4.6889 0.9804
Car -1 -1 1.6867 430.5909 178.5065 472.0101 210.2637 1.3730 1.4942 3.3684 -7.3120 1.6496 33.5660 1.4734 0.7567
Car -1 -1 4.7149 535.0763 180.0842 560.9916 204.0617 1.4858 1.6454 3.8472 -4.0775 1.9856 47.8931 4.6300 0.4236
Car -1 -1 5.3418 290.8060 179.9352 349.9844 206.3306 1.4917 1.5418 3.5237 -17.4488 1.9392 43.6943 4.9636 0.2792
Car -1 -1 2.0962 454.3726 195.9744 502.6005 219.9030 1.5199 1.7196 3.8446 -9.3938 3.2532 51.9904 1.9178 0.2078
Car -1 -1 4.8029 411.2974 172.3234 445.3478 198.3632 1.4753 1.6006 4.0388 -10.7498 1.4452 42.9958 4.5591 0.2035
Car -1 -1 4.9975 443.6224 173.7119 480.5289 196.3147 1.6770 1.6903 4.1644 -11.3632 1.7459 55.8432 4.7973 0.1363
Car -1 -1 0.6481 431.6900 193.2419 491.5288 216.4916 1.5299 1.7015 4.0088 -10.6617 3.0447 51.9763 0.4463 0.1137
Car -1 -1 1.9502 393.3007 168.8980 451.1587 198.5957 1.5760 1.6741 4.2622 -10.4375 1.3661 40.5121 1.6994 0.0948
Car -1 -1 5.0883 296.7323 173.5716 339.4016 195.2557 1.5489 1.6297 3.8569 -21.5974 1.6042 53.6020 4.7068 0.0875
Car -1 -1 0.0672 292.2126 173.9154 349.9952 195.8478 1.5575 1.6499 3.8164 -21.0298 1.6371 52.7407 -0.3107 0.0843
Car -1 -1 3.4502 269.7911 179.6628 345.8047 205.8503 1.5415 1.6505 3.9589 -18.3398 1.9658 43.9768 3.0569 0.0796
Car -1 -1 1.3762 455.7228 189.2325 493.5673 215.2247 1.4626 1.6267 3.8157 -8.5064 2.5376 45.2873 1.1911 0.0768
Car -1 -1 4.7403 566.3967 168.4175 587.6934 188.7949 1.6802 1.7073 3.5664 -2.7355 1.3144 61.2925 4.6956 0.0755
Car -1 -1 4.8199 322.2555 172.6241 381.2297 218.1355 1.5039 1.5837 3.6511 -9.1393 1.4964 25.8016 4.4824 0.0743
Car -1 -1 1.6005 531.5224 175.2164 559.5522 202.4783 1.6392 1.6494 4.0758 -4.0259 1.7961 45.8281 1.5129 0.0686
Car -1 -1 1.4986 588.6476 179.6396 617.6401 204.5527 1.4984 1.5808 4.0304 -0.4534 1.9562 46.6008 1.4884 0.0681
Car -1 -1 1.5582 510.0001 186.1489 533.6518 210.0994 1.5748 1.6203 3.8534 -6.3098 2.5646 51.7009 1.4369 0.0669
Car -1 -1 1.7411 337.5246 195.2941 385.9350 230.7336 1.4083 1.5267 3.2629 -11.1372 2.4758 32.5941 1.4139 0.0647
Car -1 -1 4.1810 260.2115 181.0947 322.0201 208.4435 1.5360 1.6286 3.9548 -19.1913 2.0528 43.4360 3.7669 0.0647
Car -1 -1 1.3689 454.6784 188.6570 497.4032 218.4775 1.4800 1.5733 3.9848 -7.4889 2.4079 40.2223 1.1855 0.0632
Car -1 -1 1.7966 469.6301 188.6185 525.9304 224.9591 1.4306 1.6354 3.9132 -4.9088 2.1772 32.1622 1.6458 0.0605
Car -1 -1 2.3276 465.4659 192.3779 522.1639 214.8485 1.4605 1.7149 4.1619 -8.4416 2.9522 52.9268 2.1697 0.0581
Car -1 -1 4.7677 314.4397 181.4034 345.2285 206.9285 1.4829 1.5849 3.8895 -17.5622 2.0459 45.4160 4.4003 0.0563
Car -1 -1 1.5123 287.6669 173.8790 317.7801 201.2937 1.8076 1.6741 4.3976 -21.3347 1.8820 50.0910 1.1113 0.0562
Car -1 -1 0.3431 428.8074 195.1964 486.7849 218.4438 1.5315 1.7754 3.6089 -10.6640 3.1400 50.8216 0.1368 0.0532
Car -1 -1 1.6823 292.6431 179.2874 329.1426 205.3116 1.4898 1.6294 4.0650 -18.3900 1.9065 44.5608 1.2927 0.0528
Car -1 -1 1.4193 342.9129 187.4587 382.9238 216.1093 1.4598 1.5913 3.8272 -14.0291 2.3301 40.9336 1.0907 0.0512
Car -1 -1 1.3823 410.4804 175.0236 454.6478 204.6163 1.5174 1.6139 4.0771 -9.7382 1.6428 39.5093 1.1419 0.0505