Car -1 -1 4.7737 1045.5372 194.3090 1210.8534 330.2962 1.4461 1.6426 3.8188 7.4712 1.8123 10.3099 5.3863 0.8296
Car -1 -1 4.4709 1114.3685 188.8166 1198.1469 233.2139 1.5213 1.7316 3.8157 21.3396 2.1943 28.3247 5.1109 0.6970
Car -1 -1 0.9770 1145.3082 191.8727 1222.1106 221.0360 1.5717 1.7636 3.8327 34.4604 2.7688 43.4388 1.6437 0.4932
Car -1 -1 2.3387 1144.9263 192.9993 1224.1729 221.7353 1.5951 1.7193 3.5033 33.9634 2.8166 42.6621 3.0071 0.3905
Car -1 -1 1.4043 1089.0392 185.6268 1138.7607 213.5682 1.5214 1.8056 3.9592 30.2979 2.3292 43.4531 2.0095 0.3657
Car -1 -1 1.1638 1171.1824 202.3430 1242.0000 245.7535 1.4487 1.7983 3.5054 24.1685 2.6986 28.6460 1.8587 0.1108
Car -1 -1 0.9427 1147.3307 192.6255 1224.4517 222.0496 1.5607 1.7736 3.5893 33.8962 2.7770 42.5587 1.6113 0.1104
Car -1 -1 1.6497 1037.9309 194.8088 1086.3228 229.6100 1.4896 1.7363 3.8333 22.3245 2.6335 35.5375 2.2061 0.0921
Car -1 -1 1.3573 1130.6726 194.7511 1212.3816 237.0896 1.4469 1.7714 3.9471 22.5092 2.3944 29.0579 2.0108 0.0737
Car -1 -1 1.4303 1173.7288 195.9992 1227.0884 228.2469 1.5759 1.7437 4.1429 33.2284 2.9521 40.6786 2.1110 0.0718
Car -1 -1 2.0052 1036.4343 189.4513 1101.0405 218.2761 1.5071 1.5541 4.1312 26.4559 2.5034 41.5392 2.5685 0.0696
Car -1 -1 1.1590 987.0984 193.1834 1070.3823 232.0072 1.4628 1.6858 3.9001 18.0901 2.4030 31.3401 1.6777 0.0671
Car -1 -1 1.2986 1175.4104 214.3636 1242.0000 324.9019 1.4820 1.7189 4.0912 12.2493 2.3893 13.5538 2.0215 0.0632
Car -1 -1 1.1423 1181.7086 203.7346 1242.0000 261.2201 1.4725 1.7647 3.5199 19.7303 2.5183 22.4992 1.8549 0.0585
Car -1 -1 2.3996 1177.1068 198.2961 1242.0000 240.3387 1.5317 1.7544 4.0780 24.9998 2.5636 28.3376 3.1166 0.0530
Car -1 -1 1.3530 1177.4734 218.6523 1242.0000 338.3278 1.4528 1.7105 4.0266 11.4043 2.3907 12.6000 2.0758 0.0512
Car -1 -1 1.0945 1187.4728 194.2469 1242.0000 240.9161 1.4853 1.7145 4.0533 23.8214 2.3540 27.1269 1.8090 0.0511