Car -1 -1 2.1855 10.4535 177.5775 143.1700 230.2593 1.4553 1.5829 3.3488 -16.0271 1.6097 21.9163 1.5598 0.9385
Car -1 -1 4.7200 585.4453 175.1910 616.8640 203.4347 1.4167 1.5900 3.8704 -0.4332 1.5475 38.4511 4.7083 0.8402
Car -1 -1 4.7715 531.0187 175.1531 560.7723 199.5542 1.4767 1.6645 3.7480 -4.0126 1.6291 45.9205 4.6844 0.7279
Car -1 -1 4.6946 600.6439 163.9912 621.3189 185.1007 1.6783 1.6303 3.4196 0.0922 0.9737 59.0879 4.6959 0.3844
Car -1 -1 5.5315 0.0000 178.1270 57.5938 229.7500 1.4281 1.5798 3.7658 -19.4290 1.6055 22.3185 4.8210 0.2582
Car -1 -1 2.2556 0.0000 178.8459 87.9081 226.9944 1.4370 1.5568 3.7400 -19.4027 1.6508 23.8768 1.5785 0.1427
Car -1 -1 0.6772 0.0000 178.8692 48.9922 228.0066 1.4814 1.6450 4.1258 -20.5268 1.6800 22.8993 -0.0479 0.1026
Car -1 -1 0.4245 34.9773 166.5167 163.3052 207.0143 1.5621 1.6248 3.8853 -20.4027 1.3177 28.9870 -0.1846 0.1026
Car -1 -1 1.6507 0.0000 196.9651 25.7016 236.2618 1.4705 1.5096 3.5619 -26.3653 2.5764 31.2073 0.9533 0.0852
Car -1 -1 4.8266 39.0839 164.4971 101.6125 203.7561 1.5165 1.6288 3.8486 -22.2886 1.1937 29.9455 4.1909 0.0840
Car -1 -1 1.7114 5.3558 198.6555 66.2633 236.8202 1.4508 1.5992 3.7297 -25.4926 2.6730 32.1660 1.0451 0.0611
Car -1 -1 -0.1362 593.6937 165.0673 639.5899 185.2265 1.6002 1.6302 3.5190 0.5537 0.9821 58.3051 -0.1270 0.0536
Car -1 -1 2.0411 571.5059 181.3073 623.0552 207.2269 1.4843 1.6194 3.8689 -0.7126 2.0334 44.7787 2.0248 0.0530
Car -1 -1 3.3876 510.2366 175.1672 572.2682 199.2167 1.4706 1.6302 3.5972 -4.2758 1.6196 45.4077 3.2938 0.0529
Car -1 -1 4.7387 529.6240 173.3912 558.3196 200.4756 1.5767 1.6391 4.0041 -3.9712 1.6111 44.1362 4.6491 0.0523
Car -1 -1 1.4247 555.9183 178.9238 592.6851 205.1954 1.5264 1.6973 4.2306 -2.2572 1.9254 45.1969 1.3746 0.0507