Car -1 -1 4.5978 628.3943 180.8554 684.0536 221.5783 1.4234 1.6892 4.1482 1.7436 1.7592 28.1683 4.6583 0.9540
Car -1 -1 3.6768 0.0000 189.6103 228.8018 346.6664 1.5836 1.6107 3.6592 -6.7493 1.8050 8.5120 3.0213 0.9257
Car -1 -1 -0.4102 789.4956 192.1969 1065.1711 280.7632 1.4016 1.5475 4.1264 5.3950 1.7602 12.5726 -0.0143 0.8985
Car -1 -1 -0.3369 779.2843 172.4425 990.5148 248.3321 1.4833 1.5173 3.7806 5.5662 1.4752 14.8872 0.0137 0.8694
Car -1 -1 2.4730 1009.4023 200.9743 1242.0000 375.0000 1.4790 1.5959 3.5302 6.1716 1.7902 7.1475 3.1640 0.8206
Car -1 -1 2.5689 857.3057 194.7990 1238.2136 321.1894 1.4901 1.6150 4.2260 5.7387 1.8146 9.7492 3.0866 0.7965
Car -1 -1 3.6729 0.0000 153.3720 323.3421 283.7651 1.8612 1.6938 4.1811 -6.8551 1.5831 11.1649 3.1326 0.7490
Car -1 -1 3.4752 302.1191 180.7811 451.9855 227.3736 1.3699 1.5711 4.1296 -7.1243 1.6246 22.3432 3.1695 0.7158
Car -1 -1 3.2936 336.2351 188.6602 472.0197 233.5381 1.4248 1.4335 4.2723 -6.9003 1.9839 24.5555 3.0219 0.5653
Car -1 -1 4.8185 435.7602 169.8589 475.3068 199.5325 1.4357 1.5845 3.6762 -7.8077 1.2908 36.8204 4.6107 0.5634
Car -1 -1 -0.7281 1144.8418 188.9798 1242.0000 375.0000 1.4672 1.5929 3.8513 6.0198 1.5950 4.6311 0.1560 0.3958
Car -1 -1 0.4443 222.9054 157.4132 314.2361 187.1089 1.4995 1.6247 3.9502 -17.5581 0.7198 37.2602 0.0066 0.2756
Car -1 -1 4.6325 647.8319 171.8826 671.5860 191.6869 1.5528 1.6057 3.9919 4.0386 1.4766 58.5773 4.7007 0.2552
Car -1 -1 1.4975 612.4945 176.2476 643.9191 203.1060 1.5220 1.5999 3.9234 1.0796 1.7355 43.3920 1.5217 0.2480
Car -1 -1 1.7381 482.8509 174.8742 516.9376 198.1577 1.4568 1.5779 3.9420 -7.1694 1.5953 47.4747 1.5886 0.2344
Car -1 -1 4.9963 351.3657 176.6974 403.0202 208.2825 1.5082 1.5597 3.5425 -11.7481 1.7131 36.6790 4.6881 0.2330
Car -1 -1 1.4935 600.9872 176.8607 622.6988 194.5553 1.4506 1.5655 3.9419 0.1678 1.8066 62.0914 1.4958 0.2225
Car -1 -1 1.5379 644.1038 174.3893 663.2388 191.7631 1.5087 1.5883 3.9201 3.9469 1.6512 64.9882 1.5979 0.1999
Car -1 -1 2.5912 1131.4729 176.9057 1242.0000 217.6184 1.5873 1.6056 3.9301 23.8574 1.7582 29.3833 3.2678 0.1862
Car -1 -1 5.1467 257.1825 158.1163 324.7834 191.2585 1.6681 1.7223 4.0715 -16.8478 0.9263 38.3721 4.7353 0.1498
Car -1 -1 2.1542 241.6479 185.8711 349.3472 231.7913 1.4268 1.5813 3.9520 -11.0464 1.9278 25.6874 1.7515 0.1409
Car -1 -1 3.3184 214.8562 185.6678 341.7614 229.2814 1.4462 1.6007 3.9158 -11.7874 1.9287 25.9159 2.8950 0.1332
Car -1 -1 3.3106 569.1801 177.7773 636.9177 204.3374 1.5009 1.6245 3.7493 -0.3579 1.7969 42.2825 3.3017 0.1319
Car -1 -1 0.1443 339.1949 161.9952 445.6772 198.2455 1.4671 1.6193 4.0863 -9.0356 1.0276 30.2950 -0.1435 0.1178
Car -1 -1 -0.0863 618.3094 177.5096 684.5541 203.8195 1.4936 1.5905 3.7345 2.4100 1.7708 42.1129 -0.0301 0.1120
Car -1 -1 3.8400 907.5131 164.2864 1002.2667 199.4460 1.4697 1.5525 3.6596 15.2980 1.1115 32.1471 4.2804 0.1056
Car -1 -1 4.2813 1137.7488 175.1232 1229.8057 214.8289 1.5312 1.5892 3.6672 23.7629 1.6318 30.0172 4.9458 0.1053
Car -1 -1 1.5346 664.6823 172.9952 690.1785 197.1455 1.5758 1.5799 3.9285 4.5839 1.5858 49.1078 1.6267 0.1024
Car -1 -1 3.7974 0.0000 117.2117 221.5550 229.6461 1.5990 1.6804 4.2699 -8.5660 0.8077 11.1258 3.1528 0.1014
Car -1 -1 2.1204 367.0892 162.0639 448.9061 198.6487 1.4445 1.5983 3.7490 -8.4343 1.0185 30.5127 1.8527 0.0954
Car -1 -1 4.6461 419.2238 184.8796 470.9698 232.3742 1.5047 1.5689 3.5267 -5.9200 1.9656 25.7423 4.4217 0.0911
Car -1 -1 2.0889 240.0197 183.2685 338.1904 227.5756 1.4491 1.5684 3.8788 -11.6690 1.8614 26.5566 1.6782 0.0894
Car -1 -1 3.3577 445.8100 181.4432 517.4868 209.4229 1.4784 1.5879 3.6086 -6.9717 1.9593 39.5280 3.1838 0.0890
Car -1 -1 4.0815 205.1572 156.9319 295.5944 192.9493 1.4853 1.5891 3.7966 -15.6109 0.8287 31.3378 3.6226 0.0871
Car -1 -1 4.8386 462.1126 177.0377 537.7615 233.9559 1.4204 1.6098 3.7637 -2.9667 1.5484 20.1815 4.6938 0.0836
Car -1 -1 1.4026 499.8081 176.1700 529.8852 197.2548 1.5203 1.6314 3.9149 -7.2276 1.7819 54.8020 1.2717 0.0812
Car -1 -1 0.4695 153.5366 150.1988 245.1358 179.1248 1.4986 1.5766 3.9358 -21.6931 0.3249 38.2533 -0.0434 0.0806
Car -1 -1 5.5393 30.6782 134.7165 161.0648 196.2379 2.2055 1.7371 3.9874 -19.7751 0.8383 28.0000 4.9288 0.0761
Car -1 -1 3.4977 403.9864 169.2079 487.3453 198.5727 1.4281 1.5552 3.7621 -8.1731 1.2508 36.1136 3.2764 0.0754
Car -1 -1 4.6706 408.6003 173.5485 474.8217 232.5010 1.4366 1.5966 3.7349 -4.6418 1.4574 19.6431 4.4410 0.0742
Car -1 -1 1.4990 471.0959 171.4187 508.5512 202.4323 1.5136 1.6251 4.0673 -6.2495 1.4435 37.3808 1.3342 0.0721
Car -1 -1 1.0057 1141.1542 187.7240 1242.0000 375.0000 1.4575 1.6274 4.0172 5.9611 1.6151 5.5041 1.8039 0.0704
Car -1 -1 -0.2825 458.1120 174.9723 619.6154 233.0670 1.4185 1.6006 3.9913 -1.8825 1.4792 19.2086 -0.3796 0.0702
Car -1 -1 3.0736 459.0013 176.7934 518.1945 201.0097 1.5039 1.5836 3.6546 -7.7913 1.7637 46.3905 2.9078 0.0675
Car -1 -1 4.9500 668.9547 171.8649 700.5992 192.3829 1.5540 1.6014 3.9104 5.9515 1.4791 56.7600 5.0536 0.0675
Car -1 -1 3.8981 492.9263 174.1084 539.4093 191.2279 1.5454 1.7020 4.3127 -8.7395 1.6660 67.3769 3.7693 0.0671
Car -1 -1 5.1137 468.0023 181.5692 522.3751 210.9457 1.5024 1.6142 3.8369 -6.3063 2.0126 40.1807 4.9585 0.0664
Car -1 -1 0.9078 928.3928 190.7066 1242.0000 351.2958 1.4975 1.6409 4.3234 6.1316 1.7869 9.4601 1.4677 0.0655
Car -1 -1 0.5402 1138.4869 184.4126 1242.0000 375.0000 1.4918 1.6083 4.1751 4.9673 1.5809 3.4026 1.4702 0.0652
Car -1 -1 5.0540 239.7927 156.0656 292.0375 183.5830 1.5834 1.6442 3.8327 -20.6490 0.6174 43.5071 4.6131 0.0652
Car -1 -1 1.5418 651.6350 186.6394 691.9094 223.7238 1.4643 1.6540 3.9819 2.7052 2.1151 32.0331 1.6246 0.0651
Car -1 -1 1.5312 674.9919 186.4594 715.5507 222.6731 1.4288 1.6186 3.9764 3.7493 2.0715 32.0458 1.6458 0.0650
Car -1 -1 2.1156 1144.0541 185.2649 1242.0000 375.0000 1.4867 1.6738 4.1944 6.6292 1.6018 5.5051 2.9668 0.0638
Car -1 -1 1.8250 598.4822 175.8919 630.1077 194.4985 1.4842 1.6103 4.3651 0.4396 1.7492 60.6271 1.8318 0.0608
Car -1 -1 2.0793 337.5619 185.9148 443.6707 235.7170 1.4300 1.4477 4.3445 -7.1963 1.9091 24.1908 1.7927 0.0595
Car -1 -1 1.7188 495.9428 175.7132 525.3220 196.9216 1.4994 1.6134 3.7668 -7.2853 1.7185 53.4146 1.5836 0.0588
Car -1 -1 2.1763 391.1215 166.8328 476.3752 202.2939 1.4482 1.6325 4.0025 -7.6136 1.2023 31.6270 1.9417 0.0583
Car -1 -1 1.6258 676.3174 172.5741 707.5230 199.7625 1.5706 1.6585 4.2006 5.0518 1.5544 43.8913 1.7392 0.0579
Car -1 -1 3.6997 169.6081 154.2028 262.6694 183.1679 1.5773 1.6506 4.3464 -21.9021 0.5616 40.2500 3.2040 0.0551
Car -1 -1 4.7963 267.8728 154.5941 301.1496 184.9574 1.8740 1.6480 3.6285 -20.9102 0.7470 46.5179 4.3758 0.0544
Car -1 -1 1.4041 651.5346 174.5344 690.2328 201.6348 1.5540 1.6687 4.1264 3.6663 1.6609 43.7641 1.4866 0.0529
Car -1 -1 0.8013 468.8077 179.6387 524.1354 200.3437 1.4592 1.6860 4.1421 -8.4900 1.9853 54.0287 0.6458 0.0529
Car -1 -1 3.1144 626.1169 176.5266 697.0475 203.6988 1.5774 1.6922 4.1423 3.0768 1.8014 43.0747 3.1847 0.0519
Car -1 -1 4.4053 674.0578 182.7456 743.9067 224.1939 1.4674 1.6290 3.8743 3.8516 1.8872 28.5719 4.5372 0.0518
Car -1 -1 4.7265 448.9926 179.6407 478.9525 207.8526 1.4720 1.5776 3.7789 -8.1612 1.8728 40.6123 4.5290 0.0510
Car -1 -1 4.6178 502.9156 172.3267 527.3058 192.1298 1.5189 1.5753 3.7387 -7.5337 1.4785 57.3410 4.4875 0.0507
Car -1 -1 1.5160 511.2715 176.2234 533.4545 195.7522 1.5433 1.6072 4.0593 -7.2668 1.8329 59.8957 1.3955 0.0505
Car -1 -1 5.1771 0.0000 128.5965 105.6716 185.2907 1.5905 1.6879 3.8208 -17.4414 0.3489 22.2789 4.5186 0.0501
Car -1 -1 1.8579 477.0885 172.8791 518.6655 197.9535 1.6296 1.6719 4.1882 -7.5411 1.6314 49.0857 1.7059 0.0500