Car -1 -1 4.7388 400.0391 171.2729 444.4904 209.7522 1.4429 1.6208 3.6545 -7.4719 1.3836 29.0178 4.4886 0.8264
Car -1 -1 -0.4835 727.5934 127.2624 873.9982 179.7499 1.5775 1.6563 4.2215 6.0549 0.2073 22.9705 -0.2289 0.2459
Car -1 -1 -0.4802 601.3388 144.0643 723.7264 190.0796 1.5408 1.6473 4.0481 1.8922 0.5768 25.7196 -0.4078 0.1387
Car -1 -1 4.2851 575.2257 137.9114 673.3899 194.4619 1.9261 1.8742 4.7442 0.4321 0.7360 27.1249 4.3005 0.1219
Car -1 -1 4.7691 419.0700 168.3214 454.0649 197.6774 1.4775 1.5850 3.8191 -9.1421 1.2494 38.3352 4.5362 0.0974
Car -1 -1 0.2228 396.9458 162.8744 461.0014 184.7942 1.6525 1.6911 4.4979 -13.7980 0.9002 55.2888 -0.0208 0.0801
Car -1 -1 3.5666 371.7924 170.4616 454.3648 199.9242 1.4826 1.5956 3.8115 -10.1577 1.3623 37.4035 3.3029 0.0787
Car -1 -1 4.3148 729.8351 126.2462 824.9489 180.4268 1.6104 1.6907 3.6862 5.3351 0.2251 23.4087 4.5362 0.0782
Car -1 -1 1.3856 423.6998 175.7854 465.7834 204.9434 1.4990 1.5329 4.0772 -9.1154 1.6691 39.7054 1.1610 0.0714
Car -1 -1 1.3314 521.9724 151.3604 593.5861 197.2531 1.5506 1.6638 4.2712 -2.0018 0.8244 26.6673 1.2569 0.0700
Car -1 -1 1.6648 547.3981 178.0533 587.0053 211.4635 1.4981 1.5622 3.7095 -1.9941 1.7626 34.8223 1.6075 0.0656
Car -1 -1 4.8384 384.2426 161.7858 418.2533 187.7141 1.6312 1.6644 3.8916 -13.6486 0.9349 47.4425 4.5596 0.0642
Car -1 -1 4.8935 398.1167 160.4412 430.0135 183.4067 1.8030 1.7624 4.2799 -15.8963 0.8285 58.8505 4.6306 0.0575
Car -1 -1 3.3688 654.8389 166.3015 779.2637 211.3651 1.5361 1.6265 4.1976 3.8903 1.3128 26.1179 3.5145 0.0550
Car -1 -1 4.3178 555.9556 150.0760 631.7906 195.0529 1.6160 1.6381 3.6844 -0.6784 0.7976 27.9408 4.2934 0.0536
Car -1 -1 1.7606 370.6633 174.8437 421.6990 207.7014 1.5082 1.6667 3.9962 -10.4067 1.6116 35.4376 1.4766 0.0507