Car -1 -1 4.4449 720.8287 185.4893 922.1017 314.2329 1.4209 1.6328 4.2120 2.7912 1.6419 10.4981 4.6966 0.9645
Car -1 -1 4.5208 671.4432 174.6427 752.4001 235.3591 1.4901 1.5340 3.3722 2.6798 1.5428 19.5379 4.6543 0.9493
Car -1 -1 4.2035 815.7048 182.2865 1242.0000 375.0000 1.4757 1.6906 4.1530 2.7390 1.5626 4.5665 4.7147 0.9353
Car -1 -1 4.6157 648.5168 175.0179 688.9294 208.1988 1.4415 1.5258 3.4355 2.6831 1.5466 33.3038 4.6948 0.8575
Car -1 -1 3.9091 0.0000 206.1279 200.1044 375.0000 1.4179 1.6222 4.0887 -6.6283 1.7966 7.3017 3.1900 0.8474
Car -1 -1 0.4150 277.0234 176.1147 459.0110 239.3407 1.5012 1.5940 4.0636 -6.0277 1.5881 18.2289 0.0994 0.7904
Car -1 -1 3.4053 396.9574 176.8858 506.9529 217.0374 1.5355 1.6298 3.9849 -6.2137 1.7010 28.6951 3.1935 0.6769
Car -1 -1 3.4395 318.7127 157.9060 461.4478 202.3402 1.3818 1.5968 4.1117 -6.9963 0.9170 23.2544 3.1501 0.5377
Car -1 -1 0.4413 315.1821 176.8888 472.6095 230.3535 1.4509 1.5258 4.0935 -6.1736 1.5733 20.8140 0.1560 0.5174
Car -1 -1 4.0710 0.0000 198.6380 67.2394 375.0000 1.4640 1.5924 3.7772 -6.1442 1.6724 4.9221 3.2023 0.4376
Car -1 -1 3.0308 675.1794 161.3063 760.6674 188.9161 1.4442 1.5570 4.3743 5.7463 0.8402 38.5989 3.1772 0.4124
Car -1 -1 4.5482 865.6012 149.3414 913.2926 181.9204 1.5287 1.6212 3.6224 13.8208 0.4254 35.7943 4.9139 0.3939
Car -1 -1 0.1374 466.1260 157.3791 532.1062 178.5444 1.4511 1.6094 4.3662 -7.6615 0.3901 50.3021 -0.0131 0.2864
Car -1 -1 3.2313 414.6985 176.2097 516.0715 212.6749 1.4974 1.6521 4.1151 -6.0925 1.6457 30.8547 3.0375 0.2460
Car -1 -1 4.6492 527.1277 167.3591 549.4680 187.1672 1.6608 1.6726 4.1209 -6.2186 1.2001 62.6674 4.5504 0.2398
Car -1 -1 0.1490 444.8023 168.1997 517.3773 195.6353 1.4263 1.5446 3.6044 -6.7834 1.1844 38.3294 -0.0253 0.2326
Car -1 -1 4.6563 626.2734 173.3663 646.4741 190.4503 1.5350 1.6486 3.9924 2.4608 1.5839 66.9618 4.6925 0.2234
Car -1 -1 5.1352 469.0840 169.5876 523.8521 199.1710 1.4890 1.4583 3.7460 -5.9442 1.3245 38.3150 4.9820 0.1921
Car -1 -1 4.4370 823.7920 161.0240 859.3555 183.6618 1.7730 1.6956 4.0766 18.7850 0.8465 58.5774 4.7457 0.1873
Car -1 -1 0.6136 0.0000 175.0545 203.2599 255.0659 1.4586 1.5246 3.3289 -9.9561 1.5036 13.9635 0.0031 0.1604
Car -1 -1 5.0937 89.9578 174.3981 259.1586 254.3030 1.4621 1.6294 4.0991 -9.0511 1.4998 15.4302 4.5704 0.1461
Car -1 -1 2.0485 1063.9772 186.9040 1128.1538 214.5077 1.4863 1.6489 3.5797 28.3601 2.3361 42.0516 2.6381 0.1460
Car -1 -1 4.6457 503.0385 174.9898 534.7238 202.3307 1.4922 1.5665 3.7842 -5.2781 1.6216 41.6998 4.5202 0.1444
Car -1 -1 3.9566 682.1122 166.4865 725.0349 183.5486 1.4893 1.5954 3.8967 8.4399 0.9335 65.0273 4.0848 0.1325
Car -1 -1 4.3485 1043.6791 130.1937 1242.0000 237.6126 1.4557 1.6024 3.7478 8.6108 0.8776 11.7935 4.9674 0.1320
Car -1 -1 1.5403 1092.7994 183.5800 1123.4435 206.9217 1.5638 1.6945 4.3649 36.3945 2.3819 52.7420 2.1412 0.1299
Car -1 -1 3.6000 345.9405 170.5320 470.3548 212.8994 1.4674 1.6279 4.0448 -7.2693 1.3869 26.1705 3.3313 0.1272
Car -1 -1 1.7336 526.0271 175.9642 555.3067 198.9152 1.6189 1.5462 3.8854 -5.0629 1.8578 53.4260 1.6391 0.1268
Car -1 -1 3.5449 220.7437 166.4551 431.0113 250.3423 1.4888 1.5365 3.3662 -5.2621 1.3753 13.6428 3.1828 0.1254
Car -1 -1 2.4053 416.7076 168.9913 507.7347 204.4734 1.4837 1.6150 3.9053 -6.5111 1.3222 32.2228 2.2072 0.1239
Car -1 -1 4.9026 458.0626 177.2754 516.5571 215.9003 1.4709 1.6256 4.2032 -5.0131 1.6683 30.0860 4.7384 0.1232
Car -1 -1 -0.1197 658.8945 164.1358 718.6951 184.0184 1.4623 1.5980 4.2781 5.8861 0.8211 53.8923 -0.0118 0.1211
Car -1 -1 3.6262 482.3915 164.6931 545.9849 186.9292 1.5568 1.6828 4.2532 -6.8764 0.9854 52.0417 3.4952 0.1201
Car -1 -1 0.1698 454.1187 168.5093 532.1940 194.4226 1.4297 1.5439 4.1347 -6.5100 1.1900 40.6039 0.0115 0.1159
Car -1 -1 3.8631 691.4289 162.6025 742.9304 184.1303 1.8400 1.8359 4.3943 9.4985 0.9638 63.9418 4.0097 0.1118
Car -1 -1 0.6050 243.4958 181.4458 337.0176 213.2010 1.5328 1.6749 4.1342 -16.2136 1.9843 36.7012 0.1914 0.1102
Car -1 -1 4.1750 698.0368 181.0650 778.8750 219.2600 1.4445 1.6126 3.7828 5.3168 1.8119 30.2262 4.3468 0.1071
Car -1 -1 3.1208 827.0627 148.0076 916.6159 180.3101 1.5092 1.6221 4.0080 12.7044 0.3484 35.1182 3.4652 0.1046
Car -1 -1 4.7213 486.6218 158.3435 510.9792 181.1773 1.5611 1.6500 3.9812 -7.8707 0.5690 51.4172 4.5700 0.1042
Car -1 -1 0.2446 265.2589 167.7795 336.8527 189.6176 1.4833 1.5969 4.3144 -21.3802 1.1387 50.1353 -0.1568 0.1035
Car -1 -1 4.6850 644.0822 172.6231 681.3971 207.4944 1.6077 1.7002 4.2384 2.5548 1.5970 35.4190 4.7559 0.1033
Car -1 -1 0.6670 430.0934 168.2209 508.3280 196.3395 1.4321 1.5986 3.9390 -7.4720 1.1961 38.3605 0.4756 0.1001
Car -1 -1 1.5198 269.1650 179.0074 306.8267 209.4188 1.4692 1.6113 3.9291 -16.8961 1.8099 37.8309 1.1021 0.0996
Car -1 -1 4.8797 398.1475 158.8569 467.2593 205.5224 1.4643 1.6314 4.0061 -5.9545 1.0251 24.6942 4.6452 0.0971
Car -1 -1 2.1654 234.9415 180.5970 315.6680 214.0530 1.5388 1.6652 4.1031 -16.7329 1.9521 36.3482 1.7365 0.0964
Car -1 -1 1.7702 519.2295 169.9117 551.6200 192.2260 1.5278 1.5988 3.6359 -5.2310 1.3264 51.2900 1.6687 0.0912
Car -1 -1 5.1078 720.7226 163.0417 756.8369 182.7392 1.6737 1.6948 4.0632 11.3992 0.8399 63.4763 5.2844 0.0870
Car -1 -1 2.1271 0.0000 194.4097 211.1966 375.0000 1.4676 1.6082 3.8833 -5.2492 1.7198 6.4243 1.4620 0.0844
Car -1 -1 4.6607 779.8472 179.3685 816.3107 211.5250 1.4537 1.5349 3.3481 9.1357 1.7872 35.1392 4.9125 0.0812
Car -1 -1 3.1770 826.7270 161.2818 881.4831 181.7565 1.5810 1.6902 4.0580 19.3971 0.6874 57.2231 3.5021 0.0796
Car -1 -1 4.7685 330.6964 173.2399 422.2874 257.1912 1.4679 1.5169 3.5858 -4.5799 1.4767 14.5565 4.4683 0.0794
Car -1 -1 1.2267 627.6019 174.8114 662.8116 194.9843 1.6706 1.6777 4.3378 3.0443 1.8465 62.5237 1.2747 0.0792
Car -1 -1 5.0914 336.7726 148.2119 406.1188 185.2104 1.5941 1.7201 3.7941 -10.8138 0.5324 33.0357 4.7772 0.0783
Car -1 -1 1.5222 548.9339 172.2015 568.4344 190.3821 1.5907 1.5749 3.6965 -4.6108 1.5336 65.0586 1.4514 0.0754
Car -1 -1 1.4916 297.0450 176.9678 379.5167 246.6687 1.4488 1.5546 3.8539 -6.5916 1.5593 17.3170 1.1325 0.0754
Car -1 -1 4.4252 664.9231 161.9847 702.7731 186.9103 1.8253 1.7236 4.2944 5.6228 1.0294 55.1084 4.5261 0.0738
Car -1 -1 0.4223 213.8616 173.9440 394.0598 236.1040 1.4889 1.5769 3.8716 -7.6006 1.5176 18.1604 0.0307 0.0705
Car -1 -1 2.2332 1068.5739 185.8030 1130.8800 207.8298 1.4992 1.6001 4.0124 35.3978 2.4592 52.1152 2.8268 0.0703
Car -1 -1 -0.5821 741.8927 176.7082 854.5758 215.8712 1.4642 1.6480 4.1111 7.4973 1.6252 28.7054 -0.3297 0.0688
Car -1 -1 4.4070 648.7339 162.7629 686.3796 185.9154 1.6943 1.6992 4.1050 4.3732 0.9558 54.9931 4.4857 0.0662
Car -1 -1 4.5996 697.5334 161.1806 735.9467 190.9136 1.5474 1.6411 3.9220 5.8201 0.9399 39.5370 4.7444 0.0651
Car -1 -1 3.5875 293.4077 165.0111 365.4884 187.4178 1.5454 1.6490 4.4523 -19.6733 1.0045 50.7599 3.2194 0.0647
Car -1 -1 3.6829 122.7937 170.9175 375.6315 254.1292 1.5009 1.6355 4.1566 -6.8917 1.4660 14.0187 3.2330 0.0646
Car -1 -1 3.5864 412.2462 170.0922 505.6915 203.2796 1.4827 1.6086 3.9366 -6.9686 1.3593 33.4859 3.3824 0.0641
Car -1 -1 3.0145 690.4820 163.8851 743.7714 182.9089 1.6772 1.7387 4.5281 9.5860 0.8865 64.5268 3.1611 0.0640
Car -1 -1 4.8988 738.8505 179.5474 795.4967 218.0942 1.4375 1.6015 3.8135 6.5429 1.7321 29.6933 5.1130 0.0638
Car -1 -1 0.9806 1068.5564 184.1562 1126.0792 206.4260 1.5042 1.5891 3.8558 35.4957 2.3587 52.6222 1.5710 0.0637
Car -1 -1 1.8617 273.5465 179.8547 332.5353 211.5453 1.5070 1.6574 4.2446 -15.8328 1.8920 37.4815 1.4642 0.0636
Car -1 -1 1.5340 371.4481 177.5201 434.2203 236.3901 1.4535 1.5407 4.2162 -5.9194 1.6000 20.4134 1.2547 0.0617
Car -1 -1 1.3967 464.9619 173.6780 517.7409 209.9332 1.4872 1.6215 4.0419 -5.2816 1.5261 31.8727 1.2333 0.0611
Car -1 -1 1.1761 0.0000 186.7957 96.2965 373.9787 1.4665 1.6475 4.2288 -7.5348 1.6417 7.4797 0.4048 0.0599
Car -1 -1 4.5978 707.4901 177.9567 757.1222 216.8879 1.4454 1.5692 3.4502 4.8748 1.6630 29.0118 4.7620 0.0596