Car -1 -1 5.4716 232.7588 180.0594 664.2495 375.0000 1.4965 1.5606 3.3409 -1.0522 1.5745 5.9903 5.3031 0.9561
Car -1 -1 1.9976 599.0421 180.5184 826.0649 325.4869 1.5053 1.6104 3.6677 1.5532 1.6290 9.6762 2.1506 0.9477
Car -1 -1 4.9521 806.7601 186.8744 930.1314 269.7814 1.4542 1.6056 3.9078 5.6380 1.7943 15.4301 5.2954 0.9417
Car -1 -1 4.5184 1133.5901 208.0786 1242.0000 375.0000 1.4555 1.5657 3.4516 6.0404 1.8734 6.6724 5.2312 0.8659
Car -1 -1 1.6484 959.0583 177.2052 1012.6957 217.6364 1.6290 1.7805 4.4035 16.6973 1.8356 31.9149 2.1261 0.7595
Car -1 -1 4.7323 1124.3977 193.4047 1205.2020 258.3351 1.4234 1.5552 3.6898 14.5980 2.0187 18.9700 5.3799 0.5557
Car -1 -1 3.5107 811.4675 175.0168 916.7316 213.4994 1.4221 1.5721 3.6164 10.0591 1.5132 28.6320 3.8448 0.5545
Car -1 -1 1.1059 1158.5400 180.8590 1237.5374 214.1680 1.5275 1.5417 3.7048 29.2613 1.9489 36.0099 1.7839 0.4740
Car -1 -1 4.7013 1006.5646 184.1194 1044.7759 216.7447 1.5633 1.6700 3.7735 21.8965 2.1894 38.0472 5.2196 0.4715
Car -1 -1 1.4896 1191.0735 187.2913 1242.0000 227.6412 1.5063 1.7003 4.1546 25.9870 2.1640 30.6865 2.1869 0.3075
Car -1 -1 1.6150 888.7070 173.5299 914.1108 195.7037 1.5977 1.6043 3.9661 21.9714 1.6505 54.2557 1.9975 0.3015
Car -1 -1 -0.1287 1118.3492 190.3176 1242.0000 265.3944 1.5344 1.6891 4.2074 14.9229 2.0014 17.4508 0.5697 0.2392
Car -1 -1 4.4663 950.0604 169.2200 988.5542 190.4661 1.4878 1.6031 3.8790 26.1674 1.2334 52.5939 4.9255 0.2013
Car -1 -1 1.3944 1153.6830 180.6355 1199.5344 205.7813 1.4861 1.6140 3.9799 36.1633 2.0064 46.1021 2.0560 0.1860
Car -1 -1 -0.9211 1105.3300 184.4715 1171.0275 208.4622 1.5276 1.6466 3.7396 35.5619 2.3307 48.5556 -0.2923 0.1820
Car -1 -1 1.4598 1052.3383 173.5809 1084.2927 195.0762 1.5396 1.6010 3.6911 34.1779 1.5958 53.8255 2.0228 0.1808
Car -1 -1 4.6631 950.6217 168.7958 984.3983 196.4095 1.5709 1.6046 3.8997 21.3592 1.3400 43.1542 5.1197 0.1734
Car -1 -1 1.4999 1099.4323 185.1192 1134.5898 208.7134 1.4779 1.6813 4.0046 34.8179 2.3573 49.5815 2.1088 0.1238
Car -1 -1 4.9126 899.7192 171.9355 941.3917 199.1520 1.6098 1.6176 4.0119 19.3387 1.5555 44.7878 5.3174 0.1138
Car -1 -1 1.6764 986.5343 172.2339 1012.8992 191.8602 1.5319 1.4995 3.6922 31.5270 1.4835 58.2673 2.1700 0.1114
Car -1 -1 1.6250 958.3729 177.4772 1008.8350 218.6136 1.5929 1.6929 4.2163 15.9596 1.8040 30.6925 2.1001 0.1020
Car -1 -1 2.6363 945.4550 166.8005 1022.8481 193.2868 1.5179 1.6098 3.7034 21.8737 1.1710 42.2103 3.1113 0.0952
Car -1 -1 1.4770 1108.3914 184.4070 1147.1605 210.0730 1.5473 1.6619 4.4949 34.3996 2.3534 47.9845 2.0956 0.0914
Car -1 -1 1.2108 1169.9276 181.1003 1242.0000 216.6829 1.5515 1.6457 4.1257 28.7920 1.9735 34.7074 1.8987 0.0913
Car -1 -1 4.4915 964.1414 181.3890 1015.9122 212.5293 1.5329 1.6395 3.8340 20.3393 2.0153 38.7128 4.9716 0.0882
Car -1 -1 2.4040 1157.5107 180.2191 1242.0000 212.2482 1.5136 1.6347 3.6581 29.3200 1.8845 35.4249 3.0908 0.0864
Car -1 -1 1.5349 996.7200 180.2204 1038.7828 214.7924 1.5785 1.6627 4.1498 20.3682 1.9700 36.1183 2.0443 0.0850
Car -1 -1 -1.0097 1102.9177 182.2553 1242.0000 235.8026 1.5050 1.6811 4.1041 17.5204 1.8150 22.2984 -0.3507 0.0843
Car -1 -1 1.6106 956.6105 173.6952 1008.0458 218.8493 1.6934 1.7088 4.2101 15.2375 1.7303 29.3964 2.0843 0.0829
Car -1 -1 1.4170 1181.9794 182.3564 1242.0000 219.2465 1.5322 1.6809 4.3239 27.9529 2.0026 33.4334 2.1086 0.0773
Car -1 -1 1.8040 858.2641 172.6707 922.6176 211.2633 1.4494 1.5819 3.8517 11.3920 1.4425 29.1337 2.1729 0.0763
Car -1 -1 2.7154 0.0000 179.8461 356.3985 375.0000 1.4667 1.5200 3.7553 -4.3489 1.5490 6.5067 2.1444 0.0749
Car -1 -1 1.3730 1080.7903 180.8295 1169.7778 232.4105 1.4784 1.6032 3.7523 16.5651 1.7591 23.3519 1.9835 0.0739
Car -1 -1 1.6290 885.5860 173.9380 912.3251 195.2812 1.4970 1.5930 4.1514 21.3060 1.5800 53.0500 2.0087 0.0728
Car -1 -1 1.7290 876.5273 174.5640 930.9050 210.0852 1.4152 1.5937 3.7878 12.6742 1.4935 30.9768 2.1136 0.0715
Car -1 -1 1.2346 1123.9170 184.3137 1182.7971 210.0204 1.5201 1.6978 4.3968 35.4121 2.3057 47.1139 1.8757 0.0668
Car -1 -1 4.7228 947.7031 178.1124 982.6210 207.9273 1.5081 1.6322 3.8565 19.3866 1.8099 39.3235 5.1774 0.0659
Car -1 -1 3.1514 947.0616 182.3338 1032.2365 214.8072 1.5803 1.6598 3.8623 19.8172 2.0974 37.7127 3.6314 0.0654
Car -1 -1 1.8699 854.1163 169.9455 904.7289 197.1208 1.5215 1.6473 4.1661 15.9550 1.3587 42.5513 2.2260 0.0652
Car -1 -1 1.7147 875.9404 170.0203 913.4199 195.8900 1.4772 1.5713 3.7661 17.1133 1.3154 43.2256 2.0890 0.0633
Car -1 -1 3.1068 914.9849 170.3660 984.5298 196.5062 1.4963 1.6095 3.6661 20.0917 1.3539 42.7602 3.5431 0.0631
Car -1 -1 4.7648 159.8705 149.0895 352.6777 323.7277 1.5376 1.5999 3.6770 -3.8800 1.3283 8.3560 4.3415 0.0616
Car -1 -1 1.0985 1116.7557 184.3394 1242.0000 245.3596 1.4520 1.6228 4.1099 16.0989 1.8075 20.1601 1.7647 0.0585
Car -1 -1 2.5042 1091.8354 194.1202 1242.0000 257.0805 1.4716 1.5575 3.1719 14.2900 2.0325 18.2205 3.1607 0.0585
Car -1 -1 2.3480 777.2595 177.6471 891.5016 225.8924 1.4926 1.5499 3.6437 7.5479 1.6635 24.1774 2.6465 0.0580
Car -1 -1 2.4896 0.0000 162.3162 326.0919 338.9242 1.4731 1.5591 3.9587 -5.2477 1.3852 8.1453 1.9317 0.0565
Car -1 -1 1.4021 976.3826 182.1544 1024.9974 212.7239 1.5174 1.6497 4.0812 21.2561 2.0529 39.3487 1.8937 0.0549
Car -1 -1 -0.9738 954.5645 168.4697 1009.1003 190.0958 1.4947 1.6231 3.7736 26.5717 1.1917 51.4870 -0.4999 0.0539
Car -1 -1 2.2231 1133.9768 187.3484 1242.0000 252.1121 1.4874 1.6567 4.3242 15.9224 1.8827 18.4079 2.9277 0.0535
Car -1 -1 0.9876 1149.3597 198.3638 1242.0000 247.4399 1.5191 1.7062 3.3021 21.3227 2.4945 25.8592 1.6707 0.0523
Car -1 -1 2.6846 957.3864 184.1788 1046.8401 215.0648 1.5611 1.6471 3.8046 20.6269 2.1717 38.0151 3.1779 0.0519
Car -1 -1 1.8381 682.0956 177.7563 790.9813 248.4283 1.4304 1.5718 3.7572 3.0803 1.5592 16.9202 2.0143 0.0508