Car -1 -1 4.1047 751.0927 187.1857 940.3685 287.1057 1.4966 1.6109 3.3827 4.1406 1.7956 13.1965 4.4013 0.9564
Car -1 -1 2.1404 143.1044 182.7544 254.3052 228.7015 1.6868 1.7986 4.5550 -16.8085 2.1279 29.8192 1.6306 0.7726
Car -1 -1 5.2714 0.0000 193.4183 69.5750 252.7313 1.4618 1.5096 3.3880 -17.4187 2.1052 20.7949 4.5803 0.5424
Car -1 -1 1.6287 128.7813 199.8597 166.7123 228.1042 1.4975 1.7323 3.8919 -28.3831 3.2399 44.4331 1.0627 0.2429
Car -1 -1 2.0683 69.2314 205.7268 148.7501 241.9637 1.4129 1.6857 3.0757 -22.5853 2.9756 32.6837 1.4672 0.2417
Car -1 -1 4.7860 173.0703 173.1763 211.9038 201.8897 1.5419 1.6125 3.8457 -23.5720 1.5611 40.8766 4.2656 0.2385
Car -1 -1 1.4796 130.4072 199.7817 163.6316 222.5489 1.5069 1.7755 4.0604 -35.2740 3.6392 54.9874 0.9112 0.2331
Car -1 -1 1.8425 102.4531 204.5123 169.0130 240.6274 1.4612 1.7436 3.6589 -22.7067 3.0726 34.7184 1.2665 0.2216
Car -1 -1 3.8922 54.4813 204.2330 157.4989 238.3504 1.4599 1.7254 3.8571 -23.7527 2.9918 34.0926 3.2871 0.1876
Car -1 -1 2.2607 0.0000 192.9961 47.9923 261.1737 1.5129 1.6302 4.0468 -17.3400 2.1082 19.2748 1.5349 0.1673
Car -1 -1 3.6861 0.0000 193.5265 45.6595 253.4681 1.5022 1.6328 3.8108 -18.2875 2.1096 20.0416 2.9529 0.1624
Car -1 -1 5.2316 132.7146 201.6559 184.3590 224.5378 1.5323 1.7779 3.5683 -34.1302 3.7885 54.7048 4.6757 0.1098
Car -1 -1 4.8899 0.0000 181.9041 50.5601 220.9123 1.4233 1.5514 3.7273 -24.0032 1.8155 29.2642 4.2073 0.0960
Car -1 -1 4.0733 0.0000 183.3151 28.1387 223.2720 1.4579 1.5820 3.8327 -24.9944 1.8825 28.1126 3.3512 0.0792
Car -1 -1 4.3268 0.0000 193.5099 65.3201 251.9563 1.4870 1.6341 3.9514 -17.9424 2.1403 21.1714 3.6299 0.0726
Car -1 -1 1.5455 100.9460 198.0208 137.7980 225.9577 1.4656 1.7542 3.7648 -29.6280 3.0566 43.5729 0.9509 0.0696
Car -1 -1 3.5671 128.5208 172.6956 218.3577 200.6918 1.5024 1.5910 3.9284 -23.9546 1.4939 39.7360 3.0274 0.0624
Car -1 -1 -0.5358 748.9635 176.0134 821.8035 203.3166 1.5317 1.5592 3.8780 10.2499 1.7218 42.0991 -0.2990 0.0614
Car -1 -1 1.7688 107.3066 200.7263 155.3809 229.4406 1.4841 1.7382 3.3820 -28.3440 3.2129 42.8609 1.1872 0.0594
Car -1 -1 1.7380 0.0000 175.9232 15.8107 222.2885 1.4958 1.6397 3.8927 -22.5057 1.6138 25.6432 1.0227 0.0556
Car -1 -1 4.7311 160.2054 200.7252 202.2502 235.3350 1.4468 1.7048 4.0622 -21.2328 2.9171 35.8747 4.1996 0.0551
Car -1 -1 1.7487 0.0000 184.3205 29.3121 229.1902 1.5158 1.5695 4.0189 -23.5809 1.9883 27.5974 1.0463 0.0545
Car -1 -1 4.9938 659.6866 194.6006 769.0167 269.2035 1.4601 1.5784 3.9506 2.6508 2.0512 17.4853 5.1405 0.0525
Car -1 -1 1.9492 105.9265 197.0443 153.2496 220.3000 1.5138 1.7207 3.4417 -34.9945 3.3430 52.6988 1.3651 0.0505