Car -1 -1 1.8043 399.6688 178.5156 460.9988 216.3353 1.5179 1.6869 4.1252 -7.7728 1.7825 31.6459 1.5650 0.9435
Car -1 -1 1.6906 511.2911 177.7090 534.9752 194.8970 1.4926 1.6418 4.3541 -7.8776 1.9518 66.0654 1.5721 0.3540
Car -1 -1 1.8092 505.8583 177.7601 535.9809 195.9336 1.5280 1.6453 4.4887 -7.8481 1.9807 64.2473 1.6878 0.1137
Car -1 -1 4.8233 580.0708 172.7654 600.6919 188.7309 1.4699 1.5526 3.6938 -1.7909 1.4617 68.3348 4.7968 0.1070
Car -1 -1 1.7623 384.2111 180.1692 418.1553 202.9349 1.4690 1.5361 3.8760 -14.3465 1.9945 49.8399 1.4831 0.1046
Car -1 -1 1.7767 368.7871 179.0124 409.9814 204.8145 1.5524 1.6839 4.3722 -14.1975 1.9705 46.7374 1.4831 0.0900
Car -1 -1 1.9862 535.3924 179.7533 569.9971 197.3967 1.4580 1.5844 3.9132 -4.9573 2.0842 63.3833 1.9081 0.0886
Car -1 -1 2.1155 491.1072 176.7580 533.5435 196.6432 1.6453 1.6947 4.2729 -8.4286 1.9981 62.8991 1.9825 0.0807
Car -1 -1 1.2584 510.8399 177.9458 544.2198 197.0910 1.5568 1.6456 4.1902 -7.0981 2.0110 62.1168 1.1448 0.0668
Car -1 -1 0.8141 347.0468 181.4030 407.1332 204.8149 1.4844 1.6243 3.8940 -15.6693 2.0799 48.6048 0.5035 0.0659
Car -1 -1 1.7125 432.7927 180.2858 466.7207 206.5574 1.5453 1.5439 3.9609 -10.0567 2.0362 45.6235 1.4963 0.0655
Car -1 -1 1.6932 544.2292 179.8472 567.0104 197.0812 1.4537 1.5669 3.8673 -4.7867 2.0973 64.4307 1.6189 0.0639
Car -1 -1 1.6165 437.2513 179.1958 463.9837 202.6264 1.4591 1.5563 3.9718 -10.5685 1.9007 48.1526 1.4012 0.0550
Car -1 -1 1.5304 407.9489 177.0739 436.6917 202.2789 1.5339 1.6424 4.1826 -12.2057 1.8213 46.9000 1.2769 0.0550
Car -1 -1 0.2092 494.8935 178.1752 541.5731 195.0430 1.4856 1.6030 3.9319 -8.2214 1.9729 65.1170 0.0837 0.0514