Car -1 -1 2.0954 10.6704 187.9025 335.7679 360.1883 1.5839 1.6088 3.8547 -4.9677 1.8107 8.9237 1.5994 0.9728
Car -1 -1 4.3046 787.8237 187.1730 1242.0000 375.0000 1.3812 1.6103 3.6674 2.5711 1.5251 5.4072 4.7264 0.9657
Car -1 -1 1.7885 407.4608 183.1280 484.0237 231.2979 1.4422 1.6282 4.3719 -5.4969 1.8254 24.7220 1.5714 0.6993
Car -1 -1 4.7480 640.0243 175.4308 668.2068 201.1376 1.5429 1.6460 3.8504 2.8580 1.7132 45.7012 4.8096 0.5041
Car -1 -1 1.7637 507.6910 179.3547 546.5003 206.9417 1.5460 1.5482 4.2005 -4.9292 1.9583 43.6076 1.6514 0.4831
Car -1 -1 1.7150 458.2614 171.6808 492.9386 195.1047 1.5355 1.7158 4.4262 -9.1441 1.4586 49.5429 1.5331 0.2978
Car -1 -1 5.0945 617.0027 168.7076 655.2447 190.1865 1.6051 1.6404 3.8750 2.1007 1.2953 56.0243 5.1314 0.2443
Car -1 -1 4.0219 920.9323 180.3580 1242.0000 319.1449 1.4259 1.5903 3.7951 5.9795 1.5467 9.6232 4.5635 0.1961
Car -1 -1 1.5415 694.0845 167.0728 723.8371 197.3052 1.7307 1.6498 3.7494 5.9188 1.3997 43.2557 1.6762 0.1467
Car -1 -1 3.6174 425.8183 174.9958 492.2348 196.8152 1.4209 1.6502 4.0757 -10.1259 1.5691 48.5909 3.4127 0.1450
Car -1 -1 4.6626 703.7980 159.5181 724.6277 178.3204 1.6939 1.7050 4.2598 9.7154 0.4925 67.2019 4.8054 0.1399
Car -1 -1 1.8370 454.8266 173.8185 493.7948 197.2652 1.4882 1.5938 3.8031 -8.9327 1.5549 47.9185 1.6534 0.1363
Car -1 -1 -0.3607 460.7372 174.1465 604.4185 233.5078 1.4675 1.5635 3.5138 -2.0596 1.5049 19.3893 -0.4659 0.1101
Car -1 -1 1.6841 683.8686 170.9042 725.8405 204.4423 1.5317 1.5909 3.8947 4.6766 1.4427 35.0355 1.8153 0.0965
Car -1 -1 1.2835 995.4050 180.7249 1242.0000 350.5266 1.4088 1.5515 3.7921 5.6672 1.5207 8.2161 1.8700 0.0953
Car -1 -1 0.5794 188.8606 169.6511 331.0267 229.5457 1.5514 1.6609 3.0950 -9.4955 1.4684 19.7215 0.1357 0.0942
Car -1 -1 4.7792 689.0030 173.1645 721.3919 202.4989 1.6168 1.6140 3.7847 5.5819 1.6357 41.8254 4.9105 0.0933
Car -1 -1 4.7633 830.6711 167.6668 865.3771 197.4988 1.5254 1.5916 3.8932 12.9249 1.2601 38.9965 5.0807 0.0904
Car -1 -1 3.2464 621.5391 175.1064 682.1518 200.0161 1.5015 1.6039 3.6071 2.6448 1.6446 44.7718 3.3046 0.0900
Car -1 -1 1.4455 834.0275 171.9566 880.6575 206.3133 1.6076 1.6741 4.1501 12.2784 1.5656 35.9615 1.7716 0.0895
Car -1 -1 4.6327 520.8480 174.2059 560.5549 206.5164 1.4594 1.6018 3.8312 -3.3678 1.5284 34.7861 4.5365 0.0894
Car -1 -1 4.6679 698.4500 165.5268 726.8210 191.7991 1.6152 1.6231 3.9922 6.5914 1.1647 46.4243 4.8077 0.0870
Car -1 -1 1.5814 540.5180 181.8552 568.4974 208.9096 1.5184 1.6210 4.0332 -3.3287 2.0923 43.9350 1.5058 0.0810
Car -1 -1 0.0826 833.2469 174.4126 906.7916 204.3349 1.4806 1.6154 3.4589 13.4673 1.5643 37.3047 0.4261 0.0798
Car -1 -1 2.9429 391.1389 185.1052 525.1524 230.2575 1.4241 1.5995 4.3540 -5.2793 1.8792 25.2106 2.7380 0.0777
Car -1 -1 4.7853 819.4335 171.4462 860.5020 206.3500 1.5418 1.5749 3.7773 10.8727 1.4796 33.9183 5.0925 0.0773
Car -1 -1 1.9776 468.6246 176.8147 509.2434 201.0660 1.6908 1.5840 3.7478 -8.8098 1.9926 52.9716 1.8132 0.0757
Car -1 -1 2.7301 820.2177 169.1253 917.0361 203.2603 1.5369 1.6440 3.8913 11.9626 1.3690 33.4449 3.0704 0.0754
Car -1 -1 4.9072 382.9972 172.4375 438.2259 207.4696 1.4560 1.5947 4.0664 -8.7635 1.4387 32.0724 4.6422 0.0722
Car -1 -1 1.9219 483.1399 176.6192 523.4026 199.6634 1.6179 1.6327 4.1276 -7.8381 1.9088 53.5603 1.7769 0.0689
Car -1 -1 1.5565 502.0967 172.9682 522.5132 193.0580 1.5552 1.5682 3.7937 -7.8253 1.5647 57.8716 1.4224 0.0676
Car -1 -1 1.6494 688.3510 170.5206 720.6947 197.7838 1.6144 1.6832 4.0526 5.9476 1.4762 44.8824 1.7799 0.0672
Car -1 -1 3.2506 605.4113 172.4522 672.7702 199.6064 1.5779 1.6535 3.8571 1.7860 1.5545 43.0320 3.2914 0.0643
Car -1 -1 0.6665 463.2867 183.2067 532.4308 210.0326 1.4614 1.6408 3.7973 -6.5473 2.0909 42.2254 0.5131 0.0642
Car -1 -1 1.6158 481.9103 170.0943 509.2276 194.1257 1.5788 1.6597 4.2661 -7.7964 1.3975 49.6146 1.4604 0.0636
Car -1 -1 -0.2284 800.6583 174.1001 887.4614 204.1578 1.5263 1.5956 4.0523 12.1878 1.5930 37.6786 0.0817 0.0632
Car -1 -1 3.5740 597.0042 176.4908 666.5886 201.9090 1.5029 1.6175 4.0031 1.3707 1.7365 44.7407 3.6040 0.0616
Car -1 -1 4.9399 457.0319 176.2229 541.6830 233.5134 1.4405 1.5739 3.4839 -2.9801 1.5430 20.1542 4.7944 0.0535
Car -1 -1 1.5644 655.2165 176.0344 677.3217 197.7109 1.5981 1.6443 3.8581 4.3671 1.8527 55.7608 1.6417 0.0531
Car -1 -1 1.3624 638.0464 175.2661 675.2473 199.7800 1.5224 1.6517 3.9134 3.0379 1.6873 47.2691 1.4258 0.0522
Car -1 -1 2.0648 671.0084 179.0218 714.4529 201.0101 1.5608 1.5590 3.9784 6.3135 2.0441 54.4618 2.1791 0.0522
Car -1 -1 4.3164 671.1469 166.2564 729.1826 197.1991 1.5251 1.6188 3.8957 4.6622 1.1999 37.6575 4.4382 0.0516
Car -1 -1 3.1285 625.2763 174.6848 692.7009 199.8667 1.5637 1.6467 4.2006 3.1255 1.6824 45.8750 3.1956 0.0516
Car -1 -1 4.7918 674.1833 173.6485 708.9198 203.5498 1.6141 1.6598 3.9809 4.7220 1.6617 41.1733 4.9047 0.0509
Car -1 -1 2.6582 1183.7463 181.5589 1242.0000 375.0000 1.5228 1.6407 4.1486 7.2754 1.6092 5.5825 3.5487 0.0507
Car -1 -1 1.8509 613.5441 167.9554 650.5284 190.9410 1.6535 1.6819 4.1857 1.7315 1.3011 54.1555 1.8823 0.0507
Car -1 -1 1.9061 487.6030 171.6090 523.3632 193.1046 1.5913 1.6220 3.5844 -7.9411 1.4991 55.3291 1.7639 0.0502