Car -1 -1 4.4938 714.7428 188.8475 875.9312 302.3372 1.4086 1.6143 3.6603 2.7071 1.7001 11.3110 4.7216 0.9732
Car -1 -1 1.6744 516.3942 179.7296 572.8997 222.5368 1.5270 1.7880 4.2128 -2.4857 1.8191 28.5404 1.5877 0.9480
Car -1 -1 1.3801 653.1464 184.5545 724.4423 232.3815 1.4104 1.6596 3.8651 2.5718 1.8361 24.2533 1.4837 0.9167
Car -1 -1 1.5479 558.3008 179.7882 585.3944 206.6556 1.5282 1.5598 3.8022 -2.3344 1.9699 44.0052 1.4947 0.7430
Car -1 -1 4.6774 645.3533 179.5192 672.8234 206.2079 1.5289 1.5431 3.5308 2.9874 1.9520 44.0164 4.7441 0.4622
Car -1 -1 2.4001 0.0000 217.3166 300.6505 375.0000 1.4475 1.5796 3.7257 -2.7461 1.7202 2.5230 1.6238 0.4571
Car -1 -1 4.6581 659.9722 175.3204 702.3049 210.8253 1.4308 1.6129 3.6984 3.0420 1.5440 31.2202 4.7538 0.3067
Car -1 -1 1.1464 654.7908 173.5892 729.9996 213.3874 1.5275 1.6144 3.9104 3.3464 1.5601 29.8795 1.2563 0.1825
Car -1 -1 4.5662 506.2969 175.8240 539.6683 200.2639 1.3905 1.5064 3.4265 -5.2353 1.5765 43.3513 4.4464 0.1707
Car -1 -1 1.8558 628.3251 182.6865 670.2662 208.9785 1.5676 1.6134 4.1802 2.6342 2.2377 46.9351 1.9110 0.1549
Car -1 -1 1.7989 506.8701 170.5366 543.6973 193.6977 1.4639 1.5547 3.9683 -5.5192 1.3174 47.6647 1.6839 0.1523
Car -1 -1 1.9147 531.6410 172.8620 563.7141 189.8456 1.5026 1.6276 4.1239 -5.6241 1.5033 66.0389 1.8297 0.1344
Car -1 -1 1.3961 684.5082 175.9731 730.5756 207.8251 1.4962 1.6113 4.0294 4.8720 1.6622 36.3425 1.5278 0.1316
Car -1 -1 5.0209 660.9246 163.3695 690.0420 181.3289 1.6385 1.6669 3.7556 6.2306 0.7732 67.8830 5.1119 0.1308
Car -1 -1 4.0357 0.0000 221.6383 339.3471 375.0000 1.4614 1.6225 3.9514 -3.6533 1.7866 3.7095 3.2932 0.1281
Car -1 -1 4.6081 694.4412 172.9481 726.5875 199.4677 1.5061 1.5165 3.5804 5.9486 1.5119 42.8042 4.7449 0.1196
Car -1 -1 3.0551 643.9548 176.6294 714.3305 204.0873 1.5981 1.6667 4.0504 4.1128 1.8279 43.0763 3.1491 0.1104
Car -1 -1 1.5279 709.7043 181.4798 751.7609 219.7914 1.4390 1.5471 3.6080 4.9550 1.8181 29.8317 1.6902 0.1079
Car -1 -1 1.8246 627.1593 173.4958 691.5109 214.9406 1.5669 1.6464 4.1108 2.1143 1.5952 29.5588 1.8947 0.0969
Car -1 -1 1.4892 634.0826 179.5018 665.9876 205.6152 1.5206 1.6520 4.1938 2.4904 1.9567 45.2125 1.5433 0.0867
Car -1 -1 3.5570 0.0000 209.6249 346.6592 375.0000 1.4980 1.6410 3.9360 -3.1085 1.7117 2.6780 2.7459 0.0863
Car -1 -1 1.6317 0.0000 210.1553 750.2748 375.0000 1.4919 1.6055 3.8079 -1.1340 1.7357 2.6587 1.2597 0.0810
Car -1 -1 5.2085 0.0000 210.6880 256.5797 375.0000 1.4481 1.6419 4.2223 -3.2666 1.7566 3.6514 4.5139 0.0795
Car -1 -1 4.3402 647.6338 166.2890 680.2474 183.5591 1.5649 1.6916 4.0302 5.0538 0.9700 67.5569 4.4143 0.0775
Car -1 -1 2.0872 0.0000 212.5045 414.9283 375.0000 1.4115 1.5693 3.7894 -2.1268 1.6956 3.2539 1.5433 0.0756
Car -1 -1 -0.2127 649.6688 177.4627 749.0784 213.4990 1.4660 1.6135 3.9276 3.7646 1.6677 30.5886 -0.0920 0.0732
Car -1 -1 1.3393 710.5658 172.7784 759.8917 204.2027 1.5006 1.5975 3.8659 6.2814 1.4970 36.4340 1.5082 0.0702
Car -1 -1 1.5278 641.1631 174.1462 683.7374 211.1473 1.4582 1.6196 3.8889 2.1805 1.5164 30.5379 1.5979 0.0697
Car -1 -1 0.0711 618.6043 173.9164 718.9732 212.9439 1.5604 1.6199 4.0572 2.4983 1.6062 30.0182 0.1527 0.0695
Car -1 -1 3.3608 599.4867 179.0881 669.3842 205.2177 1.4988 1.6309 3.9301 1.5066 1.8839 43.2819 3.3948 0.0692
Car -1 -1 2.2506 0.0000 0.0000 1242.0000 375.0000 1.5607 1.6916 4.1933 -2.0902 1.6730 1.5641 1.4016 0.0690
Car -1 -1 0.1921 533.5162 179.8290 601.8580 205.8216 1.5246 1.5756 3.9248 -2.5247 1.9594 43.9272 0.1345 0.0647
Car -1 -1 4.3220 503.6812 172.2338 545.9753 194.4863 1.5046 1.5974 3.8977 -6.0133 1.4627 50.8786 4.2046 0.0630
Car -1 -1 5.3430 0.0000 184.9046 266.9488 293.5128 1.4768 1.6928 4.3007 -7.9322 1.7225 12.5082 4.7872 0.0616
Car -1 -1 4.2644 280.5828 203.7472 672.6440 375.0000 1.4892 1.6187 3.9580 -1.4165 1.8398 6.1348 4.0448 0.0608
Car -1 -1 1.6231 505.9329 173.9928 537.7117 201.3127 1.4798 1.5933 4.0030 -4.9772 1.5482 41.3034 1.5035 0.0595
Car -1 -1 1.5084 624.6896 181.9170 653.7485 207.3584 1.5188 1.6292 3.6872 1.8649 2.1233 46.2623 1.5479 0.0589
Car -1 -1 4.8072 639.9603 179.5339 670.9642 205.3845 1.4377 1.5411 3.1215 2.7438 1.8479 42.6497 4.8705 0.0576
Car -1 -1 1.5825 687.1230 171.9965 720.1159 203.0433 1.5385 1.6265 4.0493 4.9567 1.4960 37.8746 1.7112 0.0571
Car -1 -1 1.2581 683.9044 179.9009 752.7365 220.0893 1.4612 1.6086 3.8620 4.2849 1.7642 28.9865 1.4028 0.0570
Car -1 -1 4.7207 708.9523 175.5406 739.5002 204.9108 1.5028 1.5639 3.6806 6.2427 1.6560 39.2176 4.8770 0.0569
Car -1 -1 1.3274 520.7146 173.9475 548.0929 191.0374 1.5004 1.5538 4.0387 -6.8832 1.6033 65.7853 1.2232 0.0563
Car -1 -1 4.8909 543.4766 169.7295 569.8803 189.0675 1.7786 1.7700 4.2751 -4.9890 1.4912 68.5806 4.8182 0.0562
Car -1 -1 4.6986 646.2773 174.4461 684.3423 209.4874 1.4687 1.6029 3.8640 2.4711 1.5446 32.3995 4.7735 0.0555
Car -1 -1 4.7218 498.8796 172.5055 527.5331 198.1336 1.4980 1.6642 4.2328 -5.9018 1.4776 44.3770 4.5901 0.0550
Car -1 -1 5.0608 672.0419 175.4691 740.2284 211.9751 1.4527 1.6333 4.0614 4.2435 1.5737 31.2026 5.1941 0.0544
Car -1 -1 -0.2466 696.3655 172.5997 768.8638 199.3009 1.5115 1.6255 3.8597 7.0976 1.4971 41.8102 -0.0800 0.0539
Car -1 -1 3.1206 628.4318 180.7392 696.3208 206.8072 1.5448 1.6372 4.0754 3.2148 2.0383 44.2364 3.1921 0.0500