Car -1 -1 4.9700 383.5716 170.6757 487.8843 237.7687 1.7176 1.7706 4.6109 -4.7812 1.3454 20.7367 4.7459 0.9446
Car -1 -1 4.6976 571.6423 180.6239 617.2564 221.7611 1.5104 1.6765 3.4875 -0.5263 1.3418 28.1644 4.6787 0.9151
Car -1 -1 4.8340 472.1238 179.4877 516.5574 213.4684 1.4777 1.5675 3.8009 -5.1501 1.2286 33.1844 4.6809 0.8749
Car -1 -1 5.0285 375.1068 176.7823 441.1440 213.8178 1.4994 1.6052 3.9004 -8.5225 1.1580 31.0921 4.7629 0.5181
Car -1 -1 5.0467 257.2470 152.1494 311.4014 185.8214 1.7681 1.6284 3.5707 -17.7141 0.0318 39.5948 4.6285 0.4750
Car -1 -1 5.0575 295.6144 172.6140 360.3620 206.1742 1.4970 1.6236 3.8856 -13.1273 0.9349 34.0255 4.6917 0.3989
Car -1 -1 4.5475 530.9024 176.2686 559.2502 196.3180 1.5112 1.5839 3.9422 -4.8979 0.8368 56.2910 4.4607 0.2899
Car -1 -1 4.8013 333.0002 172.3486 366.3696 198.8146 1.6470 1.6699 4.2907 -16.7908 0.8463 47.0210 4.4599 0.2774
Car -1 -1 5.3322 0.0000 28.0745 310.9327 376.0000 2.1191 1.7216 4.2668 -4.1010 1.3506 5.6624 4.7279 0.2658
Car -1 -1 5.1304 231.4398 185.6791 354.1118 243.0351 1.4524 1.6469 4.0084 -8.6888 1.4667 20.2534 4.7296 0.2412
Car -1 -1 4.5052 355.0194 177.9950 412.2599 215.6622 1.5160 1.5884 3.9231 -9.7032 1.2254 31.0315 4.2042 0.2066
Car -1 -1 1.8029 278.9638 189.0597 365.9203 241.2522 1.4602 1.6585 3.8209 -8.7567 1.5908 22.4126 1.4341 0.1660
Car -1 -1 1.9557 562.1613 175.0235 602.8648 196.8830 1.5537 1.5997 4.0762 -1.7829 0.8293 53.2833 1.9221 0.1374
Car -1 -1 0.3075 292.7766 174.6026 392.1762 210.1672 1.5818 1.6571 3.9487 -12.0456 1.1098 32.8814 -0.0412 0.1200
Car -1 -1 1.5529 614.2225 189.0950 653.6424 223.3398 1.4228 1.6626 3.9654 1.1621 1.6079 32.3156 1.5880 0.0988
Car -1 -1 0.4948 295.8170 173.6440 369.9243 199.4066 1.6110 1.6887 4.1310 -17.5480 0.8874 46.0603 0.1325 0.0959
Car -1 -1 3.3261 477.8586 163.4921 542.1168 192.9756 1.7182 1.6999 3.5411 -5.7580 0.4522 42.8324 3.1931 0.0946
Car -1 -1 1.8619 278.4683 173.3587 346.7890 214.3295 1.6995 1.6933 4.0669 -12.9805 1.2077 31.9216 1.4783 0.0923
Car -1 -1 1.6814 244.1490 199.5196 338.6438 270.5639 1.4865 1.6936 4.1483 -7.8351 1.8924 18.1688 1.2791 0.0904
Car -1 -1 1.5971 589.5193 188.6240 629.9338 223.8725 1.4614 1.7002 4.0831 0.1690 1.6243 32.2713 1.6017 0.0869
Car -1 -1 4.8125 515.7800 166.2658 547.9873 191.8847 1.6419 1.7263 4.2516 -5.0019 0.4274 48.2005 4.7094 0.0840
Car -1 -1 5.0494 13.2477 197.4445 334.8175 376.0000 1.5388 1.6008 3.5188 -4.0337 1.6960 7.3839 4.5642 0.0832
Car -1 -1 0.3362 249.0429 173.9872 350.1039 209.1921 1.5636 1.6765 3.9159 -14.0069 1.0649 32.8896 -0.0638 0.0802
Car -1 -1 0.3604 0.0000 164.0729 306.8723 376.0000 1.6987 1.7426 4.0795 -5.1894 1.5367 6.8838 -0.2670 0.0794
Car -1 -1 3.4817 204.1617 170.4102 297.3046 201.0830 1.4948 1.5919 3.8747 -17.8096 0.7733 36.0485 3.0256 0.0765
Car -1 -1 1.6511 531.8472 173.8529 558.4159 196.1185 1.6082 1.6485 4.2963 -4.6287 0.7875 54.0748 1.5658 0.0762
Car -1 -1 3.6215 347.5198 176.4719 450.2616 212.9120 1.4966 1.5982 3.9202 -8.8673 1.1375 30.6980 3.3424 0.0733
Car -1 -1 4.8762 505.5551 163.2232 544.8622 191.4006 1.6563 1.7403 4.2261 -5.0086 0.3636 44.4116 4.7644 0.0723
Car -1 -1 3.7186 212.3273 190.7790 360.0643 242.4397 1.4583 1.6146 3.7988 -9.6108 1.6343 21.6352 3.3048 0.0659
Car -1 -1 3.4410 322.6075 172.5484 391.7248 197.7708 1.5965 1.5776 3.9178 -16.0818 0.7947 46.3551 3.1085 0.0655
Car -1 -1 1.5565 560.7075 175.2695 582.5150 196.8455 1.5205 1.5366 3.8044 -2.6316 0.8196 52.6055 1.5064 0.0620
Car -1 -1 4.1020 284.5973 169.5285 350.5097 195.9201 1.5612 1.6833 4.1841 -17.8992 0.6332 44.3739 3.7205 0.0614
Car -1 -1 5.0423 345.2825 172.7860 390.4904 197.8784 1.5732 1.5894 4.0036 -15.6106 0.7939 47.0810 4.7236 0.0595
Car -1 -1 3.5814 303.2268 180.7618 412.2267 217.3049 1.4757 1.5989 4.0050 -10.3823 1.2959 30.0434 3.2511 0.0584
Car -1 -1 5.0854 232.0153 171.4626 297.5516 204.9138 1.5359 1.5798 3.8210 -16.5655 0.9044 34.9651 4.6457 0.0573
Car -1 -1 3.5993 485.9981 167.6543 552.5531 192.0764 1.5559 1.6799 4.0135 -5.7731 0.4371 47.2534 3.4781 0.0566
Car -1 -1 3.3225 524.0605 165.3503 588.5543 190.3551 1.5954 1.6859 3.9598 -3.2937 0.3279 46.9220 3.2525 0.0556
Car -1 -1 3.9845 273.4735 172.1769 362.2527 205.1698 1.4879 1.6346 4.0361 -13.7153 0.8999 34.0505 3.6042 0.0555
Car -1 -1 4.8383 254.6268 160.6256 301.4599 192.6797 1.5690 1.6904 4.1673 -17.0640 0.3653 37.4269 4.4132 0.0539
Car -1 -1 1.6707 364.9514 175.1753 415.6678 214.0353 1.4840 1.5868 4.0263 -8.8488 1.1006 29.5778 1.3822 0.0527
Car -1 -1 1.8621 282.2681 192.0691 394.6575 257.3066 1.5003 1.6571 4.0403 -6.9521 1.7014 19.0282 1.5159 0.0525
Car -1 -1 1.7644 317.2915 167.2176 358.7217 193.5223 1.5720 1.6666 4.0980 -16.8318 0.4964 45.1149 1.4091 0.0522
Car -1 -1 1.4473 342.6900 179.9245 379.0930 205.9764 1.4925 1.6132 3.8586 -14.8611 1.1894 43.2714 1.1181 0.0521
Car -1 -1 0.4188 152.6865 185.8970 337.3226 244.4642 1.4811 1.6172 4.0740 -9.5019 1.5000 19.0846 -0.0378 0.0517
Car -1 -1 1.7764 520.8932 173.7354 554.9277 197.1918 1.6335 1.6617 4.0569 -4.9824 0.8340 52.1684 1.6813 0.0515
Car -1 -1 1.4762 540.1171 172.3934 568.1556 196.4488 1.7060 1.6694 4.3001 -3.9682 0.7967 53.2419 1.4018 0.0502