Car -1 -1 1.9316 284.3017 185.9099 370.3902 228.5492 1.4909 1.7591 4.3114 -11.1012 2.0495 28.7121 1.5654 0.8663
Car -1 -1 4.6954 599.4200 176.3233 625.7286 202.2812 1.5639 1.6042 3.8099 0.1573 1.7938 45.8989 4.6983 0.7093
Car -1 -1 4.3487 764.3248 159.3615 809.1058 183.6153 1.5698 1.6525 3.8929 11.9091 0.6965 48.7355 4.5868 0.4456
Car -1 -1 1.5361 220.4958 186.6012 244.8840 207.0932 1.4828 1.5811 4.0649 -29.9341 2.6150 57.2659 1.0561 0.2565
Car -1 -1 4.6127 231.2876 180.7548 280.6138 219.0292 1.5200 1.5784 3.6946 -15.4575 1.8862 31.4603 4.1590 0.2443
Car -1 -1 1.6251 484.2428 176.1522 520.3476 207.6743 1.4751 1.5766 3.8393 -5.3264 1.6495 36.1631 1.4795 0.1665
Car -1 -1 1.5157 353.5418 188.1883 384.9743 216.4810 1.5633 1.6173 4.0862 -14.8379 2.5546 44.4479 1.1949 0.1576
Car -1 -1 1.7343 218.5210 189.1046 251.8365 211.0379 1.5241 1.5824 4.4461 -28.9982 2.8383 55.9927 1.2581 0.1480
Car -1 -1 1.8434 453.2979 176.2950 504.6347 207.4533 1.4639 1.5546 3.8554 -6.5103 1.6466 36.3324 1.6669 0.1413
Car -1 -1 4.8552 279.5769 178.4572 324.3246 209.0315 1.4866 1.6119 3.9064 -16.1120 1.7976 37.9452 4.4559 0.1377
Car -1 -1 4.7221 194.2573 180.0890 241.3554 219.2957 1.4979 1.6491 4.0003 -16.5234 1.8255 30.5157 4.2292 0.1372
Car -1 -1 1.9447 213.8501 178.5627 372.3498 258.4617 1.4910 1.6507 4.4404 -6.7811 1.6354 16.0212 1.5498 0.1372
Car -1 -1 1.9312 192.9998 195.6922 251.9032 225.8258 1.4201 1.6409 3.4947 -20.6483 2.7009 38.6265 1.4428 0.1166
Car -1 -1 3.6752 232.6493 193.1956 299.2437 218.0366 1.4841 1.6570 3.4451 -21.7327 2.8002 45.7002 3.2333 0.1128
Car -1 -1 1.8439 215.0903 194.5574 267.4397 224.4339 1.4822 1.6326 3.9258 -20.8054 2.7754 40.9087 1.3757 0.1108
Car -1 -1 4.9865 464.1498 177.1552 508.8932 205.9100 1.4493 1.4852 3.4345 -6.5468 1.6906 38.6887 4.8195 0.1106
Car -1 -1 1.1702 184.7889 194.4999 247.5289 223.6802 1.4402 1.7004 3.8832 -21.9788 2.7044 40.2679 0.6730 0.1096
Car -1 -1 5.0167 121.4026 200.0703 194.8018 239.7363 1.4729 1.6454 3.8097 -19.7001 2.7440 31.6520 4.4634 0.1069
Car -1 -1 2.4461 23.4344 190.2395 168.6160 244.3810 1.4649 1.6251 3.4605 -15.9488 2.0551 22.6144 1.8372 0.1025
Car -1 -1 2.0092 263.7819 190.1561 316.9875 215.6590 1.4960 1.6362 3.9625 -20.7372 2.6721 47.0425 1.5958 0.1004
Car -1 -1 1.6218 517.1793 177.8197 543.1954 201.5919 1.4900 1.5268 3.7174 -5.2371 1.8329 47.9193 1.5131 0.0979
Car -1 -1 1.7294 488.4350 177.3669 529.9386 207.3543 1.4765 1.5712 3.8653 -5.2400 1.7268 38.0643 1.5930 0.0966
Car -1 -1 4.7486 92.8964 189.5185 157.6879 241.5770 1.5067 1.6432 3.7587 -16.1623 2.1130 24.2172 4.1649 0.0944
Car -1 -1 1.4780 101.9583 196.7560 158.4135 236.5261 1.4866 1.6891 4.4308 -21.2658 2.6193 31.9381 0.8942 0.0943
Car -1 -1 1.7712 498.1844 177.2716 531.3154 200.7818 1.4889 1.5024 3.6209 -6.3000 1.7957 48.2520 1.6416 0.0887
Car -1 -1 4.0496 234.5140 182.2274 314.9075 213.2419 1.4788 1.6177 4.0182 -17.1977 1.9812 37.0337 3.6173 0.0877
Car -1 -1 1.3423 195.3088 186.6644 231.6362 207.2204 1.4634 1.6394 3.8933 -30.7910 2.5744 56.0494 0.8417 0.0849
Car -1 -1 1.5150 596.5990 173.7901 627.0760 200.5871 1.5690 1.6564 3.8367 0.1005 1.6290 44.3435 1.5168 0.0844
Car -1 -1 2.0407 157.7833 195.7179 350.2899 288.5718 1.4233 1.6318 4.1448 -6.7206 1.9395 14.1927 1.6051 0.0838
Car -1 -1 1.7307 217.7381 186.5536 252.6709 208.7873 1.5286 1.6796 4.3001 -28.3503 2.6119 54.7504 1.2546 0.0808
Car -1 -1 1.7696 123.2013 193.0961 169.0901 220.6064 1.4917 1.6171 3.9353 -28.4370 2.7965 44.3819 1.2022 0.0755
Car -1 -1 1.6861 263.0181 185.1969 293.0639 206.7409 1.5021 1.6132 4.0892 -25.2315 2.4807 55.0148 1.2577 0.0750
Car -1 -1 1.7636 502.8827 178.2514 534.3577 201.0923 1.5048 1.5040 3.6362 -6.2990 1.8949 50.2828 1.6393 0.0742
Car -1 -1 0.1424 293.9231 187.9380 375.8124 219.0492 1.4945 1.6520 3.7283 -14.0335 2.2941 37.0422 -0.2178 0.0741
Car -1 -1 1.3931 781.8145 166.8166 828.0576 198.8505 1.5310 1.6212 3.6247 9.7851 1.2425 36.3585 1.6536 0.0732
Car -1 -1 1.8788 91.8904 208.2825 167.1566 250.1198 1.4471 1.6556 3.2874 -19.7461 3.0001 29.8218 1.2977 0.0721
Car -1 -1 -0.2617 754.6601 159.2709 820.3521 183.4753 1.5706 1.6342 3.9242 11.7236 0.6892 47.6794 -0.0222 0.0698
Car -1 -1 4.9877 296.1732 180.2660 432.5692 261.5368 1.4995 1.7121 4.1382 -5.1690 1.6833 15.7951 4.6757 0.0689
Car -1 -1 2.0500 257.5432 182.7764 323.8790 215.0177 1.4808 1.5622 3.5529 -15.8684 2.0022 36.0883 1.6382 0.0687
Car -1 -1 2.0129 171.6415 179.4834 265.6941 220.9768 1.5085 1.6691 4.2048 -15.6004 1.7951 29.0539 1.5237 0.0672
Car -1 -1 1.7486 517.5284 177.0460 549.5696 200.5910 1.5557 1.5752 3.7795 -5.2593 1.8593 50.3098 1.6445 0.0672
Car -1 -1 0.6708 658.2930 170.8400 814.8975 230.7341 1.4930 1.6156 4.1831 3.4255 1.4427 20.0794 0.8367 0.0663
Car -1 -1 1.9943 193.0764 187.8653 241.3238 210.0292 1.5093 1.6411 4.0646 -29.3199 2.6771 54.0468 1.4990 0.0630
Car -1 -1 1.6253 292.3652 189.4519 318.3390 211.2703 1.5097 1.6134 3.9814 -23.2922 2.8320 55.3375 1.2283 0.0615
Car -1 -1 1.5455 93.3670 193.2629 128.9995 221.5491 1.4960 1.6655 3.8557 -29.8422 2.7749 43.1665 0.9433 0.0599
Car -1 -1 1.2267 91.6493 190.8043 142.3182 214.9349 1.4848 1.6111 3.9302 -33.3988 2.7463 48.8974 0.6298 0.0598
Car -1 -1 3.3204 577.9924 176.0874 642.2401 201.7952 1.5685 1.5998 3.8221 0.0549 1.7772 45.4347 3.3211 0.0597
Car -1 -1 -0.5875 491.8260 177.7589 574.1179 208.6471 1.4796 1.6099 3.9753 -3.8959 1.7444 37.0518 -0.6920 0.0582
Car -1 -1 1.6145 106.7501 187.9925 140.8147 214.1736 1.5359 1.6533 3.9360 -31.5124 2.5637 46.8803 1.0251 0.0581
Car -1 -1 1.4806 290.3957 184.5361 330.8127 217.4023 1.4818 1.5480 3.5060 -14.8674 2.0924 35.8022 1.0892 0.0581
Car -1 -1 1.2011 262.7864 186.9751 299.5034 204.4023 1.4832 1.7205 4.1320 -30.4291 2.8310 66.8073 0.7749 0.0574
Car -1 -1 0.5577 13.4326 187.8516 167.1568 237.3012 1.4851 1.6486 3.6981 -16.5711 1.9859 23.1638 -0.0580 0.0573
Car -1 -1 2.9884 459.6027 178.2328 540.7411 207.8282 1.4545 1.5982 3.9503 -5.6652 1.7427 37.3046 2.8383 0.0570
Car -1 -1 1.7535 586.3721 171.4029 626.3538 200.5312 1.6424 1.6608 4.0568 -0.1385 1.5605 42.8265 1.7498 0.0567
Car -1 -1 4.1516 139.8813 185.9941 240.7201 226.9291 1.4964 1.6475 4.0068 -16.9301 2.0569 29.1112 3.6286 0.0561
Car -1 -1 1.4291 743.9958 172.9703 822.4425 230.4566 1.4844 1.6092 3.9682 4.8673 1.4881 20.6853 1.6563 0.0559
Car -1 -1 1.6338 195.5573 181.4524 251.5504 224.3530 1.4826 1.6405 4.0289 -14.8845 1.8419 27.9804 1.1486 0.0555
Car -1 -1 1.3017 190.2554 188.5880 229.5034 210.2866 1.5005 1.6368 3.8707 -30.3154 2.7357 54.6881 0.7973 0.0551
Car -1 -1 1.5932 102.6570 203.2863 155.9491 246.6854 1.4420 1.6658 3.6584 -19.0697 2.7391 28.7609 1.0117 0.0546
Car -1 -1 1.8584 247.2728 189.3492 296.1184 216.7265 1.5113 1.6467 4.0040 -20.7488 2.5758 44.4627 1.4238 0.0545
Car -1 -1 1.9859 210.5617 183.1863 288.9926 219.6441 1.4789 1.6301 4.1057 -16.1103 1.9747 32.5362 1.5290 0.0536
Car -1 -1 1.4495 280.2617 185.1850 312.8210 208.2136 1.5142 1.6800 4.0110 -22.5478 2.4381 51.9069 1.0413 0.0536
Car -1 -1 2.0461 223.6366 188.0576 270.2555 208.5165 1.4770 1.6165 4.0539 -28.6580 2.7242 57.1542 1.5829 0.0516
Car -1 -1 1.7277 523.8724 177.2759 553.2220 199.7866 1.5715 1.5633 3.8617 -5.1898 1.9091 53.1206 1.6304 0.0512