Car -1 -1 4.3746 772.1817 195.4760 1066.6765 373.4859 1.3985 1.6299 4.1761 3.1358 1.7244 8.2981 4.7228 0.9673
Car -1 -1 1.8588 232.4340 178.6372 443.0129 323.6329 1.5090 1.5219 3.6618 -3.3142 1.6002 9.5171 1.5314 0.9601
Car -1 -1 4.4188 716.8186 187.1837 852.6547 285.8164 1.5424 1.5515 3.2042 3.1123 1.8417 13.4173 4.6407 0.9482
Car -1 -1 1.6996 465.4036 173.4670 526.6881 218.1633 1.4597 1.6372 3.9737 -3.9461 1.4832 25.6246 1.5478 0.9126
Car -1 -1 4.5022 674.0217 179.7176 754.5085 239.3346 1.4905 1.5470 3.3018 2.8331 1.6982 20.1344 4.6391 0.8944
Car -1 -1 2.0141 0.0000 30.8461 339.2675 375.0000 1.3822 1.5992 4.0599 -2.9189 0.9606 4.2584 1.4414 0.8677
Car -1 -1 4.6085 653.9471 177.1949 711.8330 224.4305 1.4802 1.5941 3.6034 2.4433 1.6400 24.7499 4.7050 0.8624
Car -1 -1 4.5814 637.5489 173.3097 688.3491 211.1524 1.5019 1.6232 4.1304 2.2081 1.5227 30.7986 4.6517 0.7232
Car -1 -1 0.7541 1031.3835 220.9187 1242.0000 375.0000 1.4545 1.5557 3.6549 3.5132 1.7695 2.8889 1.5866 0.3848
Car -1 -1 1.3494 723.1832 162.8878 760.1282 186.8678 1.5575 1.6247 3.9565 8.8981 0.9102 48.8750 1.5282 0.3710
Car -1 -1 4.5391 611.2778 172.1143 636.2247 189.3529 1.4842 1.5958 3.7143 1.2308 1.4205 64.0808 4.5579 0.3574
Car -1 -1 3.4797 296.6354 158.4450 437.4442 206.9252 1.4640 1.5499 3.8861 -7.5255 1.0289 22.6033 3.1616 0.2792
Car -1 -1 -0.8525 1020.9423 215.1357 1242.0000 375.0000 1.4470 1.6269 4.0092 4.7076 1.7271 3.9368 -0.0153 0.2043
Car -1 -1 4.8799 248.9648 120.3411 354.6877 196.4820 1.6071 1.6759 3.7785 -7.2117 0.4987 17.2575 4.4894 0.1866
Car -1 -1 1.6822 663.6240 178.6447 692.5712 202.0423 1.6711 1.7397 4.1634 5.2471 2.1291 54.8461 1.7766 0.1707
Car -1 -1 0.1275 640.2866 181.2588 692.9745 202.3461 1.5099 1.5718 3.7427 4.2642 2.1492 53.7324 0.2057 0.1613
Car -1 -1 4.4634 480.2443 173.2471 536.7252 207.7685 1.4514 1.6315 3.7738 -4.6001 1.4702 32.4373 4.3232 0.1532
Car -1 -1 4.5749 502.6849 165.1906 544.1298 195.7172 1.5292 1.6413 4.0598 -4.6254 1.1453 38.3169 4.4552 0.1441
Car -1 -1 1.5837 633.5145 177.9983 666.2985 209.5745 1.4989 1.5863 3.9490 2.0888 1.7767 36.9344 1.6392 0.1282
Car -1 -1 3.6570 180.5703 126.3904 376.7222 196.1300 1.4966 1.6230 3.7639 -7.4688 0.4995 16.4714 3.2373 0.1250
Car -1 -1 4.6341 512.9201 174.5083 545.8912 202.4284 1.5301 1.6063 3.7500 -4.6789 1.6304 41.7714 4.5228 0.1164
Car -1 -1 3.9588 653.0449 165.7364 697.3857 184.9553 1.6070 1.6512 3.8133 5.6422 1.0118 62.3414 4.0484 0.1155
Car -1 -1 4.9801 374.2761 161.3415 453.8260 209.8910 1.4655 1.5646 3.7339 -6.3068 1.1180 23.6539 4.7219 0.1150
Car -1 -1 2.7669 1010.9114 206.0337 1242.0000 375.0000 1.4773 1.6014 4.1335 4.0971 1.6980 3.1047 3.6436 0.1093
Car -1 -1 4.5960 901.8279 225.5004 1242.0000 375.0000 1.4636 1.5768 3.8288 2.3460 1.8594 3.3588 5.1635 0.1034
Car -1 -1 4.8738 624.6391 166.7957 661.2429 193.4253 1.5023 1.5857 3.7151 2.0168 1.1605 42.6869 4.9203 0.1004
Car -1 -1 4.0139 1124.7026 171.5086 1242.0000 375.0000 1.4806 1.5969 3.7902 6.5860 1.4724 6.3698 4.7926 0.0924
Car -1 -1 1.5651 605.2235 174.2422 644.5007 211.8708 1.6314 1.7121 4.4459 0.6986 1.7005 33.6816 1.5851 0.0912
Car -1 -1 0.8028 641.5268 196.6378 1242.0000 375.0000 1.4597 1.5921 3.9509 1.8011 1.6820 4.6156 1.1517 0.0905
Car -1 -1 1.2314 1052.3364 210.4750 1242.0000 375.0000 1.3986 1.6479 3.6640 3.9552 1.7261 4.2743 1.9431 0.0873
Car -1 -1 -0.9326 1141.8541 161.6204 1242.0000 330.2691 1.5201 1.6348 4.1908 8.1769 1.4188 7.5838 -0.1291 0.0866
Car -1 -1 4.5098 669.1176 161.1702 706.6589 188.2628 1.6747 1.6548 3.8950 5.0125 0.9525 46.6190 4.6160 0.0837
Car -1 -1 -0.3768 475.3837 203.4870 1242.0000 375.0000 1.5002 1.6169 3.9792 1.3558 1.7109 4.0081 -0.0748 0.0805
Car -1 -1 1.5612 528.8726 162.5920 561.2416 194.4989 1.6132 1.6338 4.1093 -3.4695 1.0944 38.6062 1.4719 0.0720
Car -1 -1 2.6419 662.1848 182.2162 716.0057 203.7224 1.5201 1.6444 3.6404 5.9190 2.2360 53.7187 2.7506 0.0715
Car -1 -1 1.6860 379.1917 165.4076 437.1233 207.6580 1.5291 1.7027 4.1523 -7.8104 1.2596 28.2951 1.4187 0.0694
Car -1 -1 1.5086 636.1745 175.1364 677.2533 210.4728 1.5545 1.6697 4.1711 2.1689 1.6689 34.0966 1.5711 0.0685
Car -1 -1 0.8764 625.2096 179.7786 676.6229 201.2657 1.4996 1.6506 3.9940 3.0442 2.0360 53.8013 0.9321 0.0681
Car -1 -1 3.9361 0.0000 0.0000 1242.0000 375.0000 1.5142 1.6070 3.9722 2.7452 1.6003 1.7827 4.8575 0.0678
Car -1 -1 5.3628 0.0000 51.9810 171.5381 247.3569 1.6268 1.6912 3.8304 -6.7810 0.6204 7.9547 4.6733 0.0661
Car -1 -1 5.6059 0.0000 43.0020 139.6484 338.7049 1.7352 1.7005 4.2366 -6.5896 0.9732 6.4371 4.8295 0.0633
Car -1 -1 3.3668 464.1018 165.2825 550.5884 195.0413 1.5487 1.6509 4.3154 -5.4241 1.1547 38.5586 3.2277 0.0632
Car -1 -1 1.4832 376.0711 187.8919 457.6917 258.3589 1.4777 1.6414 3.9552 -4.9447 1.9013 18.1832 1.2206 0.0620
Car -1 -1 3.5377 499.4126 168.8542 582.8994 200.7647 1.5793 1.6481 3.9407 -3.5039 1.3813 37.0820 3.4437 0.0609
Car -1 -1 1.6403 486.8862 172.6593 529.6027 210.3548 1.5248 1.5447 4.0503 -4.3278 1.5169 31.2586 1.5034 0.0607
Car -1 -1 -0.2490 676.3058 162.3352 748.3566 187.1423 1.5241 1.6289 4.2128 6.4333 0.8779 45.3697 -0.1093 0.0606
Car -1 -1 2.6475 683.4901 189.5910 742.4630 211.5166 1.4997 1.7720 3.9323 7.6147 2.7681 53.1709 2.7883 0.0597
Car -1 -1 1.4542 665.0336 165.4381 689.4108 183.6263 1.5361 1.6507 4.0842 5.8736 0.9098 62.9984 1.5465 0.0592
Car -1 -1 4.8333 739.4620 162.6287 770.8735 187.1815 1.5942 1.6118 4.1119 9.9364 0.9303 49.0548 5.0317 0.0581
Car -1 -1 1.4534 658.2471 183.0421 686.8130 204.7107 1.4920 1.6491 4.0227 4.6415 2.2780 53.6332 1.5388 0.0566
Car -1 -1 4.6600 607.0237 176.1900 650.3660 214.4509 1.4891 1.6079 4.1376 0.7485 1.6400 30.5378 4.6837 0.0557
Car -1 -1 1.4677 612.9500 180.4723 652.7263 211.7917 1.4691 1.6172 4.0589 1.1377 1.8811 36.9411 1.4976 0.0545
Car -1 -1 1.5858 612.7983 169.0454 632.8970 189.3468 1.6698 1.6489 4.1626 1.1604 1.3565 61.4543 1.6043 0.0544
Car -1 -1 1.9719 490.3949 172.1586 551.5463 206.3182 1.6069 1.6026 3.9749 -4.3577 1.5742 36.0747 1.8521 0.0539
Car -1 -1 -0.0457 702.5023 162.5262 763.8893 185.7489 1.5045 1.6105 3.9344 8.1436 0.8354 47.7835 0.1219 0.0533
Car -1 -1 4.5166 677.1547 158.6126 717.8749 189.8076 1.7983 1.7307 3.7728 5.2566 0.9773 43.5421 4.6356 0.0532
Car -1 -1 1.7013 659.0613 178.7693 688.7599 201.8788 1.5510 1.6185 3.9315 4.6372 1.9911 51.5927 1.7899 0.0512