Car -1 -1 1.6880 523.6625 177.7760 576.7090 215.8907 1.4381 1.7101 4.0845 -2.3811 1.6558 29.8335 1.6085 0.9277
Car -1 -1 1.7970 572.6675 172.4238 611.5114 198.3336 1.5541 1.5974 3.9329 -1.0509 1.5283 45.3647 1.7736 0.5912
Car -1 -1 4.5374 522.2191 172.7632 565.1094 200.8125 1.4565 1.6463 4.1582 -3.6777 1.4517 39.6884 4.4452 0.1852
Car -1 -1 1.8043 506.2370 165.8460 556.3308 196.8986 1.5274 1.6610 4.2238 -4.0197 1.1827 37.6900 1.6984 0.1136
Car -1 -1 1.7767 564.9769 172.5692 605.7812 200.2936 1.6034 1.6477 4.2458 -1.4181 1.5869 43.9612 1.7442 0.1114
Car -1 -1 4.5875 500.3317 171.8426 539.5674 200.6598 1.4876 1.6238 4.1308 -4.9482 1.4354 39.4487 4.4631 0.0749
Car -1 -1 1.6274 504.6874 180.3428 536.4268 207.9462 1.4628 1.5813 3.8750 -5.0506 1.9121 41.2990 1.5060 0.0681
Car -1 -1 1.0959 489.8056 179.5886 527.9254 198.4101 1.5061 1.6241 3.8472 -8.5752 2.0967 61.2375 0.9570 0.0671
Car -1 -1 1.8310 509.8858 178.7531 538.4288 197.2044 1.5011 1.5319 3.6852 -7.2889 2.0227 61.8684 1.7138 0.0666
Car -1 -1 3.0433 557.2662 171.9747 621.0505 197.7455 1.5608 1.6165 3.8125 -1.2898 1.5075 44.7425 3.0143 0.0587
Car -1 -1 -0.1129 523.0444 174.1694 599.9072 201.8283 1.4652 1.6239 4.0399 -2.6551 1.5393 39.4929 -0.1800 0.0583
Car -1 -1 1.2108 517.1990 174.7156 549.4812 191.8978 1.4864 1.5813 4.0089 -6.9013 1.6597 65.0281 1.1052 0.0582
Car -1 -1 2.0412 545.7985 172.0154 602.9935 200.8510 1.6112 1.6562 4.1684 -2.0121 1.5644 42.5572 1.9938 0.0550
Car -1 -1 3.4826 477.5187 171.2360 556.1966 199.1964 1.4730 1.6008 3.9318 -5.0181 1.3878 39.2125 3.3558 0.0518
Car -1 -1 0.3468 497.2688 168.3658 575.4230 197.7928 1.5133 1.6123 3.8116 -3.8743 1.2825 38.3511 0.2465 0.0517