Car -1 -1 1.6532 509.0503 172.7515 594.1119 243.2277 1.5299 1.7426 4.1868 -1.0797 1.3398 17.7020 1.5878 0.9421
Car -1 -1 1.6114 509.4611 167.2527 541.6420 194.9614 1.4341 1.5974 4.1016 -4.0451 0.6961 39.2781 1.5045 0.2296
Car -1 -1 4.7094 511.8347 163.1381 537.6234 187.1457 1.5159 1.6227 3.8632 -5.0019 0.3557 47.3669 4.6000 0.1414
Car -1 -1 4.5219 569.3877 166.9402 596.9223 186.6506 1.6041 1.6143 3.7732 -1.4829 0.4182 60.4779 4.4926 0.0911
Car -1 -1 3.2435 532.8091 171.2109 601.4443 197.2723 1.4990 1.5896 3.8921 -1.9215 0.9065 42.2122 3.1933 0.0862
Car -1 -1 2.0415 575.4464 179.2007 625.5008 204.8920 1.4771 1.5202 3.6863 0.0505 1.3442 43.2875 2.0376 0.0794
Car -1 -1 3.2746 484.8411 163.5442 547.7164 186.9065 1.4808 1.5921 3.8561 -5.3935 0.3419 46.3509 3.1546 0.0792
Car -1 -1 1.7338 464.7621 191.1304 525.7659 236.4894 1.4574 1.6023 3.5476 -3.6753 1.8244 25.6245 1.5874 0.0777
Car -1 -1 4.6079 509.6891 170.8008 556.3514 206.9726 1.4746 1.6198 3.7507 -2.9883 1.0379 31.2842 4.5085 0.0675
Car -1 -1 1.4570 579.8452 194.0774 650.4448 249.9521 1.4515 1.6472 4.0075 0.3515 1.8670 21.6737 1.4675 0.0642
Car -1 -1 4.6306 543.7125 163.3203 569.6544 186.3288 1.7273 1.6771 4.0205 -3.4432 0.3616 56.0377 4.5646 0.0635
Car -1 -1 -0.3598 509.3452 161.7176 585.6155 189.0370 1.5438 1.6395 4.1592 -3.1021 0.4252 42.2174 -0.4375 0.0633
Car -1 -1 3.3462 541.0831 165.5614 598.5536 186.9904 1.6088 1.6427 4.1581 -2.3242 0.4113 55.0687 3.2994 0.0632
Car -1 -1 3.0636 582.3041 177.3583 646.6881 203.1832 1.4844 1.5718 3.6620 0.7987 1.2456 42.1903 3.0774 0.0619
Car -1 -1 4.5309 561.6185 159.4090 593.3856 183.2467 1.7959 1.7413 4.1990 -1.8367 0.1307 56.3563 4.4937 0.0600
Car -1 -1 1.5535 567.0486 182.9141 606.4144 218.7623 1.4641 1.6187 4.0817 -0.6480 1.5297 31.5735 1.5280 0.0597
Car -1 -1 4.7162 577.5491 163.3141 600.1736 185.2712 1.6513 1.7017 3.8814 -0.9000 0.2827 55.9777 4.6954 0.0557
Car -1 -1 1.7768 468.3575 183.8086 530.0437 224.5800 1.4678 1.6173 3.9710 -3.8789 1.5642 28.1241 1.6358 0.0547
Car -1 -1 1.5853 587.8369 181.4110 626.5662 216.8717 1.4656 1.6015 3.9580 0.3196 1.4614 31.6827 1.5902 0.0530
Car -1 -1 1.6392 499.9067 191.2960 552.0693 237.2019 1.4646 1.6070 3.6447 -2.5799 1.8379 25.5575 1.5342 0.0514
Car -1 -1 1.6880 494.7734 193.4120 549.5005 237.0224 1.4516 1.6072 3.7942 -2.8530 1.9279 26.8510 1.5778 0.0505