Car -1 -1 4.7211 559.5118 182.2247 619.4637 235.0619 1.5198 1.7251 3.3488 -0.5348 1.4337 22.3640 4.6970 0.9767
Car -1 -1 4.9634 373.8459 183.0985 508.0189 269.3844 1.4886 1.6237 4.0245 -3.1561 1.4521 14.4442 4.7517 0.9196
Car -1 -1 5.1018 0.0000 193.0630 412.1894 376.0000 1.4591 1.6613 4.4422 -3.2422 1.5592 6.9229 4.6783 0.9163
Car -1 -1 5.0917 297.8184 184.9043 365.6874 217.8519 1.4166 1.5922 3.7809 -12.4841 1.4032 32.8127 4.7305 0.8881
Car -1 -1 4.7662 492.2898 181.1748 542.7055 223.1375 1.4432 1.6344 4.0978 -3.2730 1.3042 26.8215 4.6456 0.8793
Car -1 -1 5.2176 99.2059 183.9314 301.9921 269.6454 1.4350 1.6106 4.1066 -7.6869 1.4135 14.0996 4.7263 0.7701
Car -1 -1 5.1313 342.8833 181.9113 436.8636 229.4589 1.5650 1.6574 4.1730 -7.6831 1.4562 25.8380 4.8447 0.6369
Car -1 -1 4.8433 429.8622 179.5201 469.6588 208.0007 1.4746 1.6492 3.6077 -8.5083 1.1797 39.0859 4.6300 0.5767
Car -1 -1 4.8792 471.9396 177.7197 503.6113 199.7066 1.5647 1.6636 4.0097 -8.7879 1.0313 53.1659 4.7158 0.4776
Car -1 -1 4.8589 536.6538 182.8840 573.6537 210.9521 1.4596 1.5181 3.4614 -2.7923 1.3384 39.1657 4.7877 0.2949
Car -1 -1 2.1769 147.9722 181.8774 278.9071 237.2352 1.5633 1.6122 3.8930 -12.0619 1.4690 22.3268 1.6863 0.2816
Car -1 -1 4.7825 111.6993 178.4558 148.2724 203.0719 1.4441 1.5848 4.0633 -29.3734 1.0475 44.3304 4.1999 0.2674
Car -1 -1 4.4786 571.9562 172.5777 602.5025 192.5081 1.6195 1.6597 4.1324 -1.7214 0.5926 60.6231 4.4500 0.2477
Car -1 -1 4.4526 418.7831 172.8327 452.6851 194.0103 1.6208 1.6223 4.1167 -13.6804 0.6731 57.2153 4.2187 0.2105
Car -1 -1 2.1619 228.1507 177.9005 308.4694 210.3425 1.4894 1.6342 3.9017 -16.4254 1.1535 35.0559 1.7264 0.1945
Car -1 -1 0.2049 400.0150 181.8647 476.9135 209.5634 1.4389 1.5046 3.7425 -8.9095 1.2648 38.1398 -0.0234 0.1879
Car -1 -1 1.2916 523.5494 187.2036 555.3219 205.9567 1.4967 1.6179 3.9199 -5.6838 1.6683 59.9422 1.1970 0.1524
Car -1 -1 1.3837 533.6776 183.4263 563.8322 204.5963 1.4856 1.5299 3.6923 -4.2953 1.3601 52.4300 1.3020 0.1358
Car -1 -1 1.7445 425.0767 183.5928 469.9095 213.2630 1.4547 1.5691 4.1538 -8.2325 1.3751 37.3527 1.5287 0.1184
Car -1 -1 1.6526 308.7431 207.7490 379.6565 264.9846 1.4216 1.6709 2.9529 -7.5250 2.1248 20.7901 1.3088 0.1146
Car -1 -1 5.1048 176.7761 183.6725 278.4004 234.5321 1.5432 1.6498 3.7066 -12.3948 1.4964 23.7286 4.6277 0.1067
Car -1 -1 0.0760 458.2029 177.7788 510.4736 199.1920 1.5249 1.6018 3.6255 -8.8783 0.9953 52.1548 -0.0921 0.0992
Car -1 -1 4.5358 382.8178 171.9397 410.4764 190.1507 1.4889 1.5764 3.9786 -17.8654 0.4035 60.9029 4.2514 0.0976
Car -1 -1 1.3681 412.8153 173.6747 447.6565 195.4215 1.5225 1.6587 4.2281 -12.9842 0.7145 52.5929 1.1269 0.0969
Car -1 -1 1.9691 321.7593 170.1504 369.7798 195.6433 1.5717 1.5890 3.6817 -16.7414 0.6429 46.2002 1.6231 0.0932
Car -1 -1 -0.5458 524.0513 194.4243 634.9558 233.8219 1.4863 1.7558 4.3341 -1.1179 1.8945 29.9456 -0.5834 0.0862
Car -1 -1 2.1302 148.7466 169.8358 241.9504 207.8815 1.4888 1.5657 3.8467 -17.1155 0.8870 30.0876 1.6167 0.0859
Car -1 -1 1.5865 603.6534 183.0529 620.6616 200.1484 1.4727 1.4512 3.8876 0.4640 1.2864 63.8854 1.5932 0.0794
Car -1 -1 1.0543 505.9062 187.2939 546.1605 206.1280 1.4821 1.6725 3.7003 -6.6887 1.6584 58.9949 0.9414 0.0782
Car -1 -1 1.6707 528.6296 192.0070 567.1149 221.0397 1.4044 1.6737 3.1026 -3.0181 1.7694 37.0716 1.5895 0.0766
Car -1 -1 -0.3789 534.4032 183.3531 620.8336 212.2801 1.5002 1.7029 4.3580 -1.5956 1.4036 38.9468 -0.4200 0.0714
Car -1 -1 1.6662 106.9479 175.2597 147.2702 202.1611 1.5298 1.6022 4.2142 -28.7308 0.9636 43.1141 1.0810 0.0706
Car -1 -1 -0.2132 343.9739 182.5717 474.5135 229.0527 1.5234 1.6361 4.1708 -6.9310 1.4368 25.2476 -0.4788 0.0702
Car -1 -1 4.5521 332.5361 173.0604 366.3931 196.3440 1.5092 1.5754 3.7854 -17.4663 0.7213 48.6331 4.2088 0.0700
Car -1 -1 1.8478 421.4634 209.1772 517.4463 271.6144 1.4537 1.6824 3.6255 -3.7299 2.1854 20.0674 1.6657 0.0673
Car -1 -1 4.6777 519.1838 183.0983 550.3264 210.8441 1.4315 1.5517 3.7375 -3.9723 1.3222 39.0445 4.5766 0.0668
Car -1 -1 3.3356 164.8423 180.7083 322.3607 233.5295 1.5577 1.6886 4.1550 -11.2605 1.4248 22.5572 2.8770 0.0655
Car -1 -1 5.1363 123.4514 177.8018 184.2444 202.7291 1.4730 1.6209 4.1422 -28.0608 1.0349 44.6401 4.5775 0.0614
Car -1 -1 4.8940 161.3761 210.0782 413.3124 376.0000 1.4876 1.7277 4.3706 -3.3323 1.8579 8.3981 4.5265 0.0579
Car -1 -1 -0.0147 426.6906 180.6155 498.7858 209.2770 1.4694 1.5450 3.6618 -7.6260 1.2335 37.9928 -0.2118 0.0579
Car -1 -1 1.6002 526.0631 180.0282 551.6833 203.1215 1.5249 1.6367 4.0100 -4.6699 1.1824 49.5213 1.5062 0.0578
Car -1 -1 1.5301 593.1911 184.5610 626.9418 213.2695 1.4620 1.6507 3.7733 0.1105 1.4287 38.5263 1.5325 0.0568
Car -1 -1 1.9512 83.9422 174.9759 147.8210 202.5294 1.5079 1.6110 4.1397 -28.2901 0.9475 41.5350 1.3561 0.0568
Car -1 -1 4.6142 291.3723 178.5283 328.0919 205.6133 1.4570 1.5636 3.7739 -16.8761 1.0973 40.7033 4.2232 0.0559
Car -1 -1 1.2569 435.4409 193.2074 494.6256 224.4844 1.4319 1.7458 4.1003 -7.2265 1.8596 36.2581 1.0611 0.0555
Car -1 -1 3.4179 203.2187 176.2866 296.1816 207.0103 1.4955 1.6212 3.8877 -17.8980 1.0609 36.1389 2.9607 0.0547
Car -1 -1 1.3653 282.7627 193.9080 348.9948 234.7684 1.4520 1.6531 4.0588 -11.6483 1.8238 28.6043 0.9814 0.0543
Car -1 -1 1.7929 457.4252 175.6838 495.0152 200.8324 1.6282 1.6431 4.0465 -8.8023 1.0111 48.5971 1.6143 0.0509
Car -1 -1 1.4666 530.8485 180.7342 557.0420 200.7309 1.4968 1.6233 3.9673 -4.9519 1.1614 55.9110 1.3782 0.0506
Car -1 -1 2.9759 564.8649 173.8770 616.3876 192.2258 1.4816 1.6443 4.0278 -1.3804 0.5661 59.2334 2.9523 0.0502