Car -1 -1 4.4968 662.2384 180.3082 785.6911 265.7002 1.4454 1.5734 4.1828 2.1622 1.6197 14.7308 4.6386 0.9641
Car -1 -1 3.6224 154.8867 192.5562 328.2776 252.9157 1.4050 1.6132 3.5515 -9.1808 1.9245 18.1840 3.1604 0.9307
Car -1 -1 4.5460 635.6223 179.3374 695.2766 222.8292 1.4788 1.5988 3.8983 2.0259 1.7409 27.1503 4.6189 0.9264
Car -1 -1 5.1350 0.0000 194.2210 349.6945 375.0000 1.4043 1.6368 4.0622 -3.5017 1.6410 5.8943 4.6177 0.9205
Car -1 -1 4.7245 498.8694 178.9804 544.2639 222.3568 1.5356 1.6413 4.4254 -3.4394 1.7969 28.4785 4.6048 0.8968
Car -1 -1 4.5767 625.1442 177.7576 670.8679 211.6359 1.4516 1.6033 3.8416 1.7251 1.6926 33.4727 4.6272 0.3988
Car -1 -1 4.7859 258.4184 179.5196 294.7953 207.1804 1.4446 1.5840 3.6633 -18.7007 1.8384 40.6350 4.3568 0.3366
Car -1 -1 4.6786 622.6126 169.6689 652.1822 199.4525 1.7300 1.6583 3.9533 1.6528 1.5450 43.8909 4.7155 0.2671
Car -1 -1 -0.0805 616.0861 170.7086 677.4653 198.0381 1.5883 1.5891 3.5161 2.1751 1.4636 42.7812 -0.0305 0.2572
Car -1 -1 4.9611 299.2397 178.6668 342.7148 204.2612 1.4232 1.5045 3.8088 -17.1412 1.7856 43.0075 4.5837 0.2291
Car -1 -1 4.8721 498.0193 164.3380 547.3185 199.8705 1.5663 1.6709 4.0035 -4.0082 1.1909 33.8412 4.7548 0.2093
Car -1 -1 4.4692 526.7325 178.1831 568.8162 206.8645 1.5699 1.5780 3.8424 -3.6710 1.8979 42.3383 4.3827 0.1908
Car -1 -1 1.3589 326.1048 178.1650 358.8289 199.0739 1.5270 1.5766 3.9832 -20.7085 1.9537 55.8660 1.0052 0.1651
Car -1 -1 5.6251 0.0000 0.0000 1242.0000 375.0000 1.5913 1.6460 3.6391 -2.7603 1.6277 1.5701 4.6445 0.1626
Car -1 -1 4.1902 486.2989 165.6892 530.3397 186.2249 1.5146 1.6130 3.8916 -7.7837 0.9862 55.2480 4.0507 0.1518
Car -1 -1 3.4510 491.6057 167.7469 544.0236 186.1542 1.4814 1.5912 3.9713 -7.5140 1.0704 59.2144 3.3251 0.1449
Car -1 -1 5.1178 0.0000 0.0000 1242.0000 375.0000 1.5972 1.6251 3.6162 -1.4010 1.5470 1.6360 4.4837 0.1408
Car -1 -1 4.7287 505.3826 166.8462 525.8647 186.1594 1.5584 1.6297 3.9028 -7.8155 1.0737 60.2536 4.6000 0.1272
Car -1 -1 4.5981 651.9550 167.5932 679.3188 188.6595 1.4831 1.5480 3.9765 4.0676 1.1127 52.8141 4.6742 0.1028
Car -1 -1 0.2262 455.8482 166.6511 546.9971 200.1761 1.4721 1.6030 3.8132 -4.8499 1.1997 32.6339 0.0795 0.0979
Car -1 -1 4.7614 524.6030 169.0437 545.0979 186.4917 1.5535 1.6703 4.1687 -6.8416 1.2142 66.3680 4.6589 0.0952
Car -1 -1 4.5330 597.2740 177.3055 647.9275 211.8477 1.4656 1.6347 4.0209 0.5365 1.6840 33.2769 4.5484 0.0947
Car -1 -1 5.3345 501.4296 164.8159 550.8594 185.9784 1.5643 1.7016 4.1085 -6.3738 0.9701 55.5423 5.2206 0.0927
Car -1 -1 1.7660 477.7668 176.4808 518.5743 204.5589 1.5058 1.5794 3.8376 -6.2994 1.7224 41.1500 1.6146 0.0926
Car -1 -1 4.4521 607.4000 169.6538 641.5255 192.5839 1.6725 1.6374 3.8888 1.0901 1.4391 54.7128 4.4716 0.0897
Car -1 -1 1.9509 123.7482 172.5831 208.9965 209.7073 1.4634 1.6198 4.2012 -18.6936 1.4527 30.6465 1.4069 0.0865
Car -1 -1 3.6940 258.3009 178.6160 336.9418 204.4632 1.4531 1.6270 3.9521 -18.1921 1.7984 42.1449 3.2885 0.0844
Car -1 -1 2.0523 155.3570 173.1733 242.1787 210.2058 1.4816 1.5847 3.9007 -17.4587 1.4961 30.8740 1.5412 0.0788
Car -1 -1 4.8079 257.3569 180.8258 294.4857 209.9460 1.4718 1.4976 3.5751 -18.1968 1.9291 39.4607 4.3781 0.0768
Car -1 -1 4.4628 603.5842 171.5566 633.7760 192.7747 1.7050 1.6088 3.8453 0.7238 1.6008 60.0389 4.4745 0.0768
Car -1 -1 1.7178 492.9511 172.8713 529.4704 199.1208 1.5168 1.6011 4.1310 -5.9141 1.5179 43.7707 1.5839 0.0737
Car -1 -1 -0.0664 0.0000 175.4046 1037.1544 375.0000 1.5188 1.6469 3.8596 -0.5189 1.5337 2.9759 -0.2284 0.0728
Car -1 -1 4.7611 491.7507 170.3415 532.2865 205.2402 1.4726 1.6117 3.8315 -4.3274 1.3665 32.4216 4.6290 0.0724
Car -1 -1 1.6051 297.9274 176.7488 331.7576 205.1618 1.5166 1.6412 4.1388 -16.8375 1.7519 41.3499 1.2204 0.0709
Car -1 -1 -0.4808 626.5552 177.5842 726.8879 213.3863 1.5292 1.6784 4.2503 3.0570 1.7547 32.8192 -0.3893 0.0706
Car -1 -1 0.4632 212.1978 183.4901 332.4465 225.9304 1.5024 1.5081 3.7652 -12.4502 1.9088 26.7619 0.0312 0.0694
Car -1 -1 4.6523 499.4348 178.4821 531.2264 205.8287 1.4943 1.6153 3.9453 -5.5734 1.8411 42.3766 4.5219 0.0692
Car -1 -1 1.5435 600.7333 178.2196 644.0419 220.6592 1.6259 1.6916 4.2377 0.4756 1.8672 30.3109 1.5583 0.0658
Car -1 -1 4.7385 497.0064 165.4897 520.3460 187.7880 1.6696 1.6866 4.2626 -7.8273 1.1182 56.2387 4.6006 0.0638
Car -1 -1 5.1126 541.2141 176.9393 593.2770 205.4054 1.5649 1.6326 3.9757 -2.4305 1.8173 42.4284 5.0552 0.0630
Car -1 -1 1.4870 629.3557 180.5264 677.2218 220.3633 1.5146 1.6558 4.0930 1.7691 1.8587 30.2971 1.5441 0.0625
Car -1 -1 4.8062 266.8235 184.9950 320.1280 229.7944 1.5177 1.5074 3.6081 -11.9526 2.0124 27.4490 4.3987 0.0594
Car -1 -1 1.6792 490.6846 177.6865 527.2159 207.1312 1.5483 1.6132 3.9262 -5.6079 1.8334 40.5785 1.5423 0.0582
Car -1 -1 3.5473 518.2289 168.8294 565.4847 187.4286 1.5653 1.6194 3.7091 -5.8171 1.2266 62.0659 3.4540 0.0578
Car -1 -1 1.6559 362.9784 177.8685 396.9682 205.5625 1.5257 1.5726 3.9574 -13.5097 1.8364 42.6135 1.3504 0.0562
Car -1 -1 3.8122 547.5260 182.2760 641.0332 218.0188 1.4675 1.6672 4.0508 -0.7245 1.9166 32.5062 3.7894 0.0561
Car -1 -1 1.2447 543.4083 178.4894 572.6492 195.4567 1.5228 1.5687 3.9755 -4.9098 2.0731 68.3145 1.1728 0.0552
Car -1 -1 1.5380 480.9010 175.1949 509.6360 200.9757 1.4562 1.5704 3.9454 -6.8816 1.6032 43.2200 1.3806 0.0551
Car -1 -1 4.4664 486.7292 167.8913 518.3635 187.7067 1.5943 1.6528 4.1517 -8.9764 1.1950 60.2868 4.3190 0.0545
Car -1 -1 0.6833 434.2285 169.6151 526.5256 203.1215 1.4385 1.6095 3.9918 -5.8625 1.2995 32.6498 0.5067 0.0540
Car -1 -1 3.1200 608.7262 177.3314 692.1562 210.7133 1.4608 1.5590 3.6792 1.8276 1.6686 32.6407 3.1748 0.0539
Car -1 -1 4.8195 525.6260 178.3381 560.2761 205.7884 1.5554 1.6565 4.1403 -3.9939 1.9041 43.7987 4.7287 0.0537
Car -1 -1 3.5931 487.4809 179.6581 560.5352 207.2084 1.5048 1.6248 3.8495 -4.9136 1.9093 41.4998 3.4755 0.0529
Car -1 -1 1.5310 541.0150 176.3625 579.8129 211.0703 1.5270 1.6723 4.0988 -2.3888 1.7041 34.3029 1.4615 0.0522
Car -1 -1 3.3903 483.4408 165.9668 539.0010 185.1502 1.5823 1.6817 4.3427 -8.2363 1.0143 60.5984 3.2556 0.0517
Car -1 -1 4.9969 513.0060 164.6623 546.4525 183.9514 1.5571 1.6696 4.2029 -6.6445 0.8958 60.4591 4.8877 0.0516
Car -1 -1 3.2735 495.8671 170.0598 584.9249 204.0225 1.4940 1.5986 3.8279 -3.0811 1.3710 32.6105 3.1796 0.0512