Car -1 -1 4.7827 588.2035 170.6640 616.9988 195.0645 1.5639 1.6343 4.2758 -0.4255 1.4236 48.4307 4.7736 0.6853
Car -1 -1 5.3242 0.0000 171.4750 95.5134 246.5668 2.0621 1.8841 4.7512 -18.3576 2.0243 22.2520 4.6401 0.2942
Car -1 -1 1.6708 331.2728 184.0300 353.9610 201.7700 1.4831 1.5393 3.7756 -23.9747 2.5195 64.8887 1.3179 0.1453
Car -1 -1 5.4045 0.0000 171.3224 51.0986 250.1740 2.0195 1.7628 4.1870 -18.4008 1.9803 20.5992 4.6818 0.1356
Car -1 -1 2.1782 136.2138 166.5690 351.8623 257.8572 1.5624 1.5946 4.4488 -7.1244 1.4548 14.6732 1.7329 0.1210
Car -1 -1 1.3894 311.3942 182.9334 338.6289 201.0403 1.4946 1.5851 3.8030 -25.2051 2.4151 63.8561 1.0146 0.0694
Car -1 -1 3.2115 579.0204 170.7075 635.9848 194.1005 1.5082 1.5467 3.6438 -0.1095 1.3698 47.4125 3.2088 0.0603
Car -1 -1 2.0547 349.9861 178.9982 405.5146 206.1924 1.6927 1.6863 4.3731 -15.4251 2.1232 48.2530 1.7465 0.0545
Car -1 -1 1.7688 583.1187 169.9685 619.5261 195.2218 1.5535 1.5923 3.9746 -0.4852 1.3760 46.4862 1.7581 0.0538
Car -1 -1 1.9019 171.7202 175.8146 244.1617 210.7458 1.5211 1.6919 4.1969 -18.8176 1.6697 34.0067 1.3995 0.0532
Car -1 -1 1.7608 362.5027 181.7495 390.1690 200.4129 1.5445 1.6115 3.8965 -20.5443 2.3546 63.6796 1.4496 0.0516