Car -1 -1 1.9207 298.4140 183.1613 352.5274 210.7378 1.4851 1.6431 4.1121 -16.6484 2.1216 42.4815 1.5490 0.8202
Car -1 -1 1.8015 410.5667 179.0320 444.4470 199.4440 1.4662 1.6310 3.9932 -13.8434 1.9548 55.0531 1.5559 0.4936
Car -1 -1 1.8614 399.1601 179.5011 439.8647 203.2854 1.6321 1.6912 4.4088 -13.8964 2.1408 52.9924 1.6058 0.1770
Car -1 -1 1.7716 280.1837 186.0220 316.2857 208.6444 1.4738 1.5622 4.2120 -22.2998 2.4599 51.8116 1.3667 0.1712
Car -1 -1 3.1496 603.7834 158.4401 667.8583 188.8383 1.7637 1.7035 3.7225 1.5604 0.9274 42.7965 3.1855 0.1572
Car -1 -1 1.4882 613.2595 163.1633 647.3714 191.8360 1.6766 1.7426 4.2910 1.2272 1.1099 44.3815 1.5154 0.1502
Car -1 -1 1.8343 294.1174 176.7130 325.4483 193.4928 1.4770 1.6289 4.2078 -27.6686 1.8455 66.7105 1.4423 0.1200
Car -1 -1 4.9482 414.7867 176.5659 448.8808 198.0449 1.6067 1.6463 4.2901 -13.9560 1.9103 56.8652 4.7083 0.1050
Car -1 -1 1.3295 410.0704 178.2894 446.9800 201.6823 1.5558 1.6338 3.9795 -12.8617 1.9570 51.1220 1.0839 0.0946
Car -1 -1 4.6417 636.5450 166.4351 669.4576 194.2903 1.6354 1.7234 4.2330 2.6305 1.2585 44.4889 4.7000 0.0943
Car -1 -1 2.1489 380.4329 177.8025 433.8170 201.3815 1.5641 1.6733 4.0715 -14.2397 1.9288 50.9774 1.8775 0.0938
Car -1 -1 0.5362 397.7717 180.2855 457.1260 200.5051 1.4646 1.6508 4.0902 -13.7850 2.0416 54.6509 0.2899 0.0858
Car -1 -1 1.4601 390.9870 180.3924 419.3775 200.9169 1.4502 1.6327 4.1092 -15.5582 2.0460 54.8161 1.1845 0.0846
Car -1 -1 4.7069 628.3456 158.5269 658.3146 189.3180 1.7692 1.7215 3.9793 2.0215 0.9460 43.4804 4.7527 0.0788
Car -1 -1 1.8598 447.5439 181.2936 484.7467 202.5480 1.4649 1.5981 4.1057 -10.5891 2.1158 53.5307 1.6651 0.0787
Car -1 -1 1.4417 257.0789 185.4553 290.5806 207.6059 1.4321 1.6560 4.0339 -23.8714 2.3645 51.2406 1.0074 0.0729
Car -1 -1 1.7972 290.1479 186.9876 327.8786 212.3718 1.6476 1.5929 4.0945 -21.3451 2.6962 51.3793 1.4049 0.0707
Car -1 -1 1.3862 276.0565 186.3495 305.3926 205.8307 1.5565 1.6366 3.9429 -27.6996 2.7670 62.6319 0.9711 0.0706
Car -1 -1 1.6509 419.3848 180.1413 447.2756 202.1065 1.5132 1.6492 4.5522 -13.0607 2.0792 53.6627 1.4129 0.0673
Car -1 -1 1.7330 370.9427 182.0033 402.2983 202.9147 1.4546 1.6047 4.0825 -16.6960 2.1687 54.1862 1.4351 0.0656
Car -1 -1 1.7556 325.3890 183.2083 360.2422 205.8700 1.4732 1.5901 4.0095 -18.7817 2.2345 50.9421 1.4038 0.0627
Car -1 -1 1.9353 374.1761 180.5970 426.5195 208.2690 1.5293 1.6417 4.1106 -12.4479 2.0154 43.1781 1.6559 0.0615
Car -1 -1 1.8137 290.8629 182.2749 339.2605 213.5918 1.6212 1.6199 3.9064 -16.5159 2.1785 40.6332 1.4296 0.0598
Car -1 -1 -0.1057 600.0425 167.8998 676.1255 195.5555 1.6843 1.7634 4.5765 1.7399 1.3825 44.9770 -0.0677 0.0596
Car -1 -1 2.5731 420.2273 180.7604 479.2457 201.4849 1.4684 1.6657 4.1212 -12.0877 2.0906 54.7313 2.3564 0.0547
Car -1 -1 4.4348 627.5502 181.5090 667.1008 206.4875 1.4903 1.5862 3.6785 2.3837 2.0704 46.3857 4.4853 0.0522
Car -1 -1 4.8434 558.4157 171.9893 593.8038 196.8879 1.4631 1.6412 4.2321 -2.0165 1.4123 44.5767 4.7981 0.0521
Car -1 -1 0.6440 392.0407 180.9167 455.1788 202.2608 1.4950 1.6522 4.4151 -13.7556 2.1093 53.3620 0.3926 0.0510