Car -1 -1 5.0049 348.8922 183.0889 472.4100 263.6444 1.5849 1.6474 3.9501 -4.4397 1.8503 16.7085 4.7484 0.9654
Car -1 -1 4.5293 717.9342 186.7363 860.7185 295.9926 1.4298 1.5730 3.4139 2.7235 1.6868 11.6214 4.7527 0.9573
Car -1 -1 5.1656 9.2818 212.4081 350.7520 375.0000 1.3605 1.5992 3.5874 -4.1728 1.8838 7.7311 4.6841 0.9502
Car -1 -1 1.7379 468.0455 184.2618 521.3268 222.7958 1.4811 1.6319 3.7348 -4.8224 1.9964 30.7210 1.5830 0.9312
Car -1 -1 4.5969 658.0044 178.6681 708.8155 219.2547 1.4060 1.5032 3.5049 2.7296 1.6400 27.2668 4.6949 0.8582
Car -1 -1 4.2564 673.3381 167.6443 718.7717 188.6074 1.4711 1.6442 4.1395 6.2837 1.1055 52.8594 4.3738 0.5659
Car -1 -1 3.1462 654.8887 168.0720 715.6065 191.4472 1.5497 1.6681 4.0216 5.1215 1.2327 48.8818 3.2496 0.4134
Car -1 -1 1.5425 516.1100 188.1442 542.4543 213.6988 1.4927 1.5782 3.7467 -5.2012 2.5189 46.4623 1.4311 0.3915
Car -1 -1 4.6032 662.2140 168.0633 692.1369 191.5409 1.5596 1.6277 4.0203 4.6401 1.2414 49.9568 4.6949 0.2435
Car -1 -1 1.2593 1057.5167 218.7204 1242.0000 375.0000 1.4906 1.5874 3.4769 3.1223 1.8101 3.1153 1.9982 0.2006
Car -1 -1 4.4239 604.4019 173.7224 633.1958 190.6983 1.4970 1.6008 3.8386 0.8114 1.5788 65.9041 4.4358 0.1712
Car -1 -1 1.9561 497.5478 186.3622 548.5872 213.8428 1.5131 1.6709 4.1073 -5.2233 2.3798 44.0933 1.8383 0.1220
Car -1 -1 1.5587 737.2640 171.3874 780.6299 208.7460 1.4397 1.6457 4.2592 6.1831 1.3831 30.0512 1.7593 0.1204
Car -1 -1 0.6234 1019.8328 193.6247 1242.0000 375.0000 1.4989 1.6538 3.7578 3.0199 1.6092 1.9404 1.5555 0.1194
Car -1 -1 -0.7347 1024.5651 210.7853 1242.0000 375.0000 1.5091 1.6345 3.8815 4.0358 1.7169 2.8001 0.1804 0.1185
Car -1 -1 1.5626 700.8390 174.9116 742.9498 212.6872 1.4569 1.6250 4.0857 4.6753 1.5491 30.1980 1.7142 0.1181
Car -1 -1 2.5501 1180.5305 169.8830 1242.0000 266.4872 1.4441 1.5859 4.0453 12.2122 1.3996 11.9504 3.3338 0.1009
Car -1 -1 1.7934 632.1415 178.7949 658.7203 195.2560 1.4521 1.6693 3.8290 3.3713 2.0225 67.2115 1.8429 0.0986
Car -1 -1 4.6843 650.9304 177.4737 688.7271 211.7976 1.4535 1.6066 3.6975 2.7029 1.6765 32.9504 4.7648 0.0952
Car -1 -1 1.6590 518.0319 187.3748 549.5165 214.2700 1.5306 1.6179 3.9101 -4.6996 2.4788 45.1530 1.5553 0.0938
Car -1 -1 1.5665 652.2222 179.6906 697.3114 222.2959 1.6082 1.7443 4.3390 2.7121 1.9155 30.1883 1.6546 0.0920
Car -1 -1 1.4293 895.1434 213.2625 1242.0000 375.0000 1.5037 1.6170 3.7183 2.0921 1.7554 2.4769 2.0725 0.0861
Car -1 -1 4.6196 675.9711 168.2745 704.9599 191.6800 1.5520 1.6201 3.9994 5.5501 1.2483 49.8575 4.7295 0.0846
Car -1 -1 5.1883 520.8842 188.3524 569.9720 213.9093 1.4811 1.5715 3.8040 -4.0717 2.5213 46.3700 5.1006 0.0838
Car -1 -1 1.3345 511.9468 184.6385 567.4519 219.8402 1.4743 1.6822 4.0735 -3.3449 2.0638 33.8925 1.2363 0.0743
Car -1 -1 0.7706 1186.5577 176.9966 1242.0000 294.3916 1.4566 1.5739 3.7614 11.1040 1.5306 10.9853 1.5476 0.0743
Car -1 -1 1.4691 610.2490 174.4615 632.8256 191.8607 1.4896 1.5912 4.1979 1.0363 1.6378 64.3331 1.4848 0.0726
Car -1 -1 1.5858 496.9264 183.9449 527.4274 213.7867 1.5673 1.6605 4.2437 -5.5967 2.2428 41.7390 1.4528 0.0705
Car -1 -1 1.7498 484.9713 175.8346 514.5817 196.5010 1.4958 1.5370 3.9728 -8.2991 1.7305 54.8099 1.5999 0.0679
Car -1 -1 1.5046 507.3982 190.2775 545.7075 223.4167 1.4879 1.6710 4.1169 -4.2900 2.4304 36.8584 1.3889 0.0668
Car -1 -1 4.5733 632.9567 170.7462 666.2457 196.5897 1.6692 1.6828 4.1252 2.6586 1.5331 48.7314 4.6271 0.0652
Car -1 -1 4.6802 695.3060 177.4780 722.4640 202.3390 1.4840 1.5770 3.8344 6.2670 1.7902 45.7976 4.8149 0.0642
Car -1 -1 5.0080 710.6872 172.4893 764.3588 203.4061 1.4885 1.6235 3.9430 6.5896 1.4710 36.8649 5.1830 0.0631
Car -1 -1 4.4096 763.5494 176.5921 847.9260 226.8201 1.4841 1.6264 3.5777 6.2637 1.6148 23.4142 4.6672 0.0624
Car -1 -1 3.4882 640.9017 168.1057 707.4059 191.5217 1.5712 1.6536 4.2900 4.4752 1.2526 50.0687 3.5765 0.0623
Car -1 -1 1.7759 609.7838 182.7419 669.2581 223.0535 1.5070 1.6683 4.2185 1.3352 1.9535 30.3274 1.8188 0.0616
Car -1 -1 3.0000 621.8019 179.2791 666.0065 195.5523 1.4603 1.6088 3.8809 3.1469 2.0613 66.5085 3.0467 0.0615
Car -1 -1 1.7678 412.1113 173.1046 464.9865 207.1374 1.5118 1.6290 4.2378 -8.0335 1.5244 34.2271 1.5386 0.0615
Car -1 -1 1.6961 687.5743 168.2592 718.3916 191.6669 1.5364 1.6338 3.7817 6.4301 1.2348 49.3933 1.8245 0.0609
Car -1 -1 4.9035 475.4298 188.0533 527.7804 224.0537 1.4990 1.6657 4.1610 -5.0048 2.2586 33.9458 4.7577 0.0607
Car -1 -1 -0.1726 700.0209 178.2801 759.7037 203.1234 1.4983 1.5743 3.4230 7.4162 1.8403 44.6713 -0.0097 0.0604
Car -1 -1 1.7633 441.9469 182.3528 483.0635 210.1858 1.4880 1.6218 3.8472 -8.4682 2.0639 41.8196 1.5643 0.0601
Car -1 -1 3.0652 658.2340 180.9836 725.8568 205.6822 1.4809 1.6601 4.0498 5.0745 1.9954 44.7575 3.1769 0.0600
Car -1 -1 4.6444 650.7617 168.4686 680.0887 193.9262 1.6487 1.6955 4.1069 3.7357 1.3647 48.7893 4.7200 0.0581
Car -1 -1 1.4658 632.9564 177.6032 655.0217 194.6794 1.4836 1.5948 4.0343 3.1142 1.9308 65.8932 1.5125 0.0551
Car -1 -1 1.6557 508.8785 183.8211 542.2849 212.1731 1.5430 1.6279 4.1061 -4.9509 2.2274 42.9510 1.5411 0.0550
Car -1 -1 5.1780 212.2658 190.5630 352.8072 260.7459 1.5011 1.6677 3.8776 -8.1609 2.0016 18.4126 4.7656 0.0541
Car -1 -1 1.3834 700.3889 180.0604 760.1209 221.4048 1.4467 1.5880 3.7074 4.5701 1.7428 27.7744 1.5441 0.0536
Car -1 -1 -0.0094 514.5306 192.0009 601.3463 224.1213 1.4771 1.7166 4.1489 -2.5324 2.4443 35.4239 -0.0810 0.0527
Car -1 -1 -1.2997 1072.0216 128.8120 1242.0000 375.0000 1.5325 1.6300 3.8757 4.5041 1.3911 3.9405 -0.4843 0.0518
Car -1 -1 2.8550 730.1134 172.9355 841.0510 210.6492 1.4512 1.6037 3.9906 6.9414 1.4546 28.6735 3.0896 0.0518
Car -1 -1 4.7913 663.5033 168.3023 693.5557 193.2748 1.5811 1.6644 4.1331 4.6144 1.2929 47.8624 4.8864 0.0509
Car -1 -1 0.7867 0.0000 0.0000 1242.0000 375.0000 1.5686 1.6516 3.9304 2.0863 1.5178 1.1509 1.7501 0.0507
Car -1 -1 4.5321 624.5695 179.0296 672.7614 213.2379 1.4707 1.5769 3.8470 1.7691 1.7768 33.7548 4.5834 0.0505