Car -1 -1 4.5590 692.8282 185.7073 788.1383 258.4823 1.5184 1.6996 3.7409 3.0697 1.8656 17.6032 4.7278 0.9763
Car -1 -1 4.5936 672.9767 185.4332 740.1263 238.8068 1.4846 1.6365 3.9972 3.0012 1.9209 23.0205 4.7207 0.9100
Car -1 -1 4.6937 523.8953 183.3514 557.6226 216.3520 1.4596 1.5456 3.6479 -3.3731 1.9967 35.0218 4.5978 0.7169
Car -1 -1 4.6219 651.4084 158.2957 707.6759 210.7352 1.9947 1.8677 4.8289 2.8021 1.4409 29.8616 4.7140 0.4017
Car -1 -1 1.9155 630.5121 180.0009 666.3309 200.9443 1.5323 1.5771 3.8685 3.0693 2.1107 56.3052 1.9691 0.2438
Car -1 -1 1.4109 552.5932 180.0010 580.5884 200.6425 1.5016 1.5748 3.8271 -3.3643 2.0760 55.9426 1.3507 0.2183
Car -1 -1 1.4337 639.4407 180.1401 676.4108 206.8033 1.4190 1.5959 3.8968 2.7331 1.8582 41.4939 1.4985 0.1921
Car -1 -1 1.6429 543.3165 181.6971 572.2416 205.7295 1.4631 1.6106 3.9410 -3.3584 2.0675 47.3487 1.5720 0.1792
Car -1 -1 1.6984 626.1778 180.4862 655.2256 202.4200 1.5256 1.6398 4.2860 2.3705 2.1206 54.0026 1.7416 0.1264
Car -1 -1 1.6100 568.4730 182.1970 587.4839 202.1566 1.6602 1.5261 3.9786 -2.7694 2.5131 63.8736 1.5664 0.1028
Car -1 -1 4.4288 682.4352 157.4711 717.3665 180.1725 1.8184 1.7595 4.2505 7.4693 0.5862 60.0338 4.5519 0.0982
Car -1 -1 4.6383 662.0674 152.5725 692.7388 178.6650 1.6118 1.6728 4.0165 4.3380 0.3590 46.5930 4.7304 0.0941
Car -1 -1 4.2544 509.4292 183.9784 559.6055 208.6246 1.4492 1.6395 3.9310 -4.8706 2.1973 46.4212 4.1500 0.0911
Car -1 -1 1.8226 552.9362 181.9954 591.2288 206.0058 1.4619 1.6002 3.8884 -2.4243 2.0907 47.5676 1.7715 0.0907
Car -1 -1 4.0909 689.0901 159.7636 736.6785 181.4153 1.7076 1.7773 4.1449 8.4240 0.6752 59.1548 4.2315 0.0907
Car -1 -1 1.0146 612.7934 180.5773 655.7186 201.7432 1.5370 1.5284 3.8336 1.8762 2.1575 55.9273 1.0475 0.0894
Car -1 -1 1.4226 520.2689 180.7356 567.2862 216.4208 1.5125 1.6048 4.0049 -3.1260 1.9035 33.6611 1.3301 0.0766
Car -1 -1 3.1981 539.3210 180.1867 590.0447 200.8757 1.5384 1.6132 3.7768 -3.3951 2.1062 55.0486 3.1364 0.0756
Car -1 -1 2.2529 557.8419 180.1730 605.5391 201.3223 1.5320 1.5639 3.9101 -2.1155 2.1177 55.7074 2.2147 0.0699
Car -1 -1 1.6115 629.7932 178.1344 654.6255 200.4008 1.5163 1.6324 4.0271 2.3952 1.9135 52.1955 1.6566 0.0638
Car -1 -1 1.9686 583.2053 180.8797 620.9005 201.2980 1.4573 1.5817 3.6586 -0.5363 2.0918 55.0558 1.9584 0.0638
Car -1 -1 0.5522 527.8860 180.5817 581.6887 201.4327 1.5116 1.6278 3.8078 -4.1873 2.1187 55.0875 0.4762 0.0634
Car -1 -1 3.5822 489.9000 183.5886 578.8227 216.3727 1.4847 1.5878 3.9961 -3.6434 2.0266 35.0110 3.4787 0.0627
Car -1 -1 1.7138 509.0892 175.5981 535.3457 195.9617 1.6125 1.5877 4.1018 -7.1972 1.8477 59.7622 1.5941 0.0626
Car -1 -1 1.4963 624.2291 179.7755 649.0627 201.6761 1.6243 1.6366 4.4134 2.1086 2.1942 57.1654 1.5325 0.0626
Car -1 -1 1.8169 651.4940 179.3956 683.9316 199.7386 1.4646 1.5779 3.9132 4.5017 1.9861 55.4090 1.8971 0.0590
Car -1 -1 2.0239 521.4094 181.8748 574.9218 208.4763 1.5136 1.6546 4.1565 -3.7518 2.1018 44.8083 1.9404 0.0583
Car -1 -1 1.9144 572.5718 180.8215 617.6216 206.3213 1.4974 1.6129 3.9827 -0.8682 2.0275 45.8554 1.8950 0.0567
Car -1 -1 4.5579 645.8210 173.8027 695.3298 211.5335 1.5380 1.5777 3.7663 2.5966 1.5819 31.4446 4.6390 0.0564
Car -1 -1 -0.6589 665.1760 158.7809 721.0533 180.3194 1.6998 1.7316 4.3826 6.8264 0.5892 58.8170 -0.5441 0.0554
Car -1 -1 1.3693 552.3909 178.6557 592.6245 205.0888 1.5114 1.6872 4.0714 -2.3289 1.8860 44.3976 1.3168 0.0551
Car -1 -1 1.4975 586.0086 179.7837 610.6999 199.7143 1.4738 1.6481 4.1144 -0.9182 2.0412 56.9534 1.4810 0.0533
Car -1 -1 1.6339 667.2642 178.3529 691.6359 199.1675 1.4719 1.5803 3.8792 5.2747 1.9001 54.1433 1.7301 0.0524
Car -1 -1 2.6036 622.5237 179.7048 678.0566 201.3822 1.5745 1.6126 3.9665 3.1169 2.1129 55.0745 2.6593 0.0516
Car -1 -1 1.4614 701.8885 159.3734 737.0306 188.5658 1.5986 1.6090 3.4898 6.2456 0.8604 41.2883 1.6102 0.0503