Car -1 -1 2.0938 0.0000 206.9099 270.9115 364.4337 1.4692 1.4986 3.5712 -5.9167 1.9943 9.3187 1.5404 0.9763
Car -1 -1 1.9208 239.8211 197.2915 395.9767 284.4789 1.4513 1.6628 4.2419 -5.9702 2.0432 15.3409 1.5549 0.9727
Car -1 -1 1.8580 375.6539 188.4883 465.7792 242.5213 1.4630 1.6380 4.0990 -5.8463 2.0025 22.8188 1.6093 0.9678
Car -1 -1 4.5223 699.0906 181.0475 802.3065 251.7291 1.4361 1.6442 3.9300 3.2028 1.6525 17.0892 4.7036 0.9116
Car -1 -1 1.8110 431.0883 186.8705 490.0384 227.6228 1.4533 1.4971 3.5082 -5.8646 2.0463 28.7409 1.6110 0.8645
Car -1 -1 -0.4061 838.0641 159.9440 1020.2610 222.1561 1.5528 1.6708 4.0185 8.2418 1.2306 18.8448 0.0000 0.8341
Car -1 -1 2.5387 991.3974 141.2767 1239.8756 232.5147 1.6238 1.5241 3.6287 9.4225 1.0618 13.6176 3.1337 0.8140
Car -1 -1 1.4204 657.7763 176.3673 705.9566 212.2853 1.5036 1.5775 3.9740 3.2050 1.6724 32.6285 1.5168 0.7931
Car -1 -1 1.8281 473.2939 183.3146 524.0187 215.6244 1.5397 1.6232 4.1567 -5.7607 2.1209 37.9321 1.6778 0.7756
Car -1 -1 2.5118 1040.2130 134.8712 1242.0000 247.4112 1.6000 1.6266 3.7488 9.0198 1.0600 11.1419 3.1794 0.7750
Car -1 -1 4.5775 679.4241 175.1334 748.7086 228.9643 1.5333 1.6254 3.8514 3.1871 1.6109 22.6433 4.7149 0.7448
Car -1 -1 -0.4829 908.5569 150.0776 1120.4576 227.3545 1.6343 1.6522 3.7984 8.9179 1.1526 16.1132 0.0146 0.6182
Car -1 -1 4.5981 641.5511 176.1448 672.1617 201.7446 1.5797 1.5686 3.6882 3.0353 1.8021 46.8886 4.6618 0.5801
Car -1 -1 1.7634 516.2723 181.3014 547.6167 204.0855 1.5612 1.5654 3.9044 -5.6546 2.2046 52.9461 1.6571 0.3552
Car -1 -1 4.3688 751.0491 170.8636 818.6168 207.6070 1.4244 1.5369 3.7379 7.1836 1.3473 29.9138 4.6018 0.2971
Car -1 -1 4.5012 653.4780 175.3248 704.1653 207.9270 1.5045 1.6480 4.2004 3.3677 1.6346 35.8102 4.5936 0.2042
Car -1 -1 3.6040 475.8427 181.8989 534.4777 205.7225 1.5446 1.6443 3.5971 -7.1025 2.1776 49.1484 3.4608 0.1975
Car -1 -1 4.9920 506.8542 178.8929 545.9169 204.8321 1.6805 1.6233 4.0508 -5.6981 2.1157 49.8687 4.8783 0.1887
Car -1 -1 1.7013 8.8467 198.1907 67.7489 235.4918 1.5086 1.6642 4.0221 -27.0397 2.7875 34.2639 1.0368 0.1802
Car -1 -1 -0.2143 689.0717 176.0514 829.1670 228.7554 1.5065 1.6032 3.8408 4.3940 1.6057 21.5591 -0.0166 0.1794
Car -1 -1 5.0673 459.7150 175.4190 519.4330 208.2183 1.5281 1.6131 4.1090 -5.9306 1.6643 36.1275 4.9053 0.1791
Car -1 -1 2.4094 0.0000 219.6200 51.0439 375.0000 1.4550 1.5861 4.1321 -5.9024 1.8898 4.6130 1.5304 0.1633
Car -1 -1 1.5939 11.0180 206.6178 66.1796 247.1457 1.4889 1.8203 4.0320 -25.4500 3.0998 32.2662 0.9298 0.1615
Car -1 -1 1.1923 442.6854 174.7770 476.3988 192.9796 1.5227 1.5531 3.8741 -13.0920 1.6956 62.8350 0.9874 0.1576
Car -1 -1 4.5110 645.9807 173.8146 691.9328 204.6080 1.5435 1.6740 3.9205 3.0976 1.5973 38.3416 4.5905 0.1474
Car -1 -1 4.3784 0.0000 214.5024 30.2950 375.0000 1.4591 1.5803 3.8845 -7.1039 1.9090 6.2915 3.5536 0.1301
Car -1 -1 1.7314 528.4583 186.7347 557.4505 208.0228 1.5268 1.5947 4.3798 -5.2107 2.6648 56.9115 1.6400 0.1264
Car -1 -1 -0.1409 651.6958 177.0253 729.1962 206.7845 1.4928 1.6151 3.7900 4.1418 1.7134 37.3041 -0.0317 0.1202
Car -1 -1 1.7315 509.4161 179.9913 543.0887 204.8548 1.6538 1.7059 4.3665 -5.8950 2.1851 51.4905 1.6177 0.1202
Car -1 -1 1.7530 236.5694 187.3520 295.9343 225.6884 1.4189 1.5910 3.6290 -14.2612 2.0639 30.1424 1.3141 0.1157
Car -1 -1 2.8095 801.8947 139.9436 935.3180 185.7784 1.4732 1.4990 3.8916 8.5289 0.4154 23.9520 3.1477 0.1116
Car -1 -1 1.4169 428.7666 178.6801 461.1789 202.6312 1.5049 1.5658 3.7198 -11.0577 1.9115 48.3345 1.1928 0.1097
Car -1 -1 4.4428 725.0146 174.5140 765.1902 198.8089 1.4800 1.5625 3.8030 8.6250 1.5907 46.1841 4.6259 0.1096
Car -1 -1 1.5809 12.3110 196.7697 57.7589 232.9017 1.5305 1.6610 3.7434 -27.9657 2.7627 35.1853 0.9128 0.1091
Car -1 -1 5.7800 0.0000 215.8627 422.2665 375.0000 1.4832 1.5816 3.6602 -3.8434 2.0327 7.2600 5.3071 0.1063
Car -1 -1 1.8413 760.9231 175.5374 812.3839 208.0532 1.4495 1.4765 3.6127 8.4918 1.5847 34.4215 2.0807 0.1029
Car -1 -1 4.7049 637.4949 168.8236 656.3558 187.6907 1.6802 1.6784 4.1725 3.4198 1.3213 66.3775 4.7559 0.1025
Car -1 -1 1.6272 479.2697 172.5785 500.2946 191.0531 1.5018 1.5278 3.7934 -10.0349 1.4794 60.6227 1.4636 0.0969
Car -1 -1 1.5281 0.0000 204.1016 54.9273 250.4911 1.5094 1.7735 4.4776 -23.4386 2.8547 28.7973 0.8493 0.0902
Car -1 -1 1.2834 777.6863 163.9260 824.5607 190.2860 1.5908 1.7075 4.3097 12.0703 1.0520 45.7236 1.5396 0.0858
Car -1 -1 3.9577 1104.8906 119.9993 1233.9412 169.1770 1.6513 1.6532 3.6734 20.3487 -0.1444 26.4260 4.6089 0.0833
Car -1 -1 1.5092 0.0000 207.9821 287.4984 375.0000 1.4866 1.6363 4.0634 -3.7185 1.8423 5.1989 0.9116 0.0813
Car -1 -1 2.1319 0.0000 201.3581 61.9008 237.6668 1.4508 1.6614 3.0952 -26.9547 2.8203 33.0335 1.4513 0.0805
Car -1 -1 2.0933 22.7280 197.1391 112.1078 232.9877 1.4918 1.6568 4.0306 -26.1427 2.7393 34.9663 1.4548 0.0732
Car -1 -1 4.4685 655.7220 168.0888 687.6019 187.8487 1.5463 1.6379 4.0811 5.0026 1.1734 58.6065 4.5530 0.0705
Car -1 -1 4.4634 618.9639 175.0293 668.7602 206.4492 1.5583 1.6672 4.1129 1.7558 1.6803 38.2713 4.5084 0.0705
Car -1 -1 0.2823 18.0430 201.1516 122.4691 236.2452 1.4679 1.6535 3.6016 -25.1911 2.8499 33.8388 -0.3541 0.0700
Car -1 -1 1.1848 528.6428 176.4402 561.0051 193.9981 1.4860 1.5401 3.7933 -5.7662 1.8139 63.9364 1.0949 0.0699
Car -1 -1 5.4564 44.9555 196.4768 145.5771 231.4470 1.4558 1.6828 4.0220 -24.8037 2.6700 34.9832 4.8430 0.0698
Car -1 -1 1.4986 780.5359 172.2672 813.8517 199.1684 1.5087 1.6046 4.0323 11.0272 1.4758 42.5933 1.7499 0.0689
Car -1 -1 -0.2982 506.9648 177.1815 572.5270 201.4454 1.5836 1.6702 4.1435 -4.7609 1.8881 49.2169 -0.3945 0.0657
Car -1 -1 0.7539 0.0000 199.5419 62.0155 233.8932 1.4666 1.6922 3.6630 -27.6730 2.7323 33.2593 0.0637 0.0632
Car -1 -1 -0.9599 1167.3616 123.4443 1242.0000 176.5151 1.5682 1.6584 4.2110 19.9703 0.1082 22.6325 -0.2430 0.0630
Car -1 -1 3.8553 1079.1680 130.4126 1242.0000 262.7198 1.6072 1.6609 3.9602 9.3809 1.0916 10.8506 4.5548 0.0628
Car -1 -1 4.0451 251.4239 188.8194 352.3105 232.3232 1.5202 1.6184 3.7774 -11.9633 2.1760 28.0209 3.6446 0.0624
Car -1 -1 1.8765 30.3166 194.7269 98.6559 228.6647 1.4785 1.6008 4.0011 -27.3669 2.6461 36.3617 1.2347 0.0612
Car -1 -1 3.5894 0.0000 198.5095 156.7758 277.4995 1.4689 1.5600 3.4452 -11.7968 2.0506 15.2495 2.9392 0.0606
Car -1 -1 1.6352 443.6482 176.3550 464.1043 192.5441 1.4522 1.6026 4.3581 -14.6356 1.7931 67.9804 1.4237 0.0574
Car -1 -1 1.5509 567.1518 180.2241 590.4640 202.3289 1.4771 1.5841 4.0764 -2.2350 2.0264 51.6893 1.5074 0.0572
Car -1 -1 1.3240 793.2148 171.0924 836.9971 197.9703 1.5129 1.5976 3.7703 12.0553 1.4138 42.5213 1.5981 0.0568