Car -1 -1 5.0480 304.4043 186.7667 448.6981 272.9990 1.4634 1.5809 3.4768 -4.3313 1.4975 14.0326 4.7537 0.9706
Car -1 -1 5.2857 0.0000 196.7066 210.5804 301.6532 1.3907 1.5528 3.7613 -8.3075 1.6105 11.8441 4.6845 0.9435
Car -1 -1 4.8874 424.0010 181.1865 494.0316 228.6396 1.4487 1.5832 4.0728 -4.8468 1.3257 23.9990 4.6899 0.9293
Car -1 -1 4.8290 480.4767 182.0625 522.2455 214.6100 1.4270 1.5212 3.3683 -4.8413 1.2887 33.2205 4.6850 0.9044
Car -1 -1 5.0794 276.3830 181.7919 379.7200 237.3325 1.5745 1.6434 4.0047 -8.5491 1.4774 22.3857 4.7182 0.8655
Car -1 -1 5.2668 56.6086 162.4297 229.9353 235.5169 1.7529 1.7648 4.5760 -12.3282 1.2064 19.5307 4.7098 0.8648
Car -1 -1 4.7668 575.8536 176.4494 611.4042 206.6653 1.5089 1.6656 3.7085 -0.6678 1.0712 37.7816 4.7489 0.8487
Car -1 -1 1.5692 375.5616 182.8665 415.3894 218.8406 1.4227 1.5223 3.6978 -8.9512 1.3298 30.4170 1.2850 0.4108
Car -1 -1 4.6953 423.4729 181.3485 452.5469 208.1261 1.4761 1.5679 3.5180 -9.7991 1.2629 41.5249 4.4646 0.3879
Car -1 -1 4.6923 466.9346 173.8799 490.4597 195.5362 1.5272 1.6221 3.8652 -9.4573 0.7278 52.7491 4.5155 0.3841
Car -1 -1 0.8184 0.0000 232.7058 154.6576 376.0000 1.4244 1.5489 3.9427 -5.1631 1.7619 4.2751 -0.0303 0.1685
Car -1 -1 4.8165 171.7478 173.6169 229.0470 211.9966 1.5034 1.6804 3.9382 -17.0615 1.0491 30.3005 4.3073 0.1571
Car -1 -1 5.5566 0.0000 211.9816 124.1087 376.0000 1.4424 1.5607 3.8099 -4.0837 1.6294 3.0894 4.6750 0.1375
Car -1 -1 3.2231 357.9678 181.2417 457.9870 216.9206 1.4460 1.4987 3.9397 -8.3019 1.2850 30.2325 2.9571 0.1361
Car -1 -1 1.6552 365.6779 187.7632 417.3337 227.4447 1.4515 1.6046 4.3919 -8.5894 1.5621 28.9042 1.3685 0.1331
Car -1 -1 1.5400 191.7940 174.7927 233.9570 208.3282 1.4323 1.5745 4.0468 -18.0569 0.9871 32.8464 1.0406 0.1253
Car -1 -1 4.6577 516.8797 164.5244 543.2877 189.1456 1.6138 1.6039 3.3657 -5.2742 0.2576 48.9072 4.5506 0.1241
Car -1 -1 3.4805 241.6157 179.9745 296.9632 198.7524 1.7405 1.7795 4.3765 -31.7954 1.2547 67.7318 3.0427 0.1164
Car -1 -1 1.7455 163.1998 180.0552 230.4602 222.0869 1.5135 1.5983 3.8961 -15.8783 1.3277 27.9873 1.2333 0.1163
Car -1 -1 3.6997 114.5862 178.6521 233.3080 217.4982 1.5244 1.6563 3.8189 -17.4599 1.2668 29.0780 3.1628 0.1036
Car -1 -1 2.3004 0.0000 185.6153 58.3024 211.6415 1.4974 1.5287 3.9514 -35.4964 1.5226 43.4288 1.6179 0.1028
Car -1 -1 4.7585 269.0762 171.1374 304.2735 200.7859 1.4772 1.5128 3.5818 -16.7881 0.7758 37.7590 4.3426 0.1006
Car -1 -1 0.6060 444.2237 173.1665 501.4176 194.7663 1.5121 1.5901 3.8306 -9.6912 0.6686 51.8327 0.4218 0.0970
Car -1 -1 3.2591 332.2429 186.6435 440.5824 223.2531 1.4371 1.5711 4.0797 -8.9556 1.4978 29.4366 2.9659 0.0953
Car -1 -1 1.9208 0.0000 182.2933 15.4574 211.3224 1.5400 1.6359 4.1010 -35.0642 1.3850 40.3438 1.2083 0.0829
Car -1 -1 1.7758 259.7950 179.2107 325.4107 219.9659 1.5639 1.6662 4.1070 -12.9255 1.3334 29.7627 1.3691 0.0807
Car -1 -1 5.0476 0.0000 216.9047 202.6458 376.0000 1.4591 1.6511 4.0278 -4.3250 1.7874 5.2741 4.3851 0.0794
Car -1 -1 1.5230 0.0000 185.3003 11.2601 212.2022 1.5222 1.5960 3.8367 -36.5295 1.5274 42.6324 0.8174 0.0777
Car -1 -1 1.7572 262.7499 171.2200 312.7428 202.3991 1.4963 1.6023 3.9797 -16.1985 0.8246 36.6176 1.3432 0.0749
Car -1 -1 2.2854 192.9103 175.3060 289.8976 209.3314 1.4705 1.6094 4.2395 -16.8301 1.0422 33.3208 1.8207 0.0747
Car -1 -1 4.5578 434.3708 209.7356 521.9378 275.4534 1.4264 1.7269 3.8702 -3.5566 2.1564 19.2897 4.3772 0.0685
Car -1 -1 1.8396 0.0000 184.1815 25.6443 211.8953 1.5290 1.6518 3.9762 -35.4831 1.4720 41.8116 1.1388 0.0637
Car -1 -1 4.7599 276.0055 171.0927 319.8442 207.5945 1.5387 1.6182 3.7934 -13.8599 0.9433 32.3615 4.3580 0.0636
Car -1 -1 1.9062 154.6051 177.5218 235.6300 217.4339 1.4974 1.6311 3.8792 -16.5215 1.2088 29.0233 1.3925 0.0626
Car -1 -1 1.8407 35.1806 181.2799 90.0531 208.0679 1.5153 1.5791 4.0129 -32.3558 1.2927 42.8192 1.1963 0.0624
Car -1 -1 1.6368 2.5196 183.6182 37.3545 206.7720 1.4516 1.5132 3.6924 -38.3594 1.3515 47.0132 0.9549 0.0618
Car -1 -1 1.5475 466.4150 172.4352 491.3895 195.8561 1.5812 1.6381 4.2220 -9.0925 0.7184 50.7630 1.3709 0.0617
Car -1 -1 1.6490 408.7195 174.7784 446.4027 205.4626 1.5347 1.6198 3.9654 -9.4514 1.0126 38.0420 1.4068 0.0616
Car -1 -1 3.7379 194.3375 177.9077 290.9326 209.6751 1.4883 1.6310 3.9291 -17.5821 1.1459 34.7426 3.2723 0.0603
Car -1 -1 3.2717 402.1308 181.6146 502.7758 216.9377 1.5334 1.6649 4.2235 -6.8619 1.3771 32.2013 3.0630 0.0528
Car -1 -1 -0.2175 0.0000 205.5733 760.7239 376.0000 1.4455 1.6082 4.0718 -1.1880 1.6178 4.4547 -0.4641 0.0512
Car -1 -1 2.0302 0.0000 180.4614 68.2667 208.5121 1.5771 1.6857 4.1567 -34.0007 1.3098 42.6253 1.3597 0.0511
Car -1 -1 1.3649 462.9564 173.3258 500.3840 198.0979 1.5880 1.6727 4.1044 -8.4752 0.8258 48.2984 1.1918 0.0505