Car -1 -1 4.5371 673.8120 180.9066 780.3625 264.3957 1.5776 1.6539 3.6798 2.4482 1.7753 15.8540 4.6864 0.9728
Car -1 -1 1.7808 418.2706 188.5928 524.8649 274.3375 1.5594 1.5588 3.2660 -2.8237 1.9311 15.3859 1.6013 0.9558
Car -1 -1 4.5721 646.7773 174.9863 710.1204 227.4641 1.7050 1.6645 4.1476 2.3673 1.7873 25.7282 4.6620 0.9118
Car -1 -1 1.6707 531.2087 181.8804 568.6724 210.6702 1.4588 1.6567 4.1515 -3.2486 1.9849 39.9633 1.5896 0.6631
Car -1 -1 4.6304 663.8019 183.7950 729.4242 240.0881 1.4130 1.5565 3.4401 2.3979 1.7507 20.5324 4.7441 0.6495
Car -1 -1 4.6242 639.2961 172.1057 676.0294 205.3423 1.7522 1.6789 4.0233 2.6206 1.7127 40.0689 4.6885 0.5920
Car -1 -1 0.2725 0.0000 0.0000 1242.0000 375.0000 1.4798 1.6217 3.7532 3.0737 1.5781 1.4644 1.3225 0.1950
Car -1 -1 -0.1206 640.9893 170.6465 711.4549 201.7865 1.6342 1.6390 3.5936 3.5418 1.5183 38.7389 -0.0306 0.1550
Car -1 -1 0.6846 494.8743 184.2674 568.7140 213.1017 1.4484 1.5827 3.8728 -4.2585 2.0977 39.3259 0.5769 0.1245
Car -1 -1 2.3348 1017.7372 171.8657 1242.0000 375.0000 1.4989 1.6584 4.0475 4.0314 1.4967 2.6845 3.2683 0.1188
Car -1 -1 1.3821 698.1356 163.2179 747.4285 194.8515 1.4081 1.5266 4.2629 5.3067 0.9792 34.2760 1.5341 0.1080
Car -1 -1 1.5730 632.0190 176.3199 656.4360 201.6846 1.5908 1.5489 3.8318 2.2958 1.8295 47.7373 1.6202 0.1058
Car -1 -1 1.3046 603.1808 185.2704 635.4286 206.1193 1.5234 1.6011 3.8345 0.7360 2.5435 57.2273 1.3169 0.1020
Car -1 -1 0.9303 0.0000 0.0000 1213.6548 375.0000 1.4987 1.5829 3.7671 1.7751 1.5512 1.5565 1.6920 0.1007
Car -1 -1 1.5487 553.4388 164.2814 1242.0000 375.0000 1.5108 1.6117 3.8608 1.4207 1.5035 2.7032 1.9881 0.0936
Car -1 -1 4.5413 632.8214 176.9261 671.3741 204.9773 1.5228 1.6002 3.7613 2.4108 1.7692 41.6977 4.5982 0.0902
Car -1 -1 4.0550 1048.9454 186.7813 1242.0000 375.0000 1.4737 1.5864 3.6895 5.6202 1.6299 6.2077 4.7666 0.0793
Car -1 -1 0.2013 507.0413 182.9339 590.3788 210.3134 1.4595 1.6744 4.3978 -3.3702 2.0384 40.3546 0.1180 0.0750
Car -1 -1 4.7876 406.9111 175.1482 454.3907 213.9977 1.4518 1.5814 3.5542 -7.1460 1.5503 29.0694 4.5482 0.0738
Car -1 -1 1.3921 520.8654 177.0466 549.4035 196.7037 1.4745 1.5636 3.9878 -5.9303 1.8191 57.1675 1.2889 0.0695
Car -1 -1 4.7957 426.2294 181.9050 471.4849 219.7805 1.4793 1.5905 3.6175 -6.8417 1.8918 30.9860 4.5797 0.0672
Car -1 -1 1.4296 515.4247 182.8571 554.7498 211.7014 1.4825 1.6406 4.1628 -4.2650 2.0795 40.8415 1.3257 0.0647
Car -1 -1 0.6522 877.8946 156.4959 1242.0000 375.0000 1.4593 1.6237 3.6648 2.8215 1.4387 2.8636 1.3799 0.0616
Car -1 -1 2.1123 464.8170 184.5184 524.0824 213.4231 1.4410 1.5855 3.5717 -6.2457 2.1111 39.4990 1.9560 0.0600
Car -1 -1 1.4957 614.1301 177.6376 642.1698 201.8837 1.5107 1.5648 3.8162 1.1920 1.8397 47.6708 1.5200 0.0583
Car -1 -1 1.4405 502.8858 182.8033 532.4755 205.6791 1.4856 1.5802 3.7884 -6.4841 2.2121 50.6583 1.3133 0.0562
Car -1 -1 1.3693 682.1993 138.1196 1149.9072 375.0000 1.4589 1.5918 3.8943 1.3499 1.3286 4.6977 1.6314 0.0546
Car -1 -1 2.3622 763.7032 211.7429 1242.0000 375.0000 1.4624 1.5870 3.5408 2.4567 1.6355 2.3570 3.1070 0.0513