Car -1 -1 4.5163 509.7092 180.1928 564.3982 217.5856 1.4650 1.6433 3.7338 -3.1827 1.8019 31.0908 4.4145 0.9281
Car -1 -1 3.5884 9.6630 182.9818 270.3956 273.8581 1.5648 1.6337 3.8150 -8.7151 1.7711 13.6773 3.0296 0.9274
Car -1 -1 3.7877 0.0000 175.5634 206.7413 294.1429 1.5931 1.6370 3.7111 -8.2055 1.6358 10.5547 3.1389 0.8596
Car -1 -1 0.3248 95.8678 161.9634 314.0408 237.4059 1.6281 1.6892 4.0893 -9.2156 1.3931 16.7530 -0.1717 0.6804
Car -1 -1 3.8071 0.0000 164.3875 97.6355 342.2751 1.5841 1.6927 4.1355 -8.0810 1.5087 7.5450 3.0052 0.6331
Car -1 -1 3.2500 326.5325 166.9046 391.6339 188.8461 1.4575 1.6149 4.0365 -17.0106 1.0623 49.1622 2.9184 0.5382
Car -1 -1 1.7106 451.8893 174.7746 475.2833 192.2695 1.5748 1.6163 3.8496 -13.5940 1.7594 67.3522 1.5119 0.2658
Car -1 -1 3.5520 316.1606 152.9582 423.4365 190.0106 1.5240 1.6167 4.0160 -10.1450 0.7056 30.6687 3.2349 0.2208
Car -1 -1 4.0167 76.1343 157.0169 170.6266 191.3686 1.5447 1.6357 3.7736 -22.7335 0.8326 33.7632 3.4277 0.2093
Car -1 -1 4.5448 328.3105 165.3329 366.5321 190.9018 1.5514 1.6163 4.2007 -16.7522 1.0951 46.0063 4.1973 0.1962
Car -1 -1 2.0143 236.8306 181.7584 321.2131 221.5748 1.4598 1.5377 3.9964 -13.3377 1.8471 29.3682 1.5911 0.1951
Car -1 -1 2.0714 0.0000 170.1519 112.7024 346.1328 1.4755 1.5401 3.2101 -6.9643 1.4528 7.7809 1.3582 0.1848
Car -1 -1 4.8217 243.7934 156.4922 281.6415 187.0036 1.6288 1.5352 3.4123 -19.3628 0.7554 40.3823 4.3770 0.1637
Car -1 -1 4.9395 305.7437 171.3170 363.6746 207.0944 1.4762 1.5540 3.7864 -12.0149 1.4128 31.7503 4.5802 0.1548
Car -1 -1 5.1609 104.3249 155.9461 182.8639 190.8920 1.5792 1.6908 3.7416 -22.2148 0.8151 34.5643 4.5930 0.1516
Car -1 -1 4.7488 202.0959 162.0954 227.4571 183.6444 1.7542 1.7234 4.0730 -33.3056 0.8784 60.9430 4.2503 0.1368
Car -1 -1 3.0884 245.3820 177.1263 359.9032 214.5453 1.4629 1.5973 4.3183 -12.8348 1.6518 30.2486 2.6900 0.1321
Car -1 -1 3.3280 247.3319 164.0463 385.4335 213.4417 1.5305 1.6206 3.9330 -9.4473 1.2576 23.5264 2.9498 0.1216
Car -1 -1 4.8165 85.5648 172.8981 150.5926 213.5519 1.3909 1.5826 3.7785 -18.1160 1.3927 26.7308 4.2253 0.1183
Car -1 -1 2.3308 0.0000 134.2897 82.1550 375.0000 1.4931 1.6228 4.0473 -6.8856 1.2623 6.3735 1.5278 0.0983
Car -1 -1 4.8600 360.0538 165.4659 395.1003 191.4028 1.7384 1.7520 4.0362 -16.1826 1.2432 50.4941 4.5512 0.0975
Car -1 -1 4.7184 335.9387 163.7281 375.9439 200.4197 1.4961 1.5521 3.7550 -11.0290 1.1240 31.4488 4.3835 0.0970
Car -1 -1 5.5367 75.9126 158.9314 180.4775 192.9641 1.5447 1.6872 4.1704 -23.2020 0.9128 34.9763 4.9544 0.0905
Car -1 -1 -0.1982 338.3802 169.0807 476.9698 216.0119 1.4674 1.6246 4.2502 -6.7609 1.3494 24.2435 -0.4677 0.0890
Car -1 -1 1.3722 551.2118 175.6230 599.5209 207.2800 1.4125 1.5771 3.8708 -1.6973 1.5534 34.6264 1.3231 0.0861
Car -1 -1 1.4944 338.7944 167.3399 371.7490 193.1750 1.5352 1.6423 4.0177 -15.9093 1.2075 45.0447 1.1565 0.0845
Car -1 -1 4.8446 231.0716 187.5745 324.1009 257.3561 1.4633 1.5892 3.7633 -8.1586 1.8723 18.0169 4.4245 0.0825
Car -1 -1 4.6971 336.4831 168.2543 387.6124 216.4526 1.5050 1.5275 3.8218 -8.4513 1.3614 24.5871 4.3690 0.0782
Car -1 -1 4.8414 48.3247 165.2694 110.7492 203.2321 1.5039 1.6223 3.9685 -22.4696 1.2034 30.7140 4.2138 0.0766
Car -1 -1 1.7249 235.5450 178.0850 294.6888 216.6176 1.4501 1.5987 3.9637 -14.1662 1.6820 29.8580 1.2851 0.0746
Car -1 -1 4.6595 321.2146 166.1414 361.9602 200.1380 1.5142 1.6222 3.6059 -12.7072 1.2152 34.1137 4.3052 0.0745
Car -1 -1 1.8394 274.5545 175.4377 340.8793 212.2654 1.4598 1.6044 3.9989 -12.8618 1.5781 30.9743 1.4486 0.0734
Car -1 -1 3.0336 259.6433 169.6922 357.0399 204.4200 1.4886 1.5841 3.9118 -13.5774 1.3531 32.5628 2.6412 0.0691
Car -1 -1 3.9200 0.0000 166.5470 107.7558 204.2274 1.4961 1.6194 3.8960 -23.0747 1.2457 29.6903 3.2636 0.0690
Car -1 -1 0.5038 156.9705 164.5038 222.8246 185.2480 1.6846 1.7095 4.4192 -34.5632 1.0065 59.4963 -0.0207 0.0673
Car -1 -1 1.4898 525.8311 169.2634 559.4322 200.0920 1.6949 1.6275 3.8051 -3.9068 1.4975 41.6842 1.3965 0.0670
Car -1 -1 3.5164 98.7371 153.1608 194.2187 182.6493 1.6309 1.6357 4.2774 -26.3084 0.5418 41.1165 2.9500 0.0665
Car -1 -1 5.2152 145.9428 174.6847 308.3339 248.0973 1.5394 1.6582 4.0200 -8.9281 1.5883 17.2662 4.7439 0.0618
Car -1 -1 5.0645 339.7918 164.2391 388.6677 190.1171 1.5801 1.6343 4.1023 -15.6159 1.0541 46.1299 4.7397 0.0604
Car -1 -1 4.7611 361.6070 149.5916 404.8542 187.7520 1.5639 1.6107 3.7630 -9.8492 0.6105 31.5926 4.4612 0.0602
Car -1 -1 3.4524 210.5269 179.9961 328.3976 217.5567 1.4680 1.5501 4.0968 -13.8741 1.7712 29.6120 3.0173 0.0600
Car -1 -1 3.4406 189.3658 157.9971 282.7108 187.2930 1.5472 1.6480 4.2133 -20.2596 0.7626 39.2830 2.9671 0.0586
Car -1 -1 1.7031 447.2246 174.5307 472.1037 193.1856 1.6261 1.6443 4.3843 -13.5776 1.7836 65.5435 1.4993 0.0576
Car -1 -1 3.7048 45.2713 159.8232 144.8691 189.5428 1.6335 1.6598 4.3532 -28.8859 0.9173 40.6018 3.0894 0.0565
Car -1 -1 5.0769 209.4450 162.4748 250.3305 183.2997 1.7109 1.7003 4.1648 -32.2722 0.8582 61.4477 4.5950 0.0556
Car -1 -1 2.3953 0.0000 163.7786 89.9851 359.2199 1.5458 1.6696 3.9882 -7.9033 1.4740 7.7369 1.6165 0.0555
Car -1 -1 3.3642 273.2719 162.5082 390.9388 199.2680 1.4767 1.6349 4.3232 -11.4820 1.0611 30.0948 3.0025 0.0547
Car -1 -1 4.2262 49.6172 166.2723 132.2388 201.2862 1.5385 1.5786 3.6436 -23.8891 1.2493 33.2265 3.6065 0.0537
Car -1 -1 1.8914 438.9281 173.7004 471.5728 193.0779 1.6521 1.6460 3.9830 -13.5947 1.7293 63.7677 1.6819 0.0535
Car -1 -1 4.9531 155.1846 159.5981 205.6490 191.3297 1.7495 1.6317 3.8532 -24.8244 1.0186 41.8608 4.4204 0.0520
Car -1 -1 0.0366 497.3858 168.0977 546.0546 185.6884 1.6291 1.7252 4.4832 -8.2272 1.1886 67.8704 -0.0838 0.0505