Car -1 -1 2.0302 109.7657 184.4770 297.4424 272.2440 1.6010 1.7224 4.5934 -8.7563 1.8978 16.1003 1.5386 0.9170
Car -1 -1 1.8161 432.9546 183.3771 472.9428 209.4697 1.5560 1.6261 3.8649 -10.0547 2.2638 46.5674 1.6042 0.7475
Car -1 -1 1.8527 367.4785 189.0948 431.6076 225.2684 1.4852 1.6921 4.4972 -9.7666 2.2989 33.8974 1.5737 0.6983
Car -1 -1 4.5802 590.9094 180.6597 612.4145 197.0634 1.4730 1.5831 3.5507 -0.7736 2.2336 68.4406 4.5685 0.5427
Car -1 -1 4.0151 1068.6204 90.6542 1242.0000 375.0000 1.6709 1.5943 3.5349 4.7729 1.3507 4.6311 4.7841 0.2581
Car -1 -1 1.4998 273.0199 178.0868 299.6902 200.6702 1.6504 1.6012 4.1665 -25.0984 2.0724 55.9708 1.0798 0.1759
Car -1 -1 2.4314 1069.3087 129.3952 1242.0000 375.0000 1.6673 1.6229 3.6962 5.7429 1.4090 5.2643 3.2324 0.1603
Car -1 -1 3.3310 463.3755 164.9516 510.9821 182.7703 1.5765 1.6504 3.9688 -10.9495 0.8774 64.7083 3.1638 0.1598
Car -1 -1 1.4998 239.6221 204.0136 302.6339 256.1560 1.4838 1.7269 4.0643 -11.9506 2.6735 25.3525 1.0628 0.1285
Car -1 -1 4.7107 494.4574 164.3530 520.4829 190.0153 1.6667 1.6779 3.9153 -6.9218 1.1146 48.9197 4.5706 0.1235
Car -1 -1 1.7906 80.4374 198.3421 145.8835 235.7053 1.4950 1.7247 3.7743 -23.1395 2.7612 33.7709 1.1933 0.1202
Car -1 -1 1.4004 509.6346 175.7854 537.2818 195.1786 1.4780 1.5492 3.9430 -6.9219 1.7211 57.7384 1.2812 0.1201
Car -1 -1 4.4678 407.8187 184.4305 442.9767 206.7896 1.4757 1.5818 3.7566 -13.2402 2.3386 51.7523 4.2182 0.1191
Car -1 -1 1.3987 356.3931 181.6872 383.5604 201.6818 1.6611 1.6042 4.1619 -21.3159 2.4731 64.1133 1.0787 0.1100
Car -1 -1 4.1893 1029.8871 179.7966 1242.0000 375.0000 1.5980 1.5862 3.5433 5.0793 1.6735 5.9749 4.8689 0.1085
Car -1 -1 1.3637 350.1214 196.9233 393.1663 223.7879 1.4226 1.7378 3.8993 -14.5904 2.9657 44.1358 1.0457 0.0989
Car -1 -1 2.2920 1032.4501 165.3478 1242.0000 282.2943 1.5472 1.5930 4.0335 8.6410 1.4479 10.6978 2.9576 0.0956
Car -1 -1 4.6485 156.8572 172.9262 191.5627 199.0522 1.5006 1.5616 3.7282 -26.2317 1.5052 43.4324 4.1078 0.0953
Car -1 -1 3.7976 234.8954 176.9484 304.2007 200.9113 1.4981 1.6097 3.8874 -22.0012 1.7701 46.7260 3.3595 0.0913
Car -1 -1 1.5043 593.5065 177.0788 614.8055 195.7972 1.6375 1.6716 4.3136 -0.5276 2.0388 66.3323 1.4960 0.0897
Car -1 -1 1.7646 355.8953 188.4478 386.1937 208.8798 1.4995 1.5810 3.9546 -19.1816 2.8009 58.1575 1.4469 0.0892
Car -1 -1 4.1711 907.7907 40.9849 1242.0000 375.0000 1.6440 1.6360 3.9165 3.2899 1.2206 4.3314 4.7884 0.0862
Car -1 -1 1.5979 278.0545 178.5079 302.4581 202.9840 1.7506 1.5755 4.2292 -24.2585 2.1985 54.9038 1.1833 0.0851
Car -1 -1 3.6288 223.2231 176.7208 302.7062 202.0659 1.5261 1.6879 4.1258 -21.4116 1.7705 44.6611 3.1838 0.0828
Car -1 -1 1.4980 289.3567 202.7971 345.0173 247.9086 1.4665 1.7583 4.1380 -11.6781 2.7498 28.6801 1.1141 0.0816
Car -1 -1 4.7503 474.1905 165.5559 494.0818 183.3504 1.5685 1.6381 3.6904 -11.3655 0.9252 65.5372 4.5791 0.0788
Car -1 -1 2.4190 36.1259 181.8776 148.3033 220.5211 1.5127 1.6207 3.8231 -22.2746 1.9291 31.2477 1.8035 0.0782
Car -1 -1 1.6668 470.7975 190.6354 509.4933 222.8280 1.4389 1.5642 3.6846 -5.9450 2.3783 36.2279 1.5047 0.0775
Car -1 -1 1.3605 1206.3865 136.8829 1242.0000 269.8493 1.4713 1.6043 3.9100 9.7338 1.0732 10.0719 2.1143 0.0774
Car -1 -1 0.4389 122.9179 177.7991 212.8246 206.0162 1.4964 1.5287 3.9294 -24.1634 1.7742 39.5717 -0.1065 0.0753
Car -1 -1 1.8048 87.0872 186.6850 150.0066 222.6258 1.4638 1.5617 3.5875 -22.2651 2.1308 32.8435 1.2127 0.0716
Car -1 -1 3.5682 24.0358 185.8577 145.5949 222.1582 1.4993 1.6563 4.0176 -23.0743 2.0953 31.8672 2.9452 0.0689
Car -1 -1 1.2477 242.4164 178.3413 284.5488 200.1251 1.5765 1.6852 4.1579 -26.5722 2.0132 55.3453 0.8017 0.0671
Car -1 -1 1.5413 270.3294 178.5877 299.8071 203.6534 1.4817 1.5937 4.0830 -20.6440 1.8633 45.8363 1.1201 0.0648
Car -1 -1 1.3830 352.3329 193.8255 406.0460 229.0361 1.4322 1.6831 4.1501 -10.9802 2.4916 34.2249 1.0743 0.0625
Car -1 -1 4.3081 870.3866 176.9834 1242.0000 375.0000 1.5681 1.5500 3.2923 3.3994 1.6121 5.9732 4.8034 0.0624
Car -1 -1 1.3329 594.6800 176.7253 623.0999 195.3671 1.5877 1.6246 4.0703 -0.0950 1.9455 64.5229 1.3310 0.0597
Car -1 -1 4.6805 465.3834 166.2911 485.4210 184.0614 1.5698 1.6677 4.2551 -12.2971 0.9900 65.9957 4.4968 0.0596
Car -1 -1 4.7132 134.5000 186.6586 177.2958 221.8107 1.4944 1.6444 3.8943 -21.6065 2.1925 34.4018 4.1557 0.0581
Car -1 -1 -0.2222 284.9080 199.6194 380.7594 234.2060 1.4711 1.7565 4.1133 -13.5691 2.8554 35.4503 -0.5857 0.0560
Car -1 -1 1.3841 340.9965 184.2136 369.7520 202.2209 1.4851 1.6836 4.1709 -22.7653 2.5364 64.5440 1.0460 0.0552
Car -1 -1 2.0076 520.0051 176.0659 558.5237 196.2771 1.5436 1.6089 3.8119 -5.5929 1.8102 57.8266 1.9112 0.0552
Car -1 -1 1.6011 51.2680 208.2932 134.4353 276.7172 1.4565 1.6829 3.9288 -13.9448 2.5245 19.6420 0.9899 0.0545
Car -1 -1 1.5168 411.9868 179.5503 439.8907 204.9395 1.6165 1.6250 4.2846 -12.6151 2.0965 49.4341 1.2679 0.0527
Car -1 -1 -0.9336 532.4201 176.2047 580.1339 196.9754 1.5420 1.6402 4.0333 -4.1231 1.8139 56.4012 -1.0066 0.0522
Car -1 -1 1.3210 487.4929 176.3293 520.0327 196.3595 1.4897 1.6185 3.8469 -8.3137 1.7718 56.4750 1.1752 0.0517
Car -1 -1 1.9515 350.1011 192.5094 417.4648 230.4945 1.4972 1.6472 3.5764 -9.9965 2.4248 32.2027 1.6524 0.0513
Car -1 -1 1.6175 362.5546 191.2582 388.4312 213.1870 1.4814 1.6663 4.2823 -17.7571 2.9392 54.8647 1.3055 0.0506