Car -1 -1 3.8869 772.3831 187.7449 930.3496 256.5601 1.4054 1.6019 3.4291 5.7240 1.8042 17.4390 4.1981 0.9433
Car -1 -1 2.0415 229.9784 189.3865 296.2032 220.6102 1.4097 1.5730 3.4935 -17.3113 2.2800 36.2164 1.5981 0.9207
Car -1 -1 1.9509 321.7546 184.0060 377.4634 209.6862 1.5000 1.7525 4.7048 -16.6987 2.2570 46.5986 1.6083 0.8471
Car -1 -1 1.5071 319.7004 177.5336 342.6306 196.6037 1.5496 1.5892 3.9105 -23.8574 1.9639 61.7738 1.1397 0.2712
Car -1 -1 1.8211 216.5449 195.9500 247.3447 213.2852 1.4365 1.6560 3.7576 -35.1194 3.6518 67.1877 1.3408 0.2174
Car -1 -1 1.5397 246.6937 178.0572 273.8817 202.3264 1.5621 1.5614 3.8907 -23.9490 1.9335 49.4215 1.0903 0.1958
Car -1 -1 1.3020 884.3348 178.8201 937.2387 210.7231 1.4740 1.5259 3.5451 14.9115 1.7859 35.8805 1.6924 0.1293
Car -1 -1 1.0479 166.3889 198.1472 233.9510 226.1243 1.4468 1.7542 3.8467 -23.9443 2.9863 42.1828 0.5340 0.1108
Car -1 -1 1.8788 179.0658 200.6456 233.3883 229.8086 1.4265 1.7264 3.3253 -22.5844 3.0566 40.5234 1.3728 0.0966
Car -1 -1 1.7202 209.1222 198.0139 252.9495 226.5687 1.4690 1.7155 4.1809 -22.6733 3.0593 43.3501 1.2404 0.0899
Car -1 -1 0.5877 294.7621 185.2933 362.8159 210.8157 1.5145 1.5648 3.7250 -17.5410 2.3125 45.1214 0.2186 0.0632
Car -1 -1 1.4514 767.1686 170.1157 804.3173 199.1141 1.5003 1.5218 3.7040 9.5362 1.3586 39.2576 1.6876 0.0603
Car -1 -1 1.7376 712.6765 196.9361 787.6350 253.8126 1.4117 1.6062 3.8007 4.3091 2.2052 21.7153 1.9299 0.0574
Car -1 -1 1.8101 224.4867 176.6426 268.9938 202.4968 1.5606 1.6394 3.9999 -23.2203 1.8149 46.3089 1.3474 0.0572
Car -1 -1 1.4539 890.8854 179.2434 935.9822 212.6370 1.4814 1.5861 3.4426 14.5119 1.8043 34.5969 1.8475 0.0570
Car -1 -1 4.2015 642.0323 192.3191 759.4583 251.6054 1.4376 1.5927 4.0864 2.5414 2.0667 21.1281 4.3186 0.0549
Car -1 -1 1.3272 200.0818 194.4388 232.2581 212.8910 1.5197 1.7221 3.8113 -36.0360 3.5554 66.0620 0.8292 0.0547
Car -1 -1 -0.8476 824.6992 187.8744 1001.6656 260.6609 1.5054 1.6411 4.0413 7.2648 1.8977 17.2199 -0.4554 0.0521