Car -1 -1 4.7293 578.5579 181.1622 604.8338 206.3966 1.5275 1.6359 3.7724 -1.1264 2.0884 46.8160 4.7049 0.6043
Car -1 -1 1.8628 392.1844 194.7489 427.2128 215.3802 1.5183 1.7723 3.6581 -16.2633 3.3609 58.8724 1.5939 0.5167
Car -1 -1 -0.0903 569.1733 181.1524 630.2186 205.5624 1.4940 1.5240 3.7481 -0.6493 2.0313 45.7639 -0.1050 0.1522
Car -1 -1 1.9836 318.7469 189.1278 428.2396 245.4041 1.4422 1.6543 3.9753 -6.9722 1.9793 21.7488 1.6764 0.1262
Car -1 -1 1.5207 448.1833 184.0117 469.7553 203.8515 1.5151 1.5492 3.8862 -12.4457 2.4675 59.5116 1.3150 0.1045
Car -1 -1 4.3775 615.2430 172.0145 657.7191 197.5278 1.6500 1.6508 3.9763 1.7723 1.5957 48.8059 4.4132 0.0993
Car -1 -1 1.4137 572.7955 176.6988 610.4778 205.9253 1.6678 1.6631 4.1231 -1.1401 1.9135 43.9270 1.3874 0.0788
Car -1 -1 3.3438 384.4718 195.0818 434.9573 214.7478 1.5096 1.7937 3.6718 -16.2238 3.3494 58.7043 3.0748 0.0663
Car -1 -1 0.3729 534.0589 181.8642 602.9243 207.1241 1.5166 1.6630 4.0303 -2.5960 2.1055 45.7476 0.3160 0.0648
Car -1 -1 2.4746 384.4942 189.9392 435.5127 209.1575 1.4527 1.7602 3.8418 -16.6378 2.9293 60.2885 2.2060 0.0632
Car -1 -1 1.8840 374.5759 179.0800 467.5591 230.5622 1.4414 1.6365 4.0925 -5.8290 1.6562 22.8036 1.6360 0.0571
Car -1 -1 3.2448 300.0474 185.0084 452.1001 238.0128 1.4975 1.6582 4.2926 -7.0518 1.8923 22.1966 2.9400 0.0570
Car -1 -1 1.5962 581.8569 179.7667 608.7526 205.5180 1.5009 1.5794 4.0203 -0.8546 1.9528 45.1517 1.5769 0.0540
Car -1 -1 0.5594 281.4545 172.7682 346.1775 194.8204 1.6245 1.6739 4.2755 -22.2541 1.6182 54.3445 0.1722 0.0539
Car -1 -1 1.5554 390.6714 184.5555 453.2843 240.7383 1.4350 1.6321 3.4641 -5.5009 1.8078 21.1017 1.3028 0.0537