Car -1 -1 1.8544 376.4691 182.2299 425.0949 209.8279 1.5420 1.6941 4.3195 -12.6440 2.1412 43.9490 1.5755 0.7796
Car -1 -1 5.4958 0.0000 193.1973 138.6068 249.9128 1.5880 1.6602 3.5776 -17.4675 2.3026 23.4520 4.8608 0.2852
Car -1 -1 1.7149 389.1224 173.2808 413.9160 192.4466 1.7626 1.6887 4.1000 -19.7417 1.8044 68.5972 1.4355 0.2414
Car -1 -1 1.5289 663.2747 170.1956 709.5024 213.3302 1.6369 1.6957 3.8929 3.0641 1.5361 29.3762 1.6312 0.2112
Car -1 -1 1.6635 173.7041 197.2534 218.5818 229.4613 1.4450 1.6657 3.9051 -21.5398 2.7919 37.7087 1.1472 0.1940
Car -1 -1 1.6180 0.0000 177.7684 36.6334 214.5150 1.6150 1.5614 3.8786 -28.2914 1.8623 34.2754 0.9317 0.1348
Car -1 -1 1.8158 364.2019 181.5484 413.7245 214.5505 1.7511 1.7291 4.3037 -12.6527 2.2791 41.6310 1.5221 0.1116
Car -1 -1 1.8575 633.0815 173.4137 697.9170 212.9597 1.5431 1.6531 4.0059 2.4263 1.5683 30.3817 1.9359 0.0825
Car -1 -1 1.4372 145.2819 197.6321 193.7461 229.8758 1.4254 1.6467 3.6596 -22.4869 2.7565 36.8216 0.8919 0.0742
Car -1 -1 1.9305 123.1156 198.7118 194.0168 233.4145 1.4387 1.6893 3.7184 -21.6925 2.7593 34.8617 1.3770 0.0691
Car -1 -1 4.9905 676.2835 170.6125 703.7715 186.4852 1.4489 1.5827 3.8293 7.6042 1.2442 67.9333 5.1012 0.0683
Car -1 -1 0.3449 358.6733 182.6611 436.5181 208.4174 1.4980 1.6724 4.2012 -12.7882 2.1045 43.6617 0.0613 0.0568
Car -1 -1 5.2934 0.0000 196.9380 90.8598 251.4955 1.5204 1.5932 3.7375 -19.0856 2.3776 23.7477 4.6217 0.0553
Car -1 -1 3.5437 0.0000 164.0337 21.4695 205.0820 1.5460 1.6605 4.1356 -26.2153 1.2138 28.6389 2.8071 0.0547
Car -1 -1 4.9747 197.2012 193.4353 254.5947 224.4821 1.4305 1.6862 4.0195 -20.2463 2.5824 38.2369 4.4903 0.0541
Car -1 -1 2.0990 0.0000 154.4941 16.4400 196.7942 1.5373 1.6729 3.4471 -25.0871 0.8701 28.0762 1.3744 0.0514
Car -1 -1 4.6597 668.7936 176.3175 710.3942 213.2939 1.4749 1.5697 3.8403 3.3940 1.6336 31.1073 4.7668 0.0508