Car -1 -1 4.8928 457.6620 174.1897 516.5557 214.1149 1.5240 1.6349 4.2770 -4.8567 1.1031 29.5938 4.7313 0.9335
Car -1 -1 5.4076 0.0000 176.9399 169.6443 324.7993 1.7308 1.6213 3.7816 -8.2920 1.6340 10.3301 4.7437 0.9138
Car -1 -1 4.7137 573.9861 179.3478 615.7087 217.5978 1.4947 1.6310 3.3881 -0.5096 1.2654 29.7984 4.6963 0.9132
Car -1 -1 4.9519 313.7710 140.1059 465.1482 265.6985 2.1418 1.7677 4.9035 -4.2031 1.3725 14.7390 4.6787 0.8668
Car -1 -1 5.1362 157.1570 194.1888 307.1369 266.1832 1.4643 1.6354 3.9750 -8.7336 1.7035 17.1437 4.6710 0.5876
Car -1 -1 4.5709 499.8532 176.7559 534.2503 204.1671 1.5131 1.5223 3.2611 -5.2309 1.0461 41.4535 4.4458 0.2738
Car -1 -1 1.4379 537.0048 177.0190 560.1573 194.3565 1.5157 1.5617 4.0477 -5.3279 0.7991 64.9878 1.3560 0.2450
Car -1 -1 1.5518 476.2961 182.5334 515.7657 217.7176 1.4636 1.6305 4.1319 -4.9968 1.3520 32.0778 1.3981 0.1698
Car -1 -1 2.2969 0.0000 178.4409 153.8420 230.2467 1.4913 1.6681 4.1946 -16.7218 1.2963 22.8633 1.6708 0.1575
Car -1 -1 0.1674 458.3642 177.4653 529.5888 204.7357 1.5078 1.6210 3.7526 -6.3522 1.0793 40.5802 0.0127 0.1566
Car -1 -1 1.6410 508.1694 181.9088 552.4656 216.4792 1.4554 1.6781 4.3399 -3.4037 1.3162 32.4610 1.5370 0.1312
Car -1 -1 5.0836 169.1477 133.2482 395.0218 281.6935 1.7080 1.5931 3.6238 -4.2800 1.1100 10.0984 4.6923 0.1284
Car -1 -1 3.1200 59.7278 168.6711 191.1073 211.7708 1.4958 1.5760 3.9589 -17.8200 0.9216 26.7218 2.5364 0.1143
Car -1 -1 4.6957 519.7546 161.7976 544.3658 185.8629 1.6957 1.7283 3.7253 -5.5280 0.0456 52.6048 4.5913 0.1063
Car -1 -1 -0.2048 497.9874 177.0592 568.8054 204.8170 1.5180 1.6246 3.7315 -4.1836 1.0720 40.6516 -0.3070 0.1007
Car -1 -1 3.3390 204.3509 138.0899 442.3835 252.9769 1.9069 1.6486 3.7506 -4.9657 1.1247 13.0431 2.9820 0.0993
Car -1 -1 1.4042 554.5485 175.4112 582.6028 195.8640 1.5378 1.5629 3.8764 -3.0478 0.8006 56.1108 1.3498 0.0987
Car -1 -1 0.1009 499.7830 162.6214 552.3026 185.6691 1.6317 1.6814 3.6047 -5.8106 0.0321 51.7509 -0.0105 0.0957
Car -1 -1 4.6896 502.5436 176.0315 532.7793 203.4716 1.4466 1.5777 3.6491 -4.9947 0.9624 39.8173 4.5653 0.0839
Car -1 -1 1.7406 388.9684 201.2945 477.1008 265.6879 1.4761 1.6406 4.0513 -4.6176 1.9605 19.5834 1.5115 0.0809
Car -1 -1 2.3079 0.0000 167.8025 108.2081 357.8536 1.7215 1.7048 4.3974 -8.4093 1.5638 8.7225 1.5561 0.0688
Car -1 -1 4.0692 39.1134 179.6642 165.4562 227.1646 1.5072 1.6151 3.6549 -16.9471 1.3311 24.1520 3.4623 0.0670
Car -1 -1 4.8310 132.9416 191.2089 237.2997 263.9940 1.4499 1.6026 3.8716 -9.6883 1.6071 16.7598 4.3135 0.0662
Car -1 -1 -0.9824 525.1634 177.5220 588.9798 206.3180 1.5425 1.6328 4.0344 -2.7754 1.1304 40.6621 -1.0505 0.0630
Car -1 -1 1.4507 460.6760 202.5832 528.8560 253.7400 1.4111 1.7336 3.7885 -3.7171 2.0235 23.2865 1.2936 0.0609
Car -1 -1 3.6304 114.0921 193.5200 320.5005 261.1102 1.4644 1.6303 3.8837 -8.8872 1.6657 16.5993 3.1452 0.0608
Car -1 -1 2.1635 538.9036 177.0432 577.4621 194.2444 1.4906 1.5704 3.8305 -4.3529 0.7824 64.3435 2.0959 0.0590
Car -1 -1 2.0077 563.3745 175.4976 603.9926 196.3468 1.5659 1.6025 4.0621 -1.7932 0.8360 56.1725 1.9755 0.0581
Car -1 -1 1.5915 94.3412 209.6760 176.2778 273.6607 1.4235 1.7120 3.6086 -12.7085 2.1544 19.4961 1.0195 0.0531
Car -1 -1 1.5985 486.5516 176.8187 517.5953 205.2114 1.5153 1.6122 3.8916 -5.8625 1.0671 40.3896 1.4550 0.0503