Car -1 -1 1.8337 371.6660 183.9120 418.4944 209.5265 1.5145 1.7782 4.6003 -13.8917 2.2702 46.9870 1.5474 0.8317
Car -1 -1 4.1596 348.3905 190.2450 421.4996 223.5706 1.4601 1.6503 3.8661 -11.0775 2.3608 35.4793 3.8586 0.1689
Car -1 -1 1.6256 355.9549 188.9781 380.1181 209.1893 1.5242 1.6849 3.8913 -20.0025 2.9088 59.8614 1.3040 0.1473
Car -1 -1 1.4236 357.8097 177.3537 382.7717 195.4053 1.4873 1.5078 3.8458 -20.7591 1.8900 62.5292 1.1040 0.1443
Car -1 -1 5.0448 414.2213 189.3573 471.3520 222.0631 1.4698 1.6493 3.8011 -8.3423 2.3476 36.4009 4.8205 0.1063
Car -1 -1 1.7720 370.5908 188.0246 424.3033 223.9108 1.4782 1.6101 4.0252 -9.7838 2.2270 33.5436 1.4898 0.1056
Car -1 -1 0.9804 328.6897 187.9160 374.9272 207.7187 1.4952 1.7036 3.8690 -21.1299 2.7674 59.1083 0.6382 0.1028
Car -1 -1 4.7979 391.6324 190.1873 431.7891 223.3737 1.4791 1.6192 3.7733 -9.8840 2.3980 36.2492 4.5331 0.0961
Car -1 -1 1.7560 365.2252 181.9186 406.8754 211.4634 1.7027 1.7283 4.2370 -13.9181 2.2974 45.1361 1.4582 0.0830
Car -1 -1 1.8041 392.1996 184.7393 424.6956 205.2496 1.5626 1.6742 4.0865 -16.5222 2.5759 59.4448 1.5337 0.0755
Car -1 -1 0.1253 409.5379 189.6009 495.9031 220.8422 1.4461 1.6826 3.9686 -7.6536 2.2932 35.4881 -0.0861 0.0713
Car -1 -1 1.2788 330.7602 177.5480 364.5775 195.9780 1.4826 1.6420 3.9049 -22.2198 1.8938 61.1485 0.9314 0.0704
Car -1 -1 1.3440 383.7581 187.6168 425.7426 216.0008 1.5342 1.6031 3.8111 -12.2979 2.4600 43.1938 1.0678 0.0696
Car -1 -1 1.2416 407.2951 189.2913 466.2380 223.1102 1.4483 1.6946 3.5874 -8.3731 2.2856 34.7828 1.0066 0.0650
Car -1 -1 5.4730 391.7759 188.3560 460.4277 216.4281 1.5201 1.6243 4.1316 -11.0436 2.5061 43.6963 5.2264 0.0646
Car -1 -1 1.9348 359.9972 182.2633 396.4534 200.8823 1.4846 1.6053 4.1170 -19.7483 2.3173 61.7539 1.6262 0.0617
Car -1 -1 1.6472 435.0997 181.4385 465.8457 206.8201 1.4788 1.5856 4.0458 -10.0047 2.0462 45.5803 1.4319 0.0614
Car -1 -1 1.3942 357.9167 184.1916 397.5237 208.6951 1.4377 1.7187 4.2893 -15.0649 2.2085 46.7580 1.0838 0.0571
Car -1 -1 1.7628 441.6040 181.9521 477.0997 205.6270 1.4832 1.6070 4.0106 -10.1023 2.1235 48.7653 1.5592 0.0543
Car -1 -1 1.8490 441.2006 179.7997 488.4940 208.1863 1.5059 1.5978 4.0630 -8.2374 1.9245 41.3921 1.6533 0.0529
Car -1 -1 1.9800 368.1721 186.7701 406.5461 207.4271 1.5709 1.6812 3.7020 -18.2486 2.7540 59.4085 1.6828 0.0514
Car -1 -1 1.6811 313.8650 184.5303 348.6850 209.2021 1.4008 1.6130 3.6979 -17.2480 2.1587 44.8455 1.3156 0.0511
Car -1 -1 1.8417 365.6537 188.5566 398.3575 208.0684 1.4946 1.6119 3.9480 -19.0313 2.8546 60.4889 1.5377 0.0503
Car -1 -1 1.6878 387.9271 187.9007 425.0079 216.4542 1.4891 1.6223 3.8241 -11.7045 2.4021 41.7672 1.4158 0.0501
Car -1 -1 -0.2039 399.5825 186.4334 471.1686 213.8076 1.4952 1.6492 3.8483 -10.2632 2.3251 42.5290 -0.4398 0.0500