Car -1 -1 5.1163 223.8136 190.0299 418.3155 299.1472 1.4357 1.5609 3.4694 -4.3028 1.5238 11.3858 4.7625 0.9527
Car -1 -1 4.9057 399.0719 181.1016 480.2323 235.4934 1.4560 1.5790 3.9537 -4.8377 1.3458 21.2408 4.6841 0.9502
Car -1 -1 4.8317 468.0493 179.8226 516.1885 217.1445 1.4958 1.5841 3.7624 -4.8536 1.2796 30.7191 4.6760 0.9204
Car -1 -1 5.0793 228.6901 177.4811 346.6687 240.8752 1.5667 1.6583 3.8312 -8.6018 1.3755 19.7122 4.6725 0.8617
Car -1 -1 5.3389 0.0000 165.2280 172.1978 241.1292 1.5325 1.6448 4.4203 -12.2814 1.1289 16.7246 4.7131 0.8448
Car -1 -1 4.7168 575.1255 176.2424 608.3224 206.6885 1.5011 1.6370 3.7346 -0.7946 1.0587 37.3237 4.6953 0.8151
Car -1 -1 5.0233 348.3901 179.2209 418.2440 216.6474 1.3770 1.5220 3.8107 -8.7415 1.1564 28.3641 4.7267 0.7176
Car -1 -1 4.9434 455.7995 171.9564 493.7885 195.1622 1.5504 1.6725 4.2558 -9.1899 0.6645 50.1952 4.7629 0.6191
Car -1 -1 5.4018 0.0000 199.5506 113.6313 355.0961 1.5147 1.5466 3.6791 -8.3158 1.7354 9.2062 4.6814 0.4511
Car -1 -1 4.7804 396.3033 176.3577 425.6537 200.9046 1.5243 1.5707 3.9007 -12.7059 0.9742 46.7043 4.5159 0.3105
Car -1 -1 2.3550 400.3337 174.7238 474.8245 203.3533 1.4624 1.5484 3.9847 -9.0933 0.9265 38.8214 2.1261 0.2416
Car -1 -1 1.9627 154.6104 172.6822 236.1241 209.2862 1.4261 1.6154 3.7643 -17.0602 0.9378 29.9739 1.4489 0.2155
Car -1 -1 1.3871 438.4547 173.8056 465.7491 192.7759 1.5710 1.5870 3.9933 -13.3363 0.6261 61.6796 1.1748 0.2143
Car -1 -1 1.5914 120.5998 178.2903 174.9229 222.1120 1.4921 1.5852 3.7015 -16.8436 1.2563 26.4716 1.0291 0.1712
Car -1 -1 5.0537 268.4912 173.0886 340.5851 212.4074 1.5098 1.5979 3.5813 -12.3003 1.0442 29.4333 4.6609 0.1353
Car -1 -1 5.2613 202.1563 162.1931 251.0132 188.3892 2.0160 1.7425 3.7289 -30.2443 0.2442 57.2384 4.7770 0.1088
Car -1 -1 4.9477 298.5585 167.5182 344.4570 194.8597 1.5954 1.6846 4.1520 -17.4644 0.5627 44.1193 4.5726 0.0966
Car -1 -1 2.1802 379.2455 174.2132 450.7217 204.3216 1.4961 1.5764 4.0888 -10.0546 0.9494 37.9101 1.9224 0.0952
Car -1 -1 1.9224 267.8033 168.4895 320.3205 195.8318 1.4523 1.4864 3.7097 -17.3874 0.5639 40.0752 1.5153 0.0912
Car -1 -1 1.6267 286.6233 172.0362 337.9617 213.5408 1.4924 1.6067 4.0257 -11.4143 1.0185 28.0121 1.2429 0.0888
Car -1 -1 4.8207 257.2488 167.9631 291.0609 192.3090 1.5654 1.6384 3.9242 -22.3458 0.4561 48.3406 4.3896 0.0883
Car -1 -1 1.7596 390.7783 179.2733 430.3404 203.7714 1.4636 1.6299 4.1763 -12.2753 1.1086 45.0920 1.4950 0.0862
Car -1 -1 3.3911 393.4216 176.8034 457.0938 200.9063 1.4961 1.5833 3.6198 -11.4598 0.9739 45.4170 3.1450 0.0832
Car -1 -1 3.7369 0.0000 200.5489 84.6357 338.3810 1.5191 1.6855 4.1560 -9.6057 1.7457 9.4065 2.9550 0.0789
Car -1 -1 1.9543 474.5561 180.4659 528.5717 209.9498 1.5230 1.5922 3.8212 -5.6943 1.2777 39.1787 1.8106 0.0774
Car -1 -1 2.0221 290.2207 168.5732 373.7345 207.8464 1.4860 1.6025 3.9244 -11.0805 0.8563 29.2273 1.6626 0.0732
Car -1 -1 5.0591 184.6749 164.9041 228.9628 191.4031 1.9306 1.6840 3.9382 -30.2629 0.4508 54.4507 4.5537 0.0707
Car -1 -1 5.2317 0.0000 200.6712 161.4108 326.8889 1.4449 1.6166 3.9365 -8.5042 1.7213 10.7937 4.5761 0.0704
Car -1 -1 0.1257 451.4388 177.4627 524.9814 205.7916 1.5510 1.6366 3.8856 -6.6161 1.1266 40.2470 -0.0365 0.0689
Car -1 -1 3.1706 363.7563 176.4551 429.5006 201.1131 1.5165 1.6132 3.9254 -13.2741 0.9777 45.4835 2.8879 0.0655
Car -1 -1 1.6527 319.3714 172.3037 350.3674 198.4138 1.6144 1.5651 3.7193 -17.5532 0.8160 46.4493 1.2930 0.0625
Car -1 -1 1.9277 139.7133 172.9157 229.3251 214.8541 1.4694 1.6244 3.9640 -15.9077 1.0385 27.2762 1.4039 0.0625
Car -1 -1 4.7503 515.0017 164.4881 542.4127 190.7599 1.6138 1.6110 3.2957 -4.9745 0.3406 45.8585 4.6426 0.0602
Car -1 -1 1.7849 100.2922 180.9150 186.6942 228.7629 1.5277 1.6597 4.2034 -16.1263 1.3904 25.2105 1.2204 0.0594
Car -1 -1 3.8288 282.7677 171.2225 356.5871 197.2497 1.5752 1.7128 4.1422 -17.9693 0.7283 44.9513 3.4503 0.0592
Car -1 -1 5.2675 445.5505 173.9921 487.9669 193.0028 1.5806 1.6566 4.1346 -12.0629 0.6474 61.9950 5.0758 0.0584
Car -1 -1 4.9546 484.7986 175.9058 529.5967 203.6778 1.5157 1.6555 3.8897 -5.6811 1.0076 41.2543 4.8182 0.0569
Car -1 -1 -0.4238 406.8334 176.7815 474.2136 201.7583 1.5062 1.5870 3.8048 -10.4396 0.9976 45.1316 -0.6502 0.0564
Car -1 -1 1.8382 375.2779 177.2245 420.4052 202.8678 1.4849 1.6451 3.9050 -12.6328 1.0222 43.5891 1.5575 0.0556
Car -1 -1 2.2130 358.4786 172.6939 436.1883 205.3951 1.5419 1.6422 4.0397 -10.4452 0.9515 36.0752 1.9329 0.0538
Car -1 -1 1.6928 437.6228 174.1285 464.1428 194.0799 1.6010 1.6443 4.2901 -12.9827 0.7113 59.8939 1.4799 0.0511