Car -1 -1 1.7130 401.7165 188.0634 495.3636 260.6680 1.4728 1.6471 3.8477 -3.7636 1.8820 17.4394 1.5028 0.9621
Car -1 -1 1.7374 451.4651 174.2467 526.2935 233.0497 1.7340 1.7072 4.2009 -3.8189 1.7834 23.4826 1.5773 0.9205
Car -1 -1 1.7112 531.8400 178.6243 568.5511 205.9403 1.4691 1.5922 3.7562 -3.3711 1.8166 41.5391 1.6303 0.4873
Car -1 -1 0.1639 403.0324 176.6109 491.5781 209.1258 1.5774 1.6723 4.1100 -8.0753 1.7706 36.1690 -0.0546 0.3462
Car -1 -1 -0.0769 449.5568 162.8678 515.5636 184.4945 1.4195 1.5759 4.2756 -8.5742 0.7640 48.6530 -0.2506 0.2862
Car -1 -1 1.6508 495.9857 164.0719 521.2480 186.4347 1.6840 1.6452 3.8657 -7.8434 1.0227 56.3118 1.5128 0.1659
Car -1 -1 3.1086 499.5660 180.4560 567.8199 207.9980 1.4834 1.6299 3.7376 -4.2749 1.9215 40.5143 3.0037 0.1571
Car -1 -1 4.3394 495.2353 167.6539 531.2130 188.2507 1.6170 1.6440 3.7568 -7.8664 1.2087 58.6858 4.2065 0.1477
Car -1 -1 2.9187 518.1964 179.0806 589.7384 206.0278 1.4631 1.5955 3.8056 -3.1775 1.8293 41.1126 2.8415 0.1359
Car -1 -1 1.4144 518.0445 188.8250 573.1719 229.5812 1.4092 1.6054 3.6989 -2.5868 2.0840 28.4970 1.3240 0.1031
Car -1 -1 1.6622 524.9647 180.6428 560.7049 209.0765 1.4687 1.6324 3.9149 -3.6784 1.9249 40.3014 1.5713 0.0982
Car -1 -1 4.5077 459.5452 165.4684 493.9825 189.7316 1.7074 1.7052 4.0149 -9.7830 1.1877 52.9561 4.3257 0.0962
Car -1 -1 5.0295 420.1766 175.2725 476.3274 207.0063 1.5223 1.6389 3.9841 -8.1957 1.6532 36.9906 4.8126 0.0751
Car -1 -1 1.2991 510.0564 179.0094 556.1532 207.2372 1.5176 1.6307 4.0614 -4.4941 1.8940 41.9348 1.1926 0.0726
Car -1 -1 4.7350 465.9408 162.5243 491.5028 185.3557 1.5089 1.6391 4.0959 -8.9986 0.8262 49.8351 4.5571 0.0698
Car -1 -1 -0.0698 477.1312 165.6689 532.4556 187.2374 1.6800 1.7226 4.2530 -8.3629 1.1203 57.4937 -0.2139 0.0622
Car -1 -1 4.5263 387.3650 176.8586 436.0345 209.5539 1.4823 1.6044 3.9084 -9.7371 1.6901 35.3356 4.2590 0.0616
Car -1 -1 4.5318 516.8624 185.5453 580.6837 230.8434 1.4726 1.6678 3.9504 -2.3300 1.9809 26.7728 4.4451 0.0601
Car -1 -1 4.8249 414.4077 176.8026 457.3430 209.7160 1.5082 1.6150 3.9687 -8.5144 1.7145 35.6269 4.5915 0.0585
Car -1 -1 1.6733 480.3069 190.7288 530.8859 231.6572 1.4127 1.5916 3.7058 -4.0304 2.1636 28.4303 1.5331 0.0573
Car -1 -1 3.0388 540.5333 182.8153 615.3715 210.9148 1.5034 1.6707 4.0480 -1.8026 2.0784 40.5249 2.9940 0.0549
Car -1 -1 3.5818 447.0250 163.4471 512.9952 185.7085 1.4951 1.6520 4.1760 -8.9299 0.8633 49.8006 3.4051 0.0530
Car -1 -1 1.8657 507.3003 184.8387 558.4393 215.7749 1.4907 1.6110 4.0218 -4.0321 2.1663 38.5439 1.7616 0.0522
Car -1 -1 -0.6830 499.3645 182.1648 691.3641 266.5583 1.5480 1.5665 4.0523 -0.2127 1.7733 15.5564 -0.6976 0.0510