Car -1 -1 2.2097 178.5900 201.9959 261.8858 235.0481 1.4379 1.7524 3.9531 -19.9401 3.0226 37.1507 1.7198 0.4048
Car -1 -1 2.2576 0.0000 179.0081 184.2897 272.6649 1.5915 1.5918 3.6622 -10.4435 1.7303 14.3888 1.6383 0.3392
Car -1 -1 1.6306 466.9878 176.2091 488.8123 196.7738 1.7330 1.6512 4.0180 -11.5700 2.0384 63.5813 1.4510 0.2652
Car -1 -1 5.1118 0.0000 163.6451 48.3495 199.8426 1.5352 1.6385 3.6279 -27.1353 1.1447 32.5753 4.4211 0.2227
Car -1 -1 1.6719 215.3454 197.0991 259.2988 228.8828 1.4826 1.6998 4.2450 -20.2734 2.8845 39.4325 1.1994 0.1622
Car -1 -1 1.5617 471.1500 180.8951 492.3784 202.4075 1.6855 1.6916 4.3119 -10.7345 2.3852 60.5086 1.3865 0.1475
Car -1 -1 4.1028 0.0000 180.3818 130.5237 274.1684 1.6101 1.5970 3.7364 -11.3964 1.7684 13.8829 3.4248 0.1455
Car -1 -1 1.4617 219.1543 191.1765 258.5195 220.0925 1.4964 1.6363 3.8289 -21.6025 2.6145 41.9840 0.9888 0.1425
Car -1 -1 1.4499 214.8200 199.9793 271.7931 240.6793 1.4560 1.6900 4.2818 -15.8181 2.7083 31.0606 0.9819 0.0942
Car -1 -1 5.0909 70.3604 174.5605 232.1171 250.2497 1.5940 1.7651 4.4322 -10.9397 1.6412 17.6343 4.5422 0.0895
Car -1 -1 1.9157 162.7397 199.2555 231.1139 233.2372 1.4157 1.7286 3.6765 -19.9577 2.7703 35.0606 1.4012 0.0888
Car -1 -1 4.7983 545.8373 174.9215 566.3676 190.8325 1.4482 1.6028 3.9088 -5.0212 1.6491 68.1467 4.7247 0.0740
Car -1 -1 1.6007 465.3954 179.6258 486.9216 200.6671 1.6865 1.6730 4.3705 -11.3530 2.2860 61.5903 1.4188 0.0731
Car -1 -1 1.7408 441.9731 179.3046 470.1656 199.9287 1.6122 1.6326 3.9413 -12.6512 2.1634 59.6555 1.5323 0.0727
Car -1 -1 4.9132 467.4124 168.8401 496.6649 187.6606 1.6454 1.7711 4.3420 -11.4928 1.2945 65.2746 4.7394 0.0706
Car -1 -1 1.6883 453.5043 179.6439 480.1653 200.3802 1.6074 1.6801 4.1035 -11.7149 2.1864 59.4214 1.4941 0.0686
Car -1 -1 3.2601 174.4699 192.3630 258.9229 221.5857 1.5017 1.6460 4.0003 -22.0082 2.6395 40.5817 2.7657 0.0601
Car -1 -1 1.3376 474.7386 182.8663 506.2685 203.2489 1.5529 1.6523 4.1149 -9.8302 2.4075 59.3671 1.1738 0.0575
Car -1 -1 1.4879 212.3642 200.4080 262.5338 238.5307 1.5302 1.8000 4.0084 -17.7239 2.9226 34.2848 1.0136 0.0572
Car -1 -1 3.2239 245.0976 193.3898 347.8344 228.6316 1.4810 1.7420 4.2486 -14.4587 2.4790 33.5666 2.8196 0.0570
Car -1 -1 1.5050 509.1642 182.1745 530.4628 201.1223 1.5192 1.5652 3.7737 -7.7144 2.3436 61.8198 1.3810 0.0541
Car -1 -1 1.3832 428.4724 181.6806 456.6381 200.3222 1.4694 1.6061 3.9944 -14.1627 2.2427 61.0628 1.1559 0.0540
Car -1 -1 0.1848 453.1400 176.0529 502.6105 195.3840 1.6787 1.6343 4.0688 -11.6088 1.9651 63.7598 0.0051 0.0531
Car -1 -1 4.7585 219.8981 167.3240 253.1959 198.5243 1.8550 1.6576 3.8415 -23.2109 1.5263 44.9914 4.2844 0.0529
Car -1 -1 3.8600 0.0000 167.1375 6.8618 204.5683 1.5401 1.6604 4.2676 -28.3888 1.3049 30.5735 3.1159 0.0521
Car -1 -1 3.2923 450.0539 180.0764 499.9315 199.3236 1.6319 1.6052 4.0649 -11.6630 2.2682 62.6971 3.1088 0.0517
Car -1 -1 2.1529 0.0000 163.0524 35.3568 202.3508 1.5705 1.6437 3.9963 -26.8273 1.1788 30.9212 1.4424 0.0501