Car -1 -1 2.2019 0.0000 196.0435 316.6039 363.7299 1.4965 1.6753 4.2453 -5.6159 1.8639 9.2398 1.6680 0.9712
Car -1 -1 1.8182 397.4420 178.1371 473.8252 228.3821 1.5271 1.6108 3.7154 -5.7343 1.7179 24.1939 1.5874 0.9483
Car -1 -1 4.3564 761.3084 178.3072 1013.4228 320.6734 1.4314 1.6446 4.0320 3.2917 1.5183 9.4520 4.6808 0.9350
Car -1 -1 4.5176 691.4416 173.3613 786.0126 236.3502 1.4097 1.6205 3.6302 3.1073 1.4236 18.0139 4.6850 0.9197
Car -1 -1 1.7706 442.3969 178.1067 499.3505 216.3112 1.4290 1.5620 3.6923 -5.5698 1.6562 29.3551 1.5843 0.8713
Car -1 -1 4.4645 673.7809 172.9480 742.4145 218.2236 1.3604 1.4465 3.1997 3.1188 1.3637 23.3610 4.5950 0.7871
Car -1 -1 0.9387 921.1241 188.8707 1242.0000 375.0000 1.4210 1.4782 3.1556 3.2037 1.5474 4.1142 1.5654 0.7434
Car -1 -1 0.7985 146.1668 174.1197 262.1827 214.7871 1.3993 1.4697 3.7548 -14.6774 1.4474 26.1476 0.2911 0.6120
Car -1 -1 2.0946 232.2971 175.3125 309.4066 207.2988 1.4020 1.6128 3.7312 -15.7961 1.5239 33.8532 1.6607 0.4454
Car -1 -1 0.5556 202.2286 179.6554 301.2332 210.5181 1.3633 1.4958 3.8816 -16.4370 1.6852 33.2205 0.0991 0.3834
Car -1 -1 4.5948 669.1011 170.3354 721.2177 209.8850 1.4857 1.6286 3.8379 3.3744 1.3911 29.0269 4.7089 0.3332
Car -1 -1 0.0522 161.4675 155.7552 252.2451 185.5846 1.6057 1.6874 4.3661 -22.5250 0.6853 40.5518 -0.4522 0.2602
Car -1 -1 4.4605 697.9191 165.4432 730.9065 187.3121 1.7061 1.6885 4.0129 8.4400 1.1280 58.3784 4.6031 0.2330
Car -1 -1 0.2999 389.8906 172.7967 458.6876 194.6530 1.4885 1.6506 4.3294 -12.8231 1.4846 50.0725 0.0502 0.2300
Car -1 -1 1.1556 477.3079 175.2561 511.1662 193.1267 1.5435 1.5672 3.9038 -10.4077 1.7666 64.9399 0.9970 0.2161
Car -1 -1 4.8481 702.7635 165.6000 727.1493 183.3352 1.5272 1.6327 3.9371 9.4135 0.9026 64.2513 4.9927 0.1926
Car -1 -1 3.9965 192.3201 162.0056 265.8115 189.5189 1.5305 1.6226 3.8516 -21.9313 0.9270 41.5942 3.5137 0.1893
Car -1 -1 3.2659 691.7221 165.6738 742.9619 182.7708 1.4682 1.6227 4.2796 9.4654 0.8516 63.3160 3.4135 0.1866
Car -1 -1 4.7596 803.1785 155.9482 825.0672 176.4906 1.7534 1.6836 3.8047 18.0709 0.3104 63.6576 5.0350 0.1792
Car -1 -1 5.1683 714.8798 151.2225 787.5206 186.9076 1.5124 1.6280 4.0116 6.4689 0.5956 32.6699 5.3620 0.1759
Car -1 -1 4.5093 0.0000 184.4923 19.6476 213.1385 1.4771 1.6544 3.9194 -34.7724 2.1615 40.5714 3.8039 0.1745
Car -1 -1 4.7672 403.9834 173.8279 431.3488 196.0057 1.4982 1.6450 4.0725 -13.5468 1.5700 51.0912 4.5090 0.1598
Car -1 -1 -0.3768 783.1158 154.0156 840.7202 175.6220 1.8456 1.7621 4.4897 17.5710 0.2364 62.7431 -0.1050 0.1230
Car -1 -1 0.1623 130.8039 151.8973 224.6872 181.6360 1.5814 1.6750 4.2376 -23.7902 0.4670 39.9207 -0.3723 0.1148
Car -1 -1 4.6969 681.3138 166.2090 700.5394 184.0125 1.5290 1.6296 3.8710 7.1871 0.9583 63.9700 4.8081 0.1138
Car -1 -1 2.1593 0.0000 178.2762 26.1789 208.4115 1.4893 1.6030 4.0920 -33.4371 1.7950 38.5528 1.4481 0.1126
Car -1 -1 4.4307 463.1804 165.7202 500.5465 189.7675 1.7589 1.7080 4.1919 -9.7784 1.2371 55.0323 4.2554 0.1032
Car -1 -1 4.8498 455.6378 175.6547 501.2629 208.1147 1.4490 1.6167 3.9300 -6.2148 1.5909 34.5494 4.6727 0.1002
Car -1 -1 3.5794 69.9088 183.8843 223.3944 233.1658 1.4844 1.5839 3.8500 -14.7853 1.8549 23.2158 3.0173 0.0945
Car -1 -1 5.3034 149.3976 151.8356 224.5867 182.5265 1.6358 1.7003 3.9828 -23.6182 0.5155 40.5002 4.7782 0.0897
Car -1 -1 5.1754 221.9120 165.4865 281.0281 192.7014 1.5132 1.5884 3.6924 -20.7535 1.1035 41.9696 4.7185 0.0887
Car -1 -1 3.4802 236.4067 177.4387 333.9713 210.7537 1.4900 1.5380 3.8304 -14.9725 1.7084 33.4434 3.0619 0.0838
Car -1 -1 5.4038 13.1735 182.5454 95.3278 210.0525 1.4800 1.6511 3.9715 -32.4135 2.0747 42.2607 4.7524 0.0823
Car -1 -1 -0.4267 703.5418 165.5208 902.5668 235.5199 1.5513 1.6675 4.2720 4.5444 1.3887 17.1791 -0.1730 0.0820
Car -1 -1 1.3551 667.3957 172.2819 733.3487 216.3254 1.5477 1.6401 4.0637 3.3668 1.5276 27.4561 1.4753 0.0745
Car -1 -1 4.6177 689.6302 165.2035 713.2397 183.4405 1.5685 1.6779 4.3297 8.1448 0.9105 64.2461 4.7430 0.0735
Car -1 -1 4.3755 653.7205 156.9479 711.6782 190.0446 1.6027 1.7196 4.0320 3.6905 0.8325 37.1031 4.4736 0.0731
Car -1 -1 1.3008 803.2469 158.7733 853.4778 189.0505 1.5572 1.6316 3.8062 11.7686 0.8330 39.0290 1.5914 0.0707
Car -1 -1 2.0299 210.5522 180.4719 292.4231 218.2262 1.5298 1.5848 4.1249 -15.8314 1.8909 32.1367 1.5752 0.0697
Car -1 -1 4.0888 238.3520 162.5036 316.1745 192.9605 1.4922 1.6028 3.9940 -17.0723 0.9851 37.0360 3.6594 0.0695
Car -1 -1 4.3541 798.1909 157.0756 835.2044 179.0532 1.8312 1.7927 3.9336 17.7942 0.5165 62.1525 4.6316 0.0692
Car -1 -1 3.1712 675.5273 165.8363 722.8290 183.3789 1.5136 1.6159 4.0721 7.8838 0.9081 63.3650 3.2942 0.0670
Car -1 -1 4.5354 289.8156 158.5367 334.4634 188.1870 1.5916 1.6829 3.8839 -16.8638 0.8231 40.8223 4.1458 0.0667
Car -1 -1 3.6893 368.4713 175.0143 432.8544 197.2293 1.5017 1.6599 4.0454 -14.5704 1.6565 50.3680 3.4089 0.0647
Car -1 -1 -0.2320 668.6705 157.3263 755.6248 188.7402 1.5303 1.6411 4.0432 5.1026 0.7739 36.1550 -0.0931 0.0641
Car -1 -1 5.1496 193.4692 158.7440 256.7100 187.5291 1.5711 1.6596 3.9860 -21.9780 0.8010 41.4133 4.6642 0.0638
Car -1 -1 1.8934 213.3363 179.7155 277.9271 212.1880 1.3714 1.5278 3.7704 -16.6973 1.7067 33.2798 1.4313 0.0629
Car -1 -1 4.2097 197.6895 167.7935 322.8064 223.1303 1.5805 1.6905 4.2390 -10.9534 1.4360 22.5280 3.7615 0.0620
Car -1 -1 1.9389 142.9445 173.4259 235.1199 217.0899 1.4252 1.5147 3.8649 -14.8075 1.4471 25.6286 1.4193 0.0610
Car -1 -1 1.8173 138.2063 179.6133 228.5154 232.8906 1.4967 1.5627 3.7366 -13.3365 1.7290 22.7912 1.2927 0.0601
Car -1 -1 4.7303 481.3517 176.9379 516.3943 209.0162 1.4374 1.5815 3.7719 -5.2995 1.6456 34.8081 4.5799 0.0601
Car -1 -1 3.5407 215.8119 181.0565 316.7858 213.8318 1.4277 1.4610 3.8615 -15.4726 1.8079 32.6424 3.1009 0.0596
Car -1 -1 4.6921 668.7832 201.9391 815.3095 348.4203 1.4375 1.5986 3.8413 1.7376 1.9179 9.8988 4.8591 0.0595
Car -1 -1 2.7820 255.6501 178.3037 355.8973 213.6890 1.5087 1.6387 3.9413 -13.9719 1.7750 33.3095 2.3874 0.0590
Car -1 -1 4.2444 800.8915 154.9214 855.2022 182.0986 1.6554 1.6782 4.0176 13.8828 0.5631 46.0742 4.5352 0.0588
Car -1 -1 -0.3569 797.9921 156.0332 870.8486 181.0946 1.5257 1.6053 4.0148 13.9405 0.5017 44.8435 -0.0575 0.0580
Car -1 -1 0.1823 4.6361 182.5005 94.9472 210.1814 1.4727 1.5988 3.8320 -31.7682 2.0431 41.0769 -0.4730 0.0572
Car -1 -1 1.8168 1187.5409 173.0850 1242.0000 375.0000 1.5301 1.6629 4.1457 5.3637 1.5320 4.0263 2.7086 0.0556
Car -1 -1 4.8123 190.5150 171.3457 259.3867 223.2568 1.5350 1.5997 3.4003 -12.2829 1.4904 23.2111 4.3301 0.0538
Car -1 -1 2.9968 99.0281 155.5887 198.3983 186.9786 1.6072 1.6980 4.3308 -24.8549 0.7232 38.9975 2.4323 0.0523
Car -1 -1 0.6813 461.1435 166.9929 518.2648 188.6763 1.5650 1.6529 4.0696 -8.9483 1.1420 53.8010 0.5170 0.0517
Car -1 -1 2.1402 125.3479 181.4278 248.2120 231.7812 1.4883 1.6213 3.9745 -13.9208 1.7980 24.0406 1.6199 0.0516
Car -1 -1 0.4733 230.0164 159.5099 323.8508 190.1042 1.6524 1.6835 4.4354 -18.3500 0.9317 39.9098 0.0447 0.0509
Car -1 -1 4.7486 434.1802 168.1472 461.5469 192.6560 1.6641 1.7378 4.1967 -11.4347 1.3445 51.2132 4.5298 0.0502