Car -1 -1 4.6783 582.6509 173.2809 604.5486 192.7935 1.5484 1.6640 3.9894 -1.3430 1.5847 59.3843 4.6555 0.3740
Car -1 -1 2.0669 167.0069 181.8288 253.1159 222.6046 1.7955 1.7789 4.3317 -19.1917 2.2565 34.8961 1.5670 0.3183
Car -1 -1 3.6038 119.9061 199.1059 262.6758 245.7772 1.4432 1.6342 3.8302 -13.9794 2.3599 24.2728 3.0856 0.2388
Car -1 -1 1.6012 191.8603 199.2379 248.2355 249.5807 1.4502 1.5740 3.6177 -13.3224 2.4299 24.8212 1.1127 0.2020
Car -1 -1 2.1001 151.4253 199.6332 262.6067 250.6744 1.4127 1.6153 3.4881 -13.0290 2.3538 23.5913 1.5999 0.1629
Car -1 -1 0.1355 561.2504 173.0229 611.3333 191.8475 1.4914 1.5839 3.8568 -1.8554 1.5053 58.1706 0.1034 0.1362
Car -1 -1 4.1700 215.1130 173.1908 260.1345 191.8703 1.7293 1.7502 4.4944 -35.4754 1.7623 68.7942 3.6952 0.1190
Car -1 -1 1.8563 214.5006 172.9160 246.0383 190.2952 1.5628 1.6054 3.6940 -35.1058 1.5687 66.8649 1.3743 0.0999
Car -1 -1 4.9353 162.2737 174.6068 195.6722 192.3595 1.4648 1.6241 3.9624 -37.0042 1.6208 62.0911 4.3996 0.0730
Car -1 -1 1.3840 571.3185 172.8450 599.4835 191.9539 1.4894 1.5656 3.9568 -1.9876 1.4887 58.3387 1.3498 0.0676
Car -1 -1 5.1012 0.0000 204.9774 64.3935 303.8210 1.4407 1.6076 3.5788 -12.0504 2.1391 13.7369 4.3906 0.0670
Car -1 -1 1.8601 150.1469 181.9071 187.6232 202.5437 1.6021 1.5896 3.9513 -36.5796 2.3813 59.9835 1.3142 0.0659
Car -1 -1 5.1776 0.0000 194.9993 106.4770 281.9684 1.5058 1.6088 3.8903 -12.7137 2.0486 15.6171 4.5025 0.0634
Car -1 -1 2.2003 0.0000 186.9758 100.6129 244.7857 1.6330 1.7103 3.9962 -18.7159 2.1308 23.4040 1.5312 0.0598
Car -1 -1 4.7881 0.0000 198.1411 109.1810 291.4285 1.4693 1.6292 3.4563 -10.9731 2.0363 14.2858 4.1419 0.0583
Car -1 -1 1.9469 0.0000 193.3945 151.6374 278.3446 1.4997 1.6250 3.7381 -11.5791 2.0046 15.7233 1.3201 0.0553
Car -1 -1 4.2356 201.1374 173.2761 246.2201 193.2908 1.8101 1.7861 4.6422 -36.0619 1.8508 67.3961 3.7457 0.0541
Car -1 -1 0.5888 0.0000 192.7077 32.9188 281.8184 1.4952 1.6270 4.0162 -13.7881 1.9072 13.8007 -0.1865 0.0540
Car -1 -1 2.6674 249.7302 187.5780 349.3068 221.6898 1.4619 1.6812 4.1040 -14.9083 2.2164 34.8619 2.2657 0.0522
Car -1 -1 4.3200 132.6252 178.0038 174.8417 196.8215 1.5093 1.6131 3.9624 -38.3370 1.9551 60.6619 3.7582 0.0522
Car -1 -1 4.8021 216.2884 182.1971 258.6090 213.9700 1.5545 1.6541 3.9820 -19.9077 2.0838 38.7244 4.3298 0.0519
Car -1 -1 -0.9654 272.1555 186.3002 384.5091 234.1360 1.4347 1.5554 4.1022 -9.6201 1.9420 25.0426 -1.3291 0.0511
Car -1 -1 4.9318 258.7795 188.8745 336.1750 236.9845 1.4649 1.6413 4.0833 -10.9408 2.0804 25.5627 4.5308 0.0510