Car -1 -1 -1.0830 904.8206 166.1313 1095.7119 255.7798 1.5124 1.6170 3.9054 7.6010 1.3990 13.9344 -0.5930 0.9242
Car -1 -1 2.9026 275.8305 165.3413 465.9719 227.9655 1.5127 1.7108 4.5716 -6.3404 1.3313 19.3562 2.5897 0.9219
Car -1 -1 2.5683 881.3903 140.3653 1025.8337 192.9736 1.6568 1.6555 4.0604 11.3019 0.6336 23.8169 3.0066 0.7607
Car -1 -1 -0.7687 1195.5680 157.8214 1242.0000 200.1378 1.4474 1.5824 3.7714 23.2413 0.9332 25.5384 -0.0362 0.5590
Car -1 -1 -0.9336 1006.7082 146.1474 1080.3822 173.6908 1.6808 1.7055 4.4241 27.4723 0.0511 45.6696 -0.3948 0.2099
Car -1 -1 4.0909 1161.2980 154.0999 1226.9122 179.5547 1.6480 1.6758 3.5359 39.2311 0.4338 48.5269 4.7678 0.1906
Car -1 -1 2.7724 860.7579 148.7577 940.4824 174.9810 1.5617 1.6552 4.1741 17.6297 0.1267 43.8203 3.1526 0.1515
Car -1 -1 1.1203 1129.1023 165.7093 1242.0000 213.2812 1.4339 1.5460 3.5666 18.7820 1.2185 23.6551 1.7851 0.1445
Car -1 -1 1.5757 456.1207 178.0492 504.4099 221.7871 1.4184 1.5824 3.8903 -4.6300 1.6199 25.9378 1.4003 0.1370
Car -1 -1 1.0676 1164.7839 156.5191 1242.0000 198.2072 1.4117 1.5755 3.7882 22.3066 0.8586 26.4435 1.7628 0.1245
Car -1 -1 4.0785 987.2216 146.7091 1055.6364 174.3103 1.6894 1.7296 4.0665 26.3295 0.0891 46.2847 4.5930 0.1138
Car -1 -1 4.6710 875.4225 179.0236 923.8530 221.4749 1.4848 1.5594 3.5654 11.0873 1.7386 27.7403 5.0470 0.1012
Car -1 -1 3.8406 1185.3962 155.0639 1242.0000 201.6574 1.4698 1.6109 3.8547 22.2844 0.9086 24.7840 4.5669 0.0996
Car -1 -1 0.1187 440.6679 183.2580 527.1883 215.3124 1.4662 1.6404 3.9086 -5.9555 1.9773 34.5209 -0.0514 0.0966
Car -1 -1 0.1745 385.8657 154.1776 469.5752 182.4601 1.5127 1.6296 4.2284 -9.9120 0.5138 39.5518 -0.0697 0.0965
Car -1 -1 4.8596 454.0501 182.2755 498.1479 214.0049 1.4221 1.5714 3.8724 -6.5000 1.9108 35.4655 4.6792 0.0958
Car -1 -1 1.4717 1045.2832 172.3938 1097.8470 208.4455 1.4903 1.5613 3.8449 20.3475 1.4713 31.8955 2.0350 0.0954
Car -1 -1 2.3582 1020.8572 167.6140 1109.8138 198.0878 1.5640 1.6197 4.0267 24.1524 1.2951 38.2689 2.9174 0.0896
Car -1 -1 2.9985 415.5015 183.1559 507.7842 216.9440 1.4985 1.6367 4.1145 -7.0485 2.0100 34.3592 2.7972 0.0888
Car -1 -1 4.9496 258.4623 186.1197 317.9332 223.3782 1.4856 1.5827 3.6735 -14.2179 2.1116 32.1031 4.5354 0.0882
Car -1 -1 1.6681 415.1126 178.9270 472.3097 224.1881 1.4644 1.6147 3.8966 -5.8783 1.6998 25.9245 1.4468 0.0869
Car -1 -1 4.6973 1069.2092 174.1678 1121.9425 214.6397 1.4643 1.6175 3.9230 19.0143 1.5197 28.3291 5.2833 0.0860
Car -1 -1 1.6844 444.8336 185.6186 489.9803 220.9680 1.4797 1.6341 3.7582 -6.5470 2.1073 33.5391 1.4925 0.0838
Car -1 -1 0.2134 263.8729 183.2274 348.2128 214.8055 1.5097 1.5515 3.6634 -15.2081 2.0473 36.3053 -0.1810 0.0837
Car -1 -1 4.1882 859.4426 148.0025 919.5781 175.6139 1.6230 1.6750 3.9942 17.1948 0.1622 44.5150 4.5546 0.0823
Car -1 -1 1.4108 1037.6171 160.5112 1086.7649 190.3283 1.5507 1.6620 3.9592 24.8145 0.9088 39.6731 1.9662 0.0763
Car -1 -1 0.9924 1080.4763 170.1433 1212.1005 215.0340 1.4277 1.6292 4.1651 18.4544 1.3415 25.0687 1.6211 0.0745
Car -1 -1 3.8830 1024.4791 153.6672 1101.6860 181.4226 1.7161 1.7233 4.1682 29.3541 0.5298 46.8523 4.4399 0.0727
Car -1 -1 -0.6842 1029.5011 155.6126 1118.8323 183.4004 1.4966 1.6207 4.0446 25.6569 0.5680 39.9001 -0.1161 0.0686
Car -1 -1 1.7997 420.1554 184.3285 475.5604 220.4920 1.5306 1.6514 4.0405 -7.5104 2.1013 33.8570 1.5825 0.0678
Car -1 -1 4.7932 268.8653 187.0582 310.3035 221.1267 1.4747 1.5543 2.9650 -15.1488 2.1818 34.2673 4.3795 0.0668
Car -1 -1 -0.3747 869.6334 168.4977 1004.6751 210.1983 1.5131 1.6265 4.3215 12.2138 1.3550 27.0885 0.0444 0.0644
Car -1 -1 1.4082 451.3147 181.6769 519.0664 230.0050 1.4371 1.6226 4.0219 -4.2846 1.7621 24.4131 1.2357 0.0621
Car -1 -1 4.3443 871.8639 146.8167 925.2888 173.9832 1.6174 1.6804 4.2191 17.9769 0.0672 45.0754 4.7216 0.0619
Car -1 -1 1.5824 264.3151 188.0748 310.1571 227.5511 1.4205 1.6214 4.0018 -13.2617 2.0944 29.7872 1.1665 0.0613
Car -1 -1 1.3029 1063.8330 186.4101 1149.6536 231.5865 1.4485 1.6116 3.7972 18.0868 1.9836 26.4260 1.8973 0.0585
Car -1 -1 4.6632 869.5097 172.8790 908.6805 204.5741 1.4909 1.6212 3.7965 13.8912 1.4922 36.0001 5.0284 0.0579
Car -1 -1 1.5645 457.9216 182.3271 503.5928 224.8312 1.4589 1.6089 3.8457 -4.9526 1.8494 27.7102 1.3887 0.0576
Car -1 -1 4.5764 860.4014 176.9218 923.5316 221.0249 1.4842 1.6349 3.9485 10.3888 1.6470 26.7787 4.9422 0.0570
Car -1 -1 3.6543 261.8345 185.6414 364.6731 221.0455 1.4330 1.6046 3.7870 -12.6853 2.0005 30.9868 3.2684 0.0569
Car -1 -1 0.1175 444.8726 181.4714 574.1781 226.0875 1.4448 1.6258 4.1901 -3.3263 1.7480 24.5399 -0.0164 0.0552
Car -1 -1 4.1458 1012.7680 165.4414 1088.7539 196.1241 1.5813 1.6402 3.9552 23.8552 1.1992 39.1812 4.6891 0.0544
Car -1 -1 1.7841 392.8707 180.0487 468.8885 231.5289 1.4885 1.6004 3.7693 -5.6691 1.7398 23.2975 1.5475 0.0524
Car -1 -1 -0.7699 995.3319 175.7001 1100.0607 211.6160 1.4723 1.6066 3.8077 18.7905 1.5994 30.9865 -0.2294 0.0521
Car -1 -1 -0.1317 802.7726 179.5965 921.5206 221.0894 1.4709 1.6317 4.0324 9.4108 1.7360 27.1639 0.1979 0.0511
Car -1 -1 4.0500 1008.9645 156.0712 1087.7655 184.9607 1.5586 1.6605 4.0817 24.8609 0.6531 41.0523 4.5913 0.0508
Car -1 -1 4.5780 437.5875 181.3399 481.4749 212.3530 1.3935 1.6095 3.9693 -7.4782 1.8389 35.7310 4.3727 0.0506
Car -1 -1 2.5338 1009.7488 164.1253 1102.6385 194.2370 1.6063 1.6566 4.1115 24.3650 1.1406 39.4353 3.0836 0.0501