Car -1 -1 4.3029 127.9284 201.0604 269.4333 276.0123 1.4836 1.6095 3.7677 -9.9564 2.2333 17.3991 3.7893 0.9529
Car -1 -1 1.4880 528.3939 181.0930 590.3683 230.9655 1.3558 1.5983 3.4887 -1.6037 1.6289 22.0722 1.4156 0.8675
Car -1 -1 1.3539 598.5652 180.9362 687.2417 235.1916 1.3687 1.6545 4.4813 0.8557 1.6331 21.2547 1.3928 0.8507
Car -1 -1 3.3500 194.6807 184.0188 295.3724 218.1678 1.4385 1.6132 3.7890 -16.3187 1.9605 32.4740 2.8874 0.7503
Car -1 -1 4.0872 280.3771 176.3278 521.3923 301.0430 1.8352 1.7805 4.5538 -3.8277 1.9071 12.8344 3.8021 0.7381
Car -1 -1 2.9465 0.0000 185.6478 65.6046 212.0905 1.5520 1.7352 4.3528 -38.1323 2.4201 46.7320 2.2648 0.5379
Car -1 -1 4.5864 0.0000 195.4928 47.6306 242.7457 1.5033 1.6116 3.9102 -22.2030 2.4024 26.7294 3.8980 0.5289
Car -1 -1 2.7261 183.5118 179.1736 248.8897 198.2802 1.4746 1.6757 4.4294 -32.3540 2.0152 59.4498 2.2294 0.2208
Car -1 -1 2.9709 669.2991 165.0181 758.7521 197.6543 1.4774 1.5282 3.9032 4.8044 1.1227 33.4853 3.1118 0.1894
Car -1 -1 1.7641 709.7379 174.3762 776.7693 222.2629 1.4922 1.5671 3.7057 4.6290 1.5484 24.6224 1.9471 0.1886
Car -1 -1 4.5666 658.5668 168.6843 702.3245 201.3188 1.4862 1.5784 3.6025 3.3555 1.2963 34.6977 4.6618 0.1586
Car -1 -1 5.6466 289.1823 168.7471 367.6272 196.0510 1.6637 1.7935 4.5081 -17.9829 1.4134 46.3485 5.2782 0.1545
Car -1 -1 0.2756 354.7541 162.7579 436.1013 189.4577 1.5019 1.6387 4.1886 -12.2470 0.9340 41.4274 -0.0103 0.1423
Car -1 -1 3.6076 525.7661 171.9409 614.0304 204.7467 1.4973 1.5943 3.9071 -1.8962 1.4556 34.4424 3.5525 0.1385
Car -1 -1 0.4348 451.0511 162.7359 538.1224 192.5847 1.4891 1.6219 4.1541 -5.9380 0.9843 37.3450 0.2780 0.1295
Car -1 -1 4.8133 181.0994 183.7738 226.7874 217.8568 1.5043 1.5650 3.6154 -19.6571 2.0650 35.0783 4.3055 0.1212
Car -1 -1 4.5842 466.2403 164.8750 503.4244 192.2919 1.4756 1.5861 3.9603 -7.1233 1.0462 40.9608 4.4129 0.1042
Car -1 -1 3.4998 430.7136 164.0902 509.7191 191.4519 1.4743 1.5474 4.0099 -7.6972 1.0021 39.9776 3.3106 0.0966
Car -1 -1 4.3825 177.7895 178.3254 218.6105 197.8941 1.5294 1.6408 4.2582 -33.9723 1.9963 59.5490 3.8658 0.0892
Car -1 -1 1.9276 689.7162 155.3179 808.6771 222.1303 1.4981 1.6128 4.1679 3.6680 1.1049 18.3764 2.1210 0.0826
Car -1 -1 4.7403 378.1552 162.0723 405.6790 189.1496 1.8270 1.7368 4.0932 -15.3071 1.0995 50.8860 4.4493 0.0758
Car -1 -1 3.1912 0.0000 193.2226 55.5144 243.0549 1.5141 1.6251 3.9186 -21.8792 2.2795 25.2712 2.4828 0.0734
Car -1 -1 3.6281 653.1511 176.2295 776.3595 223.2514 1.5184 1.6222 3.9936 3.6578 1.6457 25.3908 3.7689 0.0726
Car -1 -1 -0.6069 746.9720 158.6266 856.5719 198.6341 1.4930 1.5828 3.9702 7.5472 0.9620 28.3493 -0.3495 0.0719
Car -1 -1 0.7800 322.9339 170.2636 390.7206 195.3163 1.4730 1.6453 3.8630 -15.4145 1.3207 43.9959 0.4446 0.0701
Car -1 -1 4.5444 489.7116 165.9008 533.2758 197.2999 1.5801 1.6496 4.0255 -5.2801 1.2302 38.4778 4.4086 0.0695
Car -1 -1 2.5600 333.7883 167.5256 401.9626 193.3399 1.6603 1.6918 4.0896 -16.2068 1.3176 48.5371 2.2391 0.0685
Car -1 -1 1.1262 725.9133 159.3091 804.7423 195.6077 1.3578 1.5613 3.9060 6.1826 0.8512 29.0725 1.3335 0.0667
Car -1 -1 3.8532 421.8886 160.9011 506.3540 192.5410 1.5977 1.7052 4.3254 -7.7267 0.9941 38.2402 3.6549 0.0667
Car -1 -1 3.5387 178.4003 178.9982 242.2898 197.1048 1.4552 1.6442 4.3305 -33.0102 1.9729 59.7461 3.0356 0.0662
Car -1 -1 1.0086 236.3782 174.3944 295.5700 198.2627 1.5198 1.6163 4.1062 -22.8532 1.6260 47.9563 0.5658 0.0599
Car -1 -1 4.7535 787.7781 165.2359 858.7825 228.9471 1.4936 1.6220 3.9345 5.7080 1.3150 19.0392 5.0400 0.0591
Car -1 -1 5.0029 712.2726 163.1113 813.7080 224.6346 1.5047 1.6513 3.9614 4.3004 1.2664 19.7803 5.2134 0.0580
Car -1 -1 2.6158 166.4171 177.7399 230.3982 198.6952 1.5956 1.6643 4.2188 -33.1171 2.0051 58.2268 2.1004 0.0563
Car -1 -1 3.1431 0.0000 184.5619 33.9533 210.4295 1.5146 1.6313 4.1651 -39.3912 2.2930 46.0000 2.4376 0.0527
Car -1 -1 0.2427 196.8842 178.0187 257.1004 195.7744 1.4483 1.6727 4.2132 -32.2552 1.8939 60.9384 -0.2425 0.0522
Car -1 -1 1.6255 12.8560 198.2719 64.5114 235.5532 1.4727 1.6443 3.9828 -26.4087 2.7259 33.4734 0.9612 0.0516
Car -1 -1 0.3700 663.0389 164.7421 771.2233 201.7400 1.4454 1.5446 4.1543 4.4291 1.1285 29.8849 0.5153 0.0514
Car -1 -1 3.0591 117.0672 184.0026 221.0321 219.4612 1.4988 1.6502 4.0027 -20.4148 2.0448 33.4983 2.5151 0.0504