Car -1 -1 1.7074 533.8396 179.4872 599.0073 228.1073 1.4679 1.6184 4.0922 -1.0360 1.4068 23.7974 1.6591 0.8860
Car -1 -1 4.5574 656.1631 180.2398 713.5395 221.4744 1.5168 1.6367 3.9224 3.2651 1.4700 28.4217 4.6656 0.1772
Car -1 -1 4.3468 685.3934 165.4921 728.9550 189.8042 1.4905 1.5241 3.6821 6.7892 0.5083 46.0020 4.4876 0.1510
Car -1 -1 1.8482 569.5190 173.6937 597.8395 191.4830 1.5356 1.5625 3.7792 -1.4572 0.8607 64.0300 1.8206 0.1385
Car -1 -1 1.6609 640.5887 181.7347 676.4533 210.7969 1.4952 1.5988 4.1718 3.2188 1.5080 39.1807 1.7372 0.1186
Car -1 -1 4.8167 605.4261 167.2577 629.1765 186.6341 1.5808 1.6202 3.9420 1.4589 0.4179 60.6606 4.8358 0.1037
Car -1 -1 1.2550 658.5103 168.4105 708.9377 197.2075 1.5257 1.6520 3.8803 4.5944 0.8315 40.1264 1.3633 0.0929
Car -1 -1 4.3131 645.1364 191.4713 716.1948 231.2430 1.4791 1.6093 3.6281 3.2417 1.9177 29.6708 4.4156 0.0801
Car -1 -1 4.9208 695.1729 156.9001 731.6917 182.0252 1.6949 1.7191 4.2811 8.0317 0.0346 50.7626 5.0721 0.0793
Car -1 -1 3.3455 667.5215 165.0536 717.8462 182.4064 1.4811 1.5836 4.1270 8.0620 0.0763 62.7226 3.4680 0.0730
Car -1 -1 4.6299 660.1359 175.9137 713.3524 220.2634 1.5386 1.6351 3.7873 3.1552 1.3443 26.8362 4.7406 0.0707
Car -1 -1 4.5797 684.3755 166.2735 708.8294 184.0904 1.5303 1.6109 4.0104 8.4988 0.2214 63.7068 4.7069 0.0694
Car -1 -1 1.9656 489.1836 179.1684 560.0308 216.3199 1.5282 1.6621 4.1238 -3.2648 1.4318 31.7606 1.8588 0.0649
Car -1 -1 2.8421 648.7977 169.3288 728.1935 198.5959 1.5534 1.6458 4.0019 4.7961 0.9068 39.3027 2.9577 0.0639
Car -1 -1 3.3107 657.4276 165.0374 703.6505 183.2966 1.5200 1.5840 3.6960 6.8216 0.1485 61.0632 3.4167 0.0619
Car -1 -1 4.5189 692.8972 171.9611 753.3849 211.2154 1.4571 1.6319 3.8584 4.8108 1.1026 28.6206 4.6788 0.0586
Car -1 -1 1.8193 677.5828 169.7801 727.3079 201.7769 1.5908 1.6594 4.0934 5.4425 1.0075 37.9216 1.9559 0.0569
Car -1 -1 4.9800 684.1813 158.7534 731.4589 187.7952 1.5492 1.6505 4.0058 6.1041 0.3352 40.4839 5.1238 0.0566
Car -1 -1 1.6238 562.8234 187.7999 604.6235 224.8073 1.4437 1.5926 3.8430 -0.6552 1.7288 30.6253 1.5973 0.0565
Car -1 -1 4.3173 646.4701 166.2646 681.7050 185.0251 1.5664 1.6135 3.9693 5.4678 0.2933 62.1143 4.3999 0.0557
Car -1 -1 -0.2064 659.1360 173.7222 779.3060 217.5069 1.4972 1.6201 3.9495 4.1550 1.2309 25.4745 -0.0514 0.0538
Car -1 -1 3.2005 686.3769 166.6750 791.9654 207.3996 1.4817 1.6399 3.8441 5.3025 0.9419 27.3950 3.3849 0.0528
Car -1 -1 4.8426 679.6890 170.7700 738.7963 215.9442 1.5241 1.6600 3.9585 4.0645 1.1617 26.3664 4.9890 0.0527
Car -1 -1 4.5199 678.0942 164.4394 722.5331 194.0074 1.5404 1.6605 3.9828 5.4295 0.6510 39.4618 4.6508 0.0522
Car -1 -1 1.5301 661.3512 179.7214 694.6834 208.9314 1.4928 1.5991 3.9947 4.1404 1.4013 38.7520 1.6307 0.0505
Car -1 -1 2.9808 657.3260 169.9671 740.6500 200.6115 1.5936 1.6798 4.1750 5.2070 0.9933 38.2620 3.1101 0.0501