Car -1 -1 1.9630 209.1329 185.7012 406.5057 285.3921 1.4687 1.7012 4.5861 -5.3499 1.7509 13.5367 1.5927 0.9548
Car -1 -1 1.7781 461.9738 175.1352 521.0660 211.8950 1.5140 1.7444 4.2728 -5.1763 1.6226 32.1643 1.6194 0.8882
Car -1 -1 4.7278 649.0143 169.7135 685.3770 202.2711 1.4575 1.6268 3.5775 2.7536 1.3169 34.1596 4.8071 0.8218
Car -1 -1 4.7134 644.5281 159.8000 669.6262 184.0639 1.6420 1.6967 3.9907 3.3502 0.7586 50.8741 4.7786 0.1903
Car -1 -1 1.9590 331.6105 176.5604 410.3798 218.6846 1.4659 1.5700 3.5911 -8.9260 1.6155 27.2827 1.6453 0.1781
Car -1 -1 4.4233 637.3745 157.3484 674.2228 180.9586 1.6901 1.7055 3.8540 3.3995 0.5801 53.7189 4.4859 0.1280
Car -1 -1 1.2407 636.0782 178.8033 690.0446 209.2446 1.4551 1.5993 3.9120 2.7104 1.7808 37.4036 1.3119 0.0920
Car -1 -1 5.1285 431.0345 164.9542 483.9732 195.4765 1.6986 1.6242 3.8002 -8.8276 1.2590 42.1828 4.9232 0.0817
Car -1 -1 4.1935 621.1719 161.5226 670.1726 185.0297 1.5666 1.6293 4.0110 2.4665 0.8114 50.2435 4.2421 0.0803
Car -1 -1 4.7904 668.4247 162.0485 700.5319 190.7549 1.6886 1.6686 3.9553 4.6646 1.0530 44.5396 4.8938 0.0789
Car -1 -1 2.6065 449.4061 180.2061 529.2316 210.2364 1.4880 1.6005 3.9410 -6.3885 1.9000 38.5532 2.4429 0.0781
Car -1 -1 5.1122 231.4635 174.0074 348.9016 229.8779 1.4062 1.6062 3.8249 -8.7662 1.4415 20.1571 4.7065 0.0777
Car -1 -1 0.4926 652.4797 176.7847 744.2579 208.4774 1.4527 1.6434 4.1908 4.3252 1.6559 35.4157 0.6126 0.0771
Car -1 -1 3.4170 636.8822 158.2913 697.9625 180.4310 1.5729 1.7067 4.1461 4.2361 0.5383 52.7807 3.4965 0.0754
Car -1 -1 1.7310 493.7508 181.3012 535.0134 209.4956 1.4543 1.6419 4.2418 -5.3020 1.9553 40.6482 1.6017 0.0713
Car -1 -1 3.5032 282.9428 174.1279 402.4608 214.0918 1.4886 1.6389 3.9927 -10.2061 1.5391 27.7736 3.1538 0.0676
Car -1 -1 1.9155 500.1589 180.6563 545.4149 206.8495 1.4821 1.5487 3.7923 -5.2455 1.9804 44.0541 1.7972 0.0675
Car -1 -1 3.2217 616.9247 157.9646 676.2007 180.2653 1.5982 1.6798 4.2125 2.7316 0.5311 52.8172 3.2729 0.0661
Car -1 -1 4.9224 494.4420 169.6291 527.7419 192.6503 1.5688 1.6018 3.6665 -6.9270 1.3490 51.0578 4.7879 0.0630
Car -1 -1 -0.5627 386.6080 175.4105 672.4320 296.1704 1.4895 1.5655 4.0456 -1.0788 1.5345 10.8379 -0.6607 0.0617
Car -1 -1 5.0813 666.1115 170.0366 733.0168 206.8055 1.5312 1.6445 3.9543 4.0766 1.4138 32.1779 5.2057 0.0609
Car -1 -1 -0.2120 646.5787 170.3818 741.4001 204.4061 1.5277 1.6701 4.1018 3.8704 1.4167 33.4297 -0.0982 0.0568
Car -1 -1 -0.3631 644.5111 160.1880 711.0707 183.4145 1.5634 1.6663 4.2731 4.7117 0.7108 49.9398 -0.2698 0.0542
Car -1 -1 3.0293 663.4307 168.9189 753.6415 205.0049 1.5223 1.6094 3.7136 4.2382 1.3563 31.2804 3.1622 0.0532
Car -1 -1 3.0748 645.1809 179.9933 722.0292 210.4348 1.4814 1.6327 3.7526 3.6890 1.8503 36.4024 3.1744 0.0532
Car -1 -1 2.0323 185.5861 172.7431 323.2811 236.0078 1.4377 1.5455 3.8624 -8.8446 1.4352 18.3421 1.5883 0.0515
Car -1 -1 1.6503 469.0949 174.1653 510.6567 208.5613 1.4974 1.5974 3.8336 -5.5063 1.5620 33.5392 1.4884 0.0511
Car -1 -1 4.0979 603.0697 162.8994 660.0897 185.7763 1.5537 1.7293 4.5828 1.5119 0.8776 51.3925 4.1269 0.0501