Car -1 -1 -0.2669 680.6542 182.2186 854.0639 236.2761 1.4258 1.6605 4.4903 4.3618 1.7021 20.3266 -0.0593 0.9447
Car -1 -1 3.0504 637.4081 178.1229 717.0754 204.1072 1.4835 1.6361 4.5219 3.9268 1.7986 42.3434 3.1417 0.7534
Car -1 -1 3.1592 790.6108 171.5530 851.3859 191.0601 1.4651 1.6663 4.4341 16.2923 1.3674 55.6457 3.4423 0.2827
Car -1 -1 1.4223 634.0057 179.0895 666.9163 202.3710 1.4481 1.6039 4.0315 2.6812 1.8816 48.0766 1.4772 0.2145
Car -1 -1 4.5620 645.0043 168.1953 670.0299 187.2389 1.6788 1.6724 4.1175 4.3344 1.2681 65.7293 4.6272 0.1316
Car -1 -1 4.1792 686.7769 177.1279 729.7402 197.0490 1.4803 1.5961 3.8555 7.6982 1.8279 56.5966 4.3133 0.1147
Car -1 -1 3.1852 718.8135 172.4687 778.7158 191.3198 1.4634 1.7026 4.6086 11.0811 1.4335 57.3727 3.3747 0.1145
Car -1 -1 1.3276 771.3190 182.8498 812.0506 208.9605 1.5203 1.5984 3.8315 11.4040 2.1757 45.3942 1.5717 0.1059
Car -1 -1 0.0924 707.4359 178.8164 776.4243 204.2517 1.5181 1.6750 4.1025 8.2790 1.9017 45.0616 0.2725 0.1055
Car -1 -1 4.3508 666.7918 171.1738 724.1855 205.3638 1.5456 1.5758 3.5150 4.0502 1.4696 34.5143 4.4661 0.1013
Car -1 -1 2.6248 635.2209 180.1005 700.9553 204.5254 1.5057 1.6440 3.9759 3.8175 1.9938 47.0076 2.7048 0.0688
Car -1 -1 1.2740 588.5813 181.8636 631.3096 205.9291 1.4330 1.6663 3.9960 -0.0243 2.0435 46.7332 1.2729 0.0686
Car -1 -1 1.2459 616.1650 180.7736 658.4469 204.5489 1.4504 1.5875 3.9972 1.7804 1.9962 47.5854 1.2825 0.0639
Car -1 -1 1.2951 636.9978 178.9806 679.4895 204.9812 1.5370 1.6757 3.9224 3.0343 1.9431 45.7319 1.3604 0.0618
Car -1 -1 0.2346 672.4165 179.7933 725.6625 200.1949 1.5001 1.6186 3.7885 6.8790 2.0470 55.4412 0.3569 0.0601
Car -1 -1 5.0318 666.9769 176.1388 713.6957 202.5406 1.5172 1.6477 4.0789 4.9979 1.7284 44.2069 5.1431 0.0575
Car -1 -1 1.2374 705.2499 170.7319 746.8514 194.1658 1.6557 1.6920 4.3557 8.5432 1.5058 53.2724 1.3952 0.0562
Car -1 -1 1.3608 672.1988 178.7541 704.9580 197.9727 1.4336 1.7132 4.3733 6.2472 1.9221 57.4767 1.4681 0.0539
Car -1 -1 4.5645 652.2517 176.5956 689.7917 203.4318 1.5233 1.6657 4.1200 3.6665 1.7606 43.6546 4.6473 0.0526
Car -1 -1 0.1524 750.6837 182.3284 815.7589 208.3237 1.5033 1.6202 3.6763 10.6457 2.1029 44.2205 0.3866 0.0510
Car -1 -1 4.6226 821.5346 170.0724 848.4890 190.0205 1.5126 1.6568 4.1203 17.7385 1.3017 56.9010 4.9231 0.0507
Car -1 -1 1.3857 834.8567 189.5370 909.9166 240.2564 1.4374 1.6082 3.9171 8.5853 2.0368 23.8633 1.7263 0.0506