Car -1 -1 2.1015 198.6237 190.4842 283.5208 227.5037 1.4321 1.6948 3.6173 -16.0060 2.2483 31.5431 1.6350 0.9111
Car -1 -1 2.3101 0.0000 195.5189 79.6670 261.2577 1.4373 1.5332 3.4689 -15.8678 2.0821 18.7606 1.6150 0.7827
Car -1 -1 1.2195 376.0408 183.4938 415.0852 204.4536 1.4899 1.5891 4.0366 -16.4942 2.3393 55.5094 0.9316 0.2852
Car -1 -1 4.9014 33.4467 183.7936 98.3044 222.4317 1.4638 1.5399 3.4226 -22.7272 1.9513 30.2738 4.2615 0.2223
Car -1 -1 2.1252 178.2692 182.3460 246.8257 210.7218 1.5069 1.5905 4.0104 -22.8698 2.0829 41.7332 1.6263 0.1618
Car -1 -1 4.7368 23.3902 178.5067 67.4784 213.0219 1.5624 1.5903 3.8795 -27.5841 1.8553 35.3606 4.0778 0.1281
Car -1 -1 1.6304 2.6648 207.7128 81.5566 264.1578 1.4462 1.7304 3.8776 -18.0970 2.6658 23.1564 0.9725 0.1241
Car -1 -1 0.6515 0.0000 184.3190 100.0339 221.8481 1.4635 1.5804 3.5345 -23.1188 1.9442 29.4395 -0.0099 0.1092
Car -1 -1 2.0776 389.8917 184.3050 434.3438 205.2245 1.4958 1.6134 3.9407 -15.2717 2.4180 56.0031 1.8122 0.1041
Car -1 -1 1.6908 247.4888 179.3304 282.3340 204.4524 1.5429 1.6007 3.9388 -22.6523 1.9886 47.5309 1.2480 0.1032
Car -1 -1 1.5562 60.8514 206.7973 131.4095 260.5539 1.4322 1.7862 3.9279 -17.0797 2.6609 24.0064 0.9428 0.0989
Car -1 -1 0.8030 380.0912 185.7648 431.4464 208.4755 1.6133 1.5392 3.8043 -15.4674 2.6216 54.7265 0.5284 0.0867
Car -1 -1 2.1603 8.6906 185.5357 100.6013 224.6930 1.4591 1.5287 3.0473 -22.5631 2.0046 29.4679 1.5111 0.0843
Car -1 -1 1.5101 446.1635 179.5883 471.3246 202.4328 1.5917 1.5910 4.0407 -11.2556 2.1131 53.7043 1.3041 0.0817
Car -1 -1 1.5998 20.3350 177.5679 68.4711 213.1713 1.5303 1.6315 4.1804 -26.3684 1.7650 33.7570 0.9404 0.0746
Car -1 -1 5.3681 272.9453 181.1464 330.2163 204.9458 1.5497 1.6241 3.9323 -21.5126 2.1549 50.5580 4.9674 0.0745
Car -1 -1 1.4844 382.8771 183.2829 411.6748 206.5831 1.5644 1.6624 4.2347 -15.5546 2.3598 52.7558 1.1987 0.0694
Car -1 -1 3.4749 273.3978 182.3585 341.5494 206.1614 1.5607 1.6490 3.9468 -20.4730 2.2187 49.0065 3.0808 0.0577
Car -1 -1 1.5506 349.9987 183.8223 374.2998 204.9960 1.4579 1.6452 3.9753 -18.5628 2.3124 54.0581 1.2210 0.0576
Car -1 -1 2.5274 200.0804 185.6323 285.2886 214.2156 1.4624 1.6761 4.1065 -20.8114 2.2293 41.0945 2.0610 0.0535
Car -1 -1 2.3166 215.2991 178.9335 285.9987 204.7562 1.5213 1.6616 4.1065 -22.6730 1.9254 45.7514 1.8586 0.0507