Car -1 -1 2.2245 0.0000 0.0000 347.6635 374.0000 1.4484 1.6099 4.0379 -2.7697 1.0154 3.4991 1.5844 0.8009
Car -1 -1 1.8380 265.6737 160.1666 499.8133 351.4913 1.9621 1.7409 4.4895 -2.5498 1.7432 9.6190 1.5794 0.7682
Car -1 -1 4.9053 378.6277 123.9935 456.5639 181.7067 1.6221 1.6420 3.6464 -5.5111 0.0055 22.0547 4.6587 0.2946
Car -1 -1 4.9894 400.8775 139.6970 471.3501 182.6229 1.4553 1.5836 3.5803 -5.9022 0.0377 26.1835 4.7652 0.2127
Car -1 -1 0.2768 331.1027 142.7934 458.3943 186.7827 1.5002 1.6238 4.0213 -7.1742 0.1797 25.3128 -0.0013 0.1607
Car -1 -1 5.5284 0.0000 160.0814 88.1049 221.0352 1.6053 1.6857 3.8614 -17.3030 1.0409 20.9395 4.8390 0.1237
Car -1 -1 3.6159 0.0000 160.6296 98.8117 221.5372 1.6520 1.7402 4.0565 -17.1925 1.0856 20.7675 2.9256 0.1209
Car -1 -1 3.5280 334.6460 124.8616 470.0761 183.2000 1.6403 1.6095 3.5056 -5.7896 0.0475 21.2039 3.2600 0.1152
Car -1 -1 3.6402 406.5393 146.4098 498.7431 181.8484 1.5618 1.6089 3.8444 -6.7703 0.0148 32.9834 3.4346 0.1047
Car -1 -1 4.8241 453.1347 146.4265 497.1712 182.3225 1.5888 1.6299 3.8058 -5.8233 0.0359 33.7441 4.6498 0.0967
Car -1 -1 5.1083 453.2848 155.1938 509.7241 188.9409 1.6520 1.6500 3.5164 -6.0741 0.3636 37.0634 4.9422 0.0957
Car -1 -1 3.4391 358.8452 144.2977 472.0512 183.0821 1.5254 1.6382 4.1533 -7.4512 0.0617 29.1634 3.1864 0.0925
Car -1 -1 4.9880 415.4678 148.6094 475.7725 186.4403 1.4851 1.5416 3.6194 -6.4016 0.1935 30.0545 4.7752 0.0872
Car -1 -1 4.7639 463.9841 183.6883 522.4194 233.9643 1.4068 1.5950 3.9159 -3.2453 1.4805 22.3012 4.6157 0.0782
Car -1 -1 1.7938 0.0000 156.9110 105.3880 217.2634 1.6092 1.7139 3.8417 -16.0885 0.9533 21.2569 1.1469 0.0758
Car -1 -1 2.0829 0.0000 154.0044 69.2185 220.2387 1.6278 1.6882 4.1816 -16.7645 0.9517 19.8653 1.3835 0.0721
Car -1 -1 4.9479 391.2751 139.0488 463.1690 183.7392 1.5639 1.6843 4.3483 -6.4754 0.0779 27.3125 4.7126 0.0628
Car -1 -1 2.1434 198.0475 89.7990 378.6956 181.0557 1.7251 1.6740 4.0388 -6.6035 -0.0114 15.7357 1.7476 0.0619
Car -1 -1 0.9294 0.0000 157.6093 66.8607 212.1227 1.5373 1.6331 4.0626 -18.3906 0.8632 21.5034 0.2230 0.0588
Car -1 -1 1.8456 375.8978 139.0989 452.3562 185.2986 1.5029 1.6194 3.8471 -6.4613 0.1232 25.3094 1.5934 0.0579
Car -1 -1 3.4587 421.6417 153.9814 505.9448 187.7124 1.6751 1.6804 3.9093 -6.9544 0.3079 36.7532 3.2682 0.0575
Car -1 -1 5.1113 0.0000 153.1447 101.6946 206.5244 1.5217 1.6215 3.8558 -17.3855 0.7130 22.5488 4.4552 0.0570
Car -1 -1 1.5493 445.5316 214.5010 518.7399 288.4558 1.4499 1.6059 3.6360 -2.9646 2.3540 17.7489 1.3802 0.0557
Car -1 -1 0.3987 178.1006 164.9363 548.5345 336.2383 1.9474 1.6999 4.1834 -2.8764 1.7589 9.2166 0.0980 0.0539
Car -1 -1 3.6200 370.7053 140.4079 488.1802 184.3363 1.5016 1.5900 3.7956 -6.1100 0.0965 25.7830 3.3849 0.0513