Car -1 -1 1.7667 368.0944 191.4002 487.0340 272.1802 1.4567 1.7368 4.2644 -3.8999 1.9279 16.1685 1.5329 0.9654
Car -1 -1 1.9861 181.5245 199.4529 352.1627 286.2265 1.4126 1.6932 3.9282 -6.8569 2.0356 14.9270 1.5616 0.9529
Car -1 -1 1.7231 456.3308 186.0602 517.5589 234.0159 1.4766 1.5544 3.5744 -4.1727 1.9672 25.0033 1.5587 0.9307
Car -1 -1 4.6476 634.3083 176.8143 670.6314 208.4040 1.4925 1.5793 3.8616 2.1231 1.7036 36.5137 4.7046 0.8679
Car -1 -1 -0.2300 738.6354 166.1359 858.4182 206.4624 1.6024 1.7006 4.4753 7.6692 1.3355 29.5678 0.0209 0.8407
Car -1 -1 2.8941 743.1308 152.8304 838.5016 186.7426 1.5017 1.6090 3.9234 8.1783 0.6150 32.7646 3.1365 0.4683
Car -1 -1 4.6432 820.7907 162.7315 843.5581 182.9621 1.7612 1.6761 4.0414 20.0116 0.8800 64.9717 4.9406 0.2592
Car -1 -1 4.6996 700.5897 169.6373 719.5471 188.3939 1.6523 1.6519 4.0752 9.1223 1.3690 65.6877 4.8366 0.2412
Car -1 -1 4.5709 417.9406 184.6427 467.7079 221.5014 1.4229 1.5968 3.5976 -7.2295 1.9628 31.0777 4.3437 0.1986
Car -1 -1 1.5586 446.4973 177.3084 468.2115 197.9911 1.5000 1.5721 3.8568 -11.6789 1.8538 55.2653 1.3510 0.1956
Car -1 -1 4.7606 706.6724 169.6991 739.5562 198.0979 1.4861 1.6071 3.9787 6.3153 1.3210 39.8694 4.9162 0.1825
Car -1 -1 2.8356 820.4932 162.8742 876.0146 181.6377 1.6410 1.6812 4.3693 21.1289 0.7682 63.9701 3.1531 0.1611
Car -1 -1 4.4576 881.9666 155.8322 921.4623 180.5309 1.6361 1.6418 3.6674 20.0790 0.5085 49.7192 4.8393 0.1534
Car -1 -1 -0.0391 696.5995 170.7134 771.2470 198.7780 1.4638 1.5990 3.8655 6.6190 1.3521 38.6743 0.1288 0.1350
Car -1 -1 3.0974 648.9714 169.3190 739.7969 205.6570 1.4808 1.5903 3.6962 3.5192 1.3368 30.3261 3.2113 0.1311
Car -1 -1 -0.6348 956.1823 148.8350 1045.6095 178.6979 1.5667 1.6675 4.0491 21.1000 0.3066 38.9655 -0.1416 0.1246
Car -1 -1 5.1516 478.9287 178.9002 523.5002 203.4050 1.5587 1.5776 3.6512 -7.2875 1.9846 48.8455 5.0039 0.1232
Car -1 -1 0.7434 995.7634 146.4744 1086.8365 182.1157 1.6392 1.7157 3.5852 20.9392 0.4260 35.1489 1.2770 0.1178
Car -1 -1 3.0176 855.4435 159.3213 921.3376 181.1735 1.5102 1.6302 4.1852 19.7110 0.5750 51.1593 3.3834 0.1158
Car -1 -1 1.4010 662.3825 173.1497 686.9966 190.7603 1.5530 1.5702 4.0393 5.9040 1.5808 65.7755 1.4898 0.1099
Car -1 -1 2.7978 989.0405 153.0309 1102.5286 188.6219 1.5188 1.5980 3.9961 19.2304 0.6729 31.9600 3.3354 0.1088
Car -1 -1 4.5367 851.0094 162.8463 878.7154 182.8618 1.7481 1.6909 3.9119 22.9893 0.8741 65.0845 4.8747 0.1085
Car -1 -1 4.4138 637.0082 165.1913 697.8910 201.3381 1.4807 1.6025 3.7865 2.4632 1.1668 31.5800 4.4905 0.1077
Car -1 -1 4.5744 867.4450 160.2726 899.3315 182.4419 1.5363 1.6168 3.9316 19.7248 0.6644 52.0967 4.9343 0.1029
Car -1 -1 1.2847 612.1496 174.9174 641.3304 192.5764 1.5186 1.6041 3.7854 1.5045 1.7090 64.5603 1.3075 0.0981
Car -1 -1 1.2910 661.8747 178.0681 695.7532 198.8164 1.4972 1.5695 3.8477 5.2501 1.9103 55.1261 1.3850 0.0980
Car -1 -1 0.1347 425.7570 187.4639 523.2944 224.7707 1.4825 1.5917 3.8376 -5.6017 2.1130 30.2519 -0.0474 0.0971
Car -1 -1 4.0954 404.9514 179.4050 458.8932 201.7378 1.4705 1.6494 4.0234 -12.4800 1.9474 50.5870 3.8544 0.0940
Car -1 -1 1.4835 664.0970 171.3028 699.9910 201.8100 1.6097 1.6337 3.9735 3.9755 1.5279 40.0677 1.5812 0.0923
Car -1 -1 4.4198 680.5531 170.0341 711.8411 188.7098 1.6446 1.6619 4.2851 7.8574 1.3963 65.7929 4.5378 0.0901
Car -1 -1 0.0392 667.8788 170.3391 714.6704 188.8078 1.6182 1.6703 4.0853 7.3050 1.3979 64.3546 0.1514 0.0894
Car -1 -1 3.2704 376.7386 183.6891 441.9961 208.5508 1.5187 1.5540 3.8406 -12.7208 2.2253 46.0179 3.0018 0.0892
Car -1 -1 1.5545 617.5496 161.3303 645.5898 189.0943 1.6543 1.6706 3.9480 1.3371 0.9676 44.9762 1.5838 0.0880
Car -1 -1 1.4954 407.5261 181.0001 438.5864 205.6697 1.4911 1.6616 4.2332 -12.2848 2.0517 47.3826 1.2427 0.0868
Car -1 -1 1.5726 507.7390 190.4876 547.8928 228.6327 1.4741 1.6521 3.9562 -3.6005 2.3026 31.8425 1.4602 0.0821
Car -1 -1 3.3101 841.0726 172.7070 949.9540 208.0062 1.4698 1.6459 4.2559 12.5915 1.4637 31.8461 3.6830 0.0819
Car -1 -1 0.3255 195.4742 184.6059 326.9752 231.2521 1.5728 1.6114 3.9373 -12.3999 2.0111 25.8797 -0.1177 0.0792
Car -1 -1 4.2042 933.9953 147.7039 1008.6576 182.5770 1.8359 1.8222 4.3388 20.0438 0.5119 40.1959 4.6638 0.0786
Car -1 -1 -0.7850 1001.8499 145.9965 1100.4670 178.8046 1.5768 1.6563 4.2869 22.0074 0.2860 35.9914 -0.2398 0.0771
Car -1 -1 4.7298 354.0908 182.1281 388.9435 214.1407 1.4894 1.6043 3.7017 -12.0743 1.9873 36.7363 4.4140 0.0771
Car -1 -1 5.1922 448.8288 186.8756 511.1986 216.8044 1.4491 1.6456 4.0373 -6.9554 2.2520 39.1441 5.0170 0.0765
Car -1 -1 1.5489 424.8446 188.9060 466.5101 230.8971 1.5086 1.5649 4.1131 -6.8042 2.2197 29.7779 1.3255 0.0711
Car -1 -1 4.6637 686.4516 170.9088 728.4507 206.7943 1.4610 1.6068 3.9834 4.2040 1.3818 31.4269 4.7950 0.0660
Car -1 -1 3.9676 450.3609 179.4737 512.8061 203.1308 1.5168 1.6848 4.3797 -8.7858 1.9881 49.3749 3.7920 0.0654
Car -1 -1 1.6324 456.8373 186.5179 495.0925 218.7569 1.4995 1.6976 4.0933 -6.8867 2.2500 37.5004 1.4515 0.0650
Car -1 -1 2.7512 872.1996 157.4570 947.4249 180.9780 1.6155 1.7135 4.5431 20.9352 0.5580 50.4171 3.1426 0.0647
Car -1 -1 0.1194 674.6006 169.1029 781.5679 207.0066 1.5030 1.6509 4.2221 4.9416 1.3542 29.9884 0.2807 0.0643
Car -1 -1 1.7113 837.1670 171.3017 885.3895 205.2189 1.4816 1.6054 3.8365 11.7639 1.4138 33.5922 2.0450 0.0615
Car -1 -1 4.4628 722.3438 172.9387 782.9207 210.2720 1.4797 1.6188 3.7682 5.9780 1.4836 30.5359 4.6538 0.0612
Car -1 -1 4.0760 829.0699 162.2785 876.0052 183.6573 1.8625 1.7787 4.3468 21.8989 0.9412 65.2031 4.3984 0.0612
Car -1 -1 -0.8101 882.0180 156.0872 943.4257 180.0402 1.5751 1.6606 3.8347 20.5794 0.4725 48.9786 -0.4146 0.0601
Car -1 -1 4.5230 686.0868 172.3243 728.1074 199.8373 1.4571 1.5891 3.9958 5.3847 1.4290 40.2531 4.6546 0.0599
Car -1 -1 2.9387 688.5975 169.9229 736.5770 186.7037 1.4765 1.6187 3.9955 9.1758 1.2186 64.4201 3.0793 0.0582
Car -1 -1 4.9133 452.2025 177.0954 485.5037 199.8193 1.5438 1.5949 3.8774 -10.0359 1.8591 51.6922 4.7222 0.0574
Car -1 -1 3.2044 608.2338 165.6686 706.8347 202.7275 1.5160 1.6282 4.0684 2.0670 1.2220 30.5857 3.2708 0.0573
Car -1 -1 1.5730 488.7002 181.1466 515.9290 209.4344 1.6880 1.6594 4.1748 -6.9066 2.2477 46.5214 1.4260 0.0554
Car -1 -1 3.9655 908.2781 165.3523 991.9872 195.3275 1.4370 1.5486 3.9839 17.2381 1.0774 36.7245 4.4011 0.0544
Car -1 -1 2.7385 452.8505 180.8152 517.1259 205.8803 1.5561 1.6393 3.8459 -8.2065 2.1006 47.6250 2.5684 0.0542
Car -1 -1 1.4743 493.2358 184.7359 519.5812 207.0211 1.4833 1.5287 3.7757 -7.4912 2.3759 52.1899 1.3320 0.0535
Car -1 -1 -0.1705 672.0591 179.8417 737.0850 202.7755 1.4673 1.6208 4.0349 6.2354 1.9369 47.6009 -0.0415 0.0535
Car -1 -1 1.6440 606.7922 172.7435 626.6021 189.0959 1.5041 1.5932 3.9490 0.7028 1.4939 68.4012 1.6539 0.0526
Car -1 -1 3.7904 85.1184 183.6272 201.0198 221.2479 1.4531 1.5859 3.7729 -18.9244 1.9054 29.3506 3.2216 0.0521
Car -1 -1 0.0873 945.0084 156.4380 1035.2837 184.7261 1.5403 1.6514 4.4344 21.6883 0.6464 41.1770 0.5690 0.0509
Car -1 -1 1.2054 840.7996 173.0919 910.9118 209.3255 1.4675 1.6411 3.5873 11.3748 1.4783 31.0546 1.5530 0.0504