Car -1 -1 3.6094 94.9199 193.8112 377.3672 286.2306 1.4453 1.6180 4.0533 -6.3054 1.8318 12.4834 3.1497 0.9545
Car -1 -1 4.6058 652.2744 177.9009 692.7736 208.3516 1.4890 1.6777 4.2662 3.2694 1.7708 38.1457 4.6901 0.8617
Car -1 -1 0.6682 0.0000 200.5726 234.1556 359.8347 1.4655 1.5931 3.6385 -6.2516 1.7931 7.7240 0.0044 0.8565
Car -1 -1 0.3776 360.7252 185.9014 503.1375 235.2967 1.4383 1.4588 4.0710 -5.5077 1.8642 22.5484 0.1401 0.8163
Car -1 -1 4.1697 819.0397 176.1958 1242.0000 375.0000 1.4374 1.6371 4.2657 2.7005 1.4671 4.2780 4.7014 0.8087
Car -1 -1 3.2578 447.1999 182.3508 535.7996 216.7867 1.4748 1.5763 3.7480 -5.2235 1.9107 32.2500 3.0980 0.7942
Car -1 -1 0.5161 317.1487 178.5536 473.4045 233.4522 1.4199 1.5829 3.9108 -5.9449 1.5886 20.1348 0.2320 0.7182
Car -1 -1 3.6464 182.0946 188.5629 385.8816 268.3474 1.5168 1.5314 3.5730 -6.6872 1.8637 15.0077 3.2332 0.6153
Car -1 -1 0.1542 400.7388 177.5396 515.8948 216.3965 1.4449 1.5124 4.1713 -5.7787 1.6317 27.8948 -0.0487 0.5952
Car -1 -1 3.2371 381.8663 190.3523 510.1913 235.2535 1.4206 1.5182 4.1384 -5.4899 2.0420 24.6176 3.0193 0.4582
Car -1 -1 3.2949 438.8357 158.6854 539.5167 193.5238 1.6354 1.7206 4.5713 -5.7366 0.9703 34.7523 3.1323 0.4521
Car -1 -1 4.8252 522.3578 163.5025 551.8939 186.5528 1.6267 1.7004 4.1304 -5.2782 0.9668 52.9971 4.7262 0.4230
Car -1 -1 1.6006 114.5130 180.6090 142.8744 203.7601 1.5835 1.5983 4.2853 -35.3409 2.1782 53.0950 1.0154 0.3690
Car -1 -1 4.9139 529.1716 172.5396 564.3907 195.5724 1.4498 1.5419 3.9679 -4.0850 1.4301 47.4784 4.8282 0.3593
Car -1 -1 1.7600 676.6044 175.2619 701.5136 192.6823 1.5840 1.6237 3.9993 7.5598 1.8192 68.3507 1.8693 0.2960
Car -1 -1 1.5835 350.1819 172.7078 373.0699 194.1068 1.5841 1.6089 4.0827 -19.0712 1.5732 55.6022 1.2543 0.2737
Car -1 -1 2.3328 0.0000 244.0466 188.6351 375.0000 1.4445 1.5920 3.7071 -4.4285 2.0588 4.3723 1.5712 0.1765
Car -1 -1 3.8092 212.9229 170.0563 299.5305 199.6324 1.4910 1.6492 3.8648 -18.3859 1.3500 37.5938 3.3569 0.1722
Car -1 -1 3.9757 0.0000 223.7460 174.0900 375.0000 1.4619 1.5903 4.0485 -5.6493 1.8927 5.2398 3.1781 0.1718
Car -1 -1 4.7554 641.2976 161.7724 668.1307 186.6230 1.7715 1.8044 4.4601 3.4031 0.9815 53.7487 4.8180 0.1711
Car -1 -1 4.6260 549.8820 171.1438 570.8107 188.9303 1.6251 1.6270 4.0107 -4.6671 1.4689 68.0322 4.5574 0.1663
Car -1 -1 0.7980 1123.6355 165.9949 1242.0000 205.5596 1.4937 1.5989 3.9664 23.2260 1.2348 29.2988 1.4632 0.1530
Car -1 -1 -0.6056 1103.4615 170.1821 1242.0000 209.4924 1.4750 1.6334 4.3382 21.9297 1.3748 28.0050 0.0534 0.1524
Car -1 -1 3.5125 620.3846 158.9132 676.9030 177.8572 1.4875 1.6008 4.2669 3.1501 0.3928 58.2622 3.5661 0.1515
Car -1 -1 3.3338 507.0347 164.8350 563.6064 186.4223 1.5217 1.6094 3.8047 -5.3086 0.9564 51.8352 3.2320 0.1327
Car -1 -1 2.2820 94.8907 176.2797 179.9313 207.1879 1.5494 1.5990 3.9781 -25.2213 1.7431 38.7109 1.7075 0.1320
Car -1 -1 4.7143 543.6185 174.7657 562.2266 193.7169 1.5966 1.5746 3.8409 -4.9532 1.7691 63.1596 4.6360 0.1298
Car -1 -1 0.1731 354.7412 171.2583 418.1845 191.4338 1.5237 1.6668 4.4482 -17.1419 1.4032 55.5973 -0.1249 0.1284
Car -1 -1 4.7406 393.7609 170.8406 417.8817 191.7805 1.5891 1.7090 4.2460 -16.0637 1.4363 57.0236 4.4669 0.1282
Car -1 -1 0.1227 534.3943 171.0980 578.3640 187.6729 1.5144 1.6180 3.8925 -4.9040 1.3540 66.8303 0.0494 0.1055
Car -1 -1 4.4576 448.5631 152.2716 486.9250 176.7685 1.6187 1.6804 3.8547 -9.8201 0.2587 49.7776 4.2638 0.1013
Car -1 -1 2.7944 367.4270 165.8314 441.9385 193.2055 1.6162 1.6793 4.0911 -12.6018 1.2016 44.4739 2.5196 0.1006
Car -1 -1 -0.5800 964.6145 166.0978 1207.0641 243.3636 1.4714 1.5798 3.8601 9.4785 1.3427 14.5544 -0.0124 0.0907
Car -1 -1 4.4929 841.9349 162.9695 879.5297 187.5672 1.6247 1.6691 3.6796 17.2088 0.9718 49.5792 4.8250 0.0879
Car -1 -1 5.1438 404.7202 167.0502 455.0082 192.6529 1.5639 1.6350 3.8947 -11.4299 1.2094 46.1410 4.9021 0.0879
Car -1 -1 1.8990 109.4945 180.4896 155.1732 202.8467 1.5077 1.5419 3.9984 -34.4840 2.0830 52.2398 1.3177 0.0871
Car -1 -1 4.4148 793.2565 175.3443 839.8467 203.5444 1.4915 1.5574 3.3923 11.4717 1.6361 40.1772 4.6906 0.0858
Car -1 -1 3.8028 178.8550 171.6147 272.2791 200.6738 1.4711 1.6411 4.1886 -20.0355 1.4084 37.7014 3.3171 0.0850
Car -1 -1 4.1504 1078.7028 180.9468 1242.0000 255.7466 1.4289 1.6259 4.0551 12.6091 1.6355 16.3260 4.7988 0.0848
Car -1 -1 4.6915 476.9834 149.9380 503.8244 176.7104 1.6887 1.6660 3.7723 -7.8788 0.2432 47.5182 4.5279 0.0837
Car -1 -1 -0.7736 846.0340 163.2004 933.8395 195.7585 1.4860 1.5896 3.9140 13.3831 1.0454 34.4342 -0.4060 0.0823
Car -1 -1 3.9097 478.0849 163.1535 552.1779 191.8274 1.5129 1.6189 4.0899 -5.2559 1.0011 39.9387 3.7795 0.0782
Car -1 -1 0.3877 340.9676 172.8981 402.7268 192.7370 1.4857 1.5998 4.1753 -18.0873 1.4891 54.9856 0.0711 0.0782
Car -1 -1 1.6828 329.2396 178.9832 408.6834 239.0154 1.4207 1.5801 3.9869 -6.4254 1.6053 19.6179 1.3697 0.0766
Car -1 -1 0.9016 890.4879 98.4791 1242.0000 375.0000 1.5039 1.6203 4.3676 2.5490 1.4691 2.5641 1.6281 0.0765
Car -1 -1 -0.3716 794.1747 172.8819 871.0902 200.5607 1.4757 1.5521 3.6996 12.1422 1.4773 39.3839 -0.0751 0.0755
Car -1 -1 -0.7722 1103.4738 162.0992 1217.2924 198.0480 1.5001 1.6164 3.8907 23.7392 1.0513 31.1542 -0.1257 0.0748
Car -1 -1 3.0741 636.6193 164.3372 691.3735 186.6050 1.5912 1.6525 3.8606 3.9215 0.9826 52.3994 3.1481 0.0739
Car -1 -1 1.4723 632.9021 201.1180 1101.9723 375.0000 1.4610 1.6138 3.9535 1.1450 1.7196 4.5368 1.7018 0.0713
Car -1 -1 4.7669 119.2790 174.5191 191.6570 229.1102 1.4217 1.5457 3.6132 -13.0336 1.4743 20.8659 4.2141 0.0695
Car -1 -1 1.0938 660.6820 178.8006 698.0486 196.6181 1.4977 1.6076 4.1017 6.1816 2.0460 64.3241 1.1887 0.0657
Car -1 -1 1.5391 649.8585 182.3599 679.1876 210.2143 1.4726 1.5504 3.7260 3.1102 2.0422 41.3341 1.6131 0.0648
Car -1 -1 3.3914 495.7945 169.9269 559.0391 194.5677 1.5468 1.5953 3.7576 -5.2522 1.3630 46.3407 3.2789 0.0619
Car -1 -1 3.4020 418.3995 153.2101 488.6880 177.0750 1.5926 1.6338 4.3996 -10.5768 0.2817 49.0748 3.1907 0.0616
Car -1 -1 1.7869 533.1917 174.8988 576.7501 204.1988 1.5673 1.6307 4.0635 -3.0462 1.6896 41.0203 1.7128 0.0611
Car -1 -1 5.2716 227.6201 168.9694 300.7965 198.7633 1.5128 1.6612 4.0016 -18.4377 1.3156 38.7219 4.8297 0.0608
Car -1 -1 3.4243 405.2857 157.2621 501.5684 189.9357 1.5326 1.6410 4.2507 -7.4893 0.8012 34.8158 3.2137 0.0600
Car -1 -1 3.5492 376.0983 170.9915 433.9084 190.5625 1.4943 1.6729 3.9950 -15.9054 1.3521 56.1836 3.2743 0.0596
Car -1 -1 1.7412 289.9629 170.1899 336.3795 202.0693 1.5183 1.5595 3.5972 -14.8447 1.3915 36.2890 1.3553 0.0587
Car -1 -1 1.7620 355.9331 172.8514 387.4890 192.7547 1.4651 1.5674 3.9211 -18.1374 1.4649 55.1574 1.4455 0.0586
Car -1 -1 4.5610 830.8386 171.4622 871.6248 200.3628 1.5481 1.5946 3.9260 13.5800 1.4736 40.7190 4.8803 0.0570
Car -1 -1 2.9437 405.8112 159.2466 479.2246 185.4175 1.6723 1.6855 4.4952 -11.0577 0.8028 47.7984 2.7174 0.0563
Car -1 -1 4.8809 165.3205 173.8121 213.2151 204.6560 1.5690 1.6075 3.7625 -22.5764 1.6233 38.8746 4.3575 0.0558
Car -1 -1 3.1411 423.5168 154.8004 497.7505 182.8462 1.7503 1.7084 4.5837 -9.5376 0.6236 46.3281 2.9390 0.0541
Car -1 -1 1.7151 99.9657 179.6142 139.2837 203.5212 1.5327 1.6438 4.2094 -33.7435 2.0202 49.7852 1.1217 0.0541
Car -1 -1 1.7289 671.7004 173.4142 697.1104 191.8867 1.6324 1.6546 4.3622 6.9028 1.6856 66.2237 1.8320 0.0541
Car -1 -1 5.0643 254.8323 167.8512 314.4652 199.2453 1.5820 1.6455 3.8649 -17.1840 1.3299 38.3431 4.6453 0.0536
Car -1 -1 4.2199 1095.8000 162.4754 1187.3875 198.8468 1.4946 1.6102 3.7962 23.2038 1.0681 31.6400 4.8480 0.0535
Car -1 -1 -0.1422 848.8937 161.1075 919.6357 185.2702 1.5843 1.6764 4.2540 18.4361 0.8141 48.5887 0.2183 0.0531