Car -1 -1 1.8614 344.7520 182.5557 420.4606 224.6556 1.4942 1.6957 4.3052 -8.9340 1.9100 28.7634 1.5624 0.8689
Car -1 -1 4.7465 585.7599 174.6248 612.2064 199.3624 1.5869 1.6380 4.4028 -0.6756 1.7121 48.8204 4.7323 0.7155
Car -1 -1 1.6388 474.3152 178.6705 497.4290 197.5713 1.5015 1.6401 4.0875 -10.3778 2.0082 60.7372 1.4699 0.4511
Car -1 -1 4.9568 355.8650 162.4421 404.9160 191.5281 1.5371 1.6692 4.0189 -12.6936 0.9868 40.1857 4.6526 0.2617
Car -1 -1 1.8100 346.1805 173.7086 394.5424 202.9819 1.4767 1.5611 3.8941 -12.7013 1.5246 38.5158 1.4932 0.2296
Car -1 -1 1.5804 408.2339 185.4694 428.4291 204.7233 1.5086 1.6081 3.8468 -16.2216 2.6163 61.2975 1.3224 0.1527
Car -1 -1 3.5775 323.9911 170.3393 407.7584 198.8996 1.4984 1.5976 3.9731 -13.0950 1.3664 38.8715 3.2543 0.1356
Car -1 -1 2.0213 317.0519 176.6334 430.5396 229.5827 1.4756 1.6672 4.2677 -7.2468 1.6060 22.6578 1.7147 0.1195
Car -1 -1 1.6805 474.5540 172.4569 506.2027 197.2148 1.5750 1.6472 3.9341 -7.8693 1.5497 47.9085 1.5182 0.1040
Car -1 -1 1.6815 331.0414 187.6868 359.7868 209.7583 1.5031 1.5797 4.0840 -19.8082 2.6625 54.2262 1.3325 0.0945
Car -1 -1 1.6983 472.7806 178.5322 498.9973 197.8108 1.4948 1.6058 4.1420 -10.1237 1.9780 59.2881 1.5295 0.0922
Car -1 -1 0.4249 282.3035 188.6691 402.6181 229.0529 1.4393 1.6017 3.9800 -10.0907 2.0607 27.4053 0.0748 0.0855
Car -1 -1 0.1581 355.2747 167.3625 433.2739 195.0686 1.4608 1.5868 3.8433 -11.6035 1.1713 39.0771 -0.1290 0.0828
Car -1 -1 0.4993 394.6034 172.0131 479.4501 202.3787 1.4996 1.6088 3.9340 -8.8148 1.4581 36.9275 0.2662 0.0782
Car -1 -1 1.9409 261.9912 183.6086 379.7907 249.4243 1.4078 1.5127 3.4429 -6.9484 1.6976 17.7188 1.5717 0.0768
Car -1 -1 1.6677 450.1022 170.0008 488.5634 200.7254 1.5387 1.6272 3.7756 -7.3503 1.3958 38.0894 1.4780 0.0742
Car -1 -1 1.6050 471.7691 175.9943 494.6942 197.8493 1.6613 1.6568 4.2790 -10.0707 1.9223 57.7230 1.4327 0.0692
Car -1 -1 1.0423 474.0884 170.3878 547.9828 202.5741 1.4996 1.6609 4.3627 -4.9563 1.3847 35.8458 0.9055 0.0660
Car -1 -1 0.0889 466.5265 179.7032 517.1342 197.7676 1.4542 1.6138 4.0078 -9.7164 2.0305 59.7538 -0.0719 0.0640
Car -1 -1 1.8038 453.5555 180.3214 494.4169 207.9832 1.4503 1.4851 3.4980 -7.5756 1.8887 40.5763 1.6199 0.0637
Car -1 -1 3.9628 304.3417 182.7287 424.7070 230.2097 1.4443 1.5847 3.9267 -8.2576 1.7986 24.2573 3.6375 0.0624
Car -1 -1 1.3873 380.4744 185.7065 409.5699 204.8769 1.4713 1.6614 3.8149 -17.9371 2.5812 60.2369 1.0987 0.0601
Car -1 -1 4.6440 337.9827 170.3118 374.4979 199.3051 1.4968 1.6181 3.9573 -13.8663 1.3656 39.3877 4.3074 0.0594
Car -1 -1 1.2834 301.4629 187.0311 340.5759 208.8563 1.4659 1.6420 3.8931 -21.2814 2.5502 53.1480 0.9039 0.0582
Car -1 -1 1.6724 472.2589 169.5309 510.3062 201.3642 1.6072 1.6103 3.8271 -6.2408 1.4394 38.3861 1.5119 0.0570
Car -1 -1 1.6837 584.5345 171.5500 616.8613 198.0518 1.6258 1.6303 4.0359 -0.5261 1.5458 46.3534 1.6719 0.0557
Car -1 -1 1.3814 493.9315 175.8066 525.2611 196.9407 1.5643 1.6499 4.2528 -7.8411 1.8041 56.3235 1.2434 0.0551
Car -1 -1 1.8484 429.9265 169.7551 485.3590 201.1535 1.4342 1.5881 3.9894 -7.2959 1.2926 35.0045 1.6441 0.0535
Car -1 -1 1.9148 347.1863 181.7201 435.1918 230.0704 1.4491 1.6040 3.8839 -7.2501 1.7725 24.3374 1.6278 0.0534
Car -1 -1 1.7294 634.8798 177.4377 669.0204 202.0036 1.4701 1.5619 4.0222 2.7513 1.7766 46.1073 1.7882 0.0531
Car -1 -1 1.4382 401.6089 180.4722 429.2316 200.9757 1.5267 1.6241 3.8816 -15.4710 2.1549 57.3943 1.1757 0.0528
Car -1 -1 1.6050 586.7947 170.5811 615.9222 198.4998 1.6336 1.6480 4.0006 -0.4628 1.5006 44.2392 1.5941 0.0514
Car -1 -1 1.7281 517.2784 181.0785 541.6199 198.3175 1.5416 1.6728 4.1298 -7.5860 2.3479 68.6332 1.6181 0.0510
Car -1 -1 1.5844 498.0240 170.0970 524.1393 197.4154 1.7393 1.6512 3.9724 -6.5215 1.5638 48.0111 1.4498 0.0506