Car -1 -1 4.7967 402.7404 163.2233 470.0202 217.9031 1.4478 1.5844 3.6016 -4.9521 1.1928 21.0007 4.5675 0.9180
Car -1 -1 4.7799 441.3318 157.2902 488.7699 194.2308 1.4462 1.6667 4.2155 -6.0249 0.8369 30.4432 4.5860 0.4497
Car -1 -1 0.1278 371.3355 156.3506 482.3636 197.1753 1.5676 1.6379 4.1093 -7.2009 0.9339 28.7561 -0.1156 0.2488
Car -1 -1 1.8098 455.4005 162.4412 511.7842 198.0521 1.5765 1.6679 4.1897 -5.8720 1.1155 34.0893 1.6402 0.1410
Car -1 -1 -0.4765 680.6895 136.7510 855.6176 213.5842 1.6553 1.6489 3.6317 3.6581 0.8775 16.8178 -0.2662 0.1299
Car -1 -1 -0.6971 903.6130 142.7391 1157.9840 227.5011 1.5070 1.6035 4.2427 8.1021 0.9716 14.0004 -0.1817 0.0914
Car -1 -1 4.4455 467.3320 161.4314 511.1820 189.5049 1.6675 1.6994 4.0182 -7.5540 0.9891 45.0391 4.2800 0.0799
Car -1 -1 3.4474 358.7626 156.7801 480.0691 198.4073 1.5483 1.6451 4.2135 -7.2581 0.9505 27.7694 3.1938 0.0799
Car -1 -1 4.4798 459.1633 163.0660 505.3517 191.5144 1.5243 1.6629 4.1602 -7.2668 0.9999 40.9011 4.3048 0.0725
Car -1 -1 4.5664 410.7906 154.5509 465.5440 195.0168 1.5416 1.6358 3.8975 -7.0885 0.8443 29.6010 4.3332 0.0696
Car -1 -1 4.5127 446.8649 167.3384 494.9593 198.8370 1.5198 1.6482 4.0610 -7.1628 1.2537 37.0049 4.3225 0.0640
Car -1 -1 3.5186 466.0336 163.8324 536.0110 189.8744 1.5347 1.6337 3.8663 -6.5645 1.0030 43.7551 3.3703 0.0633
Car -1 -1 -0.1299 446.7012 174.0389 529.5660 204.9003 1.4660 1.6300 3.8677 -6.0241 1.5269 35.7228 -0.2961 0.0625
Car -1 -1 4.2203 637.9839 133.1556 786.0732 213.0734 1.7728 1.8141 4.4562 2.4339 0.8922 18.4109 4.3493 0.0615
Car -1 -1 1.6566 468.4033 163.8971 503.1339 193.0886 1.6356 1.6657 4.0908 -7.2466 1.1337 42.5340 1.4886 0.0595
Car -1 -1 2.7051 396.7859 159.5654 500.4188 194.7554 1.4633 1.6059 4.1863 -7.0733 0.9107 31.9125 2.4884 0.0581
Car -1 -1 2.8431 432.3481 167.5451 512.2411 196.8927 1.5434 1.6337 4.0048 -7.5222 1.2642 39.6022 2.6563 0.0542
Car -1 -1 0.1180 459.8976 170.0277 531.1615 197.9470 1.5104 1.6288 3.7264 -6.2649 1.3575 39.9181 -0.0370 0.0532
Car -1 -1 1.7319 465.3411 171.4962 508.5351 202.8938 1.6021 1.6474 4.1136 -6.5454 1.5328 38.8777 1.5658 0.0507