Car -1 -1 4.8539 502.0012 179.6339 558.2277 220.1662 1.4617 1.6717 3.9425 -3.0831 1.7500 28.6883 4.7473 0.9543
Car -1 -1 4.4592 719.2350 178.0104 930.2625 318.7201 1.5097 1.6554 4.2906 2.6821 1.5968 10.0447 4.7117 0.9456
Car -1 -1 4.5384 690.3365 183.1869 803.0861 262.7092 1.4368 1.6589 4.1132 2.8100 1.6901 15.6281 4.7120 0.8885
Car -1 -1 4.5584 666.6080 179.0332 743.7137 234.7998 1.4506 1.6135 4.1475 2.7167 1.6512 21.3301 4.6826 0.8376
Car -1 -1 4.2535 826.3483 104.7626 1242.0000 375.0000 1.9199 1.6645 4.1821 2.7841 1.6771 4.7010 4.7598 0.5285
Car -1 -1 4.5904 644.5891 177.4745 682.2552 208.3330 1.5126 1.5423 3.4745 2.7680 1.7652 37.6726 4.6626 0.4609
Car -1 -1 4.7169 628.6709 177.2596 653.2805 200.9147 1.4897 1.5747 3.8699 2.1032 1.7957 48.1447 4.7598 0.3635
Car -1 -1 4.8465 716.1183 170.1403 748.0286 194.0453 1.5226 1.5771 4.0151 8.2059 1.3498 48.1090 5.0141 0.3194
Car -1 -1 0.8544 732.3178 169.5970 796.7804 196.5323 1.4952 1.5377 3.8249 8.9847 1.3144 42.0968 1.0629 0.1648
Car -1 -1 1.5280 488.4073 183.8290 511.4001 204.9707 1.5120 1.5932 3.8177 -8.4976 2.3906 55.7341 1.3770 0.1564
Car -1 -1 1.4759 661.4455 175.4794 711.3990 214.3265 1.4681 1.6368 4.1655 3.0850 1.5835 29.6384 1.5780 0.1534
Car -1 -1 4.8239 527.8046 170.3653 554.7782 190.3432 1.5158 1.6519 4.2403 -5.3426 1.3270 56.8825 4.7304 0.1530
Car -1 -1 4.6215 636.5688 195.1229 1109.0258 375.0000 1.6751 1.6853 4.1576 1.2457 1.8887 4.7402 4.8607 0.1474
Car -1 -1 4.5208 694.1502 173.3197 720.1479 190.5231 1.5038 1.6097 3.8940 8.7800 1.5471 65.1683 4.6538 0.1425
Car -1 -1 3.3929 507.3257 171.1434 564.6096 189.9622 1.4171 1.5313 4.1240 -5.6325 1.2883 55.3990 3.2918 0.1362
Car -1 -1 4.3705 695.4025 173.1150 744.8542 201.3956 1.4667 1.5557 3.5553 5.9752 1.4816 39.3492 4.5197 0.1319
Car -1 -1 4.3925 763.3280 172.7945 805.9628 197.8882 1.4873 1.5723 3.3555 10.7516 1.4838 44.5034 4.6277 0.1237
Car -1 -1 1.0312 911.2136 0.0000 1242.0000 375.0000 1.5527 1.6340 4.3698 2.7386 0.9592 3.0790 1.7132 0.1210
Car -1 -1 1.4125 624.9157 175.0166 681.6629 213.8379 1.4611 1.6467 4.3526 1.7154 1.5567 29.6547 1.4691 0.1166
Car -1 -1 -0.0427 651.7119 174.9161 736.1546 205.7986 1.5231 1.6477 4.1731 4.2436 1.6307 36.6856 0.0710 0.1158
Car -1 -1 -0.2886 742.0590 173.8770 814.8615 199.4034 1.5014 1.6294 3.9677 10.1356 1.5643 43.4480 -0.0613 0.1129
Car -1 -1 1.5725 634.8042 164.2178 657.3037 185.6053 1.5493 1.6290 3.7635 2.7425 0.9237 54.1878 1.6226 0.1084
Car -1 -1 4.7237 709.3096 172.7172 743.4413 203.5752 1.4592 1.5997 3.8177 5.8666 1.4527 36.1370 4.8829 0.1010
Car -1 -1 2.9211 680.1260 173.0079 727.6597 189.8616 1.4710 1.5694 3.9288 8.3417 1.4849 63.9555 3.0499 0.0926
Car -1 -1 1.4891 461.6681 183.7453 488.2196 204.4566 1.4548 1.6732 3.9715 -10.3047 2.3183 55.0661 1.3046 0.0814
Car -1 -1 3.2217 719.8864 171.0298 811.9017 203.8841 1.4887 1.6187 4.1316 7.3921 1.4060 34.0635 3.4332 0.0791
Car -1 -1 1.6271 629.4318 167.7569 656.1132 193.1985 1.7375 1.6707 4.0946 2.4020 1.3894 51.3977 1.6731 0.0790
Car -1 -1 4.6737 776.9554 173.7469 813.5823 206.4059 1.4670 1.5396 3.6848 8.8246 1.5121 34.4799 4.9217 0.0752
Car -1 -1 3.0407 785.2347 176.2546 872.3817 209.4289 1.4644 1.5725 3.6912 10.0204 1.6261 33.1992 3.3309 0.0747
Car -1 -1 4.6318 836.4739 154.1259 870.5036 181.9197 1.6198 1.6649 3.6947 14.8430 0.5283 44.0442 4.9547 0.0701
Car -1 -1 4.2610 860.6497 133.9449 963.0331 188.9463 1.7345 1.6581 3.9570 10.2454 0.5075 24.7810 4.6488 0.0686
Car -1 -1 0.1764 662.5043 175.5822 785.0223 217.0412 1.4921 1.6815 4.4177 4.3878 1.6025 27.6812 0.3314 0.0681
Car -1 -1 3.3412 598.0334 176.3674 658.5372 200.0719 1.4950 1.6013 3.7004 1.2365 1.7299 47.0523 3.3669 0.0674
Car -1 -1 -0.2235 628.5118 176.5838 692.1394 199.7304 1.4622 1.5860 3.8795 3.2863 1.7108 47.0119 -0.1546 0.0659
Car -1 -1 1.9846 442.7025 190.0611 515.3744 229.4054 1.4440 1.5984 3.8034 -5.3974 2.2151 30.2994 1.8092 0.0654
Car -1 -1 1.4279 740.1816 179.0112 801.4942 225.3109 1.4658 1.5471 3.8439 5.5799 1.6988 25.3386 1.6415 0.0646
Car -1 -1 1.6338 471.6924 189.1788 514.5476 225.6345 1.4719 1.6789 4.1240 -5.2902 2.2707 33.1743 1.4763 0.0632
Car -1 -1 4.4908 723.3578 173.5507 771.7784 203.8599 1.4355 1.5712 3.8281 6.8615 1.4723 36.2041 4.6762 0.0580
Car -1 -1 4.5488 512.6936 171.1485 542.7731 191.0867 1.5047 1.6770 4.2593 -6.4713 1.3759 56.7289 4.4355 0.0574
Car -1 -1 1.7156 619.8764 175.5915 653.7435 200.2313 1.4998 1.6359 3.8686 1.7945 1.6837 46.4256 1.7535 0.0563
Car -1 -1 -0.1048 747.3895 175.4648 835.1101 208.6702 1.4755 1.5743 3.7724 8.3127 1.5996 33.2625 0.1375 0.0546
Car -1 -1 2.8656 405.9050 189.9580 510.7753 228.2306 1.4729 1.6414 4.1113 -6.4695 2.2463 30.9467 2.6606 0.0535
Car -1 -1 1.4350 637.5895 167.6480 669.1794 192.5393 1.6664 1.6655 4.0302 3.0173 1.3179 50.3782 1.4941 0.0535
Car -1 -1 1.0173 780.0753 157.6764 891.6514 208.1532 1.4943 1.6173 3.9274 7.2291 1.0450 23.4659 1.3123 0.0534
Car -1 -1 1.4339 665.3866 183.0105 722.2881 225.6576 1.4386 1.6122 3.7560 3.0968 1.8473 27.1401 1.5456 0.0533
Car -1 -1 1.5973 716.6407 169.7328 743.7168 194.4204 1.5179 1.6162 4.1472 7.8177 1.3260 46.5540 1.7623 0.0533
Car -1 -1 4.6518 740.5312 171.1547 779.3108 203.5909 1.4761 1.5877 3.9160 7.2146 1.3987 34.8851 4.8537 0.0511