Car -1 -1 4.9950 179.5764 190.3461 327.6971 274.4433 1.4195 1.5832 3.8959 -6.8866 1.5371 14.4308 4.5567 0.9771
Car -1 -1 4.7678 458.9791 182.3115 513.2367 229.6596 1.5510 1.6841 3.5095 -4.2062 1.4558 25.3824 4.6048 0.9688
Car -1 -1 4.5712 554.4574 180.5968 639.2476 248.7728 1.5849 1.6718 3.7769 -0.3711 1.4775 18.7095 4.5511 0.9639
Car -1 -1 5.2297 0.0000 196.0112 192.4235 366.5565 1.4159 1.5765 3.5492 -6.2815 1.5650 8.0648 4.5839 0.9275
Car -1 -1 4.8202 367.2419 181.4820 413.4756 213.1579 1.4341 1.6666 4.4078 -10.4416 1.2651 34.8636 4.5309 0.9068
Car -1 -1 4.8929 290.1814 182.0816 373.1346 234.1203 1.4913 1.6611 4.4736 -8.6609 1.4015 22.9492 4.5356 0.8715
Car -1 -1 4.9765 256.8157 166.9828 319.3166 200.6161 1.4376 1.6079 3.9739 -14.4747 0.6582 32.8094 4.5639 0.6683
Car -1 -1 5.1237 181.1517 182.0674 281.5868 231.0017 1.4635 1.5852 3.5276 -12.0594 1.3693 23.3083 4.6507 0.5154
Car -1 -1 1.6064 355.2619 177.0503 378.5804 197.0334 1.5174 1.5987 3.9403 -18.9175 0.8974 56.7008 1.2855 0.5092
Car -1 -1 4.6470 423.4367 176.2454 447.0461 195.3608 1.4981 1.6302 3.6222 -13.9716 0.7951 58.3072 4.4125 0.4005
Car -1 -1 1.6884 395.6899 178.4738 431.0264 204.6230 1.5074 1.6022 3.9704 -11.6836 1.1188 43.5194 1.4273 0.3318
Car -1 -1 2.1038 0.0000 155.8013 121.4876 243.4884 1.4107 1.5679 4.2578 -11.2845 0.9375 13.7838 1.4275 0.3042
Car -1 -1 4.5609 510.3830 182.1894 537.7079 200.7061 1.4545 1.6232 4.0245 -6.8131 1.2167 58.6197 4.4453 0.2107
Car -1 -1 0.3627 359.4113 179.7401 430.6161 205.5735 1.4936 1.6294 3.7015 -12.5163 1.1770 42.5171 0.0778 0.1693
Car -1 -1 1.6444 320.9044 185.4433 379.9047 232.1897 1.5482 1.6856 4.2354 -9.2284 1.5572 26.0942 1.3073 0.1430
Car -1 -1 0.4548 187.7039 170.1069 303.4495 206.1660 1.5401 1.7010 4.2244 -15.8099 0.8948 31.5668 -0.0063 0.1353
Car -1 -1 1.7908 431.0482 181.8833 489.5882 218.0049 1.5244 1.7083 4.1563 -6.5430 1.3838 32.4339 1.5930 0.1160
Car -1 -1 2.0812 200.7338 172.8170 271.3675 203.4045 1.5225 1.5559 3.9484 -19.4123 0.9054 37.7840 1.6092 0.1084
Car -1 -1 1.7830 552.4462 175.2751 578.5389 191.7155 1.4336 1.5761 3.8084 -3.7205 0.5668 64.6866 1.7254 0.1024
Car -1 -1 4.6157 444.7289 175.8263 486.8352 208.8034 1.4971 1.6495 3.5802 -6.8470 1.0708 34.5863 4.4214 0.1009
Car -1 -1 1.9216 76.6351 165.5742 167.3866 206.5607 1.4220 1.5483 3.9271 -18.1111 0.7405 27.0293 1.3358 0.0983
Car -1 -1 1.7753 322.7296 175.6254 350.9528 193.4814 1.5185 1.5751 3.8013 -23.7034 0.7029 63.1309 1.4173 0.0968
Car -1 -1 1.6076 354.3119 176.5667 378.3888 197.0840 1.5120 1.5924 4.2093 -18.4623 0.8746 55.2175 1.2861 0.0901
Car -1 -1 2.0345 0.0000 160.9436 71.0223 227.3825 1.6010 1.7038 3.9898 -16.4789 1.0161 19.4601 1.3386 0.0900
Car -1 -1 4.6388 465.9996 161.0389 494.1943 184.5774 1.5486 1.6348 3.8116 -8.7759 -0.0457 49.4542 4.4640 0.0897
Car -1 -1 1.4786 635.7648 194.5112 692.8655 241.3975 1.4455 1.6039 3.8790 1.9014 1.7927 24.8905 1.5534 0.0886
Car -1 -1 0.7295 428.5526 183.5785 521.4172 219.2379 1.5439 1.6926 4.0967 -6.0753 1.4730 32.9122 0.5480 0.0858
Car -1 -1 2.4739 396.7178 178.5806 467.9196 205.1460 1.5232 1.5680 4.0669 -10.4782 1.1427 43.2994 2.2375 0.0835
Car -1 -1 1.5849 361.6079 192.0873 406.0073 232.0830 1.4796 1.6234 3.7617 -9.0714 1.7794 29.3256 1.2870 0.0821
Car -1 -1 1.5142 484.7026 192.2567 527.6595 229.1026 1.4282 1.5981 3.8111 -4.3599 1.7484 30.6638 1.3737 0.0808
Car -1 -1 1.8713 292.4624 171.7052 331.0865 193.7934 1.6283 1.6364 3.9320 -22.5576 0.6323 55.0233 1.4837 0.0805
Car -1 -1 4.6001 0.0000 195.0040 358.1971 376.0000 1.4695 1.5724 3.8760 -2.9966 1.5559 4.3433 4.0245 0.0765
Car -1 -1 3.1957 562.4558 180.1033 643.3812 212.1423 1.4976 1.6032 3.7987 -0.1664 1.2586 34.4943 3.1905 0.0760
Car -1 -1 1.4407 632.3606 193.9162 701.6260 244.3416 1.3901 1.6315 4.1173 1.7865 1.6896 22.6408 1.5180 0.0748
Car -1 -1 1.6325 99.1040 176.7672 164.3529 222.5128 1.4890 1.6499 4.3202 -16.8840 1.2140 25.6839 1.0556 0.0732
Car -1 -1 4.8911 620.6895 170.1473 653.7689 193.3495 1.5107 1.5958 3.7911 2.0787 0.5296 48.8280 4.9330 0.0712
Car -1 -1 2.1904 0.0000 157.2591 80.6277 267.3543 1.5238 1.6421 4.0905 -10.9924 1.1368 12.0711 1.4630 0.0703
Car -1 -1 0.3300 560.0721 175.3611 615.2238 195.1468 1.5587 1.6668 4.1344 -1.5712 0.7824 58.0418 0.3026 0.0694
Car -1 -1 3.5004 442.9309 163.0825 506.3676 186.0815 1.5177 1.5960 3.9030 -8.9358 0.0571 48.5691 3.3193 0.0674
Car -1 -1 5.2303 0.0000 170.0494 150.2375 249.4295 1.4734 1.5906 3.8180 -11.5731 1.1919 15.3338 4.5921 0.0664
Car -1 -1 0.3951 338.7079 176.8555 394.6895 196.7103 1.5210 1.5724 3.8248 -18.7079 0.8806 55.9942 0.0738 0.0655
Car -1 -1 1.8312 337.5586 176.0036 375.5637 199.5268 1.6630 1.6521 4.0261 -18.3852 1.0118 52.8889 1.4978 0.0642
Car -1 -1 5.0055 181.0799 178.4355 243.2988 212.9046 1.4697 1.5029 3.5062 -17.7889 1.1806 32.5207 4.5082 0.0640
Car -1 -1 5.0104 577.3231 196.1014 655.5526 243.8080 1.4808 1.6643 3.9816 0.4163 1.8987 25.4450 5.0259 0.0588
Car -1 -1 -0.7376 242.4507 196.3792 653.6124 376.0000 1.4477 1.5952 3.9609 -1.3063 1.5928 7.2855 -0.9092 0.0585
Car -1 -1 4.8249 224.1396 177.8253 289.3894 224.5380 1.4930 1.6104 3.6884 -12.0868 1.2568 24.9811 4.3782 0.0583
Car -1 -1 1.5163 611.9962 173.1439 641.6012 200.7116 1.6415 1.6211 4.0905 1.1822 0.9227 44.8722 1.5421 0.0578
Car -1 -1 1.9791 176.2828 173.6795 249.0237 205.2817 1.4625 1.5817 4.2176 -19.3403 0.9286 35.4383 1.4825 0.0568
Car -1 -1 0.6036 51.1919 168.8575 181.4577 208.8716 1.4634 1.5068 3.8881 -18.4144 0.8652 27.0644 0.0107 0.0565
Car -1 -1 3.4042 72.0923 169.4990 197.9849 207.9017 1.5076 1.6394 4.0453 -19.3325 0.8906 29.6204 2.8299 0.0548
Car -1 -1 1.8556 0.0000 159.7985 106.4630 219.8997 1.5489 1.6336 3.9659 -15.9440 0.8938 20.6693 1.2048 0.0542
Car -1 -1 1.4684 515.8829 181.6662 540.9185 201.0911 1.4906 1.5690 4.1345 -6.3183 1.2183 57.3503 1.3587 0.0541
Car -1 -1 2.0178 82.9723 164.9717 181.4481 205.8268 1.4998 1.6113 4.1301 -18.7105 0.7566 28.5402 1.4418 0.0536
Car -1 -1 1.0330 516.0458 180.9223 565.5591 203.1933 1.6408 1.6721 4.5973 -5.1552 1.3245 55.3105 0.9401 0.0536
Car -1 -1 3.1758 497.0140 181.8892 546.5341 200.6481 1.4785 1.5548 3.8880 -6.8116 1.2164 57.5956 3.0582 0.0532
Car -1 -1 0.5948 64.2574 171.8899 199.1599 213.0866 1.4672 1.5542 3.9468 -17.3997 0.9926 26.4111 0.0168 0.0526
Car -1 -1 3.0567 636.2139 195.9099 786.0737 250.7398 1.4798 1.6481 4.1171 2.9053 1.8015 20.6940 3.1938 0.0500