Car -1 -1 1.7121 455.3939 192.6347 532.6262 249.9727 1.4593 1.7253 4.1149 -3.3897 2.1152 21.8574 1.5592 0.9419
Car -1 -1 4.6501 594.3188 182.9036 616.7737 201.5701 1.5061 1.7058 3.6625 -0.3731 2.3977 62.1318 4.6437 0.2308
Car -1 -1 -0.0829 587.2399 183.3164 634.3446 200.9274 1.4461 1.6544 3.8836 0.0832 2.3507 61.4010 -0.0821 0.1886
Car -1 -1 1.6977 519.5596 190.1956 550.5982 213.7813 1.5079 1.6872 4.0625 -5.2418 2.7878 51.1996 1.5956 0.1028
Car -1 -1 1.6728 512.0778 190.3932 546.1800 217.4511 1.4948 1.6832 4.0613 -4.9167 2.6270 44.5398 1.5629 0.0720
Car -1 -1 1.5908 593.0215 180.6359 612.5450 199.7647 1.5046 1.5547 4.0768 -0.5404 2.1788 60.4659 1.5814 0.0686
Car -1 -1 1.6319 635.0613 180.0428 657.4394 198.9408 1.5146 1.6663 3.9450 3.1533 2.1472 61.4413 1.6825 0.0651
Car -1 -1 2.4673 598.3071 182.2220 647.8210 201.1997 1.5158 1.6357 4.0855 1.1696 2.3375 61.3944 2.4858 0.0650
Car -1 -1 1.6111 583.9742 177.0352 606.2299 198.4149 1.6453 1.6366 4.0866 -1.1387 1.9956 58.3919 1.5913 0.0602
Car -1 -1 -0.6485 532.8796 190.7230 606.8110 219.1089 1.5199 1.7624 4.2129 -2.3440 2.6408 43.2280 -0.7030 0.0573
Car -1 -1 1.3767 522.4710 195.8095 581.6036 237.8364 1.4347 1.6602 3.7418 -2.3662 2.4177 28.8713 1.2948 0.0519
Car -1 -1 1.7942 507.3810 186.2789 535.3571 205.5315 1.6009 1.6532 4.0006 -7.9036 2.8483 64.9660 1.6731 0.0514
Car -1 -1 1.5546 493.5983 196.4546 539.0472 238.5088 1.4173 1.6672 3.8013 -3.7195 2.4171 28.5651 1.4255 0.0504