Car -1 -1 1.0887 806.7499 213.2104 1242.0000 375.0000 1.3093 1.5711 3.9786 3.0655 1.7640 6.1113 1.5330 0.9659
Car -1 -1 4.5980 671.2543 184.7455 729.4286 229.5655 1.4450 1.6493 3.8667 3.2220 1.9092 26.2293 4.7181 0.9469
Car -1 -1 4.5799 659.6454 179.8692 707.4976 217.7236 1.5191 1.5911 3.7236 3.1747 1.8441 31.5428 4.6787 0.9039
Car -1 -1 1.9000 170.4018 188.5577 458.1902 361.5540 1.4634 1.7226 4.2724 -3.1063 1.6980 8.6352 1.5633 0.8650
Car -1 -1 1.5322 545.9728 177.2631 575.1527 204.2173 1.5361 1.6122 4.0738 -3.0217 1.8174 43.9216 1.4634 0.5910
Car -1 -1 1.6637 643.4586 178.2006 671.9269 202.0914 1.5522 1.6070 3.9161 3.3618 1.9369 49.8610 1.7302 0.1884
Car -1 -1 1.4431 629.3739 177.5485 652.2930 195.0447 1.5044 1.5635 4.0503 2.7969 1.9425 65.2442 1.4854 0.1716
Car -1 -1 1.7167 617.8787 182.6049 643.7149 201.6023 1.4764 1.6111 3.8639 1.8039 2.3177 60.2138 1.7460 0.1476
Car -1 -1 4.5976 647.7395 160.4707 691.6536 195.3271 1.7380 1.8102 4.4429 3.1195 1.1205 38.2275 4.6780 0.1373
Car -1 -1 2.8414 541.6660 177.9414 614.7217 204.2037 1.4906 1.5919 4.0542 -1.8700 1.8035 42.9413 2.7977 0.1357
Car -1 -1 1.4871 722.5451 175.2219 758.4190 203.8906 1.4787 1.6086 3.8176 7.1211 1.6148 39.5164 1.6636 0.1030
Car -1 -1 1.6816 352.1044 213.6072 464.6396 315.4014 1.4409 1.6137 3.6943 -3.6729 2.3255 13.7167 1.4236 0.0943
Car -1 -1 3.1277 530.8527 177.1387 601.3072 203.6016 1.5563 1.6317 4.1822 -2.6383 1.8217 43.7176 3.0673 0.0883
Car -1 -1 4.0448 1002.5010 193.1173 1242.0000 370.7774 1.4698 1.6067 4.1525 6.6276 1.7686 8.5435 4.6871 0.0873
Car -1 -1 1.9502 194.2399 181.7171 288.6092 229.4815 1.4766 1.6267 3.7011 -12.5933 1.8063 24.9278 1.4863 0.0847
Car -1 -1 3.1343 643.6345 159.0977 716.2083 190.8721 1.5760 1.6238 3.5987 3.5692 0.8937 36.7558 3.2301 0.0843
Car -1 -1 1.7256 153.7127 170.2919 252.1393 235.4561 1.5066 1.6306 3.7165 -10.4046 1.4474 18.7071 1.2238 0.0793
Car -1 -1 1.3620 643.8289 178.9461 680.9010 202.9178 1.4708 1.6676 3.7846 3.4143 1.8868 47.2714 1.4331 0.0742
Car -1 -1 1.5886 541.9532 175.7711 572.0601 205.3089 1.6194 1.6659 4.1874 -3.0272 1.7983 42.1148 1.5168 0.0736
Car -1 -1 -0.2558 639.1525 170.4850 713.7990 199.0831 1.5503 1.6500 3.8525 3.7066 1.4219 40.2448 -0.1650 0.0730
Car -1 -1 1.7857 616.1279 170.9006 664.6629 203.7050 1.6528 1.7089 4.3434 1.7160 1.5544 38.6718 1.8292 0.0712
Car -1 -1 1.5231 633.2137 179.0733 658.4939 202.2244 1.5016 1.5575 3.6959 2.4646 1.9454 49.6410 1.5719 0.0702
Car -1 -1 1.7145 231.2322 182.8845 294.7429 230.3123 1.5495 1.5545 3.7602 -12.6179 1.9454 26.4551 1.2730 0.0658
Car -1 -1 2.0988 522.2311 181.9794 577.8447 208.0496 1.4903 1.6033 4.1022 -3.6526 2.0869 44.9800 2.0178 0.0656
Car -1 -1 1.8143 0.0000 216.0352 60.9416 375.0000 1.4015 1.5397 3.7655 -6.5341 1.9333 6.8649 1.0729 0.0636
Car -1 -1 0.4174 508.5708 178.0478 580.0278 204.7471 1.5129 1.6169 3.9031 -3.8661 1.8312 42.8204 0.3274 0.0634
Car -1 -1 1.8488 556.9880 177.4086 601.5942 204.0533 1.5161 1.6303 4.1863 -1.7906 1.8082 44.0436 1.8080 0.0633
Car -1 -1 1.6955 624.2860 177.3236 649.1114 196.5052 1.5688 1.6319 4.1852 2.3740 1.9679 62.2317 1.7331 0.0617
Car -1 -1 2.6178 886.8863 180.3857 1132.9141 259.1684 1.4763 1.5795 4.1077 7.9452 1.6370 14.5414 3.1086 0.0616
Car -1 -1 1.8371 567.6423 175.5920 596.0624 196.1008 1.7628 1.6106 3.7484 -2.4468 2.0154 64.5613 1.7990 0.0612
Car -1 -1 1.7074 568.2415 182.2996 595.1651 202.4872 1.4827 1.5879 4.0624 -2.1665 2.2571 57.0568 1.6691 0.0583
Car -1 -1 2.9629 143.2322 177.8978 276.3654 225.5925 1.5333 1.6169 3.8852 -14.0385 1.7241 25.4367 2.4628 0.0581
Car -1 -1 1.9088 129.9085 179.5143 269.1141 251.6669 1.5121 1.6654 4.0408 -9.8214 1.6946 17.6436 1.4069 0.0579
Car -1 -1 0.0743 235.4859 178.7557 349.7422 222.8322 1.5104 1.5928 3.7179 -11.5104 1.7378 26.4491 -0.3328 0.0570
Car -1 -1 4.4952 441.2377 213.2950 570.4568 317.3804 1.4438 1.6162 3.8028 -2.0989 2.3262 13.6779 4.3444 0.0563
Car -1 -1 4.2400 624.1755 173.9941 678.8591 200.5989 1.4668 1.5723 3.9042 2.3905 1.5366 42.0649 4.2959 0.0549
Car -1 -1 4.2731 0.0000 87.6676 65.3864 375.0000 1.5251 1.6322 3.8343 -4.2407 1.3660 2.3921 3.2643 0.0544
Car -1 -1 0.0781 522.0486 179.2349 593.4635 205.3357 1.5747 1.6438 4.3045 -3.1750 1.9781 44.7786 0.0072 0.0541
Car -1 -1 1.4951 498.4127 180.4093 531.0294 206.6066 1.4508 1.6300 4.2559 -5.7618 1.9299 43.5067 1.3638 0.0536
Car -1 -1 0.5207 0.0000 201.0262 52.1153 375.0000 1.4732 1.5904 4.0283 -8.2542 1.8062 7.1444 -0.3180 0.0535
Car -1 -1 2.8509 632.9667 175.3763 700.2355 199.2131 1.6028 1.7074 4.3475 3.9421 1.7824 50.0856 2.9286 0.0515
Car -1 -1 2.8560 74.5126 200.2711 434.5352 353.4973 1.4643 1.5752 3.9695 -4.4838 1.8964 9.4735 2.4239 0.0510
Car -1 -1 4.5730 645.2448 171.2165 683.5219 198.7870 1.4991 1.6479 3.8949 3.0826 1.4101 41.2300 4.6467 0.0508
Car -1 -1 2.9404 637.9147 179.3500 696.9446 202.3969 1.5016 1.5997 3.7181 3.8754 1.9484 48.6086 3.0189 0.0501