Car -1 -1 1.8415 389.5045 186.7624 503.1934 258.3840 1.4613 1.6492 4.0211 -3.8213 1.8397 17.5759 1.6298 0.9794
Car -1 -1 4.7096 607.1934 178.1199 647.2719 214.9188 1.4101 1.5658 3.6786 0.7281 1.6429 30.0355 4.7330 0.9208
Car -1 -1 1.6497 469.5519 182.0393 525.2670 230.7558 1.4605 1.5485 3.7278 -3.6980 1.7938 24.2673 1.4994 0.9010
Car -1 -1 4.3979 500.4758 182.3283 553.0197 213.7427 1.4334 1.5359 3.7219 -4.1988 1.9345 36.1487 4.2825 0.4682
Car -1 -1 3.3663 604.4982 176.3483 653.0131 194.8743 1.5232 1.6656 3.8317 1.6364 1.8253 61.0915 3.3925 0.2966
Car -1 -1 1.7847 535.4689 176.7754 569.2985 198.9249 1.4968 1.5852 4.0536 -4.0461 1.7888 51.6234 1.7065 0.2825
Car -1 -1 1.6165 635.4530 175.2739 655.5450 194.6627 1.5984 1.5458 3.9946 3.1179 1.8135 62.0606 1.6661 0.2150
Car -1 -1 1.7245 604.0223 174.6321 628.7630 192.4619 1.4882 1.5895 3.7581 0.6224 1.6473 62.6027 1.7341 0.1468
Car -1 -1 4.5444 420.0930 177.0448 457.4649 202.3486 1.4450 1.5949 3.8569 -10.4479 1.7125 43.9814 4.3122 0.1368
Car -1 -1 1.6764 463.3456 168.2097 498.5039 195.5071 1.4642 1.5551 3.7556 -7.1966 1.2151 40.6304 1.5019 0.1224
Car -1 -1 3.7987 509.8372 177.8398 566.0289 199.7134 1.4700 1.5574 3.7812 -5.0669 1.8332 50.9089 3.6996 0.0951
Car -1 -1 0.0911 602.4822 183.1349 658.4813 207.1169 1.5242 1.6439 3.5714 1.4085 2.2195 47.7689 0.1198 0.0819
Car -1 -1 1.3257 601.3066 176.2701 632.4667 194.6925 1.4473 1.7075 3.7406 0.5688 1.7383 59.4522 1.3349 0.0725
Car -1 -1 1.5182 554.7282 179.3399 577.6384 200.8941 1.5500 1.5426 3.8717 -3.3420 2.0634 55.1074 1.4575 0.0691
Car -1 -1 2.0047 630.5120 175.5112 666.5327 194.2596 1.5181 1.5686 3.8583 3.3320 1.7507 61.0850 2.0586 0.0690
Car -1 -1 1.6951 494.3714 173.4294 525.0284 196.7094 1.5488 1.5904 4.2937 -6.9108 1.5906 50.2655 1.5588 0.0675
Car -1 -1 5.0934 631.9092 171.9658 664.6423 189.5241 1.5931 1.6750 4.0616 3.6643 1.5125 67.6603 5.1470 0.0646
Car -1 -1 2.9231 562.1812 175.4595 612.2015 193.9357 1.5217 1.6609 3.9668 -1.9046 1.7470 61.0872 2.8917 0.0627
Car -1 -1 1.6865 514.1328 186.1556 555.7249 217.7932 1.4732 1.6795 4.0414 -3.8042 2.1990 37.3389 1.5850 0.0608
Car -1 -1 1.4051 591.7839 173.6271 616.9507 191.6928 1.5153 1.5634 3.9044 -0.4827 1.5847 62.7532 1.3971 0.0587
Car -1 -1 -0.3806 508.2296 175.3852 715.3277 256.8220 1.4788 1.5594 3.9013 0.0446 1.5352 14.6381 -0.3787 0.0573
Car -1 -1 1.6970 629.7990 174.5329 655.4326 194.7811 1.5812 1.6212 3.7682 2.7185 1.7223 58.6709 1.7427 0.0507