Car -1 -1 -0.3924 686.0612 168.7045 893.9093 245.4644 1.5384 1.6672 4.0281 3.8274 1.4553 15.5993 -0.1569 0.9619
Car -1 -1 0.3133 119.1339 173.8880 329.2363 250.7841 1.5992 1.6366 3.8258 -8.4648 1.6239 16.1534 -0.1630 0.9129
Car -1 -1 -0.1938 634.7911 167.6077 741.8582 209.2142 1.4585 1.5525 3.6350 2.8176 1.2746 26.2270 -0.0885 0.9097
Car -1 -1 3.7699 0.0000 199.6157 157.7047 360.3883 1.4797 1.5617 3.6635 -7.3058 1.8091 7.9204 3.0415 0.9092
Car -1 -1 3.6477 0.0000 188.9531 219.7881 310.1400 1.5071 1.5768 3.5483 -7.7411 1.7584 10.2508 3.0131 0.8829
Car -1 -1 3.3047 301.8800 170.5174 418.8026 213.2628 1.5098 1.6262 3.8560 -9.0976 1.4273 26.6014 2.9779 0.8765
Car -1 -1 3.4366 180.1491 187.8342 363.9941 248.6022 1.4407 1.4377 4.0400 -8.5601 1.8465 18.5677 3.0096 0.7608
Car -1 -1 0.3418 229.8941 177.7363 391.9377 229.2808 1.4504 1.5220 4.1525 -8.7260 1.6003 21.3129 -0.0429 0.7347
Car -1 -1 4.4614 444.9734 167.0681 474.6069 186.1054 1.6394 1.6765 3.8658 -13.3627 1.1412 64.2416 4.2570 0.6309
Car -1 -1 5.0205 869.3690 163.2647 916.1009 187.9614 1.5340 1.6613 4.1323 18.4598 0.9384 46.9467 5.3928 0.3141
Car -1 -1 3.1500 638.9033 151.7282 705.4133 173.9583 1.4572 1.6100 4.3626 4.1876 0.0724 48.3053 3.2359 0.2010
Car -1 -1 -0.1241 630.4752 168.0763 731.0714 207.7043 1.5226 1.4824 3.7995 2.7669 1.3390 28.5189 -0.0289 0.1905
Car -1 -1 4.6613 634.5993 168.2186 676.4138 206.7043 1.4773 1.5217 3.3181 1.8216 1.2994 29.3635 4.7221 0.1797
Car -1 -1 1.4213 298.7859 162.4632 341.3364 191.9194 1.6125 1.6807 4.2098 -16.7880 1.0437 41.7397 1.0409 0.1790
Car -1 -1 4.8037 224.6497 167.2089 251.4717 187.8817 1.7619 1.7240 4.1898 -32.7855 1.2808 63.7589 4.3303 0.1628
Car -1 -1 -0.4393 819.6635 166.6631 899.3055 195.8022 1.5210 1.5973 3.7049 13.3578 1.1978 38.6584 -0.1093 0.1418
Car -1 -1 2.0462 209.9459 180.9655 331.1909 237.8041 1.4479 1.5563 3.8600 -9.6625 1.7049 20.9048 1.6177 0.1186
Car -1 -1 4.6308 689.0640 150.7229 726.9114 182.6349 1.5674 1.6288 3.8089 5.0486 0.4804 37.3832 4.7639 0.1135
Car -1 -1 1.8399 633.3317 151.1061 673.1448 175.2372 1.5703 1.6596 4.1667 3.0249 0.1551 49.1933 1.9008 0.1098
Car -1 -1 3.5047 179.3054 177.7749 340.0309 230.3391 1.4541 1.5456 3.9282 -10.1099 1.6041 21.0613 3.0617 0.1011
Car -1 -1 4.8825 371.6074 165.0710 424.0393 201.4246 1.5517 1.6643 3.7164 -9.5360 1.2195 32.7360 4.6010 0.0976
Car -1 -1 0.3646 665.9282 151.0016 754.6381 182.5981 1.5239 1.6320 4.1356 5.0795 0.4700 36.5098 0.5016 0.0947
Car -1 -1 4.6778 206.7595 161.6505 232.7327 184.2397 1.8053 1.7543 4.4516 -32.4573 0.9099 60.0286 4.1839 0.0889
Car -1 -1 1.4000 279.4103 168.2106 339.1482 207.4560 1.5268 1.6288 4.2060 -12.6586 1.3462 30.2837 1.0070 0.0823
Car -1 -1 4.4300 658.6412 152.1335 697.9674 176.2111 1.5716 1.6608 3.8238 4.6340 0.2191 49.1305 4.5234 0.0804
Car -1 -1 1.6240 869.4642 163.4603 899.1025 188.2034 1.5068 1.5729 3.7880 17.5397 0.9347 45.9900 1.9860 0.0791
Car -1 -1 1.7103 94.1455 174.1118 150.2700 208.8002 1.5030 1.6127 3.9223 -22.5675 1.5652 33.5337 1.1215 0.0789
Car -1 -1 0.0413 579.0074 168.5924 661.9687 207.2673 1.4880 1.5753 3.2048 0.4613 1.3241 28.6388 0.0568 0.0760
Car -1 -1 4.7220 315.9468 167.4418 339.4484 189.1149 1.6211 1.6463 3.9976 -21.8968 1.2163 56.1288 4.3515 0.0751
Car -1 -1 -0.2059 661.2490 152.5759 729.8015 176.8201 1.5953 1.6857 4.3221 5.7489 0.2610 48.5104 -0.0888 0.0735
Car -1 -1 4.9406 803.5540 164.9156 836.6129 185.6881 1.6190 1.6770 4.1626 17.0902 1.0003 58.4634 5.2235 0.0734
Car -1 -1 4.1712 421.7261 171.8180 466.2325 190.4773 1.6170 1.7757 4.6090 -14.9030 1.5272 64.8016 3.9458 0.0720
Car -1 -1 0.4351 252.9370 162.8039 338.6938 191.1765 1.5614 1.6603 4.1085 -17.6065 1.0083 40.5963 0.0281 0.0719
Car -1 -1 3.5833 70.6361 168.8365 175.1163 201.1521 1.4964 1.5867 3.8289 -23.1766 1.3103 34.4750 2.9949 0.0717
Car -1 -1 4.5041 282.8036 169.0023 314.5411 188.0307 1.5218 1.6218 4.0310 -25.8004 1.2138 59.8199 4.0983 0.0714
Car -1 -1 1.6070 234.0406 165.6716 262.1071 189.3196 1.6532 1.6703 4.2460 -26.3679 1.1511 52.7197 1.1451 0.0694
Car -1 -1 4.6727 305.4691 163.6555 339.7922 192.5967 1.5407 1.6420 3.9427 -16.1583 1.0510 40.5453 4.2955 0.0678
Car -1 -1 0.4813 102.0997 179.6799 213.0260 212.9041 1.4540 1.6139 3.9982 -20.5488 1.7745 32.9195 -0.0733 0.0658
Car -1 -1 4.8308 844.0392 166.7341 890.1070 200.3143 1.4934 1.6137 3.9009 12.2481 1.2212 34.1941 5.1717 0.0647
Car -1 -1 3.2920 25.8557 180.7055 141.4344 216.6214 1.4842 1.6346 3.9560 -23.3089 1.8519 32.1580 2.6686 0.0645
Car -1 -1 1.6133 814.2584 163.3466 856.0712 200.1408 1.5284 1.6185 3.7841 10.0574 1.1335 32.0261 1.9146 0.0642
Car -1 -1 -0.0009 330.9880 169.8010 426.0735 206.5964 1.5440 1.6465 3.8736 -10.0929 1.4159 31.6486 -0.3075 0.0640
Car -1 -1 4.8500 368.7746 170.4219 421.7262 209.0153 1.5532 1.6418 3.9978 -9.1708 1.4553 31.1355 4.5655 0.0637
Car -1 -1 1.9406 255.3916 176.7867 358.9392 229.0399 1.4217 1.5225 4.0311 -9.0598 1.5524 21.9648 1.5533 0.0619
Car -1 -1 4.9137 286.0754 184.8428 378.6989 245.1714 1.4377 1.6144 3.9668 -7.5904 1.8064 20.1077 4.5567 0.0613
Car -1 -1 4.3275 610.9088 151.1681 673.0864 185.2024 1.4891 1.6135 3.6980 1.4464 0.5403 33.5820 4.3699 0.0613
Car -1 -1 3.6494 289.4182 164.7156 363.7327 189.7167 1.6271 1.6589 4.3538 -18.8277 1.0974 48.0749 3.2778 0.0610
Car -1 -1 4.8973 284.2633 166.1075 340.2008 202.0251 1.5101 1.6341 3.7909 -13.2553 1.2265 32.3572 4.5111 0.0604
Car -1 -1 4.9369 322.0679 163.5151 361.6223 189.4732 1.6918 1.6970 3.8520 -18.1421 1.0832 49.0453 4.5842 0.0599
Car -1 -1 -0.1657 277.0372 162.0791 334.7202 182.5193 1.7838 1.7103 4.5645 -27.2987 0.8435 64.9080 -0.5626 0.0599
Car -1 -1 4.3829 813.8383 166.7357 859.8201 195.5562 1.5103 1.4983 2.9800 12.3385 1.1897 39.3210 4.6846 0.0593
Car -1 -1 4.8261 126.0226 165.9781 174.6580 199.2865 1.5466 1.5908 3.7326 -22.5437 1.2273 35.5286 4.2639 0.0592
Car -1 -1 4.5984 794.9254 171.1592 828.0815 196.3624 1.4402 1.5177 3.3990 12.0011 1.3433 43.0270 4.8683 0.0587
Car -1 -1 5.1392 230.4091 166.1675 271.9529 186.9018 1.7741 1.7231 4.1466 -31.6467 1.2020 63.8372 4.6804 0.0546
Car -1 -1 4.7160 366.7872 170.4665 415.1344 214.7518 1.5862 1.6726 4.5010 -8.5322 1.5007 28.2399 4.4248 0.0536
Car -1 -1 3.5610 546.8580 170.0650 652.4647 208.3964 1.4585 1.6242 3.9182 -0.3993 1.3524 28.9725 3.5468 0.0535
Car -1 -1 1.9484 256.2519 177.9513 365.4069 234.4974 1.4587 1.5165 4.0524 -8.5446 1.6215 21.0091 1.5661 0.0532
Car -1 -1 3.4470 238.2663 169.9515 347.4204 206.1404 1.5132 1.5793 4.0270 -13.6040 1.3918 31.1635 3.0383 0.0531
Car -1 -1 5.2272 209.0465 161.0034 257.5702 183.0270 1.7715 1.7403 4.1954 -31.3042 0.8183 60.1653 4.7491 0.0524
Car -1 -1 4.8202 201.7096 159.3436 245.1488 190.5575 1.5733 1.6130 3.9480 -20.5389 0.8923 38.4998 4.3329 0.0516
Car -1 -1 2.7962 125.9893 179.7349 237.8068 213.9947 1.4392 1.6096 4.1336 -19.6297 1.7765 33.2587 2.2663 0.0509
Car -1 -1 5.0548 390.6454 167.3584 452.4000 203.0377 1.5442 1.5972 3.6573 -8.5570 1.3064 33.1223 4.8036 0.0508
Car -1 -1 3.2291 301.5205 168.2296 412.1738 207.5610 1.5460 1.6455 4.1584 -10.2891 1.3642 29.6619 2.8977 0.0507
Car -1 -1 2.0020 73.7695 183.4140 159.0022 219.5200 1.4511 1.6498 3.8989 -21.9282 1.9534 32.2598 1.4086 0.0506
Car -1 -1 0.0517 789.8715 160.6345 907.1922 203.6741 1.4904 1.5778 3.9711 8.7365 1.0672 26.4344 0.3673 0.0504