Car -1 -1 0.7587 23.8706 183.8557 247.6862 259.6396 1.4777 1.6596 4.0259 -10.1798 1.7338 15.6068 0.1882 0.9845
Car -1 -1 -0.3125 884.7592 182.8593 1218.9829 292.0414 1.6318 1.6999 4.5614 7.2537 1.8207 12.3251 0.2081 0.9678
Car -1 -1 2.1524 25.5809 179.5319 86.3695 203.5910 1.5562 1.5718 3.6267 -37.9523 2.0322 49.5691 1.5014 0.3015
Car -1 -1 4.7029 955.6110 167.2778 989.4303 196.1716 1.4686 1.5499 3.8080 19.4432 1.1852 38.7247 5.1649 0.2402
Car -1 -1 1.8097 238.9351 171.5287 269.0090 189.5269 1.6470 1.6544 3.9451 -33.5331 1.5257 68.1324 1.3536 0.2358
Car -1 -1 1.6619 232.0499 180.4441 259.2306 200.5870 1.4965 1.5706 3.8987 -28.8556 2.1212 57.2900 1.1970 0.2053
Car -1 -1 1.6476 0.0000 189.7968 42.6500 236.4028 1.4549 1.6335 3.8052 -21.6167 2.1136 26.0248 0.9594 0.1496
Car -1 -1 3.9293 26.6352 165.1244 175.9880 212.5948 1.4343 1.5870 3.9228 -16.1105 1.2008 22.9342 3.3223 0.1424
Car -1 -1 4.9256 20.9670 173.7126 75.8351 204.0589 1.5880 1.6128 3.8115 -30.9846 1.6380 39.9410 4.2690 0.1405
Car -1 -1 0.6825 1019.5147 167.3688 1109.8889 197.5543 1.5049 1.6371 3.8574 23.9123 1.2315 38.0629 1.2397 0.1311
Car -1 -1 4.8299 13.0379 175.8123 65.5865 210.7007 1.5255 1.5312 3.3080 -26.5422 1.6710 33.6674 4.1660 0.1273
Car -1 -1 1.1378 184.0666 177.4175 224.2597 195.7711 1.5150 1.6046 3.7345 -34.9443 1.9193 62.1729 0.6274 0.1251
Car -1 -1 4.5139 945.1772 166.1485 992.5932 195.6756 1.4704 1.5573 3.4626 18.7652 1.1365 37.8047 4.9713 0.1211
Car -1 -1 4.8529 74.7466 167.7611 116.7428 195.3567 1.6593 1.6318 3.7562 -32.2901 1.3530 45.4277 4.2375 0.1141
Car -1 -1 4.7264 240.1898 177.9072 260.9394 195.4974 1.4787 1.5856 3.9444 -31.8094 1.9417 63.9946 4.2665 0.1100
Car -1 -1 5.1598 97.1505 164.1706 207.5452 212.0116 1.4532 1.6094 3.7143 -14.9654 1.1895 23.8507 4.6043 0.1069
Car -1 -1 4.6339 992.7305 169.1108 1035.1116 199.1294 1.4494 1.5753 3.8671 20.6313 1.2686 36.9235 5.1398 0.0983
Car -1 -1 5.0685 214.2652 169.1358 258.0584 193.4672 1.6622 1.6004 3.5859 -26.4223 1.4082 51.1672 4.5938 0.0978
Car -1 -1 1.6611 0.0000 187.9774 63.3046 229.5713 1.4501 1.6544 4.2413 -23.1746 2.1047 29.0031 0.9913 0.0890
Car -1 -1 0.9342 1046.3795 177.3708 1132.4459 208.9629 1.4873 1.5786 3.9498 24.1999 1.7288 36.5613 1.5148 0.0869
Car -1 -1 1.6688 844.1688 184.4793 889.7517 220.3183 1.4413 1.5606 4.0161 11.6626 2.0005 32.5605 2.0092 0.0857
Car -1 -1 4.7463 926.6231 167.6209 968.3259 201.1679 1.4155 1.5840 3.7450 15.2461 1.1947 32.4735 5.1815 0.0853
Car -1 -1 4.7239 50.4538 163.4473 111.8089 209.8285 1.4698 1.6006 3.8488 -18.1730 1.1717 24.8999 4.0984 0.0800
Car -1 -1 4.6638 879.6821 179.0099 924.3904 215.0757 1.4584 1.6238 4.2103 12.9831 1.7524 32.2015 5.0434 0.0761
Car -1 -1 3.6886 180.3570 169.0228 250.5388 192.1765 1.5832 1.6383 4.0272 -27.4147 1.3212 50.2547 3.1912 0.0711
Car -1 -1 4.6854 106.7038 164.6566 143.6342 194.5578 1.6641 1.6973 4.1408 -28.4521 1.2079 42.3359 4.0965 0.0704
Car -1 -1 1.6168 7.2157 181.0998 59.6464 219.4862 1.5314 1.5968 4.2078 -25.3882 1.9208 31.8949 0.9485 0.0684
Car -1 -1 1.2748 984.8398 165.0221 1050.6433 197.6417 1.5046 1.6472 4.1882 19.9827 1.1433 35.5022 1.7837 0.0662
Car -1 -1 1.6832 14.5654 193.3549 86.3049 239.0709 1.4573 1.6569 4.0900 -20.9189 2.2902 27.1353 1.0310 0.0652
Car -1 -1 0.1144 102.1531 165.1009 194.3152 194.2805 1.6348 1.7179 4.3625 -26.8367 1.2004 42.1460 -0.4499 0.0649
Car -1 -1 1.6529 852.2780 181.9659 893.3370 215.9007 1.5122 1.5808 4.0035 12.9785 1.9871 35.4567 2.0006 0.0624
Car -1 -1 1.0268 1196.8842 173.5974 1242.0000 211.2789 1.5420 1.6517 3.9819 27.9959 1.5769 31.7143 1.7451 0.0611
Car -1 -1 3.8459 891.6005 173.5936 977.4216 203.0077 1.4936 1.6355 4.1472 17.4622 1.5358 38.9738 4.2639 0.0595
Car -1 -1 1.2153 924.6989 164.7244 989.4626 196.6620 1.5516 1.6747 4.0718 17.8013 1.1566 37.1555 1.6587 0.0584
Car -1 -1 4.2058 223.6056 173.7835 263.8188 190.7412 1.5297 1.6104 3.9757 -34.0180 1.6184 67.0669 3.7378 0.0574
Car -1 -1 3.8363 31.0508 167.1575 114.7386 193.5850 1.5942 1.6480 4.0190 -33.0311 1.2505 44.4648 3.2002 0.0566
Car -1 -1 2.4344 1123.7104 173.8922 1233.1283 206.9317 1.5309 1.6470 3.9915 27.0680 1.5818 34.4034 3.0966 0.0561
Car -1 -1 1.0906 1142.4247 173.4530 1230.9652 207.4957 1.5359 1.6368 4.0269 27.6720 1.5665 34.7591 1.7585 0.0556
Car -1 -1 1.7723 195.7014 180.1290 231.0257 200.5881 1.4685 1.6134 3.9394 -30.3769 2.0486 55.4158 1.2727 0.0554
Car -1 -1 5.0354 130.9972 165.4760 190.3442 196.2084 1.7449 1.7586 4.2097 -26.7938 1.3260 43.2167 4.4830 0.0548
Car -1 -1 3.4434 875.7296 180.8079 950.7559 209.2237 1.4745 1.5926 3.5374 16.8768 1.9365 40.1632 3.8381 0.0516
Car -1 -1 -1.0075 1198.5052 170.0632 1242.0000 204.1244 1.5002 1.6409 3.9469 29.3497 1.3773 33.1259 -0.2871 0.0510
Car -1 -1 0.5541 221.3254 178.3835 274.5681 195.7218 1.4783 1.5767 3.9209 -31.6009 1.9693 63.0989 0.0913 0.0505
Car -1 -1 2.7323 950.5105 168.4730 1046.8547 197.2536 1.4630 1.5981 4.1297 20.2349 1.2403 37.6400 3.2220 0.0501
Car -1 -1 1.4431 1193.6672 195.6826 1242.0000 305.6178 1.4914 1.6498 4.1507 11.6994 1.9676 12.8731 2.1686 0.0501