Car -1 -1 4.4996 512.1572 187.2683 605.2976 253.2343 1.4284 1.6342 3.6046 -1.3957 1.8360 18.4407 4.4242 0.9729
Car -1 -1 4.7637 297.9408 184.6321 354.9930 234.8049 1.6071 1.7073 4.3463 -10.3198 2.0784 26.5376 4.3958 0.8983
Car -1 -1 1.7601 0.0000 145.7802 280.1351 375.0000 1.9677 1.7617 4.5243 -4.8775 1.7553 8.0874 1.2313 0.8758
Car -1 -1 4.5550 471.2972 184.1134 525.7438 226.2385 1.5154 1.5970 3.7382 -4.5302 2.0004 29.0614 4.4011 0.8252
Car -1 -1 4.5766 493.7007 182.3132 554.6479 232.4960 1.5329 1.5962 3.5722 -2.9871 1.8820 24.6974 4.4568 0.7766
Car -1 -1 4.6794 453.0225 181.4314 483.2683 209.2631 1.4816 1.5906 3.7086 -8.1910 1.9999 41.6187 4.4859 0.7289
Car -1 -1 5.0071 83.9727 159.5637 138.4074 188.6302 1.7091 1.6479 4.0593 -30.7303 0.9276 44.6105 4.4065 0.1866
Car -1 -1 3.5786 278.8344 178.8983 375.3955 214.4732 1.6039 1.5995 3.8993 -13.1768 1.8946 33.7757 3.2090 0.1837
Car -1 -1 4.7241 430.4954 178.4753 448.8977 195.5366 1.4763 1.5851 3.7317 -15.4515 2.0041 65.7425 4.4938 0.1732
Car -1 -1 4.4415 579.7175 174.9409 654.0351 217.5662 1.4713 1.7411 4.2180 0.1847 1.5571 27.3905 4.4475 0.1618
Car -1 -1 0.1605 280.6600 159.4463 375.2802 190.2255 1.4698 1.6631 4.1439 -13.8494 0.8295 35.6956 -0.2072 0.1467
Car -1 -1 2.8906 527.9098 179.0058 607.7526 210.4596 1.5217 1.4965 3.8020 -2.1301 1.8457 36.7038 2.8325 0.1436
Car -1 -1 1.5242 329.2291 172.3255 369.7904 205.5237 1.5064 1.6646 4.0403 -12.6312 1.4824 34.9259 1.1793 0.1297
Car -1 -1 3.3553 401.7404 179.4925 450.6730 196.9189 1.5221 1.6614 3.9838 -16.3864 2.1247 64.6043 3.1075 0.1179
Car -1 -1 5.0266 0.0000 109.2964 55.0780 219.5511 2.0918 1.6504 4.2290 -13.9533 0.8860 15.9586 4.3164 0.1090
Car -1 -1 1.6751 318.9557 159.0657 363.8993 190.6568 1.4854 1.6790 4.0633 -13.3477 0.8371 36.1008 1.3232 0.0799
Car -1 -1 0.9917 234.6553 190.7795 295.8157 216.6278 1.4821 1.6562 3.8257 -21.6959 2.6533 45.4384 0.5481 0.0789
Car -1 -1 1.8868 267.9476 189.3804 314.8289 215.1955 1.4997 1.6195 3.9194 -20.4573 2.6122 46.5419 1.4745 0.0788
Car -1 -1 4.8713 181.7162 149.4853 235.1427 184.5342 1.6351 1.7228 3.7575 -19.7822 0.5449 35.7206 4.3686 0.0778
Car -1 -1 4.6684 518.9870 171.1798 549.1730 198.0472 1.5307 1.6221 3.9562 -4.5559 1.4353 43.1844 4.5636 0.0752
Car -1 -1 0.5605 136.8561 149.7664 242.5334 182.4377 1.5800 1.6605 4.3136 -20.7800 0.4635 35.8047 0.0377 0.0708
Car -1 -1 4.1867 262.8478 184.4919 304.1274 202.4662 1.5184 1.6305 3.9607 -29.4436 2.5981 65.1224 3.7633 0.0704
Car -1 -1 5.0225 112.7167 157.2834 165.5255 187.3244 1.7932 1.6800 3.7828 -29.3395 0.8638 45.1144 4.4485 0.0690
Car -1 -1 -0.1618 498.1579 184.7704 615.1673 233.6706 1.4989 1.6298 3.6545 -1.7840 1.9143 23.9318 -0.2362 0.0675
Car -1 -1 1.9857 0.0000 172.6696 101.3995 239.7230 1.5714 1.6413 4.1295 -15.2911 1.5671 19.1136 1.3176 0.0658
Car -1 -1 1.6990 418.1044 178.5841 442.1941 196.0500 1.4878 1.6052 3.9548 -16.0953 2.0193 64.8688 1.4564 0.0642
Car -1 -1 4.8434 263.9914 171.0153 294.1965 196.5156 1.9644 1.6889 3.9349 -26.3877 1.8228 57.7121 4.4161 0.0634
Car -1 -1 4.6196 302.2326 176.5466 347.0837 213.0721 1.5975 1.6211 3.9036 -13.5036 1.7827 34.0906 4.2448 0.0631
Car -1 -1 3.5192 273.1595 170.6295 375.8145 204.5418 1.5933 1.6090 4.3039 -13.6592 1.4888 34.7152 3.1467 0.0589
Car -1 -1 1.5777 269.3016 178.6758 292.9527 202.7019 1.7372 1.5968 3.9262 -25.1535 2.2005 55.3137 1.1525 0.0571
Car -1 -1 1.4565 431.0381 178.4005 456.1969 198.1498 1.5981 1.6513 4.0286 -14.2371 2.0897 61.7817 1.2306 0.0568
Car -1 -1 0.7357 352.9395 191.8908 412.4243 216.6243 1.4588 1.7582 3.3274 -14.5713 2.7213 46.3544 0.4323 0.0549
Car -1 -1 2.0798 0.0000 182.9595 249.2341 303.4050 1.4957 1.5613 3.6215 -7.1610 1.6774 11.1198 1.5182 0.0545
Car -1 -1 1.7313 262.6762 181.9669 297.2050 206.4253 1.6428 1.6364 4.0689 -23.8236 2.3304 52.2641 1.3053 0.0518
Car -1 -1 0.0179 243.9021 190.6648 352.4656 233.9157 1.5025 1.6485 3.7266 -11.8946 2.2232 27.7329 -0.3843 0.0517
Car -1 -1 4.1722 268.0074 182.3324 307.3261 200.5955 1.6236 1.6181 3.8630 -30.2391 2.5369 67.7552 3.7536 0.0515
Car -1 -1 3.3588 113.1579 152.3744 223.1343 189.0576 1.6949 1.6823 4.2604 -21.1869 0.7487 34.8166 2.8154 0.0515
Car -1 -1 1.6009 419.2626 178.1706 439.3241 197.0199 1.5663 1.5807 4.1915 -15.8141 2.0499 63.4214 1.3572 0.0513
Car -1 -1 2.3013 517.3339 171.8868 582.8210 198.4459 1.4912 1.6051 3.9769 -3.4603 1.4369 42.5798 2.2203 0.0507
Car -1 -1 4.9053 0.0000 224.6696 42.6548 364.4435 1.4532 1.6133 3.8728 -10.0833 2.4010 11.1205 4.1806 0.0503