Car -1 -1 4.4654 704.9991 174.4833 844.0569 272.9818 1.4758 1.5300 3.3990 2.7194 1.5082 12.5969 4.6722 0.9693
Car -1 -1 4.6268 659.2905 181.5074 711.2911 223.1745 1.3778 1.5812 3.4992 2.7023 1.7149 26.3510 4.7271 0.9341
Car -1 -1 0.5606 43.0516 181.3409 370.6882 286.2663 1.4791 1.6113 4.2923 -6.1484 1.6230 11.2818 0.0710 0.9197
Car -1 -1 -0.1711 703.6031 170.4058 796.4813 205.9406 1.5116 1.6061 3.7616 6.0850 1.4075 31.5296 0.0173 0.8782
Car -1 -1 4.1029 858.0193 196.5621 1242.0000 375.0000 1.3727 1.5884 3.9241 2.7864 1.5614 3.7713 4.7017 0.8717
Car -1 -1 0.2537 366.5237 175.5371 499.9282 220.6451 1.4403 1.5253 4.0432 -5.7822 1.5323 23.9345 0.0186 0.8549
Car -1 -1 0.2844 322.6443 185.3882 474.5503 237.3946 1.4776 1.5684 4.1037 -6.2576 1.8680 21.6803 0.0060 0.8457
Car -1 -1 0.5100 162.2114 179.9014 409.5687 262.1939 1.4588 1.5957 4.1211 -6.1632 1.6049 13.9632 0.1009 0.8233
Car -1 -1 3.5070 200.9629 156.0172 397.9798 221.0842 1.3930 1.5879 3.7679 -6.8871 1.0325 16.2950 3.1127 0.7907
Car -1 -1 0.3140 395.3255 170.7172 509.9685 209.7215 1.4982 1.5217 4.1883 -6.1956 1.4161 28.6874 0.1028 0.6683
Car -1 -1 3.7428 404.1281 168.5142 494.5718 202.7944 1.4435 1.5759 3.6387 -7.0570 1.2608 31.7965 3.5258 0.4254
Car -1 -1 0.1257 442.9483 159.0175 520.3550 183.1869 1.4210 1.5958 4.4091 -7.6315 0.6075 43.3228 -0.0478 0.4174
Car -1 -1 3.6704 0.0000 163.9809 257.9121 348.2295 1.4423 1.4839 3.5388 -5.3530 1.3729 6.6168 3.0096 0.4048
Car -1 -1 0.5145 251.4630 180.8253 421.0296 240.6592 1.4651 1.5955 3.9133 -7.1626 1.6877 19.0574 0.1591 0.3760
Car -1 -1 4.6395 626.9567 174.3701 649.4544 193.3365 1.5202 1.5956 3.7884 2.3554 1.6504 60.0599 4.6781 0.3731
Car -1 -1 1.6752 478.4914 171.4787 518.5046 204.4491 1.4917 1.5184 3.5613 -5.2537 1.4295 34.4590 1.5247 0.3367
Car -1 -1 4.6977 437.1321 162.9242 457.0500 182.5605 1.7061 1.6885 4.0883 -14.6327 0.8433 64.8757 4.4765 0.2665
Car -1 -1 3.2705 427.7600 172.3378 516.6216 203.3391 1.4026 1.5412 3.8874 -6.3285 1.3793 33.5252 3.0850 0.2605
Car -1 -1 0.4606 370.1544 172.1605 484.3988 213.8075 1.4675 1.5584 3.7848 -6.6898 1.4431 26.5919 0.2161 0.2572
Car -1 -1 1.2398 655.2185 168.2772 702.8831 195.4734 1.6404 1.7375 4.1787 4.3465 1.3644 45.7569 1.3336 0.2321
Car -1 -1 5.0915 0.0000 159.6350 320.1844 330.6707 1.4066 1.5853 3.8752 -4.5444 1.2979 7.9556 4.5864 0.2182
Car -1 -1 0.1955 495.7141 169.1171 554.8879 189.4755 1.5140 1.6598 4.2090 -6.3552 1.2361 54.6533 0.0800 0.1917
Car -1 -1 3.2755 659.5425 172.0111 722.2734 198.5049 1.6782 1.6880 3.8701 5.3134 1.6248 46.9936 3.3870 0.1484
Car -1 -1 3.5976 708.2377 162.0825 770.0082 182.6202 1.5491 1.6827 4.4691 10.1040 0.7366 56.4219 3.7737 0.1470
Car -1 -1 1.6267 353.2700 157.7637 378.9844 180.6077 1.6301 1.5909 3.7865 -18.0217 0.5533 53.5241 1.3033 0.1399
Car -1 -1 4.8070 531.4193 170.1511 555.9984 190.3190 1.5805 1.6264 3.8275 -5.3029 1.3687 58.4619 4.7167 0.1364
Car -1 -1 1.9194 453.4722 170.0203 514.9232 202.8482 1.4122 1.5681 3.7731 -5.6665 1.2903 33.0352 1.7505 0.1317
Car -1 -1 1.8215 513.5994 175.7214 550.7969 201.2928 1.5810 1.5230 3.7532 -4.9963 1.7757 47.0196 1.7158 0.1232
Car -1 -1 3.3314 530.5272 167.9524 578.1691 184.0784 1.4948 1.6275 4.2413 -5.1795 1.0405 67.9339 3.2554 0.1227
Car -1 -1 1.7740 92.9560 183.1587 152.8537 219.1335 1.4666 1.4936 3.7835 -21.9123 1.9614 32.6134 1.1859 0.1140
Car -1 -1 3.3238 509.6131 168.0003 563.6225 187.0559 1.4865 1.6405 4.0339 -5.7649 1.1078 57.2677 3.2237 0.1138
Car -1 -1 3.6189 212.3058 155.8041 306.3867 188.8053 1.5845 1.6181 3.8540 -17.1857 0.7659 35.5083 3.1710 0.1113
Car -1 -1 5.2803 353.3828 163.0354 398.3855 187.1286 1.9112 1.7622 3.7700 -19.1492 1.1323 59.2825 4.9690 0.1091
Car -1 -1 4.7053 176.9706 166.2246 215.1228 198.0179 1.5084 1.5888 3.6300 -20.7455 1.1939 36.2024 4.1879 0.1060
Car -1 -1 -0.0629 609.2264 173.6248 657.7200 192.7940 1.5402 1.5620 3.8635 1.9273 1.6040 58.8825 -0.0307 0.0940
Car -1 -1 1.3104 328.8374 180.2709 425.4723 239.9276 1.4422 1.5566 4.1172 -6.5713 1.6712 20.1296 0.9982 0.0935
Car -1 -1 1.5841 656.3439 174.4267 673.4893 190.3293 1.4451 1.5605 4.2686 5.2567 1.5986 68.1982 1.6604 0.0930
Car -1 -1 4.5897 511.6029 169.7369 539.2527 189.5832 1.4681 1.6452 3.9008 -6.4999 1.2375 55.4655 4.4734 0.0908
Car -1 -1 5.0413 249.9560 153.4683 310.3459 186.2712 1.5668 1.6571 3.6781 -16.5261 0.6409 36.3739 4.6174 0.0901
Car -1 -1 3.3762 449.2074 172.8779 528.1857 198.9874 1.4463 1.6200 4.1543 -6.8190 1.4477 40.9249 3.2118 0.0870
Car -1 -1 3.1853 420.7987 165.0867 467.6242 182.0576 1.4726 1.5904 3.9649 -14.5711 0.7986 63.7456 2.9613 0.0859
Car -1 -1 1.7287 442.4151 171.3224 491.0389 204.4203 1.4342 1.5640 4.1226 -6.5318 1.3678 33.3517 1.5364 0.0798
Car -1 -1 0.3453 459.6832 170.0504 541.2197 202.8713 1.4912 1.5100 3.4774 -5.0979 1.3638 33.8626 0.1967 0.0770
Car -1 -1 4.8859 761.1321 171.1066 789.6635 191.6275 1.6250 1.6306 3.9485 13.6533 1.4867 59.2740 5.1108 0.0766
Car -1 -1 1.7862 489.6234 169.6854 532.4124 197.2816 1.5157 1.6384 3.9343 -5.6330 1.3417 41.6568 1.6522 0.0740
Car -1 -1 3.5068 343.4897 155.7036 404.9675 177.4056 1.5672 1.6216 3.9778 -17.2622 0.3287 53.0193 3.1934 0.0736
Car -1 -1 1.7993 81.6272 187.6551 151.4311 226.1784 1.4637 1.5886 4.1138 -21.2910 2.1513 31.3150 1.2059 0.0715
Car -1 -1 4.6756 625.2053 173.2743 647.0378 193.3218 1.5515 1.5981 4.1329 2.1037 1.5864 57.9932 4.7113 0.0709
Car -1 -1 5.0783 487.1985 172.6299 546.2451 205.0889 1.4807 1.5419 3.8914 -4.4318 1.4704 34.9870 4.9528 0.0692
Car -1 -1 1.7782 508.7838 174.1874 546.3826 199.9555 1.5035 1.5722 3.6144 -4.9730 1.5886 44.1671 1.6663 0.0656
Car -1 -1 2.4040 670.2761 166.4674 735.9005 194.7358 1.7159 1.7289 3.9938 5.9370 1.3282 45.6496 2.5322 0.0646
Car -1 -1 1.4179 397.2596 169.7363 454.5407 211.0079 1.4697 1.5729 3.8128 -7.1223 1.3586 27.7555 1.1686 0.0632
Car -1 -1 0.7520 0.0000 0.0000 1242.0000 375.0000 1.5418 1.6085 4.2480 2.7412 1.6175 2.1115 1.6005 0.0631
Car -1 -1 -0.0942 469.8715 167.2964 544.7335 193.0575 1.4922 1.6366 4.2917 -6.1220 1.1703 43.0890 -0.2348 0.0622
Car -1 -1 4.1751 111.4959 167.5998 181.5573 194.3559 1.6204 1.7023 4.4129 -29.1766 1.3022 45.4482 3.6069 0.0613
Car -1 -1 5.0659 270.1793 142.9800 355.4574 188.9035 1.5641 1.6813 3.7418 -10.7738 0.5466 26.4693 4.6828 0.0608
Car -1 -1 4.6565 716.7222 163.2618 740.3569 183.0431 1.5266 1.6323 4.1785 9.5034 0.7863 57.8471 4.8184 0.0600
Car -1 -1 0.9081 1012.5797 179.0158 1242.0000 348.9016 1.4565 1.5487 4.0070 6.5753 1.5450 8.3456 1.5577 0.0587
Car -1 -1 1.6847 81.5489 184.6981 140.7905 222.8042 1.4145 1.6010 3.6751 -20.6574 1.9402 30.0253 1.0860 0.0586