Car -1 -1 4.3821 742.9153 186.2486 1020.3179 355.2721 1.4212 1.6275 4.1150 2.8022 1.6170 8.4712 4.6899 0.9558
Car -1 -1 4.5293 681.4954 173.4837 770.8915 240.3305 1.4657 1.5469 3.2654 2.7306 1.4825 17.5086 4.6807 0.9410
Car -1 -1 0.4636 228.7729 174.0531 443.8632 243.9745 1.4706 1.6156 4.2621 -6.0693 1.4993 16.2499 0.1110 0.8490
Car -1 -1 0.4559 286.2048 172.9841 457.3015 233.0989 1.4804 1.4758 3.9924 -6.1401 1.4840 18.7898 0.1438 0.8213
Car -1 -1 4.0967 924.3257 41.2450 1242.0000 375.0000 1.7134 1.5468 3.4924 2.6687 1.5179 2.8755 4.7946 0.7796
Car -1 -1 4.6347 651.5902 175.9782 693.1792 210.2785 1.3887 1.5244 3.3999 2.6700 1.5313 31.2282 4.7187 0.7677
Car -1 -1 3.3569 377.3135 174.7863 502.2831 217.6569 1.5267 1.6014 4.2368 -6.1858 1.6002 26.5953 3.1301 0.7247
Car -1 -1 3.4653 293.3217 151.1566 446.6658 201.2209 1.4151 1.6256 3.9689 -6.9640 0.8018 21.2283 3.1518 0.6516
Car -1 -1 0.1934 406.8639 171.0701 515.4964 209.9979 1.5119 1.6006 4.0169 -5.8686 1.4426 28.8352 -0.0060 0.5869
Car -1 -1 0.1193 682.7249 157.9130 769.6769 187.4584 1.4370 1.5543 4.1780 5.8971 0.7103 36.4147 0.2784 0.3742
Car -1 -1 3.4277 317.8175 172.5918 457.1623 217.4364 1.4306 1.6135 4.1097 -7.2578 1.4223 23.8391 3.1349 0.3584
Car -1 -1 4.7142 627.3790 170.6786 646.0568 187.9392 1.5143 1.6383 3.9699 2.4610 1.3235 65.3185 4.7514 0.3152
Car -1 -1 1.6406 495.5833 167.9691 529.1594 196.6615 1.4962 1.5495 3.9650 -5.2937 1.2414 39.6514 1.5084 0.2323
Car -1 -1 4.1760 208.3609 179.9428 278.1493 211.5876 1.4534 1.4043 3.6245 -17.9933 1.8166 35.4064 3.7086 0.2295
Car -1 -1 0.1214 473.3205 161.2346 539.3231 185.9089 1.6186 1.6662 4.1928 -6.8575 0.8564 48.2068 -0.0194 0.2022
Car -1 -1 1.1337 1174.8368 154.9809 1238.8436 180.9470 1.5365 1.5905 3.7871 36.9338 0.4789 44.7263 1.8207 0.1939
Car -1 -1 0.1003 452.4431 168.8226 530.8884 196.1431 1.4171 1.5766 3.9725 -6.2137 1.2080 38.3308 -0.0596 0.1681
Car -1 -1 4.8794 525.0716 162.8987 553.6808 183.9424 1.7089 1.7252 4.1646 -5.8675 0.9005 60.7337 4.7833 0.1474
Car -1 -1 4.9536 0.0000 208.5854 104.6499 375.0000 1.4573 1.5905 3.7055 -5.9411 1.8866 6.6572 4.2447 0.1453
Car -1 -1 3.2115 284.7982 159.5134 358.8281 184.0416 1.6721 1.7319 4.7206 -20.1506 0.7627 50.7265 2.8351 0.1441
Car -1 -1 1.3919 1116.4010 154.4642 1192.3820 203.0139 1.7137 1.6363 3.8047 20.6834 1.0646 27.5359 2.0309 0.1281
Car -1 -1 4.9484 361.8669 155.9961 451.4442 206.5517 1.4262 1.6728 4.4580 -6.2177 0.9506 22.6079 4.6827 0.1173
Car -1 -1 1.4539 391.9842 167.0848 455.7036 213.2959 1.4600 1.6486 4.3657 -6.5447 1.2777 25.1292 1.2013 0.1150
Car -1 -1 3.7225 285.9789 160.5206 357.6089 183.6745 1.5300 1.6501 4.3156 -19.4929 0.7150 48.9223 3.3451 0.1149
Car -1 -1 4.6589 693.6233 155.7561 729.1083 185.9450 1.4854 1.6133 3.8282 5.2393 0.6441 37.4770 4.7966 0.1135
Car -1 -1 4.6186 484.1033 175.6040 525.2124 208.6526 1.5018 1.6204 3.9735 -5.1765 1.6443 35.2645 4.4735 0.1101
Car -1 -1 4.7564 229.0557 165.0244 264.2422 193.8172 1.5641 1.6218 3.7074 -20.6822 1.1388 41.2183 4.2938 0.1089
Car -1 -1 4.6140 527.3063 172.6888 553.2419 194.1797 1.4847 1.4982 3.6701 -5.0030 1.4733 51.7915 4.5178 0.1079
Car -1 -1 4.3318 0.0000 207.7887 32.4825 375.0000 1.4694 1.6339 4.1545 -6.7678 1.8098 5.5795 3.4741 0.1043
Car -1 -1 5.0513 467.5711 160.7024 522.1272 191.4778 1.5081 1.6110 3.8017 -5.8766 0.9126 37.3739 4.8961 0.1038
Car -1 -1 4.7671 302.4510 158.1421 337.6430 188.2471 1.6417 1.6638 3.6373 -16.5375 0.8394 41.3365 4.3886 0.1036
Car -1 -1 3.4460 509.1940 164.5146 561.2991 182.8016 1.4808 1.6053 3.9841 -6.1258 0.8055 59.6140 3.3439 0.1033
Car -1 -1 4.3111 534.9453 171.1678 570.5728 190.3682 1.6279 1.6517 4.0891 -5.0240 1.4850 63.3712 4.2320 0.1016
Car -1 -1 1.9967 456.5117 172.9618 525.2557 208.3015 1.4956 1.5956 3.8865 -5.2880 1.5008 32.6330 1.8369 0.0987
Car -1 -1 4.5114 505.4348 167.9283 540.6829 191.9393 1.5690 1.6507 3.8541 -5.9412 1.2472 49.2387 4.3917 0.0951
Car -1 -1 2.2713 1183.1647 156.6430 1242.0000 182.3306 1.5291 1.6095 3.7796 37.4038 0.5641 44.0622 2.9718 0.0876
Car -1 -1 3.4947 423.2535 169.0973 516.9594 201.7662 1.4823 1.6096 4.0079 -6.5139 1.3118 33.8602 3.3057 0.0844
Car -1 -1 0.0453 492.8022 169.1580 566.1391 197.3959 1.4789 1.5917 3.8341 -4.2526 1.2854 38.7065 -0.0638 0.0837
Car -1 -1 5.0797 0.0000 186.5924 276.2570 375.0000 1.4813 1.6367 4.1673 -4.9451 1.6685 7.6279 4.5198 0.0823
Car -1 -1 1.8963 485.5439 165.1426 539.0262 194.8768 1.4877 1.6035 4.0052 -5.0855 1.1019 38.2200 1.7646 0.0822
Car -1 -1 0.5677 28.7483 175.0486 331.2234 273.7922 1.5176 1.6459 4.1188 -7.0251 1.5570 12.0535 0.0492 0.0818
Car -1 -1 0.7839 247.5112 174.4168 402.1975 235.2543 1.4793 1.5734 3.8212 -7.5442 1.5239 19.1074 0.4122 0.0816
Car -1 -1 0.8893 0.0000 0.0000 1242.0000 375.0000 1.5221 1.6437 4.1139 2.2807 1.5360 1.5862 1.7688 0.0814
Car -1 -1 1.0039 1138.0930 185.3520 1216.5948 214.4564 1.4739 1.6021 3.8676 31.5701 2.2058 40.2574 1.6649 0.0807
Car -1 -1 3.5015 155.3364 168.3714 359.6255 238.3467 1.4827 1.5890 3.8143 -7.7879 1.3877 16.2350 3.0603 0.0795
Car -1 -1 3.6424 142.5137 163.9787 402.2899 262.2982 1.4746 1.5484 3.5222 -5.3692 1.3415 11.7336 3.2214 0.0793
Car -1 -1 1.5956 682.3716 170.5845 713.2633 201.6357 1.6455 1.6171 3.9201 4.9678 1.5253 40.2944 1.7170 0.0792
Car -1 -1 4.8624 304.9795 161.1454 341.7640 186.1262 1.6392 1.7187 4.2958 -19.6272 0.8709 49.6311 4.4874 0.0791
Car -1 -1 4.8418 511.1276 167.2926 543.4178 192.1208 1.5464 1.5946 3.8656 -5.3041 1.2000 46.8857 4.7295 0.0774
Car -1 -1 1.6193 626.2249 168.3614 647.7964 188.3858 1.6797 1.6708 4.2067 2.4154 1.3028 62.6920 1.6574 0.0770
Car -1 -1 5.1152 325.6435 158.8373 371.0742 183.6852 1.7277 1.6856 3.9039 -18.8244 0.7531 52.1655 4.7704 0.0723
Car -1 -1 3.7316 491.7316 168.3589 555.2245 190.4415 1.5050 1.6287 4.2587 -6.0793 1.1987 50.8683 3.6130 0.0702
Car -1 -1 4.7830 473.9857 156.3497 503.8266 182.3326 1.6877 1.7117 4.0118 -8.1413 0.6157 48.9442 4.6189 0.0699
Car -1 -1 3.4742 484.9118 171.3714 569.2217 201.8067 1.4694 1.5993 3.8737 -4.0994 1.3979 36.0389 3.3614 0.0686
Car -1 -1 -0.3532 17.3074 193.5417 549.0558 375.0000 1.4309 1.6277 4.1338 -2.7017 1.6770 6.5999 -0.7290 0.0680
Car -1 -1 1.6777 480.0972 167.5788 518.1404 195.4544 1.4184 1.5913 4.0299 -5.8790 1.1500 38.7619 1.5279 0.0676
Car -1 -1 -0.6053 1083.5020 153.8009 1232.7808 201.0869 1.7145 1.6954 4.2615 20.4986 1.0237 27.0874 0.0372 0.0667
Car -1 -1 3.5572 654.2672 159.8721 746.2982 190.9093 1.4899 1.6371 4.3188 4.5570 0.8667 36.4478 3.6803 0.0654
Car -1 -1 1.5944 461.4912 169.4848 503.1067 206.7154 1.4560 1.6101 4.1118 -5.2975 1.3242 30.3697 1.4228 0.0638
Car -1 -1 1.2608 1172.5719 160.6161 1238.2351 190.4610 1.6081 1.6502 4.2570 33.8860 0.9487 41.1600 1.9460 0.0630
Car -1 -1 0.6993 438.9478 174.7105 518.9464 202.9694 1.4253 1.6347 4.0923 -6.9585 1.5284 38.3461 0.5206 0.0628
Car -1 -1 5.6711 1.4684 197.4532 273.7119 303.2374 1.4446 1.5988 3.8265 -8.1597 1.9548 12.8914 5.1157 0.0625
Car -1 -1 1.0742 1168.0214 156.7825 1235.5027 183.2471 1.5463 1.6162 3.6885 36.1194 0.6072 44.1196 1.7569 0.0623
Car -1 -1 4.2590 196.7904 179.1039 268.1304 210.8053 1.4783 1.6086 3.9523 -18.9399 1.8076 36.1892 3.7796 0.0622
Car -1 -1 5.4973 0.0000 205.0680 154.7237 375.0000 1.4612 1.5833 3.6118 -5.6269 1.8016 5.7905 4.7491 0.0619
Car -1 -1 -0.6360 1080.5032 155.4857 1209.4006 200.1127 1.6947 1.6220 3.8432 20.8678 1.0351 28.2197 -0.0044 0.0613
Car -1 -1 4.9309 284.2026 165.2131 323.5222 188.8442 1.5593 1.6597 3.9907 -21.0083 1.0551 49.7218 4.5329 0.0606
Car -1 -1 4.1871 892.2704 181.8279 1121.9434 285.8240 1.4547 1.6158 3.9976 6.5664 1.6353 12.4825 4.6609 0.0602
Car -1 -1 2.6955 983.7473 146.6090 1097.6254 183.1006 1.5314 1.6307 3.9165 18.6016 0.4300 31.2615 3.2282 0.0591
Car -1 -1 3.4471 420.4874 171.2075 516.9058 206.1482 1.4774 1.5915 3.8316 -6.1151 1.4077 31.5183 3.2567 0.0590
Car -1 -1 0.8787 1113.5983 155.8401 1242.0000 202.1783 1.5742 1.6870 4.1711 20.9438 0.9962 26.6234 1.5398 0.0583
Car -1 -1 0.2908 265.6987 157.0281 349.3048 186.8905 1.6257 1.6717 3.9958 -16.8169 0.7641 40.3144 -0.1022 0.0578
Car -1 -1 0.0406 449.4930 167.5366 531.8162 198.4807 1.5020 1.6317 3.9732 -5.8954 1.2439 36.0715 -0.1206 0.0577
Car -1 -1 3.3344 448.4619 161.4348 531.5897 191.4265 1.5023 1.6071 3.9702 -6.0879 0.9303 37.0065 3.1722 0.0571
Car -1 -1 0.3576 234.0024 155.2978 398.6112 210.5746 1.5680 1.6663 4.1920 -8.5743 1.0700 21.3426 -0.0204 0.0554
Car -1 -1 4.7666 613.2638 182.2956 689.7496 254.6068 1.4730 1.6044 4.0467 1.1102 1.7275 17.3496 4.8284 0.0552