Car -1 -1 4.6009 663.1807 164.8391 730.5545 222.5051 1.7890 1.7722 4.4393 2.8738 1.5404 24.6070 4.7152 0.8420
Car -1 -1 4.7353 550.8375 177.2030 576.3926 201.1405 1.5320 1.6364 3.6661 -3.0692 1.8369 48.7196 4.6723 0.6281
Car -1 -1 4.5221 644.3936 180.4262 700.2660 219.4460 1.4683 1.6126 3.7358 2.5281 1.8019 29.8483 4.6051 0.5176
Car -1 -1 4.5879 643.3118 176.6715 679.1426 203.6186 1.4599 1.5926 3.8016 2.9317 1.6902 41.5837 4.6573 0.2725
Car -1 -1 1.5295 625.6732 170.2071 662.0198 202.8425 1.6305 1.7340 4.4457 1.7627 1.4982 38.2746 1.5747 0.1617
Car -1 -1 -0.4164 642.6638 179.4465 745.8387 219.2764 1.5206 1.6434 3.8308 3.4295 1.8011 29.3490 -0.3020 0.1517
Car -1 -1 1.8880 626.3799 172.9497 656.7172 191.7698 1.7296 1.6655 4.1616 3.0749 1.7390 68.5742 1.9323 0.1341
Car -1 -1 1.4979 642.6454 170.5939 680.4890 202.0406 1.5826 1.6923 4.3178 2.7166 1.4688 38.4736 1.5674 0.1299
Car -1 -1 4.4235 693.5154 157.3053 736.4511 183.7959 1.5086 1.5684 3.5819 6.2300 0.6231 42.9764 4.5664 0.1236
Car -1 -1 4.8437 627.0098 176.1932 651.9808 196.1167 1.5331 1.5400 3.6927 2.4407 1.8111 58.1252 4.8851 0.1165
Car -1 -1 4.8130 619.8387 180.7798 668.4476 219.5771 1.4488 1.6269 3.7910 1.4852 1.7975 29.7541 4.8617 0.1039
Car -1 -1 4.6103 619.5529 176.6047 653.9819 203.3153 1.4464 1.5948 3.8230 1.5238 1.6728 41.5830 4.6462 0.1016
Car -1 -1 4.7816 657.1262 173.1204 701.0329 211.0542 1.5189 1.6095 3.9018 3.0392 1.5311 30.9773 4.8779 0.1005
Car -1 -1 1.2643 626.5412 174.3685 659.5258 195.4383 1.6851 1.6646 3.8172 2.7492 1.8155 60.0606 1.3094 0.0963
Car -1 -1 1.3206 642.2847 178.0659 693.0494 210.6160 1.4902 1.5892 3.8605 2.8149 1.7630 35.7243 1.3980 0.0894
Car -1 -1 1.6406 613.3560 176.0391 650.2577 207.1629 1.4963 1.6265 3.9316 1.1932 1.6693 37.1439 1.6720 0.0874
Car -1 -1 -0.1983 636.1542 177.2229 738.1248 214.8095 1.5216 1.6665 4.0289 3.2305 1.7122 30.4658 -0.0943 0.0749
Car -1 -1 -0.7023 641.8496 174.5831 723.3742 204.8826 1.4822 1.6588 4.0974 3.8084 1.5761 37.3498 -0.6019 0.0730
Car -1 -1 2.7529 645.2882 174.4333 725.7841 201.3283 1.4345 1.6309 4.1287 4.2014 1.5250 40.0070 2.8563 0.0706
Car -1 -1 1.4012 621.0413 173.6108 644.7406 191.4658 1.6276 1.5893 3.9261 2.1687 1.7011 68.0007 1.4326 0.0689
Car -1 -1 4.6475 616.9488 176.5146 639.9420 196.2469 1.5193 1.5980 4.0065 1.4957 1.8256 58.3434 4.6726 0.0671
Car -1 -1 1.3100 648.4565 175.7997 713.8152 218.4221 1.5335 1.6048 3.8057 2.7232 1.6570 28.2476 1.4045 0.0610
Car -1 -1 4.7802 638.1907 176.8981 661.5734 196.3349 1.5045 1.6431 3.8486 3.3097 1.8448 58.6995 4.8358 0.0608
Car -1 -1 -0.1646 657.0634 171.7797 767.4755 211.9870 1.5343 1.6353 4.0870 3.9853 1.4933 28.4064 -0.0272 0.0602
Car -1 -1 3.4439 530.2557 176.8795 588.8588 200.7758 1.5369 1.6275 3.5677 -3.3121 1.8115 48.0160 3.3749 0.0574
Car -1 -1 4.3376 613.3863 173.2656 651.2317 194.8399 1.7064 1.7092 4.1501 1.8291 1.7416 59.3976 4.3679 0.0574
Car -1 -1 1.5580 629.6076 174.8488 651.1077 195.4071 1.5205 1.6018 4.2202 2.3567 1.6809 55.9101 1.5995 0.0570
Car -1 -1 1.7091 615.6047 172.1960 676.9219 220.3674 1.5333 1.5878 3.9804 1.3519 1.5123 25.0705 1.7617 0.0565
Car -1 -1 3.2175 616.7123 176.4922 662.3298 195.9888 1.5186 1.5585 3.5275 2.4076 1.8137 57.5472 3.2587 0.0564
Car -1 -1 1.2153 593.1368 177.4080 630.7075 196.7908 1.4976 1.6940 4.2715 0.1491 1.8853 59.1265 1.2174 0.0550
Car -1 -1 4.5909 633.9774 175.8869 670.1586 202.9888 1.5072 1.6460 4.0825 2.4649 1.6954 42.6840 4.6477 0.0524
Car -1 -1 1.3390 570.3970 177.6470 619.8094 208.7751 1.5015 1.6350 4.3038 -0.8216 1.7678 37.7975 1.3169 0.0508
Car -1 -1 -0.1412 622.1302 178.9460 718.6714 217.7678 1.4871 1.5488 3.6549 2.3840 1.7377 28.7982 -0.0601 0.0505