Car -1 -1 3.6046 0.0000 186.0330 330.0945 312.6580 1.4440 1.5586 3.9928 -5.9209 1.6326 9.3774 3.0538 0.9579
Car -1 -1 4.4891 704.2802 173.2521 842.6259 278.0598 1.6443 1.6398 3.6371 2.8179 1.6525 13.1668 4.6943 0.9557
Car -1 -1 1.8064 379.6995 156.9649 522.8873 272.0152 1.8356 1.6737 4.0316 -2.7768 1.5821 13.5568 1.6074 0.9452
Car -1 -1 1.6249 503.4415 176.4537 564.0278 229.0421 1.4435 1.6115 4.3131 -2.2512 1.5657 22.2973 1.5248 0.9057
Car -1 -1 -0.5396 601.6908 169.4688 665.0262 194.2657 1.4999 1.5950 3.6704 1.5004 1.2951 45.2318 -0.5070 0.5820
Car -1 -1 4.9318 545.9590 175.9450 599.3185 209.4737 1.4425 1.6239 4.0832 -1.6493 1.5956 33.5878 4.8826 0.4410
Car -1 -1 1.6542 527.1106 164.1965 577.2202 213.1355 1.7692 1.6047 4.0388 -2.1660 1.4562 28.1093 1.5775 0.4259
Car -1 -1 4.7142 632.3773 164.5784 650.2562 183.1269 1.7012 1.6392 3.7519 2.9991 0.9422 68.0892 4.7578 0.2274
Car -1 -1 1.5769 701.1859 173.1554 719.6331 190.1924 1.4977 1.6108 3.8611 9.1674 1.5259 65.5258 1.7149 0.1901
Car -1 -1 2.0606 694.7360 174.0293 735.1963 193.6952 1.5263 1.5947 3.8855 8.5446 1.6245 58.2801 2.2051 0.1792
Car -1 -1 3.5857 452.0189 155.8696 536.6381 184.7644 1.5057 1.6482 4.2162 -6.2149 0.6207 38.9870 3.4285 0.1232
Car -1 -1 -0.3254 829.7136 184.0085 1069.7360 262.9594 1.4574 1.6178 4.0890 6.7191 1.6987 14.6063 0.0973 0.1135
Car -1 -1 1.9065 690.6504 177.3465 732.5972 202.6406 1.5198 1.5188 3.6993 6.5520 1.8189 46.0526 2.0464 0.1082
Car -1 -1 4.6368 715.0706 156.7442 751.4955 189.0863 1.5712 1.5660 3.4870 6.2749 0.7886 36.8602 4.8039 0.1037
Car -1 -1 1.2740 829.9419 180.6224 981.8011 273.6291 1.4748 1.5840 3.6966 5.4094 1.6423 13.6593 1.6428 0.0954
Car -1 -1 1.3848 702.0253 177.7621 733.7183 200.1782 1.4948 1.5156 3.8704 7.6048 1.8547 50.9390 1.5317 0.0941
Car -1 -1 4.5445 697.5581 161.0961 740.4236 191.2404 1.4934 1.5716 3.9247 5.6636 0.9109 37.7239 4.6921 0.0768
Car -1 -1 0.1793 713.0028 157.0182 803.3954 189.0351 1.5174 1.6322 4.1609 7.3589 0.7669 35.7267 0.3806 0.0763
Car -1 -1 -0.2481 536.2013 152.1453 601.0464 174.9513 1.6088 1.6817 4.4208 -2.9770 0.1479 52.3629 -0.3047 0.0760
Car -1 -1 2.0167 494.4094 152.6250 550.6845 181.4402 1.4928 1.6030 3.7068 -4.6922 0.4448 39.3934 1.8987 0.0728
Car -1 -1 1.6993 576.2804 181.4986 612.8545 210.2467 1.4722 1.5530 3.8320 -0.7877 1.9768 40.1340 1.6793 0.0727
Car -1 -1 -0.0697 548.5026 171.5964 612.0024 194.0224 1.5076 1.6238 4.2534 -2.0377 1.4231 49.5483 -0.1109 0.0726
Car -1 -1 4.5908 708.1581 162.5806 748.2197 193.6314 1.5705 1.6211 4.0537 6.2813 1.0509 38.5516 4.7508 0.0707
Car -1 -1 1.4870 707.9661 185.7863 756.2449 224.6185 1.4142 1.6163 3.8973 4.9637 1.9811 29.6211 1.6506 0.0699
Car -1 -1 4.2727 587.4057 156.4742 628.3871 178.6023 1.6963 1.6930 4.0688 -0.1744 0.4407 57.5138 4.2695 0.0691
Car -1 -1 3.0936 587.5364 180.9872 657.7729 209.2709 1.4745 1.5886 3.7174 0.6713 1.9232 38.9573 3.1101 0.0675
Car -1 -1 1.4123 691.1490 174.6862 718.9435 194.3701 1.5110 1.6142 3.8193 7.5968 1.6624 57.6786 1.5422 0.0653
Car -1 -1 2.4888 678.9959 173.8442 729.9440 194.5179 1.5902 1.6283 3.8070 7.5478 1.6711 57.3147 2.6187 0.0640
Car -1 -1 3.5523 482.8673 166.3626 582.7584 201.2721 1.5181 1.6708 4.1984 -3.4780 1.2358 32.8060 3.4471 0.0634
Car -1 -1 0.2300 703.3578 175.4889 782.1787 203.5315 1.4797 1.6098 4.0271 7.3636 1.6311 39.9052 0.4107 0.0625
Car -1 -1 -0.4237 716.8195 161.8500 806.4584 192.5978 1.5220 1.6559 4.1849 7.7719 0.9773 36.9781 -0.2184 0.0586
Car -1 -1 1.6968 697.9127 169.4360 723.3531 191.0000 1.8021 1.6741 4.1732 8.7909 1.5164 62.5303 1.8355 0.0560
Car -1 -1 1.8296 558.6026 178.6645 610.9080 210.1368 1.4744 1.6518 4.1686 -1.1994 1.7889 36.8376 1.7967 0.0554
Car -1 -1 4.2888 570.8884 161.8656 612.3460 184.7185 1.6392 1.6382 3.8871 -1.3794 0.8510 53.8604 4.2630 0.0548
Car -1 -1 4.5216 813.6557 183.3775 926.5580 261.7470 1.4835 1.6415 3.7941 5.6893 1.7487 16.1874 4.8531 0.0543
Car -1 -1 2.5154 702.0631 177.5241 757.4831 200.1109 1.5051 1.5485 3.5740 8.3653 1.8395 50.1855 2.6791 0.0504
Car -1 -1 1.3829 692.4001 171.9703 718.9982 189.7914 1.5437 1.6214 4.0763 8.5684 1.4671 64.5815 1.5139 0.0504
Car -1 -1 1.4600 527.4578 164.6020 578.1027 204.8587 1.5220 1.6015 4.1975 -2.3878 1.2100 29.4922 1.3795 0.0504
Car -1 -1 4.7442 615.8969 192.6779 720.5732 297.2454 1.4848 1.6098 4.0068 1.1264 1.9024 13.1172 4.8266 0.0503
Car -1 -1 -0.5332 664.5037 180.1217 728.7593 205.5772 1.5082 1.6479 3.6574 5.4408 1.9774 45.0927 -0.4144 0.0502