Car -1 -1 1.3421 760.5627 189.5997 902.0381 282.1425 1.4113 1.6172 4.2331 4.0718 1.7847 13.9363 1.6196 0.9550
Car -1 -1 4.2391 827.9523 185.5761 1205.2672 375.0000 1.5278 1.6447 3.6086 3.5836 1.6865 7.1776 4.6847 0.9280
Car -1 -1 4.5562 716.1313 184.3531 800.5169 244.9477 1.4311 1.6199 4.1711 3.9914 1.7829 19.9586 4.7499 0.9271
Car -1 -1 2.0566 0.0000 205.4920 368.5604 375.0000 1.4339 1.4909 3.4100 -2.9070 1.7332 4.8903 1.5428 0.9184
Car -1 -1 4.5525 706.7009 180.7227 766.4539 225.9552 1.4381 1.5474 3.1556 4.3487 1.7288 25.0758 4.7215 0.8654
Car -1 -1 4.8422 438.4765 166.3141 545.1876 254.3912 1.6999 1.7407 4.5723 -2.4776 1.5736 16.2286 4.6923 0.8096
Car -1 -1 1.7150 491.6927 180.2578 561.8288 235.1763 1.4679 1.5565 3.7495 -2.4003 1.7101 21.6990 1.6054 0.8069
Car -1 -1 1.5592 555.9173 173.2127 588.5613 205.3989 1.5890 1.6139 4.0211 -1.9749 1.6088 37.7249 1.5068 0.7833
Car -1 -1 4.5985 680.2316 178.0653 720.6314 211.1873 1.5580 1.6003 3.7029 4.5302 1.8342 36.3831 4.7208 0.6269
Car -1 -1 4.5298 689.2435 179.4462 739.7445 217.5946 1.5594 1.5746 3.5913 4.5853 1.8680 31.9526 4.6703 0.5187
Car -1 -1 1.6798 475.7989 152.7975 515.4020 183.3319 1.4231 1.5362 3.5508 -5.5471 0.4883 35.4359 1.5255 0.4245
Car -1 -1 4.5565 670.5388 176.8274 707.6426 205.0125 1.5485 1.5767 3.7768 4.5938 1.7909 42.1075 4.6639 0.3717
Car -1 -1 4.5657 445.8945 146.0252 497.7522 183.9388 1.4507 1.5811 3.5705 -5.6931 0.4242 29.5553 4.3769 0.3064
Car -1 -1 0.2480 674.4870 166.6429 726.9175 186.1831 1.5184 1.6322 3.8659 7.2695 1.0358 57.5335 0.3728 0.1542
Car -1 -1 4.7539 679.7293 165.7904 701.7442 185.6056 1.5516 1.6141 3.9763 6.6195 0.9985 58.5872 4.8656 0.1323
Car -1 -1 1.5181 701.9794 165.2153 725.8794 186.8864 1.6859 1.6892 4.1107 8.3912 1.0916 58.2539 1.6602 0.1245
Car -1 -1 4.4430 513.6728 156.6382 553.1888 181.9321 1.6702 1.7040 4.0184 -5.2996 0.5994 49.8247 4.3374 0.1245
Car -1 -1 4.4763 660.9191 180.1495 716.3017 217.2827 1.5091 1.5872 3.8223 3.4488 1.8539 32.1063 4.5817 0.0842
Car -1 -1 4.5115 647.1426 176.0109 688.1284 204.5390 1.5663 1.6248 3.9318 3.3376 1.7596 42.1202 4.5895 0.0822
Car -1 -1 4.0560 1024.1208 187.8334 1242.0000 345.3156 1.4848 1.5877 3.9091 7.1764 1.7152 9.1360 4.7054 0.0793
Car -1 -1 -0.0578 700.4562 179.6642 807.1923 217.8584 1.5390 1.6265 4.3246 6.0369 1.8377 30.5603 0.1348 0.0793
Car -1 -1 4.3381 661.0381 164.7101 698.4944 185.1437 1.6152 1.6572 4.1419 5.7199 0.9715 59.2549 4.4336 0.0765
Car -1 -1 -0.3412 676.3696 178.4613 771.4424 215.9799 1.5663 1.5986 3.7958 4.9795 1.8207 31.6010 -0.1870 0.0664
Car -1 -1 -0.1269 717.6776 177.5063 852.9032 224.8399 1.5044 1.6128 4.2210 5.7875 1.6668 24.1566 0.1049 0.0643
Car -1 -1 1.3531 688.8176 166.9087 719.4932 186.7717 1.5360 1.6209 3.9336 7.5412 1.0762 57.8273 1.4819 0.0630
Car -1 -1 4.7199 505.0551 151.3405 536.2104 183.1944 1.8051 1.7566 4.2095 -5.2892 0.5860 43.0800 4.5983 0.0608
Car -1 -1 -0.4786 701.9257 165.9015 757.5253 185.7741 1.5297 1.6452 4.0233 9.4778 0.9945 56.9462 -0.3148 0.0597
Car -1 -1 0.8682 1096.9141 181.4935 1242.0000 375.0000 1.5381 1.6328 3.9607 7.1488 1.6518 7.4816 1.6106 0.0562
Car -1 -1 4.6128 511.3310 154.0407 544.6260 180.8189 1.6556 1.7339 4.2423 -5.3426 0.4924 46.8667 4.4998 0.0544
Car -1 -1 4.7785 663.3640 164.5218 688.7441 187.0311 1.6758 1.6938 4.0332 5.1788 1.0554 55.8410 4.8702 0.0535
Car -1 -1 4.7036 679.1174 165.8199 702.4714 189.0986 1.7203 1.7180 4.3424 6.2329 1.2005 55.5705 4.8144 0.0515
Car -1 -1 4.0873 484.1584 158.0718 541.5287 183.7158 1.6545 1.6714 4.2365 -6.5613 0.7008 48.6646 3.9538 0.0507
Car -1 -1 4.6299 548.2590 173.5341 583.0086 203.3433 1.5390 1.5878 3.6572 -2.4311 1.5778 39.2631 4.5681 0.0501