Car -1 -1 4.8163 496.9030 187.1688 549.4252 229.7382 1.4784 1.6380 3.9764 -3.3278 2.0815 28.4000 4.7000 0.8703
Car -1 -1 1.8944 335.2633 189.7141 407.2397 229.2277 1.5182 1.6777 4.4234 -10.4052 2.3140 31.8371 1.5805 0.8341
Car -1 -1 1.6526 400.7561 189.0119 428.8349 212.5249 1.5183 1.6128 3.9659 -13.8786 2.7200 51.5667 1.3905 0.6235
Car -1 -1 4.6740 578.4861 181.4931 605.8890 205.7182 1.4556 1.6230 3.9223 -1.1628 2.0399 46.7957 4.6488 0.4750
Car -1 -1 1.8506 331.1681 183.5017 369.8296 208.3037 1.5296 1.4748 3.5918 -17.1549 2.2639 47.9171 1.5082 0.2960
Car -1 -1 1.9000 323.1108 190.4379 372.2083 218.5395 1.6158 1.6103 4.4607 -16.8155 2.8046 46.5373 1.5547 0.1627
Car -1 -1 1.6238 398.8220 186.7349 427.5087 212.2574 1.6068 1.6947 4.1487 -13.5735 2.6116 50.0291 1.3598 0.1523
Car -1 -1 1.5184 576.9543 179.0404 607.6458 206.2804 1.5863 1.6974 4.1911 -1.1231 1.9919 45.1523 1.4931 0.1422
Car -1 -1 1.1804 376.3925 184.1799 413.3465 203.4406 1.4975 1.5530 4.0448 -18.0549 2.4809 60.5860 0.8916 0.1413
Car -1 -1 4.9339 636.2209 176.1357 661.7845 193.3796 1.5726 1.6152 3.8924 3.7843 1.8945 68.6911 4.9883 0.1355
Car -1 -1 5.2654 627.0935 182.8622 691.7097 213.6972 1.5215 1.6538 3.9631 2.7483 2.0923 39.0545 5.3345 0.1347
Car -1 -1 0.6623 617.4897 189.3643 685.4783 215.4940 1.4331 1.6353 3.9611 2.5194 2.4820 43.9180 0.7186 0.1310
Car -1 -1 1.0586 615.2654 183.3557 674.1094 215.2056 1.5398 1.5643 3.5369 1.8042 2.1222 38.0870 1.1049 0.1120
Car -1 -1 1.8460 312.6570 191.9780 357.9182 218.4744 1.4968 1.7470 3.5519 -17.1492 2.7455 45.2673 1.4854 0.1016
Car -1 -1 1.8598 222.6094 184.5882 352.8855 261.7355 1.4682 1.5749 4.0551 -7.1586 1.7703 16.4764 1.4554 0.0999
Car -1 -1 1.4148 444.4818 184.8013 490.7775 218.5941 1.4627 1.6042 3.9060 -6.9020 2.0745 34.8338 1.2202 0.0984
Car -1 -1 5.6150 383.4137 183.7298 431.0966 205.5324 1.7004 1.4488 3.7293 -16.8247 2.6359 60.1342 5.3429 0.0982
Car -1 -1 1.8538 561.1068 179.2107 607.5148 208.5121 1.6466 1.7132 4.1654 -1.4726 2.0516 43.7433 1.8198 0.0948
Car -1 -1 3.6448 409.1112 182.7960 491.1101 214.4158 1.4994 1.6150 3.7140 -8.0151 2.0180 36.3339 3.4288 0.0869
Car -1 -1 4.8844 349.9932 187.2524 419.1480 236.2145 1.4521 1.6023 3.7670 -7.5530 1.9808 24.5249 4.5881 0.0866
Car -1 -1 1.4245 381.2628 182.7513 406.0419 200.7611 1.4857 1.5601 3.8392 -19.1352 2.3902 63.8670 1.1343 0.0845
Car -1 -1 1.1833 446.7285 193.1023 502.3133 222.3050 1.4698 1.7255 4.0908 -7.8213 2.6967 41.5332 0.9978 0.0805
Car -1 -1 1.8940 270.1780 187.5842 380.2059 252.0450 1.4590 1.5747 3.7235 -7.3790 1.8874 19.0892 1.5293 0.0754
Car -1 -1 0.9777 617.3906 187.9173 690.6932 222.2977 1.5045 1.6807 3.9460 2.1280 2.2914 35.5643 1.0363 0.0753
Car -1 -1 1.8341 338.2611 183.4492 440.6192 244.7759 1.4404 1.6370 4.0696 -5.8671 1.7600 19.7095 1.5479 0.0750
Car -1 -1 1.5145 363.4843 180.8612 387.0914 201.4774 1.4748 1.5133 3.7061 -17.9370 2.1093 55.1712 1.2013 0.0749
Car -1 -1 1.5238 611.4890 184.9868 632.1137 203.5363 1.5016 1.6128 3.9995 1.0421 2.5964 63.0811 1.5398 0.0748
Car -1 -1 1.2302 452.1718 191.9073 498.0011 218.1297 1.4630 1.6417 3.8404 -8.4902 2.7151 45.3428 1.0456 0.0744
Car -1 -1 2.9153 566.8829 181.4860 634.9716 206.6157 1.5188 1.6475 4.0518 -0.5627 2.0817 45.7684 2.9026 0.0738
Car -1 -1 2.0598 369.3574 184.2571 423.9417 210.8682 1.6311 1.6734 4.3266 -14.2302 2.4333 48.4748 1.7753 0.0737
Car -1 -1 1.4150 302.7394 185.4102 339.4003 209.4131 1.4238 1.6348 3.9452 -18.8744 2.2807 47.1253 1.0357 0.0710
Car -1 -1 1.9312 376.5545 183.6901 410.8812 205.1017 1.6579 1.4866 3.7651 -17.8311 2.5842 59.7529 1.6421 0.0709
Car -1 -1 1.8163 386.8683 186.0612 461.2572 233.4825 1.4308 1.5771 3.7823 -6.2563 1.9178 24.7149 1.5704 0.0694
Car -1 -1 1.4007 523.8997 188.1345 562.2646 215.3457 1.4810 1.6752 3.9041 -4.0737 2.4517 43.7345 1.3078 0.0687
Car -1 -1 4.5923 618.9050 184.4044 656.6386 214.3429 1.5000 1.6095 3.9296 1.5043 2.1685 39.7382 4.6292 0.0686
Car -1 -1 4.5570 412.5754 185.4458 456.4321 217.3328 1.4859 1.6393 3.7729 -9.0936 2.1727 37.3028 4.3190 0.0684
Car -1 -1 1.0125 583.5030 185.0836 623.7659 203.3898 1.4541 1.6717 3.8677 -0.5435 2.5432 62.1729 1.0033 0.0679
Car -1 -1 1.6803 331.6985 192.5787 418.9257 261.1618 1.4297 1.6521 3.9249 -5.8234 1.9876 18.3257 1.3761 0.0673
Car -1 -1 -0.0546 340.1837 186.5663 515.8840 249.3645 1.4387 1.6231 4.1971 -4.6284 1.8172 18.5269 -0.2967 0.0656
Car -1 -1 1.6825 594.7111 181.1602 626.9522 206.0272 1.4942 1.6492 4.0815 0.1259 2.0584 46.8925 1.6846 0.0650
Car -1 -1 5.0926 356.3219 188.5260 437.6670 235.0603 1.5189 1.6099 3.7379 -7.7942 2.1431 26.7974 4.8116 0.0639
Car -1 -1 1.7921 324.3209 187.6250 389.6131 232.3600 1.6472 1.7145 3.9736 -10.4100 2.3038 30.0039 1.4604 0.0638
Car -1 -1 1.8923 634.3167 184.3927 673.1818 208.1214 1.4568 1.5295 3.6027 2.9867 2.2583 48.1583 1.9533 0.0631
Car -1 -1 0.5132 300.5341 185.7784 368.9728 210.5001 1.5391 1.6079 3.8919 -17.9320 2.4030 47.1451 0.1513 0.0610
Car -1 -1 3.3772 371.1582 183.6254 421.3514 204.4707 1.6803 1.4565 3.7545 -17.6595 2.5858 59.8330 3.0911 0.0591
Car -1 -1 1.4595 401.1096 184.5552 433.0143 209.7023 1.5391 1.6261 4.0733 -12.9464 2.3595 48.3943 1.1990 0.0582
Car -1 -1 1.4688 294.8889 191.4644 331.3835 218.7352 1.5089 1.7111 4.0379 -18.5574 2.7281 45.0868 1.0800 0.0576
Car -1 -1 1.5304 649.7560 189.0950 679.4725 215.2320 1.4352 1.6455 4.1759 3.3414 2.4813 44.3619 1.6044 0.0574
Car -1 -1 3.3404 355.8418 184.9137 409.0496 204.4585 1.5395 1.6574 3.9076 -18.5741 2.5449 59.1301 3.0369 0.0553
Car -1 -1 1.8262 392.9838 187.7253 448.3061 221.4456 1.4646 1.6472 3.9368 -9.1007 2.2275 35.0471 1.5734 0.0551
Car -1 -1 4.8569 452.1557 179.3034 494.2517 210.6483 1.4904 1.5925 3.7224 -6.9328 1.8378 36.9774 4.6724 0.0548
Car -1 -1 3.7577 579.3956 186.1681 656.5815 218.5622 1.5431 1.7097 3.7186 0.4182 2.2701 37.6183 3.7680 0.0530
Car -1 -1 1.1740 462.2584 192.0124 512.4050 219.4106 1.4618 1.6857 3.6465 -7.3679 2.6636 43.2713 1.0058 0.0526
Car -1 -1 1.7207 443.0134 181.1308 475.5210 204.2997 1.4706 1.5856 4.0283 -10.2267 2.0599 49.3195 1.5169 0.0525
Car -1 -1 1.8696 656.6780 187.3717 703.2441 214.0010 1.4484 1.6599 4.2075 4.3428 2.3787 43.9727 1.9667 0.0502
Car -1 -1 1.8927 343.6213 183.6748 383.6585 208.4841 1.5354 1.4561 3.5839 -16.3154 2.2824 48.0162 1.5665 0.0501