Car -1 -1 1.7466 353.8210 184.5084 461.9575 260.6154 1.5092 1.6738 4.1895 -4.2778 1.5873 16.5682 1.4922 0.3033
Car -1 -1 1.4654 462.0672 173.3260 485.4988 190.9989 1.5040 1.5889 4.1486 -11.1935 0.8073 63.3457 1.2863 0.2535
Car -1 -1 4.4576 310.0041 192.7241 433.0356 272.7831 1.4606 1.6300 3.8481 -5.1167 1.7385 15.7421 4.1426 0.1592
Car -1 -1 1.2936 451.7801 172.5879 485.9509 193.7706 1.5790 1.5962 3.8452 -10.2166 0.9138 55.6224 1.1079 0.1247
Car -1 -1 4.6000 469.4154 169.6030 493.6331 188.9603 1.6911 1.6777 4.2538 -10.7914 0.6507 65.0312 4.4313 0.1037
Car -1 -1 1.5425 456.3377 184.9765 489.2501 215.1457 1.4819 1.5791 3.7031 -6.7366 1.6733 37.7134 1.3618 0.0991
Car -1 -1 0.3739 219.3586 193.2595 437.1320 271.1534 1.4769 1.6051 3.8500 -5.4575 1.7312 14.7118 0.0188 0.0978
Car -1 -1 5.3693 428.4768 174.1983 483.5053 200.6142 1.6440 1.6097 3.6662 -9.3395 1.1888 46.7072 5.1680 0.0841
Car -1 -1 4.5099 391.4841 167.6009 434.1524 196.0391 1.5305 1.6099 3.7143 -10.6611 0.7818 40.6804 4.2503 0.0749
Car -1 -1 0.6067 315.7226 185.4470 510.9839 257.5746 1.5177 1.6682 4.2161 -4.3630 1.6179 16.7876 0.3507 0.0684
Car -1 -1 1.3915 461.3305 173.1035 489.5829 192.3981 1.5952 1.6311 4.2979 -10.7625 0.9000 61.6864 1.2145 0.0671
Car -1 -1 1.4518 404.9971 167.6891 447.7275 199.0797 1.4640 1.5872 3.9319 -8.6759 0.8193 35.6205 1.2097 0.0641
Car -1 -1 5.1347 428.9618 169.1482 581.4446 260.3442 1.5306 1.5935 3.5962 -1.6988 1.3231 14.0091 5.0108 0.0579
Car -1 -1 4.9119 409.1795 187.8114 515.4177 262.8962 1.4862 1.6367 3.9086 -3.0313 1.6483 16.5152 4.7276 0.0522