Car -1 -1 4.3664 758.2908 150.2954 1009.4804 330.2393 1.7471 1.5872 3.6654 3.1629 1.4440 8.8202 4.6956 0.9343
Car -1 -1 2.9858 469.4157 172.8857 531.2295 195.9032 1.5085 1.6584 3.9146 -6.7580 0.9431 48.4457 2.8430 0.3266
Car -1 -1 2.8197 993.1450 166.5421 1238.0000 287.8245 1.5053 1.6408 4.2215 8.2022 1.3195 10.3750 3.4711 0.1089
Car -1 -1 4.3251 466.9547 163.7096 509.8408 186.1435 1.5615 1.6750 3.9988 -8.1671 0.3224 52.1420 4.1657 0.1067
Car -1 -1 1.3900 464.5651 186.8229 505.4298 212.8146 1.4515 1.6617 4.3452 -7.0202 1.7894 43.3899 1.2254 0.1048
Car -1 -1 4.9553 493.0476 172.1451 529.9545 195.1723 1.5166 1.6362 3.9049 -6.0586 0.8997 49.3446 4.8289 0.0893
Car -1 -1 1.4947 994.0498 175.8907 1138.2872 284.0285 1.4400 1.5775 3.6075 7.2793 1.3651 11.5306 2.0423 0.0807
Car -1 -1 5.1105 230.7820 107.5725 379.2500 200.1786 1.8640 1.7172 3.9399 -6.5603 0.3757 16.4452 4.7317 0.0772
Car -1 -1 0.6041 986.8035 176.2877 1238.0000 321.7986 1.4789 1.5834 3.8403 7.2503 1.4258 9.3735 1.2436 0.0752
Car -1 -1 0.9693 963.1146 180.6267 1237.8074 298.9674 1.4461 1.5789 3.4010 6.9909 1.4353 10.5022 1.5398 0.0666
Car -1 -1 4.7573 604.3433 186.0045 789.3385 363.8615 1.5300 1.6432 4.0764 1.2022 1.5962 8.4387 4.8885 0.0666
Car -1 -1 -0.4929 471.1784 161.6116 527.6002 183.6111 1.5175 1.5830 3.6786 -7.1919 0.1448 51.2780 -0.6363 0.0650
Car -1 -1 3.1441 439.5681 189.2413 502.4077 215.2153 1.4524 1.6840 3.5441 -7.5520 1.9166 41.9935 2.9621 0.0619
Car -1 -1 1.3894 483.2552 186.1671 522.5711 211.3093 1.4326 1.6414 4.1629 -6.0167 1.7322 43.9934 1.2491 0.0605
Car -1 -1 1.7393 482.7604 173.7782 516.8411 196.9487 1.4819 1.6152 4.0152 -6.6700 0.9872 47.9687 1.5970 0.0603
Car -1 -1 2.4838 777.9637 186.5185 876.4807 219.6111 1.4661 1.7143 4.2821 10.6860 1.7129 33.8511 2.7822 0.0580
Car -1 -1 4.6738 487.7383 168.1454 514.9572 191.9693 1.5871 1.7002 4.1440 -6.9358 0.6966 50.0453 4.5319 0.0577
Car -1 -1 -0.2391 487.9355 185.9589 560.0520 212.5233 1.4800 1.6745 3.9002 -4.4686 1.7487 41.9614 -0.3497 0.0551
Car -1 -1 0.6896 485.7000 180.4699 550.0180 204.6228 1.4662 1.6077 3.8934 -5.2252 1.4029 45.3339 0.5704 0.0547
Car -1 -1 -0.5336 804.3511 141.6034 1238.0000 323.8180 1.7695 1.7099 4.3167 4.6420 1.3820 7.8760 -0.0210 0.0524
Car -1 -1 4.2749 830.0742 179.9818 1035.4310 282.5464 1.4521 1.6148 3.7403 5.3205 1.4304 12.0677 4.6768 0.0514
Car -1 -1 0.1898 493.5150 181.8240 568.4642 208.4485 1.4693 1.6606 3.9855 -3.8956 1.4874 40.6723 0.0898 0.0511