Car -1 -1 5.4203 371.1596 176.9073 741.4272 375.0000 1.5531 1.5449 3.3463 -0.2749 1.6004 6.6373 5.3784 0.9384
Car -1 -1 4.9821 881.9057 181.8254 1014.3587 267.6402 1.5371 1.6255 3.6829 7.2397 1.7508 15.2572 5.4168 0.8877
Car -1 -1 1.9891 679.6398 179.8911 896.7752 314.7432 1.4721 1.5752 3.6002 2.6101 1.5879 9.9772 2.2366 0.8855
Car -1 -1 3.3819 886.5101 178.2847 1002.8026 218.0685 1.4148 1.5480 3.8300 12.9310 1.6386 27.9440 3.8108 0.5944
Car -1 -1 1.8560 1048.1692 177.4195 1120.6217 218.3776 1.5917 1.5799 3.6722 19.9262 1.7943 30.2335 2.4337 0.4089
Car -1 -1 1.7423 961.5819 176.5620 1019.0361 213.4405 1.4121 1.5327 3.5473 15.8044 1.5753 29.8790 2.2243 0.1810
Car -1 -1 1.4226 1081.8674 182.2566 1134.9860 215.3796 1.5222 1.6213 3.9731 25.1681 2.0260 36.5160 2.0218 0.1738
Car -1 -1 4.5683 1035.5021 165.7475 1078.8488 193.5672 1.5161 1.5687 3.7875 25.6036 1.1288 41.3711 5.1191 0.1721
Car -1 -1 4.3214 1161.3538 199.5733 1242.0000 271.3519 1.4771 1.6232 3.4779 15.5939 2.2204 18.1691 5.0219 0.1430
Car -1 -1 2.7178 1206.0421 180.4834 1242.0000 238.7136 1.4902 1.6495 4.2503 19.7725 1.7210 20.3408 3.4814 0.1308
Car -1 -1 0.9347 1194.8184 189.9980 1242.0000 250.4868 1.4315 1.6755 3.6968 18.5025 1.9545 20.0885 1.6711 0.1095
Car -1 -1 2.2708 851.6813 172.8331 969.2356 220.0473 1.4365 1.5409 3.6642 9.8060 1.4358 23.4823 2.6615 0.1057
Car -1 -1 0.7761 1001.1305 178.4978 1105.8241 216.8674 1.4963 1.5742 3.7640 18.8006 1.7526 30.7501 1.3201 0.0954
Car -1 -1 4.6018 1031.5546 170.0786 1075.8602 199.7710 1.4947 1.5853 3.7372 23.5442 1.3550 38.3497 5.1487 0.0939
Car -1 -1 4.4920 956.6042 175.6366 1015.4847 209.8162 1.4760 1.6156 3.7938 17.4121 1.6132 33.5300 4.9670 0.0923
Car -1 -1 1.1913 1214.8401 183.2592 1242.0000 246.5535 1.4248 1.6370 3.9441 17.8566 1.7307 19.0787 1.9354 0.0911
Car -1 -1 0.1177 1038.6235 181.9871 1132.6569 214.5717 1.4999 1.6286 3.7645 23.7627 1.9797 36.0717 0.6960 0.0873
Car -1 -1 4.3149 1107.4639 194.0710 1242.0000 265.3764 1.4631 1.6423 3.8253 14.2069 2.0556 18.0900 4.9720 0.0851
Car -1 -1 2.1434 1177.7916 184.4032 1242.0000 238.7892 1.4658 1.6375 3.8207 19.0548 1.8279 21.3113 2.8656 0.0842
Car -1 -1 1.2032 1135.0199 181.5827 1242.0000 233.5625 1.4262 1.5505 3.8276 18.0895 1.7239 22.5464 1.8725 0.0771
Car -1 -1 -1.1448 1218.1133 200.2418 1242.0000 272.2406 1.4684 1.6362 3.4756 16.5155 2.1754 17.2101 -0.3893 0.0748
Car -1 -1 4.1257 1030.9338 179.0091 1111.4773 210.7336 1.5112 1.6324 3.8113 23.5947 1.8436 37.0423 4.6888 0.0733
Car -1 -1 4.5071 1002.2293 194.1984 1135.3440 276.0360 1.4882 1.6918 4.1881 10.3285 2.0447 16.5551 5.0561 0.0713
Car -1 -1 3.9296 843.1316 169.6340 963.1530 213.9082 1.4186 1.5639 3.9190 10.1410 1.3155 25.2286 4.3073 0.0673
Car -1 -1 0.9777 1058.4979 182.3985 1143.8707 215.6888 1.5110 1.6483 3.7786 24.2291 2.0086 35.7239 1.5693 0.0649
Car -1 -1 5.5764 113.4477 200.4879 515.1891 375.0000 1.4627 1.5668 3.6321 -2.7140 1.8227 7.4358 5.2366 0.0645
Car -1 -1 2.2229 1109.5859 183.9288 1242.0000 237.7132 1.4633 1.6175 3.8067 17.0939 1.8112 21.4072 2.8895 0.0642
Car -1 -1 1.2136 1206.1448 200.9541 1242.0000 280.1851 1.4325 1.6615 3.5382 15.2667 2.1465 16.3810 1.9541 0.0622
Car -1 -1 4.3285 1036.5006 169.0788 1086.9890 191.0708 1.4621 1.5742 3.9974 31.3071 1.2111 50.0732 4.8844 0.0612
Car -1 -1 -0.5791 1051.2411 183.0219 1148.1178 214.4730 1.5128 1.6459 3.7183 24.4637 2.0334 36.0982 0.0122 0.0575
Car -1 -1 -0.5127 1057.1978 193.1365 1242.0000 261.3660 1.4742 1.6117 3.9975 13.2574 1.9899 17.2845 0.1326 0.0559
Car -1 -1 2.1736 941.4985 168.9651 1009.6025 196.6025 1.5271 1.6092 3.8343 21.0577 1.3122 41.4943 2.6401 0.0548
Car -1 -1 1.5723 1041.8313 178.8046 1083.7001 211.8378 1.4941 1.6625 3.9225 22.2766 1.8042 35.4978 2.1285 0.0528
Car -1 -1 1.3931 1048.3580 179.6250 1114.0452 219.2578 1.4616 1.5832 3.6759 19.0568 1.7552 29.2932 1.9648 0.0528
Car -1 -1 2.5325 1025.4944 165.0371 1110.1290 192.3500 1.4929 1.5722 3.7747 25.5626 1.0656 40.3136 3.0941 0.0522
Car -1 -1 0.8699 1236.6882 191.6630 1242.0000 277.4878 1.4621 1.6440 3.8199 15.5206 1.9080 15.1315 1.6577 0.0512
Car -1 -1 1.4983 1089.7633 172.2788 1117.3916 191.9109 1.4974 1.5235 3.7466 39.0128 1.4535 57.0362 2.0956 0.0509