Car -1 -1 1.8420 379.5840 141.3357 553.9102 269.0252 1.9368 1.9221 4.7047 -2.2093 1.3274 13.3354 1.6755 0.7165
Car -1 -1 4.6328 687.1963 159.1682 716.9794 185.4325 1.6910 1.6442 4.0088 6.7952 0.2524 48.2966 4.7670 0.3957
Car -1 -1 3.2315 351.5716 125.2719 490.8521 175.5932 1.5248 1.6007 4.2223 -5.6645 -0.1998 23.1390 2.9896 0.3941
Car -1 -1 1.4986 352.0081 142.5275 412.6479 192.8632 1.5088 1.6204 3.8230 -7.2290 0.3402 23.6069 1.1998 0.2172
Car -1 -1 4.6781 575.4079 156.0176 600.9597 181.4034 1.8220 1.7462 4.1615 -0.9485 -0.0085 53.7003 4.6557 0.2136
Car -1 -1 5.0986 371.3094 129.2119 473.6476 186.1754 1.4588 1.5415 3.6355 -4.9095 0.1194 20.3074 4.8597 0.1832
Car -1 -1 4.6087 418.0146 124.5048 480.2437 174.8613 1.5130 1.6469 3.8260 -5.1647 -0.2433 24.2058 4.3962 0.1589
Car -1 -1 1.5424 532.0891 161.0010 598.2420 223.0471 1.5034 1.6084 4.2217 -1.0341 1.0064 19.5771 1.4852 0.1497
Car -1 -1 3.1164 548.4860 177.3674 717.8284 239.6494 1.4780 1.6218 4.0226 0.7861 1.3796 17.8828 3.1543 0.1480
Car -1 -1 4.8546 675.9920 169.6660 701.4507 190.1372 1.6656 1.6148 3.8693 7.4717 0.7017 60.5220 4.9720 0.1268
Car -1 -1 4.7870 618.3557 162.2621 639.3051 180.9855 1.7049 1.6933 4.0180 2.7050 -0.0511 67.6179 4.8220 0.1207
Car -1 -1 0.0619 686.2493 159.3868 778.4670 197.2708 1.5499 1.5864 3.7727 5.6389 0.6447 30.6035 0.2376 0.1202
Car -1 -1 4.9319 710.0533 160.5202 737.1514 179.7475 1.7559 1.7095 4.0667 11.7295 -0.1730 68.2111 5.0968 0.1142
Car -1 -1 1.6413 747.5785 163.1370 787.0359 197.9106 1.6612 1.6803 4.3478 8.5645 0.7834 36.6403 1.8644 0.1095
Car -1 -1 3.0451 315.8725 142.1469 459.0354 194.7691 1.5347 1.5783 4.1580 -6.6536 0.3866 22.4635 2.7555 0.1036
Car -1 -1 3.2992 566.9922 157.0794 630.0939 180.0896 1.6400 1.6859 4.4064 -0.1129 -0.1063 52.5047 3.2923 0.1013
Car -1 -1 3.6227 296.4806 133.3253 449.9721 190.6989 1.4694 1.5322 3.6762 -6.1121 0.2353 19.4737 3.3178 0.0913
Car -1 -1 -0.4253 988.8558 161.3249 1238.0000 268.4893 1.4723 1.5871 4.0345 8.4386 1.1950 11.0650 0.2096 0.0856
Car -1 -1 4.8425 379.0247 127.7130 445.8954 178.7208 1.5218 1.6388 3.8491 -6.0970 -0.0998 23.6629 4.5885 0.0819
Car -1 -1 0.1128 391.2996 128.2463 516.5862 176.5941 1.5276 1.6185 3.9213 -4.7816 -0.1701 23.8723 -0.0873 0.0801
Car -1 -1 3.0773 684.5624 160.5227 742.2715 183.9717 1.5043 1.5580 3.6301 7.3602 0.1578 47.0142 3.2270 0.0741
Car -1 -1 4.9000 689.5731 156.3330 740.4961 193.3628 1.5373 1.6038 3.5532 5.1195 0.4920 31.7648 5.0537 0.0724
Car -1 -1 1.4837 749.7062 159.8851 780.8090 185.1491 1.6147 1.6534 4.0550 10.9778 0.2324 48.0305 1.7024 0.0709
Car -1 -1 1.6221 675.4890 160.1253 696.3619 181.4001 1.9492 1.7623 4.4537 8.1486 -0.0110 68.1813 1.7358 0.0676
Car -1 -1 1.6508 737.8539 159.5543 781.8145 198.8890 1.5141 1.5056 3.5530 6.6088 0.6689 29.5694 1.8639 0.0656
Car -1 -1 1.0235 947.9188 177.2491 1197.9639 283.8504 1.4345 1.5542 3.7382 7.2639 1.3772 11.5364 1.5699 0.0651
Car -1 -1 -0.5137 750.2943 166.6318 834.7986 195.5880 1.5259 1.6504 4.1874 10.4677 0.7417 39.1883 -0.2593 0.0623
Car -1 -1 1.8372 366.7647 126.8839 453.1904 187.9161 1.4808 1.4449 3.0495 -4.9347 0.1554 18.9605 1.5813 0.0598
Car -1 -1 4.8189 520.3380 148.3890 588.8599 204.0784 1.4794 1.5958 3.9520 -1.2519 0.5995 21.0910 4.7555 0.0597
Car -1 -1 3.4547 750.2593 173.3937 845.1509 205.3580 1.4533 1.6089 4.0934 9.4331 1.0842 34.4458 3.7150 0.0579
Car -1 -1 -0.1298 391.4269 150.8701 566.5066 217.9327 1.5095 1.5918 4.0363 -2.9825 0.8198 17.5275 -0.3009 0.0560
Car -1 -1 3.2131 635.7285 157.9303 728.7501 193.8769 1.4959 1.6100 3.8945 3.5649 0.5146 31.0347 3.3216 0.0559
Car -1 -1 4.2195 898.3781 177.7557 1192.1212 321.6558 1.5028 1.6035 3.6339 5.4042 1.4635 9.3300 4.7269 0.0553
Car -1 -1 2.8860 269.1240 152.5809 412.1707 206.4817 1.5047 1.5715 3.8050 -7.8319 0.6971 21.7781 2.5397 0.0552
Car -1 -1 4.8326 454.7884 138.2867 508.1425 182.1526 1.5861 1.6257 3.5373 -4.5317 0.0232 27.7772 4.6677 0.0548
Car -1 -1 3.1951 619.7087 170.8998 697.6400 199.4210 1.4435 1.6066 3.9637 3.0606 0.9064 37.4086 3.2711 0.0542
Car -1 -1 -0.4512 749.5579 174.2700 821.3054 199.8050 1.4788 1.6106 3.8192 11.0000 1.0594 42.7792 -0.2060 0.0530
Car -1 -1 -0.6855 975.1760 179.3769 1238.0000 325.4296 1.4847 1.5858 3.7351 6.5283 1.4630 8.1532 -0.0314 0.0518
Car -1 -1 4.9670 705.3227 152.3306 773.3986 195.2555 1.5286 1.6412 3.9996 5.4358 0.4894 27.7401 5.1539 0.0516
Car -1 -1 1.3463 733.3765 156.2946 771.9734 183.2655 1.7480 1.6491 4.1502 10.2582 0.1136 48.6488 1.5482 0.0515
Car -1 -1 4.6454 755.2148 154.9007 785.1647 182.9881 1.8472 1.7092 4.0535 11.6278 0.0971 49.3792 4.8707 0.0515
Car -1 -1 4.6351 748.8900 155.2551 775.8718 179.2978 1.7804 1.7062 4.0850 12.5273 -0.1784 55.7294 4.8504 0.0513
Car -1 -1 -0.4812 678.3691 163.7028 732.4796 184.5484 1.6903 1.7032 4.1366 8.7314 0.2462 59.7420 -0.3415 0.0509