Car -1 -1 4.4956 693.0929 179.1112 847.8553 293.5994 1.6136 1.7167 3.8629 2.5445 1.7375 12.3301 4.6931 0.9648
Car -1 -1 1.7767 359.8119 188.8675 504.7499 303.3773 1.5244 1.5842 3.4296 -2.7298 1.8250 11.8169 1.5534 0.9554
Car -1 -1 4.5903 655.7874 172.8619 728.5453 233.6054 1.6852 1.6827 4.2955 2.4315 1.6854 22.1779 4.6972 0.9223
Car -1 -1 4.5996 677.4491 185.7056 761.6870 255.8727 1.4095 1.5384 3.4640 2.4727 1.7415 16.8898 4.7414 0.8875
Car -1 -1 1.6791 524.2599 176.3120 565.2061 208.7950 1.5187 1.6089 4.0880 -3.1979 1.7023 36.2342 1.5912 0.8377
Car -1 -1 4.5946 643.7333 171.0990 685.8411 205.1514 1.6172 1.6469 3.9638 2.7205 1.5338 36.2830 4.6683 0.6493
Car -1 -1 4.4100 508.2372 174.7182 544.1114 196.6722 1.5463 1.5654 3.8048 -6.1865 1.6892 53.2269 4.2945 0.2339
Car -1 -1 4.7921 613.5981 193.8539 668.3091 242.3247 1.4408 1.6070 3.5367 1.1465 2.2197 24.9082 4.8366 0.2141
Car -1 -1 3.7954 486.9979 173.6139 561.0972 203.1900 1.4876 1.5801 3.6704 -4.5157 1.5293 37.9909 3.6775 0.1243
Car -1 -1 1.6459 621.9430 180.7587 657.7339 210.4612 1.5160 1.6756 4.2968 1.7394 1.9813 40.2460 1.6882 0.1093
Car -1 -1 4.4577 708.4861 164.6461 769.6110 200.4678 1.4121 1.5582 4.0533 5.3955 1.0885 30.5265 4.6307 0.0939
Car -1 -1 4.4798 617.4553 173.4040 654.1848 198.9056 1.6842 1.6636 3.9550 1.7689 1.7238 49.8442 4.5147 0.0763
Car -1 -1 1.5579 514.6484 173.0843 538.7330 196.3692 1.5950 1.6441 4.2934 -5.9647 1.6122 51.7023 1.4433 0.0735
Car -1 -1 4.1928 652.2618 160.6189 694.7098 181.7927 1.6914 1.7373 4.0164 5.2575 0.7141 59.8261 4.2798 0.0681
Car -1 -1 4.3361 642.6888 158.3567 681.2738 181.0148 1.8326 1.7546 4.3575 4.3616 0.6601 60.7015 4.4073 0.0630
Car -1 -1 -0.2665 682.5325 176.4697 890.5840 248.7005 1.4928 1.6122 4.1656 3.7914 1.5768 15.8835 -0.0372 0.0614
Car -1 -1 5.1215 520.0396 174.7764 561.9981 196.9297 1.5674 1.6439 3.9981 -5.0417 1.7158 53.5783 5.0278 0.0605
Car -1 -1 4.7520 641.4720 177.6740 674.2220 207.8575 1.5476 1.6427 3.9679 2.7005 1.8266 39.7122 4.8188 0.0597
Car -1 -1 4.6214 634.9368 178.3145 666.7299 204.4481 1.4948 1.5954 3.7186 2.4736 1.8417 43.9467 4.6767 0.0595
Car -1 -1 4.2138 643.7081 155.0455 694.2230 180.1087 1.7542 1.7637 4.4684 4.2965 0.5078 52.9005 4.2942 0.0580
Car -1 -1 3.0871 626.8437 170.1357 711.3403 203.6868 1.6466 1.7081 4.1457 2.9445 1.5132 36.3171 3.1669 0.0556
Car -1 -1 4.6987 645.2390 173.1842 677.5817 204.3737 1.5548 1.6122 3.9214 2.7002 1.5731 38.0134 4.7686 0.0525