Car -1 -1 1.9099 355.3160 191.2166 499.7987 272.1214 1.4387 1.7233 4.3633 -3.8579 1.9065 16.1188 1.6779 0.9676
Car -1 -1 4.6337 741.1234 180.7560 825.4974 250.3743 1.4737 1.6820 3.8420 4.1575 1.6903 17.7562 4.8592 0.8910
Car -1 -1 1.8612 660.4800 174.2112 695.6165 196.6751 1.6754 1.6576 3.9766 5.3745 1.7852 56.2281 1.9555 0.5252
Car -1 -1 1.4184 736.2694 172.5822 795.0635 213.8231 1.4491 1.5699 4.0159 5.8449 1.4395 27.4010 1.6259 0.3969
Car -1 -1 1.7742 685.1673 177.0747 713.5176 195.8659 1.5627 1.6176 4.4043 7.9251 1.9473 63.4014 1.8975 0.2477
Car -1 -1 1.6433 726.3061 173.8189 766.8889 209.0121 1.5558 1.6091 3.9000 6.5243 1.6042 34.1034 1.8302 0.1630
Car -1 -1 4.4936 724.7404 170.1967 764.1419 195.5991 1.5334 1.5962 4.0565 8.4721 1.3730 45.6125 4.6757 0.0906
Car -1 -1 4.6971 822.2831 173.1868 857.2260 204.8696 1.4855 1.5734 3.5590 11.3808 1.5029 35.8016 5.0021 0.0750
Car -1 -1 -0.0481 649.3113 175.4286 697.5456 196.2171 1.5784 1.6576 3.6452 4.9187 1.7811 55.9065 0.0388 0.0742
Car -1 -1 4.6234 793.3074 173.6795 833.3927 205.4949 1.4985 1.5928 3.6704 10.1236 1.5420 36.0351 4.8947 0.0703
Car -1 -1 3.6148 293.5080 175.8511 423.4230 220.2860 1.4561 1.5992 3.9325 -8.6052 1.5638 24.8601 3.2845 0.0677
Car -1 -1 1.8494 653.0478 176.2424 687.4171 198.0526 1.5861 1.6310 3.8275 4.6772 1.8551 55.1974 1.9331 0.0666
Car -1 -1 -0.2270 732.7428 185.2287 928.4241 256.1067 1.5243 1.6675 4.0765 5.0169 1.8287 16.7982 0.0575 0.0624
Car -1 -1 4.5347 728.9655 182.3627 786.2281 223.7036 1.5212 1.6251 3.7411 5.9374 1.9322 29.3036 4.7319 0.0623
Car -1 -1 1.3739 491.7012 199.7178 572.4658 257.3014 1.4502 1.7278 3.9845 -2.4912 2.3627 22.3477 1.2632 0.0607
Car -1 -1 3.6606 235.6488 176.6104 385.4568 234.3213 1.5994 1.6399 3.7484 -8.7246 1.7153 21.1952 3.2741 0.0605
Car -1 -1 4.5647 728.6302 173.6072 771.7841 205.5868 1.4949 1.5798 3.5070 6.8858 1.5340 35.5985 4.7538 0.0601
Car -1 -1 0.2107 695.8705 173.1869 810.3889 213.8993 1.4447 1.5608 3.9870 5.3932 1.4580 27.1312 0.4043 0.0582
Car -1 -1 1.5846 740.7551 174.5875 790.7172 219.9135 1.4801 1.6184 4.1970 5.6371 1.5478 25.9579 1.7955 0.0571
Car -1 -1 2.8917 807.0004 173.0845 897.3672 204.2321 1.4618 1.5857 3.8566 11.6450 1.4733 34.8034 3.2116 0.0552
Car -1 -1 1.2437 643.8382 177.2454 680.1669 197.9955 1.5399 1.6481 3.9692 4.0690 1.8972 56.5761 1.3147 0.0516
Car -1 -1 1.5842 488.4993 202.0236 540.0767 252.3929 1.4605 1.6489 3.7149 -3.2838 2.5540 25.1095 1.4546 0.0510
Car -1 -1 1.6700 715.7738 177.4663 761.5433 213.5046 1.5052 1.6538 4.1710 5.9500 1.7300 32.9386 1.8465 0.0505