Car -1 -1 4.7858 559.2028 168.8966 578.9429 185.4969 1.5558 1.6066 3.9904 -3.3533 0.4677 68.2808 4.7387 0.5726
Car -1 -1 -0.1389 761.1162 158.4427 822.2479 178.0961 1.4565 1.5893 4.3091 14.2040 -0.1867 53.7041 0.1201 0.3467
Car -1 -1 1.5205 578.4976 177.6972 599.7513 196.8020 1.5039 1.5513 3.6763 -1.2440 1.2827 57.5447 1.5007 0.1469
Car -1 -1 4.8735 526.4536 164.9908 551.5678 184.8717 1.6868 1.6365 3.5006 -5.6570 0.3704 61.7940 4.7845 0.1248
Car -1 -1 1.3407 614.9717 173.1485 645.1629 192.9580 1.5144 1.5497 3.8946 2.0246 0.9519 56.1126 1.3782 0.1182
Car -1 -1 4.5302 777.6506 158.3426 809.8321 180.4289 1.6483 1.6938 4.1168 14.6782 -0.0063 54.8999 4.7918 0.1003
Car -1 -1 4.4557 757.2720 156.9562 792.2581 178.5979 1.6020 1.6592 4.0447 13.1641 -0.1533 54.7371 4.6922 0.0986
Car -1 -1 0.9239 727.8528 113.3522 1098.3993 314.7117 1.6644 1.7117 3.8844 3.0520 1.1093 7.9504 1.2795 0.0923
Car -1 -1 1.3395 690.1556 120.4138 947.4986 327.2483 1.6908 1.6885 3.8252 1.9897 1.1996 7.7041 1.5847 0.0901
Car -1 -1 1.3309 576.3367 176.4355 608.3282 196.4875 1.4929 1.6512 3.6648 -0.9430 1.1898 54.6218 1.3154 0.0770
Car -1 -1 4.6676 779.2232 142.5742 820.7933 177.7061 1.5570 1.7308 3.9804 9.3057 -0.1424 33.8080 4.9358 0.0691
Car -1 -1 2.4141 542.4551 175.0341 591.0078 194.0760 1.5140 1.5983 3.9124 -3.0447 1.0789 58.1602 2.3638 0.0648
Car -1 -1 -0.1497 593.0737 125.2339 999.3644 300.5938 1.6992 1.6951 3.9559 1.9303 1.1636 7.8617 0.0841 0.0640
Car -1 -1 3.0385 555.0540 178.1536 604.2381 197.2062 1.4992 1.6083 3.7975 -1.9779 1.3140 56.6896 3.0054 0.0624
Car -1 -1 1.2005 751.6382 89.4507 1123.2487 319.7971 1.5362 1.6323 3.9488 2.6401 0.9290 6.6964 1.5628 0.0622
Car -1 -1 1.5752 533.4804 176.7877 554.5176 196.3032 1.5005 1.6136 4.0148 -4.7806 1.2146 56.4290 1.4928 0.0599
Car -1 -1 1.4675 530.0710 175.9276 554.0721 194.8592 1.5015 1.5725 3.9687 -5.1324 1.1383 58.1727 1.3817 0.0576
Car -1 -1 1.5372 581.9281 179.4183 604.2220 199.5542 1.5375 1.6366 4.0332 -0.9035 1.4544 56.0421 1.5227 0.0568
Car -1 -1 1.5557 534.9376 173.9245 552.5499 190.6626 1.4803 1.5501 3.8046 -5.5268 0.8982 64.4992 1.4723 0.0526