Car -1 -1 1.5729 457.8865 184.6044 482.6518 207.2922 1.4887 1.6792 4.2459 -10.0124 2.3706 51.9110 1.3829 0.5508
Car -1 -1 4.7533 592.7184 181.5497 619.2097 205.8242 1.5067 1.6122 3.6718 -0.2060 2.1075 47.9858 4.7485 0.4917
Car -1 -1 1.7654 450.9297 183.0131 487.2809 208.5381 1.6440 1.6931 4.2379 -9.7352 2.3819 50.2852 1.5747 0.1840
Car -1 -1 1.6825 584.5212 177.6185 617.9573 205.2766 1.6524 1.6701 4.2357 -0.4842 1.9710 46.0535 1.6715 0.1606
Car -1 -1 1.8139 449.9253 179.2762 494.8960 208.0395 1.4270 1.5131 3.6646 -7.2634 1.7864 38.5054 1.6282 0.1423
Car -1 -1 1.7174 463.6962 183.2410 499.3682 210.7629 1.4464 1.4990 3.4782 -7.2328 2.0621 41.0075 1.5434 0.1333
Car -1 -1 0.6519 165.6547 198.3743 250.7081 227.1799 1.4565 1.7053 3.8343 -21.9966 2.8970 39.6018 0.1474 0.1250
Car -1 -1 1.7469 440.7381 181.7066 484.9911 213.2370 1.4379 1.5230 3.6753 -7.2215 1.8999 35.7993 1.5488 0.1174
Car -1 -1 1.8532 189.2928 199.2280 246.0738 230.3759 1.4257 1.7068 3.5500 -20.6623 2.8914 38.1829 1.3598 0.1143
Car -1 -1 1.3820 505.2148 183.0005 536.0508 205.5768 1.5403 1.5907 3.6406 -6.5614 2.3131 52.9805 1.2589 0.1114
Car -1 -1 2.0464 117.7206 177.2817 327.3340 272.4477 1.4536 1.6317 4.0918 -6.8192 1.5476 13.2650 1.5792 0.1054
Car -1 -1 1.9764 238.7243 175.9688 354.1846 241.8659 1.6855 1.6434 3.7272 -8.7477 1.7821 20.5013 1.5774 0.1024
Car -1 -1 1.8898 210.4335 197.5707 267.7161 227.5523 1.4531 1.6467 4.1414 -20.8231 2.9225 40.7219 1.4194 0.0987
Car -1 -1 1.8528 490.4279 180.5867 527.2086 204.0452 1.5660 1.5990 3.8090 -7.1433 2.1392 51.4854 1.7152 0.0951
Car -1 -1 1.6298 464.7140 181.2438 507.2028 216.8998 1.4741 1.6619 4.1863 -5.5929 1.8833 33.0226 1.4628 0.0923
Car -1 -1 1.6275 482.7408 177.8633 516.4156 207.5088 1.4692 1.5517 3.8092 -5.8062 1.7495 38.3932 1.4779 0.0920
Car -1 -1 1.9798 174.1963 200.4274 252.9593 238.9399 1.4457 1.6939 3.6895 -17.3112 2.7314 31.7338 1.4835 0.0913
Car -1 -1 1.8646 206.7232 198.6481 272.2429 234.9272 1.4463 1.6418 3.9537 -17.2540 2.7302 33.8252 1.3957 0.0894
Car -1 -1 1.3565 597.1912 177.1161 638.0098 204.5956 1.6025 1.6764 4.2403 0.4478 1.8816 45.0192 1.3658 0.0886
Car -1 -1 0.4905 433.9742 184.9751 499.9519 206.9381 1.4960 1.6984 4.4025 -10.3095 2.3974 52.2054 0.2960 0.0872
Car -1 -1 1.6894 487.6949 180.6801 523.2307 208.5172 1.4654 1.5579 3.7421 -5.8591 1.9299 40.9344 1.5477 0.0858
Car -1 -1 1.5453 230.9323 190.7472 256.3654 212.5773 1.5029 1.6425 3.9161 -28.0430 2.9254 55.2516 1.0772 0.0841
Car -1 -1 1.5686 644.1591 179.4844 670.7088 204.4788 1.4991 1.6303 3.9650 3.0700 1.9440 46.3829 1.6337 0.0818
Car -1 -1 0.2112 140.7747 197.7971 250.6716 234.1327 1.4696 1.6895 4.0280 -18.5470 2.6426 32.5244 -0.3039 0.0817
Car -1 -1 1.7186 167.0513 203.4546 250.7781 262.4637 1.4754 1.6786 3.9284 -12.3063 2.5153 22.3858 1.2206 0.0789
Car -1 -1 1.8788 568.5247 177.3963 613.7427 204.5368 1.5790 1.6645 4.0317 -1.0925 1.8751 44.8707 1.8541 0.0733
Car -1 -1 1.9911 432.3429 182.5054 481.1410 207.5150 1.5634 1.6355 4.2915 -10.3398 2.2509 49.1271 1.7843 0.0720
Car -1 -1 1.6572 589.9985 176.6794 622.5737 203.7209 1.5428 1.6366 4.0007 -0.1553 1.7860 43.8100 1.6532 0.0719
Car -1 -1 2.0992 594.9362 182.3458 645.6850 206.3662 1.4598 1.6086 3.8787 0.7525 2.1129 47.5670 2.1143 0.0707
Car -1 -1 0.5608 436.1756 183.9606 497.5250 207.3134 1.5532 1.6667 3.9664 -10.0628 2.3595 50.8924 0.3661 0.0707
Car -1 -1 1.6385 448.5088 188.4174 494.7095 226.8373 1.4444 1.6642 4.0320 -5.8459 2.1568 30.9281 1.4527 0.0694
Car -1 -1 3.3423 408.0869 188.3417 510.8354 224.4555 1.4835 1.6607 4.0969 -6.4285 2.1708 31.1878 3.1401 0.0680
Car -1 -1 -0.6869 247.9852 189.1916 331.3052 218.6455 1.4568 1.6801 4.1272 -17.8148 2.4211 40.3696 -1.1005 0.0669
Car -1 -1 1.7014 477.9851 181.1433 508.8290 205.8837 1.4700 1.4847 3.5216 -7.3422 2.0172 45.8462 1.5431 0.0668
Car -1 -1 2.9419 577.3257 179.9016 639.6340 204.7652 1.5576 1.6015 3.8187 -0.0877 2.0283 47.0299 2.9395 0.0659
Car -1 -1 1.8836 410.7964 188.7378 477.3562 227.5366 1.4453 1.6544 3.7258 -6.8875 2.1567 30.3888 1.6620 0.0640
Car -1 -1 4.6140 466.4548 181.5782 494.2896 203.3265 1.4887 1.6348 4.0283 -9.5731 2.1590 53.2829 4.4367 0.0624
Car -1 -1 1.7768 428.0208 183.7527 481.1856 218.9278 1.4548 1.5813 4.0384 -7.0374 1.9856 33.1159 1.5685 0.0622
Car -1 -1 1.4155 206.4426 189.3872 239.8056 211.0188 1.4792 1.6610 3.7571 -29.1569 2.7715 54.3975 0.9252 0.0619
Car -1 -1 1.7333 276.2955 184.7850 308.1646 206.9079 1.5490 1.5854 4.0170 -24.1301 2.4935 54.9740 1.3212 0.0619
Car -1 -1 1.6540 476.8118 179.0903 515.3958 209.9065 1.4254 1.5844 3.9115 -5.6373 1.7555 36.1927 1.5001 0.0616
Car -1 -1 1.5201 209.0311 201.4599 267.8694 251.5387 1.4621 1.6709 4.0932 -13.3035 2.5701 25.7583 1.0471 0.0606
Car -1 -1 1.5962 601.3506 179.4402 628.5247 205.3524 1.5468 1.6358 4.3183 0.3857 1.9899 46.3659 1.6039 0.0583
Car -1 -1 1.8211 466.2086 185.7976 503.6403 208.0666 1.4675 1.6730 4.2182 -8.9711 2.4436 52.2412 1.6514 0.0579
Car -1 -1 -0.1616 452.1333 182.8125 547.9296 218.6825 1.4474 1.6608 3.8887 -4.7599 1.8982 31.2723 -0.3119 0.0577
Car -1 -1 1.9960 260.5572 165.4781 381.3190 231.7917 1.8614 1.8395 4.3192 -8.8083 1.6544 22.4607 1.6259 0.0577
Car -1 -1 1.7021 486.0904 180.6230 515.7005 204.4297 1.4979 1.4951 3.6661 -7.2584 2.0394 48.4478 1.5537 0.0560
Car -1 -1 5.6232 231.3150 174.1098 279.2013 190.9206 1.5271 1.6993 3.8020 -33.3158 1.6490 67.9379 5.1686 0.0548
Car -1 -1 1.6106 502.1819 179.3167 529.5110 204.9587 1.5280 1.5724 3.7576 -5.9267 1.9566 45.9151 1.4825 0.0545
Car -1 -1 1.8378 537.1550 180.7946 573.8314 202.4546 1.4876 1.6451 4.2412 -3.9552 2.1003 53.4359 1.7638 0.0536
Car -1 -1 5.5661 106.2248 194.7370 272.9119 259.3901 1.4969 1.6129 3.9418 -11.6160 2.1762 20.2718 5.0511 0.0526
Car -1 -1 1.5672 497.4019 180.2356 525.2081 207.5871 1.5246 1.5810 3.8035 -5.8989 1.9878 43.2875 1.4321 0.0511
Car -1 -1 -0.5265 489.7081 182.0251 568.4876 210.5381 1.4581 1.6286 4.0681 -4.4259 1.9897 39.9604 -0.6366 0.0507