Car -1 -1 4.7326 558.6711 182.0524 613.3892 228.8061 1.4421 1.6879 3.4186 -0.6659 1.3445 23.8881 4.7046 0.9564
Car -1 -1 5.3714 0.0000 189.2484 192.3512 328.1480 1.4982 1.5925 3.8600 -7.5890 1.5641 9.8068 4.7259 0.9459
Car -1 -1 4.8455 464.7239 181.2277 536.3552 233.8795 1.5242 1.6780 4.3698 -3.3035 1.4088 23.0018 4.7041 0.9419
Car -1 -1 5.0811 182.1335 189.6078 458.4797 358.0319 1.5890 1.6893 4.1084 -3.1927 1.6566 8.9741 4.7482 0.8882
Car -1 -1 4.9114 406.9684 178.6376 457.5919 213.1270 1.5615 1.6269 3.8101 -8.3216 1.2637 34.4801 4.6760 0.7756
Car -1 -1 2.2331 28.3364 180.8529 196.2502 241.7440 1.3776 1.5250 3.6785 -12.2906 1.2789 18.1541 1.6447 0.7002
Car -1 -1 4.9839 373.7870 180.0835 417.4675 204.3945 1.3995 1.5612 3.7679 -12.6792 1.1041 43.2766 4.7002 0.5716
Car -1 -1 5.1085 253.7646 184.7518 328.5632 222.0710 1.4038 1.5017 3.4771 -12.5649 1.3863 28.7875 4.7001 0.4811
Car -1 -1 4.7748 460.1583 177.9844 487.7790 201.3749 1.4833 1.5598 3.7590 -8.7738 1.0247 47.5449 4.5929 0.4781
Car -1 -1 4.5429 529.1263 179.7965 561.4390 202.3618 1.4715 1.5729 3.7782 -4.2485 1.1181 48.9050 4.4563 0.4682
Car -1 -1 1.6937 503.6654 178.2997 543.8552 209.6288 1.4917 1.5651 3.6031 -4.1323 1.1624 36.0365 1.5800 0.4641
Car -1 -1 5.0845 297.7220 174.4558 397.0431 229.1235 1.4891 1.5529 3.6050 -7.6152 1.1960 21.4093 4.7465 0.2198
Car -1 -1 1.7830 430.1135 184.1671 472.2684 210.5160 1.4523 1.5875 3.9066 -8.9651 1.3945 41.5752 1.5716 0.1566
Car -1 -1 1.9449 261.8356 173.2725 378.6935 233.2163 1.4780 1.5904 4.0010 -7.7125 1.1835 19.7290 1.5767 0.1171
Car -1 -1 1.3549 608.0189 190.7254 647.1714 215.6767 1.4357 1.7465 3.1569 1.2063 1.7848 43.8340 1.3817 0.1136
Car -1 -1 3.3827 354.6338 181.6140 448.9827 215.6066 1.5391 1.6249 3.9424 -9.4928 1.3760 33.4272 3.1077 0.1127
Car -1 -1 1.5339 594.4417 191.6275 624.8473 216.0133 1.4078 1.7396 3.2002 0.1168 1.8147 43.9859 1.5360 0.1091
Car -1 -1 4.5247 402.0135 170.3905 436.3134 194.5721 1.6463 1.6493 3.9615 -13.3956 0.6370 51.0819 4.2693 0.1029
Car -1 -1 4.6767 397.3990 168.9789 418.6876 188.4442 1.6497 1.6593 4.0500 -17.5075 0.2736 63.1057 4.4069 0.0955
Car -1 -1 1.6081 530.1989 175.9242 558.3531 201.8385 1.5951 1.6502 4.1905 -4.0177 1.0232 46.3820 1.5218 0.0902
Car -1 -1 1.6870 592.1464 180.6654 616.6235 199.7934 1.5073 1.5678 3.7798 -0.1985 1.1487 58.6129 1.6832 0.0889
Car -1 -1 1.8553 176.8721 195.7396 257.6910 239.7071 1.4388 1.6054 3.7552 -14.2522 1.8558 26.4833 1.3654 0.0871
Car -1 -1 0.2330 412.5485 176.8799 484.5765 201.4334 1.5542 1.6590 4.2681 -10.1924 1.0265 46.3680 0.0175 0.0836
Car -1 -1 3.5338 1.3433 186.2613 194.3083 243.8530 1.4353 1.5914 3.8799 -13.4063 1.4648 19.1447 2.9292 0.0818
Car -1 -1 5.2938 0.0000 219.1569 303.6790 376.0000 1.5474 1.6543 4.0320 -5.6264 2.0777 9.1813 4.7563 0.0790
Car -1 -1 1.9799 507.6695 180.0752 566.6907 210.5717 1.5673 1.6357 4.2692 -3.7476 1.3031 39.2276 1.8849 0.0765
Car -1 -1 1.6662 347.5724 214.4608 456.0837 308.1993 1.4317 1.6636 4.0537 -3.9670 2.1066 14.4508 1.4022 0.0755
Car -1 -1 2.4044 0.0000 176.4050 141.9468 228.4746 1.4453 1.5490 3.8166 -16.4678 1.2007 21.9754 1.7670 0.0753
Car -1 -1 1.7319 453.7783 183.3752 492.3802 209.7605 1.4547 1.5825 3.9096 -7.7088 1.3532 41.6035 1.5494 0.0749
Car -1 -1 3.3600 445.7869 177.1263 508.5098 200.4505 1.4889 1.5555 3.7648 -8.4253 0.9725 46.7422 3.1823 0.0705
Car -1 -1 1.1846 597.5214 177.8543 629.7217 195.4490 1.5210 1.5553 3.8014 0.5410 0.8847 64.1983 1.1925 0.0694
Car -1 -1 1.9586 0.0000 177.3769 53.0203 201.7166 1.5450 1.5755 4.0042 -38.6636 1.0474 47.7733 1.2807 0.0684
Car -1 -1 1.4994 605.7876 190.9918 653.7328 230.9211 1.4400 1.6158 3.8125 0.8300 1.6840 28.4252 1.5277 0.0672
Car -1 -1 4.7957 0.0000 178.4088 53.3351 215.4164 1.5023 1.5943 3.7115 -25.1677 1.2260 31.1662 4.1203 0.0667
Car -1 -1 1.5297 582.1923 190.4131 628.1821 230.3141 1.4424 1.6545 3.7690 -0.1382 1.6617 28.4085 1.5243 0.0660
Car -1 -1 2.5023 616.6381 186.9690 688.0922 212.2002 1.4630 1.7424 4.1190 2.7716 1.5744 43.7945 2.5646 0.0636
Car -1 -1 2.0241 216.5292 186.3579 314.4969 227.8616 1.4269 1.5778 4.2904 -12.6839 1.4732 26.9911 1.5883 0.0632
Car -1 -1 1.6175 453.2258 175.3967 482.3152 199.8934 1.4909 1.6306 3.9746 -8.8476 0.8933 45.8350 1.4276 0.0626
Car -1 -1 4.6538 392.5234 180.0098 423.1216 204.8257 1.4614 1.5925 4.0557 -12.3795 1.1548 44.5084 4.3837 0.0616
Car -1 -1 -0.7950 453.3077 186.4934 908.3799 376.0000 1.4944 1.5960 4.0052 0.8432 1.5089 6.3280 -0.6687 0.0605
Car -1 -1 1.5550 505.7624 191.2857 546.5564 228.2617 1.4358 1.6155 3.6475 -3.4596 1.7091 30.4529 1.4424 0.0589
Car -1 -1 1.2402 532.4337 177.1349 577.7546 203.2678 1.5702 1.6228 4.0501 -3.3370 1.0846 45.3729 1.1668 0.0583
Car -1 -1 4.6263 439.0686 217.9085 545.7248 316.0200 1.4285 1.6962 4.0793 -2.3841 2.1696 14.1098 4.4611 0.0568
Car -1 -1 3.2944 0.0000 182.6544 195.6723 247.3538 1.4389 1.5998 4.1889 -12.5590 1.3820 17.6325 2.6825 0.0563
Car -1 -1 0.1441 271.7517 174.2291 419.8728 228.9872 1.5122 1.5635 3.8729 -7.5165 1.2088 20.9960 -0.1959 0.0561
Car -1 -1 1.8365 357.1384 174.7690 406.3827 205.1606 1.6657 1.6919 4.0628 -12.9309 1.0931 41.4589 1.5357 0.0559
Car -1 -1 4.7398 534.9818 178.3061 570.1678 209.2940 1.4798 1.6588 4.1678 -2.7175 1.1498 36.4490 4.6656 0.0543
Car -1 -1 4.7935 292.2276 173.4968 361.2475 226.3316 1.4596 1.6180 4.0181 -8.4851 1.1359 22.0139 4.4295 0.0542
Car -1 -1 1.6346 605.4022 178.7523 627.6177 198.8184 1.5788 1.5674 3.8353 0.7873 1.0703 58.5327 1.6476 0.0538
Car -1 -1 -0.3347 525.4111 194.3926 627.5082 232.1944 1.4471 1.6608 3.8887 -1.2749 1.8456 29.7298 -0.3778 0.0536
Car -1 -1 1.7719 351.5611 171.3345 384.4726 193.2332 1.5134 1.5403 3.6267 -17.1154 0.5541 51.5714 1.4528 0.0530
Car -1 -1 1.5556 532.5392 192.3072 573.7526 229.4868 1.4418 1.6416 3.8419 -2.3311 1.7636 30.6234 1.4797 0.0521
Car -1 -1 0.8061 554.1873 187.9844 618.0243 212.7805 1.4325 1.6706 3.8876 -1.3224 1.6092 43.9222 0.7757 0.0513
Car -1 -1 3.8530 338.6691 181.3828 433.2426 214.8326 1.4865 1.6338 4.1615 -10.3255 1.3161 33.5309 3.5562 0.0510
Car -1 -1 5.1018 323.6388 166.7811 370.4769 191.6967 1.6125 1.6528 3.7707 -17.4708 0.4194 48.4450 4.7572 0.0507