Car -1 -1 4.3821 828.1313 182.5695 1208.5997 375.0000 1.5021 1.6545 4.0852 3.3337 1.6231 6.8692 4.8160 0.9564
Car -1 -1 4.6107 769.3200 176.2434 862.9980 246.5567 1.4193 1.6727 3.7702 4.6674 1.5074 16.7535 4.8771 0.9477
Car -1 -1 1.4547 737.8267 177.2328 802.0920 227.1378 1.4314 1.5587 3.6235 5.0079 1.5818 22.9034 1.6666 0.8430
Car -1 -1 2.2331 0.0000 201.6532 242.8120 375.0000 1.3940 1.5569 3.6094 -4.3768 1.6773 5.2882 1.5660 0.8246
Car -1 -1 1.7810 619.9630 169.4538 662.2817 198.2173 1.7155 1.7710 4.4383 2.0426 1.5127 45.4031 1.8253 0.7760
Car -1 -1 -0.2630 974.0402 170.8059 1075.2926 204.7469 1.4704 1.6025 3.6576 18.6061 1.3817 32.4914 0.2528 0.3539
Car -1 -1 4.4341 988.5165 169.3934 1054.1805 203.1628 1.4744 1.6193 3.9238 19.0796 1.3233 33.5985 4.9465 0.2504
Car -1 -1 4.3776 777.8391 168.2974 812.0450 188.0315 1.6360 1.6557 3.8580 15.8366 1.2582 61.8094 4.6270 0.2257
Car -1 -1 4.8927 703.9413 173.6010 728.7394 189.9146 1.4826 1.6038 4.1005 10.0883 1.5552 67.9728 5.0390 0.2227
Car -1 -1 4.5454 910.6871 177.5956 961.9312 212.1670 1.5064 1.6118 3.5158 15.2689 1.7415 33.8664 4.9652 0.1937
Car -1 -1 5.0058 667.9936 167.8300 696.7290 184.8255 1.5668 1.6441 3.9680 6.9583 1.1036 68.6637 5.1061 0.1871
Car -1 -1 1.7734 652.9778 174.2210 685.9304 196.5681 1.5496 1.6043 4.0618 4.3951 1.6531 52.4733 1.8561 0.1770
Car -1 -1 4.5232 815.7377 157.9236 854.1877 183.5538 1.5928 1.6543 3.9923 14.6012 0.6650 46.9168 4.8230 0.1710
Car -1 -1 1.7631 716.0460 179.7778 749.9265 203.5710 1.5191 1.5713 3.9076 8.4866 2.0134 49.3989 1.9317 0.1044
Car -1 -1 1.8051 698.6740 170.7855 727.8943 190.1123 1.6928 1.6674 4.3330 9.4532 1.5116 65.5182 1.9475 0.1018
Car -1 -1 1.5573 923.0871 180.9727 961.6531 217.1351 1.4770 1.4899 3.8375 14.9199 1.8652 32.4496 1.9843 0.1009
Car -1 -1 -0.4108 1020.2582 154.9992 1242.0000 238.6746 1.5565 1.6465 3.6583 10.6063 1.2244 14.6047 0.2075 0.0963
Car -1 -1 1.0768 815.4712 163.8591 872.0718 194.6589 1.6857 1.6452 3.4310 13.3547 1.1934 41.3273 1.3870 0.0880
Car -1 -1 2.0387 629.3865 163.4277 670.7386 188.2385 1.9970 1.7498 4.1910 3.4260 1.2383 60.3285 2.0948 0.0858
Car -1 -1 4.2292 701.4977 164.7903 763.4100 194.8325 1.4752 1.5913 3.7704 6.3160 1.0793 37.4708 4.3945 0.0858
Car -1 -1 -0.2606 818.6415 158.8068 892.7144 183.6598 1.5416 1.6394 4.1576 15.5423 0.6703 45.7083 0.0651 0.0809
Car -1 -1 -0.2018 904.6044 162.8034 1092.0510 224.5086 1.4634 1.5694 3.9666 9.7513 1.2250 18.4113 0.2783 0.0781
Car -1 -1 1.4934 812.4977 174.8108 854.2094 207.0231 1.4936 1.6586 3.9941 11.0559 1.5966 35.8439 1.7898 0.0766
Car -1 -1 1.4440 729.3674 190.0533 782.3901 230.4490 1.4116 1.5906 3.7868 5.7713 2.1447 28.8117 1.6389 0.0761
Car -1 -1 2.0325 709.9059 174.2335 746.1350 191.0507 1.5407 1.7382 4.1468 11.3012 1.6762 68.6551 2.1946 0.0720
Car -1 -1 1.2627 922.3670 165.0481 1070.6545 245.2740 1.5063 1.6193 4.0684 8.1926 1.3597 15.6866 1.7358 0.0707
Car -1 -1 2.8020 714.6307 177.7736 774.9082 200.6338 1.4807 1.5791 3.6440 9.0222 1.8170 48.2568 2.9853 0.0634
Car -1 -1 4.5616 837.8097 165.9669 921.8234 224.4645 1.4828 1.6047 3.9933 7.5196 1.3082 20.4048 4.9095 0.0593
Car -1 -1 -0.3064 1005.1614 167.7918 1119.0385 202.3837 1.4727 1.5869 3.9797 19.9545 1.2572 31.9738 0.2471 0.0583
Car -1 -1 4.2890 999.0461 169.4655 1148.8298 241.7298 1.4223 1.5760 3.1568 10.0404 1.3556 15.8696 4.8444 0.0578
Car -1 -1 1.1451 855.2226 172.2995 956.3408 222.6573 1.4556 1.5604 3.6238 9.1960 1.4396 22.7023 1.5250 0.0571
Car -1 -1 3.5075 757.7684 170.0493 807.3944 188.7070 1.5301 1.6156 3.7428 14.5893 1.3001 60.8962 3.7412 0.0565
Car -1 -1 1.1227 857.2418 179.9817 940.6918 221.3757 1.4537 1.5630 3.6012 11.0628 1.7470 27.8319 1.4969 0.0564
Car -1 -1 4.7003 1020.4179 186.1689 1067.6724 229.9641 1.5524 1.5219 3.5428 17.2045 2.1165 28.6553 5.2359 0.0558
Car -1 -1 -0.5601 855.3970 171.6144 994.8201 218.4692 1.4753 1.6203 3.9684 10.3711 1.4362 23.8240 -0.1545 0.0552
Car -1 -1 1.5717 702.9951 172.5973 722.1865 190.6549 1.5443 1.6278 3.9772 9.1069 1.5223 63.7889 1.7125 0.0544
Car -1 -1 -0.8116 732.2850 178.2370 790.2721 201.3461 1.4545 1.6105 3.7861 10.1022 1.8253 47.9639 -0.6057 0.0538
Car -1 -1 -0.4564 824.5414 162.8814 904.1592 190.6360 1.5449 1.6481 3.9697 14.5236 0.9898 41.2198 -0.1201 0.0505
Car -1 -1 1.3872 708.6813 170.4967 735.5335 189.2912 1.6270 1.6412 4.1315 10.0311 1.4229 64.5518 1.5404 0.0505