Car -1 -1 1.5942 459.7061 183.8247 489.7054 210.6582 1.4815 1.6871 4.1742 -8.1453 2.1812 43.8258 1.4111 0.5694
Car -1 -1 1.7473 504.7375 183.4819 530.1825 200.2079 1.4447 1.6387 4.1771 -8.5352 2.4651 67.1503 1.6209 0.4862
Car -1 -1 1.5071 460.1165 173.2698 485.4440 195.6858 1.6373 1.6376 4.1193 -10.4544 1.6703 54.9832 1.3198 0.2624
Car -1 -1 1.4278 454.3850 181.2722 495.6707 213.1013 1.6897 1.7605 4.2684 -7.8484 2.2046 41.8270 1.2430 0.2507
Car -1 -1 1.5719 505.1174 182.2544 524.2430 200.8201 1.5504 1.6479 4.4554 -8.5318 2.4263 64.9146 1.4413 0.1641
Car -1 -1 0.5487 0.0000 0.0000 1063.6001 375.0000 1.5105 1.6507 4.0205 1.7850 1.6485 1.3534 1.3708 0.1184
Car -1 -1 1.6656 451.7319 179.4137 489.9041 210.4620 1.6137 1.7154 4.1187 -7.7372 2.0015 40.5311 1.4777 0.1071
Car -1 -1 3.4472 0.0000 0.0000 1242.0000 375.0000 1.5481 1.6621 4.0565 3.0404 1.4498 1.3228 4.5287 0.0972
Car -1 -1 2.1521 484.2203 179.2199 526.2900 198.2621 1.5702 1.6548 4.1182 -9.0912 2.1473 63.1945 2.0095 0.0785
Car -1 -1 3.1555 495.0760 183.2893 540.0067 199.8318 1.4771 1.6027 4.0742 -8.4935 2.4573 66.7463 3.0290 0.0739
Car -1 -1 1.3801 507.6234 178.7299 534.8810 197.3492 1.5462 1.6381 4.0673 -7.8017 2.0810 63.4861 1.2580 0.0657
Car -1 -1 1.6477 452.8639 175.4780 480.5103 197.3999 1.5226 1.6576 4.2806 -10.4263 1.7230 52.8702 1.4536 0.0588
Car -1 -1 1.4225 464.5196 174.6541 495.6656 197.3191 1.5679 1.6494 4.0343 -9.4439 1.7041 52.4339 1.2448 0.0519
Car -1 -1 0.3948 434.0867 173.1044 494.2904 194.4639 1.5579 1.6136 4.0993 -10.8327 1.5770 53.8481 0.1969 0.0518
Car -1 -1 -0.0187 438.0476 172.8093 495.1707 194.1830 1.6006 1.6394 4.2318 -10.9502 1.5973 55.2845 -0.2137 0.0512
Car -1 -1 0.3651 421.7596 180.1803 504.9935 210.5739 1.6619 1.7017 4.3400 -8.3258 2.0928 41.2312 0.1666 0.0511
Car -1 -1 1.5424 944.6448 175.0222 1005.5688 232.7052 1.5928 1.5250 3.8892 11.1420 1.6657 22.1664 2.0023 0.0501
Car -1 -1 1.2359 418.8561 180.9324 470.9214 210.3094 1.5432 1.6604 4.0581 -9.4608 2.0293 41.2524 1.0115 0.0501