Car -1 -1 2.1162 0.0000 195.9203 209.3610 306.0703 1.4572 1.6849 4.2514 -8.9221 1.9303 12.6277 1.5107 0.9605
Car -1 -1 1.8243 379.1803 176.8011 439.6443 210.7655 1.4646 1.6690 4.3869 -9.2915 1.6617 33.8293 1.5579 0.7983
Car -1 -1 1.7060 458.4293 175.2350 487.1809 195.5401 1.5193 1.6696 4.1252 -10.6822 1.7129 56.5818 1.5199 0.6098
Car -1 -1 4.6759 584.0424 168.5370 611.3063 194.4544 1.6296 1.6447 3.8662 -0.8155 1.3582 47.3436 4.6584 0.5058
Car -1 -1 1.6111 373.0630 181.4194 395.4134 201.8908 1.5290 1.5476 3.7417 -17.9496 2.2364 57.5790 1.3099 0.3548
Car -1 -1 1.6958 0.0000 197.0146 25.2042 258.6431 1.4857 1.6416 4.0738 -18.4963 2.2687 21.2325 0.9853 0.3161
Car -1 -1 5.3979 0.0000 183.6792 207.4826 356.5803 1.5225 1.7016 4.1459 -6.9084 1.6847 8.7137 4.7422 0.2270
Car -1 -1 1.7992 101.4340 187.3241 144.4908 210.1387 1.4476 1.6139 4.1037 -34.1827 2.5103 50.7844 1.2090 0.2250
Car -1 -1 1.9294 0.0000 197.6823 49.6947 243.7151 1.4555 1.6398 3.8798 -22.8576 2.4632 27.1829 1.2349 0.1269
Car -1 -1 1.8111 446.4072 175.6461 482.2235 198.9537 1.6499 1.6817 4.0842 -10.7499 1.8655 53.6503 1.6140 0.1166
Car -1 -1 1.7227 0.0000 196.0270 81.3845 255.5277 1.4990 1.6524 4.0822 -17.4690 2.2777 22.0626 1.0587 0.1130
Car -1 -1 4.9859 339.6224 171.1433 427.7946 220.9147 1.4732 1.6647 4.0760 -7.2031 1.4226 23.4133 4.6903 0.1091
Car -1 -1 1.3006 50.3902 185.9724 96.0449 207.8683 1.4708 1.6631 4.0363 -39.1474 2.4624 52.6397 0.6634 0.1073
Car -1 -1 2.1792 0.0000 202.9343 25.9446 251.4669 1.4274 1.6489 3.4769 -22.5575 2.5581 25.3004 1.4562 0.1072
Car -1 -1 1.8214 0.0000 204.7009 56.7822 253.7664 1.4334 1.6124 3.6627 -21.1653 2.6550 25.6763 1.1370 0.1054
Car -1 -1 1.6488 453.7875 176.8763 494.2737 211.3493 1.4753 1.5444 3.6253 -6.1836 1.6709 33.2023 1.4656 0.1021
Car -1 -1 1.9695 142.5289 190.0596 214.1192 222.5440 1.4472 1.6438 4.0705 -21.7243 2.3689 36.5253 1.4358 0.0862
Car -1 -1 1.7954 501.6281 174.2868 532.2569 196.0660 1.6304 1.5739 3.7207 -7.1757 1.7458 56.1964 1.6687 0.0824
Car -1 -1 1.7351 157.0053 197.8114 209.7169 232.4088 1.4242 1.6281 3.1991 -20.0541 2.6641 34.0612 1.2061 0.0787
Car -1 -1 1.3577 350.4994 181.6382 382.2543 201.9587 1.4916 1.6062 3.7813 -19.1566 2.2074 56.7598 1.0334 0.0754
Car -1 -1 1.7985 77.8118 183.1914 125.0275 209.4356 1.5889 1.6655 4.0366 -33.4419 2.3020 47.5875 1.1884 0.0732
Car -1 -1 2.3234 214.2301 186.4195 305.1297 220.6597 1.4629 1.6024 4.0303 -16.7229 2.1561 34.7049 1.8771 0.0725
Car -1 -1 3.7850 262.8022 177.4255 405.8124 226.7791 1.4138 1.5962 3.9553 -8.4602 1.5630 22.2329 3.4250 0.0701
Car -1 -1 1.6167 363.8937 179.0182 389.0104 201.4044 1.5990 1.6244 4.1775 -17.7276 2.0878 54.9925 1.3060 0.0697
Car -1 -1 1.6601 189.1322 196.0740 234.7958 230.5567 1.4755 1.6286 3.9106 -19.6850 2.6972 35.8451 1.1607 0.0684
Car -1 -1 -0.2632 577.2283 168.8085 643.4322 192.7780 1.4979 1.6092 3.9737 0.0376 1.2451 46.3831 -0.2628 0.0675
Car -1 -1 1.9955 430.3594 180.0357 474.2464 202.3064 1.5117 1.6227 3.9638 -11.3762 2.0547 52.4439 1.7826 0.0662
Car -1 -1 2.1262 0.0000 205.4537 22.3061 273.4587 1.4209 1.6245 3.7223 -17.4925 2.3664 18.9496 1.3877 0.0660
Car -1 -1 0.2757 376.6459 180.4671 475.1259 211.8203 1.4405 1.6176 4.2758 -8.7169 1.8131 34.4433 0.0292 0.0650
Car -1 -1 1.8129 0.0000 200.3269 46.5882 253.3038 1.4548 1.6876 4.1543 -20.6059 2.4678 24.3703 1.1163 0.0650
Car -1 -1 1.5776 494.5480 173.9772 515.6326 195.7029 1.6291 1.5739 3.9094 -8.1438 1.7200 56.3583 1.4344 0.0640
Car -1 -1 2.0624 77.3246 182.4850 139.1801 207.6012 1.5759 1.6635 4.1972 -34.0348 2.2606 49.1211 1.4588 0.0630
Car -1 -1 2.0909 110.8827 186.4857 169.8033 208.3660 1.4275 1.6671 4.2199 -33.6658 2.4487 51.9046 1.5176 0.0628
Car -1 -1 1.7650 492.0094 170.9897 522.4778 193.3185 1.6016 1.5723 3.5987 -7.5629 1.4679 53.5953 1.6252 0.0625
Car -1 -1 5.6011 0.0000 181.3666 138.9281 375.0000 1.4667 1.6407 4.3934 -7.0599 1.5772 7.0815 4.8361 0.0623
Car -1 -1 4.7648 595.9631 169.6010 623.5917 194.5142 1.5760 1.6166 4.0080 0.0519 1.3702 47.6876 4.7655 0.0581
Car -1 -1 1.7728 544.2070 173.1899 569.4330 189.3626 1.4747 1.5757 4.1198 -4.9382 1.5073 68.0246 1.7003 0.0577
Car -1 -1 4.7793 428.6261 177.8348 471.9784 213.3488 1.4897 1.6574 4.0130 -7.2124 1.7318 32.9636 4.5651 0.0576
Car -1 -1 0.6427 79.1900 185.1984 154.9887 206.7360 1.4574 1.6683 4.2643 -34.6517 2.3429 50.8261 0.0465 0.0567
Car -1 -1 1.7750 481.6833 171.1357 515.4877 194.7207 1.6039 1.6107 3.8545 -7.8053 1.4871 51.0358 1.6237 0.0552
Car -1 -1 0.0738 0.0000 198.1702 6.3466 266.1720 1.5036 1.6099 4.1750 -18.9106 2.2515 19.3613 -0.6930 0.0548
Car -1 -1 5.2587 0.0000 198.7393 100.7698 245.1055 1.4682 1.6402 3.9859 -21.2570 2.5195 27.2333 4.6005 0.0535
Car -1 -1 3.8067 0.0000 200.0855 170.0779 256.1730 1.4504 1.6770 4.0209 -14.9703 2.2575 20.4672 3.1811 0.0535
Car -1 -1 1.7122 375.0260 180.2768 403.9628 203.6635 1.7209 1.5970 4.1555 -17.2347 2.3261 56.6511 1.4178 0.0530
Car -1 -1 5.5026 0.0000 198.8657 150.2752 258.1574 1.4718 1.6711 3.8332 -16.0692 2.3276 21.7123 4.8711 0.0530
Car -1 -1 1.9400 38.3803 182.7152 104.4628 211.7994 1.4955 1.5715 4.2079 -30.3679 2.0844 40.8548 1.3037 0.0519
Car -1 -1 1.8552 86.6313 184.1479 135.8434 206.6142 1.4546 1.6898 4.4783 -35.4949 2.2984 51.5124 1.2540 0.0518
Car -1 -1 2.4766 106.9000 183.7685 177.3841 208.2161 1.5072 1.6304 3.7542 -31.2457 2.2694 48.3466 1.9051 0.0514
Car -1 -1 0.4617 439.3157 175.4264 495.9380 195.8622 1.5321 1.6182 3.9884 -10.9533 1.7355 55.7333 0.2682 0.0509
Car -1 -1 1.7244 128.1544 182.5716 164.0818 203.8325 1.4403 1.6061 4.0913 -34.0394 2.1847 53.0815 1.1563 0.0509