Car -1 -1 1.8410 405.9123 179.1322 453.6562 206.2543 1.5276 1.7310 4.2465 -10.8384 1.9272 43.7790 1.5994 0.8635
Car -1 -1 2.2801 0.0000 187.6911 102.2176 274.4940 1.4597 1.5417 3.6742 -12.3599 1.7983 14.6153 1.5870 0.8464
Car -1 -1 4.5895 593.1577 173.9051 626.6257 199.7147 1.5700 1.6475 4.0965 -0.0235 1.6404 46.1981 4.5885 0.7315
Car -1 -1 1.5121 741.3109 169.2679 769.6705 193.4901 1.5152 1.5889 3.7493 9.4878 1.2909 47.1023 1.7093 0.1624
Car -1 -1 1.7374 296.6216 186.5645 330.5237 209.8280 1.4923 1.5798 3.8639 -20.7773 2.4960 50.7675 1.3504 0.1595
Car -1 -1 1.7663 482.0359 174.7290 519.6311 200.8192 1.4993 1.5610 3.6542 -6.5225 1.6175 43.5947 1.6183 0.1525
Car -1 -1 1.7359 497.3832 174.1336 533.5190 200.5501 1.5105 1.5643 3.6654 -5.6020 1.5906 43.2974 1.6076 0.1268
Car -1 -1 5.4671 0.0000 188.6949 112.7925 375.0000 1.4470 1.5630 3.9998 -6.7801 1.6392 6.7424 4.6986 0.1257
Car -1 -1 1.6936 509.3260 171.5893 537.3380 192.8150 1.5576 1.6407 3.9655 -6.5268 1.4648 54.9365 1.5756 0.1211
Car -1 -1 4.6477 216.9780 180.0810 265.2267 219.0508 1.5489 1.6384 3.8924 -16.1511 1.8858 31.5458 4.1777 0.1171
Car -1 -1 4.8382 28.6768 176.5671 116.9613 229.3056 1.3985 1.6087 3.8157 -15.8543 1.5196 21.4822 4.2082 0.1170
Car -1 -1 4.9184 521.4954 171.6829 551.4901 195.1390 1.7366 1.5580 3.7239 -5.5687 1.6499 55.3546 4.8183 0.1104
Car -1 -1 4.7752 283.9490 178.5390 322.1935 210.6569 1.5775 1.6284 3.4907 -16.1043 1.8922 38.0325 4.3768 0.1102
Car -1 -1 1.8468 241.5629 177.3339 387.4246 266.9958 1.4741 1.6005 3.7535 -5.5288 1.5731 14.0002 1.4766 0.1097
Car -1 -1 -0.3439 594.2017 172.6826 668.0558 198.8552 1.5997 1.7261 4.3364 1.3553 1.5892 45.5921 -0.3148 0.1088
Car -1 -1 1.5797 506.3178 175.8106 532.7095 201.2466 1.5076 1.5719 3.7204 -5.6155 1.7006 45.1553 1.4563 0.1075
Car -1 -1 1.4072 272.2172 186.4841 308.2322 210.1395 1.4816 1.6529 3.9487 -22.0355 2.4606 49.7215 0.9918 0.1037
Car -1 -1 2.0016 141.4224 176.7210 333.1763 270.2023 1.4645 1.6106 3.9491 -6.6799 1.5473 13.4605 1.5484 0.1035
Car -1 -1 4.5576 737.0609 162.1104 766.5385 182.6749 1.5359 1.6447 3.9464 10.9778 0.7335 55.8942 4.7503 0.0994
Car -1 -1 1.4524 735.3748 164.3450 769.0537 191.3278 1.5986 1.6075 3.7274 8.7863 1.0945 44.6670 1.6451 0.0972
Car -1 -1 0.7363 0.0000 178.8389 112.4176 329.5549 1.4401 1.6190 4.1681 -8.0905 1.5129 7.8705 -0.0459 0.0913
Car -1 -1 1.9938 271.2843 183.6567 323.7759 208.6284 1.5199 1.6472 4.0866 -20.5772 2.2656 47.7535 1.5886 0.0811
Car -1 -1 0.5831 236.4553 180.0928 324.2684 211.7843 1.5514 1.6787 3.7984 -16.8329 1.9336 36.9652 0.1582 0.0757
Car -1 -1 4.6824 314.4884 177.0821 348.0325 207.7275 1.5360 1.5752 3.5314 -14.9311 1.7737 38.6316 4.3156 0.0736
Car -1 -1 0.1012 290.5362 183.8727 493.5726 260.4957 1.4599 1.6570 3.9132 -4.4483 1.7105 15.2454 -0.1787 0.0724
Car -1 -1 1.7147 495.6650 176.2564 527.1000 201.2595 1.5116 1.4675 3.6830 -6.2155 1.7371 45.9734 1.5807 0.0684
Car -1 -1 1.7471 342.4421 182.1291 377.6854 206.0896 1.5206 1.6079 3.9498 -17.0561 2.1832 49.4724 1.4164 0.0641
Car -1 -1 3.7002 0.0000 191.3922 89.1743 270.1183 1.5104 1.6635 4.0917 -13.9228 1.9393 15.5398 2.9781 0.0634
Car -1 -1 1.7916 383.5044 178.3992 453.9811 223.2442 1.4519 1.5858 4.0067 -6.7476 1.6664 25.8891 1.5387 0.0595
Car -1 -1 4.8652 236.3501 168.0672 266.6570 187.4345 1.5652 1.6642 4.0993 -29.9850 1.1784 60.5178 4.4067 0.0588
Car -1 -1 4.9027 287.6761 178.2107 338.7442 210.7209 1.5121 1.6607 3.8692 -14.8349 1.7968 36.2968 4.5169 0.0578
Car -1 -1 1.5656 736.5278 162.6475 759.9250 184.9840 1.6290 1.6806 3.9152 10.4967 0.8847 54.7002 1.7540 0.0576
Car -1 -1 3.4635 573.5463 174.5033 644.2692 199.7359 1.5573 1.6614 4.2170 -0.0356 1.6662 46.1753 3.4622 0.0559
Car -1 -1 5.1932 0.0000 178.6003 223.7229 375.0000 1.4342 1.5740 3.6508 -5.1504 1.5034 6.7677 4.5612 0.0558
Car -1 -1 1.6223 591.5543 168.9991 622.0693 197.5816 1.6547 1.6428 4.1230 -0.1243 1.4315 43.8702 1.6191 0.0557
Car -1 -1 1.0936 218.3194 187.8446 291.7361 221.9412 1.4723 1.6013 3.7709 -16.9655 2.2254 34.4780 0.6391 0.0552
Car -1 -1 -0.2060 743.7626 170.5306 809.3095 194.1233 1.5494 1.6521 4.0155 11.1268 1.3968 48.2506 0.0190 0.0544
Car -1 -1 1.6241 438.5153 175.1335 489.9069 218.7850 1.4447 1.6033 3.9226 -5.1944 1.5338 26.1492 1.4294 0.0531
Car -1 -1 2.3847 0.0000 176.5663 119.5903 237.9421 1.4694 1.5983 3.7164 -15.4539 1.5797 19.4681 1.7202 0.0527
Car -1 -1 4.7176 618.5172 173.4244 645.7719 199.2429 1.5743 1.6656 4.0133 1.4526 1.6124 46.1216 4.7484 0.0524
Car -1 -1 3.5706 216.1785 187.1451 314.5968 218.5688 1.4980 1.6624 4.1185 -17.1287 2.2286 36.0318 3.1294 0.0514
Car -1 -1 -0.3171 735.7896 161.9884 796.1438 182.6062 1.5494 1.6467 4.2139 11.9545 0.7329 55.2637 -0.1053 0.0513