Car -1 -1 1.8457 358.9220 182.4607 406.8438 210.5764 1.5576 1.6930 4.1068 -13.5860 2.1639 43.4653 1.5441 0.8298
Car -1 -1 1.3839 1096.5616 179.3272 1143.8573 206.3690 1.4816 1.5932 3.7380 30.0380 1.8815 42.5372 1.9951 0.2701
Car -1 -1 0.9888 1113.0273 22.5319 1242.0000 375.0000 1.8669 1.6692 3.8155 5.5341 1.1935 5.2680 1.7714 0.2453
Car -1 -1 1.5593 1106.7023 175.2905 1135.2214 197.3351 1.5658 1.6766 3.9524 38.1028 1.7546 53.8179 2.1724 0.2376
Car -1 -1 0.7591 1102.4785 186.5204 1234.3599 233.6457 1.4455 1.6749 3.3707 19.2032 1.9525 24.9733 1.4083 0.2081
Car -1 -1 1.7625 348.7274 180.1286 395.3916 213.3360 1.7578 1.7574 4.2197 -13.5432 2.1970 41.3613 1.4476 0.1538
Car -1 -1 1.6786 345.3556 188.7678 371.8715 209.7600 1.4916 1.5567 3.7119 -19.5303 2.7762 56.2597 1.3455 0.1446
Car -1 -1 4.5964 994.5264 103.6580 1242.0000 375.0000 1.6788 1.6492 3.8773 4.3778 1.2712 6.3528 5.1780 0.1171
Car -1 -1 1.2906 322.8364 188.8443 358.9003 210.0155 1.4820 1.6325 3.7370 -20.6930 2.7560 55.5001 0.9350 0.1041
Car -1 -1 4.6075 1081.8755 170.2390 1145.8180 214.7002 1.5878 1.5985 3.8729 19.3724 1.4944 27.8503 5.2099 0.1006
Car -1 -1 0.7283 1057.8259 176.8981 1201.8228 224.2580 1.5276 1.6618 4.1002 18.4450 1.6846 25.8310 1.3426 0.0984
Car -1 -1 4.2361 1067.2361 113.9092 1242.0000 369.6526 1.7074 1.6258 3.7573 5.9866 1.3138 6.8286 4.9344 0.0963
Car -1 -1 0.9297 1114.8242 177.4928 1197.0415 205.8507 1.4609 1.6615 3.7819 29.9414 1.7282 39.6828 1.5722 0.0936
Car -1 -1 2.4272 1101.9445 179.4487 1187.5973 206.3886 1.4974 1.6474 3.8234 30.7864 1.8861 41.5576 3.0610 0.0902
Car -1 -1 1.9784 1086.6106 178.9892 1147.6578 206.5992 1.5024 1.6928 3.3596 29.2551 1.8695 41.5774 2.5879 0.0765
Car -1 -1 4.2924 1031.2773 168.7018 1127.2238 211.3102 1.5274 1.6492 3.8733 18.0281 1.3786 27.9027 4.8609 0.0744
Car -1 -1 1.6204 1131.0027 174.0455 1162.3746 196.0253 1.5500 1.6744 3.8353 39.5595 1.6410 53.1133 2.2576 0.0722
Car -1 -1 1.8130 380.2993 182.7816 415.0685 204.7934 1.5711 1.6445 3.9891 -16.2064 2.3607 55.3570 1.5292 0.0719
Car -1 -1 1.8342 426.3143 177.0005 473.4209 205.8987 1.5248 1.5697 4.1262 -8.9576 1.7711 40.7714 1.6189 0.0718
Car -1 -1 4.4168 1109.3435 176.0831 1201.7012 220.8882 1.5431 1.6590 4.0302 20.5482 1.6752 27.3404 5.0557 0.0638
Car -1 -1 4.2966 864.1001 154.1234 1233.6971 357.4503 1.5476 1.6606 3.8705 4.0438 1.4050 7.4756 4.7754 0.0636
Car -1 -1 1.1866 986.1257 9.8594 1242.0000 375.0000 1.6454 1.6924 4.0819 3.9987 1.0243 4.9412 1.8386 0.0621
Car -1 -1 -0.5138 1097.8176 176.5433 1242.0000 219.7653 1.4911 1.6046 3.8939 20.2242 1.6302 26.1375 0.1388 0.0603
Car -1 -1 0.9990 1162.9866 0.0000 1242.0000 375.0000 1.5536 1.6397 4.1007 4.9832 0.9459 4.0251 1.8560 0.0598
Car -1 -1 1.4156 1109.3103 174.3481 1149.3075 197.3736 1.5586 1.6709 4.1725 36.9416 1.6696 51.3700 2.0360 0.0590
Car -1 -1 1.1537 1059.0352 177.4867 1108.5912 198.3336 1.4564 1.6378 3.8326 34.9825 1.8118 53.3287 1.7314 0.0573
Car -1 -1 3.1269 1105.9694 182.2301 1240.9974 224.2790 1.4906 1.6747 4.0762 21.9866 1.8830 28.3091 3.7817 0.0570
Car -1 -1 -0.6370 1123.8370 178.5053 1220.7528 205.4009 1.4658 1.6866 4.1053 31.5897 1.7906 40.5805 0.0205 0.0555
Car -1 -1 1.7155 441.9346 178.3547 479.3172 205.3714 1.4758 1.5738 4.0360 -8.6804 1.8141 42.3123 1.5140 0.0544
Car -1 -1 1.4858 356.9586 181.6148 395.6305 212.9421 1.5869 1.6981 4.1584 -12.9910 2.1005 40.0523 1.1737 0.0528
Car -1 -1 -0.3685 1042.1587 175.9569 1190.7593 221.0122 1.5228 1.6576 4.0266 18.0199 1.6394 25.8369 0.2347 0.0523
Car -1 -1 0.9394 1042.2560 177.3026 1116.2314 205.1088 1.4988 1.6346 3.7799 26.8862 1.7663 41.4478 1.5113 0.0512
Car -1 -1 1.3019 1055.1641 182.6452 1128.1130 221.3022 1.4704 1.5897 3.8059 20.3018 1.9127 30.5415 1.8836 0.0510
Car -1 -1 2.6083 1107.1160 182.5355 1221.1786 214.5005 1.4641 1.6639 4.0809 26.6296 1.9447 34.7552 3.2576 0.0506