Car -1 -1 1.8465 425.6631 193.0060 540.9441 270.2005 1.4246 1.5847 3.6640 -2.7002 1.9310 16.2218 1.6833 0.9759
Car -1 -1 1.7802 616.7820 181.5059 663.3357 210.9039 1.4763 1.7352 4.1606 1.7395 1.9801 39.7789 1.8230 0.8903
Car -1 -1 4.7466 768.7132 176.4814 793.6337 199.2233 1.5103 1.5747 3.8875 12.0793 1.7755 50.6652 4.9790 0.4643
Car -1 -1 4.8649 619.7192 171.5243 649.4979 192.5302 1.4793 1.6187 3.8109 1.8698 1.3857 52.8369 4.8997 0.2900
Car -1 -1 4.9739 495.5036 179.9964 545.0647 212.2450 1.5091 1.5951 3.6501 -4.4620 1.8897 36.5333 4.8527 0.1519
Car -1 -1 -0.0788 766.9493 174.6673 831.3835 197.6702 1.5327 1.6455 4.1492 12.9382 1.6599 49.4346 0.1753 0.1495
Car -1 -1 4.7698 778.2875 168.7287 814.4664 201.6366 1.6714 1.6663 3.8710 10.0716 1.4619 38.7450 5.0218 0.1364
Car -1 -1 1.6962 635.6395 179.2803 671.5170 206.6289 1.5420 1.6671 4.2123 2.7290 1.9532 43.9515 1.7572 0.1276
Car -1 -1 4.4019 775.4142 172.8485 811.1653 194.2740 1.6115 1.5833 3.8812 14.2781 1.6111 56.2556 4.6488 0.1258
Car -1 -1 -0.2122 835.2701 160.6896 908.7542 188.4326 1.6877 1.6931 4.0382 16.3121 0.9477 45.0005 0.1333 0.1145
Car -1 -1 -0.2651 823.2510 161.3846 889.6181 183.9202 1.6744 1.7207 4.4559 18.6383 0.8222 54.6079 0.0620 0.1076
Car -1 -1 3.4741 598.9807 171.0187 655.4853 192.3735 1.4930 1.6106 3.7386 1.2741 1.3647 51.8525 3.4982 0.0952
Car -1 -1 2.9264 866.2333 162.5497 961.3100 195.1018 1.4878 1.6001 3.8860 14.3074 1.0169 34.1115 3.3202 0.0830
Car -1 -1 3.8192 724.0519 177.7780 787.3509 200.8576 1.5025 1.6892 4.1572 10.0852 1.8584 50.0210 4.0166 0.0810
Car -1 -1 4.3860 816.5531 160.9859 864.4177 188.7558 1.7214 1.7293 4.0753 14.9054 0.9857 46.7820 4.6924 0.0752
Car -1 -1 4.6692 825.4386 161.7569 850.2752 184.4093 1.6808 1.6491 3.9356 17.5717 0.8574 55.6505 4.9733 0.0699
Car -1 -1 3.5019 606.3008 182.4166 672.2288 208.8340 1.4759 1.5832 3.5763 1.7623 2.0616 42.7699 3.5422 0.0692
Car -1 -1 1.6797 651.0974 179.7122 685.5941 207.0552 1.5564 1.6665 4.2420 3.6664 2.0001 44.4361 1.7609 0.0685
Car -1 -1 4.9028 868.7322 158.3227 921.3187 194.0989 1.5591 1.5932 3.7517 13.2782 0.9258 33.4549 5.2774 0.0662
Car -1 -1 -0.3370 770.3099 170.1120 849.3735 199.9040 1.5171 1.6256 3.6450 10.4220 1.3775 37.6812 -0.0695 0.0658
Car -1 -1 1.7890 583.9089 179.8241 624.9818 206.3181 1.5024 1.6912 3.9710 -0.2627 1.9493 44.1490 1.7826 0.0630
Car -1 -1 1.6296 640.8039 184.9401 668.4640 209.6233 1.5092 1.6164 3.9032 3.0428 2.3497 48.1433 1.6917 0.0608
Car -1 -1 4.6547 776.7729 176.0376 804.9896 198.7528 1.5280 1.6958 4.2853 12.8811 1.7650 51.4338 4.8983 0.0580
Car -1 -1 1.4833 613.5133 170.1879 641.0428 192.0835 1.5017 1.6030 4.2085 1.2289 1.3188 51.6361 1.5067 0.0559
Car -1 -1 1.1335 822.0654 160.2466 868.4025 186.0433 1.8413 1.7437 3.9750 17.4416 0.9414 53.5822 1.4464 0.0548
Car -1 -1 4.4548 750.9237 169.4234 801.3626 200.8693 1.6098 1.6627 4.0638 8.9332 1.4341 38.9960 4.6780 0.0534
Car -1 -1 2.7133 792.7895 163.3084 854.0477 188.1366 1.8409 1.7587 4.0883 16.1760 1.1331 54.6592 2.9993 0.0534
Car -1 -1 4.2271 839.0447 160.0720 897.7478 188.7782 1.7530 1.7323 4.2941 16.5322 0.9725 46.3122 4.5678 0.0526
Car -1 -1 -0.4031 864.4611 158.9012 959.7195 193.1177 1.5361 1.6012 3.7132 13.8740 0.9097 33.2125 -0.0107 0.0518
Car -1 -1 1.2479 821.0612 179.4616 859.6970 201.2470 1.4689 1.5296 3.7004 16.4707 1.9588 51.6409 1.5545 0.0503