Car -1 -1 4.4720 716.4535 187.7736 875.8093 294.8366 1.4654 1.7011 3.8215 2.9783 1.7601 12.3303 4.7023 0.9663
Car -1 -1 4.5475 687.0293 183.8171 784.5356 255.1675 1.4872 1.6637 4.1304 2.9645 1.7882 17.7428 4.7094 0.9339
Car -1 -1 1.5901 507.5286 178.2098 547.2408 217.6871 1.4946 1.5258 3.6182 -3.3418 1.7289 29.6964 1.4785 0.8284
Car -1 -1 4.6019 644.9305 177.6975 685.7247 209.2994 1.4682 1.6034 3.9215 2.7371 1.7240 36.1191 4.6764 0.6476
Car -1 -1 1.6287 530.9613 177.8555 561.0203 204.5668 1.4644 1.5315 3.7467 -3.6749 1.7697 42.1602 1.5419 0.5409
Car -1 -1 4.5641 656.2629 160.4876 728.5648 221.9627 1.9246 1.7884 4.6474 2.7502 1.5374 24.9470 4.6719 0.3262
Car -1 -1 1.7492 544.2342 175.6161 575.9005 198.3518 1.5220 1.5592 3.8734 -3.4443 1.7242 50.8020 1.6814 0.3254
Car -1 -1 4.3745 486.5919 172.9043 526.9442 195.6808 1.5411 1.6191 3.8947 -7.2934 1.5448 50.9297 4.2326 0.1974
Car -1 -1 1.5888 626.7012 179.2218 650.6468 203.0715 1.5882 1.6259 4.0094 2.0980 2.0581 51.1911 1.6291 0.1742
Car -1 -1 2.8856 588.1266 183.1495 650.0977 206.5619 1.5353 1.6851 3.9751 0.6442 2.2637 49.7532 2.8979 0.1257
Car -1 -1 0.5000 505.6056 178.9931 572.7889 205.7457 1.4667 1.5304 3.5571 -4.0566 1.8326 41.6025 0.4029 0.1206
Car -1 -1 -0.4866 534.2978 180.8923 608.3043 208.4106 1.5025 1.6479 4.0119 -2.2182 1.9914 42.1474 -0.5394 0.0795
Car -1 -1 4.6004 614.3560 179.5207 655.7857 212.6925 1.5261 1.6227 4.0214 1.2205 1.8787 36.0940 4.6333 0.0628
Car -1 -1 3.2210 522.1713 174.7816 579.2382 198.2815 1.5936 1.6127 3.8146 -4.0360 1.7290 49.8723 3.1403 0.0617
Car -1 -1 2.9471 493.0423 178.8625 543.2246 198.5251 1.7791 1.7655 4.4170 -8.5902 2.3561 67.7553 2.8211 0.0611
Car -1 -1 1.8542 607.0703 182.7534 638.0007 202.2374 1.4963 1.5537 3.7898 1.1044 2.3410 59.5259 1.8721 0.0608
Car -1 -1 3.8362 516.8876 164.7827 565.2472 182.8396 1.6509 1.7552 4.4381 -6.4673 0.9129 67.9447 3.7414 0.0563
Car -1 -1 4.7698 536.5133 176.8192 567.7164 203.4655 1.5056 1.6356 4.1284 -3.4159 1.7560 43.4705 4.6914 0.0560
Car -1 -1 3.4185 617.0188 178.0683 705.6249 209.2719 1.4711 1.6312 4.1179 2.5849 1.7417 35.9755 3.4891 0.0559
Car -1 -1 0.3686 467.6950 177.8524 572.8359 216.0640 1.4981 1.5898 4.0182 -3.6774 1.7139 29.8802 0.2467 0.0547
Car -1 -1 1.6948 512.9684 186.2775 558.9703 221.4669 1.4718 1.6413 4.1242 -3.3871 2.1402 33.8482 1.5952 0.0539
Car -1 -1 1.6604 641.8323 178.2732 669.7780 201.3880 1.5417 1.6263 4.0370 3.3202 1.9424 51.2374 1.7243 0.0512
Car -1 -1 1.5616 495.5183 178.8544 539.9050 221.1048 1.5171 1.6213 3.6787 -3.6272 1.7692 28.3892 1.4351 0.0511
Car -1 -1 4.3438 842.8908 182.7774 1046.8344 298.2865 1.5246 1.6451 3.9257 5.2289 1.7151 11.8577 4.7489 0.0511