Car -1 -1 2.0412 48.8885 198.1738 322.5283 329.9193 1.4308 1.6619 4.2917 -5.9526 1.8869 10.8319 1.5485 0.9759
Car -1 -1 1.9267 307.7909 193.0116 440.9191 264.3399 1.4670 1.7347 4.4598 -5.7963 2.0445 18.3983 1.6250 0.9630
Car -1 -1 1.8015 400.5711 189.7239 472.0131 238.6671 1.4372 1.5325 3.6060 -5.7304 2.0460 24.2348 1.5711 0.9588
Car -1 -1 4.4387 729.5980 181.3211 895.6967 285.7769 1.4568 1.6372 4.0650 3.2717 1.6270 12.4469 4.6889 0.9474
Car -1 -1 1.8523 455.9510 182.2289 516.2075 219.1610 1.5378 1.6578 4.0787 -5.6082 1.9973 33.2415 1.6859 0.9022
Car -1 -1 1.3700 666.6259 179.1967 726.6293 220.5684 1.4572 1.5637 3.8260 3.3013 1.7206 27.9917 1.4855 0.8903
Car -1 -1 4.5396 698.1456 177.8035 790.0618 244.2236 1.4491 1.5878 3.7322 3.2166 1.5847 17.8879 4.7138 0.8752
Car -1 -1 -0.6401 1020.9603 146.5893 1242.0000 249.3251 1.5203 1.5789 3.8043 8.8997 1.1316 11.4798 0.0068 0.8510
Car -1 -1 -0.4748 907.9713 155.8237 1160.7275 233.9367 1.4467 1.4944 4.0596 8.2102 1.1313 14.1921 0.0404 0.7464
Car -1 -1 2.3577 1176.4121 151.0368 1242.0000 279.1090 1.4599 1.6149 3.8041 9.6701 1.2112 9.0655 3.1591 0.5511
Car -1 -1 4.5835 646.7059 176.7811 680.6533 203.2708 1.4624 1.5190 3.6490 3.1273 1.7025 42.2512 4.6563 0.4845
Car -1 -1 1.4259 195.3413 178.1231 231.8599 202.0966 1.5334 1.6161 4.0873 -27.0288 1.9081 49.2004 0.9256 0.3879
Car -1 -1 5.0220 0.0000 194.6239 41.4157 221.8250 1.4719 1.5633 3.6378 -36.4116 2.8649 44.1904 4.3356 0.3734
Car -1 -1 4.5888 656.3527 178.1771 700.8988 212.6919 1.4995 1.6104 3.8439 3.1858 1.7639 33.8939 4.6812 0.3616
Car -1 -1 4.8057 0.0000 216.1304 26.9200 375.0000 1.4723 1.6564 3.8967 -6.8480 2.0204 7.0902 4.0564 0.3569
Car -1 -1 1.3747 459.7884 172.7272 491.5945 192.6106 1.4809 1.6430 4.1825 -10.4231 1.4714 55.9849 1.1912 0.3396
Car -1 -1 4.7710 8.1923 188.2903 83.1064 243.1967 1.5340 1.6615 3.6752 -18.0775 2.0742 23.2626 4.1158 0.2231
Car -1 -1 1.7696 508.1616 180.7713 543.3369 205.0603 1.5180 1.6050 3.8816 -5.5765 2.0711 48.4006 1.6551 0.1998
Car -1 -1 4.2168 840.4507 153.6665 963.6736 213.8160 1.6049 1.6389 4.0040 8.4893 1.0929 21.3386 4.5904 0.1856
Car -1 -1 4.9792 349.3738 169.8590 381.1821 188.4750 1.6429 1.7134 4.1285 -22.2260 1.3786 65.7866 4.6544 0.1711
Car -1 -1 1.7028 531.9274 180.8432 557.3293 200.9238 1.5405 1.5573 3.9659 -5.2726 2.2158 58.9719 1.6136 0.1680
Car -1 -1 0.8169 0.0000 227.9048 32.4243 375.0000 1.4701 1.6133 3.9311 -7.1778 1.9725 5.6557 -0.0633 0.1669
Car -1 -1 5.0066 675.8499 170.9878 710.8856 191.9618 1.5114 1.5849 3.7611 6.3107 1.3769 54.0361 5.1219 0.1492
Car -1 -1 1.6831 164.4769 182.5179 232.1039 228.8449 1.4588 1.6288 4.0812 -14.6222 1.8342 25.8341 1.1722 0.1459
Car -1 -1 5.0664 490.8878 174.4950 537.9254 201.0024 1.5850 1.6204 4.0998 -5.9531 1.6936 45.5915 4.9369 0.1229
Car -1 -1 4.7993 0.0000 193.5198 28.6147 251.7460 1.5308 1.6735 3.8797 -19.3410 2.2345 22.5027 4.0951 0.1204
Car -1 -1 2.6833 838.4327 141.0290 983.1945 197.0453 1.4321 1.5614 3.2226 8.0079 0.6185 19.3395 3.0705 0.1179
Car -1 -1 1.9253 522.9888 179.7236 560.7932 201.9127 1.5539 1.5899 3.7864 -5.0052 2.0857 53.8228 1.8325 0.1155
Car -1 -1 1.3283 660.4313 180.1226 718.2126 217.5383 1.4896 1.6204 3.8444 3.4129 1.8275 31.5234 1.4345 0.1102
Car -1 -1 2.0415 683.4709 169.9386 724.6590 189.1729 1.4963 1.6152 4.1013 7.6683 1.2695 58.2775 2.1714 0.1097
Car -1 -1 5.3008 371.4431 169.4101 436.3180 197.1039 1.4981 1.6008 4.0029 -11.6647 1.3118 41.1819 5.0262 0.1079
Car -1 -1 1.4987 654.5796 175.5572 692.6078 208.1859 1.5298 1.6120 3.8367 3.1509 1.6722 36.0776 1.5846 0.1076
Car -1 -1 2.0319 0.0000 191.0948 27.3828 220.9624 1.5271 1.6658 4.2753 -35.9713 2.6451 41.9468 1.3261 0.1072
Car -1 -1 2.2936 0.0000 219.9325 69.4489 375.0000 1.4340 1.5638 3.6827 -6.0009 1.9051 5.3099 1.4722 0.1018
Car -1 -1 4.5048 337.3910 169.1634 366.8005 187.3713 1.5904 1.6814 4.1827 -23.3089 1.2680 65.2460 4.1628 0.0993
Car -1 -1 4.6203 358.4419 172.6852 389.1884 197.7245 1.6086 1.6150 3.8872 -15.8640 1.5978 48.4591 4.3053 0.0992
Car -1 -1 1.2044 880.4604 178.5996 1242.0000 375.0000 1.4383 1.5345 3.8050 3.3457 1.4991 5.6327 1.7168 0.0933
Car -1 -1 4.2711 629.7793 165.9328 669.1368 188.0930 1.8227 1.7224 4.2020 3.3631 1.2534 61.6179 4.3251 0.0910
Car -1 -1 5.1148 191.4898 184.3433 275.8960 226.7164 1.4864 1.6142 3.6305 -14.5768 1.9651 28.1924 4.6411 0.0898
Car -1 -1 -0.1467 665.2505 183.4489 757.6630 216.8609 1.4455 1.5857 3.9340 4.5461 1.9352 32.5420 -0.0098 0.0896
Car -1 -1 3.7972 79.0566 186.4566 226.1809 232.6231 1.4682 1.6261 4.0945 -15.4850 1.9501 24.5499 3.2391 0.0883
Car -1 -1 1.3184 810.1963 162.1752 863.3483 192.3514 1.5454 1.6771 4.4644 12.2673 0.9985 39.2215 1.6191 0.0841
Car -1 -1 1.6386 432.5329 173.8616 461.8508 199.2483 1.6461 1.6533 4.3634 -11.0361 1.7181 49.2490 1.4189 0.0840
Car -1 -1 1.4896 808.6752 170.0756 860.3286 211.7040 1.5300 1.6257 3.8299 8.8314 1.4278 28.5629 1.7861 0.0836
Car -1 -1 1.4997 201.8815 178.4514 234.0939 203.3157 1.5508 1.6088 4.0857 -26.1470 1.9408 48.1271 1.0041 0.0831
Car -1 -1 0.9599 811.0073 163.4016 940.6456 217.5523 1.5430 1.7128 4.2134 8.2585 1.2737 22.8183 1.3027 0.0814
Car -1 -1 0.2264 192.8234 183.8455 314.6085 225.6969 1.4847 1.6235 3.8880 -13.4421 1.9218 27.4661 -0.2252 0.0810
Car -1 -1 1.2988 802.1224 159.1192 901.2603 214.7999 1.4477 1.6147 4.1945 6.8637 1.0906 20.8891 1.6118 0.0793
Car -1 -1 4.3019 313.2572 169.3250 352.7379 188.6124 1.6632 1.7101 4.3177 -24.6953 1.3589 64.3617 3.9367 0.0789
Car -1 -1 1.7735 753.1199 174.8385 804.9118 208.4716 1.4456 1.5678 3.9837 7.8979 1.5434 33.4025 2.0032 0.0787
Car -1 -1 2.1756 1116.4154 137.1089 1242.0000 265.7059 1.5561 1.6571 4.1475 9.4742 1.1236 9.9963 2.9195 0.0776
Car -1 -1 3.8550 144.3405 187.5228 258.9781 229.3335 1.4802 1.6052 3.6499 -15.5183 2.0629 27.5091 3.3452 0.0774
Car -1 -1 5.3155 13.9345 183.1748 149.7955 236.4208 1.5227 1.6287 3.8434 -16.8734 1.8840 23.3210 4.6944 0.0772
Car -1 -1 4.5671 639.8831 173.3784 672.4644 197.8277 1.5696 1.6321 3.8686 3.0850 1.6063 48.4029 4.6299 0.0750
Car -1 -1 1.4820 627.2249 179.7108 670.3629 215.1968 1.5248 1.6484 4.2210 1.7850 1.8679 33.9697 1.5334 0.0736
Car -1 -1 1.7773 540.9291 180.9153 570.0093 201.7449 1.5908 1.5897 3.9151 -4.3660 2.2699 58.7340 1.7030 0.0712
Car -1 -1 5.0944 656.9559 169.0789 709.2549 197.6042 1.4672 1.5652 3.6667 4.0310 1.2730 39.0993 5.1960 0.0711
Car -1 -1 2.0341 20.0819 188.9859 86.4648 216.4198 1.4703 1.5972 3.7972 -33.1016 2.4780 43.0550 1.3815 0.0706
Car -1 -1 1.7700 762.0873 177.7073 809.2109 210.3951 1.4652 1.5188 3.6981 8.5690 1.7136 34.9310 2.0081 0.0703
Car -1 -1 3.7377 469.0858 176.2031 529.7802 201.1846 1.4849 1.5576 3.4371 -6.8266 1.6991 44.7170 3.5867 0.0695
Car -1 -1 1.5642 467.9385 172.6120 491.0839 194.1726 1.5507 1.6431 4.2188 -9.7654 1.5333 54.1202 1.3862 0.0692
Car -1 -1 0.7961 784.1567 162.0863 908.5096 213.3068 1.5728 1.6345 4.0004 7.8550 1.2422 24.3100 1.1047 0.0689
Car -1 -1 4.5820 450.3110 175.3141 480.3486 198.2297 1.5676 1.6215 3.9436 -10.4164 1.7519 51.9428 4.3847 0.0688
Car -1 -1 -0.8490 701.1576 163.9793 816.8589 211.4943 1.5283 1.6294 4.1165 5.2455 1.2429 25.0978 -0.6458 0.0686
Car -1 -1 1.7048 629.0353 175.3029 664.7473 205.3073 1.7956 1.7117 4.2371 2.4166 1.9586 45.7870 1.7567 0.0681
Car -1 -1 4.8928 755.5978 167.1027 787.7280 190.9826 1.7835 1.7243 4.1572 12.6477 1.3540 56.1398 5.1130 0.0671
Car -1 -1 3.9972 765.1794 170.8936 851.4272 206.5611 1.4403 1.5349 3.6897 8.4957 1.3611 31.1311 4.2608 0.0648
Car -1 -1 3.9284 363.5693 169.5520 434.6331 195.5029 1.4653 1.6185 4.0612 -12.3893 1.2788 42.4298 3.6458 0.0642
Car -1 -1 3.0844 673.2117 171.7205 725.4143 192.6180 1.5113 1.5693 3.7254 6.5706 1.4293 53.0843 3.2065 0.0641
Car -1 -1 1.2128 669.5016 164.1859 712.7819 188.2319 1.5952 1.6469 4.0937 5.6059 1.0202 50.0527 1.3234 0.0639
Car -1 -1 1.9213 241.0309 181.9149 288.1701 206.1088 1.4746 1.5404 3.9145 -22.6488 2.0967 47.5117 1.4784 0.0626
Car -1 -1 0.9487 1092.5413 138.5320 1242.0000 269.7878 1.4978 1.6044 3.9613 8.8855 1.1062 10.2704 1.6478 0.0619
Car -1 -1 0.6570 1165.5187 147.6338 1242.0000 295.1449 1.4721 1.5964 3.8323 9.5129 1.2204 9.2028 1.4429 0.0618
Car -1 -1 4.4584 435.4002 176.3678 473.5017 201.5639 1.5428 1.5872 3.4659 -10.0529 1.7791 46.6180 4.2468 0.0617
Car -1 -1 1.6047 199.9222 176.0260 232.4107 202.1039 1.5662 1.6693 4.2316 -25.1119 1.7791 46.1523 1.1086 0.0617
Car -1 -1 0.4025 484.6979 181.3770 545.9345 205.3397 1.5125 1.6113 3.6787 -6.2211 2.0913 47.7206 0.2731 0.0614
Car -1 -1 2.1002 0.0000 193.3979 53.8614 222.5399 1.5330 1.6399 4.1399 -35.4259 2.8245 43.1888 1.4161 0.0609
Car -1 -1 4.5083 343.3957 164.7598 375.2610 189.0232 2.0396 1.7579 4.4952 -21.8927 1.3592 63.0330 4.1751 0.0604