Car -1 -1 4.4816 687.9579 181.5169 826.4086 282.1878 1.5144 1.6137 3.5661 2.4895 1.6921 12.9856 4.6657 0.9759
Car -1 -1 1.8582 317.6006 184.0507 441.1579 265.4583 1.5883 1.6468 3.7825 -5.1005 1.8738 16.4979 1.5621 0.9615
Car -1 -1 1.8075 460.2089 182.2889 520.0322 219.4452 1.5010 1.7127 4.1370 -5.2731 1.9519 32.3557 1.6466 0.8751
Car -1 -1 4.7003 633.3652 178.2793 657.7271 199.7576 1.4937 1.7294 4.1706 2.6332 1.9109 53.3643 4.7489 0.4608
Car -1 -1 1.7887 487.9166 175.7354 516.9677 196.7421 1.6939 1.6000 3.9546 -8.9828 1.9447 60.7675 1.6422 0.3936
Car -1 -1 5.0464 356.0051 171.8139 419.8489 211.6485 1.4694 1.5316 2.7934 -8.5532 1.4310 28.0420 4.7527 0.3191
Car -1 -1 2.9728 694.3453 165.5037 780.2888 193.6365 1.4326 1.6399 4.1878 6.6028 1.0583 37.5692 3.1452 0.2720
Car -1 -1 -0.0781 726.8948 174.5923 814.1477 206.6678 1.4759 1.5601 3.9402 7.6012 1.5612 34.3564 0.1374 0.1717
Car -1 -1 3.0558 682.2519 179.1372 764.8460 210.9013 1.4647 1.5662 3.7810 5.4047 1.7734 34.5405 3.2092 0.1630
Car -1 -1 3.6655 322.3149 171.3664 413.7601 211.3435 1.4613 1.5845 2.8941 -9.1559 1.4069 27.4443 3.3461 0.1541
Car -1 -1 5.6377 0.0000 242.7497 185.3828 375.0000 1.4404 1.6399 3.6642 -4.4288 2.0180 4.0418 4.8394 0.1180
Car -1 -1 0.5973 0.0000 213.4318 139.9288 375.0000 1.4915 1.6499 4.1249 -5.5051 1.8144 4.3969 -0.2697 0.1175
Car -1 -1 5.3633 0.0000 200.6034 441.9034 375.0000 1.4624 1.6112 3.8764 -3.0002 1.7751 6.0681 4.9202 0.1097
Car -1 -1 4.1176 688.7420 174.2282 759.8589 206.6196 1.4994 1.6126 3.7920 5.5989 1.5712 35.6331 4.2717 0.1059
Car -1 -1 4.5990 735.6843 164.1192 775.0881 192.8496 1.4603 1.6239 3.9488 7.7679 1.0164 38.7098 4.7953 0.1044
Car -1 -1 0.3751 466.5276 174.7366 519.3250 195.9243 1.7323 1.6572 4.0408 -9.7585 1.8933 60.4552 0.2154 0.1013
Car -1 -1 0.0024 0.0000 203.8590 616.6652 375.0000 1.4664 1.6661 3.9481 -2.0927 1.7479 5.0557 -0.3735 0.0986
Car -1 -1 4.7593 677.7153 168.1783 703.6552 193.0248 1.6347 1.5928 3.7850 5.5931 1.3271 49.4668 4.8709 0.0974
Car -1 -1 5.3532 0.0000 215.8053 23.7101 375.0000 1.5273 1.6338 3.9432 -3.9973 1.8074 2.5778 4.4028 0.0965
Car -1 -1 1.8695 0.0000 195.7705 248.9582 375.0000 1.4482 1.6111 3.9911 -4.3655 1.7134 6.2087 1.2762 0.0951
Car -1 -1 1.6404 668.6589 170.2117 695.5753 193.5158 1.6148 1.6643 3.9377 5.2707 1.4318 52.0798 1.7403 0.0945
Car -1 -1 1.7997 0.0000 218.4790 189.6544 375.0000 1.4757 1.6080 3.5954 -2.9811 1.8093 3.3080 1.1051 0.0891
Car -1 -1 -0.0837 626.1701 178.5436 678.6666 199.7026 1.4972 1.6663 3.6781 3.0845 1.9174 52.4087 -0.0257 0.0805
Car -1 -1 1.3099 613.0767 175.6037 641.7159 194.0356 1.5208 1.5380 3.7877 1.5036 1.7653 62.1566 1.3336 0.0749
Car -1 -1 5.3415 0.0000 227.9949 310.1061 375.0000 1.4461 1.6693 4.0606 -3.7256 1.9771 4.9133 4.7179 0.0695
Car -1 -1 3.7795 0.0000 237.0742 441.9874 375.0000 1.4397 1.6440 3.9357 -3.2725 1.9429 4.7212 3.1986 0.0684
Car -1 -1 4.9467 487.4282 178.5382 540.4755 213.1277 1.5523 1.6544 4.0789 -4.5917 1.8462 35.1917 4.8174 0.0683
Car -1 -1 4.6153 692.1933 169.9296 730.2211 199.0724 1.4610 1.6117 3.8786 5.3214 1.3144 38.1422 4.7524 0.0665
Car -1 -1 1.6968 428.8138 181.7645 467.2864 211.3931 1.5002 1.5848 3.8774 -8.8424 2.0157 39.7419 1.4789 0.0656
Car -1 -1 1.5027 721.2252 179.4974 759.7884 212.1457 1.4309 1.5368 3.9126 6.2028 1.7670 34.4769 1.6787 0.0654
Car -1 -1 1.4362 628.2482 176.5440 658.7482 199.8141 1.5805 1.6729 3.8521 2.3897 1.8548 51.6328 1.4817 0.0639
Car -1 -1 3.8911 0.0000 216.9862 343.3242 375.0000 1.4721 1.6437 4.2119 -4.3701 1.8592 5.3282 3.2281 0.0622
Car -1 -1 1.6928 448.4430 181.8748 486.3423 211.2077 1.4914 1.5829 3.9458 -7.8191 2.0162 39.9539 1.5003 0.0608
Car -1 -1 1.3132 425.2458 201.9367 500.0547 251.6293 1.4449 1.7222 3.5081 -5.1968 2.5402 25.2211 1.1112 0.0598
Car -1 -1 -0.2628 722.3212 167.4449 808.8828 197.0416 1.4941 1.6070 4.0998 8.0329 1.2211 37.3366 -0.0529 0.0593
Car -1 -1 4.5423 430.2744 198.3074 492.7672 245.4271 1.4683 1.6561 3.7351 -5.5463 2.4832 26.7292 4.3390 0.0587
Car -1 -1 4.5087 690.5628 171.2972 731.4320 197.7891 1.4693 1.6154 3.7708 5.8464 1.3830 41.9540 4.6459 0.0548
Car -1 -1 1.6486 311.3032 173.8045 366.9878 217.1545 1.4597 1.5948 3.8897 -9.8421 1.4974 26.4764 1.2956 0.0540
Car -1 -1 1.3891 810.6486 198.9323 938.1216 292.5254 1.4796 1.6669 4.0629 5.2179 2.0892 14.7300 1.7220 0.0534
Car -1 -1 0.6926 0.0000 251.7477 166.9786 375.0000 1.4633 1.6468 3.7155 -4.6297 1.9876 3.6644 -0.1730 0.0527
Car -1 -1 1.5378 666.1747 169.7106 691.9159 193.4590 1.5496 1.6093 3.8587 4.6888 1.3445 49.0545 1.6321 0.0525
Car -1 -1 4.7235 474.9389 178.1247 510.7379 212.5398 1.5378 1.6151 3.8013 -5.6109 1.8070 34.8531 4.5646 0.0503