Car -1 -1 1.4126 643.6771 182.4942 730.5938 243.9887 1.4302 1.6919 3.9992 1.9760 1.7176 19.4686 1.5113 0.9652
Car -1 -1 3.3237 411.0840 175.0474 514.5045 210.4527 1.6134 1.7442 4.5178 -6.8306 1.7193 33.9008 3.1259 0.8704
Car -1 -1 1.6936 524.4836 170.7580 566.1531 206.3644 1.7773 1.6971 4.0836 -3.3328 1.6726 38.0855 1.6064 0.8404
Car -1 -1 -0.3966 917.7222 168.0808 1189.0676 260.3305 1.6080 1.6232 4.0641 8.1959 1.5248 13.6529 0.1339 0.8009
Car -1 -1 4.7400 638.2792 163.7528 671.4603 196.3052 1.6065 1.6193 3.8007 2.4014 1.1573 37.5745 4.8030 0.6915
Car -1 -1 5.6314 0.0000 225.9910 301.9753 375.0000 1.4559 1.5911 3.8772 -3.0399 1.8139 2.8282 4.8560 0.3805
Car -1 -1 5.3930 535.2685 161.6951 576.0486 180.0763 1.5739 1.6736 3.6414 -4.7338 0.6184 63.7539 5.3191 0.2028
Car -1 -1 1.8275 548.0187 179.3557 586.0599 204.0198 1.4780 1.5228 3.7871 -2.6837 1.9133 46.3033 1.7694 0.1823
Car -1 -1 0.6290 0.0000 213.1022 250.8725 375.0000 1.4786 1.6127 4.0496 -4.1039 1.7359 3.4001 -0.2115 0.1514
Car -1 -1 -0.0193 635.8381 164.3489 711.1207 194.5680 1.4874 1.5992 3.7047 3.2045 1.0687 36.4359 0.0674 0.1382
Car -1 -1 5.1519 0.0000 204.1444 325.0669 375.0000 1.5207 1.7144 4.1579 -3.1506 1.8082 4.4454 4.5624 0.1368
Car -1 -1 2.6828 643.6248 174.7259 716.7744 203.6369 1.4862 1.5440 3.5841 3.7770 1.5899 38.6235 2.7791 0.1263
Car -1 -1 4.7423 476.5221 176.6640 512.9529 209.2982 1.4753 1.6272 4.0694 -5.5535 1.6725 35.2345 4.5867 0.1083
Car -1 -1 4.5095 664.9961 170.7288 700.8704 195.3247 1.5202 1.5328 3.9653 4.6967 1.3889 46.6483 4.6089 0.1067
Car -1 -1 1.4847 679.3352 176.2705 714.9709 206.1578 1.4856 1.5538 3.6314 4.5829 1.6748 38.1252 1.6030 0.1058
Car -1 -1 4.2103 529.3218 160.3702 570.4938 182.7919 1.7713 1.7195 3.8473 -4.9165 0.7851 59.0799 4.1275 0.0927
Car -1 -1 4.7596 668.7816 173.3870 690.6890 194.0565 1.6008 1.5775 3.7496 5.6626 1.6450 57.9503 4.8562 0.0913
Car -1 -1 1.9019 392.4276 176.8540 469.4814 219.6911 1.4530 1.5727 3.9480 -6.5561 1.6134 26.8937 1.6646 0.0847
Car -1 -1 0.2091 670.4070 173.1953 729.3121 196.7893 1.6339 1.6316 3.9123 6.4401 1.6588 51.4160 0.3326 0.0842
Car -1 -1 1.3841 576.9716 177.2412 607.5581 198.2628 1.5557 1.6526 4.1315 -1.3935 1.9126 56.5054 1.3591 0.0714
Car -1 -1 3.1738 668.7943 172.2214 719.2982 191.6254 1.4954 1.6025 3.8875 6.6528 1.4466 56.6846 3.2897 0.0695
Car -1 -1 0.0985 704.1624 171.7120 805.3376 208.5833 1.4797 1.6246 4.0302 6.1146 1.4339 30.3204 0.2951 0.0691
Car -1 -1 3.3820 421.7786 171.5975 500.5799 200.4927 1.4743 1.5743 3.7623 -7.7086 1.4101 37.6743 3.1812 0.0675
Car -1 -1 3.5663 357.8489 174.6289 469.7474 215.2999 1.4908 1.6192 3.8105 -7.4644 1.5615 27.6524 3.3046 0.0673
Car -1 -1 -0.2232 676.2371 178.7548 751.8920 206.7739 1.4706 1.6138 3.8068 5.6487 1.7994 39.2353 -0.0818 0.0608
Car -1 -1 1.7580 512.0818 169.5412 549.0237 195.3417 1.5653 1.6259 3.9136 -4.9658 1.3644 45.7919 1.6503 0.0600
Car -1 -1 4.3555 889.9810 174.6067 1036.7426 258.6663 1.4902 1.5414 3.3633 6.9832 1.5299 14.6020 4.7931 0.0594
Car -1 -1 3.7087 532.5843 160.6858 590.5511 181.9624 1.6632 1.7313 4.4308 -3.8849 0.7120 58.2244 3.6422 0.0589
Car -1 -1 4.3438 565.4626 172.5762 602.3256 193.9735 1.6531 1.6255 3.9882 -2.0981 1.6317 57.8976 4.3074 0.0569
Car -1 -1 3.3732 365.0832 181.4649 473.7841 219.5173 1.4981 1.6274 4.0521 -7.7491 1.8622 29.6536 3.1193 0.0560
Car -1 -1 1.9171 361.2636 180.1558 450.4232 230.5408 1.4264 1.5355 3.7026 -6.3509 1.6773 22.8849 1.6488 0.0555
Car -1 -1 -0.2808 619.8564 165.2252 700.8228 196.8598 1.5801 1.6280 3.8684 2.5992 1.1990 37.2423 -0.2121 0.0548
Car -1 -1 0.2879 512.8936 176.2893 578.4327 201.5827 1.5384 1.6226 3.8012 -3.9995 1.7601 45.3778 0.2001 0.0539
Car -1 -1 4.3588 520.9800 161.7313 557.4592 182.3993 1.6603 1.6854 4.1796 -5.9078 0.7668 60.2095 4.2612 0.0524
Car -1 -1 5.1169 0.0000 237.3378 441.2587 375.0000 1.4874 1.5961 3.9024 -1.6861 1.9118 2.7212 4.6021 0.0521
Car -1 -1 1.7193 566.2171 168.9473 595.9532 191.5204 1.6423 1.6657 4.0484 -2.1151 1.3581 54.5998 1.6804 0.0521
Car -1 -1 0.4521 560.8432 183.9155 619.1382 207.1718 1.5155 1.5218 3.7387 -1.3557 2.3025 49.8745 0.4245 0.0516
Car -1 -1 1.4443 718.5723 187.3757 784.5986 237.7643 1.4606 1.6523 3.9710 4.6544 1.9869 24.1180 1.6318 0.0515
Car -1 -1 5.0130 475.3194 173.8449 525.1516 202.6788 1.5023 1.6109 3.9620 -5.9693 1.5598 39.8158 4.8648 0.0510
Car -1 -1 1.4263 686.5568 177.4881 726.9858 207.5027 1.5087 1.5958 3.9475 5.1814 1.7711 38.8662 1.5573 0.0507
Car -1 -1 5.0601 418.4054 171.2213 470.7736 200.2533 1.4802 1.5732 3.6740 -8.7874 1.3969 38.7077 4.8380 0.0505