Car -1 -1 4.6993 575.4788 182.4300 605.4028 209.7518 1.4802 1.6222 3.7760 -0.9782 1.3293 40.8629 4.6750 0.8045
Car -1 -1 4.8254 481.7681 183.8390 523.6951 217.6375 1.4918 1.5542 3.3542 -4.8082 1.4311 33.4286 4.6833 0.8043
Car -1 -1 4.9227 422.3528 187.2400 502.8599 239.3227 1.4615 1.6371 3.9584 -4.3794 1.5299 22.3204 4.7308 0.7829
Car -1 -1 4.9829 380.1721 186.5802 438.7365 220.2109 1.3970 1.5864 3.5841 -8.6754 1.4608 31.8031 4.7183 0.6918
Car -1 -1 4.8489 0.0000 200.2534 140.7203 315.8291 1.4270 1.5852 3.4465 -8.4163 1.7022 11.2612 4.2182 0.3893
Car -1 -1 4.8870 430.2407 182.7937 468.3916 209.7421 1.5126 1.5857 3.5529 -9.2105 1.3767 42.1561 4.6728 0.3570
Car -1 -1 1.4910 413.3644 182.3756 440.4077 204.0269 1.4977 1.5914 3.8244 -13.0204 1.3013 51.7937 1.2456 0.3030
Car -1 -1 1.4287 516.8071 180.3094 545.7012 201.4346 1.4918 1.5711 3.9232 -5.6182 1.1453 52.8584 1.3229 0.2793
Car -1 -1 5.0737 79.5131 110.3454 390.4194 305.3039 1.8450 1.8084 4.5905 -4.2299 1.1364 9.1485 4.6519 0.2715
Car -1 -1 4.8225 356.6647 190.6133 400.3008 223.7435 1.4434 1.5673 3.5182 -10.6992 1.7113 33.8075 4.5178 0.2559
Car -1 -1 4.9227 402.0152 192.5222 489.9588 250.7605 1.4211 1.5597 4.0223 -4.3751 1.6454 20.0588 4.7103 0.1909
Car -1 -1 4.6805 506.6582 181.4934 534.3049 207.7725 1.5278 1.5521 3.6381 -5.3047 1.3114 43.7096 4.5600 0.1654
Car -1 -1 0.7187 0.0000 202.3222 132.1242 317.8417 1.4732 1.5864 3.5207 -9.0310 1.7355 10.2128 0.0074 0.1539
Car -1 -1 1.5062 456.9193 180.0856 483.3379 202.6372 1.5280 1.5907 3.7837 -9.7043 1.1804 50.7383 1.3178 0.1467
Car -1 -1 3.4862 459.0569 182.3766 530.0335 208.6394 1.5149 1.6656 3.8215 -6.6601 1.3511 42.6447 3.3318 0.1290
Car -1 -1 2.3904 0.0000 202.2626 80.1102 344.6488 1.4767 1.6690 3.7466 -9.5003 1.7557 9.8398 1.6359 0.1273
Car -1 -1 1.6923 0.0000 152.2527 71.8859 210.6928 1.4979 1.5865 3.7510 -16.4185 0.6530 20.4390 1.0221 0.1264
Car -1 -1 3.7908 0.0000 200.3708 231.1407 308.0908 1.4504 1.5931 3.4821 -7.7900 1.6956 10.7767 3.1764 0.1249
Car -1 -1 1.7650 397.7014 179.9406 434.4706 203.9011 1.5614 1.6501 4.1104 -12.9587 1.2176 48.9470 1.5071 0.1094
Car -1 -1 3.5803 392.8108 184.1176 465.1823 211.0727 1.5050 1.5666 3.7199 -10.2101 1.4437 41.2701 3.3389 0.1036
Car -1 -1 1.6439 414.9156 181.9223 443.6718 204.9502 1.5340 1.6253 4.3917 -12.3740 1.3146 50.1867 1.4030 0.1004
Car -1 -1 3.2823 426.3381 183.2357 496.4876 210.1268 1.5097 1.5184 3.7650 -8.3175 1.3985 41.2231 3.0840 0.0911
Car -1 -1 0.1052 0.0000 196.1208 292.7572 317.8419 1.5166 1.7048 3.9562 -6.9542 1.7064 10.8808 -0.4526 0.0892
Car -1 -1 3.4565 0.0000 204.0418 108.3717 332.3527 1.4936 1.6516 3.9749 -9.7796 1.8073 10.4046 2.7146 0.0886
Car -1 -1 1.4299 516.1727 178.2754 547.8817 201.4639 1.5487 1.6447 4.0639 -5.2863 1.0852 50.1829 1.3251 0.0872
Car -1 -1 3.5468 515.2498 174.6288 559.5645 191.5162 1.5755 1.6614 3.8569 -6.6381 0.5878 68.4434 3.4502 0.0854
Car -1 -1 4.6255 337.3885 213.0799 430.6786 299.0867 1.4798 1.6267 3.7226 -4.9701 2.1676 15.7145 4.3234 0.0798
Car -1 -1 3.2562 0.0000 145.0732 61.6166 205.8951 1.5774 1.6125 3.7553 -17.8636 0.5363 20.3680 2.5429 0.0770
Car -1 -1 0.2860 508.7436 180.7129 572.2407 206.5468 1.4863 1.6408 3.4127 -3.9218 1.2273 42.4925 0.1942 0.0765
Car -1 -1 1.9550 527.9894 180.3844 567.8466 201.1336 1.4750 1.5922 3.8985 -4.3417 1.1316 53.2002 1.8735 0.0759
Car -1 -1 1.3876 483.2491 191.2891 540.0727 230.9535 1.4629 1.6178 3.8024 -3.9422 1.7270 29.2020 1.2541 0.0759
Car -1 -1 1.5078 389.6296 185.1911 417.2527 206.8085 1.4679 1.6425 3.8905 -14.4630 1.4662 50.9210 1.2320 0.0750
Car -1 -1 1.0615 495.4751 180.4228 540.5089 201.8291 1.4881 1.5975 3.7627 -6.4804 1.1549 51.9607 0.9376 0.0705
Car -1 -1 1.5747 352.5739 186.3563 394.3076 222.0233 1.4729 1.6606 4.0789 -10.3911 1.5272 32.0211 1.2629 0.0690
Car -1 -1 1.3884 491.4093 198.9965 552.6951 242.5262 1.4536 1.6879 3.4851 -3.2737 2.0104 27.1319 1.2689 0.0685
Car -1 -1 5.0593 29.7418 192.6137 235.6343 299.2153 1.4868 1.6257 4.0073 -7.9137 1.6369 12.4509 4.5026 0.0641
Car -1 -1 1.9437 0.0000 155.9057 111.5895 216.2534 1.4623 1.6483 4.0254 -15.2235 0.7521 19.5806 1.2896 0.0627
Car -1 -1 1.1725 522.4462 176.8100 567.8456 200.0167 1.5116 1.6324 4.0638 -4.2743 0.9641 49.0020 1.0856 0.0621
Car -1 -1 1.5137 455.8007 177.8545 484.1621 201.6756 1.5109 1.6335 3.7651 -9.1213 1.0440 47.6186 1.3252 0.0615
Car -1 -1 1.5074 408.5560 179.3734 437.6696 202.8950 1.4983 1.6312 4.0228 -12.3137 1.1262 47.9553 1.2570 0.0601
Car -1 -1 1.7363 560.6306 179.9212 591.5707 201.1677 1.4644 1.6081 3.8120 -2.1906 1.0995 51.5381 1.6936 0.0598
Car -1 -1 1.7211 0.0000 203.2111 82.7476 357.6810 1.5080 1.6575 3.8432 -8.2091 1.7995 9.5735 1.0258 0.0593
Car -1 -1 1.2653 351.6318 192.4707 425.8866 234.6733 1.4683 1.6537 3.8938 -8.5051 1.7697 27.7962 0.9706 0.0587
Car -1 -1 5.2617 0.0000 203.3079 163.1892 314.3463 1.4458 1.6309 4.0637 -9.4117 1.8045 12.1482 4.6129 0.0578
Car -1 -1 0.7158 0.0000 150.6743 95.2661 206.8779 1.5495 1.6014 3.5079 -17.0331 0.5972 20.6773 0.0332 0.0574
Car -1 -1 1.6336 489.2668 178.6959 522.7797 206.6938 1.5048 1.6258 3.9596 -5.6766 1.1544 40.6722 1.4955 0.0564
Car -1 -1 1.6580 527.4354 179.3590 555.0997 201.7830 1.5435 1.6086 4.2745 -4.6928 1.1404 51.6198 1.5674 0.0561
Car -1 -1 2.7805 433.3232 181.6695 493.4130 204.4562 1.5215 1.6075 3.7452 -9.9252 1.2847 49.6720 2.5839 0.0552
Car -1 -1 2.1327 461.2378 179.5364 510.1524 201.9003 1.5072 1.5688 3.8650 -8.4903 1.1244 50.5318 1.9667 0.0547
Car -1 -1 5.2809 361.9057 188.5337 440.6657 222.7185 1.4740 1.6159 4.0192 -9.5239 1.6389 33.5727 5.0061 0.0542
Car -1 -1 1.3260 509.0152 179.3053 554.1019 207.0273 1.4888 1.6316 3.9402 -4.3352 1.1714 40.7358 1.2203 0.0531
Car -1 -1 4.0296 6.8102 157.4233 164.0504 211.3957 1.5005 1.6355 3.9880 -15.4318 0.7279 21.3006 3.4087 0.0526
Car -1 -1 1.6230 371.2417 182.5786 418.1295 222.4293 1.5425 1.6462 4.1742 -8.8092 1.4404 30.0442 1.3399 0.0520
Car -1 -1 1.6236 518.8682 181.0277 549.4913 206.8629 1.4774 1.6332 3.4611 -4.3171 1.2379 42.8750 1.5234 0.0510
Car -1 -1 3.8555 401.2401 199.2757 521.5650 244.0660 1.4866 1.7695 4.2917 -5.4656 2.0472 26.8319 3.6559 0.0509
Car -1 -1 4.6354 403.8778 214.8925 492.3810 300.3947 1.4917 1.6261 3.6502 -3.6114 2.2301 15.9018 4.4149 0.0505