Car -1 -1 1.7761 435.6525 186.7802 518.7495 244.9082 1.3908 1.5357 3.6213 -3.5615 1.8118 19.9757 1.6012 0.9424
Car -1 -1 3.2987 0.0000 188.6441 231.4207 288.6030 1.5324 1.7414 3.8828 -9.1424 1.8563 13.1861 2.7017 0.8318
Car -1 -1 2.8965 436.7977 180.7774 510.5856 206.7394 1.4502 1.5765 4.0416 -8.0558 1.9375 42.8155 2.7112 0.6693
Car -1 -1 1.5418 531.7667 181.6451 556.3655 204.6584 1.4995 1.6033 3.9951 -4.6325 2.1423 50.6818 1.4507 0.1632
Car -1 -1 1.6764 486.9268 174.8708 518.1418 199.5014 1.5754 1.6823 3.7160 -7.1307 1.7158 48.3490 1.5304 0.1455
Car -1 -1 1.4234 431.1507 182.0929 467.7666 209.0610 1.4855 1.5942 3.8580 -9.6379 2.0662 43.2623 1.2051 0.1266
Car -1 -1 4.6462 489.9360 175.9943 516.5278 198.3507 1.5038 1.6139 3.8415 -7.5700 1.7353 51.1564 4.4997 0.1035
Car -1 -1 4.4019 441.9994 173.3859 477.7838 194.1008 1.4832 1.5548 3.7005 -11.1816 1.5243 53.7588 4.1975 0.0943
Car -1 -1 3.3678 456.7211 176.8681 518.5620 200.3852 1.4999 1.6152 3.7249 -7.9541 1.7679 47.2501 3.2015 0.0824
Car -1 -1 0.2121 500.1157 181.9922 554.6121 204.0328 1.4688 1.5991 3.4822 -5.6559 2.1125 49.8556 0.0993 0.0820
Car -1 -1 1.3616 480.4047 170.9697 512.6437 193.1755 1.6601 1.6486 4.1734 -8.8387 1.5192 56.1841 1.2060 0.0799
Car -1 -1 2.8075 520.1262 180.6944 578.6531 204.1882 1.5436 1.5614 3.7239 -4.1558 2.1013 49.8555 2.7243 0.0784
Car -1 -1 2.1753 426.9467 172.9686 482.2444 196.8834 1.4539 1.6398 3.6694 -9.8040 1.4615 45.8948 1.9657 0.0781
Car -1 -1 2.4440 0.0000 217.2354 178.4175 375.0000 1.4573 1.5549 3.1973 -6.9117 2.0768 8.3515 1.7681 0.0779
Car -1 -1 5.6972 0.0000 204.4952 284.5325 365.3600 1.4860 1.5197 3.6806 -6.3051 1.9872 9.4390 5.1209 0.0646
Car -1 -1 3.0343 459.9156 173.9249 518.3371 196.4268 1.5021 1.6175 3.8086 -8.2861 1.5776 49.5793 2.8692 0.0641
Car -1 -1 1.5251 513.5759 194.9990 555.6252 232.3861 1.4220 1.6638 3.5583 -3.3263 2.4485 31.5597 1.4202 0.0544
Car -1 -1 1.3360 486.7048 186.8738 532.0069 217.0007 1.5784 1.7008 4.1349 -5.8998 2.4402 42.1181 1.1971 0.0535