Car -1 -1 1.9990 259.0327 187.9535 321.1194 218.2882 1.4436 1.5942 3.6906 -16.7660 2.2786 38.0433 1.5861 0.8439
Car -1 -1 1.6955 291.5917 188.6836 324.9745 212.6759 1.4318 1.6249 3.1394 -19.6145 2.5025 47.0712 1.3023 0.1993
Car -1 -1 1.8166 233.5262 189.6701 282.1778 218.7293 1.4880 1.6023 3.8731 -20.1050 2.5006 41.3884 1.3666 0.1303
Car -1 -1 2.0302 220.9970 185.2460 277.1028 209.9093 1.4782 1.7093 3.9268 -23.4990 2.3224 47.1846 1.5701 0.0981
Car -1 -1 1.8620 206.4950 188.4811 264.6669 219.2949 1.4537 1.6774 3.8762 -19.7085 2.3252 38.1848 1.3880 0.0922
Car -1 -1 1.7718 218.5488 188.7350 266.6304 218.3242 1.4522 1.6262 3.7355 -20.0693 2.3680 39.5925 1.3050 0.0746
Car -1 -1 1.2264 205.8169 189.5712 263.4314 219.0665 1.4893 1.6309 3.9915 -21.1305 2.4754 40.6057 0.7490 0.0742
Car -1 -1 1.7280 299.1915 188.8419 334.1360 213.1678 1.4803 1.5821 3.9402 -19.7434 2.6073 48.7622 1.3448 0.0702
Car -1 -1 3.5701 172.6122 189.2137 263.7892 218.0579 1.4889 1.6401 4.0473 -21.2404 2.4008 39.2710 3.0768 0.0697
Car -1 -1 2.8928 257.3546 188.6308 330.9584 213.8956 1.4721 1.6575 4.0454 -20.2088 2.5258 46.2990 2.4830 0.0636
Car -1 -1 4.7483 597.6849 163.6951 618.3453 183.6683 1.7217 1.6999 3.8139 -0.1104 0.9322 64.1311 4.7463 0.0582
Car -1 -1 1.8982 343.2415 183.3676 389.0751 207.9097 1.4697 1.6152 4.0018 -15.7680 2.1827 46.9307 1.5754 0.0575
Car -1 -1 3.2616 585.1912 164.5307 630.9091 183.2095 1.6025 1.6726 3.8163 -0.1125 0.8884 62.9575 3.2595 0.0572
Car -1 -1 1.8786 306.5821 189.9783 349.2216 214.0184 1.4535 1.6163 3.6412 -18.7415 2.6406 48.1526 1.5089 0.0529
Car -1 -1 1.8150 243.9283 185.6160 288.4838 211.2932 1.5347 1.6832 4.1575 -22.5444 2.4141 47.5187 1.3739 0.0505