Car -1 -1 1.9768 188.9606 199.4419 373.1838 301.9175 1.5063 1.6496 4.0391 -5.9679 2.0847 13.6748 1.5717 0.9596
Car -1 -1 1.8164 387.9792 190.1282 465.3599 238.5760 1.4090 1.6028 3.9365 -6.0692 2.0393 24.3601 1.5742 0.9531
Car -1 -1 1.8724 313.2630 192.6150 424.9177 263.3867 1.5118 1.5808 3.9362 -6.0099 2.0723 18.4916 1.5617 0.9486
Car -1 -1 2.2021 0.0000 208.0620 260.1674 375.0000 1.4781 1.6908 4.1197 -5.8618 1.9804 8.2119 1.5970 0.9461
Car -1 -1 2.7843 844.9064 152.4844 1028.1041 214.2366 1.6633 1.6803 4.4083 9.1209 1.1146 20.3995 3.1990 0.9082
Car -1 -1 4.5741 667.8481 175.1006 728.2591 218.6030 1.4536 1.6195 4.1437 3.1537 1.5424 26.4148 4.6910 0.8964
Car -1 -1 1.7741 446.9391 188.2383 502.5747 224.2314 1.4042 1.6135 4.1295 -5.9015 2.1311 32.0103 1.5927 0.8834
Car -1 -1 4.6153 658.9109 173.9759 703.8904 210.2647 1.4980 1.5949 3.8737 3.1102 1.5505 31.8429 4.7112 0.7643
Car -1 -1 -0.3470 840.9634 148.8317 973.8142 199.4272 1.5473 1.5818 3.5743 9.3827 0.8127 22.9220 0.0368 0.7448
Car -1 -1 -0.2696 761.9243 166.1823 880.5578 206.7337 1.5305 1.6117 4.1451 8.1642 1.2787 28.0604 0.0103 0.6573
Car -1 -1 -0.4603 799.3004 162.9735 921.5372 207.5555 1.5108 1.6070 3.7581 8.8170 1.1760 25.4942 -0.1312 0.5251
Car -1 -1 1.7690 38.5058 201.1563 86.6138 230.7533 1.4979 1.5834 3.3769 -31.7396 3.2165 41.9491 1.1242 0.4970
Car -1 -1 1.9232 494.2018 180.8074 539.0459 205.8644 1.5081 1.5980 4.0210 -5.9883 2.0489 46.9219 1.7966 0.4001
Car -1 -1 4.0981 1115.5627 143.0088 1228.9382 182.2309 1.4510 1.6015 3.8572 22.1906 0.3469 28.6523 4.7522 0.2818
Car -1 -1 4.4102 830.4421 138.7276 890.1412 174.0955 1.5764 1.5979 3.7725 11.7595 0.0553 34.0675 4.7401 0.2644
Car -1 -1 2.4584 1144.4917 142.5994 1242.0000 181.5824 1.4599 1.5926 3.9012 23.1773 0.3269 27.8297 3.1478 0.2613
Car -1 -1 4.4476 755.5054 150.2696 811.9255 184.7119 1.5454 1.6654 3.7674 8.2028 0.5321 34.2852 4.6804 0.2565
Car -1 -1 4.4590 654.4266 153.3249 701.9243 184.7693 1.6050 1.6443 3.7683 3.6349 0.6082 38.8213 4.5514 0.2533
Car -1 -1 2.8780 766.3608 142.6125 872.0443 179.7088 1.6627 1.7081 4.3776 9.5893 0.3072 33.2273 3.1566 0.2278
Car -1 -1 1.2653 703.3974 171.6390 738.9733 191.4722 1.4677 1.5767 3.9673 8.5372 1.3778 55.4765 1.4169 0.2056
Car -1 -1 1.6717 486.3117 189.5535 529.8976 223.7880 1.4897 1.7161 3.9954 -4.9169 2.3561 35.4042 1.5341 0.2030
Car -1 -1 0.9933 1158.7770 136.6842 1242.0000 182.1215 1.5280 1.6205 3.6366 21.9573 0.3117 26.1645 1.6861 0.1896
Car -1 -1 1.6622 528.2773 180.0643 551.1420 198.3014 1.4798 1.5897 4.1482 -5.9950 2.1228 62.2671 1.5663 0.1891
Car -1 -1 1.6379 469.5660 191.4904 510.1353 224.4093 1.4451 1.7341 3.6169 -5.8683 2.4156 35.6897 1.4755 0.1656
Car -1 -1 4.1252 937.3289 141.3893 1023.1315 177.4344 1.5977 1.6714 3.9636 17.3804 0.2030 34.0485 4.5938 0.1588
Car -1 -1 -0.3757 745.5378 149.8748 845.1976 183.9726 1.6024 1.7045 4.3644 8.9812 0.5225 35.0286 -0.1269 0.1542
Car -1 -1 4.6291 251.5755 183.7625 310.0224 231.0510 1.4809 1.5825 3.7940 -11.7069 1.8985 25.5804 4.2035 0.1527
Car -1 -1 1.4675 646.5629 174.9899 679.4978 201.6611 1.4628 1.5250 3.6369 3.0500 1.5917 41.7089 1.5395 0.1499
Car -1 -1 1.5138 626.9875 176.8568 657.2549 203.7565 1.4621 1.5266 3.8069 1.8422 1.7041 41.7018 1.5571 0.1431
Car -1 -1 -0.7442 1184.0846 132.6460 1242.0000 177.6422 1.5363 1.6370 4.1549 23.0085 0.1635 25.4850 -0.0153 0.1430
Car -1 -1 1.7729 449.7397 175.7084 479.7669 195.8231 1.5214 1.5706 3.9178 -11.4177 1.7550 57.0949 1.5761 0.1294
Car -1 -1 3.9819 467.5759 183.3878 528.0925 207.6425 1.4336 1.5976 3.9476 -7.1710 2.1345 46.1400 3.8281 0.1131
Car -1 -1 2.4218 43.3487 200.9976 131.3065 230.5631 1.4817 1.7516 4.0297 -30.6066 3.2212 42.4359 1.7997 0.0952
Car -1 -1 1.6491 682.9633 175.3935 749.5600 235.0250 1.4858 1.5542 3.5835 3.0394 1.5632 20.0619 1.7965 0.0941
Car -1 -1 -0.6023 962.9262 145.0138 1063.0337 179.7018 1.5358 1.6053 3.7398 18.3669 0.3032 32.9267 -0.0972 0.0907
Car -1 -1 2.5631 962.9449 157.0023 1136.8499 213.7953 1.5329 1.6434 3.9427 12.3451 1.1050 20.3751 3.1012 0.0898
Car -1 -1 2.5106 623.9084 170.4299 678.2493 193.1528 1.7002 1.6486 3.9885 3.2234 1.5188 55.7624 2.5677 0.0885
Car -1 -1 3.4970 649.3325 166.1617 735.3550 194.6935 1.5087 1.6595 4.4242 4.5617 1.1549 39.8930 3.6096 0.0874
Car -1 -1 1.7064 540.1133 183.6425 563.1878 201.6444 1.5250 1.5350 4.2829 -5.2569 2.5432 65.9183 1.6267 0.0868
Car -1 -1 -0.3963 709.7429 172.4695 777.4986 197.2118 1.5384 1.6293 3.9297 8.5434 1.5145 46.0771 -0.2145 0.0861
Car -1 -1 4.5454 393.5749 180.2004 433.7678 207.7936 1.4666 1.6044 3.9472 -11.3375 1.9119 41.6113 4.2806 0.0844
Car -1 -1 5.0520 0.0000 199.5423 120.3475 273.6964 1.4536 1.5630 3.5824 -13.3790 2.1723 17.4867 4.4061 0.0809
Car -1 -1 4.2934 1095.1462 140.1970 1170.0847 175.6563 1.6596 1.6634 3.6087 25.7827 0.1312 35.7049 4.9150 0.0805
Car -1 -1 1.2807 702.0391 172.2656 742.0490 195.8315 1.4754 1.5774 3.7165 7.2982 1.4386 47.1228 1.4330 0.0789
Car -1 -1 2.2487 296.1481 192.4991 391.6911 232.4939 1.3974 1.6501 3.7269 -10.6643 2.2487 29.2354 1.9014 0.0764
Car -1 -1 1.4828 644.0745 169.7535 677.9513 197.9147 1.6357 1.6797 4.3705 3.0946 1.4556 44.1099 1.5520 0.0756
Car -1 -1 2.0791 475.9518 173.6815 527.2964 198.8332 1.4918 1.5619 3.6850 -6.6690 1.5456 44.9259 1.9322 0.0723
Car -1 -1 1.5906 633.3543 169.1112 655.8099 192.7664 1.7794 1.6719 4.1273 2.7683 1.4979 56.3915 1.6390 0.0711
Car -1 -1 1.4586 463.4041 178.6126 486.5739 196.8501 1.5029 1.5631 3.8422 -11.7441 2.0209 62.8307 1.2742 0.0698
Car -1 -1 1.5992 439.9474 177.5209 463.4534 198.9103 1.4659 1.5539 3.7589 -11.4121 1.8172 52.3105 1.3851 0.0695
Car -1 -1 3.0845 647.6052 153.3328 725.3173 183.5621 1.5471 1.6326 3.9623 3.9837 0.5480 37.8366 3.1884 0.0691
Car -1 -1 1.5809 623.5894 171.6622 652.7918 199.1774 1.5935 1.6917 4.4792 1.7700 1.5245 44.0656 1.6204 0.0686
Car -1 -1 4.5704 628.6992 159.1465 670.5366 190.5266 1.5949 1.6645 4.1798 2.0974 0.8982 38.8276 4.6236 0.0683
Car -1 -1 1.3480 836.9799 158.5666 917.2120 206.7168 1.5109 1.6506 4.3060 9.1003 1.0625 24.8787 1.6946 0.0667
Car -1 -1 3.7570 496.5655 172.7512 546.4555 192.7534 1.5781 1.6252 3.7713 -7.1492 1.5699 58.5348 3.6357 0.0667
Car -1 -1 2.9628 443.1604 192.5228 516.0728 223.1538 1.4233 1.6959 3.4027 -6.6192 2.4615 36.6984 2.7850 0.0666
Car -1 -1 1.7389 189.7650 202.0858 273.2776 259.9680 1.4046 1.5968 3.5128 -11.0798 2.3475 21.3589 1.2650 0.0662
Car -1 -1 -0.0652 812.7018 155.2295 954.3903 202.4111 1.5125 1.6062 4.3727 9.1878 0.9475 24.5238 0.2891 0.0660
Car -1 -1 2.9844 805.7589 138.8165 904.2287 173.5444 1.5478 1.6018 4.0963 11.2460 0.0308 33.2879 3.3077 0.0655
Car -1 -1 4.5643 782.2463 143.5960 833.2441 181.4444 1.6603 1.7177 3.9547 9.1879 0.3768 33.7160 4.8281 0.0650
Car -1 -1 2.0672 218.9580 188.9777 321.1342 234.5396 1.4567 1.6391 4.0983 -12.3998 2.0992 26.6519 1.6351 0.0627
Car -1 -1 5.1171 517.3704 172.5855 555.3932 194.7071 1.7472 1.6935 3.9104 -5.9520 1.7260 59.1059 5.0168 0.0623
Car -1 -1 1.2274 229.0516 188.3008 308.4250 230.2752 1.4563 1.6204 3.8807 -13.4654 2.1062 28.4134 0.7881 0.0621
Car -1 -1 0.2421 482.9791 192.9202 560.0654 223.2022 1.4317 1.7466 3.5693 -4.4349 2.4806 36.6324 0.1218 0.0607
Car -1 -1 1.0157 994.7558 176.1556 1094.1656 216.1288 1.4370 1.5994 3.6762 16.8111 1.5740 28.0991 1.5498 0.0595
Car -1 -1 2.0580 469.4022 176.6728 507.5626 195.6521 1.5104 1.5497 3.7854 -10.0746 1.8402 60.2822 1.8928 0.0589
Car -1 -1 1.5438 469.9966 178.0497 491.0345 199.1335 1.6871 1.6389 4.2881 -10.9589 2.1435 61.1179 1.3668 0.0584
Car -1 -1 1.0467 991.1722 177.1307 1103.2430 223.0762 1.4364 1.6292 3.7067 14.8777 1.5943 24.7669 1.5820 0.0579
Car -1 -1 -0.8865 1119.5994 144.4837 1242.0000 182.7229 1.4513 1.6248 4.1112 22.6627 0.3746 28.6302 -0.2218 0.0574
Car -1 -1 0.0559 1004.2980 169.8839 1131.0061 207.9475 1.4152 1.6016 4.1602 18.1505 1.3048 28.6807 0.6152 0.0564