Car -1 -1 -0.1997 671.4500 182.0814 802.9268 222.2151 1.4098 1.7261 4.5352 4.6510 1.7632 26.7036 -0.0298 0.9182
Car -1 -1 -0.0264 644.1908 182.4356 708.9223 206.0036 1.5350 1.6354 4.2812 4.4948 2.1947 48.7231 0.0645 0.6105
Car -1 -1 1.5046 641.7725 178.6058 666.2411 198.7124 1.4298 1.5790 3.9494 3.3190 1.8794 54.4207 1.5648 0.2687
Car -1 -1 3.2386 710.0345 174.1187 760.2394 190.8048 1.4399 1.6483 4.2367 11.1164 1.5541 63.8252 3.4099 0.1131
Car -1 -1 4.1759 658.4604 169.4417 715.3246 197.5247 1.5121 1.5512 3.6399 4.3235 1.3284 40.8274 4.2803 0.1118
Car -1 -1 4.5742 775.9099 179.3047 814.2894 207.2900 1.4685 1.5823 3.7631 10.4191 1.8500 40.7205 4.8224 0.1050
Car -1 -1 1.5127 635.8038 180.9519 663.8594 204.7510 1.5425 1.6950 4.5652 2.7803 2.1361 50.6073 1.5668 0.1030
Car -1 -1 3.2590 745.7776 173.9396 800.2660 191.2037 1.4635 1.6834 4.4672 14.2503 1.5604 62.8936 3.4805 0.0919
Car -1 -1 1.7691 634.1078 177.4348 668.7122 200.9269 1.5882 1.6784 4.2712 3.0575 1.9325 51.9477 1.8271 0.0887
Car -1 -1 1.2999 775.2689 180.4544 825.4273 210.6436 1.4925 1.6373 3.7239 10.1133 1.9177 38.4901 1.5544 0.0859
Car -1 -1 -0.4546 774.8133 180.1818 848.7007 207.6642 1.4552 1.5976 3.6004 11.1623 1.8719 39.9154 -0.1843 0.0803
Car -1 -1 4.6023 675.5046 168.9453 708.7729 196.6597 1.4919 1.5439 2.7569 4.5716 1.2815 40.2221 4.7143 0.0729
Car -1 -1 2.1354 653.4249 178.2917 700.5386 198.9066 1.4402 1.5982 3.9863 5.0408 1.8595 53.5643 2.2283 0.0667
Car -1 -1 1.0438 741.5624 181.0919 783.3605 200.7604 1.5319 1.5915 4.0335 12.7035 2.2436 60.1744 1.2504 0.0648
Car -1 -1 0.9057 687.6740 174.5021 730.4765 192.6006 1.5169 1.6027 3.9471 8.6459 1.6655 62.9664 1.0412 0.0617
Car -1 -1 2.2712 797.4670 177.6839 868.1389 206.2296 1.4661 1.6312 3.7836 12.1905 1.7409 39.3467 2.5690 0.0599
Car -1 -1 1.3883 628.1548 177.9091 658.7044 198.7787 1.4725 1.5771 4.0142 2.4960 1.8656 54.0205 1.4338 0.0502