Car -1 -1 1.8818 255.5753 179.9128 447.4458 300.2272 1.4707 1.6228 3.5536 -3.6295 1.5939 10.8109 1.5645 0.9663
Car -1 -1 4.6692 662.1713 178.3017 702.1287 218.6587 1.5699 1.5226 2.5654 2.9561 1.8044 29.7465 4.7666 0.4880
Car -1 -1 4.4564 628.5665 185.7141 662.1593 208.2450 1.5986 1.6540 3.8743 2.7197 2.6267 55.6181 4.5044 0.2735
Car -1 -1 4.6166 661.0645 174.3342 690.7287 199.7277 1.7176 1.6936 4.1934 4.6599 1.8269 51.1523 4.7065 0.1459
Car -1 -1 1.5588 664.8319 165.9465 691.8244 191.6325 1.5366 1.6100 3.9093 4.2779 1.1234 45.1770 1.6523 0.1408
Car -1 -1 1.7400 642.4196 184.0189 668.3626 202.7739 1.5126 1.5917 4.1073 4.0326 2.5208 62.9715 1.8032 0.1271
Car -1 -1 1.3656 637.8578 183.0202 671.9114 206.0086 1.5821 1.7510 3.9409 3.3220 2.3661 53.5688 1.4266 0.1116
Car -1 -1 4.6866 694.8043 174.2562 733.0804 209.3046 1.4926 1.6156 3.7479 4.6988 1.5602 32.8384 4.8269 0.0973
Car -1 -1 -0.3307 636.3411 183.9967 692.3156 206.9977 1.6546 1.7425 3.8609 4.1253 2.5173 54.5280 -0.2562 0.0826
Car -1 -1 1.6991 641.1772 181.4682 669.5007 203.9782 1.6328 1.6889 4.1206 3.6018 2.3297 56.1917 1.7622 0.0754
Car -1 -1 3.5180 683.5424 174.8056 777.4294 210.6228 1.4632 1.6049 3.6837 5.2271 1.5522 31.2892 3.6814 0.0692
Car -1 -1 0.0846 621.2897 185.7829 674.1179 207.6348 1.6086 1.7061 3.9318 2.9575 2.6238 55.5454 0.1369 0.0677
Car -1 -1 1.3443 643.7386 177.7663 681.4366 203.2045 1.7015 1.7228 4.4359 3.7299 2.0678 51.4834 1.4157 0.0661
Car -1 -1 4.3336 653.5063 174.9604 717.9139 210.2664 1.4990 1.6039 3.8510 3.4050 1.6012 32.9527 4.4351 0.0586
Car -1 -1 -0.6824 664.4548 175.0775 719.4564 196.6080 1.5128 1.6261 3.8296 6.0395 1.6808 52.7711 -0.5695 0.0555
Car -1 -1 4.7793 657.8726 179.3854 683.6962 202.4249 1.6318 1.6784 3.9777 4.6474 2.1430 54.3813 4.8636 0.0535
Car -1 -1 3.1790 639.7956 178.0034 705.9794 217.0111 1.5042 1.5426 2.5810 2.5656 1.7177 28.9929 3.2657 0.0529
Car -1 -1 4.4699 643.6661 178.0660 705.9605 220.0181 1.6427 1.6733 4.2917 2.7234 1.8834 31.0626 4.5558 0.0522