Car -1 -1 1.7128 431.7703 192.1249 522.9636 259.3755 1.4610 1.7631 4.0629 -3.3349 2.0211 18.9124 1.5398 0.9650
Car -1 -1 4.7227 597.0478 180.1549 616.6912 198.9588 1.5468 1.6537 3.5411 -0.2152 2.1973 62.5091 4.7188 0.2613
Car -1 -1 1.6722 513.7288 189.4899 544.5811 214.3438 1.4623 1.6212 3.6633 -5.1704 2.5826 46.7512 1.5621 0.1170
Car -1 -1 1.4333 504.8957 193.2676 553.1755 228.6724 1.4634 1.7454 4.1239 -3.9199 2.5047 34.5905 1.3206 0.1114
Car -1 -1 -0.0509 592.3654 180.4626 636.1602 198.6306 1.5102 1.7084 3.6613 0.3788 2.1707 61.6992 -0.0453 0.1087
Car -1 -1 -0.1030 518.3919 194.5544 612.2540 228.9623 1.4561 1.7137 4.1577 -2.0694 2.4910 33.2207 -0.1655 0.0722
Car -1 -1 1.7566 505.9723 189.9322 546.8557 217.8992 1.4936 1.6889 4.1811 -4.9325 2.5694 43.3022 1.6433 0.0693
Car -1 -1 1.7791 491.6882 183.4373 522.2665 204.9323 1.5538 1.5889 3.8440 -7.9323 2.4052 56.0714 1.6388 0.0666
Car -1 -1 1.4794 517.4225 198.5054 573.2977 245.3688 1.4251 1.6700 3.7847 -2.3936 2.4266 26.1576 1.3881 0.0656
Car -1 -1 1.7205 497.0774 188.2178 531.4714 213.3316 1.4884 1.6724 3.7756 -6.1615 2.5296 46.9948 1.5904 0.0565
Car -1 -1 2.0611 614.3381 178.4745 655.7557 197.9118 1.5652 1.6961 4.3432 2.2225 2.0640 61.7376 2.0965 0.0533