Car -1 -1 4.5898 684.3066 180.3935 779.5554 255.3468 1.4664 1.6374 3.9335 2.6685 1.6597 16.5103 4.7462 0.9654
Car -1 -1 4.2867 795.6887 199.1556 1242.0000 375.0000 1.3851 1.6151 3.8089 2.7466 1.6605 5.6470 4.7177 0.9612
Car -1 -1 4.5939 663.8192 184.1395 732.8181 237.0485 1.4392 1.6430 4.0829 2.6755 1.8238 22.5424 4.7097 0.9152
Car -1 -1 4.5696 644.7366 177.9175 691.4597 217.1272 1.5978 1.5687 3.3377 2.5084 1.8313 31.5617 4.6475 0.9055
Car -1 -1 3.7268 0.0000 166.9327 293.7086 320.6024 1.7439 1.6692 4.1663 -6.4152 1.6767 9.0593 3.1241 0.9009
Car -1 -1 3.4869 232.2125 186.9822 435.0397 253.5242 1.4392 1.5708 4.1087 -6.2935 1.7830 16.7527 3.1322 0.8830
Car -1 -1 0.4646 162.8898 194.3885 399.9857 276.3444 1.4458 1.5989 3.9213 -6.2969 1.8934 14.0992 0.0509 0.8558
Car -1 -1 3.3734 423.2628 170.1182 506.4431 202.1059 1.5237 1.6507 3.7037 -7.0280 1.3934 35.2608 3.1777 0.7374
Car -1 -1 3.6375 61.7599 210.4615 355.0228 315.2358 1.4708 1.5593 3.8093 -6.2352 2.1113 11.4941 3.1495 0.5403
Car -1 -1 3.3238 406.0129 180.6719 510.8322 216.9053 1.4509 1.5585 4.0577 -6.2387 1.7856 30.0689 3.1204 0.4778
Car -1 -1 1.6617 499.9165 179.4721 533.7135 207.5054 1.5080 1.5755 4.0681 -5.3306 1.9107 41.8465 1.5353 0.4297
Car -1 -1 0.1273 472.9788 178.3648 545.3397 206.1398 1.6074 1.6908 4.0846 -5.9351 1.9422 42.9651 -0.0096 0.3475
Car -1 -1 4.6177 632.8234 179.5815 662.2499 205.2005 1.5136 1.5177 3.4917 2.3516 1.9529 45.3406 4.6686 0.3239
Car -1 -1 4.6205 737.8294 165.5161 777.2946 195.2684 1.4915 1.6647 4.1770 7.8045 1.1237 38.3372 4.8195 0.3152
Car -1 -1 1.3877 511.9974 178.7859 545.3345 203.8221 1.6040 1.5687 3.9633 -5.5721 2.0272 49.3570 1.2755 0.2712
Car -1 -1 4.7189 672.5839 175.7878 696.1497 198.8294 1.5681 1.6145 3.8180 5.3587 1.7860 51.5952 4.8214 0.2452
Car -1 -1 2.3804 1157.6058 177.1737 1242.0000 367.5679 1.4599 1.6036 4.0486 7.6488 1.5048 6.5370 3.2215 0.2377
Car -1 -1 0.2846 461.3374 181.1824 534.2601 208.7829 1.4969 1.6040 3.7765 -6.2930 1.9800 40.8062 0.1321 0.2349
Car -1 -1 3.6929 116.8143 141.0968 261.5411 185.0869 1.6919 1.7435 4.7728 -16.6366 0.4705 28.6925 3.1713 0.2208
Car -1 -1 4.4414 414.9213 163.1890 459.0317 190.7519 1.6707 1.6991 4.0901 -11.0296 1.0849 45.9366 4.2068 0.1846
Car -1 -1 3.4850 338.8575 178.1076 471.3110 218.8473 1.4047 1.5960 4.3196 -7.3300 1.6014 26.0733 3.2131 0.1648
Car -1 -1 4.8842 91.8996 163.7925 139.6538 193.2634 1.7086 1.7337 3.9869 -30.0431 1.1833 44.0055 4.2879 0.1600
Car -1 -1 0.6791 1169.4841 176.6607 1242.0000 375.0000 1.4490 1.5537 3.8649 6.5713 1.4882 5.4661 1.5294 0.1427
Car -1 -1 4.4721 376.4138 173.5912 410.9220 195.2247 1.5981 1.6386 4.0249 -16.6670 1.6571 55.5977 4.1819 0.1379
Car -1 -1 0.1826 264.5580 187.3381 429.7198 247.3246 1.4575 1.5332 3.8884 -6.8266 1.8622 19.1038 -0.1567 0.1367
Car -1 -1 2.0166 708.6575 172.7768 761.4483 198.5917 1.5909 1.6440 4.3744 8.1743 1.5861 46.7242 2.1883 0.1355
Car -1 -1 0.0459 705.7818 168.0356 778.7778 197.0519 1.4421 1.6098 3.6120 6.8310 1.2026 37.0505 0.2264 0.1318
Car -1 -1 4.9163 418.2174 177.3921 475.0322 214.5034 1.4810 1.6469 3.7992 -6.9642 1.6891 31.1736 4.6978 0.1220
Car -1 -1 -0.1671 633.1859 178.5342 700.0160 203.4321 1.4848 1.5996 3.8903 3.4847 1.8423 44.4441 -0.0899 0.1197
Car -1 -1 1.5463 490.7997 178.0621 520.8361 206.6801 1.5647 1.6453 4.2434 -6.1500 1.8875 42.4909 1.4030 0.1189
Car -1 -1 4.8120 500.8506 178.1379 534.6320 204.9063 1.5278 1.6477 4.0145 -5.5530 1.8650 44.0107 4.6868 0.1115
Car -1 -1 0.1137 647.4738 175.6732 703.0432 197.7785 1.5040 1.5812 3.7215 4.6169 1.7060 50.5367 0.2038 0.1100
Car -1 -1 4.8617 340.8535 187.0489 440.1112 262.7823 1.5697 1.7263 4.0852 -5.2867 1.9639 17.8969 4.5778 0.1073
Car -1 -1 4.8703 693.1724 167.9646 730.5916 193.1256 1.4465 1.6427 3.9273 6.2251 1.1654 43.5981 5.0108 0.1051
Car -1 -1 1.9426 0.0000 184.5536 56.2674 222.0676 1.4538 1.4472 3.7948 -25.6297 1.9934 31.2543 1.2598 0.1018
Car -1 -1 4.6634 370.9541 186.1734 436.2925 246.1568 1.4602 1.6035 3.8899 -5.9503 1.8792 20.5968 4.3850 0.0966
Car -1 -1 4.2653 1018.7700 197.3375 1188.2563 277.5285 1.4757 1.6316 3.9024 11.1027 2.1073 16.5686 4.8466 0.0941
Car -1 -1 0.5013 130.7651 157.3538 230.2154 191.7431 1.5108 1.4774 3.5821 -19.2674 0.8299 32.4925 -0.0305 0.0899
Car -1 -1 1.6950 178.3123 156.4141 229.0285 192.2616 1.5624 1.5928 3.6406 -18.7377 0.8459 33.4336 1.1875 0.0856
Car -1 -1 1.5577 355.7831 176.3403 375.5605 193.8880 1.4743 1.6033 4.1624 -21.5662 1.7930 63.7346 1.2324 0.0845
Car -1 -1 1.2560 990.2997 208.4879 1119.1183 277.6524 1.3942 1.6649 3.9821 11.4463 2.4306 18.8607 1.7935 0.0843
Car -1 -1 4.6000 214.4637 200.2599 345.5760 313.4994 1.4918 1.6565 4.0197 -5.9158 2.0556 12.6950 4.1712 0.0836
Car -1 -1 4.8737 88.1588 144.7309 154.3537 185.6252 1.5654 1.6433 3.8111 -20.0008 0.4889 29.6946 4.2851 0.0791
Car -1 -1 1.8413 297.5841 171.0795 352.9078 202.6631 1.4894 1.5735 3.8967 -14.1254 1.4058 36.0442 1.4701 0.0787
Car -1 -1 4.7205 69.3606 168.1200 98.2335 191.8263 1.7066 1.6958 4.0511 -39.3724 1.3658 54.0837 4.0934 0.0786
Car -1 -1 1.5457 615.8433 178.8560 641.8788 204.1042 1.4906 1.5375 3.5843 1.1779 1.8819 45.2428 1.5710 0.0784
Car -1 -1 4.3150 1109.9253 182.6956 1242.0000 375.0000 1.4311 1.5766 3.4628 6.5911 1.5566 7.3089 5.0283 0.0779
Car -1 -1 4.2701 499.0383 177.4403 543.6920 201.9007 1.6277 1.5945 3.9325 -6.2579 1.9644 50.8844 4.1479 0.0768
Car -1 -1 0.4671 414.4204 177.3240 507.5140 211.6359 1.4807 1.6011 3.8275 -6.7261 1.6915 32.7455 0.2656 0.0767
Car -1 -1 3.7222 180.4201 148.9479 293.9419 187.1068 1.5132 1.6160 3.8985 -15.2439 0.5652 29.6273 3.2506 0.0756
Car -1 -1 0.7377 443.3723 183.3516 517.4479 211.8158 1.4790 1.6526 4.0390 -7.2813 2.0951 40.5723 0.5608 0.0755
Car -1 -1 -0.3893 620.2115 179.5268 686.7643 205.1350 1.5310 1.5837 3.8510 2.7477 1.9620 45.2266 -0.3296 0.0743
Car -1 -1 0.5674 471.4891 179.5233 548.7173 207.3962 1.5223 1.6204 4.2231 -5.7695 1.9236 41.8000 0.4307 0.0743
Car -1 -1 3.8733 158.8470 139.9487 288.1183 181.0358 1.5372 1.6703 4.5308 -15.1481 0.3061 28.3538 3.3865 0.0738
Car -1 -1 2.0464 0.0000 189.5692 34.7884 228.8975 1.4401 1.5816 3.3135 -25.5114 2.1706 29.7383 1.3417 0.0737
Car -1 -1 3.5320 387.8745 176.1861 435.5587 192.0862 1.4625 1.5967 4.0187 -18.5841 1.7806 67.8422 3.2654 0.0723
Car -1 -1 3.3460 376.4974 179.0154 473.1399 215.9932 1.4664 1.5484 3.6181 -7.5594 1.7276 29.7471 3.0989 0.0716
Car -1 -1 3.7158 46.4252 166.0055 137.4527 193.0623 1.5736 1.6441 4.1753 -30.7025 1.1753 42.8782 3.0972 0.0711
Car -1 -1 3.7708 1035.7826 177.2984 1242.0000 248.9110 1.4555 1.6039 3.7810 12.2917 1.5726 16.9662 4.3890 0.0711
Car -1 -1 3.9049 69.4411 145.8367 182.0079 185.4700 1.6271 1.6551 3.9471 -20.6067 0.5179 30.7848 3.3189 0.0707
Car -1 -1 4.7149 606.8899 210.2509 921.8922 375.0000 1.4564 1.5716 3.7843 1.1110 1.8474 5.5396 4.9001 0.0693
Car -1 -1 3.8172 0.0000 187.7988 29.6343 224.7386 1.4545 1.5952 3.9492 -26.7822 2.0948 30.0240 3.0931 0.0688
Car -1 -1 1.6689 495.7689 181.7960 531.8348 210.8124 1.4890 1.6168 3.8336 -5.2819 2.0108 40.1651 1.5385 0.0668
Car -1 -1 4.4098 470.3654 164.9118 503.0454 184.9599 1.7485 1.7283 4.2330 -11.1361 1.0558 65.2055 4.2411 0.0660
Car -1 -1 0.9477 676.6964 172.7773 737.0826 198.8153 1.6262 1.7048 4.3513 6.3283 1.6214 47.3835 1.0793 0.0628
Car -1 -1 1.6897 10.9393 182.2137 56.2386 210.8806 1.5002 1.5452 3.9997 -32.8577 2.0626 41.2448 1.0200 0.0626
Car -1 -1 2.0639 0.0000 182.5370 27.5593 223.9348 1.4641 1.5990 3.9145 -25.0827 1.8757 28.5802 1.3481 0.0620
Car -1 -1 3.2481 0.0000 189.1828 310.0394 314.4302 1.5164 1.6269 4.1826 -6.7870 1.7976 10.7946 2.6974 0.0614
Car -1 -1 1.5536 728.9291 170.7440 755.0610 195.4201 1.5643 1.6271 4.0329 8.7467 1.4306 47.8633 1.7329 0.0608
Car -1 -1 1.5893 747.0692 176.1412 792.2977 217.4274 1.4816 1.6166 3.9155 6.3117 1.6201 28.3176 1.8058 0.0586
Car -1 -1 1.3887 631.5613 177.7433 670.2791 204.6833 1.4907 1.6273 3.7221 2.3942 1.7924 42.5817 1.4439 0.0565
Car -1 -1 4.4295 1088.4094 173.7918 1217.7932 241.1825 1.4748 1.5725 3.5622 13.2248 1.5004 17.7867 5.0605 0.0555