Car -1 -1 4.7612 517.9733 180.6660 556.7026 212.7616 1.4299 1.6747 4.3459 -3.4874 1.8375 35.4344 4.6633 0.8580
Car -1 -1 1.9814 145.0526 169.6882 295.2481 250.1691 1.8378 1.7980 4.3288 -9.8600 1.7655 18.6980 1.5016 0.6554
Car -1 -1 4.5030 569.5377 174.0587 606.3143 200.0379 1.6060 1.6074 3.9071 -1.4492 1.6878 46.8869 4.4718 0.5720
Car -1 -1 1.5422 416.0591 184.5918 444.0842 211.2817 1.4987 1.5644 3.7379 -11.0498 2.2520 44.2959 1.2987 0.4971
Car -1 -1 0.2649 128.8151 159.6762 265.1180 199.5392 1.4451 1.6228 4.2221 -15.5788 0.9674 27.4594 -0.2471 0.2833
Car -1 -1 5.2643 0.0000 180.5818 268.1547 304.1246 1.4912 1.5906 4.1356 -6.9924 1.6316 11.0376 4.7101 0.2593
Car -1 -1 3.5039 85.5497 162.3370 220.9222 204.0065 1.4990 1.6294 3.9839 -17.0529 1.1206 27.1397 2.9471 0.2283
Car -1 -1 1.6204 639.5435 174.8262 663.6529 197.1725 1.5518 1.5631 3.7953 3.0844 1.7004 52.4229 1.6784 0.1580
Car -1 -1 4.8590 306.1059 177.4442 344.1312 207.5270 1.7474 1.6359 3.8160 -17.5191 2.0440 44.5770 4.4862 0.1574
Car -1 -1 2.0813 252.6645 171.7138 327.3558 205.6368 1.6623 1.6884 4.2303 -16.5224 1.6064 37.5438 1.6691 0.1486
Car -1 -1 4.7693 479.6355 179.3472 510.3469 207.0782 1.4939 1.5376 3.7544 -6.5837 1.8869 41.7242 4.6133 0.1241
Car -1 -1 4.8275 203.4837 161.8779 238.1286 187.6136 1.7632 1.7253 3.9760 -27.7492 1.0112 51.5999 4.3361 0.1238
Car -1 -1 5.1068 145.1644 159.7261 234.1740 200.1247 1.4576 1.6383 3.7826 -16.1788 0.9839 28.0114 4.5870 0.1224
Car -1 -1 1.2973 30.4384 191.8514 88.3424 220.6321 1.4740 1.6425 3.9142 -31.4467 2.6075 41.2141 0.6484 0.1162
Car -1 -1 1.8680 470.2610 173.5077 516.2071 202.2556 1.6396 1.6553 3.8648 -6.9193 1.6807 43.2740 1.7100 0.1161
Car -1 -1 1.7589 415.0889 183.4984 454.4492 210.9873 1.5226 1.6249 3.7084 -10.4427 2.1896 43.3205 1.5233 0.1134
Car -1 -1 3.6021 234.3224 171.6569 326.8347 202.1499 1.5877 1.7333 4.1562 -17.5072 1.5253 38.5089 3.1777 0.1128
Car -1 -1 5.0628 280.5632 177.6975 338.1241 207.7073 1.5207 1.6298 3.9156 -16.2280 1.7971 39.1930 4.6723 0.1114
Car -1 -1 1.5655 408.8931 176.9291 427.5370 194.2646 1.5421 1.6320 3.7187 -17.8106 1.9326 67.1379 1.3069 0.1109
Car -1 -1 1.8559 481.0147 180.7811 522.4315 205.8850 1.4963 1.5808 3.9497 -6.8782 2.0285 46.3769 1.7090 0.0924
Car -1 -1 1.9108 59.3066 190.8400 116.6340 219.1080 1.4701 1.5199 3.8055 -30.3941 2.5718 42.1576 1.2890 0.0875
Car -1 -1 5.1983 207.7895 167.9908 251.2142 188.4618 1.8511 1.7664 4.3276 -35.4429 1.4113 67.4116 4.7157 0.0863
Car -1 -1 1.7164 142.2884 190.2397 176.5772 212.6988 1.4846 1.5767 3.9332 -33.0707 2.8149 53.0919 1.1614 0.0861
Car -1 -1 5.3358 166.2341 158.9050 268.4106 199.1385 1.4654 1.6082 3.7576 -15.2319 0.9573 28.2486 4.8451 0.0851
Car -1 -1 5.2434 445.4881 179.7657 503.8573 208.2495 1.5300 1.5906 3.8525 -7.7613 1.9508 41.8498 5.0607 0.0851
Car -1 -1 4.8930 405.4870 181.4406 458.4594 218.1215 1.4415 1.5638 3.7319 -7.5979 1.8349 31.1552 4.6553 0.0843
Car -1 -1 3.7321 253.8291 178.6667 336.7581 207.5632 1.5423 1.6697 3.9791 -17.4690 1.8754 40.1687 3.3240 0.0759
Car -1 -1 4.9269 622.0629 169.9108 660.0309 194.7600 1.5037 1.6135 3.8872 2.0404 1.3256 45.7469 4.9708 0.0758
Car -1 -1 5.3066 0.0000 189.2060 211.5079 345.1244 1.4609 1.5580 3.9917 -6.9024 1.7154 9.2070 4.6769 0.0725
Car -1 -1 4.9687 292.3060 183.4829 340.1564 212.0475 1.4776 1.6029 3.7083 -16.4851 2.1059 40.7089 4.5858 0.0698
Car -1 -1 -0.1871 411.8430 182.4221 484.6607 210.0274 1.5729 1.6198 4.0781 -9.7746 2.1734 43.7363 -0.4062 0.0682
Car -1 -1 1.9388 121.2712 165.3613 210.2025 208.2835 1.4573 1.5736 3.5620 -16.1157 1.2029 26.3893 1.3949 0.0680
Car -1 -1 4.4305 419.1207 179.9574 467.6739 208.6302 1.5332 1.6612 4.1377 -9.6937 1.9673 41.8888 4.2041 0.0679
Car -1 -1 0.2814 400.9159 184.9032 464.5072 211.1062 1.5335 1.5413 3.4606 -10.7162 2.2798 43.8471 0.0426 0.0654
Car -1 -1 3.2575 234.4154 171.3519 322.4686 203.2593 1.5886 1.7163 3.9648 -17.0510 1.5138 37.3448 2.8316 0.0634
Car -1 -1 3.6619 0.0000 190.4492 82.8153 219.1497 1.4919 1.6138 3.8769 -31.7333 2.4919 39.9212 2.9934 0.0624
Car -1 -1 3.4149 78.6156 164.6487 174.3736 194.3786 1.6125 1.6826 4.1732 -27.0693 1.1674 40.5754 2.8294 0.0620
Car -1 -1 2.0399 102.1765 159.7875 207.9757 202.8177 1.5048 1.6929 4.1140 -17.0745 1.0479 27.3543 1.4861 0.0615
Car -1 -1 3.7077 127.3886 169.6547 189.4637 191.1745 1.6514 1.6744 3.7974 -35.1192 1.4059 56.2257 3.1514 0.0604
Car -1 -1 3.7070 151.6137 177.4501 304.8044 235.1638 1.5640 1.6031 3.5807 -10.8507 1.7017 20.6593 3.2284 0.0598
Car -1 -1 3.5998 438.8266 180.1537 511.1639 207.5698 1.4720 1.5692 3.6953 -7.5715 1.8962 40.6671 3.4165 0.0589
Car -1 -1 2.1008 18.9642 191.4208 95.7533 221.4597 1.4679 1.5916 3.9161 -30.3645 2.5450 39.8178 1.4523 0.0588
Car -1 -1 4.8444 201.1151 167.0778 228.3900 185.3104 1.6259 1.6768 4.0794 -36.3727 1.1108 66.5499 4.3458 0.0582
Car -1 -1 3.7759 618.0112 178.6564 676.5828 202.4372 1.5022 1.5639 3.7010 2.4991 1.9042 48.2208 3.8269 0.0575
Car -1 -1 1.8203 471.9904 170.8332 514.1351 197.6053 1.5824 1.6298 4.0234 -7.1650 1.4630 44.7262 1.6620 0.0571
Car -1 -1 1.9460 392.3173 183.2303 446.2663 212.5971 1.5615 1.6424 4.0928 -11.0034 2.1962 42.0013 1.6909 0.0564
Car -1 -1 0.3721 163.2821 160.7987 239.1889 184.9019 1.6423 1.7052 4.2785 -28.4079 0.8209 50.3051 -0.1399 0.0549
Car -1 -1 0.6104 0.0000 186.2570 172.9996 309.2497 1.4710 1.5581 4.0377 -8.4433 1.6706 9.7908 -0.0879 0.0540
Car -1 -1 5.0292 361.3703 178.6406 438.4459 222.9074 1.4732 1.5969 3.7772 -7.5816 1.7006 26.4340 4.7521 0.0536
Car -1 -1 4.2744 114.6346 182.7445 161.5202 202.9751 1.5084 1.6431 3.8374 -37.3738 2.3156 57.1797 3.6975 0.0536
Car -1 -1 5.5793 108.4768 163.7625 192.5406 193.6172 1.6047 1.6701 3.8450 -25.9088 1.1161 40.8685 5.0171 0.0533
Car -1 -1 0.1709 427.0880 180.2149 498.9460 207.5063 1.5175 1.6206 3.8236 -8.3751 1.9491 41.4485 -0.0276 0.0532
Car -1 -1 1.6210 47.0068 186.4910 90.5538 217.0971 1.4925 1.6797 3.9489 -29.2957 2.2727 39.1728 0.9820 0.0517
Car -1 -1 4.7351 601.8845 170.6219 628.9294 197.0314 1.6540 1.6771 4.1499 0.4216 1.5142 47.2901 4.7436 0.0513
Car -1 -1 0.0253 635.9928 173.8354 705.0687 200.5306 1.5089 1.6464 3.9192 3.5498 1.5672 41.8898 0.1088 0.0511