Car -1 -1 5.0874 122.6278 191.0048 450.3522 375.0000 1.4419 1.5865 3.8590 -2.8781 1.6769 7.4004 4.7274 0.9730
Car -1 -1 4.5560 691.8187 186.5984 784.4979 266.2396 1.4297 1.4362 2.7568 2.5517 1.7383 14.8161 4.7221 0.9365
Car -1 -1 3.4384 294.2797 174.1730 452.7547 227.2909 1.4680 1.5955 4.0510 -6.7155 1.5075 20.8040 3.1294 0.8895
Car -1 -1 1.6418 505.1120 172.6953 557.9825 221.5557 1.6953 1.6850 3.8722 -2.8472 1.6898 26.9990 1.5372 0.8658
Car -1 -1 4.6902 678.8578 186.6134 743.1565 250.4648 1.5077 1.5832 3.5993 2.7184 1.9195 19.7225 4.8242 0.8349
Car -1 -1 1.4715 637.9928 179.6760 666.4504 202.4324 1.5339 1.6583 3.8595 3.0240 2.0420 51.7763 1.5290 0.6170
Car -1 -1 4.9043 535.1977 178.5368 583.7035 212.5335 1.5227 1.6091 4.0347 -2.3751 1.8158 35.1212 4.8367 0.4578
Car -1 -1 4.4249 477.3036 165.8048 526.2714 193.9587 1.4485 1.5977 3.8739 -5.9056 1.0858 39.2163 4.2761 0.3343
Car -1 -1 4.8223 497.8989 161.1329 528.9752 185.1810 1.5889 1.6757 4.1346 -6.5838 0.8145 49.7584 4.6912 0.1668
Car -1 -1 4.3759 521.6938 167.5426 561.9067 191.2233 1.6485 1.6814 3.9925 -4.9609 1.2787 52.3926 4.2817 0.1138
Car -1 -1 3.1948 316.1435 166.2555 430.3865 209.2795 1.5551 1.6281 4.0080 -8.8753 1.3166 27.3783 2.8838 0.1063
Car -1 -1 1.5783 580.6341 183.0440 601.2195 203.4887 1.5114 1.5779 3.9205 -1.4646 2.3483 57.2835 1.5523 0.0966
Car -1 -1 1.9749 580.2249 180.3866 613.1495 197.9607 1.5080 1.5787 3.9498 -1.1401 2.2178 65.8639 1.9572 0.0945
Car -1 -1 1.4626 677.9778 176.2337 707.2863 199.2526 1.5122 1.5942 3.9219 5.7102 1.7554 49.9432 1.5754 0.0926
Car -1 -1 0.1259 625.9020 179.4247 680.3919 202.3714 1.5701 1.6510 3.6805 3.1096 2.0467 51.1805 0.1857 0.0852
Car -1 -1 4.5261 496.6824 163.6218 532.8430 188.7862 1.6214 1.7125 3.9543 -6.4302 1.0265 48.6358 4.3951 0.0837
Car -1 -1 1.2520 645.6798 184.0043 690.0717 209.6720 1.4738 1.6032 4.0054 3.6172 2.2088 45.4228 1.3303 0.0836
Car -1 -1 1.5790 636.9517 179.1871 661.5237 202.9293 1.5526 1.6439 4.0626 2.7847 2.0129 50.3708 1.6334 0.0770
Car -1 -1 1.8319 564.4232 172.4359 593.9635 190.1870 1.6045 1.6804 4.4089 -2.8027 1.5667 67.5524 1.7903 0.0692
Car -1 -1 4.5626 764.5881 175.9122 845.7358 231.6608 1.4508 1.6454 4.2921 5.6336 1.5503 21.2417 4.8177 0.0652
Car -1 -1 3.3661 487.3743 162.8868 552.9951 186.2296 1.5414 1.6546 4.1283 -6.0020 0.8832 48.6800 3.2438 0.0641
Car -1 -1 1.9966 349.7746 166.9957 435.3120 212.5517 1.5413 1.5872 3.7052 -7.8250 1.3431 26.3565 1.7104 0.0617
Car -1 -1 0.8532 561.3426 179.7084 601.6832 197.1363 1.4905 1.6045 3.6901 -2.5521 2.1268 65.0888 0.8138 0.0582
Car -1 -1 5.2530 503.0045 162.1662 556.7477 186.2407 1.5806 1.6982 4.3095 -5.4272 0.8789 49.6839 5.1446 0.0578
Car -1 -1 1.5165 680.8685 173.5813 709.7797 199.4669 1.6296 1.6658 4.1464 5.6229 1.6798 47.6629 1.6328 0.0571
Car -1 -1 1.6644 643.3190 186.3628 683.9511 220.5221 1.4468 1.5687 3.8085 2.6091 2.1239 34.1580 1.7393 0.0509
Car -1 -1 1.6683 575.8777 176.2894 597.8531 193.3305 1.5009 1.6216 4.2375 -2.0631 1.8283 66.5929 1.6370 0.0507
Car -1 -1 4.5091 465.4448 166.5137 515.1112 198.1930 1.4553 1.6245 3.9816 -5.8889 1.1640 35.2961 4.3447 0.0507
Car -1 -1 1.6984 526.8112 165.1526 559.9795 189.2481 1.5686 1.7139 4.2812 -4.4578 1.0672 49.1414 1.6081 0.0502