Car -1 -1 5.0630 225.5192 193.5945 469.3534 350.7868 1.5011 1.6531 3.7774 -3.0712 1.8241 9.3167 4.7519 0.9777
Car -1 -1 1.5612 633.4498 186.2556 683.0265 229.5357 1.3848 1.6691 3.8299 1.7468 1.9089 26.2580 1.6261 0.9353
Car -1 -1 1.6954 529.0300 175.0206 564.1474 206.0015 1.8224 1.6766 4.0526 -3.8603 1.9631 44.7879 1.6095 0.8619
Car -1 -1 4.7209 625.4919 172.7069 653.0570 201.2315 1.6734 1.6173 4.4111 1.8528 1.6647 44.5713 4.7617 0.6960
Car -1 -1 3.3579 442.6411 167.4699 515.2429 192.4799 1.5095 1.6644 4.1401 -8.0106 1.1845 44.4597 3.1804 0.4510
Car -1 -1 4.7477 490.4853 181.5235 519.8057 209.0053 1.4694 1.5440 3.5444 -5.9809 1.9913 41.5889 4.6053 0.4227
Car -1 -1 1.5890 552.6307 179.1183 574.9518 201.0550 1.5226 1.5705 4.0038 -3.3480 2.0028 53.2777 1.5261 0.3939
Car -1 -1 4.9010 485.7605 167.5891 524.1013 193.3308 1.5649 1.6629 4.1508 -6.6128 1.2448 45.9757 4.7586 0.2671
Car -1 -1 2.4834 0.0000 0.0000 1242.0000 375.0000 1.5008 1.6141 3.6835 -3.0167 1.5626 1.7331 1.5007 0.2629
Car -1 -1 3.0961 625.0644 172.2857 694.5356 199.1925 1.5855 1.6831 4.0928 2.9801 1.5520 43.4046 3.1637 0.2352
Car -1 -1 4.5528 672.5102 179.8015 712.1281 210.6542 1.5379 1.5561 3.5181 4.3765 1.9265 38.5682 4.6644 0.2083
Car -1 -1 3.9550 0.0000 103.0430 123.7458 375.0000 1.5946 1.6449 4.0138 -4.2310 1.4777 2.4008 2.9487 0.1820
Car -1 -1 4.4307 463.3139 180.3622 510.4707 209.2609 1.5214 1.6256 3.9296 -7.0525 1.9723 41.2117 4.2619 0.1687
Car -1 -1 4.6642 453.3003 180.7384 487.4637 211.9948 1.4955 1.5705 3.4614 -7.2365 1.9239 37.3327 4.4736 0.1382
Car -1 -1 4.8345 457.0811 168.3062 491.4352 193.4415 1.5191 1.6417 4.1293 -8.5230 1.2443 45.7196 4.6509 0.1196
Car -1 -1 1.5440 681.6185 189.8390 722.1786 226.5698 1.4184 1.6506 3.8197 3.9981 2.2107 31.6757 1.6676 0.1145
Car -1 -1 1.6438 547.4360 177.4709 575.8132 201.9316 1.6251 1.6881 4.2491 -3.3381 1.9643 50.8732 1.5782 0.1138
Car -1 -1 2.3291 0.0000 186.6829 204.0220 375.0000 1.5132 1.6350 4.1058 -6.2563 1.6958 7.4206 1.6461 0.1079
Car -1 -1 1.5319 671.2333 173.9186 702.3596 202.8365 1.5627 1.6050 3.9224 4.3613 1.6263 41.1477 1.6363 0.0970
Car -1 -1 2.9640 482.6515 182.8764 558.0294 210.7372 1.4809 1.5824 4.0001 -5.0376 2.0646 40.6711 2.8410 0.0951
Car -1 -1 4.9658 0.0000 170.6604 165.9346 375.0000 1.4811 1.6209 3.9319 -3.6875 1.4751 4.0783 4.2625 0.0912
Car -1 -1 0.6277 530.0656 179.6975 586.3745 201.4185 1.5119 1.5661 3.9616 -3.7868 2.0309 53.0113 0.5563 0.0867
Car -1 -1 1.6975 652.7891 172.7228 680.2454 197.8432 1.7073 1.4809 3.6923 4.0573 1.6984 50.9988 1.7760 0.0851
Car -1 -1 3.2526 451.2643 180.9100 523.6512 209.2204 1.5273 1.6022 3.8349 -6.7820 1.9878 40.3453 3.0867 0.0786
Car -1 -1 0.0595 650.3879 176.5831 693.8672 193.9235 1.4884 1.5775 3.7218 5.5162 1.8217 63.4350 0.1454 0.0778
Car -1 -1 5.0159 490.1092 170.6242 533.0298 196.5765 1.6303 1.6800 3.9727 -6.3868 1.4902 47.4265 4.8824 0.0747
Car -1 -1 1.5525 482.7679 180.7162 513.7688 209.5502 1.4751 1.6231 4.0591 -6.2384 1.9366 40.2174 1.3991 0.0732
Car -1 -1 4.7694 0.0000 61.1819 713.3430 375.0000 1.5265 1.6260 3.7161 -1.4127 1.4922 2.2479 4.2569 0.0711
Car -1 -1 4.6240 569.2060 179.1238 592.8423 198.4240 1.5274 1.6335 3.9802 -2.4245 2.0715 60.5317 4.5837 0.0693
Car -1 -1 1.7572 559.7873 181.7640 591.8378 203.4692 1.4979 1.6415 4.1539 -2.4708 2.1885 53.7496 1.7110 0.0690
Car -1 -1 -0.3357 559.4330 185.6129 620.3801 207.5969 1.5088 1.6359 4.1477 -1.4383 2.4683 52.7633 -0.3634 0.0677
Car -1 -1 4.8940 512.0353 171.1042 543.6594 192.9437 1.5342 1.6007 3.9749 -5.9287 1.4113 52.7247 4.7823 0.0658
Car -1 -1 3.6034 449.6568 166.7505 525.4688 191.3368 1.5278 1.6777 4.5231 -7.8204 1.1485 46.2979 3.4368 0.0620
Car -1 -1 1.5224 658.8782 190.3990 700.6660 227.3685 1.4392 1.6425 3.9424 3.0557 2.2660 31.9987 1.6160 0.0608
Car -1 -1 3.2582 404.0058 179.0123 487.3594 209.9857 1.5008 1.6362 3.9320 -8.2046 1.8200 36.3833 3.0375 0.0586
Car -1 -1 1.3691 552.4311 176.5164 588.2487 201.4262 1.6186 1.6720 4.1090 -2.7471 1.8822 49.7302 1.3138 0.0569
Car -1 -1 5.3175 0.0000 177.7386 317.5052 375.0000 1.4752 1.5881 3.8723 -2.8002 1.5108 3.2788 4.6494 0.0557
Car -1 -1 -0.4748 667.0648 179.0658 747.6667 208.0577 1.5168 1.6712 4.1022 5.3969 1.8726 39.8552 -0.3417 0.0553
Car -1 -1 2.5884 0.0000 142.9273 768.4315 375.0000 1.4875 1.6048 3.6103 -0.8845 1.4101 3.7020 2.3670 0.0550
Car -1 -1 1.5119 543.4475 179.2657 569.2103 201.4036 1.4975 1.6236 3.8858 -3.8701 1.9778 52.0193 1.4375 0.0546
Car -1 -1 4.7288 475.5412 167.6344 503.3697 192.9362 1.5198 1.6538 3.9131 -7.5189 1.2063 45.3977 4.5653 0.0546
Car -1 -1 1.5426 684.1855 187.9102 721.8047 221.9887 1.4449 1.6549 3.7976 4.3907 2.2018 34.3028 1.6681 0.0516
Car -1 -1 3.5783 468.8318 181.9809 544.2666 209.5195 1.5037 1.5922 4.0127 -5.9351 2.0475 41.6377 3.4371 0.0514
Car -1 -1 3.8315 538.3698 177.3008 588.8433 196.7576 1.5402 1.6730 4.0336 -3.8277 1.9203 59.8247 3.7675 0.0511
Car -1 -1 4.8517 364.4543 185.8936 431.5737 240.4778 1.5040 1.5309 3.4497 -6.5309 1.9446 22.5635 4.5725 0.0502