Car -1 -1 2.0400 112.0155 188.0879 318.0204 284.8647 1.4449 1.6434 4.0538 -7.0616 1.7716 13.4448 1.5640 0.9588
Car -1 -1 2.1633 60.6844 198.8539 152.6961 236.5704 1.5124 1.7302 3.6452 -23.0845 2.7780 33.2901 1.5605 0.3217
Car -1 -1 2.1057 84.4697 206.6243 164.5191 242.6175 1.5230 1.7712 3.4144 -23.8132 3.2696 35.5668 1.5189 0.2632
Car -1 -1 4.7171 581.5756 175.4090 599.6287 191.8733 1.4299 1.5828 3.8316 -1.7039 1.6677 65.1984 4.6908 0.2137
Car -1 -1 1.6510 269.2220 183.4761 314.2674 218.4915 1.4008 1.5216 3.7941 -14.0949 1.9040 32.1444 1.2404 0.2018
Car -1 -1 1.9948 84.0891 203.9230 165.0984 242.9558 1.5782 1.7318 3.9607 -23.1389 3.1583 34.6012 1.4086 0.1956
Car -1 -1 3.2187 64.2595 195.7048 150.3282 225.4225 1.4999 1.6279 3.8613 -28.2079 2.8408 40.6660 2.6151 0.1485
Car -1 -1 1.4054 156.0661 199.5487 206.3759 230.4097 1.5113 1.8356 4.0371 -24.4703 3.1132 41.1642 0.8716 0.1294
Car -1 -1 3.7122 63.7422 206.6971 161.4608 239.6441 1.4788 1.8573 3.4975 -24.2954 3.1837 35.3708 3.1136 0.1232
Car -1 -1 4.5282 280.0550 178.5876 307.6005 194.9120 1.4644 1.6361 4.3278 -30.0242 2.0270 68.5558 4.1166 0.1177
Car -1 -1 0.8920 73.9631 206.3306 163.6827 239.2521 1.4620 1.8070 3.7177 -24.6826 3.2126 36.3202 0.2983 0.1153
Car -1 -1 1.5927 121.2466 200.0309 161.8889 230.4811 1.4487 1.8008 3.8121 -25.9921 3.0405 40.1650 1.0211 0.1139
Car -1 -1 1.8445 111.7379 205.0821 175.1408 238.8098 1.4589 1.7422 3.9693 -24.1152 3.2289 37.4760 1.2757 0.0976
Car -1 -1 1.7726 245.9185 185.2149 311.0887 225.4258 1.4997 1.6710 4.2339 -13.9121 2.0615 30.5429 1.3481 0.0894
Car -1 -1 1.9563 259.7189 182.4653 310.3082 208.5524 1.6181 1.6571 4.1181 -21.6875 2.2903 48.3787 1.5366 0.0892
Car -1 -1 -0.0497 102.1479 185.3824 208.0920 224.1312 1.6050 1.6736 4.0064 -20.6826 2.2081 32.9008 -0.6075 0.0876
Car -1 -1 5.0295 129.7107 182.6925 199.5423 219.2660 1.5679 1.6705 3.8699 -20.9417 2.0615 34.1234 4.4824 0.0865
Car -1 -1 1.7640 255.7143 178.5117 296.9082 203.9151 1.5122 1.6143 4.1447 -21.2463 1.8913 46.1380 1.3344 0.0843
Car -1 -1 3.5582 57.4185 205.2226 157.1227 240.2349 1.5083 1.7779 3.4900 -23.9299 3.1094 34.4941 2.9551 0.0838
Car -1 -1 1.9774 78.4454 191.5331 156.1012 228.7017 1.4898 1.5912 3.6388 -22.2754 2.3891 32.8015 1.3844 0.0835
Car -1 -1 1.2381 240.5197 179.4201 311.6841 213.9728 1.4319 1.6480 4.2387 -15.2053 1.7494 32.7989 0.8068 0.0827
Car -1 -1 1.6989 305.6612 187.4631 358.3002 224.1019 1.4338 1.6731 3.9629 -12.2523 2.1257 32.0497 1.3361 0.0793
Car -1 -1 2.2409 50.6992 203.5802 149.0509 239.9560 1.4604 1.8234 3.8205 -24.0646 3.0023 34.2457 1.6317 0.0789
Car -1 -1 4.3796 99.3393 195.9605 159.1252 224.8754 1.4908 1.7178 3.9375 -28.0354 2.8986 42.0822 3.7946 0.0750
Car -1 -1 3.2640 104.2294 175.2621 216.8923 217.2642 1.4724 1.4270 3.3974 -16.5732 1.5664 26.8028 2.7145 0.0738
Car -1 -1 1.7875 296.3607 181.1066 354.8008 216.0570 1.4457 1.6184 4.1513 -12.9184 1.8485 33.0471 1.4173 0.0691
Car -1 -1 2.4852 46.8576 196.0206 211.8979 254.3197 1.4460 1.5918 3.9840 -14.2855 2.2130 21.7433 1.9092 0.0689
Car -1 -1 4.1173 225.2773 179.4994 287.0432 204.4269 1.4789 1.6138 3.8430 -22.2228 1.9119 45.3498 3.6638 0.0636
Car -1 -1 1.7469 200.7020 182.6583 246.7763 211.0875 1.4747 1.6144 4.0609 -21.9131 2.0629 41.1107 1.2597 0.0634
Car -1 -1 3.6435 12.1740 191.4988 135.7569 227.4828 1.4791 1.6528 4.0962 -23.5643 2.3307 31.8705 3.0106 0.0592
Car -1 -1 0.7757 262.1315 179.3581 311.8242 195.5878 1.4497 1.6083 4.3415 -30.0317 2.0688 67.1733 0.3565 0.0590
Car -1 -1 3.6771 55.2775 200.5033 160.3773 235.7151 1.5044 1.7614 3.6006 -23.1492 2.8224 33.3954 3.0745 0.0587
Car -1 -1 3.7367 89.7008 199.2391 175.5483 227.3373 1.5127 1.7232 3.7990 -27.3175 3.0592 41.4028 3.1562 0.0583
Car -1 -1 4.9010 579.8587 174.3153 604.8842 191.4975 1.4647 1.5408 3.7246 -1.4903 1.5979 63.8054 4.8774 0.0579
Car -1 -1 1.8379 114.0712 201.8552 169.3240 231.4924 1.4619 1.7900 3.4616 -26.6850 3.1977 41.2670 1.2666 0.0579
Car -1 -1 5.0764 218.2816 177.2421 274.2658 205.9938 1.6323 1.6806 4.0639 -21.9262 1.9109 43.7108 4.6137 0.0575
Car -1 -1 -0.5453 300.2877 181.2648 575.6523 294.9677 1.4574 1.5732 4.0240 -2.5774 1.6142 11.4960 -0.7619 0.0522
Car -1 -1 3.4330 198.7076 185.0849 313.4419 220.4881 1.4431 1.6494 4.1766 -15.2661 1.9939 31.3472 2.9828 0.0520
Car -1 -1 5.1080 153.6926 180.7854 227.2331 215.2744 1.5148 1.6373 3.9783 -20.0616 1.9193 34.7212 4.5871 0.0505