Car -1 -1 4.9971 388.8679 185.6464 445.0258 221.0834 1.4189 1.4761 3.4616 -8.4504 2.0156 31.9050 4.7397 0.8478
Car -1 -1 1.9821 321.0834 183.8295 393.7401 218.8376 1.4721 1.6556 4.2194 -11.7336 2.0203 33.8699 1.6506 0.8149
Car -1 -1 4.7481 595.0216 173.8389 623.2529 200.2877 1.5919 1.6395 4.0994 0.0128 1.6570 45.6596 4.7479 0.7552
Car -1 -1 1.6661 480.9875 176.2861 508.7187 197.4277 1.5562 1.7217 4.2818 -8.8625 1.8331 56.0124 1.5096 0.6697
Car -1 -1 1.9750 252.7950 175.9247 392.6534 244.1460 1.4279 1.6137 4.0610 -6.7031 1.5105 17.3484 1.6109 0.5267
Car -1 -1 1.8852 330.4329 174.5384 453.3415 240.5881 1.4056 1.6431 4.0479 -5.1125 1.4513 17.5101 1.6046 0.2097
Car -1 -1 3.5392 331.3513 183.1870 397.9195 207.5440 1.5165 1.6461 3.7327 -15.8174 2.1988 46.6907 3.2140 0.1932
Car -1 -1 2.1243 436.4939 182.9145 513.2372 217.3514 1.4692 1.6243 4.1843 -6.3223 1.9793 34.3387 1.9431 0.1792
Car -1 -1 1.3237 377.7224 176.8242 414.0681 199.3394 1.5521 1.6288 3.9352 -15.6056 1.8531 52.5909 1.0363 0.1773
Car -1 -1 1.8756 299.9596 185.8015 351.0272 215.6694 1.4734 1.5883 3.4594 -15.2578 2.2036 38.9152 1.5039 0.1384
Car -1 -1 1.6241 480.9606 178.8335 518.3723 211.0676 1.4485 1.5922 3.8036 -5.2983 1.7558 35.1226 1.4750 0.1382
Car -1 -1 5.3066 361.0554 179.1903 416.4843 204.1520 1.5478 1.6143 3.8856 -14.5948 1.9868 47.8987 5.0121 0.1126
Car -1 -1 1.7534 451.4798 178.9891 498.0239 211.1758 1.4652 1.5986 3.6462 -6.5483 1.7814 35.3637 1.5712 0.1075
Car -1 -1 1.9434 301.8855 179.1418 417.1985 239.7883 1.4449 1.5768 4.0308 -6.6573 1.6341 19.6678 1.6206 0.1027
Car -1 -1 1.9478 343.6436 180.5598 395.3149 207.2286 1.5495 1.6722 4.1004 -14.9781 2.0550 45.2301 1.6294 0.0978
Car -1 -1 1.7736 310.4927 187.1504 340.7238 206.9530 1.5191 1.5592 4.1221 -23.8176 2.7634 60.6371 1.4005 0.0948
Car -1 -1 1.8746 353.3246 175.2511 443.8399 225.3391 1.4248 1.5674 4.0829 -6.5356 1.5074 22.7847 1.5979 0.0885
Car -1 -1 0.3279 427.5010 184.3610 526.1458 219.1209 1.5084 1.6679 4.1459 -6.0701 2.0557 33.1894 0.1479 0.0875
Car -1 -1 1.9630 218.8349 186.6201 370.8304 265.9459 1.4263 1.5677 3.9864 -6.6208 1.7631 15.6605 1.5685 0.0838
Car -1 -1 1.7904 320.3870 186.8987 368.1464 217.9288 1.5246 1.6395 3.7950 -14.3609 2.3270 39.2373 1.4413 0.0783
Car -1 -1 1.6958 380.9816 177.2629 463.9669 237.1564 1.4228 1.6398 4.2283 -4.9714 1.5563 19.6607 1.4508 0.0766
Car -1 -1 1.7325 471.2381 174.9585 503.5714 199.2273 1.7323 1.7209 4.2363 -9.0935 1.8960 53.9939 1.5661 0.0742
Car -1 -1 1.7059 322.0158 178.5371 430.5351 256.6750 1.4447 1.6598 4.2950 -4.9784 1.5878 15.9224 1.4070 0.0724
Car -1 -1 0.3597 463.0268 176.2319 520.6174 197.1720 1.5621 1.6083 4.0575 -9.0241 1.8270 55.3981 0.1987 0.0672
Car -1 -1 1.7184 408.3454 175.5143 480.8185 225.8389 1.3928 1.5793 4.0292 -4.9843 1.4824 22.2529 1.5001 0.0667
Car -1 -1 1.2750 286.3031 185.8869 322.1972 205.5777 1.4954 1.6602 3.9189 -25.2135 2.6075 59.5300 0.8757 0.0653
Car -1 -1 0.3123 148.1582 183.3409 362.5939 253.9351 1.4585 1.5725 4.0474 -7.8266 1.7100 16.2598 -0.1303 0.0645
Car -1 -1 1.8950 372.3811 174.2063 451.4594 219.4855 1.4265 1.5484 3.5181 -6.6564 1.4760 24.6427 1.6334 0.0637
Car -1 -1 5.0591 423.2769 187.7769 485.2386 222.3777 1.4810 1.6363 4.0441 -7.4143 2.2450 34.8242 4.8503 0.0611
Car -1 -1 3.2793 304.4785 184.6278 406.8354 218.8314 1.4999 1.6219 4.3230 -11.7710 2.0696 33.6962 2.9453 0.0576
Car -1 -1 1.8553 516.8969 178.7940 552.1929 200.0259 1.4872 1.5740 3.9289 -5.5471 1.9470 53.7766 1.7526 0.0574
Car -1 -1 1.5758 360.2488 181.7135 380.6543 200.5693 1.5027 1.6063 4.1449 -20.4650 2.2889 61.8068 1.2570 0.0568
Car -1 -1 1.7978 349.0247 175.6397 389.7862 200.5056 1.5837 1.6779 4.2818 -16.1327 1.7801 48.6580 1.4790 0.0568
Car -1 -1 3.7243 322.0962 180.7208 448.1223 224.5595 1.4568 1.6129 4.0954 -8.0109 1.7528 25.8088 3.4257 0.0567
Car -1 -1 0.7018 379.3227 177.7111 435.3493 200.5013 1.5572 1.6240 3.6651 -14.4187 1.9136 51.4428 0.4295 0.0549
Car -1 -1 1.4216 874.0105 157.0067 941.9616 204.4319 1.5311 1.6180 3.9114 10.4007 1.0195 25.3849 1.8061 0.0546
Car -1 -1 1.6716 316.8172 184.5260 340.5775 203.1454 1.4943 1.5412 3.7474 -24.2723 2.5369 62.4408 1.3020 0.0537
Car -1 -1 1.6011 354.2497 180.6367 375.9498 200.3602 1.5199 1.5659 4.0519 -20.1181 2.1847 59.4759 1.2760 0.0530
Car -1 -1 1.3293 296.4411 184.1843 328.6344 202.4841 1.4467 1.6464 3.9764 -25.4334 2.4488 61.7234 0.9397 0.0518
Car -1 -1 3.4389 322.3989 178.5267 532.5166 247.1864 1.4392 1.6402 4.2863 -3.9942 1.5742 16.2257 3.2006 0.0514
Car -1 -1 -0.2056 575.2934 173.8048 647.3426 200.6069 1.6599 1.6669 4.3472 0.0934 1.7223 46.0331 -0.2041 0.0508