Car -1 -1 4.9278 36.5991 197.0696 139.9751 258.1836 1.4507 1.6049 3.8246 -14.9107 2.2199 20.8449 4.3127 0.9491
Car -1 -1 4.5353 639.9655 177.3443 696.7115 220.8086 1.4859 1.5125 3.4058 2.1197 1.6637 26.8022 4.6127 0.9214
Car -1 -1 4.4659 709.4822 168.9404 878.4401 277.9853 1.5572 1.7234 4.3951 2.9446 1.5014 12.5198 4.6907 0.8779
Car -1 -1 1.3835 687.1469 180.6195 779.8830 247.8630 1.4352 1.5585 3.6073 2.9168 1.6447 17.6451 1.5437 0.8593
Car -1 -1 4.5781 572.7515 179.8347 606.4985 204.9106 1.4806 1.6290 3.9060 -1.3076 1.9438 45.8103 4.5492 0.7544
Car -1 -1 4.4485 609.7623 177.0398 659.2419 212.2055 1.5260 1.5097 3.1748 1.1089 1.7299 33.4373 4.4808 0.7243
Car -1 -1 4.7087 442.8729 184.4223 485.4839 224.8785 1.4692 1.5910 3.6693 -5.8993 1.9700 29.2787 4.5110 0.6840
Car -1 -1 4.5518 155.5560 193.1617 244.3502 252.2980 1.4376 1.6655 3.7739 -11.9257 2.0821 20.9041 4.0385 0.3517
Car -1 -1 1.4468 432.4327 180.6254 456.2554 198.7388 1.4893 1.5661 3.8916 -14.5019 2.1928 63.2210 1.2219 0.2664
Car -1 -1 4.5451 214.0521 193.9772 296.1996 250.6732 1.4263 1.6125 3.7891 -10.6999 2.1192 21.6584 4.0907 0.2534
Car -1 -1 4.7875 454.1999 186.5173 492.5430 220.1008 1.4921 1.5781 3.6117 -6.6449 2.1994 35.4703 4.6031 0.1948
Car -1 -1 4.6703 638.7061 175.1188 665.5298 199.7298 1.5169 1.5692 3.8452 2.7222 1.6697 46.7614 4.7277 0.1506
Car -1 -1 4.7772 563.0494 182.6721 586.0421 203.3940 1.5040 1.5453 3.6915 -2.6877 2.2911 55.9886 4.7290 0.1479
Car -1 -1 4.7031 581.8563 174.3576 618.3657 208.9345 1.6064 1.7065 4.2038 -0.4904 1.6855 35.8274 4.6889 0.1327
Car -1 -1 1.4291 603.8641 173.4976 648.4606 206.7647 1.5791 1.6634 4.2643 0.7788 1.6137 36.5532 1.4497 0.1302
Car -1 -1 4.5101 597.4216 169.6026 643.4921 200.5168 1.5925 1.6791 4.3037 0.5332 1.4250 39.4400 4.5230 0.1290
Car -1 -1 1.6028 467.1731 188.8242 504.3028 223.2509 1.4569 1.6165 3.9328 -5.8676 2.2660 34.5008 1.4350 0.1289
Car -1 -1 4.7384 595.2784 138.4833 886.3240 375.0000 1.7046 1.6616 4.0684 1.1249 1.5129 6.1816 4.9083 0.1210
Car -1 -1 5.0548 195.6295 185.6924 273.3818 231.2447 1.4029 1.5255 2.6361 -12.6177 1.8624 24.4201 4.5820 0.1151
Car -1 -1 4.5249 548.7260 183.2837 577.7043 203.6487 1.4649 1.5608 3.8066 -3.6316 2.3042 56.0259 4.4600 0.1102
Car -1 -1 -0.2013 596.3885 171.8083 647.0724 188.6482 1.5517 1.7030 4.5075 1.1278 1.4553 67.7363 -0.1850 0.1101
Car -1 -1 1.9721 428.3374 185.6350 494.5313 220.6107 1.4690 1.6346 3.9262 -6.8822 2.1068 33.9174 1.7729 0.0994
Car -1 -1 0.1984 636.6635 175.6423 698.8904 200.4336 1.5043 1.6199 3.6514 3.6710 1.6845 45.3498 0.2782 0.0921
Car -1 -1 1.7581 628.9052 178.4480 668.7635 205.2713 1.5324 1.6936 4.2125 2.4680 1.8941 44.4064 1.8128 0.0897
Car -1 -1 3.8695 10.0337 190.6407 163.0382 240.0133 1.4894 1.6141 3.9829 -16.9826 2.0941 23.5144 3.2492 0.0887
Car -1 -1 -0.3835 736.7869 162.4904 1033.6945 271.1016 1.5511 1.6525 3.9797 4.1293 1.4031 11.2095 -0.0398 0.0879
Car -1 -1 1.5830 174.5556 188.7882 250.7759 256.0338 1.5193 1.6454 4.3274 -10.7604 2.0049 19.6896 1.0882 0.0867
Car -1 -1 4.2234 786.2206 104.7655 1242.0000 375.0000 1.8879 1.8059 4.1039 3.0029 1.5071 6.1329 4.6589 0.0851
Car -1 -1 1.6537 434.8059 180.6334 457.6453 199.1494 1.4854 1.5655 4.1792 -13.9759 2.1762 61.8918 1.4322 0.0838
Car -1 -1 3.7240 201.5592 194.0617 357.6232 248.6781 1.4717 1.5884 4.0009 -9.7365 2.1331 21.4009 3.3013 0.0827
Car -1 -1 3.9504 523.3655 183.2959 573.8127 203.8779 1.4638 1.6455 3.8368 -4.6804 2.2888 55.1182 3.8656 0.0825
Car -1 -1 1.7730 423.7763 177.6513 453.8634 198.8185 1.6813 1.6486 4.1271 -14.2359 2.0964 60.3441 1.5419 0.0771
Car -1 -1 -0.1203 558.8831 182.2260 611.4932 202.8930 1.5143 1.6375 3.8365 -1.8755 2.2427 54.9734 -0.1547 0.0717
Car -1 -1 4.6489 479.3921 185.1880 517.0127 218.4895 1.4932 1.6092 3.7871 -5.5800 2.1410 35.8729 4.4952 0.0687
Car -1 -1 -0.4974 229.9598 191.1902 388.1125 249.6344 1.4813 1.6260 4.1116 -8.9262 2.0866 21.7138 -0.8836 0.0665
Car -1 -1 1.3805 471.8368 187.8970 522.6208 223.4927 1.4671 1.6528 3.7129 -5.2637 2.2074 33.4788 1.2252 0.0650
Car -1 -1 1.6434 396.5793 187.5324 443.2367 225.3966 1.4569 1.6696 4.1011 -8.2384 2.1440 31.6099 1.3899 0.0643
Car -1 -1 1.5150 179.8522 183.8458 264.2887 258.3931 1.5724 1.6436 4.0624 -9.7536 1.8799 18.0195 1.0246 0.0633
Car -1 -1 2.2100 256.5888 185.6348 396.6261 251.0666 1.5185 1.5771 3.7659 -7.5168 1.9009 19.5631 1.8472 0.0625
Car -1 -1 1.8741 567.9365 177.3249 624.3762 211.4395 1.4661 1.5567 3.8065 -0.5611 1.6869 33.5896 1.8569 0.0595
Car -1 -1 5.1180 228.2310 189.4935 336.2553 243.0583 1.4367 1.6143 3.9738 -10.0976 2.0037 22.5886 4.7016 0.0593
Car -1 -1 1.5043 628.2487 176.6913 658.7931 202.0814 1.5222 1.6680 4.0822 2.1194 1.7774 45.9376 1.5496 0.0576
Car -1 -1 1.2915 436.3733 177.2121 470.4851 197.2537 1.5638 1.6622 4.1781 -12.9102 1.9367 59.5046 1.0784 0.0576
Car -1 -1 1.2380 642.5079 175.3942 689.7399 202.1600 1.5255 1.6617 3.8826 3.3641 1.6864 43.6084 1.3140 0.0571
Car -1 -1 1.6072 434.8323 179.5901 482.6736 225.0209 1.5646 1.6310 3.9428 -5.6883 1.8412 27.5455 1.4049 0.0549
Car -1 -1 1.6061 472.5300 180.4957 492.9376 199.2227 1.5086 1.5832 3.8522 -10.8321 2.1844 61.7884 1.4329 0.0539
Car -1 -1 3.4401 536.9705 183.4236 587.4083 203.5895 1.4705 1.5484 3.5370 -3.5984 2.2931 54.9939 3.3746 0.0529
Car -1 -1 -0.3437 621.2012 177.2802 719.4979 212.1001 1.5192 1.6553 4.1888 2.7764 1.7308 33.1625 -0.2615 0.0525
Car -1 -1 4.8942 80.5908 194.3070 162.7699 246.5624 1.4807 1.6047 3.7096 -16.1982 2.2582 24.1262 4.3078 0.0522
Car -1 -1 3.1318 446.3545 188.4278 529.4677 220.7464 1.4578 1.6081 3.8589 -5.8487 2.2325 34.7633 2.9658 0.0518
Car -1 -1 3.4849 0.0000 191.9896 137.8891 246.2957 1.5018 1.6443 4.0115 -17.1638 2.1306 22.3215 2.8350 0.0514