Car -1 -1 4.5695 643.1021 179.0368 724.0040 235.6735 1.3942 1.6602 4.1995 1.9732 1.5871 20.3663 4.6639 0.9571
Car -1 -1 0.3773 238.0950 186.6178 422.1562 251.1893 1.4346 1.4720 3.7994 -6.5429 1.7760 17.1264 0.0170 0.8123
Car -1 -1 3.6210 134.9066 182.7171 382.2178 255.2793 1.3637 1.6079 4.2761 -7.0234 1.5767 14.6906 3.1816 0.7971
Car -1 -1 0.4203 307.5172 176.3053 442.8586 232.1148 1.6530 1.5415 3.7010 -7.2438 1.7651 22.4626 0.1113 0.7967
Car -1 -1 -0.6682 939.0826 158.3987 1242.0000 350.9647 1.6381 1.6254 3.6967 5.4177 1.5152 7.0074 -0.0309 0.6526
Car -1 -1 -0.8266 1053.5780 183.2594 1242.0000 375.0000 1.4467 1.6342 4.1037 5.4681 1.5267 4.7345 -0.0003 0.6508
Car -1 -1 4.6999 625.9246 175.0639 660.6525 207.3204 1.4922 1.6190 3.8443 1.6358 1.6071 35.5920 4.7449 0.6049
Car -1 -1 3.2435 414.0636 171.4041 496.6035 201.1412 1.5432 1.6709 4.1547 -8.1680 1.4679 38.4946 3.0355 0.4345
Car -1 -1 4.8262 491.0537 165.9181 520.4189 188.4403 1.4967 1.5832 3.7994 -7.1368 1.0358 49.8704 4.6845 0.3197
Car -1 -1 5.2094 174.1814 169.2693 259.8713 205.4224 1.4391 1.6024 3.7041 -16.5254 1.2964 30.5781 4.7173 0.3151
Car -1 -1 3.2769 490.0934 164.0229 539.2579 180.0006 1.4816 1.6214 4.3965 -8.8796 0.6627 67.7311 3.1468 0.3136
Car -1 -1 1.5099 123.1219 174.0036 165.7756 205.3597 1.4731 1.5743 3.7413 -23.2480 1.5336 36.0172 0.9399 0.2446
Car -1 -1 3.4801 397.1685 179.8412 494.9910 214.5256 1.4505 1.6205 3.8616 -7.1256 1.7667 31.6224 3.2598 0.2412
Car -1 -1 4.7192 653.8907 172.8993 673.2370 191.8408 1.5892 1.6206 3.9420 4.6950 1.5932 62.5756 4.7933 0.2269
Car -1 -1 1.1026 955.4415 161.3409 1242.0000 375.0000 1.5076 1.5816 3.8773 4.3817 1.4437 6.0290 1.7075 0.1925
Car -1 -1 0.4531 139.9425 171.0342 248.6927 206.2794 1.4056 1.5401 3.5602 -17.0008 1.3330 29.6567 -0.0637 0.1880
Car -1 -1 0.5531 552.8365 182.3633 611.8446 207.1074 1.5276 1.5582 3.5807 -1.7927 2.1715 47.3019 0.5148 0.1821
Car -1 -1 0.2874 270.3959 185.5578 434.4066 244.0131 1.4975 1.5097 3.9496 -6.9248 1.8593 19.6996 -0.0470 0.1654
Car -1 -1 3.3218 456.8940 174.2634 521.6415 197.8315 1.4802 1.6226 3.8652 -7.6771 1.5722 46.2591 3.1579 0.1490
Car -1 -1 0.3309 376.3020 171.7916 480.1028 210.3459 1.4510 1.5460 3.6109 -7.0147 1.4110 28.0834 0.0880 0.1469
Car -1 -1 1.7870 699.6021 171.2079 730.6450 192.0002 1.6077 1.6392 4.0495 8.5164 1.4804 57.9741 1.9318 0.1466
Car -1 -1 4.8853 383.3972 169.1492 414.6721 189.9786 1.5204 1.6224 3.9013 -15.9141 1.2499 54.6934 4.6032 0.1360
Car -1 -1 -0.0175 627.1902 172.9832 716.1110 206.1915 1.5390 1.6372 4.1242 2.9359 1.5453 34.3997 0.0664 0.1337
Car -1 -1 1.8355 505.8597 172.4909 540.0756 195.8743 1.6296 1.5514 3.6602 -6.2251 1.6043 52.2068 1.7170 0.1305
Car -1 -1 3.7240 166.7605 169.0042 275.0414 205.5736 1.4417 1.5210 3.6493 -15.7775 1.2899 29.3726 3.2347 0.1217
Car -1 -1 1.5311 491.4561 172.9820 519.3647 197.8738 1.5576 1.6519 4.0028 -6.8613 1.5664 47.2909 1.3875 0.1213
Car -1 -1 1.3904 650.7415 172.9411 679.2060 192.9918 1.5371 1.5908 3.8147 4.3658 1.5443 57.3124 1.4656 0.1205
Car -1 -1 4.9229 480.3399 171.9303 519.1755 197.4290 1.5393 1.6307 3.9480 -6.8842 1.4835 45.5780 4.7735 0.1200
Car -1 -1 0.0660 121.0398 173.9483 215.6851 205.1817 1.4624 1.5541 3.8689 -21.5872 1.5186 35.4733 -0.4776 0.1183
Car -1 -1 1.3388 517.7751 173.4616 546.8870 191.4048 1.4878 1.6047 4.0467 -6.6854 1.5420 62.1516 1.2318 0.1141
Car -1 -1 4.7504 466.8216 171.0874 498.6883 200.1997 1.5233 1.5803 3.7119 -6.9337 1.4308 39.6985 4.5782 0.1120
Car -1 -1 4.9529 660.5692 171.5538 694.2958 193.0041 1.5129 1.5826 3.9033 5.0219 1.4212 52.9923 5.0465 0.1082
Car -1 -1 4.3464 599.5684 163.0305 650.1827 192.2037 1.5705 1.6394 3.7176 0.8160 1.0417 40.8708 4.3658 0.1041
Car -1 -1 5.0440 281.3243 179.4845 383.6338 237.1144 1.4767 1.6036 3.7121 -7.8529 1.6850 20.7960 4.6867 0.0973
Car -1 -1 4.9728 447.3492 176.1781 505.9008 211.1472 1.4766 1.6512 3.9562 -5.9830 1.6375 32.8939 4.7938 0.0932
Car -1 -1 3.9238 449.5745 172.8867 516.1024 198.4206 1.5988 1.7254 4.3190 -8.3007 1.6010 47.1253 3.7501 0.0907
Car -1 -1 3.9456 359.2992 169.2203 414.6366 190.0532 1.5141 1.6512 4.0065 -16.7094 1.2500 54.1333 3.6474 0.0864
Car -1 -1 4.8508 387.6581 172.5345 442.8358 210.1574 1.4358 1.6177 4.1553 -7.9143 1.4236 29.6948 4.5922 0.0772
Car -1 -1 3.4068 469.9871 169.5682 534.9138 191.3412 1.5080 1.6693 4.2549 -7.5527 1.2804 51.0533 3.2604 0.0764
Car -1 -1 4.5439 507.4785 167.0598 536.8641 188.7129 1.7229 1.7085 4.3518 -7.2729 1.2619 59.7406 4.4230 0.0754
Car -1 -1 5.0337 576.9594 182.4935 617.8615 206.7534 1.4963 1.6037 3.8296 -0.7668 2.1680 48.2123 5.0174 0.0714
Car -1 -1 4.9838 609.5695 170.8793 645.7557 193.7788 1.6461 1.6607 4.1444 1.4007 1.5041 54.0910 5.0091 0.0696
Car -1 -1 3.8828 61.3238 174.2794 163.2574 206.6736 1.5244 1.6379 4.0517 -24.1855 1.5960 35.1469 3.2835 0.0693
Car -1 -1 3.8254 449.0548 172.0681 515.4014 197.0558 1.4909 1.6322 3.8936 -7.9014 1.4440 44.7125 3.6512 0.0675
Car -1 -1 1.8016 184.4299 176.9196 237.5001 208.4716 1.5575 1.5897 3.9423 -21.0653 1.7851 38.2730 1.3011 0.0670
Car -1 -1 -0.3520 491.8545 174.6922 558.3492 199.1621 1.5290 1.6249 3.9815 -5.4878 1.6527 46.9512 -0.4681 0.0649
Car -1 -1 1.4426 715.8890 190.1766 783.4924 240.9609 1.4495 1.6838 4.0513 4.5790 2.0772 24.0766 1.6274 0.0639
Car -1 -1 0.3964 402.7859 171.8435 490.6682 204.0508 1.6219 1.6409 4.1441 -8.4371 1.5710 37.5060 0.1762 0.0623
Car -1 -1 3.1993 224.8936 187.8415 389.2157 249.3267 1.4850 1.5199 3.9420 -8.0240 1.9171 19.4450 2.8123 0.0619
Car -1 -1 0.7588 60.5238 173.3249 194.8176 221.4774 1.4858 1.5131 3.5556 -15.5486 1.5017 23.3414 0.1763 0.0610
Car -1 -1 4.2411 671.2773 166.3860 719.7215 193.5449 1.6321 1.5605 3.5795 5.3496 1.2434 45.3106 4.3576 0.0590
Car -1 -1 0.9264 189.0945 171.7871 288.5950 211.4411 1.4928 1.5584 3.7971 -14.7536 1.4527 28.6976 0.4551 0.0572
Car -1 -1 1.1138 484.3071 167.0555 526.9371 188.2148 1.6928 1.7165 4.4653 -8.6904 1.2289 60.0509 0.9704 0.0553
Car -1 -1 5.3075 176.3853 168.6442 269.4946 205.6760 1.4340 1.5599 3.7329 -15.8968 1.2710 29.8808 4.8221 0.0551
Car -1 -1 -0.2359 573.6251 166.8597 651.2970 195.3832 1.5161 1.6391 3.9906 0.1411 1.1974 39.6080 -0.2327 0.0544
Car -1 -1 3.1919 0.0000 0.0000 1242.0000 375.0000 1.5676 1.6029 3.9396 4.6972 1.4536 2.0116 4.3061 0.0539
Car -1 -1 1.8089 469.9925 170.4623 512.3382 196.6631 1.5247 1.6308 4.0764 -7.1758 1.3855 44.0840 1.6482 0.0537
Car -1 -1 1.5310 646.3801 168.2111 671.5211 192.4471 1.7379 1.6981 4.3011 3.6525 1.4049 53.9108 1.5979 0.0534
Car -1 -1 -0.0515 610.7532 165.3210 680.7244 193.3142 1.5067 1.6068 3.7597 1.9493 1.1013 39.6464 -0.0031 0.0532
Car -1 -1 1.6273 613.1005 175.0626 647.9047 205.8966 1.5360 1.6258 3.8589 1.1540 1.6590 38.2199 1.6568 0.0531
Car -1 -1 3.9405 368.9454 178.5669 461.3974 214.3344 1.4695 1.6143 4.0047 -8.6183 1.7358 31.9110 3.6784 0.0530
Car -1 -1 0.6603 1118.3706 177.4449 1242.0000 375.0000 1.4503 1.6410 4.1837 5.5762 1.4928 4.5397 1.5161 0.0530
Car -1 -1 1.8033 466.2308 173.4975 507.1150 197.8873 1.4838 1.6486 4.1979 -7.8034 1.5269 46.1577 1.6364 0.0523
Car -1 -1 1.8122 429.4237 171.9264 493.0445 210.5695 1.4627 1.6203 3.9523 -5.9418 1.4276 29.3203 1.6136 0.0521
Car -1 -1 1.4699 657.6813 168.0152 684.2980 190.3524 1.7363 1.7147 4.2546 4.9184 1.3602 58.2271 1.5534 0.0519
Car -1 -1 0.2197 455.8717 168.0910 518.5334 191.1806 1.5269 1.6434 3.8992 -8.2169 1.2119 48.6385 0.0530 0.0517
Car -1 -1 0.3220 329.3652 175.4523 440.1895 214.6796 1.4744 1.5753 3.8116 -8.6859 1.5785 28.0640 0.0242 0.0508
Car -1 -1 1.5897 646.8514 168.9058 668.4635 190.7484 1.7095 1.6742 4.1017 3.9349 1.4005 58.5859 1.6561 0.0507
Car -1 -1 4.9028 494.6487 174.3665 531.9818 199.6406 1.5103 1.6034 3.9494 -6.0029 1.6096 45.3766 4.7717 0.0505
Car -1 -1 3.1807 188.4091 186.3949 394.5164 259.3624 1.4982 1.5499 4.2167 -7.2711 1.8418 16.8354 2.7783 0.0502
Car -1 -1 0.4917 131.3022 177.2291 232.4997 207.6175 1.5078 1.6537 4.1767 -21.8483 1.7374 36.9694 -0.0391 0.0501
Car -1 -1 5.1010 151.2767 170.0788 232.6070 206.5706 1.4257 1.5973 3.8215 -17.3599 1.3173 30.1881 4.5828 0.0501