Car -1 -1 1.9474 209.1579 190.6965 309.4919 245.9581 1.4461 1.5328 3.4830 -10.4696 2.0301 21.8253 1.5045 0.8796
Car -1 -1 3.6736 0.0000 206.7202 54.6561 330.4928 1.5022 1.6227 4.0007 -10.9860 2.0668 10.7447 2.8895 0.2582
Car -1 -1 1.8492 393.9825 172.1050 455.3899 209.0032 1.6072 1.6748 4.1481 -8.5032 1.5745 33.5270 1.6023 0.2087
Car -1 -1 5.1167 0.0000 202.6017 102.3229 318.1060 1.4064 1.5862 3.9226 -10.1064 1.9869 11.9751 4.4266 0.2058
Car -1 -1 0.1323 347.3104 183.7776 424.6646 214.9006 1.5668 1.6214 3.7280 -11.7794 2.1620 38.2072 -0.1652 0.1869
Car -1 -1 2.1977 0.0000 200.6561 57.4814 351.3091 1.4863 1.6005 3.9016 -9.6781 1.9467 9.9109 1.4376 0.1763
Car -1 -1 1.5531 210.7507 181.1137 240.5133 207.4358 1.5899 1.6529 4.2573 -25.1792 2.1568 47.2642 1.0657 0.1414
Car -1 -1 1.6409 278.9683 184.7929 309.0230 209.3990 1.6126 1.6736 4.2302 -22.5921 2.5067 51.7651 1.2310 0.1381
Car -1 -1 4.9522 361.2964 182.9982 408.5486 213.3624 1.5060 1.6155 3.5814 -12.0344 2.0779 38.8478 4.6533 0.1345
Car -1 -1 4.8385 358.6659 169.1830 400.1668 198.2928 1.5267 1.7053 3.8403 -12.6623 1.3341 39.8825 4.5327 0.1131
Car -1 -1 1.7471 389.1452 160.9737 433.0734 196.0921 1.9632 1.7501 4.3670 -11.6450 1.2991 42.5891 1.4815 0.1088
Car -1 -1 1.5143 554.8094 179.1325 573.7692 195.8242 1.4858 1.5552 3.9856 -4.2823 2.0943 67.8583 1.4512 0.1062
Car -1 -1 0.4703 539.8842 179.6248 583.9479 196.2373 1.5220 1.5982 3.8924 -4.5456 2.1819 68.8268 0.4042 0.1014
Car -1 -1 3.6061 341.0178 170.4759 424.1090 199.5859 1.5477 1.7074 4.0018 -12.4052 1.4212 39.5267 3.3036 0.0933
Car -1 -1 4.7753 354.7309 170.3618 390.3405 199.1599 1.5679 1.6722 4.2548 -13.5940 1.4322 41.5527 4.4608 0.0897
Car -1 -1 1.7406 419.8512 171.5967 470.8376 208.1148 1.6045 1.6550 4.0389 -7.6108 1.5492 33.7605 1.5202 0.0831
Car -1 -1 1.4589 209.7411 202.9371 272.9310 249.4412 1.4803 1.7474 4.0178 -14.3005 2.7343 27.9191 0.9889 0.0815
Car -1 -1 0.2169 329.6089 183.5031 441.9681 222.4113 1.4515 1.5828 3.9707 -8.7284 1.8844 28.3818 -0.0793 0.0812
Car -1 -1 5.1677 371.6006 181.9668 431.9403 212.5229 1.5048 1.6318 3.7183 -11.0702 2.0183 38.6855 4.8904 0.0783
Car -1 -1 1.6140 174.9418 199.0924 221.2223 234.7740 1.4522 1.7451 3.8388 -19.6471 2.7859 34.5703 1.1002 0.0729
Car -1 -1 1.5976 0.0000 208.2012 59.5672 267.8396 1.4571 1.7280 3.9775 -18.0385 2.6494 22.2325 0.9217 0.0721
Car -1 -1 1.8536 282.5735 186.6378 319.8247 208.4826 1.5203 1.5949 3.7885 -23.3189 2.6027 54.6836 1.4520 0.0686
Car -1 -1 3.1343 553.1123 180.7205 594.7221 195.9364 1.4062 1.6924 3.9041 -3.3930 2.1648 68.6246 3.0847 0.0667
Car -1 -1 0.0322 371.1646 177.6060 455.5743 207.3291 1.5175 1.7088 4.2636 -10.4299 1.7802 38.5774 -0.2305 0.0600
Car -1 -1 2.1512 374.5674 178.6706 455.8648 214.9342 1.4784 1.6477 3.8527 -8.5776 1.7546 32.1740 1.8923 0.0588
Car -1 -1 4.7998 0.0000 192.1873 56.5421 234.0049 1.5187 1.5725 3.7194 -24.1586 2.3763 30.0235 4.1264 0.0556
Car -1 -1 1.4789 558.9237 177.2631 581.3979 196.7196 1.7071 1.6743 4.3841 -3.6705 2.1283 66.6369 1.4237 0.0552
Car -1 -1 1.5933 205.4882 198.1465 248.0015 234.2328 1.5009 1.7307 4.1035 -18.6885 2.8179 35.3480 1.1097 0.0552
Car -1 -1 2.2104 313.1060 188.2696 373.2719 212.7837 1.4757 1.6669 4.0921 -17.7955 2.5567 48.3989 1.8595 0.0532
Car -1 -1 3.1389 515.3957 185.4480 560.6255 203.2437 1.6237 1.7131 4.2141 -6.7791 2.8363 68.4082 3.0401 0.0521
Car -1 -1 1.7253 385.3674 182.2160 414.0244 203.2035 1.5677 1.5905 4.1086 -16.8101 2.3472 57.9415 1.4438 0.0520
Car -1 -1 1.5861 273.7677 190.3823 303.6328 216.8049 1.4979 1.6679 4.0840 -20.4255 2.6698 46.0348 1.1703 0.0516
Car -1 -1 1.6956 592.4392 188.7202 615.7325 205.9393 1.4902 1.7127 4.1311 -0.4886 3.0451 68.5608 1.6879 0.0515
Car -1 -1 -0.2188 19.9595 190.9806 527.4854 375.0000 1.4983 1.5957 4.1446 -3.0184 1.7218 7.0535 -0.6107 0.0513
Car -1 -1 4.7354 348.4068 182.3527 382.3076 214.2227 1.5478 1.6075 3.8071 -12.9222 2.0794 38.3236 4.4119 0.0501