Car -1 -1 2.1970 0.0000 188.1214 109.9902 248.2693 1.7747 1.7720 4.6289 -19.6125 2.3497 24.8267 1.5335 0.6822
Car -1 -1 1.7120 388.7059 182.4269 416.9073 202.5714 1.5835 1.7116 4.2051 -17.4384 2.4221 61.0074 1.4344 0.5274
Car -1 -1 1.5485 568.0414 173.5672 589.3063 192.9785 1.5597 1.6796 4.1449 -2.6089 1.6214 60.2562 1.5051 0.5205
Car -1 -1 1.3404 276.5839 192.6609 316.6910 216.9725 1.5156 1.7092 4.0225 -21.9610 2.9620 50.5670 0.9323 0.2193
Car -1 -1 1.4078 315.6339 185.0518 344.6223 204.0926 1.4941 1.6608 4.1566 -23.9086 2.5740 61.6649 1.0391 0.1928
Car -1 -1 1.9763 0.0000 210.1665 110.2936 291.9872 1.4423 1.6249 3.8675 -13.2766 2.4128 16.6905 1.3119 0.1524
Car -1 -1 1.6753 241.7048 191.2257 268.9660 210.8229 1.4783 1.6419 3.9832 -29.7179 3.0765 60.6169 1.2209 0.1302
Car -1 -1 4.6339 340.2789 179.0531 376.9893 209.0722 1.5181 1.6058 3.7605 -13.7301 1.8740 39.3785 4.3002 0.1299
Car -1 -1 -0.1816 288.9690 179.7431 372.0432 210.4198 1.5105 1.6397 3.8496 -14.6773 1.8895 37.9957 -0.5482 0.1290
Car -1 -1 1.9492 285.0087 192.8399 329.6454 216.5436 1.4935 1.6906 3.4794 -20.9609 2.9317 50.1707 1.5550 0.1078
Car -1 -1 1.4540 395.0975 180.7367 424.3270 204.7254 1.5835 1.5460 3.9774 -14.2024 2.1657 51.1637 1.1842 0.1077
Car -1 -1 4.6193 499.3902 153.9000 535.6841 183.1980 1.5868 1.6980 3.8916 -5.2929 0.5602 41.1636 4.4920 0.1042
Car -1 -1 1.3565 257.8798 192.4323 297.5061 216.8388 1.4969 1.6958 3.8666 -22.8436 2.8986 49.6042 0.9267 0.0978
Car -1 -1 1.6557 76.0860 173.1130 108.8710 198.9538 1.8265 1.6264 3.9105 -38.0342 1.8463 53.1396 1.0367 0.0886
Car -1 -1 1.7641 559.3724 171.8941 590.5338 194.5577 1.7447 1.7012 4.2722 -2.7284 1.6708 57.7823 1.7168 0.0832
Car -1 -1 3.4911 301.9519 179.8219 387.8846 209.2939 1.5159 1.6427 3.9618 -14.0080 1.8940 38.3256 3.1426 0.0810
Car -1 -1 1.4633 236.4282 189.3475 261.1164 208.2065 1.5953 1.6224 4.1151 -33.5253 3.1766 67.0030 1.0007 0.0810
Car -1 -1 1.9622 0.0000 212.0157 97.8045 298.8018 1.4011 1.5993 3.8263 -12.7326 2.3581 15.5700 1.2849 0.0787
Car -1 -1 3.4883 342.0224 179.5082 419.8753 208.6661 1.4965 1.6456 3.5977 -12.1074 1.8584 38.3403 3.1840 0.0747
Car -1 -1 1.3874 219.4095 189.8118 251.2355 209.8241 1.5030 1.6807 3.7521 -30.9185 2.9499 59.5705 0.9102 0.0738
Car -1 -1 0.8143 274.8772 192.4130 332.3703 217.0057 1.5567 1.7234 3.4708 -20.9971 2.9397 49.5292 0.4149 0.0721
Car -1 -1 3.9364 0.0000 188.9363 99.2195 232.7533 1.4933 1.6029 3.7114 -20.9943 2.1042 26.3769 3.2689 0.0714
Car -1 -1 1.5734 340.0812 188.8083 362.0901 208.6751 1.4902 1.6678 4.2674 -21.5126 2.8695 60.0889 1.2306 0.0705
Car -1 -1 1.8899 24.9882 193.5552 114.1845 237.5729 1.5138 1.6728 4.0187 -21.5875 2.4088 29.0255 1.2546 0.0681
Car -1 -1 3.7718 495.3952 155.1050 572.2409 184.1150 1.5542 1.6794 4.0723 -4.2570 0.6033 40.4037 3.6673 0.0681
Car -1 -1 5.0799 349.6620 178.4585 406.6041 208.1948 1.5154 1.6382 3.9945 -12.6197 1.8388 39.5846 4.7729 0.0679
Car -1 -1 1.3858 341.5296 179.9431 388.6353 211.7915 1.5058 1.6414 3.6887 -12.5823 1.8892 37.0184 1.0600 0.0672
Car -1 -1 1.8529 306.8623 173.2492 364.8840 205.6259 1.5292 1.6442 4.0564 -13.6526 1.5501 36.2142 1.4945 0.0666
Car -1 -1 1.0647 0.0000 186.1691 87.6199 226.6103 1.5180 1.6933 4.1139 -23.6959 2.0950 29.6935 0.3954 0.0641
Car -1 -1 3.0521 554.0344 173.5042 603.4980 192.9298 1.5633 1.6286 3.9245 -2.5454 1.6176 59.2042 3.0090 0.0621
Car -1 -1 1.3423 317.9927 186.1447 351.8081 207.8116 1.6264 1.6787 4.2216 -22.5290 2.7560 59.1053 0.9793 0.0617
Car -1 -1 -0.5095 361.9270 179.2127 442.2860 209.3300 1.4878 1.6229 3.7966 -10.9892 1.8428 38.3707 -0.7870 0.0610
Car -1 -1 1.7373 322.4529 186.0871 351.3564 205.8748 1.5270 1.6135 4.0921 -22.9073 2.6805 60.7351 1.3777 0.0604
Car -1 -1 2.3044 300.1613 185.1185 364.0704 209.9520 1.5116 1.6359 4.1472 -18.5192 2.3714 48.3509 1.9401 0.0580
Car -1 -1 1.7362 236.4617 186.9455 273.5014 210.6598 1.4491 1.6175 3.8618 -23.8520 2.4398 48.6457 1.2823 0.0564
Car -1 -1 1.2832 574.5005 174.1249 609.7213 194.3428 1.4987 1.6265 4.1189 -1.3953 1.6012 55.9736 1.2580 0.0545
Car -1 -1 2.0172 1.2248 206.1049 166.7484 285.6942 1.4942 1.6286 3.9530 -12.4145 2.3908 17.3716 1.4037 0.0537
Car -1 -1 0.8915 0.0000 187.9195 100.9355 245.1973 1.7844 1.7192 4.2501 -19.7697 2.3221 24.4569 0.2169 0.0530
Car -1 -1 0.6155 372.9357 182.3591 427.5987 202.1078 1.5881 1.6865 4.2400 -17.6753 2.4106 60.9489 0.3341 0.0521
Car -1 -1 1.8981 551.5132 174.0430 587.7315 195.1102 1.5648 1.6517 3.8437 -3.0532 1.6603 55.9001 1.8434 0.0519
Car -1 -1 4.0161 0.0000 189.5697 43.0643 244.6653 1.6551 1.6737 4.0577 -20.9875 2.2256 23.4942 3.2925 0.0515
Car -1 -1 3.4522 472.4929 156.9315 549.9263 185.5435 1.5654 1.6600 4.0058 -5.5151 0.6943 40.6448 3.3180 0.0515
Car -1 -1 2.0932 0.0000 179.6936 56.5801 227.2368 1.5109 1.6364 3.8343 -21.6053 1.7723 25.5439 1.3962 0.0510
Car -1 -1 1.0510 252.2110 190.7728 293.3445 209.1287 1.4820 1.7001 3.6279 -29.6010 3.0997 63.3972 0.6154 0.0503
Car -1 -1 2.6706 294.2449 190.9084 360.0572 215.2636 1.5046 1.6983 3.8576 -19.3544 2.7947 49.5513 2.2997 0.0500