Car -1 -1 1.9858 219.6507 185.2164 352.0119 251.0558 1.5282 1.6606 4.3134 -8.6509 1.9031 19.7213 1.5769 0.9318
Car -1 -1 5.0669 295.5088 168.1141 361.7918 204.8965 1.5213 1.5961 3.4370 -12.2120 1.3253 31.5713 4.7004 0.6834
Car -1 -1 4.5399 580.4866 174.1889 615.0295 197.8469 1.5183 1.6380 4.1679 -0.8427 1.6126 48.7556 4.5223 0.6094
Car -1 -1 1.7051 458.4171 177.0832 489.4709 200.1500 1.5744 1.6679 4.0681 -9.7441 1.8918 52.0808 1.5207 0.5751
Car -1 -1 1.7579 427.7125 176.3112 477.5663 209.1203 1.4296 1.5701 3.9283 -7.2910 1.6012 33.8397 1.5469 0.1685
Car -1 -1 -0.2843 580.9250 174.4894 645.5480 197.3937 1.4653 1.6261 3.9734 0.2326 1.5764 47.6797 -0.2799 0.1628
Car -1 -1 1.7283 494.3849 175.3656 522.3783 195.7792 1.5221 1.5809 3.7844 -7.8408 1.7243 56.1755 1.5900 0.1370
Car -1 -1 1.7789 188.3757 191.2008 244.5000 225.1760 1.5180 1.6781 4.1671 -20.0109 2.5128 36.8878 1.2845 0.1229
Car -1 -1 1.7336 457.7095 177.4350 494.1625 204.3073 1.4472 1.4830 3.5865 -7.5995 1.7208 41.2820 1.5523 0.1199
Car -1 -1 1.6804 461.2350 174.8631 504.9843 208.8172 1.4828 1.5850 3.9411 -5.8560 1.5824 33.7636 1.5096 0.1160
Car -1 -1 1.8678 150.9602 195.3387 230.4363 238.2534 1.4549 1.6363 3.9421 -16.5843 2.4169 28.7680 1.3486 0.0926
Car -1 -1 1.6729 440.6603 179.7294 482.1234 211.6740 1.4413 1.5873 4.0362 -7.2379 1.7998 35.5385 1.4730 0.0889
Car -1 -1 1.7433 506.4408 174.6475 534.9885 196.2402 1.6231 1.5947 3.7495 -6.9169 1.7683 56.4691 1.6216 0.0874
Car -1 -1 1.3291 195.7160 186.4705 232.4561 205.6383 1.4557 1.7055 4.3015 -32.9289 2.6294 60.0316 0.8290 0.0872
Car -1 -1 1.6316 472.4882 177.0304 509.0282 209.0481 1.4997 1.5740 3.8967 -5.9323 1.7217 36.3400 1.4705 0.0721
Car -1 -1 1.6249 264.4470 181.3208 288.1222 201.6727 1.5825 1.5611 4.1871 -27.7687 2.3151 60.1985 1.1941 0.0720
Car -1 -1 1.7177 453.0431 176.0302 486.0416 200.9091 1.6455 1.6666 4.1472 -9.7263 1.8766 50.3701 1.5275 0.0688
Car -1 -1 5.1624 121.2274 186.1403 325.7579 286.5204 1.5052 1.6275 4.2135 -6.9229 1.7928 13.5001 4.6960 0.0688
Car -1 -1 1.5511 470.5819 177.9639 497.5041 203.8441 1.4688 1.5327 3.5984 -7.6179 1.7913 43.6182 1.3788 0.0658
Car -1 -1 1.5933 219.1454 197.9207 259.7640 232.6681 1.4559 1.6702 3.8748 -18.0892 2.7583 35.3814 1.1233 0.0630
Car -1 -1 1.5955 185.2299 191.9570 233.5503 232.8107 1.5300 1.7199 4.4823 -17.4671 2.4308 31.6386 1.0943 0.0617
Car -1 -1 1.7013 508.5135 176.0534 533.6259 195.7393 1.5390 1.5638 3.6932 -7.1872 1.8082 58.8646 1.5800 0.0615
Car -1 -1 1.5424 512.3801 179.7206 536.7628 202.5000 1.4939 1.5863 3.9605 -5.9966 1.9957 50.6456 1.4247 0.0586
Car -1 -1 1.6073 486.4217 177.1110 516.5296 204.7749 1.5014 1.5798 3.7897 -6.2111 1.7593 41.7379 1.4600 0.0583
Car -1 -1 2.0732 32.9859 187.5121 271.1606 300.4963 1.4129 1.4944 3.7249 -6.9157 1.6827 11.3982 1.5378 0.0580
Car -1 -1 1.6919 208.1470 194.0897 251.7373 225.0917 1.4833 1.6498 3.7652 -20.6596 2.7028 39.3855 1.2113 0.0575
Car -1 -1 1.6377 267.3831 181.3928 295.0376 203.9681 1.5403 1.5717 4.1160 -24.1209 2.1947 53.0979 1.2129 0.0574
Car -1 -1 1.7404 450.7082 177.4821 492.1201 207.2807 1.4891 1.5457 3.8076 -7.3293 1.7488 38.5688 1.5535 0.0571
Car -1 -1 2.1049 224.0800 189.4701 281.2401 214.0563 1.4917 1.6025 4.0658 -24.0066 2.6611 48.6911 1.6487 0.0543
Car -1 -1 1.5639 488.2400 177.4732 514.9537 203.6828 1.4990 1.5396 3.5600 -6.5643 1.7914 43.8052 1.4156 0.0539
Car -1 -1 1.6838 449.1541 175.9821 492.7839 209.1689 1.4687 1.5704 4.2372 -6.5632 1.6277 34.5113 1.4968 0.0522
Car -1 -1 2.1329 491.9092 178.7006 563.5226 211.2976 1.4581 1.5866 3.9792 -3.9185 1.7604 35.1775 2.0223 0.0516
Car -1 -1 1.6142 195.3940 199.6151 238.7993 234.2318 1.4199 1.6555 3.1417 -18.5023 2.7510 34.1144 1.1201 0.0515
Car -1 -1 1.8633 216.2415 189.0202 258.2108 212.2968 1.5547 1.6232 4.1543 -27.5053 2.8008 53.4253 1.3896 0.0505
Car -1 -1 0.4733 441.5362 177.5257 500.1472 200.4110 1.5677 1.6144 3.7676 -9.8451 1.9080 51.2612 0.2841 0.0503