Car -1 -1 2.6755 865.8520 173.1203 1017.4077 224.6982 1.4600 1.5203 3.7827 9.7200 1.4682 21.2747 3.0984 0.9644
Car -1 -1 2.5152 1020.3327 161.0727 1208.8883 215.3004 1.5338 1.7111 4.4112 14.8196 1.2006 21.3209 3.1159 0.9515
Car -1 -1 0.5753 25.6481 188.5632 230.0788 268.7477 2.1005 1.7945 4.5100 -13.3304 2.5591 20.1597 -0.0032 0.7907
Car -1 -1 4.2028 171.9903 175.9637 244.4774 205.6732 1.5016 1.6464 4.0129 -21.4842 1.6755 38.5937 3.6976 0.4798
Car -1 -1 1.2053 213.9862 190.7223 293.0707 229.9298 1.4036 1.6705 3.7493 -14.5630 2.1794 29.4398 0.7492 0.4132
Car -1 -1 1.6317 0.0000 199.2003 50.1906 242.0015 1.4303 1.5751 3.8515 -23.2940 2.5497 28.6317 0.9531 0.3917
Car -1 -1 4.8564 311.2899 174.4340 370.1839 212.2621 1.4779 1.7273 4.2827 -11.3276 1.5500 30.6530 4.5049 0.3910
Car -1 -1 1.4133 1156.0785 149.5414 1208.0105 181.0955 1.6982 1.6810 4.0468 32.4587 0.4435 41.0084 2.0794 0.2554
Car -1 -1 4.6557 299.7737 174.7737 327.5168 198.6936 1.6147 1.6058 3.8953 -21.0034 1.7563 51.1471 4.2677 0.2234
Car -1 -1 4.8939 24.6411 188.4523 73.8532 218.2321 1.5272 1.5423 3.8121 -31.9211 2.4621 41.1961 4.2377 0.1994
Car -1 -1 5.0013 352.2741 171.5668 421.2344 208.5626 1.4798 1.6920 4.1659 -9.4569 1.4283 30.9485 4.7068 0.1743
Car -1 -1 4.7723 290.2185 171.2920 326.2914 199.6614 1.4754 1.5854 3.8909 -16.4935 1.3942 39.6229 4.3800 0.1726
Car -1 -1 1.2307 1084.1484 177.9131 1242.0000 335.8213 1.4713 1.6272 3.8863 7.4080 1.5489 8.9603 1.9049 0.1704
Car -1 -1 0.1760 698.6227 159.5043 827.6984 206.7378 1.5117 1.6026 4.0892 5.2349 1.0844 24.5996 0.3829 0.1556
Car -1 -1 5.4414 11.0154 195.5937 132.0383 237.7243 1.4678 1.6451 4.0990 -21.8657 2.4657 29.5439 4.8084 0.1537
Car -1 -1 2.6262 907.4846 151.2481 1022.1796 188.8322 1.5503 1.6309 4.1128 15.0652 0.6591 30.7069 3.0784 0.1495
Car -1 -1 1.6066 0.0000 198.5450 44.9811 247.3691 1.5505 1.7249 4.1877 -22.5815 2.6044 27.4082 0.9221 0.1445
Car -1 -1 4.6129 1214.6683 165.5279 1242.0000 256.1988 1.4796 1.6431 3.9948 12.8586 1.3600 13.8683 5.3497 0.1381
Car -1 -1 1.8089 0.0000 215.9685 66.7611 267.5495 1.4008 1.6093 3.1689 -19.7052 2.9614 24.3407 1.1336 0.1290
Car -1 -1 1.9301 134.6451 175.6819 183.4839 198.5284 1.4910 1.6046 3.8009 -30.9050 1.6933 49.6087 1.3752 0.1277
Car -1 -1 3.1041 0.4423 194.4335 137.6422 239.4463 1.5677 1.6773 4.3244 -21.6713 2.4967 29.0568 2.4675 0.1223
Car -1 -1 1.6799 315.8569 174.1245 368.7046 212.7638 1.4506 1.5654 4.0720 -10.8089 1.5061 29.3934 1.3301 0.1212
Car -1 -1 2.0483 932.5831 176.8953 1215.0513 308.7003 1.4981 1.6505 4.0707 6.5292 1.5641 10.0503 2.6103 0.1142
Car -1 -1 4.6136 309.7713 188.6327 352.7823 223.0528 1.4907 1.6019 3.6537 -13.5630 2.3012 35.0682 4.2467 0.1127
Car -1 -1 1.5386 1133.6702 169.3860 1242.0000 258.0943 1.4990 1.6501 4.2062 11.4701 1.4404 14.3775 2.2016 0.1114
Car -1 -1 3.3769 253.8053 173.2875 339.3884 201.2603 1.4432 1.6186 3.9054 -16.5848 1.4670 38.3908 2.9713 0.1069
Car -1 -1 -0.2617 726.2798 144.7564 834.7553 179.2097 1.5557 1.6743 4.6222 7.8781 0.2870 33.4914 -0.0326 0.1053
Car -1 -1 5.0845 306.0788 170.3727 363.8636 198.6016 1.4603 1.5803 4.0180 -14.8924 1.3319 39.3432 4.7246 0.1047
Car -1 -1 1.2074 1199.8378 180.2462 1242.0000 283.0641 1.4552 1.6144 3.9922 12.1231 1.6071 12.6748 1.9585 0.1030
Car -1 -1 2.0046 57.7583 191.8799 150.4825 233.3259 1.4823 1.6446 3.8419 -20.6775 2.3192 29.7045 1.4005 0.1002
Car -1 -1 1.9063 288.9449 186.3117 353.7647 222.1721 1.4721 1.5975 3.7213 -13.0685 2.1216 32.9304 1.5309 0.0997
Car -1 -1 2.5949 1084.0734 139.5303 1215.9053 174.7764 1.4582 1.6150 4.3043 23.0140 0.0795 30.8480 3.2315 0.0978
Car -1 -1 0.4035 275.9048 190.7637 364.1875 223.1744 1.4541 1.5607 3.5448 -13.6405 2.3211 34.1075 0.0254 0.0941
Car -1 -1 2.6725 968.0606 148.0131 1089.7106 184.1219 1.5010 1.6250 4.2317 17.8886 0.4684 30.9145 3.1930 0.0917
Car -1 -1 4.0201 919.2028 156.1012 1011.1149 192.3798 1.4964 1.5927 3.7480 15.5540 0.8054 31.7709 4.4716 0.0916
Car -1 -1 1.6543 64.3714 191.9621 126.3728 236.0652 1.5053 1.6531 3.9465 -20.2793 2.3185 28.5850 1.0414 0.0895
Car -1 -1 4.7983 784.2067 172.6739 840.6603 218.6587 1.4849 1.6023 3.6648 7.1689 1.4791 25.2969 5.0708 0.0888
Car -1 -1 0.2134 277.6650 171.6230 363.4187 199.1328 1.4440 1.5194 4.0660 -15.5393 1.3794 38.9545 -0.1641 0.0861
Car -1 -1 5.0344 46.4073 179.9326 107.7422 209.3148 1.5605 1.6279 4.0549 -30.5712 1.9895 41.5506 4.4030 0.0851
Car -1 -1 0.8226 113.0592 176.4674 176.6064 199.3655 1.4959 1.5714 3.6169 -31.3737 1.7460 48.7321 0.2529 0.0829
Car -1 -1 4.9494 146.3315 178.2134 201.6429 212.0422 1.6535 1.6060 3.9199 -22.8866 1.9518 38.0463 4.4108 0.0823
Car -1 -1 4.8185 70.9374 187.1133 128.7911 226.2678 1.4702 1.5883 3.8558 -21.5846 2.1173 30.6733 4.2092 0.0818
Car -1 -1 2.0692 296.0602 170.5337 361.0274 199.7453 1.5421 1.5979 4.1018 -15.5811 1.4196 40.2291 1.7017 0.0785
Car -1 -1 5.2469 0.0000 200.9251 127.5651 269.3334 1.5202 1.5634 3.6332 -14.8522 2.3516 19.4787 4.6018 0.0768
Car -1 -1 -0.4978 1101.1199 165.7224 1235.7544 205.3444 1.4810 1.6132 3.8383 21.6331 1.2144 28.0607 0.1537 0.0736
Car -1 -1 2.4403 33.0881 174.6432 124.2365 204.3116 1.5256 1.5701 3.9187 -28.9139 1.6286 39.4440 1.8109 0.0734
Car -1 -1 -0.7342 1118.2039 164.0869 1242.0000 216.2315 1.4774 1.6087 4.1581 17.6611 1.2290 21.3512 -0.0501 0.0715
Car -1 -1 1.4173 1056.1531 149.1779 1113.3010 184.0837 1.5341 1.6125 4.1084 22.2482 0.4936 33.9162 1.9939 0.0687
Car -1 -1 -0.3123 1157.6184 151.9010 1242.0000 181.3255 1.5565 1.6583 3.9094 32.7663 0.4481 39.6554 0.3746 0.0683
Car -1 -1 1.6377 0.0000 212.1346 54.1475 264.4830 1.4626 1.5954 3.7855 -20.4950 2.9427 25.1800 0.9595 0.0662
Car -1 -1 2.0165 180.9447 176.0868 246.7621 206.0682 1.4784 1.5992 3.6466 -20.6693 1.6563 37.8437 1.5194 0.0656
Car -1 -1 1.6998 0.0000 198.0195 66.1629 249.6949 1.5982 1.6839 4.0898 -21.3671 2.6032 26.6302 1.0283 0.0653
Car -1 -1 -0.5679 342.7853 171.9986 455.9660 209.5333 1.4656 1.6688 4.3534 -8.7585 1.4322 30.3572 -0.8468 0.0642
Car -1 -1 1.8878 331.1412 174.4155 402.6456 212.2640 1.4602 1.6113 4.0857 -10.0050 1.5296 30.0500 1.5687 0.0640
Car -1 -1 1.5799 288.2299 172.6542 322.6478 201.7943 1.4368 1.5770 4.1618 -15.8984 1.4270 37.8016 1.1841 0.0637
Car -1 -1 2.7887 853.6772 147.0854 967.9711 185.5751 1.6012 1.6721 4.2015 12.8417 0.5292 30.9296 3.1789 0.0620
Car -1 -1 1.4507 1110.3578 183.8504 1242.0000 322.9870 1.4779 1.5957 3.8218 8.0831 1.6620 10.0359 2.1138 0.0616
Car -1 -1 0.4833 300.0573 174.0796 411.7526 211.1797 1.4658 1.5813 4.0641 -10.3901 1.5180 29.6612 0.1488 0.0606
Car -1 -1 4.2057 977.8079 173.4930 1237.7574 285.3552 1.4370 1.5835 3.8479 7.4212 1.4487 11.2615 4.7759 0.0596
Car -1 -1 2.6012 156.6168 174.0561 253.2114 206.5589 1.5627 1.6220 4.0636 -20.6687 1.6280 37.0167 2.0948 0.0572
Car -1 -1 -0.0538 780.6519 173.1109 905.5121 219.7642 1.4855 1.5919 3.8715 7.7527 1.4946 24.2417 0.2516 0.0565
Car -1 -1 3.3140 277.0414 176.2516 344.4734 198.9102 1.5188 1.6038 4.0969 -20.6308 1.7598 49.9569 2.9240 0.0561