Car -1 -1 1.7179 0.0000 216.6282 61.9067 301.3573 1.4816 1.6246 3.6662 -13.9098 2.6131 16.6624 1.0300 0.6841
Car -1 -1 -0.0862 822.1362 149.0468 906.7231 181.8598 1.5316 1.6651 3.7273 12.2697 0.4204 34.9455 0.2488 0.3671
Car -1 -1 4.5060 996.1501 118.0760 1147.4371 222.7111 2.0169 1.9080 4.6310 10.2501 0.9610 16.4096 5.0562 0.3629
Car -1 -1 4.2325 995.1874 156.3060 1037.2955 176.1258 1.6779 1.6446 3.7615 35.4475 0.2770 62.9897 4.7430 0.1815
Car -1 -1 1.8557 0.0000 220.9581 35.9327 375.0000 1.4386 1.6952 4.1001 -9.5613 2.2538 10.0150 1.1067 0.1528
Car -1 -1 4.3803 1140.3593 121.2467 1242.0000 180.2714 1.6608 1.6957 3.5133 17.9981 0.2087 22.2415 5.0545 0.1393
Car -1 -1 1.3169 0.0000 214.4586 79.4151 258.8584 1.5009 1.7639 3.8203 -23.5656 3.3225 29.7335 0.6509 0.1367
Car -1 -1 4.4852 1086.0536 121.0261 1184.0505 180.2972 1.7005 1.6885 3.6240 16.3955 0.2135 22.6984 5.1049 0.1213
Car -1 -1 -0.4076 966.4923 151.2481 1060.9656 180.4917 1.5402 1.6675 4.1377 21.7984 0.4023 39.0360 0.0984 0.1204
Car -1 -1 1.2954 966.1273 148.3857 1022.1478 179.0013 1.6113 1.7100 3.9961 21.2945 0.3235 40.1075 1.7804 0.1157
Car -1 -1 3.3089 823.3846 160.9374 913.8220 190.4619 1.4795 1.5899 4.2673 13.5815 0.8823 37.8899 3.6504 0.1149
Car -1 -1 4.6703 0.0000 207.7500 142.3497 340.5185 1.4249 1.6679 3.6805 -8.1663 2.0382 10.7262 4.0313 0.1061
Car -1 -1 4.5488 833.6430 149.7214 881.8322 182.3381 1.5431 1.6530 3.9327 12.3853 0.4487 36.2097 4.8758 0.1060
Car -1 -1 4.0055 967.2612 143.3137 1042.3563 174.2604 1.7156 1.7226 3.8846 22.9613 0.0780 42.0798 4.5021 0.1028
Car -1 -1 1.3158 977.3696 154.8387 1035.4954 186.3528 1.5450 1.6657 4.0430 20.5591 0.6618 37.5359 1.8136 0.0829
Car -1 -1 3.7685 973.1273 155.9041 1031.5916 176.2138 1.7177 1.7275 4.3110 34.4196 0.2842 63.3424 4.2642 0.0799
Car -1 -1 2.0039 0.0000 211.2161 65.4146 252.5026 1.4298 1.7729 3.3870 -24.6987 3.1396 30.3003 1.3241 0.0740
Car -1 -1 2.8516 977.3930 145.6353 1069.5500 174.3671 1.5924 1.6711 4.2726 23.5994 0.0839 41.2828 3.3680 0.0728
Car -1 -1 2.1165 0.0000 217.2804 73.5210 262.1880 1.4707 1.7740 2.9431 -22.8968 3.3113 28.3189 1.4410 0.0711
Car -1 -1 0.0783 833.5660 159.7621 926.2045 190.9019 1.5013 1.5523 4.2706 13.6209 0.8701 36.3891 0.4336 0.0681
Car -1 -1 1.7143 0.0000 214.6201 61.2178 277.3719 1.4564 1.7432 3.7400 -17.7102 2.8215 21.5301 1.0319 0.0678
Car -1 -1 -0.5885 1006.9321 156.8873 1068.9969 175.6912 1.5939 1.6659 4.4145 36.8482 0.2405 62.1127 -0.0551 0.0669
Car -1 -1 -0.2646 1004.1860 126.3709 1242.0000 229.7077 1.8466 1.6340 3.7556 10.0770 1.0159 14.2895 0.3398 0.0639
Car -1 -1 1.7028 12.3665 215.7357 93.2678 266.7737 1.5176 1.8834 4.2255 -21.1861 3.2961 27.6244 1.0530 0.0633
Car -1 -1 0.1292 828.7712 161.5397 912.3228 189.8694 1.5015 1.6376 4.1740 14.4273 0.9018 39.9219 0.4735 0.0624
Car -1 -1 1.2287 1139.6595 159.3597 1242.0000 232.3771 1.5244 1.6157 3.7388 14.1871 1.2427 17.0957 1.9127 0.0621
Car -1 -1 4.1674 947.7623 153.1100 1021.1663 182.7931 1.5393 1.7037 4.0416 20.4205 0.5154 39.4924 4.6415 0.0614
Car -1 -1 3.0590 997.0900 155.7772 1056.2512 175.2723 1.6346 1.7157 4.2836 35.8802 0.2028 62.1867 3.5803 0.0569
Car -1 -1 5.0929 87.2117 201.7327 232.8040 280.3269 1.4506 1.5859 3.5825 -10.1551 2.1911 16.6061 4.5508 0.0560
Car -1 -1 3.5387 0.0000 207.3099 56.0841 247.1311 1.4779 1.7457 3.8263 -26.1316 3.0075 30.6222 2.8364 0.0531
Car -1 -1 -0.4771 937.4623 153.9722 1030.3992 183.0464 1.5371 1.6713 4.1559 20.1752 0.5388 38.9873 -0.0026 0.0524
Car -1 -1 4.1182 985.2042 157.1214 1036.0197 178.2212 1.7516 1.7310 4.2521 34.4409 0.4455 62.0922 4.6226 0.0521
Car -1 -1 4.9292 0.0000 209.0557 160.6439 328.9965 1.4569 1.6349 3.8416 -8.8331 2.1694 12.1123 4.3093 0.0508