Car -1 -1 2.1569 0.0000 202.5180 67.5363 240.7153 1.4860 1.5982 3.4169 -26.4618 2.8992 32.6007 1.4789 0.9152
Car -1 -1 2.9223 907.3268 175.9805 991.8159 203.3069 1.5305 1.6880 4.1759 19.7064 1.7179 41.9769 3.3581 0.8544
Car -1 -1 1.8960 38.7972 191.8853 92.1752 218.7103 1.5256 1.6016 3.6993 -34.5288 2.7889 45.8898 1.2536 0.3159
Car -1 -1 1.6345 14.2474 191.8498 50.9393 217.0480 1.4638 1.6110 3.9534 -37.6405 2.7596 47.1384 0.9633 0.3096
Car -1 -1 2.5032 0.0000 189.4623 67.3287 218.9082 1.5760 1.6143 4.0391 -35.0760 2.6202 43.2089 1.8242 0.3017
Car -1 -1 1.5911 1049.5312 165.2271 1094.9158 205.1565 1.7096 1.6603 4.2297 21.2598 1.3830 33.1129 2.1575 0.2338
Car -1 -1 4.8567 242.6272 177.8116 269.3275 194.8403 1.4903 1.6408 4.0481 -32.5923 1.9628 66.5919 4.4029 0.2011
Car -1 -1 4.6519 383.1966 176.0892 408.0899 196.6236 1.4634 1.5661 3.7849 -16.0684 1.7152 54.1107 4.3643 0.1769
Car -1 -1 0.6712 994.8961 170.4415 1099.2183 205.3354 1.4787 1.5356 3.9303 19.7060 1.3765 32.6866 1.2094 0.1656
Car -1 -1 1.5159 463.8559 174.1684 497.9237 202.0517 1.5144 1.7002 4.3914 -7.4892 1.5947 41.7400 1.3391 0.1350
Car -1 -1 2.2660 0.0000 209.3307 97.4086 273.3052 1.4191 1.6670 3.2517 -15.8619 2.4889 19.5191 1.5901 0.1260
Car -1 -1 1.5289 487.0270 174.1944 518.9461 202.8207 1.5677 1.6579 4.2625 -6.2427 1.6499 41.9751 1.3818 0.1216
Car -1 -1 1.4232 0.0000 189.9777 13.1039 218.1860 1.4905 1.6260 4.0082 -36.5118 2.5423 42.3938 0.7152 0.1154
Car -1 -1 1.4642 872.6502 179.1194 904.3180 204.3620 1.5612 1.5323 3.9388 18.4192 1.9942 47.7669 1.8297 0.1147
Car -1 -1 2.1279 10.2063 190.6359 82.1485 218.5783 1.5417 1.7189 3.8094 -34.5036 2.6827 44.3162 1.4691 0.1106
Car -1 -1 2.5839 1005.0576 167.3245 1108.6881 202.0923 1.5973 1.6749 3.8512 21.0203 1.3433 34.0019 3.1334 0.1097
Car -1 -1 1.7579 0.0000 204.5755 85.9403 267.9354 1.4401 1.6013 3.6562 -16.1144 2.4239 20.3862 1.0951 0.1077
Car -1 -1 4.6246 930.7236 169.9973 989.8708 212.4831 1.4256 1.5964 3.5835 12.6401 1.3297 26.1683 5.0698 0.0955
Car -1 -1 -0.1876 929.2669 168.4243 1072.5814 214.7796 1.4887 1.6055 4.0479 13.1736 1.3465 24.5372 0.2997 0.0947
Car -1 -1 3.8018 0.8571 193.6985 82.1232 220.2376 1.5666 1.6766 3.7176 -35.1954 2.8842 44.7641 3.1382 0.0853
Car -1 -1 1.0411 1162.2433 175.8359 1226.9406 200.0928 1.5382 1.5594 3.9778 39.1076 1.7466 48.3477 1.7179 0.0832
Car -1 -1 2.7275 996.8636 164.9971 1101.6058 197.4823 1.5288 1.6586 4.0156 21.2702 1.1590 35.0343 3.2692 0.0825
Car -1 -1 3.7827 0.0000 207.8815 83.1714 267.8161 1.4433 1.6530 3.6510 -16.6098 2.4306 19.4032 3.0813 0.0823
Car -1 -1 4.6858 984.3844 170.1581 1023.2236 202.6053 1.5572 1.6125 3.9648 20.0282 1.4278 36.7602 5.1810 0.0809
Car -1 -1 1.9041 4.3707 188.6359 67.4028 219.1690 1.6118 1.6306 4.1552 -33.7929 2.5930 42.6256 1.2366 0.0786
Car -1 -1 2.1541 0.0000 187.1708 14.8759 217.4795 1.5149 1.6114 4.0137 -35.3409 2.3530 40.1426 1.4353 0.0777
Car -1 -1 1.7801 0.0000 190.8723 42.4370 219.8381 1.5666 1.6973 4.2662 -36.2752 2.7261 44.1503 1.0951 0.0774
Car -1 -1 3.1636 847.1468 182.9003 906.2889 207.4141 1.5143 1.5077 3.5619 17.4030 2.1880 47.0320 3.5155 0.0773
Car -1 -1 2.3641 55.5043 186.0094 138.1245 213.6322 1.5139 1.6564 4.0913 -30.9937 2.3513 43.7647 1.7506 0.0769
Car -1 -1 1.8888 0.0000 190.3213 26.2199 219.2283 1.4849 1.6289 3.8786 -35.4504 2.5455 41.7090 1.1873 0.0758
Car -1 -1 4.5665 1036.2356 162.8109 1087.3260 195.1976 1.5271 1.5953 3.9246 22.5756 1.0536 36.1399 5.1210 0.0757
Car -1 -1 1.6059 241.6924 177.7700 263.0786 195.4294 1.5073 1.5738 4.2341 -32.1893 1.9661 65.0940 1.1481 0.0740
Car -1 -1 1.7457 10.7344 189.9319 57.5631 216.8783 1.5363 1.6362 4.1101 -36.7072 2.6798 46.1185 1.0761 0.0715
Car -1 -1 5.1479 13.9434 200.1427 147.5682 262.1241 1.4720 1.6278 3.8517 -15.1849 2.3426 20.9774 4.5272 0.0693
Car -1 -1 4.5270 968.1696 173.4296 1021.0511 204.7476 1.4635 1.6052 3.9339 19.0873 1.4939 35.9124 5.0118 0.0683
Car -1 -1 1.7956 36.9538 190.8482 89.4628 219.7228 1.5602 1.7007 3.8922 -33.0570 2.7045 43.7587 1.1514 0.0674
Car -1 -1 1.8071 491.6443 178.9902 526.9524 202.5690 1.5285 1.5489 3.8635 -6.8766 1.9691 49.8134 1.6702 0.0669
Car -1 -1 3.1551 21.5231 197.9624 200.5229 259.2790 1.4557 1.6411 4.0212 -13.9216 2.2272 20.3824 2.5617 0.0651
Car -1 -1 0.9527 1013.2602 167.7775 1104.8685 201.4586 1.5030 1.6467 4.0289 21.2218 1.2765 34.2640 1.5031 0.0649
Car -1 -1 2.1772 38.8534 191.6256 110.6107 219.0473 1.5452 1.7100 3.8689 -33.4768 2.7745 45.2949 1.5433 0.0647
Car -1 -1 -0.6850 968.7036 168.4721 1108.2983 212.2016 1.4389 1.6045 4.0367 14.7244 1.2947 24.8465 -0.1556 0.0646
Car -1 -1 1.7045 0.0000 186.4339 25.5123 212.0146 1.4853 1.6106 3.8286 -38.6532 2.3918 46.1193 1.0097 0.0632
Car -1 -1 1.7457 0.0000 205.9904 76.1143 274.6281 1.4079 1.6652 3.7365 -15.2481 2.3653 18.8078 1.0712 0.0615
Car -1 -1 1.8512 421.0740 178.7553 459.9542 200.8131 1.4785 1.5912 4.2486 -12.0525 1.9189 51.6829 1.6229 0.0611
Car -1 -1 -0.7393 1063.6545 157.4270 1174.5361 192.0519 1.5844 1.6921 4.2665 24.0600 0.8785 34.1319 -0.1295 0.0596
Car -1 -1 -0.9649 944.1548 174.1686 1028.8469 207.6874 1.5188 1.6658 3.9081 18.0204 1.5846 34.4744 -0.4872 0.0592
Car -1 -1 3.7624 0.0000 190.1635 10.0105 217.8559 1.4801 1.6573 3.9795 -36.7374 2.4862 40.9009 3.0337 0.0590
Car -1 -1 2.1244 458.6324 179.3967 512.1394 205.3351 1.4877 1.5487 3.6541 -7.5834 1.9080 44.3675 1.9557 0.0584
Car -1 -1 1.7387 231.2486 174.5033 261.2087 194.6568 1.6948 1.6547 4.2400 -31.8368 1.8447 63.3183 1.2743 0.0581
Car -1 -1 1.7098 19.1368 192.7682 64.6020 220.7228 1.5495 1.6815 4.0656 -35.5578 2.8594 45.2816 1.0468 0.0578
Car -1 -1 1.7097 881.1894 174.8905 947.2296 221.6900 1.4870 1.6143 3.8576 10.6871 1.5639 25.1762 2.1064 0.0564
Car -1 -1 1.4349 1005.1812 175.4693 1058.5750 209.8354 1.5145 1.6339 4.0648 20.0078 1.6469 34.3221 1.9585 0.0562
Car -1 -1 3.7660 27.6019 192.3025 104.9121 218.3153 1.5460 1.6969 3.5358 -33.8944 2.7847 45.0764 3.1239 0.0560
Car -1 -1 2.3967 0.0000 202.1194 66.3790 270.1793 1.4401 1.6151 3.6842 -16.5037 2.2822 18.8412 1.6842 0.0558
Car -1 -1 3.5829 0.0000 190.0818 69.5193 217.9446 1.5732 1.6395 4.1363 -35.4185 2.6451 43.6106 2.9036 0.0549
Car -1 -1 1.8295 455.0490 174.4375 502.4319 203.6268 1.4780 1.5795 3.7742 -6.9552 1.5672 38.6908 1.6525 0.0540
Car -1 -1 0.3127 435.0965 178.2690 509.4727 206.5922 1.5408 1.6401 3.8014 -7.7151 1.8542 40.7075 0.1261 0.0536
Car -1 -1 3.3596 484.2946 178.3843 553.9922 206.1091 1.5038 1.6627 3.6097 -5.0472 1.8221 40.5313 3.2360 0.0535
Car -1 -1 1.6825 378.6767 173.5596 409.7377 197.1504 1.6239 1.6731 4.2744 -15.4874 1.6770 52.0529 1.3944 0.0534
Car -1 -1 1.1527 981.5903 174.8821 1060.0156 209.0373 1.4819 1.6105 4.1625 19.0955 1.5827 33.7083 1.6640 0.0531
Car -1 -1 4.3566 1000.9148 165.5308 1068.1373 197.4295 1.5129 1.6163 3.9669 21.2900 1.1656 36.3130 4.8831 0.0530
Car -1 -1 0.4474 0.0000 202.4510 162.9912 261.1773 1.4714 1.6149 3.7586 -15.0018 2.3528 20.3545 -0.1817 0.0529
Car -1 -1 5.2364 0.0000 202.0781 89.0760 239.4079 1.4689 1.7324 4.2462 -26.7616 2.9397 34.0924 4.5745 0.0514
Car -1 -1 -0.7761 851.4526 175.9529 952.5853 213.3618 1.4649 1.6172 3.8808 12.1578 1.6001 29.9948 -0.3949 0.0510
Car -1 -1 0.5641 31.9500 189.2228 223.1730 247.9344 1.4531 1.6297 3.9780 -12.6958 1.9072 19.1726 -0.0146 0.0510
Car -1 -1 1.4772 879.0246 173.6642 914.9084 201.3239 1.6276 1.6785 4.1098 17.7884 1.6804 44.7956 1.8526 0.0508
Car -1 -1 2.1808 450.7932 179.3375 517.0839 208.8946 1.5239 1.6423 4.0105 -6.9514 1.9056 40.3137 2.0107 0.0504
Car -1 -1 2.5161 1002.9704 169.8822 1113.4690 204.5539 1.4940 1.5431 4.0284 19.8575 1.3660 32.0111 3.0670 0.0504
Car -1 -1 5.0688 388.6537 175.1472 430.2953 197.2918 1.5905 1.6416 4.2534 -15.0453 1.7706 54.4688 4.8002 0.0502
Car -1 -1 2.4913 74.4126 190.7720 188.5256 228.0120 1.4344 1.6417 4.0563 -21.1283 2.2854 32.0823 1.9125 0.0501