Car -1 -1 2.1731 20.2624 193.1443 199.0460 256.9412 1.4549 1.7484 4.6761 -13.7738 2.0917 20.2966 1.5827 0.9332
Car -1 -1 1.8182 404.0989 181.4719 442.1695 203.9198 1.5518 1.7286 4.3330 -13.8212 2.2193 53.7148 1.5672 0.6207
Car -1 -1 2.2322 6.1723 190.8709 104.6467 226.5657 1.3677 1.4831 3.5849 -23.8924 2.1935 31.2678 1.5836 0.2974
Car -1 -1 1.6034 150.9194 196.4146 197.5261 231.6097 1.3819 1.6862 3.3776 -19.6937 2.5126 32.7418 1.0652 0.2447
Car -1 -1 1.9085 150.6590 186.4816 211.4809 216.4304 1.5142 1.6368 4.2015 -24.0880 2.3252 40.7195 1.3770 0.1411
Car -1 -1 5.1911 15.1374 189.5284 86.5988 219.6748 1.4971 1.6052 3.6710 -30.8250 2.4650 39.9344 4.5368 0.1331
Car -1 -1 2.2488 0.0000 200.2596 74.3327 249.2881 1.4296 1.6062 3.4004 -20.3432 2.4307 24.6518 1.5641 0.1279
Car -1 -1 3.8548 0.0000 188.7155 78.1114 218.3691 1.5260 1.6432 3.5788 -31.0893 2.4029 38.9906 3.1848 0.1234
Car -1 -1 1.5503 184.0679 198.2490 227.6477 233.8854 1.4269 1.6983 3.7158 -18.9478 2.6887 33.8198 1.0426 0.1174
Car -1 -1 1.4275 423.0778 186.0473 451.3030 206.8270 1.5063 1.6337 3.8919 -13.6686 2.5888 57.0933 1.1931 0.0839
Car -1 -1 2.0689 124.2364 190.1060 199.4882 221.2370 1.4838 1.6723 4.0926 -23.9608 2.4613 38.7922 1.5184 0.0804
Car -1 -1 1.7367 2.1192 186.4114 55.7954 217.4087 1.5476 1.6874 3.8514 -32.0670 2.3375 39.9477 1.0634 0.0761
Car -1 -1 3.9774 0.0000 195.5340 47.8369 242.1501 1.4511 1.6069 3.9238 -21.5531 2.2535 24.4962 3.2611 0.0730
Car -1 -1 5.8674 66.6973 181.5784 155.9661 210.5500 1.5046 1.6326 3.8149 -28.0699 2.0222 40.7578 5.2671 0.0722
Car -1 -1 5.6049 0.0000 196.9201 55.5104 251.2531 1.4648 1.6557 3.9778 -20.5417 2.3162 23.4208 4.8905 0.0722
Car -1 -1 1.3337 394.6959 181.5373 430.4416 204.1763 1.5365 1.6059 4.1100 -14.4602 2.1987 52.8366 1.0675 0.0683
Car -1 -1 1.6674 149.0535 195.2194 200.2856 230.3782 1.4205 1.6819 3.8488 -20.3705 2.5370 33.9209 1.1298 0.0662
Car -1 -1 5.3367 159.6936 184.4990 225.8669 212.1815 1.5882 1.5510 3.9706 -26.0108 2.3506 45.1808 4.8166 0.0644
Car -1 -1 3.8066 115.7688 185.7654 192.2449 211.7504 1.5132 1.6518 3.7247 -27.7742 2.3195 44.0434 3.2465 0.0635
Car -1 -1 1.8905 393.9509 180.8771 436.9577 206.1692 1.6902 1.6805 4.4042 -13.8960 2.2922 51.8932 1.6297 0.0629
Car -1 -1 1.8707 56.2109 212.1489 214.5117 307.5210 1.4263 1.5997 3.4900 -9.1534 2.3051 14.2437 1.3077 0.0614
Car -1 -1 1.7834 164.7378 187.9015 220.5457 222.1359 1.4985 1.5699 3.9329 -20.4607 2.2840 35.5516 1.2641 0.0601
Car -1 -1 -0.3437 179.7305 194.2728 415.0840 281.7852 1.4523 1.6531 4.1732 -6.3500 1.9568 14.9774 -0.7389 0.0596
Car -1 -1 0.6552 176.7663 196.9646 279.1937 230.6715 1.4447 1.7177 4.0382 -17.8519 2.6148 33.8237 0.1724 0.0564
Car -1 -1 3.9397 125.2038 183.9784 190.0393 206.7038 1.5040 1.6276 3.8140 -31.4377 2.2974 50.2156 3.3825 0.0557
Car -1 -1 1.9152 456.5007 182.1048 495.6911 203.7215 1.5260 1.6693 4.0123 -10.0977 2.2565 54.8614 1.7336 0.0537
Car -1 -1 0.8091 120.5314 187.2682 205.5883 215.6866 1.4813 1.6656 4.1136 -24.9152 2.3127 40.2893 0.2580 0.0533
Car -1 -1 1.9611 425.8030 177.2976 478.0487 203.8006 1.5093 1.6459 4.1646 -9.5485 1.7940 44.0219 1.7483 0.0533
Car -1 -1 5.1877 147.1417 182.9722 201.3957 206.8064 1.5589 1.6482 3.9437 -30.6483 2.3014 50.9285 4.6481 0.0532
Car -1 -1 1.3314 129.7457 190.6863 191.0683 224.4820 1.4319 1.6257 3.8947 -21.5519 2.3343 34.5682 0.7772 0.0529