Car -1 -1 4.3642 760.4431 201.2861 1116.0682 375.0000 1.3292 1.6643 3.8809 2.6790 1.6790 6.9327 4.7173 0.9535
Car -1 -1 1.3795 674.6185 189.7737 776.0254 260.3318 1.3880 1.6239 3.9150 2.6149 1.8366 17.1396 1.5273 0.9484
Car -1 -1 2.0146 0.0000 180.8328 406.7190 375.0000 1.5120 1.6487 4.2778 -3.3646 1.6117 6.8771 1.5738 0.9391
Car -1 -1 1.7214 426.6609 186.6840 513.1540 253.1359 1.4148 1.5657 3.5783 -3.3617 1.7932 17.9305 1.5379 0.9227
Car -1 -1 4.6117 662.8546 182.9866 723.4519 233.6423 1.4518 1.5656 3.5576 2.6105 1.8024 23.1793 4.7216 0.8800
Car -1 -1 1.4823 650.6769 182.2361 700.5432 223.9442 1.4551 1.5722 3.9302 2.4974 1.8450 28.0230 1.5696 0.6920
Car -1 -1 4.5971 646.1691 181.3470 676.8281 206.1905 1.4921 1.5508 3.6832 3.3083 2.0614 46.4915 4.6672 0.2373
Car -1 -1 2.8730 617.7175 181.8351 683.5056 207.4192 1.5364 1.6489 3.8309 2.5643 2.1164 45.3910 2.9285 0.1767
Car -1 -1 4.7151 754.7388 177.0946 789.9788 210.1047 1.4935 1.5871 3.5575 7.9037 1.7107 35.0466 4.9346 0.1514
Car -1 -1 4.7738 483.6106 178.8025 525.7688 214.7853 1.4597 1.6065 3.7129 -4.5687 1.7379 31.8194 4.6318 0.1401
Car -1 -1 0.5388 452.5284 176.4757 513.3925 195.6902 1.4546 1.6610 4.5058 -9.9675 1.7477 56.8014 0.3656 0.1370
Car -1 -1 1.3696 645.5746 182.7127 685.1332 211.1084 1.5963 1.6455 3.9405 3.3555 2.2263 44.0497 1.4445 0.1192
Car -1 -1 5.5492 0.0000 166.1637 133.0088 296.1112 1.8671 1.7095 3.9001 -10.5228 1.7710 12.4202 4.8568 0.1176
Car -1 -1 2.8285 645.1517 182.8367 707.0618 207.7221 1.4957 1.5291 3.5839 4.1745 2.1400 45.4245 2.9190 0.1024
Car -1 -1 4.1150 949.6100 178.8964 1242.0000 327.4870 1.4678 1.6887 4.3316 6.3732 1.5655 9.4879 4.6914 0.0950
Car -1 -1 -0.5201 749.8365 176.1816 839.8472 208.8600 1.4794 1.6087 3.8452 8.7709 1.6432 34.2192 -0.2717 0.0848
Car -1 -1 4.6571 645.9999 173.2561 669.0809 192.9327 1.4741 1.5780 3.7605 3.6950 1.5064 56.0201 4.7222 0.0822
Car -1 -1 4.5829 491.0981 184.6348 519.5260 207.2955 1.4724 1.5434 3.4493 -7.3528 2.3306 50.6940 4.4391 0.0809
Car -1 -1 1.4645 467.3216 176.4853 493.3816 196.0773 1.4885 1.6465 3.9021 -10.3626 1.7895 57.7023 1.2872 0.0708
Car -1 -1 4.7195 512.4838 178.8600 550.5740 215.1280 1.4735 1.5766 3.7538 -3.4334 1.7553 31.9061 4.6126 0.0705
Car -1 -1 4.6195 504.4892 184.8506 575.1462 243.6370 1.4890 1.6918 4.0980 -2.1528 1.8798 21.3357 4.5193 0.0700
Car -1 -1 1.6937 487.3026 187.7742 518.0476 212.5532 1.4561 1.5059 3.8116 -6.8675 2.4602 46.6369 1.5477 0.0657
Car -1 -1 1.6650 489.7065 175.4021 515.5065 195.1474 1.4933 1.6447 4.0468 -8.4365 1.7024 57.1639 1.5188 0.0621
Car -1 -1 2.2640 511.1361 183.7101 572.4957 208.2456 1.4464 1.6584 4.1839 -4.3285 2.1817 46.6727 2.1715 0.0585
Car -1 -1 4.0816 602.3215 177.0270 650.9476 196.7601 1.4250 1.6230 4.0718 1.2643 1.7563 55.1438 4.1039 0.0563
Car -1 -1 1.9562 495.5204 186.7335 539.9448 211.0600 1.4299 1.5194 3.8496 -5.9063 2.3699 46.8118 1.8309 0.0532
Car -1 -1 0.6760 0.0000 165.1989 90.5982 277.8755 1.7752 1.6980 3.9745 -11.5059 1.6546 12.3412 -0.0636 0.0519
Car -1 -1 4.5619 724.2325 177.4619 769.4675 209.2476 1.4379 1.5884 3.8888 6.6325 1.6752 35.1821 4.7462 0.0502