Car -1 -1 4.5841 418.2369 167.3262 457.9488 196.7528 1.5304 1.6418 3.8781 -9.3314 0.6000 39.4891 4.3533 0.8717
Car -1 -1 4.5392 498.7784 163.6910 543.8964 197.7645 1.6209 1.6643 3.5432 -4.3612 0.5970 36.1333 4.4198 0.8561
Car -1 -1 4.6904 400.7698 163.1141 425.2794 187.0501 1.7259 1.6922 3.9617 -14.6064 0.1323 53.9712 4.4272 0.4146
Car -1 -1 4.5663 352.7816 161.8151 387.6827 186.0938 1.6060 1.7156 4.1296 -16.4450 0.0581 49.7807 4.2487 0.2332
Car -1 -1 4.4852 442.2826 176.5508 477.4955 198.8651 1.5107 1.5868 3.9593 -10.4452 0.9241 50.7977 4.2831 0.1381
Car -1 -1 0.2405 375.8936 162.6391 436.3916 185.0423 1.6259 1.6654 4.0197 -14.8071 -0.0130 53.0775 -0.0304 0.1350
Car -1 -1 4.8091 360.0194 156.9801 390.6962 183.3229 1.8667 1.7621 4.2662 -17.2175 -0.1469 53.5370 4.4992 0.1330
Car -1 -1 4.5848 529.2954 180.1845 561.5469 204.4883 1.4749 1.5763 3.7127 -3.9558 1.1695 45.6046 4.4983 0.1146
Car -1 -1 4.6716 442.9364 180.2707 471.6037 205.6598 1.4854 1.5696 3.7335 -9.2211 1.1961 44.0588 4.4661 0.1066
Car -1 -1 5.0594 353.9243 166.4819 402.1280 193.4973 1.5088 1.5130 3.6839 -13.3348 0.4625 42.0192 4.7538 0.1045
Car -1 -1 4.8214 535.4360 181.1410 570.1810 208.3437 1.4758 1.5693 3.7395 -3.0493 1.2547 40.8947 4.7471 0.1023
Car -1 -1 3.3851 332.2714 163.6475 404.0417 186.0459 1.4875 1.6519 4.3448 -16.1531 0.0551 48.7256 3.0665 0.1006
Car -1 -1 1.3867 535.8112 180.0585 576.1752 207.7027 1.5349 1.6493 3.9861 -3.0433 1.2486 42.0514 1.3145 0.0929
Car -1 -1 3.6038 347.2048 163.8280 401.2908 183.3987 1.8071 1.7368 4.5569 -21.9505 -0.1744 67.7983 3.2917 0.0894
Car -1 -1 4.4331 393.2764 172.3684 427.8656 193.4272 1.5924 1.5951 3.9485 -15.4737 0.6209 56.4605 4.1665 0.0881
Car -1 -1 3.2574 536.6546 179.0538 595.9611 203.5937 1.4841 1.6205 3.4915 -2.4954 1.1114 44.3866 3.2011 0.0880
Car -1 -1 -0.0859 492.4412 179.1505 563.2017 207.3025 1.5075 1.6162 3.7545 -4.3991 1.1827 39.6517 -0.1960 0.0768
Car -1 -1 4.1241 334.5732 166.2099 380.5160 185.3254 1.5405 1.6372 4.0567 -20.7890 0.0088 59.8087 3.7908 0.0719
Car -1 -1 4.6568 338.0469 169.3809 361.0325 189.6357 1.6987 1.6628 4.0140 -22.4115 0.3707 62.4603 4.3134 0.0706
Car -1 -1 3.6698 485.7856 161.8733 546.8735 184.1918 1.6611 1.6966 4.4081 -6.9933 -0.0811 55.2986 3.5443 0.0692
Car -1 -1 -0.1352 541.5258 180.5383 614.1801 208.0987 1.4764 1.6325 3.8178 -1.6418 1.2258 39.6474 -0.1768 0.0683
Car -1 -1 5.1383 302.1641 147.8996 394.4618 195.0056 1.5705 1.6799 3.8351 -9.2276 0.3264 25.9506 4.8000 0.0669
Car -1 -1 2.7773 503.1862 181.9726 569.2045 207.5189 1.5262 1.6207 3.7352 -4.3906 1.3325 44.5055 2.6791 0.0667
Car -1 -1 0.1884 259.2546 150.3266 391.8094 195.1971 1.5177 1.6565 4.1339 -9.8804 0.3376 25.4946 -0.1777 0.0663
Car -1 -1 0.9120 363.2251 162.2382 421.8064 186.2405 1.7534 1.7621 4.6912 -16.3312 0.0749 54.5969 0.6225 0.0649
Car -1 -1 4.7327 250.8153 160.8866 275.8773 184.1342 1.8203 1.7539 4.2743 -28.0896 -0.0920 58.8092 4.2887 0.0647
Car -1 -1 3.9700 307.1812 150.6028 425.9527 198.0138 1.5711 1.6784 4.0991 -8.5747 0.4241 25.5514 3.6494 0.0602
Car -1 -1 1.6154 445.0761 174.9772 473.1050 199.5688 1.5617 1.6432 3.9054 -9.7891 0.9115 47.7087 1.4138 0.0565
Car -1 -1 4.0691 328.0922 167.2893 379.0298 188.2463 1.7222 1.7620 4.4538 -21.5557 0.2490 61.0435 3.7308 0.0558
Car -1 -1 3.0964 549.2529 177.7865 613.6113 202.9415 1.4999 1.6164 3.8509 -1.5996 1.0569 43.8266 3.0597 0.0555
Car -1 -1 1.8903 354.7957 164.2396 398.6122 186.8191 1.4709 1.6240 4.0975 -15.6121 0.1044 48.8852 1.5826 0.0553
Car -1 -1 1.7137 521.4633 180.5289 558.4539 206.8146 1.4808 1.6273 3.9502 -3.9264 1.2168 42.5118 1.6217 0.0546
Car -1 -1 5.1847 489.0032 169.0309 548.7405 198.6272 1.4970 1.5987 3.8251 -4.6586 0.6783 38.4306 5.0646 0.0544
Car -1 -1 0.5338 382.9688 167.3570 446.4590 189.0953 1.6268 1.7378 4.4478 -14.7788 0.2903 55.2337 0.2733 0.0534
Car -1 -1 1.6670 542.0114 181.5855 573.8469 206.8897 1.5115 1.6350 3.6191 -3.0287 1.2947 44.7724 1.5995 0.0531
Car -1 -1 4.5096 375.3836 162.1124 402.3677 180.5072 1.6614 1.6903 3.9450 -20.7241 -0.4604 68.1563 4.2154 0.0505
Car -1 -1 1.3002 532.0541 164.8885 566.4519 190.9406 1.9731 1.6858 4.0176 -4.6017 0.4336 56.6198 1.2192 0.0505
Car -1 -1 1.2164 533.7826 181.9429 582.1417 209.5221 1.5903 1.6519 3.9564 -3.0348 1.4016 43.5953 1.1468 0.0504