Car -1 -1 0.7081 129.2091 182.8389 334.6348 260.8417 1.4924 1.5932 3.7398 -7.9723 1.7212 15.3247 0.2351 0.9435
Car -1 -1 -0.4789 1091.3002 173.1288 1242.0000 294.4344 1.6969 1.7075 4.0872 10.2818 1.7017 11.4158 0.2409 0.8588
Car -1 -1 5.1611 213.0418 169.5717 261.6042 192.5735 1.5740 1.6380 3.6422 -26.3594 1.3494 51.2148 4.6877 0.1712
Car -1 -1 2.8243 1096.1266 158.1279 1242.0000 241.7695 1.6251 1.6669 3.7457 12.8578 1.3389 15.4679 3.5082 0.1631
Car -1 -1 4.9162 160.4113 175.2969 203.1452 200.6910 1.5443 1.5989 3.8802 -27.4329 1.7084 46.3756 4.3843 0.1420
Car -1 -1 4.0482 1144.8969 153.9013 1240.1289 186.3790 1.5187 1.6362 3.8293 28.6850 0.6324 35.6612 4.7216 0.1411
Car -1 -1 4.6790 186.5494 168.5011 230.7649 204.2613 1.5204 1.6367 3.7330 -18.2043 1.3353 32.6987 4.1742 0.1087
Car -1 -1 3.8995 190.2208 169.8817 252.8792 191.9404 1.5035 1.6093 3.7945 -27.1199 1.3009 50.4542 3.4083 0.1045
Car -1 -1 1.4223 307.8713 113.6275 573.2413 375.0000 1.5926 1.6468 3.8403 -1.7686 1.2368 6.4237 1.1629 0.1001
Car -1 -1 1.6597 242.6893 173.2993 266.1805 190.3759 1.5552 1.6222 4.1054 -33.4491 1.5986 68.0345 1.2041 0.0976
Car -1 -1 4.8272 140.8987 167.4955 182.5550 197.9454 1.7369 1.6897 3.7395 -26.7587 1.4312 43.2085 4.2753 0.0971
Car -1 -1 0.8484 1081.7388 167.0826 1242.0000 247.6950 1.5341 1.6291 3.7830 12.3883 1.4242 15.6700 1.5078 0.0965
Car -1 -1 1.7777 75.8997 188.7048 154.4775 234.4802 1.4396 1.5715 3.8517 -17.8460 2.0611 26.2116 1.1844 0.0957
Car -1 -1 1.6145 118.8312 179.4445 167.2359 217.7072 1.5276 1.5923 3.8908 -20.3661 1.8353 31.6066 1.0457 0.0951
Car -1 -1 2.2348 0.0000 111.2672 420.3064 375.0000 1.6225 1.6432 3.8720 -3.1561 1.2997 5.8363 1.7572 0.0805
Car -1 -1 4.3495 1044.6219 176.3481 1242.0000 283.4227 1.5756 1.6564 4.2121 9.4702 1.6495 13.0107 4.9673 0.0773
Car -1 -1 1.7690 118.0143 175.7685 169.7313 205.6010 1.5794 1.6517 4.2036 -26.3159 1.7537 40.8994 1.2001 0.0770
Car -1 -1 1.0558 73.9474 187.4392 161.8732 221.7877 1.4426 1.5979 3.9973 -22.6815 2.1476 33.2715 0.4610 0.0735
Car -1 -1 5.7065 122.2953 180.0447 199.5409 205.8818 1.4978 1.6098 3.8373 -27.9464 1.9677 45.0652 5.1538 0.0718
Car -1 -1 4.4673 1091.4543 163.6757 1230.8990 236.7599 1.4903 1.6296 3.9051 12.6617 1.3032 16.8294 5.1036 0.0704
Car -1 -1 2.9732 1081.7273 160.0437 1186.3013 191.8533 1.5446 1.6180 4.0786 26.5273 0.9226 36.6576 3.5957 0.0666
Car -1 -1 -0.2404 0.0000 144.0227 479.1823 366.7668 1.5508 1.6479 3.9347 -3.4025 1.3501 6.9051 -0.6838 0.0641
Car -1 -1 0.4084 1106.8335 152.8098 1224.7728 185.2011 1.5178 1.7081 4.3556 27.7291 0.5785 36.1261 1.0591 0.0640
Car -1 -1 0.6552 112.6739 174.5287 224.2361 211.2964 1.5546 1.6218 4.0228 -19.2914 1.6304 31.6297 0.1111 0.0634
Car -1 -1 1.5143 1083.3265 182.8968 1129.9175 218.2917 1.4893 1.5538 3.6355 22.9658 1.9818 33.4291 2.1116 0.0623
Car -1 -1 1.0272 1037.1418 181.2388 1116.4584 212.8862 1.4692 1.5788 3.8661 23.5173 1.9158 36.4824 1.5956 0.0613
Car -1 -1 2.5839 1137.8530 150.7499 1242.0000 184.1871 1.5637 1.6390 3.7470 27.9802 0.5300 34.7723 3.2573 0.0594
Car -1 -1 1.8293 353.5565 180.9058 392.5951 203.7542 1.5165 1.6292 4.1677 -16.8265 2.1151 51.5151 1.5148 0.0574
Car -1 -1 3.2974 261.9051 135.2794 704.7725 313.0921 1.5175 1.6272 3.7925 -1.0779 1.1968 6.9847 3.1486 0.0561
Car -1 -1 4.7418 328.1624 140.9758 531.4919 329.0282 1.4950 1.6130 3.8315 -1.8140 1.2416 7.7712 4.5189 0.0555
Car -1 -1 0.8339 242.0827 182.7882 300.9987 205.9845 1.4985 1.5883 3.6781 -23.0911 2.1970 49.2923 0.3976 0.0552
Car -1 -1 2.1093 114.8788 181.9957 199.7070 216.2308 1.4843 1.5915 3.9800 -21.4164 1.9450 34.3551 1.5551 0.0551
Car -1 -1 5.1367 253.0609 175.7226 326.4395 211.4025 1.4929 1.5771 3.7913 -14.2659 1.6293 32.4023 4.7247 0.0547
Car -1 -1 -0.7571 364.2227 189.2913 537.1555 267.8250 1.4397 1.5740 3.6425 -3.3945 1.8482 15.9864 -0.9638 0.0546
Car -1 -1 0.8167 1080.2395 174.0785 1242.0000 261.0533 1.4986 1.6096 3.9759 11.7053 1.5267 14.5401 1.4841 0.0546
Car -1 -1 0.5620 290.4057 177.0917 348.2151 194.2622 1.4613 1.6279 4.5293 -25.4123 1.8397 63.2122 0.1810 0.0541
Car -1 -1 1.8494 129.0728 176.0291 206.9481 217.0631 1.5491 1.6668 4.0480 -18.0858 1.6895 29.7457 1.3068 0.0524
Car -1 -1 1.6688 111.8564 167.5343 155.6844 197.4511 1.6509 1.7247 4.0828 -27.6453 1.3574 42.0260 1.0897 0.0516
Car -1 -1 1.1282 1077.3750 164.1197 1150.2683 193.6398 1.4655 1.5770 3.9629 26.3845 1.0319 37.9035 1.7325 0.0515
Car -1 -1 0.7358 229.6938 174.4262 280.3997 190.6175 1.4645 1.5898 4.2542 -32.8538 1.6132 66.8797 0.2805 0.0513
Car -1 -1 1.5464 98.9622 188.5122 152.5731 230.3201 1.4460 1.6695 4.0832 -19.2891 2.1159 28.7173 0.9590 0.0505
Car -1 -1 2.2779 105.8195 170.5861 185.2038 197.8935 1.5694 1.6669 4.2584 -27.9902 1.4390 43.6917 1.7107 0.0500