Car -1 -1 2.1796 0.0000 199.7234 228.0322 375.0000 1.4088 1.5408 3.5137 -4.9491 1.7081 6.2520 1.5303 0.9323
Car -1 -1 1.6918 388.5658 184.8044 463.1156 243.8644 1.5367 1.6569 4.3166 -5.4665 1.9370 21.9241 1.4497 0.7848
Car -1 -1 1.9170 489.1853 180.8964 544.5947 210.3855 1.5204 1.6840 4.4809 -5.1715 2.0023 40.8646 1.7914 0.7201
Car -1 -1 4.7462 638.5983 175.8652 669.1254 202.1870 1.4720 1.6749 4.2162 2.6845 1.6606 43.0262 4.8076 0.5118
Car -1 -1 0.7430 887.1624 204.9198 1242.0000 375.0000 1.4576 1.5754 3.5264 2.4891 1.6438 2.3713 1.4917 0.4163
Car -1 -1 5.0881 617.7918 171.1220 656.0070 193.4070 1.6294 1.6190 3.8019 2.1147 1.5027 54.8214 5.1261 0.3058
Car -1 -1 0.5817 456.3106 182.7152 529.2908 211.0828 1.4684 1.5823 3.7240 -6.4531 2.0336 39.8659 0.4218 0.2211
Car -1 -1 4.7799 125.0643 183.0918 221.9722 264.1584 1.5770 1.6189 3.3500 -9.7657 1.8357 16.3665 4.2487 0.2009
Car -1 -1 1.7403 704.6667 160.4197 731.3185 179.1154 1.6116 1.6833 4.1214 9.7120 0.5397 64.4175 1.8891 0.1914
Car -1 -1 1.9188 651.8997 172.3295 690.7206 196.4108 1.6952 1.6043 3.8943 4.5655 1.6583 52.8965 2.0040 0.1757
Car -1 -1 1.5879 694.0635 164.8957 724.6643 194.8265 1.5966 1.6224 4.0826 5.6514 1.1721 40.6301 1.7247 0.1591
Car -1 -1 1.2604 788.1344 209.2136 1242.0000 375.0000 1.4701 1.5950 3.6030 1.4737 1.6838 2.3152 1.7704 0.1274
Car -1 -1 3.2877 23.7764 185.6839 230.8430 268.3407 1.5051 1.5844 3.3648 -9.8188 1.7969 14.9949 2.7158 0.1166
Car -1 -1 1.6225 511.3412 180.8621 542.4532 209.6165 1.6244 1.6673 4.3055 -5.0146 2.1392 44.1853 1.5097 0.1092
Car -1 -1 0.0200 634.8435 172.7965 710.5900 200.4808 1.5611 1.6899 4.2796 3.6591 1.5579 41.7549 0.1063 0.0995
Car -1 -1 2.7943 876.0651 200.6893 1242.0000 375.0000 1.4951 1.5885 3.9498 3.1753 1.6599 2.6683 3.6124 0.0968
Car -1 -1 2.6057 424.0099 179.4149 496.8225 206.2991 1.4789 1.6370 3.9178 -8.7602 1.8834 42.5549 2.4035 0.0930
Car -1 -1 -0.2005 641.6271 168.8854 715.2652 197.6782 1.5536 1.6191 3.8101 3.7826 1.3395 39.9411 -0.1072 0.0910
Car -1 -1 5.2372 122.8824 180.6894 261.6283 249.0666 1.4565 1.5702 2.9581 -9.8064 1.6595 17.1999 4.7254 0.0885
Car -1 -1 4.7656 698.2433 163.8091 730.5772 192.5306 1.5853 1.6527 3.9558 6.1327 1.0861 41.9281 4.9095 0.0858
Car -1 -1 5.2334 435.6762 172.3902 583.5288 249.0021 1.4682 1.5008 3.8029 -2.0483 1.4593 15.8714 5.1063 0.0794
Car -1 -1 1.2588 903.6981 209.1717 1242.0000 375.0000 1.4144 1.5618 3.8151 2.5969 1.7031 3.6916 1.8337 0.0792
Car -1 -1 4.4176 686.2975 166.6378 746.1342 206.3713 1.5491 1.6038 3.0950 4.3440 1.3068 29.7825 4.5605 0.0774
Car -1 -1 2.7693 593.3495 170.8682 670.6889 200.5094 1.5669 1.6199 3.9174 1.2258 1.4619 39.5610 2.7996 0.0771
Car -1 -1 3.1562 472.9078 181.6481 553.8826 209.2670 1.4937 1.6777 4.4478 -5.4114 2.0045 40.8114 3.0247 0.0767
Car -1 -1 -0.1742 699.1221 161.1516 748.4944 178.8729 1.5418 1.6544 4.0748 10.0498 0.5237 63.6399 -0.0184 0.0764
Car -1 -1 4.5878 638.8015 174.2627 674.1573 201.1190 1.4638 1.5679 3.7313 2.6503 1.5485 41.4391 4.6508 0.0737
Car -1 -1 -0.7485 402.8268 214.4259 1242.0000 375.0000 1.4922 1.5808 3.8178 1.1534 1.7690 3.2754 -0.4401 0.0685
Car -1 -1 1.7993 522.8978 181.6790 563.7619 209.1403 1.5499 1.6096 4.0671 -4.0045 2.1167 44.2148 1.7090 0.0681
Car -1 -1 4.0381 689.9210 160.9909 733.1288 180.0846 1.6216 1.6686 3.9284 8.9210 0.6141 63.3953 4.1771 0.0670
Car -1 -1 -0.4169 689.2052 167.5256 796.9096 206.9281 1.5207 1.6455 3.9445 5.3607 1.3150 29.1094 -0.2370 0.0670
Car -1 -1 4.5283 891.1457 173.6446 958.7108 219.4123 1.4503 1.5130 3.3354 10.7202 1.4794 24.7190 4.9327 0.0648
Car -1 -1 2.4777 479.4358 183.1591 548.9052 210.2151 1.5463 1.6320 4.1576 -5.8864 2.2163 44.8576 2.3474 0.0648
Car -1 -1 1.5993 525.5336 181.4291 544.4980 199.2264 1.4754 1.5550 3.7689 -6.5470 2.2545 63.6179 1.4967 0.0646
Car -1 -1 1.6825 488.7531 181.8478 525.7233 211.1561 1.4914 1.6106 3.6647 -5.5837 2.0095 39.7093 1.5432 0.0605
Car -1 -1 3.3092 696.6656 165.1530 767.6130 191.9088 1.5344 1.6509 3.9303 7.2784 1.0927 42.8035 3.4762 0.0604
Car -1 -1 3.5056 595.1679 175.3791 667.3698 202.3796 1.4989 1.6190 3.8597 1.2587 1.6505 41.8221 3.5350 0.0543
Car -1 -1 5.0532 665.1921 169.2510 706.9670 194.2470 1.7304 1.6803 4.2605 5.5847 1.4810 52.2347 5.1587 0.0535
Car -1 -1 4.2971 849.9500 174.4015 939.5344 218.8107 1.4261 1.5587 3.6041 9.8248 1.4839 25.1346 4.6653 0.0512
Car -1 -1 2.2105 471.9605 183.5644 603.9480 246.6461 1.5125 1.5915 3.9759 -1.8801 1.8426 20.1287 2.1178 0.0511
Car -1 -1 1.9615 336.1878 185.5355 457.5585 255.7914 1.6246 1.6944 4.0982 -5.6107 2.0064 19.5874 1.6854 0.0505
Car -1 -1 -0.2146 506.2372 173.8939 616.6450 212.0341 1.4610 1.6273 4.1887 -1.9544 1.5049 29.0775 -0.2816 0.0504