Car -1 -1 1.7668 393.3614 197.0845 513.1890 282.7951 1.4033 1.6335 3.9771 -3.0687 1.9716 14.9314 1.5666 0.9695
Car -1 -1 4.3570 772.4025 185.5471 1207.6573 375.0000 1.4550 1.6684 4.3267 2.7080 1.6058 6.3858 4.7403 0.9580
Car -1 -1 4.4484 682.6351 195.9962 856.2982 308.6534 1.3401 1.6168 4.0398 2.3147 1.7756 11.5071 4.6406 0.9002
Car -1 -1 4.6488 631.2432 180.0237 664.4120 206.9359 1.4476 1.6576 4.2164 2.1825 1.8866 42.0591 4.6997 0.8326
Car -1 -1 1.9555 225.1421 224.6277 474.0654 375.0000 1.3966 1.6580 4.1263 -3.2126 2.2571 9.8714 1.6474 0.6844
Car -1 -1 4.8582 519.6776 186.2162 566.3863 218.2655 1.4439 1.7100 4.6434 -3.3237 2.1700 36.8453 4.7682 0.6073
Car -1 -1 3.9539 0.0000 0.0000 1242.0000 375.0000 1.4765 1.5638 3.6205 2.1453 1.6640 1.3267 4.8751 0.4052
Car -1 -1 4.5144 549.8450 182.8771 580.2369 203.7578 1.4662 1.5853 3.7587 -3.4041 2.2530 54.6229 4.4520 0.2928
Car -1 -1 5.0057 370.4340 188.3022 435.9620 225.0821 1.4480 1.6620 4.1968 -9.1421 2.1847 32.2956 4.7315 0.2211
Car -1 -1 1.9791 490.6714 188.8863 530.0291 210.9684 1.4625 1.5517 3.5513 -7.1768 2.6716 52.4941 1.8434 0.2179
Car -1 -1 2.5883 1035.0504 178.5699 1242.0000 375.0000 1.5222 1.6245 4.1634 3.4793 1.5493 1.7353 3.6301 0.2046
Car -1 -1 1.6334 561.9801 181.4185 581.5151 199.1969 1.5177 1.5220 4.0506 -3.4097 2.3203 65.5864 1.5813 0.1592
Car -1 -1 1.7356 513.3680 182.0166 562.8843 219.1510 1.6342 1.7175 4.1736 -3.3907 2.1053 34.9508 1.6390 0.1556
Car -1 -1 4.4084 0.0000 0.0000 1081.1993 375.0000 1.4922 1.5610 3.6856 1.1096 1.6785 1.7403 4.9024 0.1444
Car -1 -1 1.4948 517.0547 180.7045 538.6008 199.2913 1.5140 1.5617 3.9450 -7.1199 2.2180 62.6194 1.3817 0.1340
Car -1 -1 1.6309 553.5122 179.7042 580.2162 203.6505 1.6211 1.6739 4.2457 -3.0487 2.1367 52.1856 1.5723 0.1232
Car -1 -1 2.0332 586.8034 188.3259 630.4402 211.4878 1.4994 1.6229 3.7172 -0.0274 2.6459 51.4418 2.0320 0.1091
Car -1 -1 4.5539 685.6099 179.2921 727.8419 209.2043 1.5125 1.6660 3.9738 5.2427 1.8816 39.3579 4.6848 0.1031
Car -1 -1 1.6000 462.3163 202.4551 514.0893 248.0589 1.3797 1.7337 3.7188 -4.3634 2.5403 26.3312 1.4366 0.0992
Car -1 -1 4.5476 618.5291 175.1810 647.2595 196.4315 1.6025 1.6324 3.9719 1.8046 1.7929 56.9437 4.5787 0.0973
Car -1 -1 2.0395 486.6956 182.2434 560.5193 221.0291 1.6334 1.7213 4.1688 -3.9333 2.1016 33.7307 1.9237 0.0960
Car -1 -1 2.6338 891.5999 163.1657 1239.8948 265.8517 1.4127 1.6618 4.1453 6.6242 1.2794 10.8174 3.1708 0.0825
Car -1 -1 4.4685 497.6386 204.0305 566.9139 249.4011 1.4144 1.7613 3.6979 -2.9966 2.6837 27.3363 4.3594 0.0816
Car -1 -1 3.8947 71.2135 0.0000 1242.0000 375.0000 1.5452 1.6168 4.0073 1.3811 1.4904 0.2651 5.0806 0.0799
Car -1 -1 1.8882 557.9921 182.9770 594.2305 204.2042 1.4743 1.6031 3.8154 -2.4682 2.2624 54.1239 1.8424 0.0759
Car -1 -1 2.6083 691.1120 254.0420 1242.0000 375.0000 1.4729 1.5611 3.5648 2.0812 1.8243 2.0066 3.3397 0.0745
Car -1 -1 3.3362 0.0000 182.5682 1242.0000 375.0000 1.5170 1.6193 3.9588 0.0499 1.5704 2.7709 3.3476 0.0720
Car -1 -1 1.6453 627.6603 175.8512 663.9168 207.2304 1.6357 1.7196 3.9770 2.0598 1.8109 40.0890 1.6958 0.0712
Car -1 -1 -0.2633 611.2466 176.2176 667.3223 196.2485 1.5145 1.6201 4.0835 2.3026 1.7823 56.2110 -0.2230 0.0702
Car -1 -1 1.3061 522.8567 180.4101 581.5844 220.1344 1.6651 1.6733 4.1327 -2.7154 2.0373 33.3192 1.2248 0.0681
Car -1 -1 4.2339 849.7535 162.9614 1084.6278 267.5276 1.4447 1.7038 4.1781 5.6638 1.3080 12.0979 4.6619 0.0663
Car -1 -1 1.8294 385.5834 183.8392 442.4991 217.9249 1.4544 1.6311 3.9108 -9.1374 2.0019 34.0054 1.5684 0.0661
Car -1 -1 1.4677 563.4467 184.3260 586.5533 202.9651 1.5288 1.6093 4.4018 -3.1130 2.5878 64.3068 1.4191 0.0657
Car -1 -1 -0.1321 609.4723 179.9712 688.4570 206.3888 1.4822 1.6349 4.4128 2.2590 1.9063 42.0060 -0.0793 0.0644
Car -1 -1 3.3517 134.5341 228.5576 503.3085 366.1635 1.4249 1.6693 4.2237 -3.5392 2.2444 9.4961 3.0028 0.0628
Car -1 -1 1.8170 537.8545 178.7378 575.1009 202.3643 1.5769 1.6795 4.1727 -3.7361 2.0145 51.4547 1.7444 0.0626
Car -1 -1 1.0639 579.4874 195.3676 1242.0000 375.0000 1.4801 1.5882 3.7513 1.0177 1.6522 3.5021 1.3221 0.0567
Car -1 -1 4.0082 953.3121 216.5876 1242.0000 375.0000 1.4878 1.6194 3.5588 2.6984 1.7456 2.4175 4.7885 0.0559
Car -1 -1 1.4056 515.7056 177.4326 543.7410 197.5179 1.5512 1.6378 3.9853 -6.5434 1.9381 58.8398 1.2950 0.0530
Car -1 -1 4.6267 651.5034 171.8342 674.1904 192.2855 1.6444 1.5672 3.6321 4.3912 1.5624 59.8432 4.6992 0.0512