Car -1 -1 4.8873 427.2238 185.6367 526.0919 260.5352 1.4337 1.5353 3.7859 -2.8825 1.7570 16.3531 4.7147 0.9652
Car -1 -1 1.9109 161.4606 171.5614 458.8716 350.5526 1.5753 1.7187 4.2894 -3.0834 1.5640 8.4959 1.5718 0.9474
Car -1 -1 1.5665 639.9403 176.9070 678.8435 212.1704 1.5015 1.6816 4.1423 2.2883 1.7006 33.3298 1.6339 0.7290
Car -1 -1 1.7009 551.0915 170.2778 584.0322 197.7037 1.8876 1.8067 4.4045 -2.9735 1.7103 51.9213 1.6436 0.7065
Car -1 -1 4.6647 634.8467 166.8571 660.5859 189.8377 1.5744 1.6398 3.9540 2.6836 1.1636 51.4134 4.7162 0.2657
Car -1 -1 4.8107 427.5195 153.5777 461.2730 181.8763 1.6601 1.6544 3.7208 -10.0897 0.5293 44.2773 4.5878 0.2024
Car -1 -1 1.5655 509.6121 177.7803 533.6472 202.7379 1.5850 1.5437 3.7050 -5.9211 1.9295 48.5214 1.4443 0.1882
Car -1 -1 -0.1194 624.2188 167.6230 676.8394 188.9445 1.4605 1.5319 3.5038 2.8324 1.1022 50.3019 -0.0638 0.1866
Car -1 -1 1.6187 507.6756 181.2865 535.8984 207.3542 1.5641 1.6123 4.3571 -5.6696 2.1390 46.9662 1.4987 0.1466
Car -1 -1 3.5554 266.8980 176.9009 425.2212 238.1473 1.5357 1.4997 3.6383 -6.9015 1.6476 19.0843 3.2124 0.1142
Car -1 -1 3.6354 395.1821 156.4465 467.0840 183.7519 1.5974 1.6514 3.8905 -10.7409 0.6376 43.4983 3.3945 0.0932
Car -1 -1 4.8222 502.9301 182.5045 534.6899 207.8158 1.4704 1.5804 3.6100 -5.6345 2.0981 45.1171 4.6982 0.0883
Car -1 -1 4.6532 662.0728 172.5298 683.8576 191.9802 1.5805 1.5907 3.8806 5.2949 1.5541 60.5906 4.7396 0.0865
Car -1 -1 3.0147 466.5046 184.9854 535.0217 210.5033 1.5008 1.6399 4.0557 -6.8045 2.2808 45.0535 2.8652 0.0826
Car -1 -1 1.3194 504.8821 182.6157 538.9326 204.7870 1.4675 1.5459 3.6744 -6.2905 2.1913 51.5046 1.1980 0.0683
Car -1 -1 1.4713 666.2211 174.4323 693.4178 196.8945 1.5441 1.5965 3.4256 4.9881 1.6606 51.5566 1.5667 0.0675
Car -1 -1 1.7538 496.2656 180.3577 534.1284 207.4622 1.5249 1.5969 3.8162 -5.6559 1.9988 43.6210 1.6252 0.0604
Car -1 -1 0.4463 531.7019 171.3022 598.0549 197.3276 1.8144 1.7769 4.4366 -3.2179 1.7062 51.9587 0.3844 0.0591
Car -1 -1 1.7191 654.1625 167.1074 681.1583 190.7607 1.8205 1.6009 3.8207 4.6677 1.3782 57.5766 1.7993 0.0577
Car -1 -1 1.6131 537.0424 168.5123 558.3495 188.3200 1.6457 1.6516 4.0749 -5.2867 1.2850 62.0181 1.5281 0.0577
Car -1 -1 0.0528 634.3454 188.0719 699.4877 214.8841 1.4503 1.6747 3.6355 3.3106 2.3441 41.3105 0.1315 0.0569
Car -1 -1 3.4351 602.4159 168.2162 663.9371 190.3411 1.4987 1.5765 3.9983 1.6497 1.1846 50.2627 3.4674 0.0531
Car -1 -1 2.9509 612.7899 177.3815 707.1021 211.9229 1.5201 1.6573 4.0746 2.2746 1.7345 33.1069 3.0183 0.0528
Car -1 -1 -1.0556 490.3978 168.8102 889.4954 375.0000 1.4806 1.5993 4.0894 1.0202 1.4566 6.3870 -0.9060 0.0523
Car -1 -1 5.4591 93.6387 144.1544 281.3003 218.1564 1.5866 1.6987 3.9352 -10.0609 0.9713 17.5805 4.9457 0.0521
Car -1 -1 1.2180 471.1346 181.9499 518.1754 206.9524 1.4821 1.6668 4.1517 -7.4672 2.0975 46.6028 1.0595 0.0519