Car -1 -1 2.0160 101.5048 193.4775 372.1632 329.5816 1.4911 1.7090 4.5175 -5.1863 1.8662 10.8574 1.5791 0.9507
Car -1 -1 1.7761 460.7140 181.3564 523.0291 221.6021 1.4718 1.6768 4.1745 -4.7086 1.8434 29.4099 1.6182 0.9055
Car -1 -1 4.7200 663.2336 176.4217 703.4973 212.8260 1.4650 1.6379 3.7106 3.2160 1.6295 31.3479 4.8207 0.6649
Car -1 -1 1.8405 494.6629 175.7455 532.2385 199.9767 1.5266 1.5634 3.5897 -6.3227 1.7257 47.7944 1.7093 0.2456
Car -1 -1 4.7614 679.1539 172.0581 711.1229 199.6049 1.5059 1.6348 4.0138 4.9699 1.4623 41.5578 4.8792 0.2237
Car -1 -1 1.7338 651.2134 166.7686 684.1652 192.2023 1.6720 1.6216 4.0531 4.0361 1.2720 49.5966 1.8142 0.1944
Car -1 -1 1.0849 732.3293 159.1778 788.6517 188.0182 1.6254 1.6451 3.8618 8.8785 0.8546 42.7477 1.2881 0.1869
Car -1 -1 4.6785 665.6645 165.6472 690.6703 189.2503 1.6528 1.6727 4.0379 4.9649 1.1482 52.5909 4.7718 0.1278
Car -1 -1 1.4483 624.5543 173.2130 647.1035 189.3883 1.4724 1.6196 4.1758 2.4415 1.5072 67.9232 1.4838 0.1201
Car -1 -1 4.8017 712.7085 174.2943 748.5129 203.1685 1.5394 1.6519 3.9749 6.8896 1.6251 40.8124 4.9672 0.1135
Car -1 -1 2.2439 0.0000 159.5856 240.7698 265.0003 1.5395 1.6700 4.2402 -8.5665 1.3457 12.7239 1.6608 0.1029
Car -1 -1 3.9649 723.0902 157.7203 777.3418 179.6739 1.5271 1.6405 3.9005 10.1453 0.4744 52.2787 4.1554 0.1023
Car -1 -1 3.3830 636.4154 176.0230 714.3096 204.2218 1.5184 1.6531 4.0916 3.7112 1.7032 40.6248 3.4730 0.1003
Car -1 -1 1.5467 737.5029 169.0363 771.6636 199.4618 1.4973 1.6371 4.0849 7.5186 1.3094 37.6606 1.7418 0.0941
Car -1 -1 2.0421 476.2361 173.2399 531.2065 200.7030 1.6809 1.7126 4.3574 -6.7624 1.7070 46.5661 1.8983 0.0928
Car -1 -1 0.5815 0.0000 165.3004 238.2265 246.7166 1.4736 1.6206 3.9304 -9.5336 1.3369 13.8917 -0.0112 0.0922
Car -1 -1 3.6413 468.3077 179.6986 533.4218 202.4164 1.4756 1.6595 4.1008 -7.4149 1.9568 49.2440 3.4922 0.0905
Car -1 -1 3.0565 661.8792 173.7055 763.7550 210.7465 1.5175 1.6754 4.1373 4.3052 1.5547 30.5506 3.1946 0.0871
Car -1 -1 1.6181 734.2619 169.5163 767.6993 198.9672 1.5405 1.6309 3.9431 7.8506 1.3659 39.8507 1.8108 0.0820
Car -1 -1 1.4873 631.0795 184.9074 670.5923 216.2905 1.4496 1.6681 4.3033 2.0684 2.1069 37.1740 1.5417 0.0775
Car -1 -1 4.5868 738.5367 164.4778 783.1383 198.9179 1.4958 1.5563 3.6046 6.9021 1.1320 33.1940 4.7897 0.0731
Car -1 -1 2.0775 268.9623 176.8218 381.1908 230.1082 1.4758 1.6178 3.6593 -8.6186 1.6084 22.1945 1.7107 0.0717
Car -1 -1 1.4557 353.3057 207.2465 431.1555 270.1528 1.4152 1.7098 3.3117 -6.1251 2.4630 20.1239 1.1631 0.0701
Car -1 -1 4.7361 713.2983 172.4740 732.9323 190.0041 1.5567 1.6838 4.3376 10.4704 1.5230 66.3577 4.8916 0.0677
Car -1 -1 0.3064 517.8364 182.5357 575.4779 205.0824 1.4690 1.6469 3.5883 -4.2754 2.1456 49.2312 0.2197 0.0666
Car -1 -1 1.4053 744.0988 153.4402 804.2958 194.3284 1.5106 1.6641 4.1133 6.4738 0.7934 28.7554 1.6243 0.0645
Car -1 -1 -0.1108 741.2971 162.4523 837.9416 197.2545 1.5321 1.6558 4.1059 8.1251 1.0742 32.8501 0.1292 0.0634
Car -1 -1 -0.6030 730.0793 167.7057 811.4014 197.1351 1.5271 1.6739 4.0552 8.7064 1.2600 38.9784 -0.3852 0.0630
Car -1 -1 4.2021 703.5164 164.6894 754.8450 188.6389 1.5759 1.6823 4.1223 8.1814 1.0387 49.7028 4.3640 0.0599
Car -1 -1 4.4519 740.7011 159.6678 802.0773 197.9904 1.5417 1.5800 4.0189 6.8846 1.0112 31.0697 4.6676 0.0596
Car -1 -1 1.4934 520.2857 183.2211 565.1337 220.0931 1.4550 1.6514 4.1294 -3.0117 1.9442 31.8713 1.3993 0.0578
Car -1 -1 1.6011 494.4807 186.0948 531.4398 219.7861 1.4645 1.6547 4.1639 -4.6591 2.1503 35.2133 1.4699 0.0577
Car -1 -1 5.3612 239.7759 195.8374 392.5462 265.6166 1.4989 1.6461 3.9641 -7.5613 2.1730 19.0335 4.9873 0.0568
Car -1 -1 1.4108 732.7615 164.7029 774.1148 194.5339 1.6258 1.6719 4.1863 8.2037 1.1816 41.4452 1.6045 0.0567
Car -1 -1 -0.3554 664.7521 173.1514 738.4964 200.3210 1.4953 1.5723 3.8434 5.2070 1.5126 40.9398 -0.2302 0.0555
Car -1 -1 1.7119 642.9858 173.8776 677.2631 198.9877 1.5546 1.6440 4.3060 3.3492 1.6247 47.1356 1.7820 0.0554
Car -1 -1 4.8021 503.9951 183.1445 532.1238 206.0735 1.4800 1.6067 3.7759 -6.3296 2.2234 50.2077 4.6769 0.0549
Car -1 -1 1.9766 426.8784 169.0062 484.9167 199.8353 1.5848 1.6431 3.9664 -8.2762 1.3870 39.1982 1.7696 0.0542
Car -1 -1 1.5763 520.2422 185.7005 551.9058 216.2911 1.4774 1.5967 3.7933 -3.9041 2.1972 38.4613 1.4753 0.0542
Car -1 -1 1.8975 667.4525 172.7760 717.7578 201.1826 1.4756 1.5818 3.8727 4.6036 1.4716 39.5701 2.0120 0.0539
Car -1 -1 1.9086 631.0810 174.3609 662.6129 190.4302 1.4513 1.5824 4.4446 3.5505 1.5981 67.9621 1.9602 0.0536
Car -1 -1 3.8926 382.9689 186.8963 466.7279 220.1139 1.4792 1.6266 3.8946 -9.0172 2.1958 35.1733 3.6429 0.0535
Car -1 -1 -0.3941 754.7625 159.9099 833.6860 187.3594 1.5273 1.6344 4.0546 10.5293 0.8071 41.2506 -0.1461 0.0529
Car -1 -1 1.7533 471.2515 179.5626 528.6627 218.9593 1.5410 1.6749 4.3703 -4.6521 1.8516 31.1900 1.6059 0.0525
Car -1 -1 1.2979 755.1782 162.6902 801.9163 192.8044 1.6227 1.6681 3.5243 9.4716 1.0750 40.6794 1.5248 0.0524
Car -1 -1 1.5735 526.6962 178.2314 553.3147 203.2155 1.5235 1.6522 4.1205 -4.5274 1.8900 47.0430 1.4776 0.0512
Car -1 -1 4.0839 599.6904 181.9869 656.7596 207.6357 1.4951 1.6377 3.8704 1.1346 2.0981 45.5820 4.1080 0.0512
Car -1 -1 0.2001 470.2886 175.3593 532.3231 199.3094 1.5414 1.6521 3.7895 -7.1034 1.7097 47.5539 0.0522 0.0502