Car -1 -1 4.7712 571.0480 180.9112 610.2125 213.5185 1.4873 1.7056 4.3945 -0.8918 1.9167 36.2350 4.7462 0.8793
Car -1 -1 4.6815 767.7145 166.7803 790.7932 187.6531 1.5779 1.6358 3.8864 13.2809 1.1187 56.6106 4.9105 0.1218
Car -1 -1 4.4634 782.7656 174.2256 810.6979 192.0164 1.5541 1.6272 3.4658 16.8360 1.6810 65.0312 4.7153 0.1178
Car -1 -1 4.3380 782.9790 157.8028 839.2625 188.1983 1.5400 1.6286 3.7341 10.6858 0.7774 38.4996 4.6066 0.1122
Car -1 -1 4.9814 782.3638 174.7359 823.9854 200.3427 1.5012 1.5488 3.7478 12.0044 1.6228 44.6046 5.2423 0.1046
Car -1 -1 4.4012 761.0051 161.7271 801.4683 185.8882 1.7269 1.7645 4.0494 12.7129 0.9316 53.6602 4.6324 0.0968
Car -1 -1 5.0497 306.8321 173.8525 347.7937 198.0965 1.7339 1.6776 3.7698 -20.9410 1.8108 53.6725 4.6791 0.0960
Car -1 -1 1.8897 292.2345 180.7673 333.6675 203.8062 1.6654 1.6897 4.3240 -22.9128 2.3027 55.8930 1.5020 0.0865
Car -1 -1 1.4631 782.5591 164.4446 818.5602 193.7315 1.6150 1.5947 3.9149 11.0252 1.1513 41.8433 1.7187 0.0823
Car -1 -1 1.7666 513.7025 167.4273 541.3860 186.2925 1.5491 1.6374 3.7170 -6.9187 1.1035 61.1689 1.6542 0.0783
Car -1 -1 0.1819 788.1544 153.7666 875.9626 185.3970 1.5641 1.6777 4.1127 11.5118 0.6202 37.3713 0.4784 0.0769
Car -1 -1 1.7073 774.6732 162.4525 807.2501 187.4996 1.7145 1.7147 4.1596 13.0194 1.0025 51.6406 1.9527 0.0757
Car -1 -1 1.0987 757.3549 168.6357 791.7442 185.4988 1.5513 1.6742 3.6975 15.5974 1.1633 68.3761 1.3218 0.0735
Car -1 -1 1.8044 790.0097 174.1660 823.3738 195.5912 1.5544 1.5996 3.8279 14.9648 1.6576 54.6638 2.0699 0.0715
Car -1 -1 1.8254 515.8830 167.3773 545.2846 186.2727 1.5982 1.6286 3.8745 -6.8661 1.1350 63.0649 1.7172 0.0691
Car -1 -1 3.4952 741.0837 166.1902 795.9557 186.4891 1.5201 1.6158 3.8166 12.2668 1.0211 55.7404 3.7105 0.0690
Car -1 -1 1.7712 313.0273 180.0693 343.2632 200.6783 1.5903 1.5576 3.9046 -23.0350 2.2025 59.1715 1.4012 0.0687
Car -1 -1 0.1374 790.3301 170.5278 852.4297 197.2176 1.5396 1.6524 3.3640 12.6445 1.4054 43.0620 0.4208 0.0669
Car -1 -1 3.8596 280.2046 174.7394 339.7688 198.4404 1.6776 1.6547 3.8928 -21.8749 1.8190 52.7029 3.4677 0.0663
Car -1 -1 1.3277 802.5275 154.0835 854.3366 185.7420 1.5618 1.6776 3.9078 11.3301 0.6358 37.5866 1.6182 0.0655
Car -1 -1 1.1175 761.7869 181.9912 798.9171 202.8830 1.6451 1.5182 3.7990 14.3025 2.4382 60.6060 1.3476 0.0649
Car -1 -1 3.9182 759.4939 165.0865 831.7822 194.3993 1.5627 1.6376 3.8995 10.3974 1.1486 40.5583 4.1671 0.0622
Car -1 -1 1.6101 777.9219 169.4935 801.8668 190.7043 1.5733 1.6443 3.8361 13.9210 1.3241 55.5921 1.8540 0.0614
Car -1 -1 -0.9197 786.0374 174.4609 827.7571 192.4081 1.5582 1.6744 3.7682 17.7315 1.7066 64.7818 -0.6540 0.0580
Car -1 -1 1.0160 777.6631 176.8251 822.9593 197.4973 1.5663 1.6430 3.9775 15.1849 1.8953 57.6353 1.2720 0.0559
Car -1 -1 3.6940 743.4372 163.6082 830.9496 193.3780 1.5136 1.6341 4.3581 9.4950 1.0435 38.8080 3.9320 0.0513
Car -1 -1 3.8963 729.5207 165.6385 791.3932 188.3077 1.6099 1.7231 4.5487 11.1503 1.0975 53.5965 4.1000 0.0507