Car -1 -1 5.1410 96.3815 160.7950 391.2240 324.7683 1.7611 1.7729 4.5502 -4.5915 1.4988 10.0028 4.7205 0.9529
Car -1 -1 4.9302 409.3843 180.9035 489.3118 231.7973 1.4781 1.6728 3.7909 -4.8970 1.3529 22.7801 4.7205 0.9402
Car -1 -1 4.7274 572.9848 174.7272 623.7977 219.9808 1.5165 1.7031 3.6091 -0.2887 1.1650 25.8974 4.7159 0.8936
Car -1 -1 5.4118 0.0000 191.5620 123.5203 268.2851 1.4037 1.5844 4.1359 -12.7045 1.5597 15.5836 4.7361 0.7438
Car -1 -1 4.9709 363.9951 180.2424 409.4902 204.9244 1.4336 1.6444 4.1205 -13.3788 1.1447 43.8419 4.6760 0.4988
Car -1 -1 4.5174 396.5048 179.5468 444.2546 211.7778 1.4863 1.5724 3.7114 -9.1823 1.2249 35.1635 4.2635 0.3999
Car -1 -1 5.2854 92.8393 144.7417 196.2495 195.0744 1.7872 1.6688 3.4688 -17.4246 0.3501 27.2671 4.7213 0.3629
Car -1 -1 4.8618 476.9239 155.6729 532.4510 201.3549 1.9966 1.8748 4.8243 -4.7328 0.7054 33.8408 4.7237 0.2718
Car -1 -1 5.0786 257.6223 189.2599 365.3639 243.8517 1.4343 1.6263 3.8472 -8.5379 1.5640 21.1084 4.6983 0.2382
Car -1 -1 2.1437 42.4967 175.0105 163.6087 222.6751 1.4263 1.5200 3.5352 -16.1901 1.1210 23.3005 1.5417 0.2014
Car -1 -1 0.7831 0.0000 217.4667 59.7868 351.2076 1.4692 1.6011 4.1017 -9.6214 1.9159 9.1271 -0.0144 0.1808
Car -1 -1 1.5357 521.4793 172.4804 547.9026 196.7762 1.4520 1.5097 3.8114 -4.5666 0.6909 44.9523 1.4348 0.1729
Car -1 -1 2.2710 45.3059 188.4212 111.0587 211.8239 1.4997 1.4189 3.8596 -35.6648 1.7251 48.5804 1.6400 0.1575
Car -1 -1 1.8250 319.5805 176.9030 366.4839 202.6043 1.5680 1.7286 4.5523 -16.9021 1.0608 46.2037 1.4758 0.1560
Car -1 -1 1.5957 440.1304 186.1708 490.7521 231.4514 1.4831 1.6429 4.0391 -5.0158 1.5201 25.7618 1.4050 0.1499
Car -1 -1 5.2437 0.0000 210.4714 155.9237 347.1642 1.4503 1.6469 4.1305 -8.5344 1.8979 10.5819 4.5770 0.1421
Car -1 -1 5.1594 565.8249 167.3325 613.4284 192.5643 1.6901 1.7013 4.1637 -1.1803 0.4922 50.3978 5.1358 0.1375
Car -1 -1 1.3651 24.2020 189.3506 74.8963 215.3475 1.4710 1.6444 3.9406 -33.5259 1.7304 43.1883 0.7076 0.1373
Car -1 -1 2.3129 0.0000 215.9078 59.5543 376.0000 1.4393 1.5648 4.0933 -8.4692 1.8756 8.1366 1.5237 0.1355
Car -1 -1 2.8876 503.9873 172.1159 569.4938 197.0404 1.4917 1.5456 3.7586 -4.3546 0.7077 44.3958 2.7901 0.1283
Car -1 -1 2.5088 183.4695 157.5627 277.1782 195.0756 1.5834 1.6369 3.4103 -16.8235 0.4162 32.2345 2.0311 0.1264
Car -1 -1 4.3890 547.7438 169.2371 602.9004 201.7887 1.5876 1.6827 3.9367 -1.7081 0.8083 37.2003 4.3431 0.1223
Car -1 -1 1.9102 224.1761 196.3215 341.4675 259.7594 1.4417 1.5827 3.9150 -8.4324 1.7671 19.0508 1.4982 0.1181
Car -1 -1 1.5467 573.7497 174.2225 609.8210 207.6257 1.5282 1.6498 4.0133 -0.7980 1.0253 34.9318 1.5237 0.0939
Car -1 -1 2.0160 183.5795 156.3297 263.5372 192.6664 1.5873 1.6509 4.1316 -17.7602 0.3255 33.4977 1.5317 0.0933
Car -1 -1 1.7236 386.7143 176.8882 437.2635 210.9353 1.4943 1.6729 4.0487 -9.0645 1.1288 33.6530 1.4622 0.0895
Car -1 -1 2.0417 8.0416 185.7533 81.5759 213.8678 1.5239 1.6394 4.0678 -32.1216 1.5564 41.1994 1.3823 0.0885
Car -1 -1 1.9047 51.0470 187.9621 106.8743 213.5343 1.4805 1.5510 3.9275 -32.3781 1.6573 44.1737 1.2747 0.0836
Car -1 -1 3.8217 202.3151 157.3177 301.2005 191.0031 1.5234 1.6462 4.0287 -16.6683 0.2617 33.7604 3.3662 0.0765
Car -1 -1 1.6404 346.6964 177.5541 371.4317 197.4979 1.5101 1.5712 3.7793 -19.4527 0.9300 56.4576 1.3097 0.0744
Car -1 -1 0.5082 170.3317 156.9173 274.8434 193.1937 1.6094 1.6666 3.8823 -17.4738 0.3539 32.7673 0.0217 0.0740
Car -1 -1 1.6233 474.3115 185.3817 527.6098 230.7958 1.5013 1.6714 4.0723 -3.7469 1.5078 25.8824 1.4805 0.0726
Car -1 -1 3.2776 221.6683 194.7854 384.7629 252.5674 1.4517 1.5889 3.9355 -8.2047 1.7314 19.7416 2.8881 0.0714
Car -1 -1 3.2779 224.2289 188.7573 366.9048 239.2801 1.4640 1.6248 3.8665 -9.5391 1.5802 22.2996 2.8777 0.0683
Car -1 -1 1.8385 327.3193 193.2676 414.1548 246.3553 1.4623 1.6047 3.7164 -7.2097 1.7329 22.2656 1.5284 0.0677
Car -1 -1 2.0771 162.4403 160.4126 245.5856 195.2125 1.5257 1.6332 3.9932 -18.6815 0.4383 33.5142 1.5719 0.0637
Car -1 -1 4.8372 495.7949 177.3616 536.9861 208.4046 1.5320 1.6356 4.0233 -4.6778 1.1444 37.4888 4.7135 0.0634
Car -1 -1 2.2625 0.0000 190.1084 55.4626 284.1535 1.4452 1.5981 4.2302 -12.6425 1.5512 13.4257 1.5170 0.0624
Car -1 -1 1.9566 358.7805 186.9765 428.4821 222.2349 1.4692 1.6404 3.8711 -9.4658 1.5529 32.1629 1.6722 0.0604
Car -1 -1 4.5357 558.3722 170.2392 591.1637 193.6029 1.5592 1.6256 3.8480 -2.2953 0.5597 50.0283 4.4897 0.0598
Car -1 -1 4.6705 369.4789 180.8183 407.7068 214.6166 1.5383 1.6086 4.1110 -10.6645 1.3381 34.9233 4.3759 0.0595
Car -1 -1 1.8940 110.0575 182.4925 159.8755 205.7036 1.5134 1.6066 4.1168 -32.1551 1.3358 49.0646 1.3160 0.0583
Car -1 -1 1.5589 512.1493 172.6584 539.9142 199.1363 1.5351 1.6035 3.9390 -4.9591 0.8071 43.7300 1.4464 0.0579
Car -1 -1 2.2674 0.0000 172.2991 145.4174 226.5934 1.4889 1.6165 4.0349 -16.1839 1.1347 21.7773 1.6341 0.0578
Car -1 -1 1.6292 44.4075 182.4972 86.4137 210.6849 1.5240 1.6624 4.1137 -30.8669 1.3770 41.0397 0.9872 0.0563
Car -1 -1 4.6160 213.8562 168.1403 257.4886 200.5649 1.5459 1.6183 3.6457 -18.7645 0.7318 36.2431 4.1411 0.0563
Car -1 -1 2.0292 0.0000 191.9900 77.5911 255.3463 1.5004 1.5793 3.7847 -16.1805 1.7030 19.4781 1.3425 0.0548
Car -1 -1 2.0335 366.6228 178.3213 420.0954 202.3951 1.4634 1.5792 4.1438 -13.5754 1.0443 45.8749 1.7470 0.0542
Car -1 -1 0.8836 0.0000 174.9767 138.2555 222.9860 1.5056 1.6522 4.1343 -17.9574 1.1845 23.8434 0.2433 0.0522
Car -1 -1 2.0377 122.1648 178.8751 237.2816 224.7570 1.4407 1.6758 4.1655 -14.5183 1.2416 24.7015 1.5109 0.0522
Car -1 -1 1.6424 551.0783 174.3120 591.0184 206.6896 1.4826 1.6555 3.8921 -1.7004 0.9833 34.8821 1.5937 0.0522
Car -1 -1 -1.0047 448.3160 191.0994 736.1211 349.2195 1.4588 1.5727 4.0503 0.0695 1.5492 8.9186 -0.9977 0.0521
Car -1 -1 3.2803 0.0000 175.4297 127.7976 227.3252 1.4692 1.5915 3.9393 -17.1119 1.1921 22.0154 2.6254 0.0518
Car -1 -1 3.8678 212.1476 163.3154 310.6439 197.0956 1.5793 1.6666 4.3076 -16.8250 0.5554 35.0055 3.4226 0.0509
Car -1 -1 2.0957 90.2813 183.8512 158.1056 210.2431 1.5134 1.6141 3.9490 -28.9587 1.4351 43.2416 1.5082 0.0504
Car -1 -1 1.4527 364.1223 189.4665 405.4480 219.6289 1.4632 1.6150 3.9309 -11.6739 1.6981 37.5954 1.1532 0.0504