Car -1 -1 1.8651 339.2227 184.6236 391.0471 214.8765 1.5042 1.5974 3.9369 -13.2807 2.1796 39.4156 1.5417 0.8432
Car -1 -1 0.9816 741.8846 181.8374 789.8000 202.5589 1.4785 1.6426 4.0179 11.9764 2.1969 55.5333 1.1925 0.2385
Car -1 -1 1.9062 336.6941 192.8908 400.3080 228.0490 1.4313 1.6466 3.7205 -11.0722 2.4105 33.3849 1.5879 0.1820
Car -1 -1 1.5703 757.3481 179.6439 784.7836 206.5169 1.5130 1.5523 3.8842 9.7798 1.9439 43.7296 1.7883 0.1149
Car -1 -1 1.9745 765.3218 180.3213 805.7836 202.3538 1.5858 1.5740 4.0105 13.5490 2.1808 55.4179 2.2125 0.1120
Car -1 -1 1.6601 644.2285 186.1364 684.3978 219.2632 1.4626 1.6243 4.1011 2.7649 2.1603 35.7426 1.7360 0.0868
Car -1 -1 4.7320 340.9607 194.0940 372.1454 222.5124 1.5058 1.6864 3.7957 -15.1684 2.8437 43.3854 4.3971 0.0804
Car -1 -1 1.6163 627.4515 169.9907 671.1263 210.6297 1.5582 1.6134 4.0135 1.6957 1.4484 29.7434 1.6722 0.0706
Car -1 -1 1.6472 351.1194 189.7126 393.7650 225.3201 1.5085 1.6333 4.0972 -11.3775 2.3730 34.8177 1.3331 0.0674
Car -1 -1 1.9195 416.6325 183.1908 478.2398 216.6184 1.4469 1.5832 4.0641 -7.7063 1.9738 34.6605 1.7018 0.0669
Car -1 -1 1.4020 805.0251 177.0434 836.9135 199.1348 1.5674 1.6374 3.9789 15.7900 1.8932 54.0471 1.6844 0.0644
Car -1 -1 2.3747 751.0590 180.1526 804.2944 202.1527 1.5751 1.5899 3.9059 12.7013 2.1430 54.4615 2.6021 0.0641
Car -1 -1 2.4008 581.4186 181.6875 670.4507 217.3752 1.5107 1.6475 4.0893 0.8045 1.9446 33.4806 2.4239 0.0617
Car -1 -1 0.6248 301.8205 191.5274 395.9156 225.5470 1.4647 1.6411 3.9403 -12.2192 2.3756 33.8639 0.2806 0.0615
Car -1 -1 1.6902 380.7841 183.7033 427.8935 218.6364 1.4497 1.6307 3.8024 -9.3752 1.9789 33.1923 1.4166 0.0578
Car -1 -1 -0.1028 724.2999 181.8739 790.2421 207.8110 1.4700 1.5966 3.6607 8.6641 2.0139 42.5388 0.0962 0.0571
Car -1 -1 0.7622 733.1628 181.8831 784.5847 203.0759 1.4933 1.6199 3.7093 11.2442 2.2004 54.5187 0.9640 0.0562
Car -1 -1 1.9279 316.2516 182.8133 378.1927 216.6069 1.6031 1.6804 4.1185 -13.5527 2.1495 37.5174 1.5831 0.0546
Car -1 -1 3.9811 330.7148 191.8256 402.1958 221.4412 1.5755 1.6919 4.0718 -14.2835 2.7349 42.3542 3.6573 0.0541
Car -1 -1 1.7588 390.6099 182.6584 440.6327 216.0016 1.4630 1.6009 4.0401 -9.3221 1.9661 34.9497 1.4995 0.0534
Car -1 -1 1.0169 767.0063 184.9839 839.2208 218.9426 1.4203 1.6527 3.4509 8.8946 2.0139 33.4202 1.2742 0.0514
Car -1 -1 1.4055 758.6127 179.9805 789.9282 202.2568 1.5597 1.6090 4.1889 12.2862 2.1144 54.0242 1.6275 0.0501