Car -1 -1 1.9345 323.8788 178.0689 383.5336 207.3854 1.4753 1.6898 3.9978 -13.0272 1.3020 38.1733 1.6027 0.7243
Car -1 -1 4.6734 589.0108 169.0945 615.9130 191.9062 1.5067 1.6676 4.3122 0.1035 0.6865 49.6355 4.6705 0.6733
Car -1 -1 4.8226 536.0560 171.0831 566.6408 196.0585 1.5410 1.5855 3.6161 -3.1134 0.8975 46.1577 4.7507 0.5621
Car -1 -1 4.9421 561.7499 169.9579 592.5779 189.9021 1.5867 1.6822 4.0385 -1.8779 0.6675 59.2908 4.9057 0.3880
Car -1 -1 -0.3228 320.0721 162.4867 390.8245 187.2389 1.5135 1.6522 3.9468 -15.5834 0.3502 45.7799 -0.6539 0.2388
Car -1 -1 4.6836 387.1528 168.8979 409.0554 189.8217 1.7457 1.6900 4.0798 -17.5226 0.6933 62.1330 4.4049 0.1910
Car -1 -1 4.5237 575.6174 167.9712 601.0036 185.9087 1.5828 1.5943 3.8823 -1.1311 0.3879 65.4511 4.5016 0.1734
Car -1 -1 4.7077 373.6040 173.4186 414.3593 208.8515 1.4272 1.5901 3.9052 -8.9261 1.1012 31.0319 4.4248 0.1379
Car -1 -1 3.3883 517.3240 170.6968 576.2473 195.3093 1.5184 1.5953 3.4300 -3.3665 0.8512 45.3889 3.3098 0.1330
Car -1 -1 4.4243 521.8682 167.4299 565.4074 192.6361 1.5676 1.6753 4.2636 -3.7612 0.6918 46.9636 4.3399 0.1260
Car -1 -1 4.4697 319.0182 162.8348 362.3329 188.0429 1.5514 1.6849 4.0826 -16.8025 0.4019 46.3717 4.1191 0.1200
Car -1 -1 4.7853 616.5646 169.9472 636.9767 187.3279 1.5090 1.5752 3.7325 2.3868 0.5049 64.3033 4.8173 0.1024
Car -1 -1 0.4364 540.6885 169.0338 591.7982 188.5743 1.5411 1.6379 3.7934 -2.7611 0.5570 58.1220 0.3843 0.0816
Car -1 -1 3.3092 510.9081 170.2876 579.8523 194.6565 1.5555 1.6693 4.2702 -3.5582 0.8390 46.8687 3.2289 0.0774
Car -1 -1 4.6269 612.0778 159.9281 637.3809 183.0823 1.8739 1.7413 4.2875 2.0073 0.1271 60.3263 4.6553 0.0773
Car -1 -1 5.0354 386.6542 172.4499 452.6866 208.0652 1.4398 1.5930 3.9735 -7.7311 1.0734 31.0811 4.7886 0.0680
Car -1 -1 5.0438 537.6151 168.0647 583.2776 194.2529 1.6387 1.7002 4.3133 -2.5689 0.7973 47.2558 4.9849 0.0679
Car -1 -1 4.8002 622.3439 170.1897 647.7320 191.2386 1.5326 1.5969 3.9401 2.6548 0.7082 54.3622 4.8439 0.0671
Car -1 -1 4.6448 631.3676 167.4342 660.4689 191.8027 1.5260 1.6049 4.0935 2.9401 0.6444 47.0392 4.7020 0.0671
Car -1 -1 4.6858 577.7878 170.8538 606.5270 196.8528 1.5781 1.6982 3.9385 -0.5612 0.9312 45.6069 4.6686 0.0590
Car -1 -1 4.3940 496.4576 170.5257 541.6909 194.2709 1.4805 1.6888 4.2242 -5.3762 0.7955 47.0601 4.2760 0.0564
Car -1 -1 1.9500 328.6923 165.6327 410.3492 207.8323 1.5492 1.6657 4.1390 -9.0436 0.9663 28.4936 1.6403 0.0532
Car -1 -1 4.9004 362.1186 165.5621 401.6260 191.0172 1.5998 1.7431 4.2074 -14.3380 0.5974 47.3312 4.6029 0.0519