Car -1 -1 4.7264 547.7922 186.5832 712.2582 330.8602 1.3812 1.6649 3.7581 0.2823 1.5923 9.1839 4.7545 0.9474
Car -1 -1 5.2095 0.0000 185.1108 371.9465 375.0000 1.4322 1.6160 3.8514 -3.2241 1.5582 5.4834 4.6981 0.9272
Car -1 -1 4.8848 475.2402 168.8491 537.9983 217.6152 1.6627 1.6326 3.8801 -3.7073 1.5262 26.5682 4.7470 0.8869
Car -1 -1 4.8712 435.6673 182.7166 520.4795 242.7050 1.4429 1.6672 4.1116 -3.5418 1.7460 20.1024 4.6984 0.8049
Car -1 -1 4.5764 690.4683 179.7639 747.1962 217.2157 1.3709 1.6980 4.2768 4.3606 1.6726 29.3505 4.7218 0.7455
Car -1 -1 4.3718 801.6023 184.0189 1062.4153 359.7756 1.5071 1.5608 3.1847 3.2877 1.6562 8.0114 4.7471 0.7412
Car -1 -1 4.8808 591.7354 175.8956 644.0366 212.8601 1.3983 1.5539 3.6002 0.3998 1.5308 29.5201 4.8936 0.5051
Car -1 -1 4.7319 580.2104 179.8478 643.9363 238.0242 1.4230 1.5997 3.6337 0.1055 1.6339 19.9256 4.7362 0.4838
Car -1 -1 1.8124 318.9473 148.2081 496.9799 276.8289 1.9011 1.8984 4.8543 -3.3591 1.5368 13.0968 1.5654 0.4826
Car -1 -1 4.1423 954.5320 0.0000 1242.0000 375.0000 1.7410 1.5831 3.5258 3.4273 1.1281 4.0482 4.8099 0.2682
Car -1 -1 3.3163 719.8842 171.7092 769.0828 187.1084 1.4197 1.5717 4.3528 12.7183 1.3141 68.0188 3.5001 0.2473
Car -1 -1 4.7797 472.4360 163.4150 499.4418 187.5261 1.7130 1.6938 4.0739 -9.1052 1.0424 53.3749 4.6113 0.2437
Car -1 -1 -0.0071 517.3488 185.2316 667.2061 243.0456 1.4336 1.4784 3.7984 -0.4553 1.7737 19.0322 -0.0316 0.2181
Car -1 -1 4.3716 763.3000 0.0000 1242.0000 375.0000 1.7246 1.6453 3.7279 1.9770 0.9593 4.1684 4.7879 0.2166
Car -1 -1 4.6702 467.6264 146.7236 506.8547 181.5377 1.5477 1.6698 3.7472 -5.8229 0.3860 34.0825 4.5021 0.2066
Car -1 -1 1.9253 722.1873 176.2745 765.3899 200.4007 1.5462 1.5927 4.0092 9.1506 1.7885 48.9768 2.1085 0.2046
Car -1 -1 1.8921 0.0000 186.5669 63.1291 216.3307 1.4237 1.6090 3.9175 -30.9008 2.1971 38.5786 1.2200 0.2035
Car -1 -1 3.4587 221.7361 186.8171 305.5529 214.6086 1.5386 1.6934 4.0897 -20.1427 2.3755 42.1483 3.0150 0.2002
Car -1 -1 1.4847 250.1593 191.8660 311.8231 241.1228 1.4577 1.6275 3.8917 -11.4699 2.1734 25.0660 1.0591 0.1865
Car -1 -1 3.0778 669.0283 166.3857 744.2712 200.0840 1.6393 1.6433 3.6235 4.8007 1.3246 36.0414 3.2087 0.1808
Car -1 -1 1.6567 587.0533 177.7819 636.5502 218.0782 1.4253 1.5822 4.0205 0.1535 1.6313 28.1011 1.6615 0.1779
Car -1 -1 5.2724 0.0000 188.2801 75.7294 223.3177 1.5388 1.6118 3.6080 -28.0590 2.3322 35.2268 4.6033 0.1688
Car -1 -1 1.7265 109.7206 192.6053 159.9106 225.3328 1.4569 1.5576 3.6636 -23.9543 2.5108 36.5120 1.1490 0.1641
Car -1 -1 3.0014 616.3193 174.1714 661.8307 189.3498 1.4094 1.5823 4.1145 2.7701 1.5357 68.1655 3.0415 0.1554
Car -1 -1 4.6096 671.9875 167.7304 714.8320 202.3992 1.6935 1.7633 4.2807 4.2819 1.4432 37.3952 4.7222 0.1513
Car -1 -1 1.6662 277.9631 185.8565 302.1832 204.5233 1.4665 1.5384 3.6440 -27.1554 2.6085 61.4034 1.2511 0.1452
Car -1 -1 5.0263 265.6459 186.2472 314.4026 213.5222 1.4926 1.5991 3.7069 -19.1104 2.3321 43.2997 4.6126 0.1444
Car -1 -1 4.0933 210.8211 185.9971 268.5296 210.1349 1.5124 1.6054 3.6995 -24.8582 2.4240 48.4801 3.6214 0.1393
Car -1 -1 1.4451 579.6713 184.6314 658.1982 251.5767 1.4542 1.5011 3.9182 0.1384 1.7881 18.4237 1.4515 0.1239
Car -1 -1 1.4183 717.0309 175.2463 750.0174 199.1390 1.5190 1.5911 3.8958 8.2407 1.6854 48.2260 1.5861 0.1194
Car -1 -1 3.0790 572.5760 183.0992 722.4918 242.9432 1.4662 1.5273 3.7379 0.9379 1.7435 18.7384 3.1273 0.1167
Car -1 -1 4.9360 716.0724 171.7258 753.1664 197.0544 1.5774 1.5592 3.8979 8.1909 1.5072 47.0351 5.1070 0.1155
Car -1 -1 1.5675 254.2581 186.3023 279.3407 209.2714 1.4850 1.5506 3.7999 -24.2700 2.4755 51.0957 1.1258 0.1107
Car -1 -1 -0.3679 747.8146 152.1561 1051.9817 261.8104 1.5494 1.6305 3.9921 4.2685 1.2569 11.0265 -0.0081 0.1106
Car -1 -1 2.6614 822.0802 211.3739 1242.0000 375.0000 1.4798 1.5903 3.9726 4.3494 1.9142 7.2627 3.1818 0.1009
Car -1 -1 4.6566 668.1115 171.3306 701.9937 200.5120 1.4939 1.5983 3.7747 4.0208 1.4159 38.8603 4.7585 0.0993
Car -1 -1 4.6017 556.8956 186.9084 588.2346 212.6378 1.5130 1.6204 3.6257 -2.4175 2.4552 46.4491 4.5494 0.0987
Car -1 -1 2.6260 937.4399 194.0353 1135.2739 254.1427 1.4688 1.7084 4.2243 11.1851 2.0552 19.1104 3.1480 0.0935
Car -1 -1 0.1365 443.0239 148.3948 528.0603 181.9147 1.5238 1.6170 3.7221 -5.7354 0.4119 33.6659 -0.0311 0.0922
Car -1 -1 1.4041 752.7443 185.0216 795.1566 213.7677 1.4370 1.6863 3.5195 8.9231 2.1318 39.3976 1.6246 0.0891
Car -1 -1 1.5398 176.6698 181.1428 213.2867 212.2697 1.5724 1.6321 4.3306 -22.9801 2.0573 39.9320 1.0203 0.0860
Car -1 -1 3.0415 658.7474 170.0117 739.9783 201.3130 1.6203 1.7069 4.1194 4.7098 1.4732 38.2466 3.1626 0.0851
Car -1 -1 1.9022 0.0000 185.7354 41.3073 219.8899 1.5366 1.6843 4.2240 -30.5360 2.2280 36.4508 1.2083 0.0849
Car -1 -1 1.7046 221.5800 185.8943 248.0478 203.7400 1.4675 1.6088 3.6806 -33.3405 2.6651 64.2649 1.2275 0.0846
Car -1 -1 1.5376 291.0020 193.1275 344.2054 240.6352 1.4457 1.6497 4.0683 -10.5862 2.2385 26.0236 1.1544 0.0844
Car -1 -1 5.1567 230.4743 185.0392 280.8137 209.1171 1.5043 1.5798 3.7896 -23.9223 2.3624 48.9063 4.7036 0.0837
Car -1 -1 4.5773 544.8434 187.2497 581.3448 216.4832 1.4950 1.5945 3.4483 -2.6512 2.3413 40.5683 4.5119 0.0829
Car -1 -1 4.7133 311.4543 120.0437 391.5026 193.8446 1.5964 1.6590 3.9062 -6.3101 0.4540 17.7248 4.3759 0.0824
Car -1 -1 5.2232 168.9764 186.8448 235.3079 215.0920 1.5065 1.6342 4.0172 -23.8943 2.3691 42.4804 4.7133 0.0819
Car -1 -1 1.9969 212.3330 187.4393 266.4509 213.2803 1.4940 1.5615 3.9629 -23.5249 2.4646 46.0025 1.5263 0.0805
Car -1 -1 3.3459 743.7759 153.5573 836.8887 188.8150 1.5454 1.6765 3.9023 8.3187 0.6996 33.2259 3.5890 0.0803
Car -1 -1 1.3981 693.5521 177.5218 756.1166 221.7048 1.5382 1.6861 3.9384 4.3129 1.7292 27.5254 1.5512 0.0803
Car -1 -1 4.4309 741.7758 163.8232 912.3708 272.6940 1.5011 1.6224 3.7615 3.3481 1.3765 11.8395 4.6992 0.0789
Car -1 -1 4.1048 1016.2932 0.0000 1242.0000 375.0000 1.6953 1.6413 4.0715 3.0971 1.0934 2.6419 4.9168 0.0757
Car -1 -1 1.4747 903.7189 200.5171 990.9926 267.8976 1.4386 1.7040 3.5678 8.7677 2.2417 18.9816 1.9004 0.0739
Car -1 -1 1.5682 274.9178 182.5865 297.7334 203.1978 1.5531 1.6412 4.2891 -26.3508 2.3775 58.8275 1.1485 0.0705
Car -1 -1 0.2994 100.4545 174.4901 210.6950 211.3699 1.4983 1.6053 3.6515 -19.1976 1.5706 30.6620 -0.2562 0.0692
Car -1 -1 0.8711 773.7809 154.9434 1070.8822 289.5811 1.4781 1.5937 3.8679 4.0150 1.2815 10.0092 1.2418 0.0687
Car -1 -1 1.6838 460.7855 152.2261 506.5071 188.2814 1.5414 1.6215 3.7607 -5.6577 0.6596 32.7705 1.5140 0.0681
Car -1 -1 3.1932 540.3421 189.0924 596.0883 213.5466 1.4745 1.6154 3.4231 -2.5703 2.5148 45.4069 3.1364 0.0680
Car -1 -1 -0.1718 791.6674 178.9017 1181.0485 321.4723 1.4817 1.6157 3.9822 4.3175 1.5673 8.9113 0.2655 0.0667
Car -1 -1 1.0860 863.2728 194.4079 992.9597 256.5565 1.4540 1.6832 3.8832 8.7835 2.1195 20.2745 1.4886 0.0661
Car -1 -1 5.0363 33.8932 170.7731 93.5946 199.1113 1.5592 1.6232 3.7809 -31.4973 1.4447 41.7498 4.3929 0.0659
Car -1 -1 1.6842 206.8701 183.0421 235.2760 203.1607 1.5771 1.6554 4.0720 -32.7918 2.4692 60.9847 1.1925 0.0636
Car -1 -1 1.7520 710.3934 174.5392 747.9511 200.1512 1.5144 1.6288 3.9684 7.5160 1.6247 45.0886 1.9157 0.0635
Car -1 -1 -0.0839 569.4981 176.2780 666.3587 212.7119 1.3952 1.5791 3.7345 0.2897 1.5359 28.7303 -0.0745 0.0628
Car -1 -1 -1.0245 1039.7981 137.8372 1242.0000 375.0000 1.6142 1.6561 4.1055 5.1829 1.4485 4.6660 -0.2180 0.0628
Car -1 -1 1.4899 753.2499 182.8705 788.8298 211.2180 1.4798 1.6560 3.9572 9.1699 2.0805 41.2018 1.7068 0.0626
Car -1 -1 -0.6487 722.1724 172.4545 787.0071 197.5422 1.5438 1.6157 3.8591 9.2454 1.5193 45.9709 -0.4518 0.0626
Car -1 -1 1.4448 749.7219 195.3432 815.4589 245.8436 1.4258 1.6431 3.8398 5.6982 2.2403 24.1402 1.6729 0.0617
Car -1 -1 3.4537 295.8635 161.7659 550.5787 268.1501 1.5440 1.6453 3.5654 -2.8288 1.3831 11.4242 3.2156 0.0617
Car -1 -1 1.3047 911.6497 196.8797 1015.1104 258.4266 1.4324 1.6565 3.7210 9.8195 2.1746 20.3137 1.7483 0.0616
Car -1 -1 4.8182 118.9622 173.9939 150.0354 194.9332 1.5928 1.6419 3.9474 -37.6455 1.6866 57.2469 4.2385 0.0608
Car -1 -1 3.6567 393.4934 146.9189 525.8604 194.5544 1.6246 1.7179 4.4172 -5.4099 0.7401 26.1044 3.4541 0.0602
Car -1 -1 1.7711 276.8583 169.0276 438.2067 282.0278 1.5315 1.6826 3.8093 -3.8876 1.4796 11.7662 1.4579 0.0600
Car -1 -1 1.4517 252.4325 190.2789 311.7734 233.9875 1.4531 1.6233 4.0378 -12.6921 2.1775 27.8481 1.0272 0.0599
Car -1 -1 4.9574 333.9454 162.7522 492.1167 272.4118 1.5330 1.6515 3.4635 -3.0295 1.3918 11.8199 4.7111 0.0598
Car -1 -1 0.8036 924.9533 205.5412 1083.7152 275.2584 1.4220 1.6783 3.3101 9.8353 2.3313 18.2492 1.2901 0.0594