Car -1 -1 2.0772 0.0000 212.1116 329.3450 375.0000 1.4188 1.5767 3.8144 -3.7112 1.8398 5.7999 1.5278 0.9272
Car -1 -1 4.6183 642.4009 175.6752 713.0004 237.4402 1.4719 1.5291 3.2682 1.7130 1.5525 18.9831 4.7061 0.9256
Car -1 -1 1.7794 432.9386 179.1286 525.0096 239.8009 1.5279 1.7544 4.1298 -3.6167 1.7261 20.6999 1.6079 0.8952
Car -1 -1 1.5036 676.6348 156.7707 710.1581 184.4599 1.4982 1.6334 3.7693 4.7146 0.6280 40.9601 1.6172 0.4155
Car -1 -1 1.7332 643.6714 175.3496 670.8368 195.0342 1.5535 1.6063 4.0578 3.9765 1.7672 59.6469 1.7991 0.3678
Car -1 -1 3.5238 364.5329 173.6280 471.5232 213.7213 1.4791 1.5929 3.6343 -7.3050 1.5099 27.6765 3.2677 0.3529
Car -1 -1 4.6802 639.2706 186.9541 664.5469 211.5122 1.4995 1.5565 3.5535 2.7809 2.4710 47.9152 4.7372 0.2652
Car -1 -1 1.1376 583.7847 168.8790 617.7882 186.5514 1.5432 1.5826 3.8812 -0.8247 1.1961 65.0996 1.1247 0.1490
Car -1 -1 1.2990 625.6121 179.3065 660.0587 200.8019 1.4852 1.5602 3.8186 2.4093 1.9784 53.1130 1.3436 0.1319
Car -1 -1 1.9286 412.9267 170.8625 484.4057 210.2576 1.4515 1.5323 3.7464 -6.2795 1.3782 28.5486 1.7136 0.1229
Car -1 -1 0.1041 652.4883 155.3824 726.6177 183.0326 1.4861 1.6233 3.9370 4.4531 0.5471 39.9925 0.2140 0.0993
Car -1 -1 2.9187 640.1683 175.6958 689.8758 194.8169 1.5145 1.6215 3.7553 4.4824 1.7494 58.5493 2.9943 0.0946
Car -1 -1 2.0314 637.7444 177.2990 680.8443 199.4028 1.5338 1.5711 3.9411 3.6928 1.8733 53.0093 2.1002 0.0882
Car -1 -1 1.6547 631.4681 183.7250 663.4381 210.7358 1.5441 1.6617 4.0327 2.4080 2.2547 45.0566 1.7071 0.0820
Car -1 -1 1.7994 636.7688 186.2235 675.0106 211.8334 1.4989 1.5897 4.0618 3.0424 2.4040 46.6745 1.8635 0.0756
Car -1 -1 1.5494 645.8586 181.3552 671.7053 204.9908 1.4973 1.6676 4.0994 3.3254 2.1026 49.2934 1.6159 0.0686
Car -1 -1 1.7057 481.5766 180.4607 527.7357 214.6140 1.4870 1.6300 4.1127 -4.9349 1.8714 34.3964 1.5637 0.0675
Car -1 -1 3.3146 412.2336 173.6017 505.0381 213.2859 1.4631 1.5421 3.2358 -5.6894 1.4924 27.4516 3.1117 0.0644
Car -1 -1 1.6275 486.8842 189.1495 528.7185 225.8837 1.4353 1.6106 3.6414 -4.4218 2.1946 31.7400 1.4896 0.0590
Car -1 -1 2.1490 31.3508 202.2375 202.0751 277.8532 1.4362 1.5464 3.6210 -11.3492 2.1996 16.9297 1.5654 0.0587
Car -1 -1 1.5035 522.5332 182.1119 561.1859 215.3686 1.4386 1.5715 3.9073 -3.2769 1.9065 34.4105 1.4087 0.0563
Car -1 -1 1.3409 690.3018 162.6523 749.4009 200.2476 1.5041 1.6042 4.0791 4.6527 1.0959 30.9651 1.4882 0.0563
Car -1 -1 1.2919 629.2004 175.5851 660.4652 194.5576 1.5035 1.5599 3.9522 2.8899 1.7382 59.8879 1.3395 0.0533
Car -1 -1 1.6494 638.9407 174.5164 663.2274 194.2937 1.5333 1.6529 4.0131 3.3921 1.6727 58.3932 1.7067 0.0531
Car -1 -1 -0.6650 646.6417 186.4943 709.0734 211.3209 1.4823 1.6402 3.8271 4.4354 2.3977 46.7003 -0.5715 0.0527
Car -1 -1 1.4198 519.1180 186.3818 568.6436 223.3708 1.4547 1.6175 3.8463 -2.9653 2.0923 31.9459 1.3273 0.0512