Car -1 -1 -0.1943 674.3964 182.5914 812.3683 226.0204 1.4323 1.6889 4.4676 4.5733 1.7826 25.0737 -0.0167 0.9418
Car -1 -1 -0.0791 641.8120 178.9058 710.2806 203.6397 1.5750 1.6177 4.3421 4.3086 1.9778 47.1868 0.0108 0.8048
Car -1 -1 1.6890 640.4409 176.9773 669.1290 198.1049 1.4570 1.6198 4.1236 3.3458 1.7711 52.7821 1.7515 0.4734
Car -1 -1 1.8389 632.2331 177.4706 671.0799 201.6003 1.5946 1.6614 4.2674 3.0137 1.9345 50.8448 1.8973 0.1194
Car -1 -1 0.0250 768.2195 174.0593 822.8780 192.0076 1.4719 1.6614 4.3993 15.6584 1.5757 60.7560 0.2758 0.1031
Car -1 -1 0.1219 711.2815 173.5701 766.5026 190.9124 1.4575 1.6863 4.5176 11.1600 1.5207 62.2304 0.2982 0.0936
Car -1 -1 4.3844 666.7176 167.6820 713.3735 197.4334 1.5405 1.5787 3.1357 4.3135 1.2727 39.0635 4.4932 0.0895
Car -1 -1 1.4242 781.7376 176.0281 823.9133 205.7056 1.5049 1.6298 3.9779 10.4116 1.6859 39.0962 1.6821 0.0736
Car -1 -1 1.6055 795.9902 183.0664 837.0816 220.0782 1.4303 1.5769 3.8540 8.9681 1.9000 31.1057 1.8830 0.0713
Car -1 -1 4.8849 735.1586 173.2886 768.4677 197.1581 1.5634 1.6003 3.8764 9.7808 1.5944 49.4317 5.0787 0.0680
Car -1 -1 1.7897 621.1199 177.0303 658.2130 201.5215 1.5934 1.6779 4.2818 2.1342 1.8960 50.0062 1.8316 0.0679
Car -1 -1 1.4363 721.7015 174.1318 750.2197 195.4939 1.4846 1.5274 3.8502 9.1287 1.5807 52.3299 1.6077 0.0634
Car -1 -1 0.8551 685.3755 174.5375 730.2332 192.7465 1.4923 1.5926 3.9471 8.3503 1.6409 61.6034 0.9888 0.0598
Car -1 -1 1.5624 634.6367 176.0588 657.4145 198.1976 1.5156 1.5778 4.1738 2.6140 1.7565 52.1263 1.6117 0.0585
Car -1 -1 2.5068 634.5079 177.5683 690.7875 199.0082 1.4683 1.5797 3.8466 3.8289 1.8181 51.8506 2.5796 0.0538
Car -1 -1 1.4947 640.5095 178.5256 670.0284 202.8911 1.5479 1.6780 4.1710 3.0561 1.9488 48.9113 1.5563 0.0512