Car -1 -1 5.2442 0.0000 188.9177 209.6129 305.5752 1.4934 1.5792 3.7839 -7.9595 1.5615 11.2700 4.6403 0.9411
Car -1 -1 4.8303 455.1268 186.3120 511.4748 227.5848 1.4351 1.6257 3.9562 -4.5946 1.4795 27.1176 4.6636 0.9116
Car -1 -1 5.0890 185.7611 188.5230 324.3691 257.9363 1.4508 1.6564 3.7691 -8.2107 1.5385 17.1424 4.6481 0.9052
Car -1 -1 1.7746 491.5435 180.2423 533.3899 210.2696 1.5263 1.5264 3.5242 -5.0044 1.2735 38.3531 1.6453 0.7322
Car -1 -1 4.7006 572.8280 179.9059 603.1205 206.3581 1.4473 1.6583 4.0530 -1.1315 1.1568 41.3880 4.6730 0.6991
Car -1 -1 2.2694 0.0000 174.5702 76.2532 269.9338 1.4113 1.5757 3.7893 -11.4214 1.2537 12.5550 1.5419 0.3409
Car -1 -1 1.6862 532.2415 180.1389 557.1478 198.9405 1.4579 1.5649 3.7638 -4.9795 1.0642 57.6442 1.6000 0.2997
Car -1 -1 5.2617 191.4310 180.2183 296.4400 224.2662 1.4381 1.5881 3.7099 -12.6996 1.2750 25.3882 4.8018 0.2581
Car -1 -1 5.0325 289.2911 131.5168 462.8201 249.0478 1.9444 1.7983 4.7201 -4.3104 1.0560 14.2804 4.7445 0.2540
Car -1 -1 2.1014 151.3183 186.0883 275.0052 235.2548 1.4751 1.6160 4.2897 -12.8749 1.5067 23.8200 1.6102 0.2007
Car -1 -1 5.5197 251.6371 166.2760 325.2888 196.2744 1.5643 1.6164 3.5593 -17.4182 0.5767 39.4386 5.1062 0.1820
Car -1 -1 2.1656 0.0000 170.0728 114.9593 253.6570 1.4088 1.6006 3.7737 -11.6011 1.1536 14.0647 1.4853 0.1654
Car -1 -1 4.6935 517.7714 183.6052 541.6953 205.4439 1.4225 1.5423 3.6403 -5.2789 1.3176 48.7264 4.5857 0.1311
Car -1 -1 1.8039 521.5516 180.1935 555.5496 200.9915 1.5329 1.6501 4.2898 -5.2254 1.1627 55.2206 1.7096 0.1258
Car -1 -1 0.6993 187.1021 173.4996 279.9706 203.6531 1.5255 1.6909 4.2247 -19.5522 0.9328 37.6598 0.2232 0.1203
Car -1 -1 1.3388 445.3933 180.5491 482.3459 203.6894 1.4558 1.5493 3.8077 -9.4621 1.1622 47.2769 1.1420 0.1172
Car -1 -1 3.2496 185.6676 180.0187 320.0561 225.0576 1.4686 1.6039 4.0108 -12.1239 1.2991 24.8674 2.7999 0.1171
Car -1 -1 -0.2186 568.1529 179.7544 646.2985 207.1720 1.4893 1.6637 4.1184 -0.0179 1.1927 40.3084 -0.2195 0.0983
Car -1 -1 1.2118 527.6498 177.7992 566.9326 199.1835 1.5372 1.6233 4.0118 -4.5261 1.0041 53.8357 1.1279 0.0956
Car -1 -1 2.0623 171.4271 178.0446 252.3360 213.3947 1.4432 1.5310 3.6211 -17.0350 1.1505 31.1630 1.5655 0.0937
Car -1 -1 4.0082 218.1625 176.4436 294.3613 205.3086 1.5027 1.6114 3.8384 -19.0088 1.0460 38.9342 3.5564 0.0833
Car -1 -1 1.8039 502.7512 180.1235 543.3402 205.3657 1.5327 1.6432 4.1798 -5.3077 1.2235 45.8202 1.6888 0.0810
Car -1 -1 1.5149 247.9782 163.7785 289.8795 196.9470 1.5885 1.7037 4.3856 -17.3428 0.5618 36.7612 1.0768 0.0796
Car -1 -1 3.7130 0.0000 168.4195 58.7073 256.9704 1.4884 1.6443 4.0003 -12.8324 1.2061 13.2632 2.9543 0.0791
Car -1 -1 2.0786 195.2052 178.8457 304.0019 225.2393 1.4589 1.6175 3.9005 -12.0913 1.2585 24.5963 1.6258 0.0790
Car -1 -1 2.1223 547.0820 180.4250 591.4821 199.4659 1.4464 1.6086 4.0654 -2.9510 1.0825 56.7756 2.0702 0.0760
Car -1 -1 5.0286 189.5268 180.8569 275.4455 225.6080 1.4943 1.6208 3.8408 -13.4461 1.3488 26.0277 4.5557 0.0744
Car -1 -1 1.9823 555.2042 179.9134 594.8293 199.6902 1.4642 1.6130 3.9190 -2.4346 1.0716 55.3396 1.9381 0.0737
Car -1 -1 1.6755 165.1892 182.2819 240.2662 232.3721 1.4290 1.6179 4.0434 -12.6505 1.3453 22.6858 1.1716 0.0723
Car -1 -1 3.5726 126.4221 181.7000 269.6778 226.7294 1.4943 1.6457 3.9786 -14.0364 1.3776 24.8328 3.0625 0.0720
Car -1 -1 1.2802 512.6613 177.4240 556.3964 203.0324 1.5123 1.6155 4.0139 -4.5567 1.0521 44.6141 1.1787 0.0687
Car -1 -1 3.7710 0.0000 182.0567 136.3456 263.5360 1.4296 1.6019 3.9529 -11.3895 1.3741 13.5316 3.0810 0.0626
Car -1 -1 2.0409 543.9882 178.8444 593.5350 202.4411 1.4536 1.6059 3.8813 -2.4299 1.0612 46.3841 1.9884 0.0625
Car -1 -1 -0.8706 534.1060 180.2455 591.1201 203.0740 1.4516 1.6150 3.9501 -2.9191 1.1356 47.7767 -0.9317 0.0600
Car -1 -1 2.7524 523.7988 179.3066 577.6886 198.7502 1.4890 1.6057 3.9173 -4.4421 1.0364 56.6481 2.6741 0.0595
Car -1 -1 1.4069 449.5548 174.9266 487.3181 201.5028 1.5334 1.6380 3.8701 -8.4512 0.9397 43.5750 1.2162 0.0581
Car -1 -1 0.6679 142.6330 182.8630 289.2076 228.7304 1.4521 1.6384 4.1755 -12.9789 1.3776 23.9281 0.1753 0.0553
Car -1 -1 1.0880 157.2696 179.9906 238.0948 216.0658 1.4573 1.5175 3.5695 -17.4757 1.2462 30.6443 0.5732 0.0527
Car -1 -1 0.9176 0.0000 175.2957 80.5633 265.7039 1.4435 1.5886 4.0396 -11.6828 1.2851 12.6231 0.1815 0.0522
Car -1 -1 4.5905 83.2063 197.5258 309.0700 376.0000 1.4945 1.6199 4.0072 -4.5847 1.6623 7.7108 4.0689 0.0518
Car -1 -1 2.2115 0.0000 184.6673 137.2061 276.4984 1.4479 1.6120 4.0374 -10.8253 1.4392 13.3758 1.5408 0.0505