Car -1 -1 1.8639 336.2707 184.4373 423.8604 234.9003 1.4245 1.5998 3.9179 -7.2709 1.8291 23.2351 1.5634 0.9284
Car -1 -1 4.7504 579.7515 176.0031 599.7692 192.4810 1.4547 1.6891 4.1597 -1.7984 1.7544 66.5863 4.7231 0.3367
Car -1 -1 4.7163 342.0662 173.1016 367.5946 198.0085 1.6438 1.5989 3.8808 -17.5498 1.6616 49.7568 4.3786 0.3138
Car -1 -1 1.9170 304.8406 181.7864 363.1368 210.9060 1.3810 1.5467 4.0096 -14.2296 1.8698 37.4711 1.5561 0.1487
Car -1 -1 3.6240 368.7831 177.8624 427.1228 199.3405 1.5064 1.5839 3.7506 -15.3182 1.8773 52.2884 3.3401 0.0990
Car -1 -1 4.5499 317.7316 175.1096 354.0179 201.2374 1.7051 1.6580 4.3824 -18.9260 1.8680 49.7979 4.1882 0.0708
Car -1 -1 3.1772 567.2814 175.9415 609.8174 192.0000 1.4344 1.6099 3.8094 -1.8862 1.7185 65.5804 3.1482 0.0657
Car -1 -1 5.2820 343.1739 170.5767 427.7211 208.9233 1.5188 1.5842 3.8643 -9.4242 1.4286 30.6523 4.9858 0.0649
Car -1 -1 4.5961 336.9683 170.6648 386.2443 208.6350 1.4881 1.5658 3.4148 -10.4043 1.4023 30.1569 4.2663 0.0601
Car -1 -1 1.6053 454.7868 178.4117 479.2979 200.8584 1.4918 1.5595 4.0862 -10.0675 1.9023 51.1543 1.4116 0.0567
Car -1 -1 1.5218 406.2180 188.3760 447.6127 224.5565 1.4656 1.6542 4.1091 -8.4856 2.2300 33.3272 1.2739 0.0538
Car -1 -1 5.2635 346.9036 174.3600 401.5281 198.2305 1.5736 1.6449 4.1941 -16.2649 1.6828 50.0803 4.9508 0.0528
Car -1 -1 4.6821 568.8618 178.9288 588.0099 195.8635 1.4812 1.6440 4.0190 -2.9009 2.0597 66.6549 4.6384 0.0527
Car -1 -1 5.1201 398.0763 175.8985 440.4102 198.1226 1.5623 1.6205 3.8627 -14.0094 1.7959 53.3119 4.8640 0.0511
Car -1 -1 1.3430 586.7228 174.1739 615.9336 193.0568 1.5670 1.6371 4.1036 -0.7479 1.6851 62.3694 1.3307 0.0500