Car -1 -1 4.9442 364.5329 179.8992 485.2026 261.0361 1.5853 1.6881 4.0171 -3.9036 1.4814 16.0563 4.7091 0.9754
Car -1 -1 5.0853 241.7305 184.6284 351.7346 243.4500 1.4337 1.5560 3.3604 -8.1707 1.4194 19.2197 4.6881 0.9605
Car -1 -1 4.6700 578.5546 176.6664 643.7841 237.4566 1.5650 1.6798 3.4457 0.0356 1.3449 20.2625 4.6713 0.9365
Car -1 -1 4.8446 458.7191 181.3040 515.6117 222.8330 1.4961 1.6295 4.2253 -4.5961 1.3552 28.0324 4.6832 0.9334
Car -1 -1 5.4029 0.0000 55.7144 301.8978 376.0000 2.0609 1.7378 4.0391 -4.1791 1.4387 5.5262 4.7787 0.9033
Car -1 -1 5.0901 341.8303 182.5495 422.5369 222.8167 1.4517 1.5918 4.0744 -8.6570 1.3556 28.0098 4.7927 0.7410
Car -1 -1 1.8048 308.3995 176.9985 361.4908 208.6688 1.4292 1.5341 3.7503 -12.9539 1.0583 34.3947 1.4469 0.6871
Car -1 -1 4.7997 488.5808 181.1140 525.4297 210.1595 1.4960 1.6379 3.9325 -5.3883 1.2848 39.0300 4.6631 0.6172
Car -1 -1 1.5865 519.3555 179.1043 544.3732 201.5167 1.4190 1.5780 3.8164 -4.9428 1.0321 47.4842 1.4830 0.3049
Car -1 -1 4.8678 430.0526 172.7976 468.1185 200.1082 1.5160 1.6152 3.5935 -9.1329 0.8267 41.7455 4.6534 0.2991
Car -1 -1 4.7392 574.5186 179.1636 615.3450 215.7015 1.4277 1.5962 3.4617 -0.4603 1.1913 29.8295 4.7235 0.2067
Car -1 -1 2.1284 180.3365 186.2014 269.8037 221.6434 1.4103 1.6027 3.7684 -16.1799 1.4550 30.6508 1.6460 0.1350
Car -1 -1 4.8175 547.7134 178.7269 594.6429 215.3830 1.4360 1.5861 3.5289 -1.4454 1.1818 29.9679 4.7694 0.1327
Car -1 -1 1.7178 226.9233 182.9259 279.2231 216.6265 1.4573 1.5899 3.9381 -16.2787 1.3583 33.2018 1.2648 0.1316
Car -1 -1 -0.5319 566.8242 177.0440 669.0201 215.7701 1.4917 1.6023 3.8979 0.4570 1.1770 29.3501 -0.5169 0.1198
Car -1 -1 3.4681 396.2976 176.0959 466.5724 202.8482 1.4808 1.5264 3.5638 -9.9234 0.9760 40.7074 3.2302 0.1139
Car -1 -1 1.4729 620.2569 179.0674 649.8301 201.6784 1.4344 1.5758 3.9242 1.8053 1.0444 47.6101 1.5102 0.1133
Car -1 -1 1.8827 415.7306 176.7052 466.9097 206.7109 1.5674 1.5918 3.9871 -9.0706 1.1228 39.6058 1.6587 0.1086
Car -1 -1 1.6382 614.4900 180.8578 645.6613 207.8891 1.5498 1.6069 4.0478 1.4206 1.3000 43.3090 1.6703 0.1078
Car -1 -1 2.0510 186.8406 182.9314 262.1085 213.8018 1.4233 1.6253 3.8687 -18.5751 1.3179 35.0799 1.5668 0.1058
Car -1 -1 3.3345 251.3495 179.9286 352.9814 213.5842 1.4952 1.6496 4.0705 -13.9829 1.2603 33.1565 2.9380 0.1023
Car -1 -1 2.0110 209.8548 180.4084 275.7517 210.1767 1.4462 1.5204 3.8127 -18.5898 1.2126 36.8474 1.5464 0.1003
Car -1 -1 0.3307 157.7819 186.1040 267.3860 220.9085 1.4733 1.6295 3.9066 -17.2682 1.5138 31.6139 -0.1661 0.0929
Car -1 -1 4.5195 430.1841 166.7949 459.4094 188.1762 1.7706 1.6880 4.1371 -13.9840 0.2452 61.7612 4.2975 0.0905
Car -1 -1 1.8849 503.5065 176.6235 550.0518 203.0527 1.5757 1.6593 4.2704 -4.9846 1.0634 45.1165 1.7751 0.0865
Car -1 -1 4.8875 631.5002 178.9425 665.2137 202.1506 1.4624 1.5730 3.8319 2.7505 1.0671 47.3432 4.9448 0.0840
Car -1 -1 3.7493 164.6063 181.6568 259.9607 210.5218 1.4238 1.6212 4.0435 -20.0041 1.2483 36.4843 3.2506 0.0831
Car -1 -1 0.0907 510.8880 166.2373 561.7684 188.1814 1.6711 1.7112 3.7766 -5.4513 0.2258 55.6101 -0.0068 0.0802
Car -1 -1 1.2319 518.8846 173.9265 566.9398 200.7554 1.5315 1.6321 4.0124 -3.9125 0.8871 43.1985 1.1418 0.0741
Car -1 -1 2.0397 206.2364 187.8491 286.4245 222.9972 1.4605 1.6053 3.8808 -16.0118 1.5853 32.1110 1.5801 0.0733
Car -1 -1 3.4948 293.5118 177.0305 382.2616 208.5803 1.4637 1.5213 3.6421 -12.7331 1.0840 34.1142 3.1398 0.0723
Car -1 -1 1.7134 121.2213 227.4577 304.8791 372.5174 1.3798 1.6327 3.8005 -5.2746 2.0945 10.1005 1.2423 0.0701
Car -1 -1 1.6910 623.1941 177.9058 656.9650 203.4225 1.4953 1.6065 4.0023 2.0668 1.0669 44.2322 1.7370 0.0692
Car -1 -1 0.2031 421.8730 176.7933 494.4142 203.5195 1.4770 1.5792 3.7607 -8.3610 1.0115 40.5166 0.0006 0.0672
Car -1 -1 1.9705 493.1330 173.7491 544.5693 200.4154 1.5299 1.6462 4.0094 -5.2724 0.8721 43.3974 1.8500 0.0639
Car -1 -1 0.0971 324.5250 182.0727 445.7672 222.0111 1.4847 1.6024 4.3603 -8.5267 1.3679 27.9354 -0.1968 0.0637
Car -1 -1 3.3527 415.7642 168.8936 470.5140 186.6727 1.4775 1.5697 4.2611 -13.7879 0.1211 60.5515 3.1296 0.0624
Car -1 -1 3.5663 460.8905 180.9147 543.4063 209.9677 1.5159 1.6629 4.0940 -5.6672 1.2915 38.8740 3.4221 0.0613
Car -1 -1 4.8074 522.2610 163.9543 548.7561 186.9000 1.7381 1.7169 3.7250 -5.5818 0.1276 56.3192 4.7089 0.0606
Car -1 -1 1.8689 242.9330 183.2302 308.6313 217.7617 1.4872 1.6386 3.9405 -15.1288 1.4017 33.0197 1.4421 0.0562
Car -1 -1 1.8379 530.8052 178.9775 570.2230 201.7879 1.4492 1.6167 3.9717 -3.7174 1.0529 47.7726 1.7603 0.0558
Car -1 -1 1.6185 490.2895 186.4242 528.2939 218.9881 1.4706 1.6180 4.0636 -4.6722 1.5325 34.7127 1.4853 0.0524
Car -1 -1 5.0965 0.0000 64.8295 423.3442 376.0000 2.0143 1.6707 4.0077 -2.6935 1.4196 5.5915 4.6661 0.0523
Car -1 -1 -0.7700 636.9723 177.9869 698.2834 201.7735 1.4751 1.6105 3.9379 3.9317 1.0268 46.4490 -0.6864 0.0521
Car -1 -1 4.6865 272.5205 226.9101 426.5782 376.0000 1.4430 1.6778 4.0696 -3.6715 2.1632 10.2167 4.3490 0.0509
Car -1 -1 2.7645 180.9473 187.9644 288.7173 223.9324 1.4656 1.6486 3.8714 -16.2976 1.5940 31.5949 2.2913 0.0506