Car -1 -1 4.4919 751.6223 196.6591 891.5692 295.8849 1.4262 1.5795 4.0106 3.7366 1.9352 13.3879 4.7571 0.9677
Car -1 -1 1.1157 843.7807 205.7464 1242.0000 375.0000 1.4081 1.7137 4.4364 3.9536 1.8482 7.4212 1.5874 0.9544
Car -1 -1 4.5171 724.5158 192.6323 814.0455 261.2431 1.5241 1.6154 3.3532 4.0321 2.0826 18.6879 4.7253 0.9352
Car -1 -1 4.5419 699.0967 188.0192 760.1476 236.3656 1.5169 1.5638 3.2803 4.1445 2.0838 25.3221 4.7015 0.8644
Car -1 -1 1.7595 420.1154 186.0362 532.5999 273.8442 1.5190 1.5725 3.7822 -2.6151 1.8270 14.9581 1.5884 0.8389
Car -1 -1 1.6590 527.8569 179.4424 575.6225 217.3883 1.4987 1.7045 4.0148 -2.4352 1.8021 31.2140 1.5812 0.7494
Car -1 -1 4.5250 678.0429 186.1495 732.3563 224.7039 1.4317 1.5662 3.6691 3.9050 2.0185 29.9669 4.6526 0.7200
Car -1 -1 1.8079 276.9450 159.3371 504.6543 336.8567 1.8080 1.7447 4.4583 -2.5543 1.6703 9.5927 1.5534 0.6703
Car -1 -1 4.6182 671.8987 181.9556 712.6705 214.4850 1.4745 1.6302 4.0239 4.0547 1.9525 35.8649 4.7292 0.4433
Car -1 -1 4.7158 393.9428 135.9567 448.0030 185.6500 1.4515 1.5415 3.2461 -5.9505 0.3738 22.8386 4.4637 0.3507
Car -1 -1 1.5304 467.0370 186.3188 491.8783 208.8192 1.4840 1.6102 3.9387 -9.4414 2.4971 52.1948 1.3519 0.2666
Car -1 -1 4.7690 434.3542 143.8697 480.4602 183.9254 1.4989 1.5971 3.4556 -6.0203 0.4143 28.8261 4.5648 0.1737
Car -1 -1 4.6073 668.9559 175.4447 696.5798 196.2039 1.4393 1.5785 4.0592 5.2950 1.6354 52.5693 4.7067 0.1637
Car -1 -1 -0.6178 670.2495 174.1091 735.5494 200.4745 1.4671 1.5355 3.5121 5.4137 1.5424 41.7968 -0.4903 0.1591
Car -1 -1 4.9274 788.3247 169.4023 831.4628 196.6473 1.5101 1.6290 3.9313 11.7326 1.3188 42.1104 5.1970 0.1450
Car -1 -1 1.6652 668.4619 182.6652 704.6151 212.9915 1.5489 1.6578 3.7134 4.3219 2.1215 40.1211 1.7711 0.1394
Car -1 -1 1.3271 462.7223 187.1202 503.2001 212.3967 1.5139 1.6616 4.3351 -8.4944 2.5118 48.1505 1.1529 0.1255
Car -1 -1 1.4727 774.5416 175.8060 799.5018 195.8604 1.4708 1.4757 3.9893 13.6406 1.7068 55.6071 1.7116 0.1177
Car -1 -1 1.6430 550.1501 182.5305 584.6626 213.2784 1.4617 1.5194 3.6057 -2.1337 1.9857 37.2564 1.5856 0.1149
Car -1 -1 4.6943 664.4152 180.6304 688.2861 204.6091 1.4939 1.5091 3.4241 4.4009 2.0287 47.8576 4.7849 0.1137
Car -1 -1 4.5577 645.0374 180.9066 677.0106 204.8275 1.4812 1.5578 3.7067 3.3757 2.0370 47.8805 4.6272 0.1120
Car -1 -1 4.4879 760.9496 172.9741 788.8710 190.4970 1.5038 1.6038 3.7641 14.5916 1.5148 63.8320 4.7113 0.1053
Car -1 -1 1.6967 459.9052 185.3513 492.1546 209.2402 1.4983 1.6572 4.2561 -9.1483 2.3966 49.6958 1.5151 0.1038
Car -1 -1 1.7165 503.4565 175.9891 537.7447 201.1406 1.6089 1.6834 4.3833 -5.9794 1.8310 48.9169 1.5951 0.1020
Car -1 -1 1.6583 774.4365 180.1519 801.8898 202.2527 1.5321 1.6559 3.7510 13.2498 2.0930 53.4119 1.8997 0.0997
Car -1 -1 4.2064 686.8637 177.7167 721.4822 194.7112 1.5303 1.6170 3.7678 8.9073 2.0037 68.1943 4.3354 0.0996
Car -1 -1 4.5676 642.5328 184.0974 687.8427 216.7088 1.4659 1.6585 4.1937 2.7167 2.0614 36.0655 4.6415 0.0960
Car -1 -1 3.7012 386.9802 142.9802 493.8647 183.1231 1.4916 1.6039 3.7941 -6.5969 0.3816 28.1869 3.4733 0.0937
Car -1 -1 1.3716 429.3802 189.0778 478.9355 222.6392 1.4539 1.6279 3.9646 -7.6908 2.2996 35.4711 1.1591 0.0926
Car -1 -1 3.4166 353.9413 132.3509 473.7126 181.8028 1.4741 1.5567 3.2713 -5.9900 0.2667 22.3115 3.1572 0.0924
Car -1 -1 1.8063 540.0251 174.7957 566.7730 190.5454 1.4348 1.6258 4.0493 -5.2881 1.6246 68.3862 1.7291 0.0911
Car -1 -1 1.5904 579.2889 181.7855 611.5877 212.3833 1.4480 1.5777 3.7621 -0.6887 1.9308 37.1256 1.5714 0.0904
Car -1 -1 4.8927 702.2211 173.7631 735.2690 196.7687 1.5713 1.6557 3.9561 7.8437 1.6390 51.5913 5.0423 0.0881
Car -1 -1 3.1522 677.0286 175.0300 730.5131 196.6283 1.4916 1.6088 3.6973 6.6698 1.6489 51.0961 3.2808 0.0855
Car -1 -1 3.2554 534.8627 174.4478 580.8270 190.4344 1.4706 1.6621 4.1250 -4.8125 1.6217 67.4761 3.1842 0.0848
Car -1 -1 0.1652 751.2244 181.7273 807.4604 203.5440 1.5052 1.5310 3.7750 12.3244 2.1670 52.3787 0.3945 0.0837
Car -1 -1 1.9969 481.9432 176.0439 535.1062 203.1302 1.5214 1.6415 3.9936 -5.9848 1.7218 43.1823 1.8596 0.0788
Car -1 -1 0.9684 1158.6561 190.3700 1242.0000 375.0000 1.4931 1.6030 3.9035 7.1226 1.7068 6.7377 1.7592 0.0748
Car -1 -1 4.0741 389.2541 195.3704 466.6899 229.5720 1.4368 1.6300 3.8476 -8.7384 2.5741 34.5967 3.8280 0.0740
Car -1 -1 1.8420 471.5185 187.6258 508.6995 210.7266 1.5047 1.6063 4.0292 -8.5195 2.6071 51.7601 1.6792 0.0714
Car -1 -1 -0.1652 749.3143 177.4925 808.4240 198.9091 1.5691 1.6829 4.1038 12.6906 1.9241 54.2521 0.0630 0.0690
Car -1 -1 4.5989 470.6629 163.9672 512.8156 195.0276 1.4625 1.6372 4.0122 -5.9490 1.0440 36.1267 4.4365 0.0689
Car -1 -1 3.3337 748.1543 172.3367 801.2872 190.7860 1.5604 1.6870 4.2549 14.3386 1.5166 62.6550 3.5573 0.0678
Car -1 -1 1.7768 692.4744 173.9926 727.9432 197.9940 1.5680 1.6177 4.0545 6.9487 1.6496 49.5261 1.9149 0.0653
Car -1 -1 4.0578 1043.3018 189.9239 1242.0000 361.1605 1.4755 1.6145 4.0444 7.1972 1.7286 8.6625 4.7336 0.0650
Car -1 -1 1.7760 661.9974 178.6828 697.8351 202.0804 1.5280 1.7009 4.0590 4.9565 1.9528 50.4017 1.8730 0.0644
Car -1 -1 1.6014 432.9122 186.1304 458.1467 208.4561 1.4490 1.6273 3.7889 -11.6138 2.4290 51.2421 1.3792 0.0627
Car -1 -1 3.6587 524.7224 175.1939 569.8362 191.3132 1.4652 1.5989 3.9339 -5.8366 1.6894 67.5842 3.5726 0.0626
Car -1 -1 1.4854 785.0063 167.6812 822.5057 197.1304 1.5448 1.6474 4.1495 10.7187 1.2735 40.0364 1.7448 0.0617
Car -1 -1 4.2772 524.0352 174.9719 558.8676 192.6374 1.6161 1.7038 4.1724 -6.5247 1.8245 68.7727 4.1826 0.0616
Car -1 -1 4.4877 665.4084 175.3345 705.9039 201.2954 1.4466 1.5926 3.6385 4.4314 1.5992 42.4722 4.5905 0.0615
Car -1 -1 1.5367 427.6858 188.6007 466.2625 224.8013 1.4884 1.6205 4.0387 -7.6411 2.2711 33.7032 1.3149 0.0600
Car -1 -1 2.5352 617.1053 187.0088 666.1978 207.4268 1.5692 1.5269 3.8593 2.6572 2.7683 59.4495 2.5791 0.0590
Car -1 -1 -0.0862 713.0532 189.3655 841.6222 238.0525 1.5109 1.6267 4.0664 5.5316 2.0894 24.2024 0.1350 0.0588
Car -1 -1 4.7153 680.3812 174.9301 703.6026 196.4261 1.4699 1.5931 3.9071 5.9160 1.6247 51.7632 4.8280 0.0578
Car -1 -1 2.4508 644.1027 179.5542 717.1974 209.3150 1.5835 1.6456 4.0045 4.0623 1.9811 41.0053 2.5483 0.0564
Car -1 -1 4.6212 453.8773 170.7204 496.2032 203.7831 1.5055 1.6538 4.0956 -6.5860 1.4084 35.0516 4.4365 0.0562
Car -1 -1 4.1887 759.8405 170.0855 819.6657 196.9857 1.5034 1.6038 4.0384 10.5400 1.3487 42.4893 4.4299 0.0546
Car -1 -1 4.8962 464.0682 154.2285 513.3299 188.2356 1.5258 1.6348 3.7830 -5.6783 0.6901 34.2813 4.7330 0.0539
Car -1 -1 1.5375 650.8234 180.2444 676.5035 204.4540 1.5778 1.6473 3.8293 3.7265 2.1115 50.1586 1.6107 0.0524
Car -1 -1 0.0311 777.3062 176.0693 828.7137 196.3793 1.4822 1.6036 3.6900 14.5814 1.7302 54.3654 0.2914 0.0518
Car -1 -1 2.9670 657.7372 180.0819 734.6711 209.6371 1.5993 1.6758 4.0519 4.8206 2.0142 40.4633 3.0841 0.0516
Car -1 -1 1.3884 664.9586 184.6622 711.3001 216.6107 1.5031 1.6745 4.0941 4.0318 2.1530 37.6085 1.4937 0.0512
Car -1 -1 4.5317 696.0599 173.0865 734.0662 198.5240 1.4662 1.5829 3.9365 6.3276 1.4809 43.6230 4.6743 0.0511
Car -1 -1 -0.2014 662.4788 175.3357 719.7311 195.9058 1.4426 1.5551 3.8482 5.8281 1.6240 51.7794 -0.0903 0.0502
Car -1 -1 1.5821 709.8619 176.0618 734.4526 198.5194 1.4786 1.6241 3.9057 7.8448 1.7107 50.1535 1.7360 0.0501
Car -1 -1 1.4837 525.7795 204.1081 581.9644 254.6459 1.4666 1.6409 3.6865 -2.0189 2.6476 25.3103 1.4039 0.0501