Car -1 -1 4.3718 730.7879 169.2941 1011.0247 344.5251 1.6032 1.6945 4.2840 2.7720 1.5706 8.7796 4.6669 0.9268
Car -1 -1 3.5789 138.8953 174.1043 372.3680 268.6087 1.6247 1.6026 3.4954 -6.3604 1.6490 13.2329 3.1382 0.8941
Car -1 -1 3.6993 26.5735 189.6760 323.0318 300.0258 1.5112 1.5765 3.5901 -6.4744 1.7873 10.9920 3.1771 0.8878
Car -1 -1 4.6254 649.6730 175.4448 693.1865 210.8963 1.4599 1.5878 3.6800 2.6737 1.5808 31.8265 4.7079 0.8876
Car -1 -1 3.7875 0.0000 199.9032 276.3123 338.6241 1.4071 1.5398 3.9770 -6.2452 1.7547 8.4560 3.1660 0.8855
Car -1 -1 4.5733 675.1390 178.0025 754.9870 240.6638 1.5285 1.6433 3.6499 2.7835 1.6822 19.7265 4.7106 0.8843
Car -1 -1 4.4863 692.2236 181.4247 824.4185 265.9356 1.4100 1.6652 4.1468 2.8173 1.6081 14.5705 4.6726 0.8633
Car -1 -1 3.3101 432.3651 165.3945 524.9175 201.9699 1.7384 1.7653 4.2027 -6.3280 1.3838 35.1941 3.1332 0.8509
Car -1 -1 3.5083 404.4426 178.6871 507.7424 214.9685 1.4528 1.5590 3.9499 -6.4171 1.7067 30.3238 3.3011 0.7303
Car -1 -1 3.6132 301.8309 187.0166 459.8636 242.2392 1.4126 1.5524 3.9255 -6.3292 1.8290 20.1169 3.3116 0.7170
Car -1 -1 3.4951 197.9015 168.0407 431.8539 254.3251 1.7472 1.7056 4.3317 -6.1883 1.6498 15.5085 3.1208 0.6262
Car -1 -1 3.9449 0.0000 220.4246 197.4582 375.0000 1.4145 1.6352 4.0674 -6.0278 1.8854 6.2149 3.1961 0.6235
Car -1 -1 4.5220 630.9167 170.0134 671.9545 199.7993 1.6802 1.6818 4.0857 2.4319 1.5200 42.8395 4.5778 0.4614
Car -1 -1 4.9011 409.7474 172.5836 481.4921 222.7329 1.5081 1.6063 3.6650 -5.2591 1.4999 23.5526 4.6833 0.4533
Car -1 -1 3.5024 343.5389 171.6239 474.2706 223.6873 1.5628 1.5599 3.6282 -6.2316 1.5259 22.6056 3.2360 0.4306
Car -1 -1 2.7519 581.9678 182.2510 639.9692 205.2902 1.4955 1.6115 3.6344 0.0942 2.1580 49.4391 2.7533 0.2650
Car -1 -1 -0.6103 766.3352 171.5945 1237.3680 348.9071 1.5831 1.7147 4.1617 3.9524 1.5718 7.5954 -0.1472 0.2593
Car -1 -1 1.5524 339.4862 175.5882 423.8189 253.5521 1.5389 1.6332 4.0270 -5.2488 1.6099 16.5626 1.2495 0.2386
Car -1 -1 4.6718 511.0406 170.1161 539.0413 195.6973 1.4888 1.5456 3.6074 -5.1739 1.3294 43.8949 4.5549 0.2314
Car -1 -1 1.7289 461.4552 178.2575 510.7652 213.8634 1.4132 1.5273 3.6273 -5.2435 1.6591 31.0106 1.5623 0.2311
Car -1 -1 3.5962 250.7709 160.6232 425.9314 224.5302 1.5136 1.6047 3.7914 -6.7236 1.2239 18.0825 3.2446 0.2292
Car -1 -1 4.8231 524.0716 161.8551 549.1474 181.9683 1.6848 1.7124 4.1322 -6.2849 0.7635 62.5163 4.7231 0.2288
Car -1 -1 3.0846 785.1019 152.7599 857.1299 180.2599 1.5948 1.6449 4.0366 12.5735 0.4295 43.0963 3.3665 0.2150
Car -1 -1 4.3934 597.3400 181.8101 635.6093 205.2180 1.5255 1.6164 3.6359 0.4448 2.1771 50.5155 4.4016 0.2078
Car -1 -1 0.3059 508.9320 163.6160 559.1453 181.8665 1.5264 1.6252 3.9533 -6.4271 0.7538 61.5389 0.2020 0.2032
Car -1 -1 -0.1621 637.2450 170.2093 704.1624 198.7663 1.6136 1.6642 3.6347 3.5056 1.4641 41.7429 -0.0794 0.1707
Car -1 -1 5.0718 404.9936 155.9047 446.2274 180.9051 1.8617 1.6767 4.3314 -14.2121 0.5996 55.9775 4.8241 0.1602
Car -1 -1 3.9786 686.9139 163.6381 740.8911 188.3945 1.6605 1.6253 3.7663 7.2487 1.0424 50.4123 4.1203 0.1562
Car -1 -1 0.1353 477.1107 171.1130 541.3818 197.1190 1.5160 1.5835 3.5989 -5.9228 1.4145 42.8563 -0.0015 0.1521
Car -1 -1 1.7367 503.6053 171.4214 540.8314 198.0287 1.4770 1.5602 3.6530 -5.0276 1.3975 41.9151 1.6177 0.1433
Car -1 -1 4.6998 528.8133 174.1724 549.2963 193.1500 1.4489 1.5667 3.7701 -5.6244 1.5573 57.3216 4.6021 0.1381
Car -1 -1 -0.2166 894.4518 154.2088 981.6012 181.4450 1.5466 1.6260 4.3915 19.1437 0.4878 42.2178 0.2065 0.1303
Car -1 -1 5.2656 614.9906 166.3764 656.3651 187.0211 1.6060 1.6135 3.7264 2.1357 1.1021 58.1292 5.3019 0.1302
Car -1 -1 4.6349 816.5840 151.9707 849.7285 180.7541 1.6729 1.6372 3.6657 13.5597 0.4591 43.9023 4.9325 0.1256
Car -1 -1 0.0682 677.2843 168.9669 729.4225 185.5651 1.4282 1.5433 4.4403 8.2373 1.0938 63.2779 0.1968 0.1159
Car -1 -1 4.8852 530.1775 164.7772 561.8413 189.1978 1.7290 1.6839 3.8247 -4.6334 1.1572 53.0638 4.7983 0.1116
Car -1 -1 3.4057 503.6920 165.8671 563.1710 187.6923 1.5436 1.6402 3.9855 -5.4828 1.0495 52.1586 3.3013 0.1108
Car -1 -1 4.5873 758.6608 141.2956 805.0243 178.1930 1.5952 1.6205 3.5744 7.8333 0.2308 33.0573 4.8180 0.1099
Car -1 -1 4.7447 231.5795 148.3630 271.2278 181.6890 1.5927 1.6615 3.8608 -18.1026 0.4223 36.5856 4.2880 0.0984
Car -1 -1 4.7236 441.4876 164.4659 460.6580 183.1272 1.5725 1.5820 3.7342 -13.7657 0.8657 62.7879 4.5085 0.0962
Car -1 -1 4.4961 724.6645 166.6593 752.3637 184.3278 1.5156 1.6105 3.8927 11.3787 0.9842 63.8723 4.6714 0.0945
Car -1 -1 3.7627 267.1158 141.5187 386.2797 183.4080 1.6438 1.6851 4.4108 -11.6126 0.4142 29.6785 3.3926 0.0926
Car -1 -1 4.6895 341.7903 142.0833 385.6648 182.3297 1.5888 1.6562 3.9975 -10.4778 0.3741 30.6462 4.3626 0.0849
Car -1 -1 3.7050 458.5643 178.0781 535.0865 205.0374 1.4367 1.6239 4.0055 -6.3448 1.7418 40.5914 3.5505 0.0831
Car -1 -1 4.2855 786.5578 153.4119 839.3884 180.6638 1.5829 1.6525 3.8216 12.3186 0.4536 43.9242 4.5571 0.0828
Car -1 -1 3.5001 300.2002 144.3754 410.4099 183.7465 1.5737 1.6583 3.9495 -10.4118 0.4354 29.7165 3.1657 0.0741
Car -1 -1 3.6812 175.8188 150.4366 277.9546 182.7043 1.5759 1.6411 4.2944 -19.1376 0.4811 36.1776 3.1976 0.0716
Car -1 -1 2.9523 809.4373 153.0392 888.4064 179.8535 1.5542 1.6455 4.2201 14.1743 0.4057 42.9063 3.2693 0.0711
Car -1 -1 2.4607 786.1241 150.3897 889.8018 189.8494 1.6071 1.6954 4.0839 9.7875 0.6922 30.9272 2.7643 0.0707
Car -1 -1 3.2677 700.6832 167.0980 753.1055 184.2077 1.4611 1.6262 4.3497 10.2531 0.9696 63.0131 3.4280 0.0688
Car -1 -1 4.6829 387.9954 172.0567 444.3411 223.6193 1.5053 1.6069 3.8145 -6.2454 1.4820 23.1213 4.4215 0.0673
Car -1 -1 1.5468 608.7606 178.0567 635.5782 204.9740 1.6671 1.6629 4.0969 0.7929 2.0247 47.5382 1.5628 0.0659
Car -1 -1 3.7416 379.5198 160.6438 436.8705 181.8244 1.5663 1.6280 3.9681 -15.2800 0.6634 54.7704 3.4707 0.0654
Car -1 -1 1.9550 480.0583 178.7838 535.9056 208.3002 1.4639 1.5816 3.9984 -5.3911 1.8001 38.7749 1.8174 0.0652
Car -1 -1 2.3142 160.3844 152.8549 260.3861 190.4008 1.4845 1.5789 3.7379 -16.7789 0.6938 30.5323 1.8152 0.0652
Car -1 -1 5.5067 0.0000 172.2468 171.4619 230.6548 1.4339 1.5472 3.7808 -14.1121 1.4190 19.7114 4.8916 0.0628
Car -1 -1 0.6986 454.4213 173.3009 527.8745 199.9886 1.5141 1.6529 4.2251 -7.0404 1.5417 42.7862 0.5361 0.0613
Car -1 -1 3.0141 653.2837 174.8833 756.3387 211.1244 1.5057 1.6744 4.1935 4.0205 1.5950 30.9081 3.1416 0.0597
Car -1 -1 -0.6231 750.0623 140.6234 845.3233 176.9979 1.5691 1.6264 3.9625 8.4973 0.1788 32.5997 -0.3703 0.0596
Car -1 -1 5.2753 0.0000 211.6068 252.9188 375.0000 1.4271 1.6359 3.5396 -5.0102 1.8924 6.8550 4.6621 0.0588
Car -1 -1 4.9921 326.4398 166.0362 431.7432 228.6551 1.4779 1.5934 3.8910 -5.9224 1.3170 18.9895 4.6934 0.0583
Car -1 -1 4.6406 223.4440 152.9929 265.8705 185.7753 1.5985 1.6607 4.4656 -19.0219 0.6301 37.5261 4.1742 0.0578
Car -1 -1 5.3782 528.7328 174.9233 576.9879 194.9229 1.5178 1.6314 4.1129 -4.4661 1.6886 57.3704 5.3005 0.0576
Car -1 -1 5.2415 289.3226 151.3968 345.9723 186.5719 2.1504 1.7075 3.7080 -18.5713 0.8386 46.0697 4.8602 0.0575
Car -1 -1 5.2969 0.0000 207.3248 164.9761 375.0000 1.4049 1.6724 4.2867 -6.1240 1.8367 6.8071 4.5835 0.0567
Car -1 -1 4.9955 680.7581 171.6145 716.9778 193.4335 1.5358 1.6045 3.9243 6.5861 1.4486 52.9085 5.1183 0.0566
Car -1 -1 3.5545 127.2045 151.6740 354.3163 223.1294 1.4567 1.6055 4.0744 -7.8351 1.0249 15.6047 3.0957 0.0556
Car -1 -1 4.7026 667.6290 160.0277 687.9091 183.0330 2.0359 1.7890 4.5848 6.2333 0.9008 66.2126 4.7958 0.0552
Car -1 -1 5.0664 417.9973 160.3099 454.6914 185.1477 1.9032 1.6548 3.6699 -13.6903 0.9420 57.2101 4.8324 0.0548
Car -1 -1 2.6699 904.5681 169.3368 996.0480 198.9110 1.5177 1.6535 4.0393 17.8628 1.3372 37.9260 3.1067 0.0544
Car -1 -1 1.0651 415.8224 164.1181 458.8135 183.9010 1.6649 1.6946 4.4723 -15.0581 0.9297 62.9452 0.8311 0.0539