Car -1 -1 1.9422 315.1208 184.3140 365.6992 211.5816 1.4805 1.5666 3.6580 -15.8152 2.1859 42.5680 1.5881 0.6747
Car -1 -1 5.5122 0.0000 193.7633 86.6868 256.6321 1.4374 1.5781 3.3560 -16.1887 2.0510 19.4200 4.8239 0.3910
Car -1 -1 4.7924 0.0000 183.9137 58.0370 224.8246 1.5136 1.6301 3.6101 -23.8645 1.9988 29.7028 4.1198 0.3559
Car -1 -1 1.9124 337.6911 167.0661 380.5807 191.5184 1.8573 1.8080 4.4527 -19.7312 1.4177 57.0408 1.5806 0.3046
Car -1 -1 3.8856 0.0000 194.6829 59.6718 254.1782 1.4737 1.6515 3.9672 -17.3625 2.0859 19.3725 3.1616 0.2728
Car -1 -1 5.0042 0.0000 189.9874 83.7195 257.3476 1.5857 1.7298 4.4012 -16.6796 2.1299 20.5529 4.3286 0.2347
Car -1 -1 3.8207 0.0000 183.7960 68.9195 223.5536 1.5273 1.6447 3.6581 -24.1994 1.9802 29.0248 3.1301 0.1562
Car -1 -1 1.9681 295.2982 180.8494 336.4138 201.2818 1.4260 1.5880 3.4974 -21.7252 2.0383 53.4938 1.5837 0.1468
Car -1 -1 2.4492 0.0000 194.0831 51.0520 268.7066 1.4960 1.7015 4.3381 -16.6636 2.0928 18.0202 1.7102 0.1229
Car -1 -1 1.9406 292.5008 181.9560 352.8836 213.9129 1.6277 1.6745 4.2748 -15.8583 2.1607 40.1126 1.5661 0.0914
Car -1 -1 3.1367 0.0000 184.6764 47.0401 228.2306 1.5145 1.6714 4.0242 -24.5148 2.0069 28.1022 2.4240 0.0894
Car -1 -1 2.1970 0.0000 183.1391 55.4454 225.4646 1.5182 1.6712 3.8731 -24.3729 1.9577 28.8398 1.4997 0.0891
Car -1 -1 2.2652 0.0000 185.5112 77.3459 227.0087 1.4837 1.6112 3.5805 -23.3158 2.0188 28.7010 1.5874 0.0821
Car -1 -1 0.6331 0.0000 196.9313 112.6234 254.9824 1.5417 1.6891 4.2095 -17.0960 2.2701 20.8855 -0.0467 0.0804
Car -1 -1 2.3163 0.0000 192.8127 68.3263 259.9117 1.4855 1.6986 4.3004 -17.0932 2.0835 19.4440 1.6019 0.0799
Car -1 -1 1.6117 546.2696 185.4375 566.1132 203.6387 1.5020 1.6044 3.7670 -4.7143 2.6531 64.0929 1.5381 0.0769
Car -1 -1 4.5933 366.0808 170.6640 392.3263 191.5777 1.7520 1.6925 4.1582 -20.0419 1.5686 62.6891 4.2849 0.0756
Car -1 -1 3.6035 0.0000 193.5214 60.2611 259.6157 1.4851 1.6389 4.1947 -16.8460 2.0512 18.4110 2.8696 0.0699
Car -1 -1 3.8503 0.0000 184.8860 40.4098 225.2721 1.5134 1.6685 4.0581 -25.1000 2.0013 28.4039 3.1311 0.0678
Car -1 -1 0.4823 299.1414 184.4615 375.0784 211.1403 1.5037 1.5937 3.9006 -16.0551 2.2055 42.5961 0.1235 0.0655
Car -1 -1 5.1338 56.4577 190.1001 183.0199 248.1489 1.4729 1.6446 3.9159 -14.4831 2.0386 21.6014 4.5487 0.0641
Car -1 -1 4.5853 0.0000 181.8717 36.6173 222.3216 1.5142 1.6701 4.2630 -25.2803 1.9148 29.9903 3.8892 0.0636
Car -1 -1 1.6057 0.0000 204.0793 62.9162 259.1661 1.4316 1.6861 4.1117 -18.7759 2.5353 23.3483 0.9339 0.0614
Car -1 -1 1.7485 393.9202 181.9342 426.5109 204.8971 1.5605 1.6117 3.9703 -14.5144 2.2495 52.7032 1.4807 0.0611
Car -1 -1 4.9325 0.0000 200.2036 64.2585 261.7607 1.4881 1.6575 4.0326 -17.7679 2.3873 21.5483 4.2488 0.0607
Car -1 -1 2.5207 368.8633 188.1505 438.8099 214.8726 1.4740 1.6687 3.8651 -12.5415 2.4531 44.1554 2.2451 0.0602
Car -1 -1 2.0276 361.5228 189.8128 415.3835 215.9533 1.4695 1.6560 3.9522 -13.8286 2.5843 45.3484 1.7328 0.0575
Car -1 -1 1.5530 310.3169 184.3182 340.5966 211.6189 1.4672 1.5977 4.0535 -16.8759 2.1816 42.7844 1.1791 0.0521
Car -1 -1 1.1836 519.9697 183.9009 554.2897 202.0172 1.4621 1.6528 3.8191 -6.3387 2.4560 62.8379 1.0831 0.0519
Car -1 -1 2.3179 0.4082 183.7491 188.9740 253.8674 1.4877 1.5574 3.9096 -12.5988 1.7902 17.9899 1.7138 0.0512
Car -1 -1 2.1897 269.8414 181.8241 345.4237 213.2672 1.5427 1.6458 4.1455 -16.1667 2.0533 38.8644 1.7976 0.0510
Car -1 -1 1.4729 281.4366 186.4277 318.1919 212.5825 1.4581 1.6971 4.2437 -19.2895 2.3445 44.8479 1.0685 0.0508
Car -1 -1 -0.8008 66.1827 192.0125 228.7212 252.7061 1.4387 1.5956 3.9097 -12.9297 2.0381 20.4949 -1.3581 0.0504
Car -1 -1 2.1472 0.0000 187.9699 114.4942 259.5060 1.5249 1.5480 3.9188 -14.5092 1.9497 18.2546 1.4826 0.0502