Car -1 -1 5.1009 109.5599 194.8051 442.8195 375.0000 1.4488 1.6499 4.1511 -3.1513 1.7512 7.8508 4.7297 0.9713
Car -1 -1 4.5268 668.1321 186.1717 758.8171 253.7756 1.4761 1.6006 3.7076 2.5352 1.8505 18.3931 4.6606 0.9492
Car -1 -1 4.8381 467.3477 187.2784 543.9720 244.4789 1.4013 1.6538 4.1919 -2.8895 1.8600 20.8423 4.7013 0.9442
Car -1 -1 4.4823 698.7955 190.1584 842.1331 284.9126 1.3871 1.6503 3.9698 2.7726 1.7544 13.3055 4.6822 0.9341
Car -1 -1 4.3839 748.9175 186.4628 1055.8242 375.0000 1.4534 1.6652 4.0700 2.7463 1.6395 7.8319 4.7081 0.9286
Car -1 -1 1.6453 520.0538 179.1011 565.1376 220.4702 1.6554 1.6521 4.1626 -2.8672 1.9471 31.5996 1.5549 0.7927
Car -1 -1 4.6427 634.2056 178.3528 666.4168 205.8562 1.4800 1.5837 3.7574 2.3007 1.8105 41.4737 4.6972 0.7496
Car -1 -1 4.5418 660.4578 170.5107 726.2814 226.1255 1.6211 1.5028 3.3153 2.5669 1.5528 22.7312 4.6521 0.7175
Car -1 -1 1.3998 553.4545 180.6721 581.9536 200.0599 1.4595 1.6313 4.0209 -3.4105 2.1132 58.1891 1.3411 0.5042
Car -1 -1 1.7059 514.9486 173.3432 542.4018 192.6942 1.4565 1.5959 4.0902 -6.2925 1.4962 56.4765 1.5951 0.3353
Car -1 -1 5.5180 0.0000 195.6390 257.5763 375.0000 1.5123 1.6174 3.8456 -3.0034 1.6549 2.5880 4.7086 0.2363
Car -1 -1 1.8490 546.8033 178.3958 583.5922 201.5121 1.6696 1.7041 4.3072 -3.3631 2.1134 55.4956 1.7883 0.2187
Car -1 -1 0.5453 17.7861 182.4157 251.9240 256.9489 1.4628 1.5715 3.8785 -9.8675 1.6752 15.2028 -0.0226 0.1973
Car -1 -1 0.7886 0.0000 196.3957 292.4878 375.0000 1.4939 1.6069 4.1123 -4.0236 1.6404 3.6724 -0.0065 0.1758
Car -1 -1 5.1769 80.5175 175.8395 253.5250 257.9030 1.4151 1.4659 3.5332 -8.6057 1.4821 14.3853 4.6457 0.1639
Car -1 -1 3.5319 112.3496 192.8050 308.3011 260.4551 1.4955 1.5991 3.8466 -9.5646 2.0077 17.5300 3.0384 0.1428
Car -1 -1 -0.2593 671.1152 166.9769 815.6735 218.1340 1.4878 1.5948 4.0463 4.0073 1.3169 21.9443 -0.0816 0.1419
Car -1 -1 1.4529 679.5062 160.3164 711.6512 185.4479 1.5090 1.5567 3.8082 5.3496 0.7562 45.2284 1.5696 0.1367
Car -1 -1 4.9667 213.2239 181.6959 323.2549 246.3045 1.4485 1.5971 4.0372 -8.7718 1.7060 18.8860 4.5369 0.1097
Car -1 -1 1.1629 561.6068 179.1908 604.1334 200.5185 1.5217 1.6688 4.3188 -2.0871 2.0264 55.1602 1.1248 0.1061
Car -1 -1 4.7578 0.0000 198.4003 647.1702 375.0000 1.4803 1.5998 3.8208 -1.3677 1.6541 2.8389 4.3415 0.0993
Car -1 -1 -0.1786 633.7726 177.0039 712.7311 204.9392 1.5192 1.6906 4.1880 3.5467 1.7585 40.5809 -0.0926 0.0929
Car -1 -1 4.9379 142.3810 182.3031 268.0121 257.8333 1.4453 1.5977 3.9921 -9.0487 1.6891 16.4783 4.4422 0.0842
Car -1 -1 1.5037 561.3879 179.2202 586.4802 200.9423 1.6048 1.6837 4.3681 -2.8456 2.1269 56.9044 1.4535 0.0811
Car -1 -1 3.7945 466.8476 177.3165 529.5449 200.9571 1.5232 1.6906 3.9863 -7.5454 1.8357 48.8275 3.6416 0.0767
Car -1 -1 1.8044 595.0863 179.0072 627.2159 199.1431 1.4661 1.5967 4.0617 0.1634 1.9623 56.0189 1.8069 0.0737
Car -1 -1 0.7141 492.9198 172.9647 545.2670 192.1657 1.4433 1.5820 3.9651 -7.0395 1.4522 56.0168 0.5894 0.0681
Car -1 -1 4.9300 604.1823 190.7295 675.5740 239.1146 1.4433 1.6599 4.0417 1.1487 2.1235 25.2908 4.9739 0.0642
Car -1 -1 3.4050 38.4043 199.1627 267.0877 277.3813 1.5274 1.7064 4.0838 -10.1735 2.1767 16.4175 2.8572 0.0601
Car -1 -1 5.1508 0.0000 179.3479 224.5735 375.0000 1.5002 1.6124 3.8206 -3.4104 1.5528 3.7966 4.4530 0.0601
Car -1 -1 1.2741 0.0000 172.9136 299.9257 375.0000 1.5541 1.6310 4.2854 -4.1028 1.5547 4.9222 0.6053 0.0587
Car -1 -1 0.4496 0.0000 119.9355 187.4378 375.0000 1.5587 1.6326 4.1171 -3.8736 1.5003 2.4980 -0.4994 0.0586
Car -1 -1 3.2362 500.7944 172.6013 552.4643 191.7425 1.4563 1.5341 3.8340 -6.3731 1.4371 55.6998 3.1225 0.0553
Car -1 -1 0.2879 535.6578 180.3904 589.0315 200.3216 1.5248 1.6314 3.9326 -3.7401 2.1368 57.3604 0.2226 0.0545
Car -1 -1 -0.0943 9.4469 172.4964 963.1656 375.0000 1.4866 1.6607 4.1566 -0.4373 1.4852 4.0027 -0.1991 0.0541
Car -1 -1 1.6669 510.8246 172.1284 538.1702 193.6198 1.5727 1.6666 4.2162 -6.4347 1.5196 54.9236 1.5505 0.0541
Car -1 -1 4.2428 805.1073 161.6677 958.6179 235.6380 1.4611 1.6267 3.8495 5.9453 1.2401 16.2632 4.5869 0.0539
Car -1 -1 2.1855 460.7549 171.2530 524.1357 198.7131 1.5252 1.6560 3.9954 -6.7921 1.4362 42.2329 2.0267 0.0534
Car -1 -1 4.9427 653.9747 171.9871 681.4747 188.9787 1.5219 1.6372 4.1452 5.4217 1.4442 66.8486 5.0229 0.0530
Car -1 -1 4.6948 662.1626 188.9110 713.7073 237.3439 1.4761 1.6618 3.8865 2.7070 2.0844 25.3292 4.7992 0.0530
Car -1 -1 4.8206 498.3614 176.5981 528.6364 200.0645 1.5192 1.6258 4.0083 -6.5314 1.7859 49.3783 4.6894 0.0524
Car -1 -1 2.0807 0.0000 0.0000 1242.0000 375.0000 1.5252 1.6136 4.1019 -2.1426 1.5589 1.8793 1.2977 0.0507