Car -1 -1 4.5750 668.0555 183.2998 748.9799 244.1286 1.4889 1.6736 4.3489 2.7027 1.8186 20.5924 4.7028 0.9644
Car -1 -1 0.4182 118.0816 188.4548 407.3592 283.7440 1.5210 1.6849 4.2648 -5.9153 1.8136 12.6671 -0.0112 0.9186
Car -1 -1 -0.1457 738.2757 184.2325 852.1468 227.7425 1.4469 1.6466 3.6940 6.4878 1.8652 25.5227 0.0997 0.9040
Car -1 -1 3.4381 237.9190 167.0738 410.2861 220.9968 1.3956 1.5384 4.0770 -7.6401 1.2460 19.5869 3.0705 0.8520
Car -1 -1 4.1824 818.0709 38.5186 1242.0000 375.0000 1.7631 1.6498 4.0101 2.7137 1.3087 4.4561 4.7001 0.8264
Car -1 -1 0.1882 344.2082 188.8306 492.8130 237.4165 1.3683 1.5938 4.1214 -5.6921 1.8729 21.8580 -0.0642 0.8196
Car -1 -1 3.8362 0.0000 193.8121 244.4260 368.9118 1.4829 1.6395 3.8432 -5.9625 1.7161 7.1720 3.1607 0.7665
Car -1 -1 0.4656 225.4593 188.7281 424.9922 254.3969 1.4402 1.5342 4.2050 -6.7261 1.8413 17.2635 0.0987 0.7422
Car -1 -1 1.6123 511.8889 173.4417 540.6066 198.3432 1.4921 1.6221 4.1457 -5.2068 1.5309 45.4611 1.4985 0.6771
Car -1 -1 3.2598 442.4198 182.3710 530.1334 214.5230 1.4747 1.6566 3.9715 -5.8496 1.9427 34.5645 3.0929 0.6004
Car -1 -1 3.5179 135.2976 183.8033 367.8685 257.9797 1.4092 1.4256 4.0383 -7.2113 1.6469 14.8121 3.0715 0.5381
Car -1 -1 3.3885 459.5431 178.0081 538.6641 206.9837 1.5184 1.6639 3.9608 -5.9648 1.8057 39.1927 3.2380 0.3308
Car -1 -1 1.2391 766.1469 202.2901 944.3300 319.4609 1.4499 1.5621 3.6238 3.7575 2.0014 11.6840 1.5415 0.2919
Car -1 -1 1.3219 453.3143 175.5368 510.7520 209.6997 1.4439 1.6202 4.1340 -5.9051 1.5751 33.0617 1.1461 0.2879
Car -1 -1 3.0557 663.8011 181.8094 741.9581 211.4301 1.4772 1.4940 3.8907 4.7803 1.9505 37.3060 3.1816 0.2513
Car -1 -1 4.7513 525.7311 177.3228 551.1461 201.9851 1.6310 1.6136 3.9602 -4.9396 1.9562 50.4754 4.6538 0.2418
Car -1 -1 4.6106 697.5435 178.5379 734.9534 208.9725 1.5135 1.5968 3.6760 5.6369 1.8311 38.4502 4.7545 0.2379
Car -1 -1 0.2722 378.3991 164.3967 509.9064 215.3575 1.6638 1.7069 4.0424 -5.5515 1.3877 24.5141 0.0514 0.2317
Car -1 -1 4.2560 620.3450 187.8837 656.2759 208.1560 1.5361 1.6022 3.4338 2.3351 2.8125 59.3781 4.2946 0.2054
Car -1 -1 2.1281 609.7971 187.3783 653.7330 208.3905 1.5278 1.6342 3.9953 1.8065 2.7279 57.5023 2.1588 0.2049
Car -1 -1 -0.2353 778.1577 199.5290 1068.5676 302.6160 1.5171 1.6796 4.2740 5.1451 2.0166 12.3617 0.1494 0.1802
Car -1 -1 0.9826 0.0000 204.4752 66.5345 375.0000 1.4704 1.5811 3.8514 -6.1693 1.7326 4.9726 0.1166 0.1791
Car -1 -1 4.8159 507.2475 178.8659 543.3609 209.6896 1.6056 1.5964 4.0060 -4.6650 1.9588 40.3811 4.7012 0.1708
Car -1 -1 4.5969 479.6610 179.0063 518.8448 208.9076 1.5305 1.7019 3.9023 -6.1457 1.8888 39.9062 4.4447 0.1614
Car -1 -1 4.6276 544.1550 175.2173 566.0591 194.0156 1.5380 1.5595 3.5830 -4.6589 1.7453 61.4035 4.5519 0.1595
Car -1 -1 -0.1486 660.6659 181.4451 723.9648 204.3841 1.5213 1.6779 4.1045 5.6378 2.1209 49.4477 -0.0363 0.1518
Car -1 -1 4.4817 749.3933 201.8961 886.4555 300.2950 1.4339 1.5925 3.7465 3.7275 2.0549 13.5318 4.7436 0.1498
Car -1 -1 1.6025 629.6274 180.6662 649.3418 198.4898 1.4869 1.6234 4.0216 2.6837 2.2029 64.0655 1.6437 0.1494
Car -1 -1 2.2454 450.5517 174.6256 522.3458 205.9608 1.5497 1.6591 3.8892 -6.4234 1.6482 38.0246 2.0788 0.1399
Car -1 -1 4.5638 735.6210 182.1078 796.4952 227.4369 1.5001 1.6378 3.7116 5.6795 1.8650 26.5550 4.7715 0.1382
Car -1 -1 4.6982 729.0969 178.7222 769.9001 216.6781 1.4921 1.6177 3.8520 5.9796 1.7610 31.0315 4.8862 0.1339
Car -1 -1 -0.0121 493.8116 180.1434 582.2799 213.7286 1.5502 1.6691 4.1479 -3.4472 1.9127 34.8222 -0.1106 0.1337
Car -1 -1 3.4009 466.1093 166.5777 518.2170 185.0296 1.4982 1.6107 3.9660 -9.6721 0.9886 59.5806 3.2404 0.1321
Car -1 -1 4.5010 466.7446 161.8616 499.8120 185.9523 1.7845 1.7288 3.9026 -9.7616 0.9703 55.5808 4.3278 0.1315
Car -1 -1 1.5320 512.9536 176.5578 542.2351 203.2877 1.5015 1.5856 4.0162 -4.9475 1.7342 43.2203 1.4182 0.1298
Car -1 -1 1.2205 419.3500 170.5111 508.3236 215.7832 1.4483 1.6513 4.4050 -5.2170 1.3733 25.3910 1.0194 0.1227
Car -1 -1 -0.6173 725.8003 178.9368 827.8838 217.4075 1.4937 1.6327 3.9135 6.9531 1.7592 29.9926 -0.3922 0.1104
Car -1 -1 1.6382 541.2211 178.0235 564.1832 197.6886 1.5180 1.6045 3.8244 -4.5893 1.9518 58.6282 1.5600 0.1020
Car -1 -1 2.2001 0.0000 172.9702 107.3228 222.7444 1.4470 1.4616 3.4972 -17.7504 1.4510 22.7528 1.5432 0.0979
Car -1 -1 4.6161 704.8657 177.7279 751.7673 214.4107 1.4431 1.6024 3.8570 5.0191 1.6650 30.8845 4.7751 0.0943
Car -1 -1 2.1906 14.3806 173.6054 120.2617 212.5376 1.5261 1.6357 3.7951 -22.6069 1.5596 30.2689 1.5531 0.0923
Car -1 -1 1.7690 460.9585 180.8994 513.5930 214.1565 1.4219 1.6490 4.1383 -5.6808 1.8239 33.9590 1.6040 0.0870
Car -1 -1 4.4206 481.2771 166.1975 514.6107 185.9469 1.6026 1.6548 4.1343 -9.4356 1.0624 60.7710 4.2670 0.0821
Car -1 -1 1.6065 702.9527 183.1018 735.3246 214.9313 1.4517 1.4739 3.9270 5.5538 1.9967 36.3047 1.7565 0.0810
Car -1 -1 3.4767 0.0000 173.3223 63.6690 226.5499 1.4918 1.5324 3.5979 -18.7860 1.5067 21.6169 2.7673 0.0804
Car -1 -1 4.5262 661.0497 181.2645 694.9302 203.8830 1.4737 1.6647 3.8836 4.7476 2.0860 50.5181 4.6189 0.0798
Car -1 -1 0.7950 109.2243 164.9265 235.8238 210.5287 1.4726 1.5649 3.6719 -14.8274 1.2166 24.5221 0.2558 0.0787
Car -1 -1 4.8090 501.1750 180.2461 540.8843 213.4832 1.5128 1.5798 3.7980 -4.3166 1.8973 35.6116 4.6887 0.0770
Car -1 -1 3.1808 484.2151 173.5587 548.1064 199.1218 1.5399 1.6224 3.8396 -5.7190 1.5843 44.4954 3.0534 0.0759
Car -1 -1 2.8770 418.0748 177.9155 511.8295 213.7359 1.4711 1.5790 3.7453 -6.3267 1.7037 31.6089 2.6806 0.0739
Car -1 -1 0.2405 512.8675 178.9354 565.4803 198.4425 1.5083 1.6065 3.9048 -5.5934 2.0022 57.5322 0.1437 0.0732
Car -1 -1 4.6148 483.8019 181.4569 524.6979 214.7906 1.4962 1.6136 3.9835 -5.2468 1.9461 35.6112 4.4690 0.0727
Car -1 -1 3.2600 0.0000 173.1672 109.1178 214.1431 1.6367 1.6671 3.9093 -23.6404 1.6507 30.5605 2.6057 0.0719
Car -1 -1 1.7137 527.9815 178.7675 566.5959 208.5803 1.5389 1.5701 4.0845 -3.4122 1.8851 40.1559 1.6290 0.0700
Car -1 -1 4.7730 466.5081 168.4060 489.6468 187.0756 1.5135 1.6611 4.1490 -11.0177 1.1529 60.6521 4.5938 0.0692
Car -1 -1 3.5393 28.8869 183.0609 311.4550 275.8524 1.4410 1.5343 3.8702 -7.3757 1.6312 12.4364 3.0130 0.0692
Car -1 -1 4.5890 692.5387 178.6317 727.9155 206.9077 1.4983 1.5423 3.5791 5.6439 1.8392 40.7687 4.7251 0.0680
Car -1 -1 1.9597 0.0000 195.9600 126.1506 375.0000 1.4629 1.5986 3.8452 -5.2440 1.7083 5.5848 1.2293 0.0660
Car -1 -1 1.2563 667.2673 180.0918 701.4270 201.2997 1.6227 1.6024 4.0052 6.0509 2.2337 58.7860 1.3579 0.0658
Car -1 -1 -0.0310 696.1998 181.6543 769.4528 210.9539 1.4401 1.4586 3.6339 6.2860 1.9034 37.0142 0.1354 0.0656
Car -1 -1 -0.3505 691.7603 177.3026 786.7585 214.7241 1.4838 1.5718 3.5572 5.3538 1.6752 29.9531 -0.1760 0.0651
Car -1 -1 5.0072 485.8666 162.2350 516.1229 181.3383 1.7319 1.7103 3.9915 -10.1197 0.7692 67.5151 4.8589 0.0642
Car -1 -1 5.2297 0.0000 209.4608 43.2306 375.0000 1.4492 1.5414 3.9434 -4.6603 1.7463 3.7397 4.3701 0.0641
Car -1 -1 4.6005 243.4906 179.9010 346.2050 257.7976 1.4729 1.6703 4.1577 -7.1918 1.6534 16.2627 4.1897 0.0639
Car -1 -1 0.2257 713.0815 199.9190 987.0797 315.7840 1.4752 1.6471 3.9587 3.8452 1.9787 11.7057 0.5343 0.0626
Car -1 -1 4.8033 491.2868 180.1857 528.6480 210.2476 1.5142 1.6648 3.8527 -5.3686 1.9331 39.2629 4.6678 0.0625
Car -1 -1 -0.3472 692.1510 178.5933 767.9618 207.0056 1.4968 1.5731 3.7930 6.5883 1.8206 39.5852 -0.1840 0.0623
Car -1 -1 4.4306 514.3600 176.9960 553.0861 201.2455 1.5650 1.6154 3.8926 -5.2315 1.8606 49.3924 4.3252 0.0622