Car -1 -1 2.2893 0.0000 175.9591 95.0263 300.2374 2.1461 1.7443 4.4902 -13.0517 2.2196 14.8223 1.5762 0.6224
Car -1 -1 4.7189 593.1786 171.4917 618.8912 195.4996 1.5636 1.6747 4.2113 -0.2262 1.4749 49.1007 4.7140 0.5765
Car -1 -1 1.4918 383.9433 181.5269 408.7349 199.6269 1.4761 1.7654 4.1212 -18.7131 2.2631 63.2317 1.2049 0.3672
Car -1 -1 1.6776 370.1235 182.9992 407.6457 212.1596 1.4709 1.5760 3.7692 -12.1155 2.0584 39.7838 1.3835 0.2262
Car -1 -1 0.3903 0.0000 156.7767 109.3416 193.9878 1.5912 1.6964 4.4195 -25.2439 0.9037 32.2604 -0.2698 0.1752
Car -1 -1 2.7952 337.7422 185.4799 419.0767 215.8782 1.4916 1.6514 3.8253 -12.3804 2.2012 38.7350 2.4875 0.1523
Car -1 -1 5.2618 0.0000 154.3262 77.3129 193.2678 1.5918 1.6876 4.1896 -25.5540 0.8345 31.6783 4.5871 0.0947
Car -1 -1 2.1048 344.3816 186.5601 411.5963 218.2268 1.4934 1.6441 3.7939 -12.0609 2.2505 37.8213 1.7977 0.0946
Car -1 -1 1.3520 380.7895 183.1222 428.8215 214.4844 1.4896 1.6548 3.6509 -10.7042 2.0528 37.5784 1.0759 0.0887
Car -1 -1 5.3193 376.8428 181.7987 441.6062 210.9886 1.4845 1.5521 3.8214 -11.0416 2.0061 40.0176 5.0514 0.0851
Car -1 -1 5.4690 0.0000 207.8850 114.3183 325.9081 1.4500 1.5891 3.7995 -10.3723 2.1245 11.9546 4.7652 0.0848
Car -1 -1 5.3484 0.0000 175.0480 128.6957 277.5176 2.0146 1.6676 4.3363 -13.2045 2.0713 16.4732 4.6804 0.0791
Car -1 -1 1.6378 25.5214 201.6166 102.9654 257.9729 1.4592 1.6726 3.8549 -17.1748 2.4536 22.8722 0.9991 0.0785
Car -1 -1 3.0883 571.0418 170.9423 631.4672 194.2313 1.5087 1.6062 3.9108 -0.5769 1.3849 47.6736 3.0758 0.0735
Car -1 -1 0.0963 385.3344 181.7546 458.2145 210.6094 1.4770 1.6199 3.6391 -10.0128 1.9675 38.6830 -0.1557 0.0686
Car -1 -1 3.8021 0.0000 178.3949 88.0283 273.9146 1.9503 1.7504 4.1128 -14.1754 2.0797 15.8469 3.0806 0.0685
Car -1 -1 3.7401 0.0000 165.8423 71.5665 201.4259 1.5275 1.6204 4.1023 -26.5435 1.2265 31.9655 3.0511 0.0645
Car -1 -1 1.6408 363.2271 179.1470 403.2440 210.7860 1.4694 1.6431 4.0060 -11.3892 1.8064 36.4985 1.3400 0.0579
Car -1 -1 3.8187 0.0000 180.3420 100.8215 281.0352 1.9098 1.7059 4.2920 -13.1870 2.0729 14.7699 3.0987 0.0558
Car -1 -1 4.8883 48.0986 162.9667 109.9349 198.7506 1.5536 1.6403 3.8467 -24.4803 1.1243 33.4149 4.2597 0.0553
Car -1 -1 3.3059 15.3393 196.5656 307.2475 296.7601 1.4656 1.6401 4.1554 -7.6327 1.9351 12.7769 2.7761 0.0553
Car -1 -1 0.6819 369.2477 181.2520 418.9185 199.3749 1.5426 1.7264 4.0761 -19.2481 2.3112 64.4557 0.3925 0.0510
Car -1 -1 1.8576 389.7783 180.6281 423.3588 199.6295 1.5944 1.7412 4.2866 -18.0856 2.3121 64.4622 1.5848 0.0509