Car -1 -1 2.0585 34.5602 195.7389 238.9768 282.7324 1.4580 1.7178 4.5113 -9.9068 2.0266 15.6185 1.5006 0.9465
Car -1 -1 1.8591 302.2767 187.5238 366.5047 229.0624 1.4420 1.4609 3.1695 -10.5420 2.0411 27.8333 1.4998 0.8777
Car -1 -1 1.7357 296.5491 182.1985 327.7794 206.6541 1.7098 1.5501 3.8113 -22.2244 2.4358 54.0272 1.3468 0.2411
Car -1 -1 4.5327 341.8307 182.4926 381.8374 210.1392 1.4758 1.5750 3.6268 -14.4030 2.0611 41.8541 4.2029 0.2014
Car -1 -1 1.7256 139.0707 177.4942 192.4353 210.1565 1.4897 1.6448 3.9075 -21.8376 1.7325 35.6308 1.1789 0.1776
Car -1 -1 1.4764 202.8793 184.8776 234.7611 208.7583 1.4881 1.5321 4.2238 -26.7494 2.3467 49.3411 0.9816 0.1761
Car -1 -1 5.0546 403.2062 184.1397 448.2460 210.7773 1.5341 1.6080 3.5775 -11.4078 2.2667 44.9839 4.8072 0.1633
Car -1 -1 3.4055 147.9389 189.5132 241.5859 220.5734 1.5079 1.6500 3.9468 -21.5943 2.4084 37.7092 2.8882 0.1260
Car -1 -1 3.4911 376.5476 184.3755 444.7445 211.2331 1.5909 1.5668 3.7420 -12.2317 2.3160 44.4768 3.2238 0.1146
Car -1 -1 1.5810 215.1774 189.8178 247.3146 219.3701 1.5205 1.5700 3.7347 -21.7038 2.5428 41.4629 1.1011 0.1099
Car -1 -1 1.7436 214.7404 190.2437 247.7720 212.2001 1.4893 1.5622 3.7860 -28.3791 2.8452 54.2166 1.2631 0.1099
Car -1 -1 1.5314 297.2106 195.8643 328.6071 223.1754 1.4957 1.6725 4.0318 -18.6865 3.0122 45.3723 1.1424 0.1061
Car -1 -1 1.6496 201.8656 190.4570 242.2801 221.5253 1.4761 1.6023 3.7556 -20.6917 2.4685 38.6365 1.1605 0.1037
Car -1 -1 4.6667 346.4607 183.4489 405.7491 236.9529 1.4914 1.6279 3.8938 -7.5230 1.8609 23.0560 4.3542 0.1002
Car -1 -1 4.6824 400.5921 177.6913 429.3147 203.7833 1.5397 1.6332 3.8700 -12.2883 1.8584 45.4420 4.4195 0.0976
Car -1 -1 1.6318 565.0758 179.1988 583.5513 195.2083 1.4356 1.5170 3.6905 -3.2994 2.0501 68.0252 1.5832 0.0957
Car -1 -1 0.4185 379.2580 167.0262 450.5857 192.3491 1.5740 1.6858 4.0554 -12.3829 1.2118 45.9992 0.1568 0.0946
Car -1 -1 1.4207 349.1058 180.0289 393.0468 211.8664 1.5862 1.6584 4.2172 -13.0092 1.9986 39.2208 1.1021 0.0871
Car -1 -1 1.2317 391.0435 184.6662 487.4898 240.1780 1.4173 1.5929 3.8100 -5.1100 1.7996 21.3200 0.9986 0.0865
Car -1 -1 3.5004 380.2006 162.2576 454.5272 186.7190 1.5864 1.6817 4.4567 -12.7154 0.8992 47.8548 3.2419 0.0863
Car -1 -1 4.2602 305.6559 182.9313 366.6046 211.6034 1.4939 1.6352 4.0480 -15.5607 2.0939 40.9736 3.8990 0.0837
Car -1 -1 -0.0876 556.8678 179.7129 596.2764 195.2796 1.4368 1.6100 3.6126 -3.1492 2.0983 68.5506 -0.1337 0.0833
Car -1 -1 4.3809 188.1659 188.7493 231.7637 211.0422 1.5001 1.6781 3.7684 -29.4427 2.7121 53.1289 3.8767 0.0799
Car -1 -1 4.8454 392.9889 163.1371 427.6070 188.4074 1.5704 1.6544 3.9275 -12.9017 0.9666 46.8964 4.5782 0.0780
Car -1 -1 -0.5220 396.9153 182.5549 540.0040 234.9503 1.4499 1.6425 4.1418 -4.3610 1.7812 22.6699 -0.7105 0.0742
Car -1 -1 3.7894 0.0000 197.6627 67.0771 235.6932 1.4667 1.6334 3.8806 -25.0690 2.5262 29.9106 3.0961 0.0736
Car -1 -1 1.3898 280.1512 196.9732 329.5290 227.9301 1.4053 1.7151 4.0667 -16.2205 2.7584 38.3084 0.9913 0.0730
Car -1 -1 1.6970 196.2746 185.8466 233.3987 211.5207 1.5525 1.6689 3.9564 -26.1761 2.4546 47.9498 1.1993 0.0688
Car -1 -1 1.5953 198.7852 182.1420 228.3304 206.8706 1.5946 1.6982 4.1118 -27.6207 2.2720 50.4093 1.0961 0.0679
Car -1 -1 1.9306 248.3714 201.2154 312.2712 234.0863 1.3977 1.7345 3.5016 -16.1613 2.8676 35.5931 1.5068 0.0676
Car -1 -1 3.6503 169.5526 187.9753 236.6151 209.9371 1.5142 1.6440 3.8790 -29.0923 2.6152 51.7101 3.1398 0.0674
Car -1 -1 1.9412 198.8154 186.8888 242.1019 209.6756 1.5240 1.5122 3.7599 -28.3201 2.5857 52.6249 1.4494 0.0671
Car -1 -1 1.4137 332.5594 179.3227 376.5494 209.7593 1.5536 1.6679 4.1957 -14.1896 1.9325 40.0247 1.0748 0.0644
Car -1 -1 1.6355 222.1797 203.4174 278.8246 248.8682 1.4552 1.7039 3.8371 -13.8619 2.7310 28.0215 1.1794 0.0630
Car -1 -1 1.5212 273.4572 193.3637 307.8824 221.4793 1.5343 1.7607 4.2097 -19.9117 2.8774 44.9732 1.1062 0.0616
Car -1 -1 2.9857 156.5363 188.5385 243.6276 218.5977 1.5001 1.6530 3.9788 -22.5827 2.4074 39.8551 2.4728 0.0595
Car -1 -1 4.4236 433.9926 157.5523 485.5357 188.6904 1.5991 1.6785 3.9787 -8.1876 0.8133 39.2054 4.2189 0.0594
Car -1 -1 4.8858 415.7645 163.0845 452.7633 191.3032 1.8120 1.7080 4.2045 -11.7239 1.1847 48.4842 4.6496 0.0592
Car -1 -1 4.8943 131.2936 176.7805 221.6175 232.5225 1.4608 1.6042 3.6756 -12.5957 1.5871 21.1927 4.3633 0.0591
Car -1 -1 2.1002 133.0276 182.6002 211.9909 215.7145 1.4663 1.5668 3.7765 -21.0736 1.9642 34.9623 1.5609 0.0574
Car -1 -1 5.0873 399.9609 182.3849 494.5008 234.1282 1.4758 1.6386 3.9600 -5.1523 1.8128 23.4326 4.8727 0.0550
Car -1 -1 2.0671 230.0472 199.0158 317.6194 240.1275 1.4753 1.7155 3.8134 -14.0082 2.6467 30.3469 1.6375 0.0540
Car -1 -1 2.0362 298.5402 182.9803 346.3905 204.5807 1.5452 1.6365 4.4157 -22.2188 2.3633 56.0185 1.6599 0.0527
Car -1 -1 2.1002 309.3587 184.2339 380.9008 217.5652 1.5983 1.6840 4.1601 -13.9414 2.2369 38.2974 1.7530 0.0513
Car -1 -1 2.0429 216.7569 195.8970 276.8201 221.8513 1.4500 1.6840 4.2363 -23.1462 2.9937 46.2116 1.5806 0.0508