Car -1 -1 4.5129 667.8887 184.9604 792.8240 275.5961 1.5230 1.7136 3.8633 2.2846 1.8014 14.6223 4.6636 0.9565
Car -1 -1 4.8615 430.1117 184.7668 498.3086 233.6183 1.4316 1.6597 3.8264 -4.7513 1.8607 24.0432 4.6678 0.9478
Car -1 -1 1.9765 0.0000 87.7946 367.9196 375.0000 1.8991 1.7823 4.5530 -3.2501 1.5345 5.4540 1.4595 0.8785
Car -1 -1 4.5359 643.1177 180.2919 713.1303 238.7248 1.5237 1.4827 3.0431 1.9058 1.7543 20.7970 4.6252 0.7984
Car -1 -1 4.5082 615.3135 181.7821 681.7017 230.1463 1.5351 1.6238 3.6656 1.3018 1.8753 25.5529 4.5577 0.7885
Car -1 -1 4.6392 596.4247 178.5980 630.5234 208.4155 1.4869 1.5573 3.5831 0.1681 1.8084 38.5324 4.6429 0.6979
Car -1 -1 3.4546 418.9885 170.4902 516.4623 210.3707 1.7038 1.6519 3.9064 -6.2276 1.6028 31.8816 3.2628 0.3476
Car -1 -1 4.8274 468.6721 168.8066 517.9926 207.9379 1.6862 1.7693 4.0934 -5.2726 1.5118 33.1738 4.6706 0.2745
Car -1 -1 -0.2713 651.3334 178.6673 805.7964 235.7039 1.5097 1.6235 4.0056 3.2934 1.6820 20.3437 -0.1139 0.1629
Car -1 -1 0.1286 431.4429 155.4271 516.7534 189.6859 1.5761 1.6575 3.7811 -6.3518 0.7744 34.1259 -0.0542 0.1240
Car -1 -1 4.6224 575.1524 174.7757 597.2998 192.9059 1.5427 1.6361 3.5774 -2.0846 1.7172 63.6674 4.5894 0.1218
Car -1 -1 1.6112 439.2231 175.2302 458.5389 192.4753 1.4684 1.5195 3.6650 -14.2064 1.6853 63.9114 1.3931 0.1054
Car -1 -1 1.2293 752.9138 176.5091 857.6246 230.0575 1.4098 1.6477 4.2399 5.6776 1.5297 21.4778 1.4837 0.1018
Car -1 -1 3.2887 558.1999 175.3860 603.2685 193.1230 1.5074 1.6319 3.7090 -2.4825 1.7307 62.6200 3.2489 0.0849
Car -1 -1 5.2812 0.0000 127.4802 109.1240 264.5230 1.9534 1.7775 3.9264 -10.6188 1.3066 12.3471 4.5815 0.0825
Car -1 -1 4.8906 480.9162 178.4349 526.5703 209.4944 1.4535 1.6152 3.8513 -5.2813 1.7503 36.4208 4.7472 0.0768
Car -1 -1 1.6379 455.3491 155.1392 498.4322 191.1590 1.5960 1.7201 4.0973 -6.2067 0.8111 34.1020 1.4590 0.0694
Car -1 -1 4.4450 654.3730 170.7115 701.9878 199.8031 1.5155 1.6204 3.9114 3.7123 1.4039 39.6538 4.5372 0.0614
Car -1 -1 -0.2017 599.2947 176.9776 681.6608 208.2308 1.5759 1.7260 4.0539 1.5926 1.7991 37.8693 -0.1605 0.0585
Car -1 -1 3.6256 437.5777 161.0013 530.5701 192.3135 1.4740 1.6357 4.2182 -6.1473 0.9161 35.3946 3.4546 0.0581
Car -1 -1 4.6316 616.8365 183.3663 666.7595 226.8977 1.5057 1.6077 3.8245 1.1788 1.9395 27.8373 4.6727 0.0560
Car -1 -1 4.3562 662.9102 173.1784 726.7776 208.8082 1.4796 1.5881 3.7716 3.7123 1.4949 32.0215 4.4701 0.0546
Car -1 -1 1.2846 403.4352 181.4010 442.3769 204.7075 1.5758 1.6665 4.0665 -13.6297 2.2240 52.5503 1.0317 0.0532
Car -1 -1 4.6532 450.7391 168.5093 495.4538 208.7044 1.6920 1.7417 4.1080 -6.2166 1.5091 32.5781 4.4658 0.0528
Car -1 -1 3.6873 474.8030 172.6346 559.0577 203.2606 1.4282 1.5732 3.8065 -4.5143 1.4179 35.1395 3.5600 0.0525
Car -1 -1 1.6644 427.4880 174.5924 451.6493 194.6315 1.5445 1.5434 3.6989 -13.6052 1.6886 57.8860 1.4343 0.0505