Car -1 -1 2.0541 0.0000 203.1328 339.3196 375.0000 1.4149 1.6123 4.1162 -3.9693 1.7791 6.5879 1.5288 0.9686
Car -1 -1 1.7374 423.5861 183.7599 505.8287 244.6816 1.5319 1.6684 3.9987 -4.0777 1.8781 20.8852 1.5463 0.9616
Car -1 -1 1.7963 346.5460 197.8233 466.6925 281.7494 1.3462 1.5063 3.6533 -3.9319 1.9130 14.5277 1.5357 0.9613
Car -1 -1 0.9381 882.2889 92.9051 1242.0000 375.0000 1.6186 1.6465 4.2907 3.6946 1.2798 5.2380 1.5259 0.8652
Car -1 -1 4.6215 600.0270 176.2185 637.7844 207.1750 1.4799 1.5774 3.9110 0.4292 1.6616 36.9442 4.6325 0.6988
Car -1 -1 4.8930 531.3876 179.0110 565.0024 204.2065 1.5529 1.6007 3.3922 -3.9682 1.9699 47.1001 4.8089 0.4314
Car -1 -1 1.3882 615.1671 173.0391 640.2629 190.8513 1.6417 1.6641 4.1258 1.6959 1.6599 68.7144 1.4124 0.3766
Car -1 -1 1.5326 605.2502 176.0320 628.0797 197.8164 1.5753 1.5793 3.9149 0.5084 1.8250 54.7328 1.5414 0.1282
Car -1 -1 3.8100 426.2010 168.3763 498.6856 195.0659 1.4269 1.5634 3.7999 -8.1902 1.1875 40.1301 3.6097 0.1181
Car -1 -1 1.7207 460.0852 169.0616 498.4232 196.0594 1.4486 1.5619 3.8445 -7.2908 1.2451 40.6571 1.5441 0.1107
Car -1 -1 4.5434 532.1210 165.3148 563.8189 189.1986 1.7237 1.7143 4.0586 -4.6694 1.1796 54.2533 4.4576 0.1002
Car -1 -1 1.7054 476.6826 179.5043 510.5096 204.9834 1.4809 1.5705 3.8486 -7.1695 1.9126 44.8929 1.5475 0.0928
Car -1 -1 1.3060 475.8731 175.0962 512.6810 197.6205 1.5100 1.5784 3.9788 -8.1757 1.6749 50.9332 1.1473 0.0900
Car -1 -1 1.7653 590.3076 182.0074 633.7814 212.9174 1.4993 1.5634 4.0122 0.1868 2.0131 38.3766 1.7695 0.0788
Car -1 -1 4.6222 520.2474 174.1138 551.3930 198.7165 1.5482 1.6876 4.1039 -4.9254 1.6355 47.8043 4.5197 0.0786
Car -1 -1 3.1343 579.6536 175.9021 661.5190 206.2781 1.5110 1.6037 4.0923 0.5562 1.6703 36.8730 3.1488 0.0775
Car -1 -1 3.8635 447.0356 180.3968 512.5519 206.4750 1.5076 1.6161 3.8621 -7.9959 1.9892 44.3818 3.6858 0.0770
Car -1 -1 3.1858 551.3957 175.4919 637.1907 206.8595 1.5223 1.6644 4.1906 -0.7284 1.6573 36.0475 3.1652 0.0666
Car -1 -1 1.9847 521.0993 174.4666 569.2283 200.4316 1.5661 1.6331 3.8500 -4.0411 1.6732 45.8630 1.8969 0.0665
Car -1 -1 4.8204 476.4520 166.9299 500.1320 188.3583 1.9080 1.7129 4.0881 -11.1148 1.3805 66.3370 4.6548 0.0650
Car -1 -1 3.2775 509.9335 178.3151 570.5076 203.4304 1.5791 1.5708 3.7150 -4.4486 1.9384 46.6019 3.1824 0.0627
Car -1 -1 1.7539 482.9237 173.8928 516.2859 197.4182 1.5534 1.6035 3.8041 -7.5369 1.6278 49.7428 1.6040 0.0624
Car -1 -1 1.5795 488.3450 171.5229 514.5669 195.7758 1.5488 1.6602 4.1935 -7.2092 1.4638 48.2686 1.4317 0.0614
Car -1 -1 2.8578 600.7018 175.4403 653.9557 196.5974 1.5204 1.6051 3.6354 1.3036 1.7162 53.3965 2.8817 0.0602
Car -1 -1 1.3427 603.1522 186.6832 645.1845 215.1730 1.4833 1.5966 3.7945 0.7921 2.3184 41.5505 1.3609 0.0599
Car -1 -1 0.0712 509.9311 174.5281 572.8987 198.3213 1.5539 1.6637 4.0716 -4.5065 1.6675 48.1211 -0.0220 0.0597
Car -1 -1 0.6559 538.0369 176.8065 627.5624 208.6459 1.4865 1.6787 4.3564 -1.3752 1.6949 36.1144 0.6176 0.0575
Car -1 -1 3.9886 407.6370 167.6565 482.4823 198.0914 1.4586 1.5662 3.7760 -8.3041 1.2095 36.3180 3.7651 0.0563
Car -1 -1 4.4184 461.5962 175.7345 504.2403 200.7680 1.5197 1.6267 3.9497 -8.1889 1.7135 46.4212 4.2444 0.0561
Car -1 -1 1.9373 463.1239 179.8822 512.4620 207.3964 1.5345 1.6271 3.9065 -7.2605 1.9772 43.3778 1.7720 0.0546
Car -1 -1 1.4773 602.1541 176.5067 630.2964 198.8811 1.5200 1.6698 3.6791 0.4418 1.7906 51.5438 1.4853 0.0539
Car -1 -1 -0.3641 605.6884 176.0112 691.7948 206.9408 1.4738 1.6081 3.9826 1.9477 1.6375 36.0371 -0.3111 0.0537
Car -1 -1 -0.8670 616.6227 175.0411 666.2797 196.6080 1.5271 1.6153 3.7723 2.3896 1.6949 53.4141 -0.8229 0.0531
Car -1 -1 4.6461 519.8238 161.7475 548.9774 186.6616 1.6309 1.7094 4.2303 -5.1914 0.9039 49.4620 4.5418 0.0528