Car -1 -1 4.6905 619.2414 181.3730 701.9796 262.5096 1.4916 1.5663 3.6509 1.0451 1.6967 15.5123 4.7554 0.9384
Car -1 -1 4.6427 614.5581 171.2536 640.3923 192.3780 1.4048 1.5160 3.9026 1.2064 1.2983 49.9658 4.6664 0.4493
Car -1 -1 2.9824 636.2441 174.5105 701.3998 198.3769 1.4982 1.5824 3.9712 3.7800 1.6068 46.3704 3.0628 0.3044
Car -1 -1 4.7296 673.1591 176.0840 709.4811 210.8318 1.4353 1.5136 3.6505 3.6615 1.5874 32.0665 4.8417 0.2629
Car -1 -1 1.5433 166.8060 138.7207 266.5948 220.8533 1.4997 1.6505 4.1177 -8.3915 0.8765 15.3719 1.0508 0.2423
Car -1 -1 5.1280 203.2680 185.3022 432.7762 319.6113 1.5441 1.6434 3.8113 -3.9932 1.7609 10.6111 4.7754 0.2080
Car -1 -1 1.4993 696.4952 196.0066 765.3276 256.6207 1.4479 1.6519 3.9500 3.4065 2.1818 20.8329 1.6581 0.1963
Car -1 -1 0.2815 374.6807 183.4549 475.1036 217.9597 1.4611 1.5736 4.0259 -8.1230 1.9429 31.9337 0.0339 0.1863
Car -1 -1 3.8201 59.7491 182.7531 407.0979 319.0066 1.5833 1.6216 4.0914 -5.0189 1.7345 9.7917 3.3568 0.1565
Car -1 -1 1.6508 612.6186 175.2006 652.0648 207.8356 1.3946 1.5098 3.7442 1.0924 1.5085 33.0591 1.6830 0.1482
Car -1 -1 1.5414 649.6255 200.2135 711.1572 260.1890 1.4304 1.6194 3.8729 1.9910 2.3020 21.0018 1.6334 0.1347
Car -1 -1 4.3678 638.3872 173.2890 671.6005 192.2345 1.4972 1.5444 3.7254 3.6864 1.5341 59.1175 4.4294 0.1345
Car -1 -1 0.2457 557.6519 174.9610 651.7332 207.7098 1.4112 1.5926 3.9688 -0.1994 1.5097 32.4955 0.2390 0.1240
Car -1 -1 4.5509 665.6326 174.4088 703.6400 201.8864 1.5202 1.6092 3.7815 4.3293 1.6150 42.0726 4.6523 0.1070
Car -1 -1 1.3281 684.5610 206.5633 779.3354 272.2269 1.4165 1.6683 3.5286 3.1578 2.4022 19.2705 1.4868 0.0975
Car -1 -1 1.8096 429.3618 176.8823 484.1575 212.6582 1.5215 1.6120 3.6944 -6.9151 1.7160 32.9799 1.6041 0.0958
Car -1 -1 0.1994 616.1392 174.1193 712.8286 208.1920 1.4401 1.5772 4.0301 2.4423 1.4983 31.8976 0.2745 0.0931
Car -1 -1 1.2851 637.8464 174.0839 697.8505 208.5733 1.4323 1.5803 4.0672 2.5311 1.4910 32.2713 1.3621 0.0827
Car -1 -1 5.0282 434.4706 160.2842 486.1452 190.6197 1.5825 1.6765 3.7890 -8.1309 0.9268 39.6170 4.8268 0.0800
Car -1 -1 4.9060 411.2193 178.6853 463.8702 214.6222 1.5159 1.6221 3.8481 -7.8013 1.7985 33.0223 4.6754 0.0752
Car -1 -1 4.9188 147.7811 186.8874 346.8922 334.6132 1.5172 1.5762 3.7210 -4.6344 1.7461 9.7786 4.4859 0.0737
Car -1 -1 4.5641 611.6486 168.2919 643.8963 190.7691 1.4414 1.5852 3.9744 1.1784 1.1489 48.3416 4.5880 0.0728
Car -1 -1 1.2050 627.1426 176.1518 664.1404 197.0761 1.5177 1.5619 3.7887 2.7116 1.7785 55.0226 1.2536 0.0710
Car -1 -1 4.9978 621.9963 172.0299 661.0497 193.8732 1.4539 1.5853 4.2522 2.2756 1.3991 50.2958 5.0424 0.0702
Car -1 -1 -0.1075 599.2046 171.3153 661.9767 192.5375 1.4430 1.5714 4.2035 1.4309 1.3384 50.0108 -0.0794 0.0696
Car -1 -1 1.3946 591.7549 176.2696 640.5742 208.1199 1.3688 1.5766 4.0614 0.2444 1.5380 33.6021 1.4012 0.0695
Car -1 -1 1.6457 228.1882 133.0822 324.1521 209.0716 1.4607 1.5904 3.9188 -7.2444 0.6962 15.9828 1.2262 0.0693
Car -1 -1 1.5501 663.2900 177.7761 698.4531 211.8516 1.4895 1.5612 3.9459 3.3273 1.7363 34.1508 1.6458 0.0673
Car -1 -1 2.0957 0.0000 173.3146 277.6860 316.5115 1.5487 1.6244 4.1184 -6.2647 1.5564 9.8980 1.5432 0.0662
Car -1 -1 1.7834 451.6432 176.7878 503.5269 212.0605 1.5030 1.5637 3.8076 -5.9879 1.6940 33.1061 1.6054 0.0646
Car -1 -1 1.8342 177.8408 140.0888 345.2004 244.9204 1.5421 1.6091 3.9065 -5.8736 1.0601 12.6716 1.4078 0.0639
Car -1 -1 -0.1244 675.5027 174.2199 767.5310 209.3543 1.4642 1.5853 3.7322 4.7528 1.5244 30.9759 0.0259 0.0632
Car -1 -1 1.8674 622.2055 175.2751 681.3172 209.4864 1.4689 1.5959 4.1452 2.0285 1.5888 33.5156 1.9268 0.0577
Car -1 -1 1.3583 684.6443 178.3931 752.9855 223.5529 1.4326 1.5976 3.7291 3.7414 1.6414 25.2739 1.5029 0.0563
Car -1 -1 1.8691 143.4052 126.4139 299.7741 213.5297 1.5003 1.6177 3.9450 -7.5759 0.7005 14.5094 1.3953 0.0532
Car -1 -1 4.7489 643.9753 173.4466 670.9101 197.6355 1.4983 1.6027 3.9088 3.1418 1.5384 46.8188 4.8151 0.0530
Car -1 -1 2.9696 697.7099 199.4800 866.4254 258.9154 1.4739 1.7060 4.2463 4.6021 2.2372 19.7204 3.1944 0.0527
Car -1 -1 2.8561 611.0377 170.3975 680.9967 195.8716 1.5879 1.6783 4.1774 2.3225 1.4347 46.2796 2.9055 0.0523
Car -1 -1 -0.0019 634.1096 177.3595 729.8816 211.6889 1.4190 1.5439 3.9976 3.1001 1.6188 31.0368 0.0962 0.0503