Car -1 -1 4.6185 666.8271 183.6557 725.5164 230.8232 1.3612 1.5538 3.4257 2.7317 1.7365 23.3428 4.7327 0.9611
Car -1 -1 4.4145 733.1412 180.2548 936.0472 318.5874 1.4601 1.5205 3.4834 2.7419 1.5763 9.5668 4.6843 0.9468
Car -1 -1 0.5361 42.2128 188.3484 357.1346 301.0940 1.5416 1.6395 3.9014 -6.0931 1.7973 11.0103 0.0403 0.9269
Car -1 -1 0.6444 0.0000 184.6212 295.3074 330.4079 1.4719 1.6426 4.2207 -6.0817 1.6217 8.3053 0.0273 0.9145
Car -1 -1 0.3587 279.1850 185.0143 459.1887 244.1695 1.4358 1.5826 4.1486 -6.1627 1.7669 18.7601 0.0449 0.8719
Car -1 -1 -0.1667 713.9979 173.1057 818.7133 215.6705 1.6272 1.6696 3.8140 6.1289 1.6375 28.5091 0.0424 0.8685
Car -1 -1 0.3398 367.6916 174.9394 498.5533 219.7357 1.5350 1.5271 4.2804 -6.2591 1.6124 25.7962 0.1036 0.8494
Car -1 -1 3.5713 118.3581 155.5439 354.7514 237.3856 1.4200 1.6132 3.5451 -6.7760 1.1196 13.3804 3.1103 0.8363
Car -1 -1 0.3158 333.6740 180.0881 485.5183 232.4613 1.4420 1.5894 3.9614 -5.7496 1.6617 21.0094 0.0513 0.7308
Car -1 -1 4.7091 630.0231 176.0843 651.9361 195.9769 1.5031 1.6772 4.4131 2.4935 1.7704 57.4830 4.7518 0.5641
Car -1 -1 3.5574 183.9688 186.7744 389.1424 258.9383 1.4833 1.6133 3.8186 -7.0344 1.8072 15.9661 3.1480 0.5535
Car -1 -1 0.1602 429.8806 161.0983 516.0945 187.4644 1.4401 1.5824 4.5299 -7.5689 0.7980 40.2557 -0.0247 0.4807
Car -1 -1 0.4258 346.7181 179.4090 475.2686 228.1307 1.4943 1.5232 3.7356 -6.4171 1.7170 23.4642 0.1612 0.3869
Car -1 -1 4.9375 673.0164 175.2523 712.9359 202.5459 1.5329 1.5965 3.5766 4.9896 1.6817 42.8194 5.0522 0.3478
Car -1 -1 3.3942 369.2291 171.8437 481.3645 208.9013 1.4174 1.5314 4.0157 -7.1879 1.3787 28.3755 3.1480 0.2942
Car -1 -1 4.6953 470.0825 175.6638 507.7789 211.1987 1.4566 1.5472 3.6408 -5.3462 1.5880 31.8117 4.5297 0.2815
Car -1 -1 4.8223 540.4777 172.6379 562.8256 190.4447 1.5864 1.6159 4.0048 -5.2910 1.5672 66.3077 4.7427 0.2545
Car -1 -1 4.9200 423.2824 165.6622 450.5073 184.4121 1.7120 1.6926 4.0357 -16.2154 1.0554 67.9225 4.6863 0.2152
Car -1 -1 3.2552 403.3935 175.4976 508.0178 210.4366 1.4260 1.5968 4.1798 -6.4506 1.5417 30.5880 3.0486 0.2042
Car -1 -1 4.7237 530.9553 174.4110 552.5403 195.7011 1.5652 1.5904 3.7140 -5.1689 1.6886 55.2430 4.6305 0.2022
Car -1 -1 0.1972 493.5321 174.7131 553.5921 196.0005 1.4925 1.6098 4.0369 -6.1373 1.6282 51.7175 0.0794 0.2006
Car -1 -1 1.6356 886.4330 177.2396 912.3406 198.3469 1.4879 1.5520 3.8829 21.6419 1.8276 53.8151 2.0157 0.2000
Car -1 -1 1.2464 667.9022 176.9250 718.8643 206.6766 1.5639 1.6323 4.0694 4.6616 1.8056 40.6787 1.3591 0.1978
Car -1 -1 4.7593 433.2470 170.4987 478.3746 206.3512 1.3714 1.6157 4.0734 -6.2700 1.2813 29.7388 4.5529 0.1611
Car -1 -1 3.4264 441.8060 177.7162 522.7863 206.5711 1.4645 1.6158 3.9007 -6.6667 1.7273 37.9843 3.2534 0.1602
Car -1 -1 4.6910 564.5500 172.9424 584.1439 191.9982 1.5801 1.5946 3.6519 -3.0363 1.5879 61.7263 4.6417 0.1570
Car -1 -1 4.4624 886.6019 171.8349 933.3011 198.5332 1.4569 1.5683 3.7916 17.1554 1.4013 41.3615 4.8527 0.1352
Car -1 -1 3.3859 667.1275 177.8551 739.5768 204.8588 1.4820 1.6102 3.8675 5.4088 1.7804 41.5913 3.5138 0.1196
Car -1 -1 4.7673 427.6613 167.9552 450.3167 187.2528 1.5984 1.6660 4.0714 -14.6025 1.1926 61.9135 4.5364 0.1192
Car -1 -1 4.4335 655.6667 176.6967 700.1518 203.5056 1.5061 1.5997 4.0317 4.0429 1.7479 43.2752 4.5255 0.1180
Car -1 -1 1.2290 814.8536 170.3533 935.4612 238.7406 1.4800 1.5688 3.6317 6.2655 1.4259 17.4331 1.5680 0.1023
Car -1 -1 -0.0510 650.9608 176.8539 720.5550 204.4640 1.5431 1.6137 3.8997 4.3383 1.7781 41.4948 0.0519 0.1020
Car -1 -1 4.9858 711.0477 165.5396 744.9125 185.6837 1.4862 1.5640 3.9215 9.1170 0.9466 55.3430 5.1480 0.1008
Car -1 -1 1.8056 476.5434 178.7179 524.2569 209.3518 1.4998 1.6017 4.0006 -5.7120 1.8268 38.1765 1.6576 0.0952
Car -1 -1 4.8230 131.5024 154.7442 184.1183 191.1088 1.5684 1.6358 3.6582 -20.6651 0.7873 33.1231 4.2687 0.0916
Car -1 -1 1.4444 658.9286 178.5396 682.1541 195.3557 1.4739 1.6371 4.0472 5.6045 2.0156 66.6902 1.5274 0.0909
Car -1 -1 3.0152 417.6576 173.4209 510.5442 208.7250 1.5192 1.5999 3.9292 -6.5557 1.5458 32.4772 2.8172 0.0866
Car -1 -1 3.3400 409.7751 168.2859 462.2588 186.1912 1.4880 1.5806 4.0693 -14.5989 1.1084 60.8284 3.1052 0.0844
Car -1 -1 4.8568 466.3564 171.1628 512.8505 205.0537 1.5238 1.6492 3.7637 -5.6475 1.4477 34.3372 4.6946 0.0834
Car -1 -1 4.7752 224.7088 152.3873 269.8188 185.5356 1.4197 1.5907 3.7623 -16.4787 0.5431 32.9456 4.3145 0.0821
Car -1 -1 3.3934 170.2057 153.7164 275.0811 190.4436 1.5331 1.5107 3.7469 -16.6934 0.7342 31.2893 2.9067 0.0817
Car -1 -1 1.4972 372.0048 161.1277 400.1894 185.3629 1.6460 1.6334 3.8000 -15.8457 0.8496 51.0716 1.1976 0.0790
Car -1 -1 4.5358 496.0582 170.7202 529.0646 192.4169 1.5212 1.6688 4.2883 -7.1505 1.3716 52.8862 4.4018 0.0787
Car -1 -1 5.3092 0.0000 181.5471 196.9007 375.0000 1.5294 1.6350 3.8604 -4.5322 1.6128 4.9031 4.5898 0.0759
Car -1 -1 3.5770 0.0000 186.9581 247.1687 300.6369 1.4696 1.5781 3.9381 -7.7541 1.7014 10.7335 2.9629 0.0740
Car -1 -1 0.5981 502.4889 174.0225 557.5447 194.7993 1.5061 1.6213 3.8610 -5.9720 1.5963 54.1068 0.4883 0.0736
Car -1 -1 5.2601 95.6531 160.9342 160.4706 190.2703 1.8845 1.8082 3.9577 -32.1819 1.1188 48.3608 4.6754 0.0725
Car -1 -1 1.9301 899.6086 175.8176 941.3059 197.1448 1.4883 1.6025 3.7161 22.7623 1.7128 52.7744 2.3349 0.0700
Car -1 -1 3.8482 177.5341 156.9612 267.0199 183.1030 1.4457 1.6274 4.5345 -22.0867 0.5668 41.1847 3.3585 0.0694
Car -1 -1 0.7719 769.3057 168.1398 907.4056 224.5656 1.4275 1.5794 3.5891 6.2935 1.3083 20.2076 1.0692 0.0690
Car -1 -1 1.5741 654.7777 179.2523 674.8278 200.8376 1.6744 1.5868 4.0652 4.5442 2.2187 59.2974 1.6497 0.0687
Car -1 -1 1.8927 0.0000 178.3846 226.2178 375.0000 1.4896 1.6094 3.4235 -3.0406 1.5311 3.5309 1.2179 0.0679
Car -1 -1 1.6355 885.9168 176.8621 913.5330 198.7452 1.4906 1.5927 4.2070 21.0260 1.7930 52.2100 2.0161 0.0668
Car -1 -1 3.7702 427.6867 171.9222 515.2656 205.2373 1.4889 1.6252 3.8000 -6.4712 1.4472 33.7908 3.5821 0.0667
Car -1 -1 2.0286 667.9442 172.9369 735.8616 208.4910 1.5728 1.6312 3.8703 4.4050 1.5769 33.9914 2.1558 0.0646
Car -1 -1 3.2532 469.4205 175.7878 570.0185 212.0811 1.5051 1.6549 4.1146 -3.7892 1.6342 30.9074 3.1317 0.0635
Car -1 -1 0.5511 104.7627 159.1349 192.4678 185.8088 1.5280 1.6393 4.0671 -26.8947 0.7421 42.1801 -0.0138 0.0604
Car -1 -1 5.3420 0.0000 36.0580 52.0774 375.0000 1.5449 1.6475 3.9861 -4.0055 1.4283 2.7609 4.4200 0.0595
Car -1 -1 1.5414 511.9877 173.2149 535.8168 194.5784 1.4846 1.5977 3.9596 -6.2377 1.5118 52.2873 1.4229 0.0595
Car -1 -1 2.4941 489.1147 176.4944 589.1654 214.6414 1.5131 1.6531 4.1109 -2.9713 1.6796 31.0003 2.3988 0.0593
Car -1 -1 3.6022 59.7643 160.7038 181.1649 196.8934 1.5629 1.6644 4.1915 -21.7726 1.0382 32.2560 3.0121 0.0590
Car -1 -1 -0.2060 883.8127 172.0091 963.9615 199.3579 1.4730 1.5971 3.8268 17.3714 1.4275 40.0243 0.2005 0.0580
Car -1 -1 5.3742 116.5825 158.8045 189.5092 186.4761 1.5653 1.6417 3.8279 -26.9899 0.7706 42.8040 4.8143 0.0578
Car -1 -1 1.6995 622.2803 172.7542 651.4070 195.7575 1.6638 1.6686 4.2005 2.0960 1.6566 54.3970 1.7374 0.0578
Car -1 -1 1.3183 883.9114 171.1641 934.6517 199.2751 1.4769 1.6123 4.0964 16.5600 1.3881 40.0468 1.7075 0.0575
Car -1 -1 -0.2229 859.4152 177.7228 918.8116 198.6494 1.4869 1.6218 3.7890 20.4284 1.8507 52.8405 0.1437 0.0571
Car -1 -1 -0.6769 768.1874 164.7645 821.6273 183.7721 1.5351 1.6596 4.1802 15.3891 0.8818 59.8922 -0.4267 0.0564
Car -1 -1 4.6746 336.5309 164.0340 363.3185 189.0260 1.6686 1.6181 3.7269 -18.0917 1.0797 50.2042 4.3303 0.0562
Car -1 -1 -0.9537 914.0343 169.3189 986.2152 197.7937 1.5120 1.6383 3.9562 18.8942 1.3243 40.0024 -0.5156 0.0558
Car -1 -1 4.7342 361.4319 165.6678 386.3672 190.7951 1.7970 1.6740 3.7588 -17.4851 1.2831 53.6435 4.4203 0.0547
Car -1 -1 3.7780 399.3416 164.6955 449.5327 183.0174 1.6695 1.6985 4.3894 -17.2838 0.9261 67.3604 3.5276 0.0547
Car -1 -1 1.6120 383.4853 178.0552 438.2701 227.5530 1.4700 1.5730 3.7966 -6.4983 1.6567 23.8785 1.3487 0.0541
Car -1 -1 1.8279 470.4343 178.0185 522.3309 210.8795 1.5277 1.6251 3.9040 -5.6123 1.8013 36.2062 1.6748 0.0541
Car -1 -1 -0.3213 710.0154 164.7366 769.3632 184.8697 1.5032 1.6037 4.1550 9.8925 0.8971 54.9644 -0.1444 0.0541
Car -1 -1 0.2677 1.0051 164.5952 177.4960 223.4694 1.5271 1.5421 3.6997 -14.3058 1.3129 20.0678 -0.3454 0.0539
Car -1 -1 4.4995 391.1028 165.5951 418.0944 183.0304 1.5965 1.6223 4.1320 -19.4209 0.9318 68.2737 4.2232 0.0537
Car -1 -1 1.7237 654.9478 176.4022 693.4175 204.2605 1.5002 1.6131 4.0182 3.7678 1.7150 41.5457 1.8130 0.0537
Car -1 -1 1.6051 450.9687 173.1721 490.8701 207.9704 1.4710 1.6235 4.1401 -6.2250 1.4864 32.7095 1.4182 0.0536
Car -1 -1 2.0297 315.1061 162.2420 368.9799 187.4564 1.5822 1.6862 4.0564 -17.4962 0.9163 47.3844 1.6777 0.0530
Car -1 -1 4.3517 412.8383 164.9046 451.2302 186.8724 1.6956 1.6559 4.0814 -14.2638 1.0820 57.8430 4.1108 0.0529