Car -1 -1 1.8011 360.0867 179.7825 422.8857 218.4531 1.5053 1.6678 4.1034 -9.2584 1.8225 30.9353 1.5123 0.8645
Car -1 -1 5.3050 0.0000 195.5151 138.0305 323.8411 1.4524 1.6276 3.7554 -8.9681 1.8524 10.7946 4.6238 0.7436
Car -1 -1 4.7852 586.0009 169.1733 615.3143 194.0618 1.5582 1.6304 3.9843 -0.5431 1.3277 47.2109 4.7734 0.5659
Car -1 -1 1.8120 451.6080 175.8275 487.7430 197.2109 1.5226 1.6939 4.2333 -10.4433 1.7546 54.1353 1.6220 0.4475
Car -1 -1 1.2868 30.8289 190.9595 79.4912 213.8771 1.4688 1.6520 4.1213 -39.2901 2.7987 51.1108 0.6337 0.2732
Car -1 -1 4.5757 544.8721 170.1196 569.3428 189.2820 1.7601 1.7504 4.2763 -5.0154 1.5089 68.5468 4.5027 0.2163
Car -1 -1 1.8286 345.5679 185.7952 380.1944 206.9356 1.4895 1.5385 4.0061 -18.8914 2.5200 55.4016 1.5011 0.2155
Car -1 -1 1.6405 446.8945 179.0056 489.5112 215.0791 1.4548 1.5640 3.9453 -6.1792 1.7438 31.8506 1.4500 0.1637
Car -1 -1 1.8831 279.2675 190.2817 397.7963 256.9907 1.4494 1.6607 4.1824 -6.9264 1.9572 18.9031 1.5358 0.1551
Car -1 -1 1.7816 361.0916 176.8007 432.4356 222.9663 1.4313 1.5736 3.7001 -7.1599 1.5763 24.5962 1.5008 0.1518
Car -1 -1 0.7469 428.4348 176.0752 481.2926 197.1418 1.4886 1.6155 3.6907 -11.3982 1.7330 53.1214 0.5362 0.1506
Car -1 -1 1.7212 407.3537 179.9282 431.5902 197.5532 1.5687 1.6438 3.8255 -17.8303 2.2530 67.8073 1.4648 0.1290
Car -1 -1 4.7223 164.8611 176.7453 193.5490 202.3076 1.6009 1.5776 3.7498 -28.4860 1.8697 47.8197 4.1873 0.1234
Car -1 -1 1.8495 343.8945 186.6452 447.7500 248.6443 1.4260 1.6019 4.0815 -5.6430 1.8387 19.5456 1.5715 0.1217
Car -1 -1 1.5681 583.1522 167.9743 611.7183 195.8820 1.6546 1.6941 4.1644 -0.7603 1.3653 44.8786 1.5508 0.1194
Car -1 -1 1.6476 61.6419 195.6562 116.7854 235.5490 1.4456 1.5853 3.7450 -21.8903 2.4719 30.4609 1.0284 0.1166
Car -1 -1 2.3277 0.0000 184.6574 128.1080 375.0000 1.4709 1.6022 3.9753 -6.8887 1.6200 7.1211 1.5776 0.1129
Car -1 -1 1.6741 88.8407 185.9945 123.7905 209.6745 1.4719 1.5558 3.8367 -34.2565 2.4052 49.1875 1.0681 0.1117
Car -1 -1 1.6348 421.3767 181.6870 466.4513 219.5330 1.4694 1.6289 3.9624 -7.0681 1.8753 31.0717 1.4125 0.1076
Car -1 -1 1.5407 225.7111 185.3452 247.7115 203.8795 1.4809 1.5825 3.8927 -32.3412 2.5998 62.5481 1.0650 0.1000
Car -1 -1 2.1462 63.3398 194.1870 163.3127 232.9938 1.4513 1.6289 4.0086 -21.3350 2.4342 31.2252 1.5506 0.0949
Car -1 -1 2.0521 25.6939 196.8676 121.8358 238.5270 1.4335 1.6025 3.5703 -21.3247 2.4576 28.8864 1.4204 0.0945
Car -1 -1 1.1703 324.4439 184.6907 367.5770 205.3121 1.4489 1.6720 3.9857 -20.1350 2.3853 55.0525 0.8209 0.0933
Car -1 -1 3.0047 531.5613 171.9471 576.3669 188.2011 1.4858 1.6571 3.9707 -5.1890 1.4029 67.1883 2.9276 0.0888
Car -1 -1 1.4412 65.0332 185.7719 103.3236 210.0499 1.4963 1.6097 3.7940 -35.3051 2.3984 48.4566 0.8140 0.0840
Car -1 -1 3.7728 0.0000 197.4625 122.0056 235.0881 1.4442 1.6151 3.8863 -22.5137 2.4831 29.6247 3.1271 0.0821
Car -1 -1 1.7967 56.0972 183.0426 105.3974 209.7966 1.5662 1.6518 4.1060 -33.7385 2.2490 46.1377 1.1679 0.0798
Car -1 -1 -0.1254 577.2946 169.5393 640.2836 193.7302 1.5190 1.6080 3.8747 -0.0735 1.3109 46.3505 -0.1273 0.0758
Car -1 -1 1.7887 452.2814 177.5510 502.5505 210.7677 1.4668 1.5638 3.7749 -6.2209 1.7027 34.3207 1.6103 0.0697
Car -1 -1 1.5724 488.1154 171.0832 512.7052 195.9270 1.6485 1.6173 3.7898 -7.5378 1.5310 49.8701 1.4228 0.0675
Car -1 -1 1.9280 41.1339 189.9465 92.9727 214.8875 1.5704 1.5829 4.0282 -37.9226 2.8187 50.5403 1.2867 0.0666
Car -1 -1 1.8565 116.0004 188.0328 189.8794 225.4839 1.4417 1.6498 4.0433 -19.9520 2.1542 31.7030 1.2983 0.0664
Car -1 -1 2.1621 130.6785 185.8084 230.4374 225.1309 1.4615 1.6066 4.0218 -17.8383 2.0412 30.2299 1.6326 0.0659
Car -1 -1 -0.1074 455.7311 179.2474 544.3055 212.5129 1.4615 1.6323 3.9116 -5.1012 1.7696 33.4839 -0.2579 0.0659
Car -1 -1 1.7736 52.9842 181.5240 102.5884 209.9391 1.5230 1.5110 4.1820 -31.0550 2.0572 42.2404 1.1425 0.0651
Car -1 -1 1.8897 310.2159 183.6193 413.0462 242.4054 1.4717 1.6023 3.9860 -7.0013 1.8117 20.7895 1.5681 0.0651
Car -1 -1 1.8359 432.2549 174.8421 486.3292 208.0535 1.4984 1.6025 3.7838 -7.1626 1.5994 34.7235 1.6336 0.0636
Car -1 -1 1.5101 591.9086 170.7754 623.3334 197.1884 1.5073 1.6381 3.9914 -0.1583 1.3887 43.2208 1.5061 0.0618
Car -1 -1 5.0265 553.6652 168.9803 585.1120 188.5277 1.8011 1.7656 4.2437 -3.7884 1.4442 68.7613 4.9714 0.0604
Car -1 -1 1.4551 216.7941 184.2712 246.8839 205.3957 1.5824 1.6736 4.4909 -30.8585 2.5511 58.8920 0.9740 0.0600
Car -1 -1 1.9098 52.5212 192.5829 102.2718 214.8354 1.4400 1.7571 3.7229 -38.5309 2.9267 52.3376 1.2774 0.0590
Car -1 -1 4.8393 500.2831 170.6925 528.8769 194.1871 1.6422 1.6008 3.6517 -6.8434 1.4912 52.2628 4.7094 0.0584
Car -1 -1 1.7725 29.7106 189.7758 108.8940 234.8458 1.4941 1.6303 4.0633 -20.6559 2.1961 27.7471 1.1370 0.0565
Car -1 -1 2.4973 103.3130 184.1398 227.6454 226.2434 1.5039 1.6409 4.1113 -17.8162 1.9948 29.1719 1.9528 0.0553
Car -1 -1 1.1567 390.4447 182.0242 425.0078 199.0274 1.4770 1.6247 3.9819 -18.7515 2.3539 66.9473 0.8843 0.0551
Car -1 -1 1.9445 110.1017 183.0238 159.9003 205.7744 1.5320 1.6108 4.2028 -34.6459 2.3074 52.7936 1.3658 0.0546
Car -1 -1 0.8105 0.0000 197.4419 141.9401 314.3755 1.4509 1.5776 3.9903 -9.1506 1.8370 10.3480 0.0991 0.0546
Car -1 -1 3.3837 254.7382 187.1472 429.7709 246.7723 1.4756 1.6236 4.1311 -7.0505 1.8794 19.3655 3.0383 0.0531
Car -1 -1 3.2967 438.2515 174.3757 495.5710 196.3082 1.5746 1.6173 3.9115 -10.4053 1.6879 52.8095 3.1028 0.0528
Car -1 -1 1.7752 446.6628 174.9454 491.5658 204.4887 1.5173 1.6213 3.9764 -7.5959 1.6371 39.3397 1.5853 0.0524
Car -1 -1 1.3030 408.7637 178.6583 440.7721 197.7812 1.5992 1.6611 4.3487 -16.4329 2.1328 64.0362 1.0525 0.0523
Car -1 -1 1.7456 445.2240 175.4095 477.6286 198.2868 1.5817 1.6185 4.0560 -10.7101 1.7745 52.3916 1.5446 0.0506
Car -1 -1 -1.3636 632.4236 176.3152 670.8555 201.2802 1.4534 1.5752 4.0783 2.6587 1.6787 44.7841 -1.3051 0.0505