Car -1 -1 4.4088 790.7215 181.8164 992.7799 298.7053 1.3068 1.5677 3.5336 3.7131 1.4550 10.1366 4.7497 0.9775
Car -1 -1 4.5295 761.2220 175.5476 882.6823 256.1762 1.4539 1.6688 4.2451 4.3327 1.5194 15.3441 4.7989 0.9135
Car -1 -1 -0.1090 760.6804 164.3796 912.2745 223.6976 1.4773 1.5182 3.6642 5.8784 1.2663 19.0539 0.1854 0.4936
Car -1 -1 4.7076 757.1273 163.2466 825.4952 225.1232 1.5815 1.7130 4.3189 5.1926 1.3359 20.7413 4.9491 0.3463
Car -1 -1 5.0035 821.1685 164.0404 863.8367 189.0223 1.5915 1.6404 3.9656 15.5522 1.0300 48.0655 5.3144 0.2162
Car -1 -1 3.0763 757.4008 152.4583 851.1729 188.3503 1.4822 1.5797 3.7802 8.2747 0.6399 30.9351 3.3352 0.0949
Car -1 -1 5.0601 738.2217 154.4301 782.2310 184.9435 2.2494 1.9554 4.3447 11.6411 0.8912 55.5535 5.2654 0.0781
Car -1 -1 1.7796 708.6050 171.3373 763.6624 206.1602 1.4902 1.6384 4.2991 5.8845 1.4253 33.1772 1.9531 0.0775
Car -1 -1 4.5503 759.7419 150.0080 813.2269 186.7594 1.5374 1.6670 4.1077 7.8405 0.5817 32.2939 4.7863 0.0735
Car -1 -1 3.4739 752.8499 179.2668 852.8782 213.3326 1.4857 1.6599 4.2508 9.0869 1.8049 34.0459 3.7320 0.0655
Car -1 -1 4.3483 953.5441 181.8812 1217.9580 322.5129 1.4904 1.6356 3.9478 6.2186 1.6416 10.0021 4.8906 0.0644
Car -1 -1 4.8934 834.8251 156.6959 877.8615 185.2297 1.5547 1.6584 3.9608 14.2158 0.6743 41.4480 5.2215 0.0633
Car -1 -1 4.8924 792.6406 145.3658 837.8818 182.9630 2.1126 1.8396 4.3616 12.2805 0.5680 42.9057 5.1692 0.0598
Car -1 -1 1.5063 753.3058 159.9545 799.0222 199.5088 1.5452 1.6094 3.7100 6.8988 1.0413 30.1464 1.7288 0.0597
Car -1 -1 2.8049 990.2543 180.1508 1242.0000 302.2285 1.4897 1.6131 4.2380 7.9967 1.6088 10.3791 3.4470 0.0525
Car -1 -1 4.4919 735.9702 159.1562 792.7818 194.1602 1.4812 1.6150 4.2082 6.9225 0.9016 32.6470 4.6987 0.0519
Car -1 -1 3.5036 751.9437 155.4163 833.5559 183.3590 1.5686 1.7052 4.3296 10.7447 0.5897 42.4401 3.7498 0.0519