Car -1 -1 1.9786 0.0000 194.5302 461.6953 375.0000 1.4966 1.6668 3.7148 -2.4154 1.7238 5.6880 1.5922 0.9803
Car -1 -1 1.7737 532.7641 179.5324 605.5841 232.3007 1.4871 1.5736 3.6716 -1.1881 1.7156 22.7568 1.7214 0.9406
Car -1 -1 1.6197 525.3033 178.1475 545.0933 195.8118 1.4944 1.5606 3.9429 -6.5948 1.9806 64.2583 1.5174 0.2455
Car -1 -1 1.3657 512.4510 181.6101 545.0921 203.3892 1.4786 1.5905 4.0147 -5.9575 2.1463 52.8725 1.2536 0.1844
Car -1 -1 1.3462 582.8211 176.0599 609.6180 194.0400 1.4846 1.5027 3.8014 -1.1831 1.7705 62.3232 1.3269 0.1443
Car -1 -1 1.4303 365.9320 186.8212 407.9861 217.9581 1.4260 1.5556 3.6562 -11.3949 2.1769 36.8104 1.1317 0.1338
Car -1 -1 2.6218 525.5699 176.6491 614.4726 208.6051 1.5255 1.6931 4.2398 -1.9866 1.7286 36.7490 2.5676 0.1285
Car -1 -1 3.7450 523.9622 175.4967 602.5289 205.8898 1.5378 1.6771 3.9294 -2.4893 1.6853 38.5363 3.6804 0.1162
Car -1 -1 1.5303 405.6463 182.9180 435.0703 210.5802 1.5262 1.5587 3.7968 -11.3965 2.1591 43.3382 1.2743 0.1009
Car -1 -1 1.6350 565.9272 176.1143 604.3217 209.9954 1.6128 1.6909 4.1920 -1.1938 1.7890 36.8757 1.6023 0.0855
Car -1 -1 4.8494 414.5538 188.5908 448.5455 214.3741 1.4990 1.6087 3.8014 -11.3838 2.5525 46.3312 4.6093 0.0708
Car -1 -1 5.0533 559.3318 176.0307 613.3696 206.2812 1.5134 1.6559 3.9842 -1.1832 1.6933 38.6997 5.0224 0.0697
Car -1 -1 1.8844 517.7615 183.3168 574.5226 217.0248 1.5112 1.6481 3.9916 -3.0775 2.0612 35.8011 1.7987 0.0659
Car -1 -1 1.6323 414.4576 186.7110 458.7029 225.0588 1.4798 1.6233 3.8864 -7.4601 2.1219 31.3803 1.4002 0.0626
Car -1 -1 4.6351 530.3884 174.3052 574.6927 212.0139 1.4255 1.5361 3.1817 -2.3440 1.4875 29.0985 4.5549 0.0609
Car -1 -1 4.2731 551.7818 177.5072 592.1887 197.4043 1.4850 1.6350 4.0120 -3.0076 1.8665 57.0126 4.2203 0.0560
Car -1 -1 1.6447 519.1781 177.5854 540.9599 196.2054 1.5433 1.5868 4.1176 -6.9035 1.9697 62.9489 1.5356 0.0553
Car -1 -1 2.2592 514.1002 180.4797 565.2149 204.1305 1.5960 1.5046 3.9478 -5.0018 2.1681 52.0747 2.1635 0.0548
Car -1 -1 1.5913 579.7474 175.7993 601.3635 196.3552 1.5891 1.6647 4.2213 -1.5091 1.8365 58.5007 1.5652 0.0528
Car -1 -1 4.7207 495.9023 175.7722 538.8748 214.6836 1.4496 1.6105 3.6597 -3.6938 1.5749 29.0775 4.5950 0.0520
Car -1 -1 1.6375 501.2190 186.8311 538.4387 219.7190 1.4584 1.5684 3.6794 -4.3632 2.1821 35.4755 1.5154 0.0513
Car -1 -1 4.5668 430.7829 212.8482 584.9785 352.9482 1.4570 1.6921 4.0390 -1.7194 2.1835 10.9272 4.4128 0.0507