Car -1 -1 5.1356 0.0000 195.1299 223.9313 325.3983 1.4077 1.5695 3.8178 -6.9102 1.5745 10.0862 4.5471 0.9727
Car -1 -1 4.6519 530.6779 181.0856 597.4515 242.6559 1.6247 1.7088 3.5489 -1.3269 1.5157 20.8351 4.5886 0.9682
Car -1 -1 4.7580 428.7506 184.4018 489.2961 237.9253 1.5568 1.7037 3.4348 -4.6094 1.5331 22.7359 4.5598 0.9619
Car -1 -1 4.9984 204.3273 187.4581 326.7170 252.4290 1.4742 1.6393 4.4929 -8.7427 1.5402 18.8135 4.5685 0.9465
Car -1 -1 4.8869 327.7322 183.9557 387.7361 220.4454 1.4324 1.6785 4.1802 -10.4620 1.3829 30.4120 4.5580 0.9048
Car -1 -1 5.1170 99.2808 182.0658 225.7314 237.1998 1.4014 1.6489 3.7593 -12.3510 1.3213 20.2467 4.5749 0.8563
Car -1 -1 1.7461 365.1679 180.5285 409.7593 208.6777 1.4561 1.6018 4.2901 -11.9773 1.2137 39.4101 1.4526 0.5496
Car -1 -1 1.4857 499.8979 183.6261 525.1951 202.0524 1.4567 1.7064 4.2258 -7.8110 1.3310 59.0750 1.3544 0.5011
Car -1 -1 4.8574 292.8041 185.4180 331.8015 213.3462 1.5221 1.5438 3.6577 -16.8341 1.5342 41.1663 4.4711 0.3994
Car -1 -1 5.0307 200.6800 169.9551 276.6818 208.4955 1.4483 1.6162 3.7458 -14.7549 0.8748 28.9857 4.5635 0.3518
Car -1 -1 3.4806 158.1640 171.1529 264.6228 209.3774 1.4226 1.5634 3.2680 -15.2207 0.8992 27.7825 2.9834 0.2632
Car -1 -1 1.7381 546.2105 171.3430 573.1291 189.6444 1.4832 1.6143 3.9622 -3.9517 0.3589 60.3107 1.6726 0.2463
Car -1 -1 1.5804 328.9500 180.7108 352.4981 202.3373 1.5146 1.5545 3.7587 -19.3874 1.1991 52.3747 1.2272 0.1809
Car -1 -1 3.3103 382.1492 179.2071 438.0789 200.0211 1.5044 1.6229 3.7522 -14.4774 1.0701 52.9477 3.0443 0.1752
Car -1 -1 1.3840 496.4261 180.1739 528.2229 202.5430 1.6911 1.7026 4.3656 -7.5207 1.3099 56.6847 1.2523 0.1570
Car -1 -1 1.7856 540.3169 170.6054 572.2600 191.8064 1.6419 1.6865 4.3005 -4.0570 0.5104 57.9208 1.7157 0.1516
Car -1 -1 4.7375 406.6484 178.4906 430.3796 199.6623 1.5313 1.6253 3.7504 -14.1415 1.0449 54.0048 4.4823 0.1336
Car -1 -1 1.4144 468.6462 188.0160 496.0943 206.5781 1.4784 1.6668 3.9211 -10.4521 1.7205 60.0192 1.2423 0.1293
Car -1 -1 1.5331 328.1399 178.4500 347.7122 195.4372 1.4981 1.5292 3.8032 -24.5338 0.9014 65.4442 1.1755 0.1115
Car -1 -1 1.5900 509.9768 181.3578 532.8749 203.5236 1.6571 1.6849 4.2509 -6.6390 1.3687 55.9382 1.4720 0.1055
Car -1 -1 -0.3264 586.3622 180.0307 689.7312 215.8648 1.4321 1.6318 4.0087 1.2750 1.2249 30.0744 -0.2848 0.1032
Car -1 -1 3.3188 322.7038 183.6429 403.9362 212.3221 1.4738 1.6075 3.8424 -12.8369 1.3930 38.0180 2.9949 0.1023
Car -1 -1 1.5097 358.7739 177.3433 381.6172 196.3032 1.5063 1.5569 3.8418 -19.5353 0.8809 59.1821 1.1919 0.0992
Car -1 -1 1.8343 160.6662 173.9493 225.8556 208.7270 1.5277 1.6031 4.1803 -19.3627 1.0328 33.8015 1.3173 0.0976
Car -1 -1 4.4301 581.5472 173.2880 620.2079 196.0870 1.5133 1.6076 4.0751 -0.4846 0.7216 49.8972 4.4201 0.0967
Car -1 -1 1.3401 589.7124 195.0949 655.4160 237.5257 1.3968 1.6115 3.7066 0.4931 1.7892 26.5689 1.3579 0.0939
Car -1 -1 4.8609 380.6844 176.7385 413.2769 201.0397 1.5299 1.5342 3.5577 -13.7371 0.9962 47.1208 4.5785 0.0927
Car -1 -1 1.5650 272.8354 177.4913 298.1319 200.8477 1.5269 1.5196 3.9555 -21.9816 1.0219 49.1102 1.1459 0.0901
Car -1 -1 1.5035 383.9007 189.8500 427.2012 222.6195 1.4122 1.6899 4.1207 -9.5402 1.6447 33.8326 1.2303 0.0839
Car -1 -1 0.2382 212.8881 176.1224 324.1408 212.2049 1.4624 1.5562 3.9824 -14.1802 1.0939 30.2871 -0.1965 0.0822
Car -1 -1 4.2818 261.0823 168.0272 308.7534 191.6173 1.7435 1.7135 4.2791 -24.7655 0.4731 55.1844 3.8616 0.0791
Car -1 -1 3.4203 491.3691 183.2351 543.7802 201.5566 1.4538 1.6928 3.8933 -7.2332 1.2966 58.1766 3.2967 0.0789
Car -1 -1 1.6243 489.1343 178.9449 513.6994 200.6274 1.6120 1.6564 4.1348 -8.1418 1.1458 55.5795 1.4792 0.0779
Car -1 -1 1.5442 542.1422 169.7517 563.8162 189.6563 1.5814 1.6689 4.2261 -4.5026 0.3528 59.3000 1.4684 0.0778
Car -1 -1 3.5363 547.0544 173.4254 605.8486 193.7739 1.4876 1.5616 4.1293 -2.3083 0.6257 53.9971 3.4934 0.0752
Car -1 -1 4.8684 592.9597 181.2652 643.2598 216.9570 1.4463 1.6125 3.7255 0.5317 1.2863 31.1037 4.8848 0.0737
Car -1 -1 1.6089 301.6617 197.1190 334.0454 223.1367 1.4663 1.7067 3.7772 -17.8517 2.2368 44.4677 1.2287 0.0736
Car -1 -1 1.4087 541.2581 171.5906 572.2194 193.6688 1.6525 1.7313 4.3339 -3.9796 0.6327 56.1139 1.3379 0.0721
Car -1 -1 2.2895 528.5375 191.7430 604.8716 223.7998 1.4807 1.6676 3.9012 -1.9784 1.8271 36.0900 2.2346 0.0720
Car -1 -1 1.7778 505.5698 183.0889 535.6514 202.0603 1.4847 1.6495 3.9146 -6.9803 1.3183 58.2809 1.6586 0.0702
Car -1 -1 4.8825 564.8240 172.7598 594.3594 193.4438 1.5303 1.6164 3.9818 -2.0835 0.6087 55.2633 4.8446 0.0696
Car -1 -1 1.9360 525.2975 174.1029 563.8788 195.4941 1.6244 1.7069 4.0259 -4.8976 0.7805 56.7601 1.8500 0.0663
Car -1 -1 1.5650 573.4888 193.3643 608.4079 223.6578 1.4638 1.7351 3.5423 -0.8583 1.9092 37.4975 1.5417 0.0656
Car -1 -1 4.8754 226.6326 174.9510 282.9495 211.2992 1.4775 1.6001 3.6948 -15.2262 1.0603 31.2194 4.4248 0.0652
Car -1 -1 4.6137 380.1761 187.0809 429.6242 223.1720 1.4353 1.6604 4.0870 -8.7848 1.5215 31.0214 4.3396 0.0627
Car -1 -1 2.0336 259.0461 178.7482 326.8561 209.4342 1.5619 1.6449 4.1700 -16.8290 1.2327 38.7176 1.6258 0.0609
Car -1 -1 -0.7500 250.5250 192.4606 593.6841 352.5934 1.4783 1.5309 4.1601 -2.0073 1.5904 8.9758 -0.9641 0.0592
Car -1 -1 1.1769 589.1140 194.7938 646.9981 226.7057 1.4656 1.7345 3.3726 0.4945 1.9708 36.0345 1.1899 0.0587
Car -1 -1 4.5341 550.1064 172.0839 579.9369 193.0580 1.5470 1.6164 3.8864 -3.2676 0.5784 55.1001 4.4748 0.0580
Car -1 -1 4.6366 193.2379 166.9183 234.4335 197.6228 1.4767 1.5708 3.6853 -20.0298 0.5967 36.5455 4.1382 0.0573
Car -1 -1 2.0155 305.8781 178.2212 356.3607 203.0026 1.6120 1.6687 3.9141 -18.6667 1.1570 48.7778 1.6515 0.0571
Car -1 -1 1.7151 576.3561 176.1483 610.8997 202.7497 1.6666 1.7049 3.9966 -0.8442 1.0985 47.1262 1.6968 0.0564
Car -1 -1 -0.6837 599.9261 189.7701 683.5460 220.2950 1.4704 1.7228 4.1614 1.8158 1.7178 37.1312 -0.6357 0.0561
Car -1 -1 1.7959 326.3696 180.9685 362.2727 203.1245 1.5227 1.5766 3.8899 -18.7569 1.2308 51.4315 1.4475 0.0559
Car -1 -1 3.8583 187.5447 171.1485 298.3591 209.3282 1.4823 1.6159 3.9217 -14.7633 0.9362 29.1811 3.3935 0.0558
Car -1 -1 3.6975 293.3910 180.9542 357.3309 202.1109 1.4994 1.6427 4.0626 -20.4162 1.1974 52.1241 3.3256 0.0555
Car -1 -1 1.7173 284.4662 195.2181 325.9845 222.6172 1.4913 1.7382 3.6905 -17.8335 2.1118 42.5916 1.3225 0.0551
Car -1 -1 1.5517 559.1575 173.4938 580.5460 193.7018 1.5630 1.6337 4.1663 -3.0293 0.6564 57.7382 1.4992 0.0550
Car -1 -1 1.6115 122.8146 218.8743 235.0937 319.5227 1.4646 1.6526 4.0383 -8.2280 2.2259 14.0864 1.0905 0.0547
Car -1 -1 0.1128 432.4890 159.2059 496.2411 185.0611 1.6170 1.6483 3.8331 -9.0855 -0.0101 45.9457 -0.0814 0.0536
Car -1 -1 0.1957 195.5890 169.5611 313.3682 209.7522 1.5104 1.6498 3.9116 -13.7823 0.9221 28.3047 -0.2538 0.0532
Car -1 -1 0.9618 109.6589 176.2507 199.3354 209.1193 1.5065 1.6164 4.0599 -21.7218 1.0956 34.4878 0.4030 0.0515
Car -1 -1 2.0698 162.8198 170.2399 255.5118 209.2891 1.4271 1.5741 3.7045 -15.4532 0.8798 28.1249 1.5712 0.0514
Car -1 -1 5.4243 299.0161 185.5076 370.4535 212.6398 1.4762 1.6015 4.0107 -15.5802 1.4939 41.3172 5.0654 0.0510