Car -1 -1 4.4392 707.7561 185.1572 862.9445 296.4053 1.5288 1.5836 3.4944 2.7649 1.7656 12.0994 4.6573 0.9744
Car -1 -1 4.9122 382.0241 194.8523 477.4134 260.7354 1.3923 1.6292 3.6763 -4.4530 2.0090 18.3608 4.6767 0.9739
Car -1 -1 4.5794 656.1688 182.9349 722.4991 234.8594 1.4369 1.5820 3.4816 2.3992 1.7747 22.4143 4.6838 0.9561
Car -1 -1 4.8747 449.2693 182.5217 511.1950 231.6230 1.6696 1.6446 4.2277 -4.8367 2.0664 27.4929 4.7015 0.9228
Car -1 -1 4.6138 634.5020 179.0794 670.5359 210.2266 1.5390 1.5591 3.4744 2.2274 1.8832 38.1260 4.6711 0.6830
Car -1 -1 1.6440 498.8131 185.5092 530.8188 215.1539 1.5516 1.5409 3.7870 -5.3866 2.3107 41.3494 1.5147 0.5161
Car -1 -1 1.5223 474.1249 172.6970 499.4368 193.3811 1.4683 1.6342 4.5758 -9.1620 1.4572 53.6304 1.3536 0.4017
Car -1 -1 4.4815 700.7598 177.7502 752.6768 209.3408 1.4027 1.5832 3.9807 5.5675 1.6522 34.7153 4.6386 0.3876
Car -1 -1 1.6402 523.4426 184.1904 547.8364 205.3664 1.5523 1.6416 4.0719 -5.8212 2.4828 57.1609 1.5387 0.3566
Car -1 -1 1.8424 647.9460 173.2993 676.8077 191.4060 1.6614 1.6646 4.2246 5.0547 1.7051 68.5862 1.9153 0.2203
Car -1 -1 4.7841 650.6694 172.0073 674.3007 192.4198 1.6052 1.6366 4.0628 4.3490 1.5386 58.8670 4.8572 0.1411
Car -1 -1 2.7409 776.3761 175.6588 875.5118 209.6079 1.5163 1.7100 4.0615 9.9992 1.6507 33.4843 3.0282 0.1285
Car -1 -1 1.7061 595.4387 181.1609 618.9714 198.3824 1.5067 1.6239 4.4242 -0.1867 2.3120 67.6455 1.7029 0.1110
Car -1 -1 1.0528 651.5568 176.5666 689.3858 194.1134 1.4730 1.5764 3.9352 5.3296 1.8110 63.5828 1.1356 0.1072
Car -1 -1 1.4830 496.3710 172.3790 518.3649 190.4990 1.5799 1.6242 3.9173 -9.2327 1.5385 65.0033 1.3422 0.1048
Car -1 -1 1.6313 633.1518 178.8969 663.6016 204.8713 1.4757 1.6220 3.8376 2.4012 1.8603 43.9217 1.6850 0.1033
Car -1 -1 -0.1758 634.8138 179.8965 718.5619 210.4101 1.5153 1.6352 4.0831 3.4309 1.8888 37.2774 -0.0853 0.0968
Car -1 -1 1.7208 526.2772 184.3183 555.2669 206.5091 1.5822 1.6134 4.2557 -5.2832 2.5041 55.8561 1.6264 0.0918
Car -1 -1 2.8690 729.1252 173.1162 829.3406 208.9476 1.6111 1.7139 4.2089 7.8034 1.6236 33.4087 3.0960 0.0913
Car -1 -1 1.4318 472.9550 172.4036 503.5020 194.5827 1.5330 1.6161 4.1391 -8.7954 1.5018 52.0873 1.2650 0.0904
Car -1 -1 4.5861 683.5372 178.2153 717.4325 207.3759 1.5980 1.4908 3.7780 5.2645 1.9251 42.1282 4.7090 0.0902
Car -1 -1 4.5834 494.6266 184.1503 530.8760 212.2902 1.5201 1.6386 3.8978 -5.7782 2.2223 42.7540 4.4494 0.0849
Car -1 -1 4.3348 811.5012 178.6814 876.9496 212.0815 1.4679 1.6461 3.8503 11.0959 1.7615 34.3770 4.6440 0.0832
Car -1 -1 0.1160 626.1031 171.3997 677.0502 190.6861 1.5163 1.6539 3.9152 3.3873 1.4019 57.8800 0.1739 0.0823
Car -1 -1 0.3540 472.0092 185.5395 547.4760 214.3380 1.5601 1.5843 3.9816 -5.7022 2.3082 41.3491 0.2172 0.0807
Car -1 -1 1.5195 523.0704 184.4537 547.8835 206.0722 1.4974 1.6574 3.7993 -5.5881 2.3999 54.1333 1.4167 0.0794
Car -1 -1 4.3667 613.4724 167.2715 649.5591 187.8486 1.6304 1.6798 4.0837 1.7647 1.1881 59.3709 4.3959 0.0736
Car -1 -1 1.6137 567.8021 181.5347 591.2186 202.3288 1.4938 1.6290 3.9682 -2.2782 2.1851 55.4774 1.5724 0.0703
Car -1 -1 3.0465 512.8768 184.7234 563.1976 205.9719 1.5869 1.5953 3.7736 -5.5969 2.5322 56.3158 2.9474 0.0692
Car -1 -1 1.0672 850.5441 174.7332 928.9030 208.8569 1.4572 1.6254 3.9633 12.7579 1.5488 33.1154 1.4315 0.0676
Car -1 -1 1.4236 456.8054 174.0057 487.9951 194.3208 1.4540 1.6709 4.4446 -10.3588 1.5445 54.2860 1.2356 0.0664
Car -1 -1 1.2757 634.2416 179.3637 679.0690 206.4841 1.4862 1.6059 3.7578 2.7243 1.8880 42.5208 1.3387 0.0663
Car -1 -1 1.3386 640.0469 173.3314 666.1022 190.2908 1.5476 1.5829 3.9474 4.0709 1.5940 68.0416 1.3977 0.0632
Car -1 -1 1.8143 679.1448 173.4337 717.9307 197.2625 1.4949 1.6083 4.0517 5.9071 1.5349 47.5517 1.9368 0.0632
Car -1 -1 -0.2103 643.5367 177.0662 717.2101 203.5216 1.5069 1.6304 4.0638 4.1389 1.7609 42.4728 -0.1143 0.0627
Car -1 -1 4.5083 615.1011 173.5595 654.4465 199.8938 1.5419 1.6256 4.0803 1.5044 1.5875 44.5100 4.5414 0.0621
Car -1 -1 1.3095 655.9916 177.9661 690.3023 198.4536 1.5182 1.6359 4.2799 4.9625 1.9368 56.8398 1.3957 0.0617
Car -1 -1 1.5293 488.0830 192.9975 527.9713 228.7405 1.4946 1.7329 4.1905 -4.9620 2.5305 34.8887 1.3884 0.0613
Car -1 -1 1.4866 535.4064 184.0283 561.6194 205.6777 1.5136 1.6468 4.0283 -4.6666 2.3945 54.7607 1.4015 0.0598
Car -1 -1 1.7505 468.3021 187.5153 526.3825 229.8394 1.5790 1.6869 4.2350 -4.6659 2.2431 30.5422 1.5995 0.0597
Car -1 -1 4.9342 649.4037 178.6761 713.5306 223.8219 1.5322 1.6143 3.6918 2.7585 1.7664 27.0127 5.0341 0.0591
Car -1 -1 4.6671 391.2446 180.8807 431.9990 217.0823 1.4540 1.5716 3.7046 -8.7864 1.8308 31.8725 4.3998 0.0575
Car -1 -1 1.8430 507.9711 172.9187 537.8923 191.2496 1.6027 1.6518 4.0630 -7.7931 1.6088 65.2349 1.7243 0.0575
Car -1 -1 2.4622 805.6052 178.2545 898.4075 211.7186 1.4770 1.6184 3.9914 11.3455 1.7408 33.7759 2.7831 0.0571
Car -1 -1 1.5921 629.9026 180.5048 660.3295 210.7324 1.5880 1.6433 4.1698 2.0693 2.0468 41.1259 1.6414 0.0571
Car -1 -1 3.6094 585.8225 177.1405 656.5125 203.6232 1.5161 1.6348 3.9455 0.6900 1.7841 43.4774 3.6247 0.0570
Car -1 -1 -1.0651 867.1096 171.2831 942.9181 203.9109 1.4740 1.6267 3.9981 14.1531 1.4030 34.4838 -0.6790 0.0565
Car -1 -1 1.5453 498.0055 183.7316 529.6606 213.8361 1.5154 1.6310 3.7748 -5.3119 2.1447 39.7518 1.4128 0.0558
Car -1 -1 0.0952 619.9814 179.4339 685.1617 204.6541 1.4603 1.5960 3.7814 2.6109 1.8661 43.4214 0.1543 0.0551
Car -1 -1 2.1560 526.7054 184.2603 571.4369 205.4296 1.5381 1.5921 3.9493 -4.7214 2.4697 56.8176 2.0730 0.0531
Car -1 -1 1.2062 842.8174 176.4304 907.3425 208.8594 1.4562 1.6278 3.8758 12.7138 1.6383 34.7826 1.5534 0.0529
Car -1 -1 -0.1696 685.5361 177.6826 775.0421 209.1436 1.4547 1.5848 3.9977 5.7103 1.6904 34.4158 -0.0071 0.0512