Car -1 -1 -0.1663 548.6610 191.3481 629.9901 220.0892 1.5126 1.6455 4.3834 -1.1654 2.5898 40.7930 -0.1954 0.8879
Car -1 -1 1.6293 553.2790 180.2335 577.3407 201.6641 1.5293 1.5952 3.9435 -3.3292 2.1102 54.8228 1.5685 0.3404
Car -1 -1 4.5212 598.9099 184.9159 647.7228 222.4995 1.5583 1.6170 3.2850 0.5755 2.1361 32.8032 4.5379 0.2601
Car -1 -1 2.8993 569.5052 186.0786 647.1187 222.3361 1.4954 1.6466 3.1147 -0.0776 2.0997 31.7939 2.8961 0.1943
Car -1 -1 -0.0602 530.2984 189.7557 577.8842 208.9187 1.5864 1.4249 4.0271 -4.8146 3.0721 62.4443 -0.1374 0.1513
Car -1 -1 2.6417 545.3156 179.6561 596.5323 200.9200 1.5224 1.5693 3.5263 -2.8970 2.0491 54.2740 2.5882 0.1318
Car -1 -1 1.5402 549.2747 191.5198 580.5195 219.5847 1.4390 1.6846 4.2130 -2.6476 2.5835 42.0669 1.4771 0.1221
Car -1 -1 1.3172 527.7014 189.3174 557.6744 208.4420 1.5210 1.6639 4.0038 -5.8978 3.0142 63.2784 1.2242 0.1203
Car -1 -1 -0.3116 601.5375 186.0539 687.5812 222.9299 1.5213 1.6406 3.4628 1.5273 2.1277 31.9025 -0.2649 0.1136
Car -1 -1 0.0689 531.0901 184.3929 622.1121 219.3915 1.4764 1.6520 3.9123 -1.4075 2.0003 31.8875 0.0245 0.1093
Car -1 -1 4.7976 541.6567 190.2491 564.3208 209.4273 1.5439 1.6611 3.9830 -4.9636 3.1279 63.7064 4.7196 0.0723
Car -1 -1 4.3426 569.5424 184.7849 634.5837 221.9381 1.5235 1.6683 3.9262 -0.4118 2.1059 33.0891 4.3296 0.0711
Car -1 -1 3.1400 547.4958 184.6386 621.3604 220.3047 1.4620 1.5753 3.0889 -1.0777 1.9818 30.9786 3.1048 0.0693
Car -1 -1 1.5063 547.8518 180.4032 572.9313 202.3862 1.5255 1.6071 3.8372 -3.6741 2.1059 53.4593 1.4375 0.0689
Car -1 -1 0.0721 533.9249 181.5696 583.0792 202.8651 1.5426 1.6072 3.5444 -3.7750 2.2014 53.7328 0.0018 0.0606
Car -1 -1 1.5735 609.9161 186.1823 648.0356 223.1934 1.4683 1.5701 2.9636 0.8420 2.0726 31.2119 1.5995 0.0591
Car -1 -1 1.7449 589.7568 179.6109 620.5917 201.5367 1.5211 1.6270 3.9164 -0.2862 2.0405 53.3968 1.7391 0.0575
Car -1 -1 1.5268 553.8658 177.2323 579.4722 200.4611 1.5426 1.6258 3.7880 -3.0413 1.8617 50.6263 1.4667 0.0552
Car -1 -1 0.6650 516.6157 184.7528 609.3275 222.2326 1.4677 1.5984 3.8114 -2.0342 2.0090 31.0913 0.5995 0.0548
Car -1 -1 1.5312 542.0203 187.5203 561.3233 207.2935 1.5495 1.4848 4.1249 -4.9882 2.8501 61.8487 1.4506 0.0546
Car -1 -1 0.1603 613.3730 185.3279 699.1649 222.4388 1.4912 1.6331 3.4587 2.0292 2.0470 30.9674 0.2244 0.0524
Car -1 -1 2.3029 563.3843 179.6044 612.9689 201.0462 1.5050 1.5869 3.7644 -1.5632 2.0267 53.8198 2.2735 0.0521
Car -1 -1 1.9048 565.3220 182.7370 626.3771 220.4150 1.4426 1.5742 3.2950 -0.5215 1.8836 30.3867 1.8871 0.0508
Car -1 -1 1.4192 565.9029 176.7670 597.4996 199.4304 1.5121 1.6547 3.9024 -2.0048 1.7995 50.9287 1.3796 0.0503