Car -1 -1 4.3876 715.2278 184.4007 924.8123 314.4744 1.4337 1.6328 3.8053 2.7252 1.6292 10.2581 4.6389 0.9773
Car -1 -1 4.5095 669.1108 184.5718 778.5009 258.2161 1.3947 1.6465 3.8890 2.4353 1.6915 16.2871 4.6542 0.9303
Car -1 -1 2.1573 0.0000 202.2882 339.7578 375.0000 1.3921 1.5465 3.6317 -2.7232 1.6116 3.5409 1.5366 0.8145
Car -1 -1 4.0956 900.6946 47.4369 1242.0000 375.0000 1.6220 1.5010 3.2084 2.8200 1.2825 3.5667 4.7253 0.7376
Car -1 -1 1.3910 660.2018 171.1490 695.3035 194.2566 1.6002 1.7677 4.3768 4.8846 1.4821 52.2244 1.4834 0.5698
Car -1 -1 1.5743 560.8344 178.3313 583.4724 199.2891 1.4545 1.6037 4.0201 -2.7500 1.8738 53.1915 1.5225 0.4140
Car -1 -1 4.9173 432.0006 171.3936 478.4405 199.7112 1.4814 1.6744 4.2238 -8.4584 1.4050 39.8612 4.7092 0.1651
Car -1 -1 3.3879 400.2133 173.6610 478.8417 202.8615 1.5266 1.6063 3.8169 -9.0553 1.5707 38.6047 3.1587 0.1625
Car -1 -1 4.4769 770.0398 156.5304 864.1775 215.1982 1.4005 1.5195 3.8116 5.3840 1.0108 19.1552 4.7466 0.1493
Car -1 -1 3.3867 429.2831 166.5312 496.3930 191.1691 1.5105 1.6001 3.8382 -9.1426 1.1229 45.1236 3.1877 0.1172
Car -1 -1 1.8809 549.2444 177.5403 590.5997 201.3363 1.5705 1.6545 4.3634 -2.7393 1.9159 50.8557 1.8269 0.1034
Car -1 -1 3.4203 668.9648 182.6350 748.3192 210.9676 1.4735 1.6213 4.0891 5.5116 2.0392 40.1681 3.5551 0.0927
Car -1 -1 4.4127 701.4074 99.3088 1242.0000 375.0000 1.7188 1.6115 3.5172 1.3936 1.5447 3.5047 4.7613 0.0915
Car -1 -1 4.2969 700.3942 170.0653 748.6141 194.4648 1.4866 1.6080 3.8644 7.2784 1.3167 46.0368 4.4523 0.0808
Car -1 -1 1.9290 66.1846 213.8770 210.8413 293.1729 1.4229 1.6209 3.6520 -10.8508 2.4960 16.9208 1.3655 0.0783
Car -1 -1 1.8778 667.1874 182.8589 713.6586 210.0860 1.4320 1.5807 3.8120 4.6997 2.0364 41.5268 1.9891 0.0764
Car -1 -1 -0.5360 471.3065 184.2020 564.9828 217.2455 1.4726 1.6628 4.3294 -4.4544 2.0621 35.5023 -0.6604 0.0733
Car -1 -1 -0.7206 716.1352 169.9943 783.1149 195.2094 1.5354 1.6448 4.0981 8.8829 1.3613 45.6814 -0.5301 0.0732
Car -1 -1 -0.2461 773.7068 156.8078 946.4698 217.4030 1.4465 1.5452 3.8372 6.1896 1.0635 18.1431 0.0774 0.0722
Car -1 -1 4.0696 401.7704 182.9874 479.8685 216.1216 1.4854 1.6423 4.0414 -8.3275 2.0104 35.4534 3.8401 0.0699
Car -1 -1 1.1988 559.5235 176.4506 603.4199 200.4409 1.5425 1.6345 4.0321 -1.9622 1.7987 49.2190 1.1587 0.0631
Car -1 -1 1.7545 597.6180 179.9763 628.9062 201.7161 1.4428 1.5526 3.7974 0.3001 1.9682 51.2149 1.7598 0.0605
Car -1 -1 3.2203 652.7367 160.7163 705.6722 180.0053 1.5608 1.6402 4.2340 5.7649 0.5786 59.5582 3.3161 0.0593
Car -1 -1 0.2882 0.0000 204.0331 211.2067 275.5951 1.4696 1.6506 4.0333 -12.0710 2.2838 17.4407 -0.3103 0.0575
Car -1 -1 2.0139 535.5186 175.7218 583.2825 199.7146 1.5401 1.6649 4.0351 -3.3555 1.7436 49.0186 1.9455 0.0573
Car -1 -1 4.3671 313.6684 205.2968 518.6062 343.0411 1.4648 1.6528 4.0955 -3.0735 2.0485 10.8336 4.0958 0.0549
Car -1 -1 2.6399 852.1843 56.0784 1242.0000 375.0000 1.5994 1.5969 3.7711 3.2074 1.2430 3.3839 3.3563 0.0527
Car -1 -1 4.3206 781.1800 152.5049 905.9436 219.1753 1.4557 1.5732 3.7100 5.5782 1.0114 17.6736 4.6213 0.0511
Car -1 -1 1.3391 653.3845 182.6665 695.2152 209.8071 1.4474 1.5744 3.8402 3.7121 2.0452 41.9485 1.4262 0.0510