Car -1 -1 1.9217 316.7668 181.2630 377.5069 213.2019 1.5193 1.6900 3.9419 -13.4977 1.9775 37.3399 1.5767 0.9259
Car -1 -1 2.1514 83.7323 191.9622 218.1849 242.0637 1.4364 1.6417 4.5266 -15.4969 2.1512 24.7106 1.5959 0.9010
Car -1 -1 1.6527 102.5165 190.3667 132.4627 213.2654 1.6205 1.6163 3.7529 -38.2845 3.0338 56.1996 1.0567 0.1881
Car -1 -1 1.7078 59.9271 200.1451 107.4089 229.8684 1.4804 1.7097 3.7774 -30.4013 3.1398 41.8048 1.0819 0.1431
Car -1 -1 2.1798 55.4393 181.1904 143.4756 215.0958 1.5666 1.6087 3.9965 -25.5556 2.0093 36.3208 1.5699 0.1263
Car -1 -1 1.5393 307.6687 189.6701 337.1277 215.5731 1.5083 1.6618 4.0578 -18.7577 2.6560 47.0532 1.1615 0.1166
Car -1 -1 1.4716 305.6729 188.6845 335.4505 211.4344 1.4914 1.6260 3.9747 -21.0228 2.6883 52.4159 1.0916 0.1165
Car -1 -1 1.8282 37.1607 202.6112 94.3057 233.1218 1.4587 1.7402 3.2625 -30.0153 3.1809 39.9203 1.1865 0.1100
Car -1 -1 1.7771 152.7909 191.9058 228.0088 238.8547 1.5281 1.6529 4.0522 -15.8256 2.3102 27.4379 1.2578 0.0969
Car -1 -1 1.3754 384.2504 175.0216 427.4134 202.9737 1.5392 1.6725 4.0929 -11.9805 1.6729 42.2779 1.1006 0.0953
Car -1 -1 1.7127 380.4806 186.9370 410.8413 209.3242 1.4970 1.5886 3.9225 -15.6353 2.5693 52.8881 1.4262 0.0941
Car -1 -1 4.4949 482.3956 170.1292 514.2917 191.8374 1.6453 1.6665 3.9629 -8.7944 1.4387 56.8340 4.3418 0.0885
Car -1 -1 1.7427 386.6924 185.3986 412.5901 203.5815 1.5148 1.5881 3.9113 -18.8576 2.6792 64.9432 1.4608 0.0864
Car -1 -1 4.8007 100.5733 182.5715 143.6086 213.3751 1.5269 1.5882 3.8101 -26.3627 2.0813 39.1120 4.2106 0.0853
Car -1 -1 1.1838 19.8298 196.8420 87.4024 226.0101 1.4698 1.7093 3.8655 -31.5192 2.8863 40.8930 0.5301 0.0809
Car -1 -1 1.8082 364.5439 182.3038 403.0925 206.1027 1.5162 1.6227 4.0295 -15.4842 2.1937 49.6682 1.5072 0.0736
Car -1 -1 4.7977 398.8906 179.0913 435.7059 208.6311 1.5385 1.6717 3.7268 -10.7132 1.9048 40.3952 4.5397 0.0715
Car -1 -1 2.0642 35.2108 181.2181 117.0248 216.5702 1.5601 1.6311 3.6068 -25.5001 1.9836 34.6373 1.4331 0.0705
Car -1 -1 1.2960 276.1003 188.9758 316.4362 212.0080 1.4835 1.6718 3.7676 -22.2775 2.6730 51.2470 0.8875 0.0702
Car -1 -1 1.8317 422.9745 184.8673 460.5737 207.6001 1.4958 1.6169 4.1046 -11.9819 2.3921 51.7531 1.6049 0.0620
Car -1 -1 3.6764 376.7931 181.9615 452.7335 212.2962 1.5766 1.5849 3.7302 -10.6573 2.0915 39.5262 3.4143 0.0614
Car -1 -1 1.3042 353.9321 186.9393 392.3839 209.0205 1.4418 1.6601 3.8961 -17.0207 2.4948 51.8550 0.9881 0.0609
Car -1 -1 4.9517 401.9567 168.6066 447.5219 195.4698 1.4884 1.6384 4.0909 -10.7009 1.2530 42.0295 4.7037 0.0598
Car -1 -1 4.8894 86.5436 199.5766 135.5775 228.8228 1.4792 1.6998 3.9303 -29.3225 3.1343 42.5474 4.2886 0.0593
Car -1 -1 2.1814 74.4957 182.2550 156.5962 214.1486 1.5341 1.6013 3.8834 -25.7787 2.0522 37.8118 1.5862 0.0588
Car -1 -1 3.5489 23.3637 186.4952 127.5024 217.4758 1.5014 1.6342 4.0088 -27.5274 2.2302 37.3073 2.9164 0.0567
Car -1 -1 1.8097 411.3299 178.2936 456.2456 206.6582 1.4937 1.6558 3.5027 -9.7930 1.8117 40.4234 1.5731 0.0565
Car -1 -1 1.2437 271.0522 190.6790 318.8432 216.5574 1.4791 1.6799 3.7274 -20.0243 2.6601 45.8623 0.8338 0.0562
Car -1 -1 4.8990 393.5746 167.9143 436.2933 196.4469 1.6458 1.7498 4.1631 -11.7403 1.3609 43.7600 4.6381 0.0542
Car -1 -1 3.5797 0.0000 182.2031 108.1562 216.4257 1.5406 1.6597 3.8002 -26.3996 2.0015 34.3572 2.9282 0.0523
Car -1 -1 1.7210 374.8154 175.5170 416.2933 204.3265 1.5337 1.6811 3.8572 -12.0460 1.6918 40.8105 1.4354 0.0511