Car -1 -1 1.9463 249.6826 185.8741 350.7223 238.1087 1.5130 1.6804 4.0791 -10.1379 1.9828 23.9812 1.5498 0.9551
Car -1 -1 4.8243 481.0714 178.8062 543.3265 230.7599 1.5677 1.6336 3.8075 -3.1733 1.7826 24.1307 4.6943 0.9493
Car -1 -1 4.6777 580.8099 177.6881 607.7538 202.0249 1.4864 1.6124 3.7270 -1.0233 1.8122 46.7312 4.6554 0.6459
Car -1 -1 1.8797 365.2054 184.1132 416.3098 210.9279 1.4813 1.7273 4.3344 -13.2278 2.1999 43.8725 1.5881 0.5958
Car -1 -1 0.6321 335.8765 185.5394 405.6180 211.6360 1.4523 1.6275 3.6779 -14.1559 2.2283 42.8001 0.3142 0.2005
Car -1 -1 1.9708 305.9540 177.2110 360.4131 203.7285 1.5273 1.6552 4.0791 -16.8957 1.8074 44.3074 1.6082 0.1901
Car -1 -1 1.5580 539.4739 180.0298 589.0693 227.4799 1.5825 1.7006 4.2342 -1.7155 1.8717 26.8983 1.4942 0.1727
Car -1 -1 0.2388 332.9789 189.0040 444.3053 228.4395 1.5125 1.6440 4.0559 -8.9193 2.1906 29.3657 -0.0541 0.1560
Car -1 -1 1.3626 363.5707 174.1805 394.1150 193.9037 1.5721 1.6085 4.0971 -19.2096 1.6864 59.9841 1.0537 0.1384
Car -1 -1 4.6422 279.9565 177.3498 318.6293 207.5261 1.4669 1.6078 3.6463 -16.2262 1.7139 37.6565 4.2376 0.1338
Car -1 -1 1.5098 221.6547 186.3132 264.9752 222.0767 1.4700 1.5584 3.7506 -16.8814 2.1266 33.1855 1.0421 0.1239
Car -1 -1 2.0183 84.2994 188.2081 288.7476 289.2354 1.4226 1.5286 3.8405 -7.1786 1.7350 12.7179 1.5129 0.1227
Car -1 -1 2.0643 224.9140 188.5917 294.1417 219.6455 1.4686 1.5756 4.0115 -18.4521 2.3470 38.2308 1.6171 0.1227
Car -1 -1 1.6961 578.4188 175.8230 612.3329 202.1345 1.5613 1.6538 3.8821 -0.8469 1.7559 45.2882 1.6771 0.1081
Car -1 -1 1.9084 212.6682 189.4337 275.4342 221.8409 1.4596 1.6439 3.8411 -18.4336 2.3459 36.5616 1.4440 0.1043
Car -1 -1 1.9369 249.7345 179.0108 408.8116 260.8977 1.4389 1.6669 4.1389 -5.6283 1.5853 15.0728 1.5847 0.1020
Car -1 -1 4.9943 320.3094 181.7807 409.7984 235.0452 1.4877 1.6387 3.8666 -7.5951 1.7937 22.7724 4.6754 0.0989
Car -1 -1 1.9518 252.4910 188.2869 294.5879 209.9330 1.4923 1.5797 3.7776 -25.2872 2.6975 54.4200 1.5184 0.0988
Car -1 -1 1.3851 522.2695 186.8720 558.8530 212.8237 1.4674 1.5975 3.7949 -4.3488 2.3824 45.0525 1.2888 0.0983
Car -1 -1 1.6701 487.8409 179.7408 546.1595 228.4583 1.6048 1.6914 4.3661 -3.3225 1.8797 26.5943 1.5464 0.0924
Car -1 -1 0.6107 482.6663 187.5992 551.2692 214.3555 1.4994 1.7137 3.8554 -5.6415 2.4306 43.9121 0.4831 0.0873
Car -1 -1 1.7416 184.3386 200.6775 259.5778 251.4623 1.4593 1.6712 3.6148 -13.2605 2.4948 24.8770 1.2560 0.0865
Car -1 -1 2.0228 147.3651 182.6639 324.8550 267.6242 1.4439 1.6020 3.9153 -7.3555 1.6701 14.6778 1.5650 0.0864
Car -1 -1 1.8535 562.7763 173.5466 608.1420 201.5339 1.6199 1.6669 4.1847 -1.4160 1.6644 44.1074 1.8211 0.0815
Car -1 -1 1.7373 210.5535 188.4353 261.7189 221.6218 1.4326 1.5902 3.7892 -18.1013 2.2351 35.1160 1.2641 0.0794
Car -1 -1 1.8438 303.6902 184.9132 379.5106 229.5646 1.5058 1.6519 4.0944 -10.1294 2.0018 27.5733 1.4944 0.0774
Car -1 -1 4.7990 401.1825 183.7458 447.1986 221.9379 1.4572 1.5646 3.6655 -7.7916 1.9479 30.5684 4.5511 0.0770
Car -1 -1 1.5731 540.9030 190.8515 582.5435 229.9901 1.4065 1.5946 3.6288 -1.9503 2.1888 29.5025 1.5069 0.0769
Car -1 -1 1.7166 248.8726 185.0709 299.3840 219.3219 1.4539 1.5998 3.9683 -15.8598 2.0703 34.2760 1.2859 0.0747
Car -1 -1 1.2967 228.3598 188.1158 268.3176 210.0721 1.4794 1.6516 3.9130 -26.7617 2.6515 53.4070 0.8339 0.0747
Car -1 -1 1.5926 513.8828 189.5057 553.5047 226.1490 1.4451 1.6642 4.1506 -3.3698 2.2452 32.5332 1.4895 0.0738
Car -1 -1 1.8381 199.8059 188.2259 268.5238 226.9417 1.4600 1.6364 3.8301 -15.9655 2.1613 30.8738 1.3641 0.0733
Car -1 -1 4.1468 311.9669 183.7444 368.1926 208.7861 1.4992 1.6202 3.7931 -17.4042 2.2288 46.5479 3.7905 0.0713
Car -1 -1 3.2343 566.1873 177.8757 627.8384 201.7796 1.4907 1.6002 3.8266 -0.7778 1.8198 46.3360 3.2171 0.0678
Car -1 -1 3.5712 266.3595 181.2295 353.2577 211.3616 1.5038 1.6365 3.8258 -15.4918 1.9483 37.3984 3.1806 0.0649
Car -1 -1 1.8673 235.6057 184.1240 278.9536 207.8278 1.5567 1.6539 4.0824 -25.1140 2.3957 51.5704 1.4159 0.0647
Car -1 -1 1.8072 251.2995 198.2873 359.3840 271.3225 1.4497 1.5752 3.6786 -7.2788 2.1386 17.6077 1.4199 0.0644
Car -1 -1 1.8102 256.8997 184.5843 313.7117 217.5297 1.4799 1.6552 4.0891 -16.1418 2.1021 36.1084 1.3922 0.0631
Car -1 -1 3.9182 160.4815 186.0846 264.7774 221.5924 1.4665 1.6364 4.1100 -17.6726 2.0808 32.1546 3.4189 0.0620
Car -1 -1 0.9764 392.6527 185.1163 480.5695 225.0756 1.4397 1.6199 3.7404 -6.9915 1.9642 28.9992 0.7414 0.0616
Car -1 -1 1.7459 207.8270 191.7256 348.8470 292.0648 1.4229 1.6106 3.7932 -5.7822 1.8168 13.0285 1.3352 0.0613
Car -1 -1 2.1694 244.9891 183.4938 312.1554 212.6791 1.4683 1.4931 3.7600 -18.1419 2.0832 39.7235 1.7432 0.0611
Car -1 -1 1.8504 292.8477 182.3156 332.1266 205.0537 1.5636 1.6377 4.0143 -21.9439 2.2916 53.4357 1.4622 0.0603
Car -1 -1 -0.3398 538.5580 191.1469 651.6136 231.4959 1.4449 1.6739 4.1832 -0.5800 2.2121 28.7388 -0.3606 0.0589
Car -1 -1 1.8678 255.5049 184.2886 310.8533 214.5387 1.4669 1.5929 3.9746 -17.3919 2.1118 38.6243 1.4470 0.0589
Car -1 -1 2.0764 261.9370 184.1465 337.4123 217.7339 1.4958 1.6575 4.0536 -15.2100 2.0867 35.6500 1.6755 0.0587
Car -1 -1 3.1775 121.5624 200.0340 260.3429 247.9563 1.4707 1.6997 4.1734 -14.8402 2.5079 25.8143 2.6599 0.0583
Car -1 -1 3.8671 45.3534 184.7955 291.0650 269.1651 1.4662 1.5930 4.0586 -8.5134 1.7176 14.0302 3.3298 0.0571
Car -1 -1 1.6296 247.6680 185.7757 288.0851 218.0323 1.4790 1.6282 3.8307 -17.3832 2.1759 36.8315 1.1911 0.0560
Car -1 -1 1.5833 513.4199 193.0186 554.9402 232.3891 1.4242 1.6047 3.5046 -3.0853 2.3073 29.7809 1.4802 0.0557
Car -1 -1 2.5078 236.2047 195.6082 351.1795 239.4554 1.4541 1.6865 3.8605 -12.2421 2.4090 28.1901 2.1011 0.0554
Car -1 -1 1.5806 536.8110 189.1570 575.5688 225.1554 1.4365 1.6449 4.0129 -2.3970 2.2219 32.7073 1.5073 0.0545
Car -1 -1 1.8555 424.6492 184.6923 472.3438 211.1049 1.4306 1.6384 4.3072 -9.5877 2.1766 43.2617 1.6383 0.0529
Car -1 -1 2.0349 395.4853 186.2001 453.3090 213.7629 1.4641 1.6594 4.0502 -10.8522 2.2914 42.5699 1.7864 0.0526
Car -1 -1 1.6935 251.0048 185.4271 283.6775 207.8341 1.5097 1.6927 3.9792 -25.1765 2.4740 53.1854 1.2530 0.0515