Car -1 -1 5.1327 26.3451 192.1641 340.3708 361.1895 1.5057 1.6784 3.7362 -4.5798 1.6061 8.4777 4.6503 0.9837
Car -1 -1 4.4044 704.6567 187.5676 904.7197 313.8948 1.5401 1.6965 3.9893 2.7228 1.5824 10.8886 4.6429 0.9752
Car -1 -1 4.9117 354.4416 189.7301 448.6361 251.6393 1.3769 1.5825 3.5038 -5.0469 1.5016 18.0541 4.6425 0.9641
Car -1 -1 4.7161 557.6171 182.7205 598.8928 221.2834 1.5444 1.6534 3.5904 -1.2247 1.4445 30.6135 4.6759 0.9525
Car -1 -1 5.1173 220.1746 166.8125 351.6540 232.1555 1.7455 1.7911 4.8714 -9.4490 1.2539 21.6408 4.7099 0.8733
Car -1 -1 4.8487 425.1255 184.2229 487.3931 230.7261 1.4663 1.5727 3.7439 -5.0791 1.4350 24.5865 4.6467 0.8168
Car -1 -1 4.9027 483.2253 183.3895 520.9079 207.3361 1.4342 1.6049 4.0030 -6.5428 1.3249 45.0914 4.7590 0.6936
Car -1 -1 5.2845 0.0000 166.2386 184.0262 268.2646 1.5006 1.5176 3.3826 -8.9344 1.2215 12.2970 4.6666 0.6152
Car -1 -1 4.7518 598.2411 183.3634 621.6833 204.6703 1.5500 1.6182 3.8628 0.2399 1.4152 54.2575 4.7557 0.5510
Car -1 -1 4.9845 359.6167 181.2298 421.4129 217.9959 1.4747 1.5726 3.7154 -9.1745 1.3149 30.7043 4.6962 0.4932
Car -1 -1 4.9139 390.1796 171.9940 433.4467 199.6000 1.4934 1.6114 3.9313 -11.0557 0.7782 40.8997 4.6513 0.4895
Car -1 -1 3.7845 0.0000 175.4015 120.1052 277.7535 1.4863 1.6177 3.2335 -9.8654 1.3438 11.3448 3.0805 0.3837
Car -1 -1 1.5898 438.5353 182.0931 460.6804 201.8148 1.4534 1.5777 3.9228 -12.0370 1.2233 55.0552 1.3752 0.3385
Car -1 -1 1.8495 545.6899 181.8989 592.7513 208.3192 1.3895 1.5894 3.9089 -2.0505 1.2150 39.8881 1.7980 0.2845
Car -1 -1 2.3019 200.9025 164.9465 301.0699 202.3560 1.4042 1.4746 3.7592 -14.2543 0.6434 28.9921 1.8486 0.2291
Car -1 -1 1.4425 705.5117 174.3322 741.4580 200.9909 1.5078 1.5861 4.1166 6.8620 0.8922 42.7388 1.6003 0.2203
Car -1 -1 3.2208 541.1362 165.1116 592.6600 185.8577 1.5626 1.6393 3.8181 -3.0557 0.0484 55.0079 3.1653 0.1655
Car -1 -1 -0.6075 705.8394 174.4318 771.4236 199.2351 1.4919 1.6155 3.7703 8.1855 0.8433 44.7560 -0.4281 0.1530
Car -1 -1 1.5313 307.6371 169.7053 341.4420 200.2505 1.5065 1.4950 3.9263 -14.8007 0.7415 37.5523 1.1581 0.1470
Car -1 -1 4.7972 449.8187 183.6942 495.4623 217.8537 1.4386 1.6672 4.1227 -5.9979 1.3745 32.4060 4.6152 0.1468
Car -1 -1 1.9410 284.6893 187.6981 378.7503 237.0444 1.5574 1.6479 4.1137 -9.4318 1.6507 24.9619 1.5829 0.1429
Car -1 -1 0.1500 366.5517 171.7984 436.6864 199.7757 1.5171 1.5852 3.5517 -11.3872 0.7896 39.9914 -0.1259 0.1222
Car -1 -1 3.5577 190.1210 165.0063 297.2488 201.0253 1.4200 1.5352 3.5659 -14.6972 0.6233 29.1897 3.0949 0.1187
Car -1 -1 4.5372 299.8636 168.7776 342.8735 198.0402 1.4943 1.5221 3.7775 -15.4298 0.6549 38.7155 4.1601 0.1047
Car -1 -1 4.7700 554.8601 164.6742 579.0148 185.7238 1.5801 1.6533 3.8604 -3.0975 0.0381 55.8922 4.7147 0.1043
Car -1 -1 -0.1375 522.5009 182.1444 597.2945 209.7744 1.4528 1.5313 3.8689 -2.5805 1.2913 38.9391 -0.2037 0.1035
Car -1 -1 1.4879 529.1290 179.7703 563.2258 206.9828 1.4233 1.5508 3.9351 -3.4098 1.1384 39.6668 1.4023 0.1030
Car -1 -1 1.4919 709.8598 176.5527 741.3481 202.0692 1.4935 1.5918 3.9359 7.2200 0.9864 44.1012 1.6528 0.1014
Car -1 -1 0.3376 177.9301 170.9333 319.0040 229.0739 1.5202 1.5621 3.1235 -9.7630 1.1467 19.7523 -0.1162 0.0989
Car -1 -1 1.6445 435.9249 180.8696 462.5064 202.2546 1.5261 1.6214 4.1993 -11.7149 1.2159 53.4916 1.4296 0.0961
Car -1 -1 1.6343 322.2613 177.8240 361.4025 208.6029 1.5009 1.6348 4.0445 -13.6820 1.1404 37.2242 1.2841 0.0953
Car -1 -1 1.2521 704.6038 173.2261 753.1766 200.9302 1.5056 1.5818 3.9200 6.9010 0.8540 41.1258 1.4169 0.0907
Car -1 -1 3.6767 396.0737 186.6393 492.6702 221.7841 1.4604 1.6177 3.8171 -7.0867 1.5252 31.3412 3.4557 0.0876
Car -1 -1 1.0912 764.5941 173.2212 838.4787 209.3520 1.4491 1.5699 3.5652 8.2308 0.9680 30.7427 1.3501 0.0875
Car -1 -1 0.0498 355.2368 182.0811 458.8201 219.2570 1.4753 1.6219 4.0262 -8.2080 1.3509 29.7534 -0.2174 0.0854
Car -1 -1 4.7354 384.5820 171.0493 409.0833 193.1527 1.5415 1.6124 3.9020 -15.2469 0.5535 52.2245 4.4524 0.0846
Car -1 -1 1.9829 307.6399 169.9073 365.8783 198.4088 1.5343 1.6100 4.0015 -15.2470 0.7102 40.7391 1.6268 0.0834
Car -1 -1 4.8002 481.9321 185.4331 525.6593 219.4504 1.4369 1.6028 3.9237 -4.5981 1.4473 32.3907 4.6599 0.0815
Car -1 -1 1.6750 594.2922 180.8267 622.6704 203.3990 1.5822 1.6523 4.1271 0.1329 1.2745 52.5269 1.6770 0.0811
Car -1 -1 1.0157 413.5095 182.2321 459.4059 202.7843 1.4932 1.6095 3.7864 -12.8813 1.2764 54.1321 0.7828 0.0808
Car -1 -1 3.6315 701.3785 175.1929 771.6870 201.2145 1.5083 1.5997 3.8911 7.7981 0.9273 43.4968 3.8074 0.0795
Car -1 -1 2.3628 0.0000 175.5086 94.3441 289.0677 1.4932 1.6178 3.4208 -10.1054 1.3656 11.2155 1.6413 0.0781
Car -1 -1 4.8824 0.0000 163.5842 38.4309 190.9288 1.6611 1.6074 3.9649 -37.6293 0.3470 45.7888 4.1973 0.0766
Car -1 -1 0.2317 0.0000 146.5316 127.5778 211.8007 1.4589 1.5560 3.8139 -14.1364 0.5942 17.5807 -0.4378 0.0757
Car -1 -1 0.4764 279.9742 169.8327 369.2617 199.9283 1.5352 1.5316 4.1085 -14.7646 0.7505 37.6466 0.1048 0.0755
Car -1 -1 1.8450 0.0000 240.6818 86.9275 376.0000 1.4174 1.6598 4.0171 -7.5443 2.2333 8.4046 1.1286 0.0755
Car -1 -1 4.0696 0.0000 165.5829 187.5272 268.2876 1.5507 1.5568 3.6096 -9.1594 1.2543 12.1182 3.4330 0.0729
Car -1 -1 1.8688 363.6281 172.2722 405.6726 198.2784 1.7116 1.6023 4.1538 -15.2288 0.8597 49.3884 1.5709 0.0699
Car -1 -1 1.6898 430.8131 192.6385 491.3048 237.2578 1.4628 1.6770 4.1712 -5.2816 1.7578 26.4246 1.4940 0.0693
Car -1 -1 2.7621 547.0106 184.1261 625.1162 212.0725 1.4553 1.6027 3.9149 -1.1425 1.3986 38.9487 2.7325 0.0692
Car -1 -1 -0.6990 713.4033 174.5896 787.6129 202.2989 1.4958 1.6067 4.0050 8.0831 0.9222 40.4759 -0.5036 0.0686
Car -1 -1 1.7062 475.7274 182.3019 504.1363 202.8171 1.4745 1.5822 3.8464 -8.7063 1.2651 53.6086 1.5456 0.0685
Car -1 -1 1.6423 224.5486 217.3314 342.6898 320.3630 1.4259 1.6657 3.9035 -5.8512 2.1185 13.3856 1.2368 0.0680
Car -1 -1 1.6540 478.6046 178.0670 513.0457 206.7201 1.6149 1.6674 4.2418 -6.5612 1.2120 42.6875 1.5020 0.0678
Car -1 -1 3.1744 584.1679 182.7818 634.2205 203.8491 1.5481 1.6132 3.6845 0.1736 1.3692 53.6949 3.1772 0.0672
Car -1 -1 0.2138 339.4981 180.5555 449.0171 217.0215 1.5006 1.6118 4.2111 -8.9715 1.3088 30.5317 -0.0700 0.0646
Car -1 -1 1.8149 421.2820 177.4135 458.4478 200.9950 1.6349 1.6774 4.0488 -12.0232 1.0940 51.8760 1.5879 0.0619
Car -1 -1 1.1756 695.2345 172.3456 742.6134 197.1186 1.4982 1.6073 3.8299 7.0213 0.7199 45.5267 1.3273 0.0615
Car -1 -1 1.7610 314.0612 184.3842 371.4749 222.1587 1.4816 1.5699 3.7167 -11.0137 1.4490 30.1542 1.4133 0.0610
Car -1 -1 1.9139 20.3914 146.9720 144.9202 211.6882 1.5250 1.5411 3.4007 -13.5474 0.6238 18.7852 1.2961 0.0608
Car -1 -1 0.4067 421.8780 181.4340 477.8731 202.0874 1.5215 1.5768 3.8028 -11.8223 1.2429 54.0947 0.1921 0.0608
Car -1 -1 3.5930 373.7326 172.2227 454.1810 199.3292 1.5132 1.6344 4.1720 -11.0864 0.7879 41.3273 3.3323 0.0605
Car -1 -1 3.7288 291.2002 175.9766 366.4081 202.1221 1.5012 1.6487 3.8861 -16.4405 0.9707 42.5042 3.3616 0.0590
Car -1 -1 1.4880 644.3591 179.9049 671.0997 201.4465 1.5228 1.6315 3.9666 3.6760 1.1474 52.8104 1.5567 0.0590
Car -1 -1 3.4539 301.9905 182.8763 409.5813 220.2566 1.4978 1.6196 3.8775 -10.3064 1.4040 29.6509 3.1218 0.0572
Car -1 -1 3.2191 328.6063 174.0168 412.2894 203.2221 1.5420 1.6799 4.2194 -12.8551 0.9507 39.2654 2.9045 0.0571
Car -1 -1 5.3070 33.3332 159.0093 98.0381 188.9353 2.0913 1.7400 4.1291 -39.3314 0.2599 52.3385 4.6649 0.0570
Car -1 -1 1.6129 596.0900 177.7257 622.0480 200.8911 1.5468 1.6403 3.9439 0.1654 1.0467 50.0072 1.6158 0.0568
Car -1 -1 1.5261 703.2154 209.6533 784.2173 283.1561 1.4483 1.7476 4.2782 3.2711 2.1324 17.8873 1.7035 0.0557