Car -1 -1 1.7823 281.5357 191.6636 413.0038 288.6716 1.4764 1.5568 3.5768 -4.7644 1.8790 13.5750 1.4500 0.9641
Car -1 -1 1.9721 0.0000 197.9018 284.3171 375.0000 1.4830 1.6419 3.7502 -4.4889 1.7896 6.8483 1.4090 0.9499
Car -1 -1 1.6765 441.2029 186.8176 485.1176 224.2840 1.5438 1.5881 3.5930 -6.6349 2.2180 32.9796 1.4789 0.9338
Car -1 -1 1.3707 426.5571 181.7637 456.9176 203.1717 1.5679 1.5777 3.9157 -13.2204 2.2942 56.7087 1.1423 0.1640
Car -1 -1 1.5103 474.0020 184.0264 495.6629 202.4489 1.5004 1.6389 4.0014 -11.0011 2.5165 63.4881 1.3391 0.1263
Car -1 -1 1.4692 353.9175 183.5283 383.0816 206.9233 1.4830 1.5309 3.7690 -16.6077 2.2472 49.6250 1.1475 0.1070
Car -1 -1 3.0611 402.3821 181.1692 456.1128 201.9492 1.5290 1.5985 3.9000 -13.8936 2.1854 55.5765 2.8168 0.1069
Car -1 -1 4.8538 444.2369 185.1464 488.1812 219.4778 1.5289 1.6029 3.6620 -6.9646 2.1629 35.3422 4.6601 0.0977
Car -1 -1 5.2742 102.5120 205.2214 298.7084 298.5062 1.4916 1.6617 3.8978 -8.2019 2.2508 14.9245 4.7787 0.0916
Car -1 -1 1.4633 470.2938 192.6494 501.8513 216.8476 1.4764 1.7306 3.8533 -8.5123 2.8926 49.5310 1.2935 0.0902
Car -1 -1 0.2744 72.8093 205.3823 295.5366 283.1555 1.4846 1.6428 3.9816 -9.3039 2.2686 16.1152 -0.2425 0.0775
Car -1 -1 4.4595 352.4804 180.6238 396.1622 206.4530 1.4561 1.6205 3.8551 -14.3734 1.9518 43.9766 4.1450 0.0683
Car -1 -1 -0.2680 357.1109 181.5977 428.3785 208.3017 1.5038 1.5459 3.8333 -13.0224 2.0499 43.3965 -0.5582 0.0622
Car -1 -1 1.3479 459.1429 190.5110 502.9331 218.8955 1.4873 1.7124 3.9653 -7.6428 2.5839 42.6533 1.1711 0.0616
Car -1 -1 1.8250 466.7965 188.8757 501.3679 209.9750 1.5064 1.7459 3.8861 -9.7936 2.8072 56.5737 1.6539 0.0581
Car -1 -1 1.4733 394.2939 179.7867 420.5345 200.4178 1.4912 1.5880 3.7757 -15.5964 2.0448 55.5741 1.2006 0.0557
Car -1 -1 4.5095 286.2256 177.6635 352.4590 219.7113 1.4483 1.5851 3.8925 -11.0695 1.6446 27.3856 4.1284 0.0554
Car -1 -1 2.8992 419.7048 190.6515 499.3781 220.2502 1.5397 1.7064 4.1681 -8.5610 2.5974 41.2104 2.6951 0.0553
Car -1 -1 2.0704 173.8369 199.1914 326.0736 273.2820 1.4527 1.6113 3.8787 -8.5381 2.1649 17.5327 1.6227 0.0547
Car -1 -1 1.4720 425.5733 183.2029 454.8946 206.7705 1.5706 1.6601 4.2636 -12.3273 2.3546 52.3781 1.2416 0.0544
Car -1 -1 2.2964 235.3869 186.9577 749.3810 375.0000 1.4745 1.5947 4.0414 -0.5158 1.6269 5.6986 2.2079 0.0529