Car -1 -1 1.8794 407.0476 184.1972 515.9828 245.8334 1.4467 1.7006 4.2888 -3.9469 1.7959 19.9842 1.6862 0.9646
Car -1 -1 4.7390 714.8515 177.9656 777.1889 231.6722 1.4286 1.6781 3.8429 4.1343 1.5965 21.6395 4.9246 0.8731
Car -1 -1 1.8589 652.1971 173.1820 686.6026 192.9148 1.5805 1.7271 4.2348 5.0285 1.6089 60.1548 1.9415 0.5919
Car -1 -1 3.5626 331.4135 172.0278 446.7189 210.3565 1.4651 1.6303 4.0679 -8.7107 1.4335 28.6482 3.2696 0.2667
Car -1 -1 1.7832 695.9818 169.6374 735.2906 196.8065 1.5940 1.5906 4.0044 6.5836 1.4053 44.4857 1.9288 0.2253
Car -1 -1 4.7912 728.3527 170.1215 772.4823 206.5094 1.4983 1.6300 3.5015 6.2166 1.3858 31.6141 4.9831 0.1959
Car -1 -1 1.4465 705.9120 176.2371 756.8470 214.1234 1.4746 1.6288 3.9161 5.0667 1.6265 30.4258 1.6094 0.1770
Car -1 -1 1.1998 755.6674 177.4727 795.5842 198.6562 1.4921 1.5823 3.9065 12.3243 1.8494 53.7657 1.4235 0.1513
Car -1 -1 5.1188 393.2614 170.1870 467.3200 206.8597 1.3954 1.5390 3.8145 -7.2302 1.2939 29.4628 4.8799 0.1244
Car -1 -1 1.2316 718.5032 173.2055 789.5602 213.5312 1.5486 1.6202 4.0197 5.8853 1.5642 29.8528 1.4239 0.1142
Car -1 -1 -0.0566 709.3644 180.1402 868.4116 237.7242 1.5106 1.6724 4.2025 4.9795 1.7289 20.4263 0.1784 0.1077
Car -1 -1 4.3502 702.5007 168.5804 747.8824 193.7799 1.5829 1.6256 4.0045 7.5478 1.3145 47.4499 4.5067 0.0953
Car -1 -1 3.0405 710.9365 170.3981 802.8123 206.1573 1.4885 1.5986 3.7212 6.2690 1.3863 31.0086 3.2377 0.0911
Car -1 -1 -0.2145 769.0992 177.3874 820.4346 198.3951 1.4911 1.6034 3.3475 13.4307 1.8260 52.4428 0.0345 0.0826
Car -1 -1 1.8251 645.6317 171.3076 679.9365 194.3645 1.7708 1.7148 4.2810 4.2991 1.6520 57.7163 1.8987 0.0777
Car -1 -1 3.1580 750.2639 173.1184 910.4131 238.7501 1.5517 1.6069 3.7426 5.5746 1.5590 18.3991 3.4471 0.0742
Car -1 -1 4.1760 683.7311 174.5685 761.1263 211.0550 1.4774 1.6158 3.7874 4.8448 1.5571 31.4684 4.3268 0.0737
Car -1 -1 1.2133 680.3913 171.4376 728.1045 197.5446 1.4994 1.5794 3.9032 5.6543 1.4180 43.5198 1.3412 0.0726
Car -1 -1 1.5003 657.4675 172.7565 682.8530 195.1244 1.6680 1.6731 4.0098 4.6528 1.6607 55.8201 1.5827 0.0665
Car -1 -1 0.2536 355.3329 170.2990 456.9583 210.0083 1.5013 1.5812 3.5226 -7.8639 1.4047 28.0993 -0.0172 0.0663
Car -1 -1 -0.0463 699.3408 173.1360 801.0699 211.9659 1.5527 1.6391 4.0396 5.7785 1.5648 29.9646 0.1419 0.0652
Car -1 -1 1.5525 653.9385 172.6322 675.5344 192.7693 1.5894 1.6818 4.1935 4.4868 1.5719 59.0918 1.6276 0.0649
Car -1 -1 4.8122 657.7067 158.6847 681.6130 182.7461 2.1641 1.7973 4.3178 5.6284 0.8897 67.1821 4.8952 0.0633
Car -1 -1 1.2450 765.8030 181.0838 806.3220 204.5560 1.5835 1.6654 3.9274 12.6990 2.2012 52.1292 1.4822 0.0609
Car -1 -1 0.2025 729.6641 169.5510 832.9647 207.8826 1.5106 1.6119 3.9359 7.1329 1.3805 29.9935 0.4333 0.0578
Car -1 -1 2.9671 671.6610 171.2646 738.5330 196.8228 1.5091 1.5646 3.7778 5.7233 1.4152 43.4685 3.0968 0.0557
Car -1 -1 1.6000 765.8957 179.3803 791.5255 203.0613 1.5712 1.6596 3.9602 12.0263 2.0533 51.1708 1.8290 0.0508
Car -1 -1 4.8281 639.2695 160.5550 664.1962 184.4162 2.1482 1.8484 4.1614 3.9586 1.0409 67.1686 4.8865 0.0506
Car -1 -1 1.0039 741.4022 166.9410 881.3879 238.6003 1.5308 1.5572 3.5355 4.7082 1.4045 17.3343 1.2642 0.0502
Car -1 -1 0.3193 306.4381 179.0200 428.8404 219.9231 1.5175 1.6428 4.1718 -9.2645 1.7624 27.8393 0.0005 0.0501