Car -1 -1 5.0543 151.5231 196.0167 336.3133 295.6995 1.3791 1.6249 3.5961 -5.9360 1.5909 12.2223 4.6104 0.9702
Car -1 -1 4.5436 608.5900 182.7897 713.9404 262.4060 1.5623 1.6881 3.9252 1.0778 1.5147 16.1454 4.6086 0.9647
Car -1 -1 4.9225 305.3242 188.0119 407.0869 250.0664 1.4166 1.6569 4.0155 -6.3770 1.4974 18.6879 4.5977 0.9594
Car -1 -1 4.7109 500.5043 182.7679 546.9487 225.8301 1.5466 1.6632 3.6457 -3.2176 1.4587 27.7254 4.5960 0.9328
Car -1 -1 4.8963 361.2661 185.4709 430.3931 230.2934 1.5377 1.6868 4.4000 -7.8173 1.5481 26.9583 4.6163 0.7713
Car -1 -1 4.8088 416.9413 180.9475 455.0732 210.0946 1.4939 1.6178 4.0561 -9.2220 1.2751 38.9618 4.5775 0.7622
Car -1 -1 5.1307 63.8415 159.8590 235.5917 238.7188 1.6304 1.6913 4.5940 -10.6922 1.1062 17.2492 4.5827 0.7201
Car -1 -1 5.0367 264.9342 180.1395 347.4710 220.7736 1.3920 1.5665 4.1534 -11.0779 1.2181 26.7485 4.6473 0.6605
Car -1 -1 4.9543 316.3167 170.6035 370.8856 202.8150 1.5367 1.6436 4.1152 -13.2764 0.8396 36.4275 4.6069 0.6581
Car -1 -1 4.5726 543.2249 182.7820 570.8314 201.6585 1.4539 1.6653 3.9483 -4.0443 1.2664 57.4711 4.5022 0.5320
Car -1 -1 2.0395 273.2733 168.4422 335.2584 197.8345 1.6640 1.6517 4.2553 -17.9811 0.7144 42.8805 1.6444 0.2641
Car -1 -1 3.3997 277.3332 171.6506 360.7710 202.2149 1.4428 1.5603 3.4761 -13.9378 0.8024 34.9143 3.0223 0.2593
Car -1 -1 1.6737 379.5469 183.8124 435.5365 226.1734 1.6307 1.7774 4.5546 -8.2567 1.5767 30.0641 1.4075 0.2338
Car -1 -1 3.6142 0.0000 167.6358 183.3325 246.2997 1.5844 1.6048 3.6663 -11.4936 1.2303 15.5555 2.9860 0.2291
Car -1 -1 1.4922 437.0471 181.6977 465.5079 205.4645 1.5160 1.5734 3.5861 -10.3965 1.2916 47.7975 1.2788 0.2241
Car -1 -1 4.9471 0.0000 209.8785 133.9162 376.0000 1.5748 1.6737 4.2774 -5.6944 1.8813 6.6440 4.2580 0.2192
Car -1 -1 1.5872 397.3913 177.6034 418.1635 196.0727 1.5106 1.6255 4.1220 -16.8880 0.8880 60.9927 1.3179 0.2089
Car -1 -1 1.6152 194.2104 168.7501 239.7760 204.1775 1.4515 1.5669 3.8965 -17.0582 0.7769 31.5483 1.1229 0.2061
Car -1 -1 2.1484 0.0000 157.7090 129.0435 215.7216 1.5184 1.5864 3.9494 -15.8658 0.7984 20.8383 1.5039 0.1865
Car -1 -1 3.2322 481.4952 160.4013 538.5226 182.5656 1.5505 1.6530 3.9069 -6.9147 -0.1929 51.4137 3.0990 0.1739
Car -1 -1 1.6484 0.0000 233.7637 89.9235 376.0000 1.4209 1.6843 4.1734 -7.0964 2.1344 8.3726 0.9604 0.1734
Car -1 -1 1.4436 545.0422 177.5705 574.0215 200.5046 1.6800 1.6879 4.1771 -3.6760 1.1200 54.8702 1.3766 0.1396
Car -1 -1 2.0439 0.0000 231.6956 182.8155 344.4958 1.3936 1.6600 3.7186 -9.0616 2.3258 12.4573 1.4245 0.1365
Car -1 -1 4.6645 459.3214 173.8458 480.2740 192.5327 1.5789 1.6235 3.6230 -12.0045 0.6182 62.6881 4.4757 0.1338
Car -1 -1 5.3570 0.0000 207.9013 115.0431 376.0000 1.4927 1.5801 3.8335 -5.0787 1.7042 4.6885 4.5599 0.1335
Car -1 -1 4.5842 608.0682 178.9951 648.5424 208.6567 1.5531 1.6869 4.4195 1.1130 1.2274 39.9229 4.6114 0.1250
Car -1 -1 1.6409 590.7440 185.8310 616.3304 207.2105 1.4847 1.5972 3.6115 -0.2327 1.5307 51.8831 1.6359 0.1248
Car -1 -1 4.5969 705.0580 196.4836 783.3021 257.4309 1.4637 1.6629 4.0278 3.7161 1.8109 20.0898 4.7768 0.1198
Car -1 -1 3.5622 186.2948 180.9786 328.2041 222.9296 1.4345 1.6089 4.2289 -12.2993 1.2896 25.4395 3.1158 0.1170
Car -1 -1 4.6417 427.0663 186.2072 476.9775 225.8466 1.5366 1.7517 4.3573 -6.6087 1.5816 30.3189 4.4285 0.1124
Car -1 -1 4.6871 496.1071 182.7156 529.5275 212.2681 1.4367 1.6053 3.8402 -4.8946 1.3151 36.9682 4.5560 0.1114
Car -1 -1 2.4416 21.9895 156.6756 164.7277 207.5779 1.4518 1.4915 3.4529 -15.8385 0.6378 22.3631 1.8311 0.1092
Car -1 -1 4.6065 499.0941 160.3631 527.3577 182.9574 1.5666 1.6605 3.6233 -6.8528 -0.1701 52.1888 4.4764 0.0958
Car -1 -1 1.0957 640.2521 172.0782 689.2209 195.6192 1.4728 1.5790 3.9085 3.7179 0.6509 47.0828 1.1737 0.0951
Car -1 -1 4.9530 640.5512 171.5175 674.5107 193.0587 1.5186 1.6001 3.9176 3.7347 0.5529 52.7865 5.0229 0.0951
Car -1 -1 4.8922 307.8249 168.9181 346.0419 193.5952 1.4960 1.5829 3.8732 -17.7354 0.5080 45.6305 4.5233 0.0945
Car -1 -1 3.8791 294.5889 172.2724 382.4143 202.9372 1.4711 1.6365 4.0852 -13.4585 0.8502 36.0065 3.5236 0.0920
Car -1 -1 2.5273 174.9072 169.0510 276.7962 203.5646 1.5415 1.6235 4.1041 -18.0944 0.8195 34.3037 2.0450 0.0833
Car -1 -1 1.6081 514.9532 191.7746 555.6316 227.7287 1.4533 1.6373 3.9832 -3.1267 1.7624 31.8372 1.5104 0.0820
Car -1 -1 4.7301 17.1376 215.1062 270.4516 376.0000 1.5248 1.7024 4.1496 -4.6575 1.9308 7.5402 4.1919 0.0779
Car -1 -1 0.0816 0.0000 201.2404 580.6042 376.0000 1.4391 1.6118 4.1756 -2.4457 1.6026 5.9609 -0.2926 0.0762
Car -1 -1 1.9070 187.1510 169.8012 259.2442 205.0090 1.5075 1.6267 4.1180 -17.4852 0.8475 32.9356 1.4221 0.0755
Car -1 -1 1.2597 699.7679 195.8011 814.5458 261.2595 1.4134 1.6439 4.1359 3.6752 1.7155 18.3666 1.4537 0.0749
Car -1 -1 4.5113 662.6289 172.7826 700.2147 197.7578 1.4722 1.5340 4.0095 4.5394 0.7393 44.4466 4.6121 0.0748
Car -1 -1 1.6502 551.1509 207.9139 618.4533 266.6526 1.4588 1.6833 3.8599 -0.5768 2.1951 21.3478 1.6227 0.0736
Car -1 -1 4.8378 408.7828 186.8216 469.4846 229.7847 1.4859 1.6932 4.3318 -6.2806 1.5519 27.2690 4.6131 0.0726
Car -1 -1 0.6661 0.0000 214.2576 82.1071 376.0000 1.4744 1.5827 4.0903 -6.5613 1.7354 5.2711 -0.2032 0.0707
Car -1 -1 1.3263 602.7449 176.3130 632.8684 195.6983 1.5913 1.6307 4.0346 0.8658 0.8605 61.1584 1.3400 0.0705
Car -1 -1 1.0787 548.8393 179.4317 595.0277 201.5606 1.5988 1.6674 4.2430 -2.7023 1.1809 54.1847 1.0286 0.0705
Car -1 -1 1.9614 166.7815 171.1431 248.6719 209.8225 1.5251 1.6008 4.0173 -16.7900 0.9702 30.4280 1.4607 0.0692
Car -1 -1 5.3150 445.5479 180.7786 500.3602 204.7004 1.5194 1.6235 3.9537 -8.8689 1.2376 47.7946 5.1321 0.0670
Car -1 -1 3.5590 0.0000 236.6986 202.7293 335.5836 1.4022 1.6534 3.9525 -9.6019 2.4019 12.7202 2.9218 0.0668
Car -1 -1 1.7306 468.7036 184.0699 514.1569 215.8369 1.4815 1.5998 3.9447 -5.6546 1.4281 35.5004 1.5734 0.0655
Car -1 -1 4.9964 116.9671 166.4408 239.9742 231.3486 1.4984 1.6495 4.0176 -10.9943 1.0650 18.7427 4.4720 0.0655
Car -1 -1 -0.1263 537.4882 194.2210 623.3067 226.4250 1.4496 1.7107 3.8907 -1.3051 1.8922 34.1712 -0.1648 0.0647
Car -1 -1 2.9012 707.5883 195.1167 883.2542 252.8160 1.4425 1.6351 4.2400 4.8966 1.7168 19.0884 3.1482 0.0644
Car -1 -1 1.2793 491.5057 187.2412 550.6772 220.3750 1.4922 1.6632 4.3931 -4.2622 1.5975 35.0077 1.1586 0.0630
Car -1 -1 1.8787 256.3783 171.9196 310.5135 199.9357 1.4654 1.5790 3.9793 -17.7863 0.7699 39.6658 1.4595 0.0621
Car -1 -1 0.3561 374.6204 177.7406 428.0271 196.0883 1.5049 1.5887 3.9741 -17.1328 0.8918 59.9072 0.0783 0.0621
Car -1 -1 1.9531 253.7388 176.2214 311.9509 206.8267 1.5140 1.5301 3.5587 -16.7870 1.0691 37.3673 1.5333 0.0620
Car -1 -1 0.6591 406.0391 182.2734 468.2890 206.2099 1.5069 1.6127 3.7365 -11.0623 1.3216 46.7620 0.4277 0.0620
Car -1 -1 5.0294 0.0000 204.1819 262.4491 376.0000 1.4535 1.5809 3.7465 -3.5828 1.6376 4.9607 4.4290 0.0600
Car -1 -1 3.9828 184.0641 171.3121 270.3513 202.7020 1.4971 1.6144 3.8901 -18.8788 0.8340 35.7234 3.4995 0.0594
Car -1 -1 1.3551 606.9703 175.7938 638.0396 199.1305 1.8450 1.6984 4.1458 1.2170 1.1001 59.0317 1.3752 0.0563
Car -1 -1 1.3503 614.8558 174.5614 646.0765 196.3755 1.6482 1.6092 4.0005 1.7876 0.8432 56.4297 1.3815 0.0557
Car -1 -1 1.5456 552.0769 181.9652 574.1806 201.6231 1.4882 1.6313 3.9212 -3.4889 1.2421 56.4461 1.4837 0.0551
Car -1 -1 2.4192 654.0916 172.8126 717.9691 196.3612 1.4765 1.6242 4.0935 5.1681 0.6988 46.9155 2.5279 0.0534
Car -1 -1 1.6735 394.0310 177.4774 418.9976 196.6767 1.5255 1.5626 4.1262 -16.5116 0.9106 59.2814 1.4027 0.0524
Car -1 -1 1.8178 531.1254 175.4535 566.0059 198.0944 1.6243 1.6781 3.9460 -4.3321 0.9239 53.6555 1.7373 0.0518