Car -1 -1 4.7609 416.1965 185.6596 482.2528 240.7594 1.4876 1.7235 3.5112 -4.5968 1.5019 21.3097 4.5507 0.9637
Car -1 -1 5.0593 147.5485 188.5079 300.2542 261.7097 1.4443 1.6704 4.3869 -8.6457 1.5311 16.6692 4.5871 0.9634
Car -1 -1 4.6227 521.0840 182.4061 587.1815 237.5605 1.5265 1.6822 3.4419 -1.6758 1.4488 21.7326 4.5462 0.9454
Car -1 -1 5.1387 41.6162 187.6662 199.5009 254.3222 1.4940 1.6844 4.3256 -12.3050 1.5649 18.5445 4.5593 0.9134
Car -1 -1 4.9005 308.5746 183.2665 374.6783 222.8459 1.4279 1.6373 4.2705 -10.3049 1.3576 28.1727 4.5526 0.9047
Car -1 -1 5.2720 0.0000 210.9722 149.9804 376.0000 1.3806 1.5752 3.5520 -6.8950 1.7378 8.1093 4.5834 0.7955
Car -1 -1 4.8021 356.3222 183.9707 396.0174 215.4359 1.5266 1.6033 3.6774 -11.7866 1.4662 36.8446 4.4942 0.6520
Car -1 -1 4.8915 271.1447 185.0577 317.5975 212.9755 1.4378 1.6140 4.0383 -16.9763 1.4296 39.1708 4.4847 0.6392
Car -1 -1 5.1063 174.3599 168.0866 265.6588 208.9822 1.4438 1.6732 3.8979 -14.6284 0.8391 27.3975 4.6199 0.6296
Car -1 -1 4.7440 401.7219 177.0572 426.9799 199.3777 1.5445 1.6356 3.5873 -13.8281 0.9799 51.6737 4.4835 0.3820
Car -1 -1 1.5248 372.2110 174.8128 392.6721 192.2618 1.5253 1.5836 4.0562 -20.3502 0.6159 65.0145 1.2223 0.3110
Car -1 -1 4.6594 502.1253 184.3184 524.5863 202.7645 1.4652 1.6206 4.0776 -7.7635 1.3939 59.2513 4.5292 0.2832
Car -1 -1 1.7396 547.5426 171.4135 575.2416 190.5016 1.4854 1.5897 3.9300 -3.6578 0.4113 57.9763 1.6766 0.2787
Car -1 -1 0.9591 551.0106 172.5861 598.0013 193.2869 1.4489 1.5429 3.7410 -2.4095 0.5649 52.2650 0.9129 0.1686
Car -1 -1 1.9710 68.3600 173.5779 160.7165 212.8539 1.4314 1.5736 3.9125 -19.2412 1.0073 28.2698 1.3777 0.1608
Car -1 -1 5.1746 0.0000 224.2602 254.5796 376.0000 1.4016 1.5020 3.4685 -5.5370 1.9530 8.3462 4.6030 0.1362
Car -1 -1 1.6379 499.1297 181.3178 524.1031 202.2478 1.5910 1.6692 4.3070 -7.5199 1.2947 56.8466 1.5065 0.1196
Car -1 -1 1.9092 535.6465 170.2431 574.9223 192.2359 1.6311 1.6782 4.3544 -3.9661 0.5207 55.6360 1.8380 0.1085
Car -1 -1 4.4789 467.4155 177.0201 504.1337 199.9992 1.4802 1.5924 3.8327 -8.2087 0.9523 48.3796 4.3114 0.0908
Car -1 -1 5.0455 146.9189 174.2225 218.8396 209.3139 1.5073 1.6213 3.9456 -19.3562 1.0351 32.9698 4.5180 0.0854
Car -1 -1 1.6987 546.1336 193.8569 597.2625 232.0013 1.4146 1.6366 3.5619 -1.3876 1.7894 29.3343 1.6513 0.0803
Car -1 -1 1.8088 123.0955 172.5955 189.4447 209.4457 1.4875 1.5693 3.7446 -19.3775 0.9780 31.0402 1.2544 0.0776
Car -1 -1 1.6131 446.4916 160.1343 475.8846 186.2997 1.5650 1.6366 3.8078 -9.0994 0.0648 45.0033 1.4146 0.0757
Car -1 -1 1.8567 236.5505 175.2854 286.8632 205.1763 1.6833 1.5803 4.1172 -20.4172 1.1241 42.6394 1.4123 0.0720
Car -1 -1 2.1254 348.7961 191.8734 430.6881 229.0662 1.4812 1.6453 3.8321 -9.4153 1.7915 31.4330 1.8362 0.0698
Car -1 -1 1.4905 581.7460 194.5601 627.3521 232.9729 1.4338 1.5787 3.7943 -0.1672 1.8459 29.7429 1.4844 0.0693
Car -1 -1 1.6341 610.4175 179.7544 638.5052 202.9111 1.5109 1.6490 4.2948 1.2202 1.1545 49.1132 1.6584 0.0667
Car -1 -1 1.5600 516.3608 187.7783 532.4126 203.8053 1.4549 1.4630 3.6888 -7.8286 1.7034 67.7933 1.4450 0.0663
Car -1 -1 1.6968 565.4964 176.9946 596.5712 201.1408 1.6169 1.6454 4.2997 -1.7876 1.0664 50.3524 1.6610 0.0663
Car -1 -1 2.1701 0.0000 189.4891 78.7283 245.6452 1.4017 1.5609 3.6110 -16.7619 1.5322 20.0950 1.4812 0.0661
Car -1 -1 1.6954 372.0934 175.1671 396.7191 192.5021 1.4879 1.5782 4.1757 -19.7645 0.6254 63.8944 1.3963 0.0627
Car -1 -1 -0.1122 397.7435 177.6779 454.6977 199.8642 1.5262 1.5567 3.7560 -12.8007 1.0076 50.8357 -0.3580 0.0618
Car -1 -1 1.9898 501.4584 183.0419 539.9865 201.8012 1.4694 1.6195 4.0031 -6.9871 1.2991 58.4584 1.8710 0.0594
Car -1 -1 1.3982 367.3922 185.8687 429.3094 225.6029 1.4524 1.6487 4.3463 -8.3966 1.4805 28.6665 1.1154 0.0585
Car -1 -1 0.4638 170.8018 169.9151 300.9634 208.1074 1.4508 1.6492 4.2410 -14.4627 0.8696 28.1468 -0.0071 0.0584
Car -1 -1 4.5603 473.1977 191.5171 538.1729 238.3995 1.4810 1.6823 4.0124 -3.6701 1.7231 25.4547 4.4180 0.0582
Car -1 -1 1.4741 271.3914 187.8031 321.2289 224.3501 1.4935 1.6379 4.2210 -13.8628 1.6166 31.9386 1.0673 0.0574
Car -1 -1 1.3702 502.6082 180.1610 534.2482 200.9116 1.5465 1.6426 4.1460 -6.9278 1.1698 55.8007 1.2469 0.0567
Car -1 -1 3.3202 487.0451 183.8181 538.1894 201.8891 1.4433 1.6142 3.8880 -7.6469 1.3317 58.3155 3.1900 0.0562
Car -1 -1 -0.4648 100.4782 191.3998 609.1188 376.0000 1.4941 1.6024 4.1677 -2.0493 1.5688 6.6808 -0.7517 0.0550
Car -1 -1 0.3256 422.4544 160.3006 493.2632 186.1699 1.5511 1.6280 3.9439 -9.1437 0.0572 44.1497 0.1225 0.0547
Car -1 -1 1.5783 467.8875 192.3867 508.2657 228.5851 1.4410 1.6376 3.8627 -5.1914 1.7752 31.4582 1.4156 0.0530
Car -1 -1 2.8203 534.0753 171.2248 587.2352 190.4284 1.4914 1.5730 3.9327 -3.7088 0.4048 57.2956 2.7557 0.0521
Car -1 -1 3.1892 137.1124 175.8271 257.6249 214.8648 1.4373 1.5535 3.9905 -15.8695 1.0916 28.0532 2.6783 0.0519
Car -1 -1 0.7077 211.6026 183.4433 300.1645 213.0562 1.5115 1.6438 4.1359 -18.5594 1.4211 38.0110 0.2559 0.0514
Car -1 -1 1.4625 549.2547 171.0947 577.3507 193.9704 1.6564 1.6754 4.1386 -3.3484 0.6339 54.2342 1.4008 0.0508