Car -1 -1 4.7655 573.8881 178.5993 629.9733 225.1719 1.4654 1.7144 3.4228 -0.1133 1.2572 24.3691 4.7605 0.9614
Car -1 -1 4.9993 325.6730 186.4702 449.7313 258.7465 1.4398 1.6434 3.7761 -4.8074 1.4715 16.2775 4.7163 0.9564
Car -1 -1 5.2115 96.2032 180.5057 287.8784 261.6218 1.4704 1.6144 4.2128 -8.4625 1.3851 15.1400 4.7092 0.9483
Car -1 -1 5.3117 0.0000 185.5219 173.1443 253.5881 1.4870 1.6402 4.2083 -12.8349 1.4955 17.8412 4.6950 0.9276
Car -1 -1 4.8906 408.3604 178.1634 454.2281 207.2247 1.4017 1.5999 3.8722 -8.9054 1.0616 36.6523 4.6536 0.6660
Car -1 -1 4.8454 507.2100 174.1405 544.6813 203.2261 1.4822 1.5320 3.5103 -4.2954 0.9178 38.4052 4.7345 0.6078
Car -1 -1 4.9641 325.4329 180.7831 377.5189 209.4361 1.4110 1.6017 3.9855 -13.2486 1.1927 37.4529 4.6261 0.5907
Car -1 -1 4.8705 439.5249 145.1857 515.8441 206.6233 2.0747 2.0144 4.9416 -4.6892 0.7229 26.7601 4.6986 0.4232
Car -1 -1 5.5063 0.0000 176.3952 116.7331 376.0000 1.4705 1.5603 3.7617 -4.4198 1.4503 3.5769 4.6527 0.2397
Car -1 -1 5.1142 566.2551 173.9858 630.7479 207.2702 1.4980 1.6557 4.0092 -0.3484 0.9926 34.5211 5.1038 0.2303
Car -1 -1 4.9911 54.8555 167.4266 99.6436 191.9536 1.7481 1.6769 3.8241 -39.2427 0.4802 53.3200 4.3589 0.1860
Car -1 -1 5.1002 0.0000 196.7934 213.5538 376.0000 1.4775 1.6586 4.0766 -4.7144 1.6081 5.9280 4.4502 0.1606
Car -1 -1 4.7888 546.9920 173.7545 586.5358 206.2030 1.4574 1.5951 3.6497 -1.8697 0.9426 34.1278 4.7341 0.1577
Car -1 -1 0.7109 0.0000 197.0170 123.1084 376.0000 1.4742 1.6074 4.0727 -5.7461 1.5682 4.6212 -0.1542 0.1507
Car -1 -1 1.4841 552.6005 182.8351 576.3069 202.7622 1.5123 1.5427 3.7052 -3.3876 1.3316 56.5005 1.4241 0.1397
Car -1 -1 1.9547 168.7252 185.0020 207.5525 203.6207 1.5473 1.4676 4.0541 -35.9995 1.5296 61.8522 1.4291 0.1387
Car -1 -1 1.7321 205.5678 181.7744 253.7366 211.9480 1.4448 1.5599 3.7914 -19.0828 1.2800 36.4650 1.2527 0.1349
Car -1 -1 2.7205 503.5112 174.1606 596.3489 210.5152 1.5801 1.6296 3.9105 -2.6062 1.0996 32.8970 2.6417 0.1078
Car -1 -1 3.9918 19.2843 159.2781 159.5764 207.0324 1.5438 1.6523 4.0176 -17.6171 0.7053 24.5057 3.3737 0.1002
Car -1 -1 5.2139 0.0000 194.0379 329.9126 376.0000 1.4791 1.5699 3.5116 -2.9561 1.5529 4.1968 4.6298 0.0959
Car -1 -1 1.5671 496.5124 186.2910 532.6962 219.3820 1.4680 1.6034 3.5762 -4.3684 1.5216 33.8910 1.4394 0.0952
Car -1 -1 1.6530 543.4008 173.9457 587.7775 210.1487 1.4988 1.6310 3.9447 -1.7776 1.0322 31.7544 1.5972 0.0910
Car -1 -1 0.1952 265.0656 193.6128 358.5038 227.9668 1.4724 1.5768 3.6649 -13.2737 1.8648 32.4780 -0.1904 0.0907
Car -1 -1 1.6443 0.0000 229.3790 148.8902 376.0000 1.4419 1.6473 3.9859 -5.8530 2.0416 7.6359 1.0066 0.0850
Car -1 -1 1.5151 516.7130 171.3717 561.6363 209.9096 1.5625 1.7158 4.1158 -3.0220 1.0012 31.3088 1.4194 0.0840
Car -1 -1 1.6414 474.0132 177.8832 519.8358 217.1623 1.5668 1.6451 4.0394 -4.6510 1.2743 30.7524 1.4922 0.0830
Car -1 -1 1.7891 621.1325 184.3083 657.7222 207.9308 1.4521 1.5906 3.6665 2.1099 1.3963 46.1649 1.8341 0.0825
Car -1 -1 1.5119 570.1653 177.6826 611.8611 212.3347 1.4437 1.6222 3.8186 -0.7716 1.1298 31.9188 1.4876 0.0820
Car -1 -1 2.0142 183.4596 185.0036 256.0108 216.2932 1.4367 1.6150 3.8037 -18.7368 1.4270 34.9441 1.5249 0.0811
Car -1 -1 3.3408 22.5839 169.1051 101.5905 190.7324 1.5232 1.5851 4.3485 -39.5539 0.3885 52.2813 2.6954 0.0798
Car -1 -1 3.4190 183.7897 185.4881 282.2769 216.4140 1.4746 1.6517 4.0136 -18.3965 1.4886 35.5029 2.9436 0.0775
Car -1 -1 1.8647 233.5953 180.8690 294.7148 214.1657 1.5231 1.6291 3.8074 -16.5625 1.3243 34.8862 1.4241 0.0770
Car -1 -1 -0.1061 629.1212 182.3672 696.9406 206.3678 1.4653 1.6577 4.0569 3.4419 1.2914 44.7768 -0.0303 0.0692
Car -1 -1 1.6918 267.2524 210.7713 348.2516 275.2972 1.5007 1.6468 3.7142 -8.3498 2.2943 20.3166 1.3058 0.0662
Car -1 -1 1.5991 0.0000 233.7946 162.5802 376.0000 1.4089 1.6423 4.2364 -6.5500 2.1579 8.8681 0.9766 0.0658
Car -1 -1 1.8615 579.3059 182.5413 612.6382 202.3664 1.4756 1.5987 3.6260 -0.8304 1.2766 55.4683 1.8461 0.0623
Car -1 -1 5.0735 0.0000 190.6254 383.2532 376.0000 1.5237 1.6855 4.0770 -3.0508 1.5826 5.7079 4.6017 0.0585
Car -1 -1 4.9448 458.4771 167.6007 521.4547 211.8715 1.6535 1.6326 3.8717 -4.6213 0.9956 28.8406 4.7871 0.0585
Car -1 -1 0.0509 0.0000 195.5933 653.9332 376.0000 1.4414 1.6140 4.1173 -1.8879 1.5338 5.0389 -0.2907 0.0581
Car -1 -1 1.4575 556.8834 175.5808 585.9061 197.7596 1.5597 1.6796 3.9939 -2.6594 0.8822 52.6608 1.4069 0.0577
Car -1 -1 1.5629 168.9173 182.8874 191.9959 201.3284 1.5061 1.6324 3.9008 -36.1006 1.3159 60.7999 1.0287 0.0574
Car -1 -1 1.6476 405.4996 179.2811 444.9299 211.6012 1.4857 1.5644 3.8266 -8.8206 1.2129 35.0621 1.4026 0.0574
Car -1 -1 1.6820 315.8874 175.9432 361.2909 210.3157 1.6029 1.6619 4.0016 -13.2586 1.1705 35.6647 1.3282 0.0568
Car -1 -1 1.9976 40.5925 161.7397 145.5079 207.3026 1.5206 1.6077 3.8734 -18.4770 0.7371 26.0432 1.3854 0.0566
Car -1 -1 5.3509 0.0000 198.9616 262.1581 376.0000 1.4568 1.5648 3.6697 -4.0861 1.5894 5.0872 4.6996 0.0565
Car -1 -1 1.6547 267.3954 209.5531 347.4069 276.8367 1.4554 1.6138 3.8248 -7.8544 2.1723 19.1095 1.2690 0.0565
Car -1 -1 3.5174 481.2213 174.0729 555.5550 203.5868 1.5018 1.5403 3.5592 -4.6507 0.9348 37.7710 3.3954 0.0562
Car -1 -1 0.1079 633.4587 179.9226 702.8569 204.7001 1.4688 1.6206 4.0629 3.7341 1.1551 43.7978 0.1919 0.0557
Car -1 -1 1.5590 167.2251 181.7830 191.4079 201.6282 1.5634 1.6496 4.1732 -35.0424 1.2930 58.8430 1.0235 0.0549
Car -1 -1 3.4830 387.7307 178.8949 471.3501 207.7889 1.4129 1.5792 3.7680 -8.8939 1.1038 36.1283 3.2430 0.0547
Car -1 -1 4.7974 251.9835 183.6893 294.0476 214.1054 1.4782 1.6240 3.9338 -17.1669 1.4040 37.0618 4.3661 0.0544
Car -1 -1 5.6016 0.0000 189.9169 161.5043 376.0000 1.4843 1.6452 4.0230 -4.9664 1.5272 4.4837 4.7949 0.0540
Car -1 -1 1.1473 519.7573 183.6068 558.9542 203.6836 1.4939 1.6341 3.7029 -5.2706 1.3742 55.5041 1.0526 0.0527
Car -1 -1 4.1834 511.7935 175.2328 585.5264 209.1825 1.5217 1.6639 4.1103 -2.8612 1.0742 34.3809 4.1007 0.0522
Car -1 -1 2.4534 34.6454 165.2381 177.3584 213.6082 1.4832 1.5947 3.7487 -16.6221 0.8706 24.0655 1.8541 0.0516
Car -1 -1 1.1837 620.0464 183.5733 666.2880 208.0414 1.4493 1.6394 3.5431 2.1832 1.3520 44.5236 1.2319 0.0509