Car -1 -1 -0.4928 859.0499 197.7355 1121.2982 285.4065 1.4155 1.6070 3.8860 6.7144 1.8929 12.9880 -0.0259 0.9565
Car -1 -1 3.6363 19.2495 196.2989 353.0946 307.4151 1.3900 1.5353 3.7873 -5.7727 1.7455 10.1492 3.1299 0.9465
Car -1 -1 3.7542 0.0000 192.0470 238.0990 352.3730 1.4648 1.6134 3.8520 -6.3255 1.6946 7.7261 3.0847 0.9343
Car -1 -1 0.4609 217.7935 186.6405 438.1334 265.0708 1.4647 1.6034 3.9136 -5.6902 1.7668 14.8161 0.0995 0.9331
Car -1 -1 -0.2148 716.4372 182.6450 847.6967 231.8135 1.6164 1.7708 4.1349 5.8934 1.9680 24.9973 0.0133 0.9169
Car -1 -1 3.3707 298.7959 172.5425 456.2095 228.8341 1.4678 1.5635 3.8390 -6.2468 1.4597 19.7359 3.0676 0.8944
Car -1 -1 4.5722 637.9023 183.3744 677.1876 212.0799 1.4301 1.5885 4.0562 2.5772 2.0372 39.5557 4.6362 0.7941
Car -1 -1 -0.3817 820.3348 179.5392 1013.4977 251.8190 1.4353 1.5450 3.4275 6.3946 1.5839 15.2586 0.0075 0.7570
Car -1 -1 0.2297 418.2216 181.0193 522.0356 216.6951 1.5715 1.6161 4.4217 -6.3435 1.9562 33.0933 0.0413 0.7359
Car -1 -1 3.5762 123.4701 191.1431 374.9758 282.4294 1.4613 1.4967 3.6514 -6.1732 1.8010 12.6303 3.1293 0.6522
Car -1 -1 -0.8020 1033.8903 216.9976 1242.0000 375.0000 1.4242 1.6391 4.2026 5.8769 1.8206 5.6162 -0.0210 0.5929
Car -1 -1 0.4754 258.4986 185.3792 453.7163 254.8065 1.5185 1.5172 4.1655 -5.9853 1.8356 17.2124 0.1449 0.5660
Car -1 -1 3.5785 373.7767 180.0699 490.9948 224.1238 1.4445 1.5147 3.6685 -6.1391 1.7069 25.1268 3.3408 0.5247
Car -1 -1 1.8030 519.4164 182.2168 555.5667 207.0195 1.4886 1.5077 3.7335 -4.6234 2.1203 46.7283 1.7044 0.5044
Car -1 -1 4.4411 516.3699 176.1411 551.4183 196.5471 1.5007 1.6557 4.1366 -5.9128 1.7660 56.0089 4.3360 0.3847
Car -1 -1 1.4940 565.2709 181.2811 587.1915 198.8411 1.4501 1.6210 4.1335 -2.9765 2.2203 63.7991 1.4471 0.2552
Car -1 -1 3.4074 454.1422 171.7369 539.1808 201.0661 1.4321 1.5585 3.9467 -5.6357 1.3775 36.2264 3.2538 0.2326
Car -1 -1 1.6947 530.8439 180.0487 559.0853 202.5403 1.5242 1.5667 3.8286 -4.6253 2.0628 52.0783 1.6061 0.2322
Car -1 -1 3.4525 329.0054 183.3954 468.7003 233.0774 1.4496 1.6051 3.8320 -6.4356 1.7878 22.2834 3.1739 0.1929
Car -1 -1 4.4091 836.7462 175.3100 887.1926 203.9640 1.4346 1.5056 3.5999 13.3197 1.5710 38.2576 4.7413 0.1843
Car -1 -1 0.2393 361.9247 160.7241 452.2530 191.3269 1.4576 1.5402 3.9896 -9.8252 0.8799 35.1993 -0.0312 0.1753
Car -1 -1 0.2851 256.1153 167.7123 344.0555 199.3868 1.4723 1.4753 3.5906 -14.7315 1.2333 34.4802 -0.1161 0.1587
Car -1 -1 1.5194 619.8703 178.8660 639.2632 195.7278 1.4907 1.6064 3.7779 1.8343 2.0653 67.0574 1.5462 0.1496
Car -1 -1 3.6349 465.5676 171.7068 543.9399 199.8931 1.5162 1.6524 4.0278 -5.8461 1.4545 40.2800 3.4913 0.1490
Car -1 -1 3.2830 46.3714 186.8350 331.9429 288.3807 1.4890 1.5575 4.0439 -6.9505 1.7576 12.4188 2.7814 0.1458
Car -1 -1 2.9572 839.6830 173.5994 916.5820 202.7487 1.4546 1.5401 3.4794 13.7569 1.4940 37.1090 3.3092 0.1418
Car -1 -1 4.3808 1007.8088 220.9582 1242.0000 375.0000 1.3541 1.6412 3.9196 5.0028 1.9328 6.5659 5.0090 0.1415
Car -1 -1 4.6063 483.3933 176.9547 517.1841 204.2870 1.4720 1.5523 3.4719 -6.2890 1.7174 41.2986 4.4557 0.1384
Car -1 -1 1.7215 562.5691 181.5707 590.1718 202.2791 1.6327 1.6761 4.5279 -2.7736 2.4003 61.1983 1.6760 0.1337
Car -1 -1 1.3464 355.1517 169.7747 385.8403 190.5499 1.6846 1.6267 3.8764 -20.1001 1.4349 60.5865 1.0271 0.1334
Car -1 -1 4.4345 417.8544 160.6178 464.9882 188.8888 1.6009 1.6850 4.0785 -10.0766 0.9080 43.0495 4.2057 0.1236
Car -1 -1 0.5029 491.3933 183.1951 553.1467 207.8086 1.4818 1.6046 3.5820 -5.5665 2.1619 46.0396 0.3827 0.1181
Car -1 -1 1.5570 730.7322 172.2429 760.9216 199.5830 1.5144 1.6492 3.9625 7.9076 1.4806 42.0599 1.7412 0.1174
Car -1 -1 1.2054 545.0511 180.2915 579.6075 198.6349 1.5149 1.6061 4.3213 -4.2118 2.1957 63.7490 1.1393 0.1167
Car -1 -1 3.4659 504.0993 182.5110 559.6573 204.7980 1.5114 1.6225 3.5842 -5.4892 2.2115 51.1315 3.3590 0.1152
Car -1 -1 4.8607 385.6656 178.6701 466.2252 238.0932 1.5317 1.6594 4.2103 -5.2728 1.7201 21.1968 4.6192 0.1126
Car -1 -1 3.4473 483.1900 160.7459 563.3790 189.6532 1.5399 1.6638 4.0606 -4.7146 0.8949 39.6327 3.3294 0.1095
Car -1 -1 2.7079 731.3037 172.7138 806.7411 199.8105 1.4900 1.6363 3.8431 9.0174 1.4823 40.8923 2.9230 0.1042
Car -1 -1 1.8880 711.4083 179.3738 761.6952 207.4675 1.4648 1.6260 4.0279 7.2265 1.8529 40.7834 2.0616 0.1019
Car -1 -1 4.6229 520.6830 160.8512 556.9944 190.2870 1.5579 1.6832 3.7324 -3.9802 0.9227 40.1784 4.5246 0.0958
Car -1 -1 4.7505 431.8549 179.0322 480.4029 223.1812 1.4136 1.5307 3.6361 -5.3705 1.6489 25.5599 4.5449 0.0944
Car -1 -1 3.2026 500.1965 176.7863 553.5750 197.2256 1.5144 1.6124 3.9296 -6.2361 1.8176 54.7185 3.0893 0.0926
Car -1 -1 1.9346 572.2872 180.9429 606.1357 198.2376 1.4273 1.6457 4.0832 -1.7605 2.1672 63.8034 1.9067 0.0910
Car -1 -1 1.1483 534.7971 182.7177 573.3586 202.5765 1.4833 1.6240 3.9339 -4.5040 2.3066 58.1100 1.0708 0.0865
Car -1 -1 4.8778 250.7411 172.0068 292.1953 199.8661 1.5532 1.5801 3.8233 -19.7524 1.5060 42.2804 4.4429 0.0846
Car -1 -1 -0.2704 713.0554 175.8552 777.9457 199.1078 1.5538 1.6308 4.0827 9.2894 1.7636 49.4575 -0.0863 0.0838
Car -1 -1 5.0671 315.2644 162.2020 372.4593 190.0150 1.5161 1.6917 4.2783 -15.1877 0.9354 41.4739 4.7180 0.0824
Car -1 -1 0.9900 568.2325 180.6539 611.8530 199.6985 1.4853 1.6427 4.1240 -1.6654 2.1595 60.2066 0.9621 0.0804
Car -1 -1 1.5100 496.0221 170.5529 531.4545 200.3905 1.4463 1.5712 3.7872 -4.9534 1.3347 36.9835 1.3775 0.0752
Car -1 -1 -0.0317 396.8354 162.4637 483.9843 195.1230 1.5495 1.6142 4.0893 -8.3245 1.0565 35.5386 -0.2604 0.0750
Car -1 -1 1.9537 591.6779 179.4895 627.6426 198.0519 1.4738 1.6041 4.1694 0.0493 2.0564 61.1182 1.9541 0.0735
Car -1 -1 4.6742 774.3115 174.7337 810.6652 206.8280 1.5084 1.6098 3.7464 9.1129 1.6077 36.1429 4.9188 0.0732
Car -1 -1 3.7141 415.3060 163.2454 489.8391 190.6969 1.5364 1.6593 3.9576 -9.1022 0.9986 41.8546 3.5010 0.0715
Car -1 -1 4.7772 358.5096 155.0056 405.0891 192.3065 1.5018 1.6443 4.0920 -9.7885 0.7832 31.2328 4.4757 0.0704
Car -1 -1 2.0826 544.3666 180.7004 586.9484 201.4592 1.6165 1.6664 4.2706 -3.6168 2.2959 60.1979 2.0224 0.0698
Car -1 -1 1.7251 417.9219 177.7398 487.2237 228.4163 1.4859 1.6064 3.9149 -5.0257 1.6589 23.5402 1.5165 0.0684
Car -1 -1 -0.2131 499.6433 170.3518 586.8110 201.2521 1.4992 1.6673 4.1219 -3.3588 1.3778 36.4199 -0.3049 0.0680
Car -1 -1 0.2550 548.9417 181.5844 597.2582 199.3581 1.4941 1.6122 3.9345 -3.1708 2.2708 63.0094 0.2045 0.0677
Car -1 -1 4.8329 432.7901 160.9528 470.5638 189.0299 1.5682 1.6928 3.9687 -9.2141 0.9035 42.3549 4.6198 0.0662
Car -1 -1 0.9325 1092.2292 208.0885 1242.0000 375.0000 1.4382 1.6663 4.2140 5.9790 1.8338 5.9070 1.6982 0.0662
Car -1 -1 1.1715 731.6490 179.7056 785.7731 208.1831 1.4597 1.6433 3.6106 8.1765 1.8564 39.8465 1.3719 0.0661
Car -1 -1 -0.1379 519.5655 160.2946 593.5082 189.1761 1.5404 1.6299 3.8685 -2.9364 0.8706 39.6869 -0.2115 0.0659
Car -1 -1 -0.1949 802.1782 174.8676 886.9688 204.6523 1.4842 1.6216 3.9044 12.0312 1.5906 37.1240 0.1157 0.0640
Car -1 -1 1.5089 522.6852 176.7386 547.6148 198.0182 1.5132 1.6141 4.0537 -5.6237 1.8166 54.2198 1.4057 0.0639
Car -1 -1 3.2757 340.2166 182.8279 473.4373 229.6432 1.4722 1.6322 4.1203 -6.7095 1.8222 24.2357 3.0079 0.0634
Car -1 -1 1.6378 519.7602 179.7112 546.1080 202.6002 1.5558 1.6259 4.1487 -5.5273 2.0739 52.4091 1.5328 0.0631
Car -1 -1 4.6060 399.6897 159.1616 441.6296 191.5175 1.5321 1.6400 3.8585 -9.5371 0.8838 36.2608 4.3504 0.0626
Car -1 -1 2.1417 124.4631 188.2567 338.1339 288.1931 1.4329 1.5287 3.7867 -6.5066 1.7507 12.9188 1.6829 0.0613
Car -1 -1 4.4534 707.8306 175.6179 744.1490 198.2936 1.5331 1.6018 3.8759 8.2286 1.7372 51.2821 4.6112 0.0608
Car -1 -1 3.6827 324.0106 155.9245 435.0290 193.3328 1.4946 1.6287 4.1729 -9.5749 0.8182 30.1059 3.3771 0.0607