Car -1 -1 4.5112 716.7607 189.0303 798.3235 245.2049 1.4503 1.6433 3.7830 4.3274 1.9776 21.6191 4.7052 0.9752
Car -1 -1 1.7317 492.8517 185.7581 562.7539 244.6588 1.6001 1.5560 3.7491 -2.4440 2.0340 22.3518 1.6233 0.9559
Car -1 -1 1.9970 162.8760 196.1466 455.6773 366.8178 1.4983 1.6601 4.2400 -3.3753 1.8627 9.1084 1.6505 0.9456
Car -1 -1 1.7860 361.5561 180.3220 504.7994 289.7728 1.6546 1.6400 4.1834 -3.0407 1.8138 13.2904 1.5644 0.9181
Car -1 -1 4.5567 698.0330 174.9668 759.6672 227.0045 1.8421 1.6815 4.2883 4.5148 1.9300 27.8625 4.7150 0.9095
Car -1 -1 1.6540 525.5894 182.4262 573.1283 226.6426 1.5224 1.5084 3.3613 -2.2185 1.9063 27.2534 1.5729 0.5359
Car -1 -1 1.1692 505.5927 174.6241 542.6697 192.9660 1.5255 1.6470 4.3075 -7.4646 1.6850 62.7302 1.0509 0.2913
Car -1 -1 1.5199 578.6290 183.5777 599.5119 202.1801 1.4897 1.5966 3.9337 -1.7920 2.4433 62.1398 1.4907 0.2629
Car -1 -1 1.5959 509.8217 177.0770 531.4532 197.6949 1.5160 1.5627 3.9346 -6.8610 1.8552 55.9191 1.4740 0.1947
Car -1 -1 3.5954 574.8584 192.8668 637.8664 218.1041 1.5842 1.5989 4.0203 -0.2255 2.9988 49.4094 3.5902 0.1731
Car -1 -1 4.5625 462.6398 166.7027 512.1012 203.7375 1.4785 1.5514 3.6463 -5.2635 1.2330 30.7804 4.3942 0.1529
Car -1 -1 4.7056 701.6158 171.3652 720.6483 189.6372 1.4841 1.5335 3.7784 8.5114 1.3632 60.5802 4.8442 0.1289
Car -1 -1 1.4730 689.0814 184.8887 739.2791 225.3015 1.5340 1.7008 4.1875 4.3894 2.0829 30.7830 1.6125 0.1188
Car -1 -1 1.8101 560.9768 183.4705 593.1378 205.1562 1.5136 1.5700 3.7639 -2.4089 2.3422 54.3154 1.7654 0.1165
Car -1 -1 1.5336 580.8526 180.6368 602.9661 200.8440 1.5504 1.6528 4.2769 -1.4808 2.2129 59.2306 1.5082 0.1135
Car -1 -1 5.0096 347.9594 166.4751 435.5536 221.5316 1.5369 1.6376 3.2281 -6.4723 1.3588 21.7641 4.7235 0.0985
Car -1 -1 3.1049 591.4269 192.9665 648.1473 216.2808 1.5132 1.6231 3.8035 0.6678 2.9075 49.1655 3.1177 0.0909
Car -1 -1 1.5443 683.7759 187.8419 710.8522 212.8067 1.4465 1.6094 3.7287 5.5653 2.4434 46.0570 1.6631 0.0900
Car -1 -1 0.0004 708.7961 177.5509 807.3079 223.8394 1.5940 1.6039 3.3984 5.3659 1.7719 26.1985 0.1996 0.0878
Car -1 -1 1.8221 537.5187 188.8878 591.6995 224.0040 1.4831 1.6561 3.9079 -2.0797 2.2947 34.4446 1.7616 0.0870
Car -1 -1 4.3207 1079.3651 127.7271 1199.1689 187.6028 1.6205 1.6218 3.5084 15.5692 0.3992 21.4215 4.9429 0.0851
Car -1 -1 3.3283 423.1034 163.9178 525.2750 200.5783 1.4801 1.6138 3.9339 -5.5617 1.1193 29.9456 3.1459 0.0840
Car -1 -1 1.6011 698.3673 169.3707 720.7329 190.5628 1.6522 1.6691 4.2972 8.1390 1.3806 58.5103 1.7383 0.0822
Car -1 -1 1.4876 610.7113 182.3637 633.0737 200.6168 1.4492 1.5878 3.7382 1.0180 2.2811 61.2017 1.5037 0.0764
Car -1 -1 2.4735 602.5560 191.9994 663.6906 216.3597 1.5085 1.6626 4.0260 1.6381 2.8708 49.4768 2.5057 0.0759
Car -1 -1 1.3757 676.7646 191.0170 723.0046 221.6382 1.4367 1.7006 3.8703 4.7234 2.4487 38.2095 1.4970 0.0757
Car -1 -1 1.1076 561.8053 188.2106 630.0300 224.0241 1.4706 1.6800 3.6865 -0.6898 2.2242 33.3846 1.0864 0.0755
Car -1 -1 1.1093 581.1194 177.8657 621.7535 198.0757 1.5358 1.6271 4.0680 -0.6945 1.9544 58.0931 1.0970 0.0755
Car -1 -1 1.5194 521.8543 173.9042 543.2256 192.2635 1.5111 1.6098 4.0980 -6.6229 1.6041 61.7818 1.4127 0.0738
Car -1 -1 -0.7013 1087.1075 127.7686 1242.0000 187.7054 1.6654 1.6361 3.7424 16.2588 0.4127 20.9553 -0.0481 0.0712
Car -1 -1 1.2550 553.4265 183.5496 585.6718 202.3418 1.4789 1.6067 3.8776 -3.4313 2.4182 61.2694 1.1989 0.0712
Car -1 -1 0.2545 503.2260 173.5711 551.9260 191.3640 1.4966 1.5747 3.8745 -7.0080 1.5591 61.8274 0.1418 0.0698
Car -1 -1 1.6992 605.1904 182.9586 634.7382 204.8872 1.4603 1.6169 4.1803 0.7934 2.2226 52.2470 1.7137 0.0696
Car -1 -1 4.6114 729.6645 166.7659 760.5117 190.7023 1.4468 1.4919 4.2695 8.5563 1.0788 45.8015 4.7947 0.0679
Car -1 -1 4.6749 564.1910 187.5927 599.4744 220.7101 1.4496 1.5763 3.8183 -1.4013 2.2107 35.2955 4.6348 0.0678
Car -1 -1 3.6487 322.0505 165.4137 440.2363 220.8708 1.5264 1.6148 2.8436 -6.5882 1.3216 20.9406 3.3471 0.0648
Car -1 -1 1.3501 612.0285 181.1802 641.2043 199.6655 1.4323 1.6014 3.8932 1.3791 2.1466 59.8337 1.3726 0.0628
Car -1 -1 1.9150 578.0787 183.5672 611.8500 203.3606 1.5540 1.5982 4.0188 -1.1982 2.4939 61.1439 1.8950 0.0619
Car -1 -1 4.5961 844.3919 144.2190 910.7443 192.9120 1.5989 1.7350 4.1584 9.5242 0.6586 25.9163 4.9445 0.0589
Car -1 -1 3.9039 996.9133 161.8716 1189.6436 228.4796 1.4920 1.6507 4.0027 12.0344 1.2460 18.3007 4.4779 0.0575
Car -1 -1 2.7392 1097.5424 130.1147 1242.0000 187.1655 1.6281 1.6818 3.8559 17.3433 0.4084 21.9008 3.4026 0.0574
Car -1 -1 1.9877 563.7017 178.6319 602.6126 198.8346 1.5236 1.6309 4.0087 -2.0736 2.0039 57.8174 1.9516 0.0567
Car -1 -1 4.6152 593.0587 192.1542 623.3156 217.0501 1.5387 1.6979 4.1791 -0.1371 2.9372 50.1158 4.6118 0.0550
Car -1 -1 1.5990 608.2629 191.2282 633.5471 215.5163 1.5073 1.6346 3.8813 0.8155 2.8242 49.7398 1.6146 0.0519
Car -1 -1 1.5907 542.6951 185.4053 581.7488 222.6120 1.4812 1.6307 4.1543 -2.0715 2.0791 32.2606 1.5264 0.0517
Car -1 -1 1.7580 508.9968 174.0049 537.9254 193.8352 1.5930 1.6391 4.2484 -7.1650 1.6928 60.3924 1.6401 0.0502