Car -1 -1 1.7176 466.4152 168.8841 540.6408 235.1766 1.8840 1.6866 4.4068 -2.9382 1.5251 22.6300 1.5846 0.7838
Car -1 -1 1.8373 371.4752 161.7184 515.0306 260.8048 1.9096 1.9592 4.7004 -3.3265 1.5281 16.2505 1.6331 0.7765
Car -1 -1 3.4628 277.4249 146.5648 415.4251 196.0518 1.4611 1.5486 3.6863 -7.7057 0.4293 22.0141 3.1250 0.4313
Car -1 -1 3.4488 334.1546 144.3899 453.5091 186.2340 1.4757 1.6139 3.8761 -7.4694 0.1665 26.1937 3.1690 0.3695
Car -1 -1 4.9214 456.1817 141.2420 506.1212 174.7745 1.5081 1.6312 3.9432 -5.7618 -0.3482 35.1166 4.7554 0.2611
Car -1 -1 1.6969 389.1248 141.0126 445.9143 183.5050 1.4786 1.6042 3.7589 -6.7857 0.0693 26.9598 1.4480 0.2576
Car -1 -1 3.4668 412.2308 142.3483 505.7848 177.8017 1.6261 1.6684 4.0585 -6.7065 -0.1826 34.2623 3.2703 0.2511
Car -1 -1 4.5503 370.0956 175.5188 397.9160 195.5571 1.6178 1.6093 3.8742 -18.1270 1.1339 60.0881 4.2535 0.1780
Car -1 -1 3.3005 444.8628 143.4539 536.3300 176.7838 1.5369 1.6494 4.0968 -5.1748 -0.2306 34.1958 3.1469 0.1501
Car -1 -1 5.0170 406.9044 139.1076 469.0035 179.2348 1.5902 1.6130 3.4339 -6.8137 -0.1022 30.4465 4.7941 0.1485
Car -1 -1 1.8296 289.9149 182.1842 393.0501 245.7932 1.5233 1.6534 3.8294 -6.7858 1.5432 19.2206 1.4891 0.1368
Car -1 -1 4.8271 471.2767 149.6819 506.0941 178.3936 1.6410 1.6760 3.6670 -6.6927 -0.1962 43.3298 4.6701 0.1353
Car -1 -1 1.5479 558.3970 176.1378 579.4203 196.7241 1.5537 1.5380 3.6603 -2.4843 1.1481 56.0964 1.4989 0.1206
Car -1 -1 3.9638 369.1051 141.6184 468.9874 179.3725 1.5015 1.6155 4.3162 -7.7648 -0.0967 30.6238 3.7129 0.1205
Car -1 -1 4.9859 347.3168 147.5896 425.9439 196.8401 1.4562 1.5374 3.4143 -6.7372 0.4532 22.9563 4.6987 0.1080
Car -1 -1 4.5605 521.1430 157.8267 548.3456 181.3736 2.0671 1.8039 4.3915 -6.0162 -0.0131 65.4385 4.4644 0.1003
Car -1 -1 4.2640 520.6240 163.7163 554.5035 181.8837 1.6801 1.6753 3.9149 -6.0240 0.0344 68.5406 4.1719 0.0940
Car -1 -1 2.0752 241.9675 195.8333 394.0202 270.7810 1.4907 1.6418 3.9698 -6.5507 1.8743 17.1618 1.7100 0.0920
Car -1 -1 5.0031 534.9932 177.7958 626.4221 242.3983 1.6059 1.5446 3.6320 -0.4440 1.5135 19.8109 4.9756 0.0868
Car -1 -1 -0.0549 202.9194 194.2834 387.1385 262.1168 1.4734 1.6426 4.0415 -7.5160 1.8194 17.8388 -0.4540 0.0761
Car -1 -1 1.9101 356.8923 149.1560 439.0696 194.2385 1.4855 1.6156 3.8975 -7.1242 0.4193 25.6671 1.6372 0.0748
Car -1 -1 3.2454 526.9080 175.2855 580.0344 195.2890 1.5165 1.6013 3.9434 -3.5866 1.0444 55.3269 3.1760 0.0735
Car -1 -1 4.7793 442.3633 144.3853 481.8660 177.7836 1.5158 1.6404 4.0224 -6.7119 -0.1934 35.1679 4.5875 0.0709
Car -1 -1 0.7922 244.7009 173.4220 387.2474 226.0401 1.5190 1.6587 4.1833 -8.8523 1.2855 22.3375 0.4137 0.0698
Car -1 -1 2.8423 335.1521 141.2922 456.3137 184.0030 1.6212 1.6653 4.4388 -8.2689 0.0945 29.1758 2.5638 0.0695
Car -1 -1 3.3250 300.1866 164.9322 434.4874 210.3188 1.5261 1.6631 4.2574 -8.0900 0.9686 25.2519 3.0129 0.0679
Car -1 -1 4.6496 511.9776 158.4115 536.1934 180.4881 1.7528 1.7286 3.8923 -6.3278 -0.0875 59.2905 4.5390 0.0679
Car -1 -1 4.6553 486.9039 150.9606 515.8254 177.3758 1.6203 1.6318 3.8077 -6.4755 -0.2807 46.7248 4.5137 0.0671
Car -1 -1 3.6449 459.6182 150.4555 541.0323 180.8665 1.5617 1.6779 4.0005 -5.3507 -0.0359 38.4430 3.5029 0.0665
Car -1 -1 1.8095 565.5884 171.1164 590.2543 186.8943 1.4608 1.5385 3.6752 -2.1131 0.4983 68.4637 1.7738 0.0656
Car -1 -1 4.8275 468.5291 148.3034 507.1126 178.8403 1.5718 1.6647 3.8093 -6.0991 -0.1532 39.2524 4.6697 0.0646
Car -1 -1 5.0031 366.2493 159.1808 448.0849 207.9532 1.5202 1.6127 3.9464 -6.4486 0.8241 24.3863 4.7423 0.0637
Car -1 -1 0.7359 232.2910 164.3157 391.5853 225.4612 1.5502 1.6600 3.9593 -7.8911 1.1142 19.6768 0.3539 0.0635
Car -1 -1 4.6918 409.2734 161.6331 430.3485 181.7823 1.8244 1.8129 4.0971 -16.9333 0.0245 67.2593 4.4413 0.0629
Car -1 -1 2.1158 382.6296 138.5872 470.8975 181.4554 1.5923 1.6213 3.9624 -6.8654 -0.0024 28.8211 1.8793 0.0614
Car -1 -1 0.1426 276.4486 170.6769 413.8009 217.3270 1.4560 1.6062 4.0629 -8.2744 1.1178 23.6033 -0.1962 0.0582
Car -1 -1 3.7115 436.3479 151.4432 509.8501 179.0569 1.5708 1.6384 4.0520 -7.5608 -0.1511 42.6638 3.5325 0.0574
Car -1 -1 0.9572 692.7200 174.3492 795.6481 218.9907 1.4605 1.5807 3.9659 5.0255 1.2262 25.6338 1.1437 0.0574
Car -1 -1 1.8624 298.9627 150.4787 398.2940 208.7502 1.5163 1.6221 3.9302 -7.1128 0.7088 20.6883 1.5302 0.0569
Car -1 -1 1.4632 795.7053 175.4238 855.0820 219.0488 1.4334 1.5825 3.7971 7.9401 1.2334 25.6145 1.7558 0.0566
Car -1 -1 2.0294 584.0823 180.7681 629.4594 201.5351 1.4969 1.6737 4.3594 0.5304 1.4432 54.1010 2.0341 0.0566
Car -1 -1 0.3541 285.6099 179.3113 450.7137 236.6481 1.4999 1.6217 3.9908 -6.2819 1.4423 19.6883 0.0438 0.0561
Car -1 -1 3.6914 437.8986 158.2134 517.4070 184.1159 1.5283 1.6507 4.6142 -7.5224 0.1536 44.0000 3.5184 0.0555
Car -1 -1 2.0744 277.7159 144.8868 395.5542 198.5905 1.4594 1.5810 3.9994 -7.7861 0.4641 21.6191 1.7278 0.0555
Car -1 -1 5.1910 528.2515 171.0087 568.5420 191.2854 1.5328 1.5865 3.8118 -4.0394 0.7388 56.3678 5.1149 0.0548
Car -1 -1 4.8518 477.1445 147.4914 523.0805 180.4075 1.5252 1.6797 4.2955 -4.8978 -0.0580 35.5776 4.7114 0.0546
Car -1 -1 5.0220 535.2764 158.7581 568.6755 183.4884 2.1714 1.7987 4.3834 -4.3641 0.1735 65.4143 4.9508 0.0530
Car -1 -1 5.1102 311.6057 156.1694 407.5774 204.1897 1.4398 1.5741 3.9315 -7.7703 0.6799 23.5582 4.7901 0.0502
Car -1 -1 1.8505 327.5255 167.8232 427.0689 225.7068 1.4727 1.6241 4.0169 -6.1639 1.1244 20.2982 1.5542 0.0501