Car -1 -1 4.5740 772.1763 173.6469 881.4367 253.0799 1.4242 1.6154 3.7170 4.3470 1.4428 14.9287 4.8514 0.9734
Car -1 -1 4.2387 869.6290 189.0300 1242.0000 375.0000 1.3712 1.6421 3.6837 3.1623 1.5246 4.9511 4.7796 0.9606
Car -1 -1 1.8451 605.2883 168.2240 651.4731 197.4650 1.6713 1.7368 4.0829 1.1875 1.4067 43.4471 1.8718 0.8434
Car -1 -1 1.4606 737.7203 174.6356 805.6960 229.3819 1.4520 1.5455 3.3821 4.6393 1.5082 21.0134 1.6743 0.7871
Car -1 -1 4.6807 645.8561 171.9745 670.6460 194.2826 1.5025 1.6043 3.9571 3.3804 1.4433 50.6022 4.7466 0.5170
Car -1 -1 0.8736 0.0000 226.1180 104.0620 375.0000 1.4483 1.5933 4.1162 -5.6722 1.8302 4.3505 -0.0130 0.2808
Car -1 -1 4.9547 0.0000 204.8641 124.4483 375.0000 1.4440 1.6215 3.9198 -4.9556 1.7816 5.4942 4.2445 0.2658
Car -1 -1 5.0980 642.4716 159.4798 673.7263 180.1742 1.8840 1.7031 3.5804 4.5790 0.6664 67.6687 5.1651 0.2024
Car -1 -1 5.3702 0.0000 219.8463 166.0491 375.0000 1.4502 1.5824 3.8713 -4.4060 1.8575 4.2390 4.5966 0.1799
Car -1 -1 1.4135 1043.3550 181.1516 1113.9160 226.9577 1.4742 1.5098 3.9408 16.8601 1.7985 26.0929 1.9815 0.1399
Car -1 -1 1.8500 687.2495 176.0488 717.9933 194.5847 1.5011 1.5906 3.8476 7.9286 1.7815 61.2329 1.9777 0.1335
Car -1 -1 4.2630 765.9603 164.2998 804.6358 184.6985 1.6440 1.6522 3.7753 14.6108 0.9546 60.1721 4.4999 0.1247
Car -1 -1 5.2007 625.6021 158.4974 666.6982 180.8474 1.7710 1.7279 3.9374 3.0430 0.6334 59.3064 5.2515 0.1168
Car -1 -1 2.2337 0.0000 213.6615 82.2519 375.0000 1.5051 1.5924 4.0877 -4.0345 1.7942 2.9390 1.3359 0.1153
Car -1 -1 -0.9630 930.5495 173.5809 1023.1649 209.0308 1.4363 1.6036 3.9074 15.7626 1.4691 30.9366 -0.4960 0.1071
Car -1 -1 -0.5836 682.4310 170.1496 730.6729 186.9394 1.5618 1.6542 4.3730 9.2575 1.3103 68.8156 -0.4507 0.1062
Car -1 -1 0.5762 919.0588 176.0808 1026.2933 212.6875 1.3980 1.5473 3.7232 14.9594 1.5407 29.9036 1.0357 0.1015
Car -1 -1 4.6215 1045.0824 179.9254 1103.1083 222.7701 1.4626 1.4914 3.6411 17.4575 1.7487 27.2382 5.1860 0.0945
Car -1 -1 4.8036 697.2675 170.0976 718.6603 187.2869 1.5345 1.6166 3.7697 9.0845 1.2884 66.4305 4.9387 0.0944
Car -1 -1 3.6283 891.1386 178.2204 990.5218 214.0094 1.4222 1.4938 3.6150 14.2230 1.6677 31.1246 4.0529 0.0876
Car -1 -1 -0.4654 1007.8892 144.7849 1242.0000 247.0450 1.5106 1.5586 3.9668 8.9271 1.0960 11.7651 0.1715 0.0868
Car -1 -1 -0.4380 0.0000 204.0329 630.1924 375.0000 1.4591 1.5990 4.2065 -1.8952 1.7828 5.4636 -0.7589 0.0722
Car -1 -1 1.2643 794.9541 171.0632 829.1815 189.3310 1.5245 1.6623 4.1559 17.4426 1.3751 62.3212 1.5357 0.0672
Car -1 -1 5.0744 579.5092 159.3687 621.8311 189.7531 2.0479 1.7119 3.8785 -0.5804 1.1390 50.7471 5.0627 0.0668
Car -1 -1 1.5503 713.1138 173.5242 750.3715 208.7743 1.5972 1.6754 4.2498 5.8726 1.6318 35.0016 1.7147 0.0650
Car -1 -1 -0.1907 1047.7098 176.1954 1184.0071 219.3320 1.4753 1.5156 3.8532 18.3648 1.6042 26.3694 0.4120 0.0648
Car -1 -1 5.0513 728.1885 170.9768 782.0555 200.6511 1.5032 1.6157 3.9314 7.8456 1.4081 38.6537 5.2497 0.0644
Car -1 -1 4.5386 821.8452 158.8985 864.9831 188.4864 1.5693 1.6319 3.8862 13.0026 0.8291 40.3060 4.8483 0.0612
Car -1 -1 4.3164 965.2465 165.5233 1157.7659 262.5318 1.4781 1.5753 3.6176 7.8229 1.3664 12.8940 4.8512 0.0603
Car -1 -1 1.2995 810.8550 156.8553 857.6274 189.5164 1.9024 1.7416 3.8545 13.6308 0.9705 43.9765 1.5980 0.0590
Car -1 -1 -0.4268 815.4548 156.9383 892.5395 182.9426 1.5627 1.6380 4.1900 15.0057 0.6062 44.3888 -0.1030 0.0572
Car -1 -1 1.8399 679.9319 189.1436 754.9580 237.2208 1.4719 1.6484 3.9523 3.9165 2.1000 25.6815 1.9887 0.0568
Car -1 -1 5.1276 0.0000 199.9481 369.0832 375.0000 1.4555 1.6078 3.9235 -3.2751 1.7511 5.8549 4.6358 0.0541
Car -1 -1 3.9062 0.0000 227.6720 165.6704 375.0000 1.4739 1.5902 3.9936 -4.7788 1.8305 3.6728 3.0260 0.0514
Car -1 -1 1.2000 925.4154 180.9493 1012.7107 223.7579 1.4676 1.6087 4.0362 13.6260 1.8006 27.6002 1.6538 0.0509
Car -1 -1 1.7024 0.0000 205.8428 245.9400 375.0000 1.4891 1.6110 3.9855 -2.6989 1.7429 3.4165 1.0701 0.0507