Car -1 -1 4.3480 791.8152 152.5234 1109.5277 349.3701 1.6179 1.6564 4.0170 3.3143 1.4508 7.9522 4.7289 0.9673
Car -1 -1 1.8479 339.1614 180.7806 484.0743 275.2910 1.5084 1.6500 3.7193 -3.5769 1.6796 13.7112 1.5966 0.9539
Car -1 -1 4.9001 713.4412 171.9254 793.0201 226.7942 1.4299 1.6150 3.5167 4.2023 1.4057 20.7367 5.0967 0.9293
Car -1 -1 1.7286 439.1155 174.2295 506.1761 221.4611 1.5044 1.6561 4.0954 -4.6800 1.5563 25.1702 1.5462 0.9159
Car -1 -1 4.8550 525.3022 168.0291 594.7040 219.6529 1.5937 1.7239 4.4512 -1.5835 1.4448 24.5615 4.7907 0.9004
Car -1 -1 -0.4788 1084.1409 147.6965 1190.7772 176.3500 1.4780 1.6368 4.3063 27.9701 0.1803 38.3435 0.1478 0.4763
Car -1 -1 -0.9857 757.7535 169.1322 867.0507 217.7029 1.5735 1.6866 4.1613 7.1882 1.4529 25.3742 -0.7132 0.4370
Car -1 -1 4.4656 815.0241 153.4507 856.3799 180.3191 1.6555 1.6468 3.8122 14.4883 0.4600 46.4049 4.7663 0.1705
Car -1 -1 4.1546 722.3932 169.1766 822.3758 215.2419 1.4933 1.6129 3.8929 5.6449 1.3741 25.4942 4.3695 0.1424
Car -1 -1 2.9416 809.5248 154.9649 876.2751 181.5983 1.6397 1.6336 3.7473 14.6473 0.5383 45.4380 3.2515 0.1414
Car -1 -1 1.4360 569.6931 182.6027 605.1548 209.9147 1.4777 1.5820 3.8344 -1.3472 2.0793 42.5039 1.4039 0.1275
Car -1 -1 1.3655 1106.5272 151.3511 1181.8860 193.0664 1.4998 1.5840 3.7933 20.6376 0.7267 27.9964 1.9957 0.1237
Car -1 -1 5.2204 550.4315 156.8028 603.4684 181.7057 1.5533 1.6942 4.0761 -2.0804 0.5521 47.2062 5.1765 0.1161
Car -1 -1 3.1036 763.7426 152.8312 841.3538 182.9904 1.6318 1.6714 4.1067 10.7200 0.5484 40.3031 3.3616 0.1080
Car -1 -1 4.6074 862.6929 147.9974 902.4089 182.7506 1.8693 1.6831 4.0170 15.4401 0.5323 40.9662 4.9654 0.1001
Car -1 -1 1.7587 585.4628 181.6139 624.2955 208.6430 1.4722 1.6111 3.7949 -0.2301 2.0141 42.6173 1.7528 0.0983
Car -1 -1 1.7070 486.5638 188.7282 532.7105 222.5226 1.4020 1.6109 3.9277 -4.6101 2.1875 33.7431 1.5717 0.0909
Car -1 -1 1.6120 579.3079 184.1341 610.7901 212.6917 1.5015 1.6474 3.8959 -0.7916 2.1803 41.4541 1.5924 0.0887
Car -1 -1 -0.8578 1041.4442 149.6385 1242.0000 263.0386 1.5117 1.6055 3.8532 8.7443 1.2022 10.7696 -0.1894 0.0862
Car -1 -1 5.0443 565.0168 164.5077 608.0810 188.5481 1.5455 1.6147 4.2084 -1.4982 1.0089 48.6349 5.0134 0.0839
Car -1 -1 3.3092 501.4083 188.4657 575.9622 219.1273 1.4279 1.6337 3.4239 -3.4503 2.2161 35.4909 3.2123 0.0836
Car -1 -1 0.2457 558.5914 183.5285 632.1185 210.5670 1.4861 1.6280 3.9906 -0.8068 2.1240 41.8777 0.2259 0.0798
Car -1 -1 1.3392 481.1444 184.7248 531.7820 216.9775 1.4547 1.6216 4.1208 -5.2559 2.0897 36.3866 1.1962 0.0785
Car -1 -1 -0.7907 793.8264 166.7769 917.4318 215.4941 1.5502 1.6436 4.0173 8.4022 1.3568 24.5952 -0.4656 0.0731
Car -1 -1 1.3619 587.6492 181.9726 631.0549 210.1266 1.4563 1.6666 3.9363 -0.0643 1.9982 40.7815 1.3597 0.0700
Car -1 -1 0.7717 1040.4485 154.8936 1242.0000 298.5847 1.4895 1.5666 3.6070 7.6162 1.3034 9.3706 1.4386 0.0697
Car -1 -1 0.0987 453.4576 188.7924 535.8006 220.7059 1.4838 1.6481 3.8447 -5.5873 2.2866 35.4112 -0.0573 0.0691
Car -1 -1 -0.3149 707.6557 168.2259 827.8904 213.5433 1.4866 1.6001 3.6978 5.3562 1.3348 24.6566 -0.1040 0.0663
Car -1 -1 4.4649 481.3980 168.1512 510.4778 186.6494 1.6256 1.6488 4.1405 -10.3679 1.2124 65.6375 4.3086 0.0623
Car -1 -1 4.8198 763.5998 168.2215 821.6520 214.6591 1.4499 1.5436 3.5006 6.2555 1.3053 24.4377 5.0670 0.0612
Car -1 -1 4.7374 386.9604 168.4079 425.8422 202.4697 1.4251 1.5638 3.8127 -9.0194 1.2391 32.2284 4.4664 0.0607
Car -1 -1 4.1630 1056.9580 156.7160 1150.4382 195.2078 1.5456 1.5959 3.6757 21.0014 0.8976 30.8430 4.7562 0.0596
Car -1 -1 1.8751 482.3079 178.4266 527.4904 205.5780 1.5156 1.5585 3.9551 -6.2100 1.8653 43.2067 1.7327 0.0588
Car -1 -1 -0.3565 1113.4535 147.4892 1227.8190 177.8956 1.5284 1.6550 4.4188 29.2099 0.2534 37.7105 0.2989 0.0563
Car -1 -1 3.2321 533.6917 157.7026 600.1101 181.8368 1.5498 1.6930 4.2048 -2.7576 0.5769 47.2493 3.1739 0.0561
Car -1 -1 4.1143 1073.9529 150.1707 1152.0450 179.0757 1.5026 1.6319 3.7972 27.3954 0.3234 39.4111 4.7183 0.0552
Car -1 -1 1.7447 495.2474 178.6917 535.7424 207.6098 1.4995 1.5597 4.0462 -5.1983 1.8422 40.3019 1.6168 0.0549
Car -1 -1 1.4272 510.0502 182.0225 553.7656 214.5496 1.5042 1.6369 4.1461 -4.0177 2.0002 36.8248 1.3187 0.0547
Car -1 -1 4.4997 806.4794 156.7796 845.4091 182.6388 1.5762 1.6098 3.7388 13.7150 0.5964 45.9059 4.7881 0.0515
Car -1 -1 3.1366 534.0016 182.3722 603.9217 208.9717 1.4867 1.6308 3.9785 -2.3577 2.0522 41.9341 3.0803 0.0508