Car -1 -1 4.4071 766.8549 188.0216 995.2126 330.3168 1.3974 1.5524 4.0362 3.2711 1.6408 9.5473 4.7266 0.9693
Car -1 -1 4.4528 719.5645 181.0655 835.1493 266.0030 1.5119 1.5021 3.1937 3.3136 1.6987 14.7866 4.6680 0.9445
Car -1 -1 4.4822 679.9274 178.0263 758.8243 237.5561 1.5987 1.5781 3.3186 3.1699 1.7644 21.3969 4.6265 0.9011
Car -1 -1 1.8416 295.6018 178.4252 471.8033 297.4233 1.4723 1.5395 3.7205 -3.2053 1.5713 10.9679 1.5629 0.8962
Car -1 -1 5.0930 0.0000 105.3700 402.3459 375.0000 1.6390 1.7032 3.9371 -2.8694 1.3103 5.5436 4.6339 0.8660
Car -1 -1 1.6811 485.0685 173.2963 541.4384 215.1302 1.4532 1.6603 3.9495 -3.5390 1.4711 27.0972 1.5520 0.8381
Car -1 -1 4.5674 660.4374 172.4839 717.1494 218.1496 1.5401 1.5635 3.2610 2.7917 1.5276 25.9941 4.6726 0.8034
Car -1 -1 4.0649 947.8951 204.7524 1242.0000 375.0000 1.4159 1.5541 3.4295 3.5810 1.6823 4.3013 4.7249 0.7962
Car -1 -1 4.5835 647.4730 172.9810 695.7925 208.2200 1.4654 1.6257 3.9982 2.6920 1.4714 32.0540 4.6660 0.7469
Car -1 -1 4.9369 283.2219 112.5966 384.1183 182.6364 1.6192 1.6460 3.5156 -6.9559 0.2261 18.5300 4.5825 0.3491
Car -1 -1 1.5495 434.4636 192.5945 461.4162 217.4117 1.4631 1.6662 3.9229 -10.7811 2.8336 47.9893 1.3292 0.3160
Car -1 -1 4.6808 762.6348 158.7871 787.8730 181.8849 1.6019 1.6479 3.8211 11.9226 0.6263 52.0735 4.9045 0.2946
Car -1 -1 4.5728 739.4935 155.6570 772.3273 179.4435 1.5823 1.6784 4.0419 10.1075 0.4383 50.0639 4.7707 0.2817
Car -1 -1 -0.0291 731.4488 159.5993 785.8712 177.5772 1.4471 1.5906 4.3196 12.2016 0.3802 59.2358 0.1730 0.2668
Car -1 -1 1.7642 507.6797 170.2847 559.0601 205.5623 1.4987 1.6027 3.7906 -3.3791 1.3895 32.6129 1.6614 0.2126
Car -1 -1 1.5208 500.2351 162.4184 520.9940 180.1669 1.5370 1.6480 3.8789 -8.8760 0.6333 64.5425 1.3845 0.2020
Car -1 -1 1.4005 355.6883 195.3944 412.3370 234.3739 1.4320 1.6759 4.0743 -9.8221 2.4766 31.2417 1.0978 0.2006
Car -1 -1 0.2657 329.3156 143.4707 461.7128 189.9694 1.4901 1.5621 3.9361 -7.0261 0.5485 23.9364 -0.0170 0.1956
Car -1 -1 3.6485 231.1431 117.5246 397.7863 184.5486 1.5674 1.5943 3.4908 -7.2487 0.2735 17.8848 3.2685 0.1807
Car -1 -1 4.8573 525.4601 157.8718 555.0626 181.3664 1.7397 1.7019 4.0003 -5.2871 0.6303 55.4675 4.7625 0.1740
Car -1 -1 1.6117 447.3557 189.3076 476.2294 214.6021 1.4817 1.6784 3.4624 -9.4871 2.5842 46.5051 1.4110 0.1515
Car -1 -1 4.5701 741.7461 159.8324 768.6827 179.9692 1.6238 1.6578 3.9159 12.1117 0.5737 60.1834 4.7676 0.1385
Car -1 -1 1.1379 398.3849 191.8571 448.8780 217.0941 1.4668 1.7057 3.9169 -12.1683 2.7611 47.0894 0.8859 0.1234
Car -1 -1 1.9158 415.1037 193.2394 461.5434 219.1986 1.4662 1.6912 3.7568 -10.8120 2.8156 45.7986 1.6848 0.1217
Car -1 -1 1.8875 616.3556 175.7556 662.5191 202.9169 1.4848 1.5695 3.8180 1.7854 1.6618 41.9484 1.9292 0.1116
Car -1 -1 1.9316 332.6781 199.2059 404.2551 239.5108 1.4300 1.6798 3.4055 -9.8111 2.5749 29.6096 1.6138 0.1111
Car -1 -1 5.3634 0.0000 30.7699 175.1935 316.9372 2.1707 1.7062 3.9760 -6.4945 1.0929 7.4977 4.6671 0.1063
Car -1 -1 3.2592 738.3239 156.6314 801.5372 179.3414 1.5547 1.6492 4.1867 11.3086 0.4441 50.8617 3.4766 0.1040
Car -1 -1 1.0957 306.0304 196.0847 390.3631 236.7085 1.4588 1.6944 3.9491 -10.9538 2.4919 30.1232 0.7492 0.1024
Car -1 -1 1.7922 380.5690 189.2697 441.1559 228.0317 1.4649 1.6482 4.0694 -8.4744 2.2193 31.0887 1.5277 0.0942
Car -1 -1 0.3350 410.3384 193.3099 470.5627 217.1132 1.4588 1.6906 3.4553 -10.9886 2.8204 47.0023 0.1060 0.0934
Car -1 -1 4.6393 625.7310 171.6060 646.7076 188.7435 1.5085 1.6152 3.9603 2.3926 1.3986 65.5204 4.6753 0.0912
Car -1 -1 1.3493 669.3184 163.5995 697.1297 182.2290 1.6118 1.6542 3.8846 6.5451 0.8111 64.4536 1.4498 0.0871
Car -1 -1 1.5277 538.0444 167.8779 577.0266 203.5456 1.5389 1.6173 3.8001 -2.4359 1.3242 33.1127 1.4544 0.0808
Car -1 -1 3.2215 755.6995 152.1069 837.2828 182.9180 1.5513 1.6283 4.0174 9.7871 0.5067 37.7519 3.4732 0.0783
Car -1 -1 1.7787 405.1810 175.4408 465.4539 213.6301 1.4897 1.6528 4.0855 -7.2765 1.6064 30.4890 1.5459 0.0764
Car -1 -1 -0.0140 651.2808 182.3748 704.0046 202.4434 1.4711 1.6339 3.9262 5.1506 2.2067 54.7780 0.0787 0.0750
Car -1 -1 -0.0304 695.4395 190.2862 744.1315 211.2281 1.5005 1.8018 3.5880 8.3121 2.8477 54.6516 0.1191 0.0742
Car -1 -1 1.7550 608.6681 179.5406 670.7034 225.5312 1.4908 1.5668 3.7422 1.1551 1.7500 25.9701 1.7982 0.0723
Car -1 -1 0.2357 365.0491 187.8236 467.6804 225.8738 1.4971 1.6757 3.8288 -7.9600 2.1370 29.9626 -0.0223 0.0693
Car -1 -1 4.5253 676.7501 157.9875 713.3157 184.1048 1.6570 1.6943 3.9485 5.6148 0.7138 47.8061 4.6413 0.0687
Car -1 -1 1.8970 605.8961 176.2645 651.1515 202.2493 1.4600 1.5896 3.7291 1.1789 1.6732 43.0953 1.9237 0.0677
Car -1 -1 -0.1258 722.3102 158.7240 784.5602 181.1754 1.4952 1.6019 3.9729 9.7278 0.5542 48.9875 0.0689 0.0674
Car -1 -1 4.4768 746.4597 157.1602 784.3487 180.4804 1.5900 1.7071 4.1295 11.0222 0.5200 51.2796 4.6872 0.0671
Car -1 -1 1.5290 380.9847 193.5989 428.0745 234.5329 1.4680 1.7239 3.4260 -8.4823 2.3763 29.6949 1.2525 0.0670
Car -1 -1 1.7082 434.8397 188.1540 470.7928 214.4619 1.4821 1.6612 3.9502 -9.7344 2.4803 45.0435 1.4961 0.0662
Car -1 -1 1.8563 329.5511 198.1065 399.9404 240.1368 1.4121 1.6491 3.5994 -9.5018 2.4654 28.2673 1.5343 0.0659
Car -1 -1 3.5055 500.4619 158.9651 561.3977 181.0561 1.6266 1.6871 4.2522 -5.9256 0.6040 54.4838 3.3975 0.0632
Car -1 -1 3.9967 733.1133 149.4276 804.9233 179.7528 1.5425 1.6432 3.8453 8.5067 0.3509 38.7830 4.2110 0.0623
Car -1 -1 4.8372 394.1324 152.5473 456.4943 199.2477 1.4846 1.6052 3.8167 -6.2795 0.8391 24.9285 4.5927 0.0614
Car -1 -1 1.8985 669.9595 175.5986 707.5545 197.0101 1.5855 1.6969 4.0527 6.2055 1.8075 56.1853 2.0075 0.0605
Car -1 -1 -0.4478 628.8402 171.0574 701.2220 197.4515 1.5213 1.6737 3.9775 3.3099 1.4177 43.0893 -0.3721 0.0603
Car -1 -1 1.4455 617.2674 177.8863 655.4025 207.0104 1.4987 1.6107 4.0236 1.4305 1.7916 39.9230 1.4806 0.0602
Car -1 -1 3.0948 362.2381 190.0042 465.5016 227.9189 1.4772 1.6972 4.1548 -8.3631 2.2449 30.8573 2.8318 0.0594
Car -1 -1 -0.2402 437.0346 184.8186 508.5329 209.3462 1.5211 1.7222 4.3993 -9.1103 2.3466 48.0933 -0.4269 0.0567
Car -1 -1 5.0967 632.0954 179.7029 685.3828 209.1247 1.4924 1.6114 3.8003 2.7506 1.8881 39.6208 5.1650 0.0563
Car -1 -1 1.4272 402.6288 178.7872 460.5111 220.0972 1.5118 1.7118 4.0712 -7.2779 1.7705 29.2489 1.1850 0.0561
Car -1 -1 1.5571 413.4728 196.0936 483.6441 263.8364 1.4727 1.6463 4.0107 -4.3218 2.1631 19.2952 1.3388 0.0548
Car -1 -1 1.0894 669.7115 163.6813 707.9974 184.0206 1.7201 1.7652 3.8030 6.8976 0.9444 63.1138 1.1975 0.0543
Car -1 -1 -0.1282 743.3324 158.1278 811.1024 180.7218 1.4911 1.6412 4.2729 11.2549 0.5192 48.6439 0.0977 0.0535
Car -1 -1 3.5259 482.7413 161.8438 533.2856 179.2187 1.5098 1.6626 4.1166 -8.9967 0.5530 64.0027 3.3867 0.0524
Car -1 -1 4.8385 477.1666 165.0793 508.9087 190.3463 1.6360 1.6523 3.7107 -7.8070 1.1326 48.5998 4.6798 0.0522
Car -1 -1 4.7058 615.6082 178.4678 654.1107 214.7584 1.4856 1.6102 4.0563 1.1128 1.7523 32.2207 4.7394 0.0517
Car -1 -1 0.6158 993.0797 187.9033 1242.0000 375.0000 1.5282 1.6351 4.3624 3.6981 1.6361 2.9233 1.4689 0.0516
Car -1 -1 3.2374 479.9911 170.0515 573.2272 205.2018 1.5693 1.6646 4.1035 -3.7471 1.4442 33.0803 3.1251 0.0515
Car -1 -1 0.9019 719.7771 169.1965 807.4222 208.0383 1.4905 1.6103 3.6323 6.2578 1.3501 29.6720 1.1073 0.0508
Car -1 -1 4.8389 631.8412 184.2894 699.8315 242.1062 1.4981 1.5572 3.6654 1.7479 1.8686 21.4222 4.9183 0.0506
Car -1 -1 0.7127 1096.3564 164.5211 1242.0000 375.0000 1.5035 1.5235 3.8892 6.9744 1.4451 7.0669 1.4705 0.0506
Car -1 -1 4.3255 833.8120 175.5746 975.3185 251.9631 1.5184 1.6097 3.8099 6.5181 1.5875 16.3961 4.6970 0.0505