Car -1 -1 4.2929 789.3671 185.3131 1006.9099 308.2224 1.4326 1.5977 3.4944 3.9747 1.6463 10.5737 4.6423 0.9727
Car -1 -1 1.8107 408.9522 184.9368 500.0147 244.9406 1.4947 1.6625 3.8591 -4.3335 1.8745 20.7206 1.6064 0.9569
Car -1 -1 1.7999 463.7740 183.3714 529.9304 227.7315 1.4481 1.5428 3.8949 -4.0539 1.8636 26.5048 1.6490 0.9525
Car -1 -1 4.5281 744.5411 185.5352 857.8441 263.7890 1.4160 1.6432 3.9039 4.0134 1.7271 15.7019 4.7728 0.9369
Car -1 -1 4.1338 930.9713 206.5489 1242.0000 375.0000 1.3888 1.5931 3.6318 3.8086 1.7116 5.0696 4.7494 0.9354
Car -1 -1 4.5804 696.9598 177.6805 756.8761 222.0803 1.4753 1.6314 4.0267 4.2175 1.6658 26.4482 4.7362 0.8790
Car -1 -1 4.5702 714.7137 181.5788 790.3040 236.6327 1.4360 1.6487 3.7731 4.1295 1.7175 21.3520 4.7579 0.8445
Car -1 -1 1.6845 547.1461 177.0104 579.2695 201.6469 1.5450 1.6751 4.1214 -3.0424 1.8340 48.0591 1.6212 0.6515
Car -1 -1 1.7544 491.2926 181.6706 545.0877 216.3018 1.3679 1.6258 3.9821 -3.9259 1.7786 31.5730 1.6312 0.6495
Car -1 -1 3.4289 444.3351 171.9072 511.6423 195.6911 1.4476 1.6046 3.8238 -8.1636 1.3900 44.9207 3.2498 0.5264
Car -1 -1 4.5815 685.9093 171.7292 724.7660 201.5422 1.4654 1.5351 3.4940 4.8930 1.4102 37.2151 4.7108 0.3890
Car -1 -1 4.2022 933.5486 169.2240 1022.6667 206.1180 1.4962 1.6772 4.0147 15.8684 1.3490 31.3048 4.6673 0.3588
Car -1 -1 -0.4299 964.3622 174.5292 1078.7122 211.8272 1.4960 1.6219 3.7979 17.0474 1.5678 29.9906 0.0824 0.3466
Car -1 -1 1.3993 926.6096 174.7585 968.7424 201.2439 1.4551 1.5542 3.9696 19.6498 1.5717 42.0646 1.8333 0.2797
Car -1 -1 1.5926 723.2130 171.1139 741.6732 187.8600 1.5461 1.6514 3.7948 11.7110 1.3854 68.6351 1.7606 0.2552
Car -1 -1 1.4927 692.3931 176.4868 741.9701 218.5512 1.5493 1.6366 4.1869 4.2651 1.7066 29.0885 1.6362 0.2411
Car -1 -1 -0.2594 683.6541 174.6108 762.7831 203.9795 1.4385 1.4778 3.6843 5.7013 1.5293 36.3813 -0.1057 0.2216
Car -1 -1 0.6592 956.1063 174.7616 1058.1184 213.8369 1.4891 1.5857 3.3936 16.1953 1.5722 29.5518 1.1559 0.1994
Car -1 -1 1.3678 965.9681 172.9980 1019.3284 204.5629 1.5103 1.6079 3.9756 19.3936 1.5180 36.6758 1.8505 0.1628
Car -1 -1 0.7867 1209.3599 180.5036 1242.0000 244.4134 1.4069 1.6063 3.7320 17.5330 1.6201 18.2222 1.5443 0.1361
Car -1 -1 2.3679 985.3667 172.6225 1079.7183 204.7988 1.5081 1.6606 3.9234 20.5576 1.4972 35.1038 2.8937 0.1126
Car -1 -1 1.6670 750.9454 175.2846 774.3999 193.7033 1.4915 1.5769 3.9176 12.9896 1.7043 61.0879 1.8752 0.1041
Car -1 -1 0.8775 990.7972 174.0506 1086.7390 207.7509 1.4516 1.6183 3.9902 19.7037 1.5104 33.3289 1.4072 0.0991
Car -1 -1 0.6914 407.9416 178.0826 482.5229 211.0046 1.6096 1.4844 3.6439 -8.4880 1.8902 37.2331 0.4684 0.0946
Car -1 -1 1.6903 541.4016 175.6822 574.8889 202.6634 1.6443 1.6620 4.2081 -3.2702 1.8352 46.5643 1.6201 0.0936
Car -1 -1 4.4200 842.8009 171.4763 901.6497 204.3303 1.5336 1.6513 3.9466 12.9115 1.4692 35.6932 4.7641 0.0931
Car -1 -1 1.1210 946.9657 172.9128 1059.1776 221.9050 1.4511 1.6017 3.9542 12.5965 1.4532 23.3828 1.6094 0.0916
Car -1 -1 4.8054 460.4688 172.6255 492.1270 196.4657 1.4550 1.6220 3.9461 -8.4644 1.4410 46.0720 4.6245 0.0914
Car -1 -1 2.8453 1217.3705 175.3485 1242.0000 237.5913 1.4585 1.6446 4.3013 18.7903 1.5294 18.7706 3.6230 0.0878
Car -1 -1 4.2696 801.5198 169.0875 853.8145 199.3019 1.8047 1.7294 3.6224 13.5485 1.5798 45.0197 4.5597 0.0878
Car -1 -1 4.4916 844.6934 174.6259 896.7993 207.8006 1.4786 1.5144 3.8290 12.3671 1.5678 34.3632 4.8339 0.0866
Car -1 -1 4.7290 695.8374 173.3617 735.3821 209.2841 1.4773 1.6193 3.7294 4.6849 1.5010 31.7000 4.8739 0.0842
Car -1 -1 2.5324 935.5718 169.4051 1047.9836 205.6811 1.4981 1.6608 4.0310 16.3126 1.3557 30.8777 3.0141 0.0830
Car -1 -1 1.7178 656.9188 184.5472 693.3486 211.6662 1.4814 1.6376 3.7723 3.9664 2.2141 43.1879 1.8082 0.0822
Car -1 -1 1.4256 661.1495 178.4034 701.9490 208.2883 1.5449 1.6551 4.2718 3.9597 1.8714 40.2804 1.5224 0.0751
Car -1 -1 1.3445 924.3788 174.1803 972.7658 201.8680 1.4748 1.5945 4.0310 19.0859 1.5537 40.7740 1.7791 0.0748
Car -1 -1 1.0320 978.7910 174.7959 1059.9810 206.9885 1.4628 1.6612 3.8603 19.7576 1.5621 34.9738 1.5423 0.0732
Car -1 -1 1.3582 943.2700 172.0699 996.5998 203.6052 1.5524 1.6451 4.1071 18.7544 1.5138 37.7120 1.8162 0.0727
Car -1 -1 1.1881 970.1138 174.0869 1051.4851 212.0383 1.4913 1.6426 3.9168 16.8603 1.5469 30.5263 1.6882 0.0723
Car -1 -1 2.5858 928.8248 174.4545 1007.8875 201.1170 1.4715 1.5550 3.7604 20.3028 1.5643 40.8937 3.0434 0.0722
Car -1 -1 -0.8747 1028.0955 180.0023 1144.4200 219.3843 1.4939 1.6848 4.1470 19.3372 1.7981 29.2934 -0.2964 0.0714
Car -1 -1 1.1653 876.7277 173.1273 971.0486 216.9640 1.4765 1.6118 4.2040 11.3786 1.4873 26.4344 1.5673 0.0710
Car -1 -1 1.3834 1156.8881 191.0724 1242.0000 251.3147 1.3952 1.6025 3.1850 16.1467 1.9343 19.5704 2.0652 0.0691
Car -1 -1 -0.1529 639.0569 171.3821 722.6483 201.0882 1.4579 1.5736 3.9909 3.5487 1.3857 36.3098 -0.0567 0.0671
Car -1 -1 1.5745 664.1123 179.8036 707.0531 221.1528 1.5206 1.6178 4.0975 3.0963 1.8239 29.3709 1.6778 0.0671
Car -1 -1 -0.6460 830.5966 171.5412 919.6233 203.8766 1.5266 1.6341 3.9087 13.0223 1.4647 35.4185 -0.2968 0.0667
Car -1 -1 -1.3710 968.3286 173.9146 1015.1592 201.6099 1.4876 1.6211 3.8683 21.7067 1.5507 40.9202 -0.8867 0.0665
Car -1 -1 1.1032 906.8713 171.7149 1004.4133 214.5373 1.4537 1.5415 4.0693 12.5987 1.4150 26.5500 1.5415 0.0660
Car -1 -1 0.6729 991.0802 189.0012 1242.0000 375.0000 1.5288 1.6455 4.3679 3.7525 1.6490 3.1365 1.5014 0.0650
Car -1 -1 0.8305 1059.1970 187.2555 1242.0000 268.1197 1.4850 1.5908 3.8708 12.0906 1.8439 15.9717 1.4689 0.0648
Car -1 -1 4.3511 858.1263 173.6262 927.6122 209.1979 1.4965 1.6088 3.9060 12.6268 1.5333 32.3983 4.7192 0.0639
Car -1 -1 2.2833 928.2747 174.8385 1009.7845 206.5277 1.4882 1.5902 3.6619 17.6907 1.5899 35.5115 2.7417 0.0620
Car -1 -1 1.6015 678.8134 182.2932 708.7908 209.4340 1.4691 1.6384 4.0048 5.0144 2.0541 42.6170 1.7172 0.0607
Car -1 -1 -0.3962 961.8542 180.8945 1118.7915 231.5969 1.4843 1.6257 3.8790 13.3292 1.7471 22.5200 0.1320 0.0602
Car -1 -1 -0.2145 896.6415 174.9482 974.4445 202.6283 1.5191 1.5732 3.7703 18.4290 1.6413 40.9288 0.2055 0.0595
Car -1 -1 1.3631 983.0848 171.0115 1042.0537 204.7536 1.4576 1.5782 3.9224 18.4997 1.3780 33.2754 1.8664 0.0577
Car -1 -1 1.2849 824.5418 168.7812 879.6365 200.8161 1.5176 1.5724 3.8726 12.0736 1.3246 36.1423 1.6045 0.0574
Car -1 -1 2.7483 711.4196 171.0512 757.6052 187.6337 1.5512 1.6680 4.0026 11.8942 1.3825 68.7509 2.9186 0.0573
Car -1 -1 -0.0599 922.8799 176.3390 1066.5393 227.0303 1.4523 1.5707 3.8130 11.8014 1.5676 22.3715 0.4196 0.0570
Car -1 -1 1.6386 528.5498 186.6741 558.8696 213.6605 1.5022 1.5839 3.8853 -3.9863 2.3850 44.1309 1.5485 0.0560
Car -1 -1 1.0656 946.1254 171.4999 1018.6260 201.8361 1.5231 1.6483 4.0489 19.6782 1.4552 38.2786 1.5370 0.0560
Car -1 -1 3.0499 535.6522 177.1637 599.1817 200.9700 1.5286 1.6557 4.0717 -2.8180 1.8212 47.8612 2.9910 0.0554
Car -1 -1 1.0434 1031.2311 178.5388 1141.7045 221.4955 1.4669 1.5972 4.1335 17.8813 1.6985 27.2970 1.6179 0.0553
Car -1 -1 -0.7638 618.9910 177.1407 694.4171 206.5688 1.4490 1.5960 3.9544 2.5147 1.6857 37.9590 -0.6987 0.0551
Car -1 -1 4.7971 445.9633 173.3564 477.1313 197.2449 1.4601 1.6193 3.9906 -9.4455 1.4937 46.2639 4.5965 0.0535
Car -1 -1 -0.6155 684.2114 172.4151 776.7127 208.8556 1.4872 1.5764 3.6815 5.1937 1.4693 30.9596 -0.4513 0.0533
Car -1 -1 4.5769 814.5553 170.5711 853.0201 199.4794 1.6046 1.6310 3.7949 13.0157 1.4779 42.0549 4.8747 0.0527
Car -1 -1 4.9222 698.0420 171.1890 744.0176 201.3118 1.4620 1.5677 3.8627 5.7810 1.3812 37.1046 5.0751 0.0516
Car -1 -1 4.7310 658.4534 180.9881 705.4332 225.7036 1.4759 1.5967 3.8676 2.6966 1.7981 26.5630 4.8303 0.0505