Car -1 -1 5.2924 0.0000 220.5638 206.0515 310.7868 1.4402 1.7106 4.3998 -11.0464 2.6490 16.0695 4.6976 0.5149
Car -1 -1 1.5891 397.0912 188.3765 428.7953 217.5815 1.4962 1.6789 4.2815 -11.3047 2.4417 41.6696 1.3253 0.3442
Car -1 -1 4.7383 278.1693 173.4191 302.4913 194.9076 1.5641 1.5790 3.8566 -24.1718 1.6086 54.7137 4.3239 0.3056
Car -1 -1 5.3710 0.0000 134.7701 177.4956 262.5155 1.7003 1.7694 4.1417 -9.1282 1.1934 11.6798 4.7186 0.1887
Car -1 -1 5.3525 0.0000 212.0866 142.6518 313.1808 1.4532 1.6091 3.9135 -11.0192 2.3151 13.8776 4.6906 0.1132
Car -1 -1 1.9872 294.3660 187.5463 377.4089 229.4854 1.5068 1.6389 4.0925 -11.0671 2.1497 29.4810 1.6306 0.1087
Car -1 -1 1.7813 369.4503 157.4149 426.4327 194.6980 1.5324 1.6355 3.7307 -9.1850 0.8979 31.5758 1.5002 0.1002
Car -1 -1 0.5090 353.5445 189.9671 433.9681 218.2560 1.4722 1.6404 4.0124 -12.0290 2.4571 40.2866 0.2202 0.0993
Car -1 -1 5.4094 0.0000 97.4741 194.8129 298.9540 1.8540 1.7399 3.9417 -7.0100 1.1604 8.6357 4.7425 0.0952
Car -1 -1 1.7583 399.1685 158.2813 454.4911 196.6963 1.5547 1.6099 3.8705 -7.8201 0.9649 31.1781 1.5143 0.0939
Car -1 -1 1.8028 411.1274 185.8931 456.4758 214.5165 1.5041 1.6487 4.0941 -10.1262 2.2972 41.8356 1.5663 0.0844
Car -1 -1 1.8109 405.2009 179.5124 433.2905 197.6147 1.5199 1.5473 3.7746 -16.8116 2.1269 63.8784 1.5542 0.0756
Car -1 -1 3.6847 0.0000 143.5946 242.3562 251.5896 1.5729 1.6031 3.8411 -8.1542 1.1467 11.4345 3.0761 0.0748
Car -1 -1 4.7940 277.5429 174.6475 305.3206 195.4120 1.4730 1.5739 3.8185 -23.5929 1.6113 53.6006 4.3810 0.0715
Car -1 -1 1.8102 381.6931 188.1005 431.2525 219.2887 1.4948 1.6278 4.0615 -10.8070 2.3548 38.6467 1.5388 0.0692
Car -1 -1 1.6953 396.3457 189.1965 434.7951 218.4811 1.4781 1.6351 3.6432 -10.8299 2.4381 40.4715 1.4350 0.0657
Car -1 -1 1.4919 408.8421 186.2300 434.2661 208.1968 1.5192 1.5590 3.8904 -14.2396 2.5691 54.5425 1.2373 0.0588
Car -1 -1 5.4600 0.0000 127.6625 134.0907 281.3044 1.6692 1.6587 4.3188 -8.9124 1.1783 10.0255 4.7464 0.0566
Car -1 -1 5.3406 342.4623 180.8032 482.3760 246.1944 1.4710 1.6075 3.7197 -4.9826 1.6998 18.7479 5.0837 0.0562
Car -1 -1 1.7673 348.6494 159.8809 412.7721 202.2364 1.6376 1.7380 4.2235 -9.4458 1.1360 30.0889 1.4653 0.0562
Car -1 -1 1.7620 448.0329 181.3641 480.9230 203.4729 1.5083 1.6193 4.0213 -10.5692 2.1548 52.7928 1.5650 0.0544
Car -1 -1 5.1789 0.0000 105.5383 227.7762 269.2079 1.7680 1.7863 4.4237 -7.1543 1.0408 10.1074 4.5752 0.0524
Car -1 -1 3.7037 249.2687 174.3415 311.2839 195.3450 1.5209 1.5968 3.9358 -24.3728 1.6333 53.4560 3.2776 0.0507