Car -1 -1 4.4940 976.5190 196.7921 1242.0000 375.0000 1.4205 1.5856 3.5440 4.1537 1.6842 6.0079 5.0751 0.9612
Car -1 -1 4.6141 882.0413 189.4477 941.0005 234.2068 1.4711 1.6391 4.4136 11.5404 2.1645 27.8051 5.0030 0.9027
Car -1 -1 4.5150 910.1772 186.4863 946.3267 208.2470 1.4851 1.6976 4.1073 23.8720 2.5499 54.1716 4.9275 0.4546
Car -1 -1 2.9835 895.6074 185.7531 953.2537 207.9011 1.5442 1.6724 3.6628 23.0967 2.5151 53.0424 3.3916 0.2452
Car -1 -1 1.1941 975.3538 193.0722 1063.1769 235.9798 1.4491 1.6802 3.8159 15.9229 2.2970 28.2565 1.7021 0.1873
Car -1 -1 1.3843 1072.8021 189.1297 1114.5328 212.2713 1.4803 1.7304 4.0856 34.4851 2.6919 51.4939 1.9711 0.1304
Car -1 -1 4.4006 905.1542 185.6041 946.4886 207.9649 1.5160 1.6858 3.8285 23.2489 2.4907 53.1713 4.8102 0.1099
Car -1 -1 -0.4783 977.6240 193.1775 1108.5321 233.3288 1.5018 1.6941 4.1919 17.2901 2.3435 28.9225 0.0553 0.1033
Car -1 -1 1.2677 947.2874 194.4090 995.9877 222.4290 1.5685 1.7661 3.4116 22.5300 2.9679 45.0196 1.7284 0.0914
Car -1 -1 -0.2675 1076.3402 189.2111 1159.0681 212.9276 1.5336 1.8506 4.3970 35.4622 2.7146 50.4852 0.3415 0.0820
Car -1 -1 3.0467 916.1976 197.5169 995.9256 229.8052 1.4980 1.7329 3.5349 17.7167 2.8130 37.0552 3.4888 0.0804
Car -1 -1 1.6109 1129.3828 190.2247 1162.8352 213.6833 1.4841 1.7458 3.7927 37.7022 2.7527 50.6718 2.2473 0.0783
Car -1 -1 2.8866 1057.3110 188.3237 1180.5569 229.2334 1.4977 1.6718 3.7291 20.2950 2.1483 28.9208 3.4931 0.0675
Car -1 -1 -0.2064 914.0567 185.7127 978.0107 207.9036 1.5372 1.6688 3.9729 24.5201 2.4988 52.7006 0.2264 0.0671
Car -1 -1 1.0797 1097.1902 188.1496 1155.7446 210.6143 1.4436 1.7161 3.9335 36.6178 2.5733 51.2304 1.6970 0.0634
Car -1 -1 1.5753 1038.0024 194.4713 1116.4121 262.9736 1.4119 1.5072 3.7379 11.6987 2.0135 18.1014 2.1408 0.0566
Car -1 -1 3.9625 661.5183 200.6396 952.3737 341.6144 1.4231 1.5886 4.0832 2.5405 1.9034 10.3057 4.1960 0.0557
Car -1 -1 1.5206 1074.6949 188.8923 1107.8438 212.9166 1.5192 1.7274 3.6814 33.5710 2.6835 50.3545 2.1053 0.0528
Car -1 -1 1.4610 996.3942 178.3526 1030.7944 200.0674 1.4403 1.6745 4.1215 28.6220 1.8475 51.2087 1.9678 0.0524