Car -1 -1 4.9426 377.4696 187.6884 482.4700 259.0719 1.5535 1.6853 4.2074 -4.4973 1.9809 18.6845 4.7088 0.9584
Car -1 -1 5.0803 151.2301 207.9798 391.5045 356.0771 1.4043 1.5791 3.6475 -4.1771 1.9602 9.5690 4.6779 0.9557
Car -1 -1 1.7500 475.0912 186.5393 526.6928 223.3832 1.4929 1.6559 3.7126 -4.8318 2.1453 32.5168 1.6030 0.9521
Car -1 -1 4.5559 705.9847 186.6860 821.3217 279.8767 1.4549 1.5615 3.2926 2.7358 1.7446 13.4374 4.7513 0.9436
Car -1 -1 4.5904 653.3430 179.2677 701.4786 218.2992 1.4514 1.5229 3.3747 2.6814 1.7254 29.1043 4.6807 0.7747
Car -1 -1 4.0537 914.1985 199.8366 1242.0000 375.0000 1.4321 1.5754 3.6346 2.8402 1.6186 3.1478 4.7414 0.6674
Car -1 -1 1.4454 515.7494 186.7228 547.4507 211.6328 1.5172 1.6318 3.9336 -5.2661 2.4877 48.3888 1.3370 0.5996
Car -1 -1 1.3078 602.0358 177.5529 629.8710 195.0663 1.5402 1.6239 3.8434 0.5585 1.9876 66.6286 1.3157 0.1975
Car -1 -1 -0.6857 1142.8508 168.0725 1242.0000 274.9842 1.4532 1.6018 4.0608 10.6269 1.3882 10.7663 0.0792 0.1732
Car -1 -1 4.5452 649.3986 173.1783 694.5427 205.3260 1.5051 1.6222 3.7204 3.0357 1.5220 35.7414 4.6288 0.1456
Car -1 -1 4.8141 694.1701 178.6253 724.4206 202.5640 1.4760 1.5914 3.8844 6.6102 1.8730 47.5635 4.9509 0.1259
Car -1 -1 -0.4077 704.8307 173.4418 785.1995 202.0702 1.4574 1.6125 3.8342 7.1125 1.4893 37.9933 -0.2244 0.1105
Car -1 -1 1.4830 446.3466 203.8028 499.8637 248.8652 1.4100 1.6688 3.9481 -5.2864 2.6862 27.6256 1.2948 0.1025
Car -1 -1 1.7084 692.9385 179.6522 740.0240 215.3154 1.4860 1.6108 3.8824 4.9363 1.8162 32.9510 1.8552 0.1014
Car -1 -1 4.1397 807.6008 202.4522 1242.0000 375.0000 1.4178 1.6405 3.9018 2.7486 1.6910 4.6575 4.6442 0.0976
Car -1 -1 0.1841 502.3033 187.1910 563.6635 211.0303 1.5146 1.5772 3.8268 -5.0573 2.4852 47.9074 0.0789 0.0970
Car -1 -1 1.5554 710.9946 172.5769 742.8782 201.1735 1.4574 1.6091 3.8634 6.2741 1.4433 38.7996 1.7141 0.0962
Car -1 -1 4.9959 681.7436 170.6928 717.7847 191.2989 1.5032 1.6463 4.0678 6.8930 1.3455 54.8287 5.1200 0.0957
Car -1 -1 3.3215 653.3027 178.9565 719.0036 203.2487 1.5142 1.6378 4.0291 4.9998 1.9231 47.0052 3.4263 0.0927
Car -1 -1 4.5943 687.2295 181.1518 735.1050 218.4903 1.4955 1.6257 3.8596 4.4006 1.8825 31.7077 4.7303 0.0915
Car -1 -1 1.3789 514.4182 185.7703 552.1954 212.0596 1.5445 1.6789 4.1097 -4.9880 2.4214 46.7734 1.2727 0.0899
Car -1 -1 1.3243 709.2916 174.2999 760.2169 204.7428 1.4425 1.6187 3.8846 6.2460 1.5194 36.3789 1.4925 0.0830
Car -1 -1 1.4248 692.5613 180.8794 745.5396 220.0081 1.4627 1.5913 3.8983 4.4386 1.8150 29.7217 1.5710 0.0791
Car -1 -1 -0.8293 531.9920 187.3215 591.7493 211.4657 1.4509 1.6826 4.0306 -3.1273 2.4548 47.9715 -0.8946 0.0781
Car -1 -1 -0.0810 686.0488 184.7380 782.9812 221.3454 1.4704 1.5979 3.9251 5.2299 1.9899 30.5737 0.0861 0.0776
Car -1 -1 4.2757 647.2555 168.6835 692.5461 191.3351 1.5479 1.6577 4.0520 4.2559 1.2629 51.4952 4.3574 0.0749
Car -1 -1 4.6534 717.5864 180.6260 760.0970 217.1545 1.4614 1.5968 4.0049 5.6424 1.8267 31.8329 4.8266 0.0722
Car -1 -1 4.8386 651.1803 179.4531 695.4028 213.0676 1.4635 1.6216 3.8342 3.0785 1.7956 34.2631 4.9268 0.0689
Car -1 -1 -0.5047 631.7659 170.9473 692.4841 193.8949 1.5379 1.6465 3.8769 3.6392 1.4101 49.9160 -0.4327 0.0679
Car -1 -1 1.6855 487.0041 191.9388 530.5726 227.1680 1.5355 1.6753 4.0454 -4.9244 2.5337 35.7003 1.5487 0.0675
Car -1 -1 4.3997 744.6441 180.0442 822.8169 226.4438 1.4833 1.6114 3.7034 6.0761 1.7572 25.5705 4.6298 0.0673
Car -1 -1 1.7948 507.1078 186.9505 549.4622 215.0894 1.5572 1.6651 4.3324 -4.9439 2.4691 44.4275 1.6841 0.0661
Car -1 -1 -0.0941 904.6807 168.1633 1242.0000 375.0000 1.4749 1.5671 3.5624 4.4548 1.4464 5.9488 0.5246 0.0633
Car -1 -1 1.3550 605.0352 179.3789 633.2998 198.9756 1.6297 1.5980 4.3668 0.8113 2.2278 63.8357 1.3672 0.0592
Car -1 -1 4.8133 647.7214 181.6797 694.1762 220.3697 1.5275 1.6337 3.9206 2.7382 1.9383 31.5112 4.8985 0.0591
Car -1 -1 4.0332 1136.2439 166.4585 1242.0000 272.9490 1.4730 1.6561 4.0789 11.0447 1.3846 12.0589 4.7623 0.0568
Car -1 -1 1.4418 475.6068 201.1549 538.7952 251.0762 1.4348 1.6926 3.8858 -3.6492 2.5062 25.2164 1.2987 0.0564
Car -1 -1 1.6275 510.1263 179.3268 530.0729 197.2393 1.6192 1.6634 3.9105 -8.4873 2.2533 68.6780 1.5046 0.0555
Car -1 -1 1.5539 630.1332 177.6950 647.2941 194.6519 1.5181 1.5395 4.1114 2.7169 1.9872 67.8514 1.5934 0.0547
Car -1 -1 1.3812 474.3483 201.0681 538.7589 246.6911 1.4550 1.7373 3.9618 -4.0444 2.6277 27.8343 1.2374 0.0547
Car -1 -1 0.9246 589.5224 183.7585 633.9709 203.0451 1.5477 1.6449 4.2128 0.1529 2.5258 62.5418 0.9265 0.0541
Car -1 -1 -0.6661 982.1085 212.6013 1242.0000 375.0000 1.4785 1.6353 3.9214 4.3157 1.7453 3.7394 0.1514 0.0537
Car -1 -1 0.1801 709.1395 183.9879 813.9964 222.3030 1.4641 1.6377 4.0361 6.3140 1.9500 29.9704 0.3851 0.0532
Car -1 -1 1.3693 522.1017 184.2990 561.2531 211.3705 1.5588 1.6611 4.1811 -4.3458 2.3191 45.6857 1.2745 0.0529
Car -1 -1 4.7873 685.4492 173.6781 724.0822 205.9758 1.4711 1.5804 3.7573 4.6588 1.5133 34.9673 4.9182 0.0522
Car -1 -1 2.5227 841.0298 198.9710 1242.0000 375.0000 1.4836 1.6341 4.0344 3.2060 1.6335 3.0397 3.2866 0.0506
Car -1 -1 4.4706 747.6157 197.0119 1242.0000 375.0000 1.5225 1.6034 3.8997 1.4017 1.6876 2.8732 4.8834 0.0501