Car -1 -1 4.6513 579.5271 179.9504 641.7219 230.7380 1.4327 1.7218 4.0622 -0.0510 1.6795 23.0176 4.6483 0.8845
Car -1 -1 4.8447 581.1312 171.8386 608.7088 192.3344 1.4992 1.5995 3.8375 -1.0766 1.4249 54.7742 4.8248 0.3579
Car -1 -1 1.5276 606.9014 177.3958 654.7767 222.5015 1.6105 1.6838 4.1136 0.7654 1.8014 28.2508 1.5536 0.2410
Car -1 -1 1.4316 627.1172 177.6767 684.2662 220.3308 1.5089 1.6573 4.0619 1.7183 1.7107 28.0882 1.4914 0.1757
Car -1 -1 -0.4839 629.5330 180.3420 749.8861 222.7067 1.4546 1.6423 4.1649 2.9815 1.7490 26.8415 -0.3752 0.1075
Car -1 -1 1.8056 631.4448 183.2405 668.5807 207.4714 1.4882 1.6167 3.8900 2.7447 2.2123 48.2069 1.8616 0.0930
Car -1 -1 2.8392 571.8651 170.5710 627.0677 190.8742 1.4822 1.6010 3.8303 -0.7621 1.3155 54.0324 2.8248 0.0724
Car -1 -1 0.1082 632.9150 182.4998 693.2395 206.4865 1.4828 1.6496 3.7363 3.4820 2.1222 46.6777 0.1816 0.0671
Car -1 -1 1.4113 572.3608 170.4594 602.4104 191.3288 1.4956 1.6098 4.0895 -1.6941 1.3240 53.8697 1.3796 0.0567
Car -1 -1 0.5362 543.3271 183.1562 657.5988 226.1817 1.4551 1.6229 3.9924 -0.3624 1.8636 26.9140 0.5221 0.0555
Car -1 -1 1.1081 630.8416 180.3937 679.9600 205.2307 1.4534 1.6344 3.6252 2.8396 1.9488 45.4183 1.1696 0.0548
Car -1 -1 1.3612 614.4353 182.8087 650.1230 206.9813 1.4940 1.5945 3.9816 1.4800 2.1911 48.4269 1.3910 0.0516
Car -1 -1 1.5202 624.2092 180.8995 653.7404 206.5079 1.4818 1.6351 3.9585 1.7938 2.0056 44.9888 1.5592 0.0507