Car -1 -1 2.8755 361.9494 171.2111 527.2604 224.8907 1.4701 1.7119 4.5301 -4.8979 1.4251 21.5765 2.6545 0.9322
Car -1 -1 -1.0896 852.5966 167.3510 1030.4257 255.8547 1.5579 1.6539 3.8981 6.7623 1.4610 14.5520 -0.6629 0.9117
Car -1 -1 2.9284 0.0000 181.6101 162.2531 265.6735 1.5217 1.7039 3.9919 -12.1942 1.7358 15.5676 2.2721 0.8143
Car -1 -1 -0.8084 1197.4812 160.8302 1242.0000 200.6441 1.4216 1.6335 4.0638 24.4072 0.9923 26.7289 -0.0740 0.3889
Car -1 -1 2.5307 927.7089 142.3349 1056.4865 192.6465 1.6988 1.7119 3.7068 13.4399 0.6683 25.4525 3.0117 0.3838
Car -1 -1 0.4364 73.6597 175.9497 175.2509 205.3150 1.5293 1.6481 4.2548 -26.1081 1.7013 38.9517 -0.1511 0.2599
Car -1 -1 4.6278 1215.6464 169.0123 1242.0000 231.4135 1.4894 1.6358 3.9420 17.4162 1.3977 19.2905 5.3543 0.2439
Car -1 -1 4.8398 1021.0409 161.9255 1063.0923 189.4204 1.5129 1.6095 3.9372 25.0549 0.9115 41.7471 5.3771 0.2381
Car -1 -1 1.5050 147.1626 185.2259 189.9432 217.4010 1.4457 1.5842 3.7410 -21.9948 2.0959 35.9339 0.9588 0.2066
Car -1 -1 1.0949 1162.6700 161.8994 1242.0000 201.8610 1.4237 1.6244 3.9370 23.2912 1.0334 27.8025 1.7869 0.1662
Car -1 -1 3.1974 455.1262 165.6943 531.0377 192.1943 1.4843 1.6376 4.2169 -6.6361 1.0833 41.4441 3.0394 0.1329
Car -1 -1 2.7874 1225.7271 167.1444 1242.0000 234.4362 1.4792 1.5981 4.0707 17.7524 1.3537 17.4375 3.5730 0.1313
Car -1 -1 1.4675 836.6929 176.5771 887.0457 213.8503 1.4743 1.6276 3.9410 10.7890 1.6455 31.0634 1.7983 0.1236
Car -1 -1 4.2672 981.8878 178.4394 1063.6315 214.4308 1.4334 1.5627 3.8261 17.8175 1.6910 31.3073 4.7801 0.1218
Car -1 -1 4.6272 1155.8210 169.4388 1242.0000 228.6409 1.4729 1.6058 3.7153 16.2361 1.3879 19.9411 5.3030 0.1160
Car -1 -1 1.2892 1208.1707 174.2080 1242.0000 240.4747 1.4593 1.5746 3.8927 16.5863 1.4972 18.0701 2.0233 0.1123
Car -1 -1 1.2809 1162.2831 169.5151 1242.0000 221.0140 1.5158 1.6414 4.2264 19.6722 1.4175 23.5037 1.9713 0.1057
Car -1 -1 4.7557 836.6826 176.1703 872.0880 207.3471 1.4975 1.5725 3.6819 12.6184 1.6772 37.0846 5.0808 0.1002
Car -1 -1 0.8629 1219.9491 172.2758 1242.0000 242.5835 1.4461 1.5533 3.8147 16.5158 1.4342 16.7917 1.6309 0.0946
Car -1 -1 4.1409 900.8508 148.6176 960.4525 175.7478 1.6655 1.6730 3.8463 20.5416 0.1776 46.3241 4.5559 0.0936
Car -1 -1 1.4374 1020.2838 175.8828 1069.6512 208.0962 1.4543 1.5486 3.7167 21.0315 1.6095 34.9665 1.9748 0.0922
Car -1 -1 2.4583 1022.9938 175.3213 1123.9816 208.3881 1.4944 1.6437 3.8009 21.6919 1.6135 33.8017 3.0245 0.0879
Car -1 -1 1.7442 339.7136 185.5848 393.8223 221.9515 1.4759 1.6371 4.1432 -11.0127 2.0958 32.9697 1.4238 0.0868
Car -1 -1 1.4882 835.7456 175.9728 880.4237 210.5926 1.5129 1.6437 4.1286 11.6877 1.6700 34.1305 1.8150 0.0862
Car -1 -1 0.8452 1182.1364 164.4911 1242.0000 208.6856 1.4723 1.5863 3.8697 22.9534 1.1937 25.9779 1.5630 0.0843
Car -1 -1 0.1106 1043.6302 174.6761 1159.3088 209.0556 1.4491 1.6309 4.1695 22.1610 1.5364 32.5913 0.7032 0.0838
Car -1 -1 1.1658 1031.5524 177.7421 1112.7566 212.7751 1.4266 1.6299 3.8329 20.3812 1.6569 31.9672 1.7288 0.0813
Car -1 -1 0.2419 842.1511 178.9260 929.5710 211.0800 1.4723 1.6110 3.7321 13.5366 1.7848 35.4124 0.6038 0.0797
Car -1 -1 0.7309 517.1227 176.2701 589.5635 204.0618 1.4417 1.5914 3.9086 -3.1207 1.6383 39.6970 0.6525 0.0776
Car -1 -1 4.4705 829.0478 178.6297 874.2855 206.7263 1.4469 1.5326 3.6064 13.2889 1.7802 39.7777 4.7902 0.0767
Car -1 -1 1.2720 844.2123 180.1499 904.8776 213.3675 1.4656 1.6460 3.8985 12.6579 1.8365 34.6939 1.6185 0.0765
Car -1 -1 4.7148 1027.5491 151.6824 1058.5579 178.9855 1.7023 1.6731 3.8499 28.2673 0.3823 47.0673 5.2529 0.0742
Car -1 -1 1.5640 499.5334 178.7958 532.8004 207.5805 1.3960 1.6468 4.2229 -4.9440 1.7280 38.1068 1.4354 0.0737
Car -1 -1 5.1905 44.8097 167.8594 319.1143 294.7492 1.4356 1.6141 3.8495 -5.6184 1.3791 10.1027 4.6937 0.0736
Car -1 -1 2.4551 520.1031 177.3432 596.4326 204.6238 1.4530 1.6280 4.2804 -2.8802 1.7220 41.1699 2.3852 0.0722
Car -1 -1 -0.4053 965.1699 178.5518 1078.3223 215.3966 1.4717 1.5931 3.7800 17.1295 1.7174 30.1218 0.1071 0.0716
Car -1 -1 4.9733 128.2873 177.0921 182.0985 206.1039 1.5087 1.6223 3.6846 -25.1799 1.7560 40.1043 4.4155 0.0713
Car -1 -1 3.9252 900.9738 168.1674 1028.9473 217.3470 1.4893 1.5888 3.7615 11.6324 1.3474 23.8879 4.3731 0.0709
Car -1 -1 2.6676 889.9825 151.0035 967.0827 176.3634 1.5501 1.6371 4.1096 19.8768 0.2145 45.0462 3.0807 0.0692
Car -1 -1 1.7055 506.7784 179.1764 550.3094 212.7039 1.5119 1.5958 3.9107 -3.9002 1.8381 35.2560 1.5956 0.0669
Car -1 -1 4.3931 102.1710 187.0748 168.0205 220.4747 1.4671 1.5817 3.7450 -23.0398 2.1921 34.9997 3.8142 0.0659
Car -1 -1 1.4755 1025.5818 178.5221 1079.8961 215.9183 1.4502 1.5909 3.7626 18.7424 1.7069 30.6394 2.0197 0.0650
Car -1 -1 1.2240 1002.1011 181.3792 1086.1117 220.6635 1.4501 1.6387 4.1201 17.7940 1.8274 29.7561 1.7581 0.0644
Car -1 -1 1.5508 1021.7244 159.3197 1057.4558 188.6343 1.5706 1.6399 3.9132 24.2435 0.8455 40.7650 2.0841 0.0632
Car -1 -1 4.3837 1135.5322 162.6716 1232.7426 207.6192 1.4535 1.5715 3.5639 19.9950 1.1242 25.2734 5.0471 0.0624
Car -1 -1 0.9617 1027.1635 180.7971 1116.8827 215.1928 1.4402 1.6571 3.6227 20.9854 1.8229 32.9133 1.5248 0.0613
Car -1 -1 -0.9241 1034.9086 176.3150 1143.9318 213.4896 1.4564 1.6315 4.1224 19.9457 1.6073 29.9998 -0.3422 0.0604
Car -1 -1 4.5686 1148.2117 172.5994 1242.0000 236.3107 1.4694 1.6057 4.1049 15.3240 1.4635 18.8175 5.2440 0.0595
Car -1 -1 1.0451 1020.1595 181.2648 1112.7020 219.0317 1.4198 1.6297 3.5793 18.7192 1.7877 29.7470 1.6018 0.0580
Car -1 -1 1.6371 121.7712 182.2747 171.1191 218.5687 1.4880 1.6125 3.8905 -20.9569 1.9431 32.7627 1.0715 0.0572
Car -1 -1 1.7738 0.0000 191.2907 39.9769 227.1923 1.5021 1.5773 3.9422 -28.6508 2.4368 34.4683 1.0840 0.0569
Car -1 -1 1.5229 351.7037 187.5737 387.5754 221.1665 1.4911 1.5149 3.8235 -11.9698 2.2651 35.8851 1.2028 0.0568
Car -1 -1 1.6422 821.6247 178.2542 862.1134 210.8461 1.5004 1.6528 4.0346 11.6733 1.7871 36.1199 1.9519 0.0565
Car -1 -1 4.8636 506.6653 184.5502 565.1664 229.0089 1.4674 1.5856 3.8934 -2.6628 1.9347 26.8449 4.7650 0.0560
Car -1 -1 2.5611 1073.0129 172.2156 1242.0000 230.3401 1.4659 1.5976 3.9669 14.8138 1.4498 19.1338 3.2121 0.0557
Car -1 -1 -0.2964 792.6691 178.8354 876.5345 209.7080 1.4995 1.6164 3.7010 11.2343 1.8060 36.1711 0.0019 0.0556
Car -1 -1 2.5296 1205.2330 178.7671 1242.0000 237.8553 1.4790 1.6191 4.1534 18.8638 1.6471 19.3973 3.2930 0.0549
Car -1 -1 1.1273 933.6064 180.7208 1041.4762 233.0646 1.4670 1.5876 3.5595 11.6861 1.7326 22.5649 1.5992 0.0548
Car -1 -1 1.0742 1021.4852 177.9573 1122.8890 218.5763 1.4389 1.6101 3.9553 17.8710 1.6519 28.0945 1.6355 0.0548
Car -1 -1 1.7754 514.3953 176.3326 555.3438 203.3870 1.4538 1.5782 3.8378 -4.2206 1.6624 41.2742 1.6737 0.0544
Car -1 -1 -1.1475 1183.6008 162.2582 1242.0000 204.7188 1.4855 1.5962 3.7927 23.2897 1.1148 26.7695 -0.4371 0.0541
Car -1 -1 0.0180 343.9848 186.0549 429.6298 218.7359 1.4682 1.6200 3.8574 -10.6885 2.1285 34.7819 -0.2784 0.0534
Car -1 -1 2.8547 835.1407 177.5993 911.3379 206.0735 1.4778 1.5834 3.5268 14.0738 1.7378 38.6411 3.2011 0.0527
Car -1 -1 2.8487 305.1397 187.7504 397.0223 221.3132 1.4368 1.6013 3.8051 -12.2333 2.1802 34.2348 2.5075 0.0526
Car -1 -1 1.8076 146.4478 186.0878 207.3054 222.4006 1.5764 1.6045 4.1032 -20.9687 2.2609 35.1218 1.2725 0.0523
Car -1 -1 1.4646 966.1334 185.2815 1043.1224 241.9882 1.4557 1.5749 3.8722 11.6760 1.8625 21.5282 1.9551 0.0507
Car -1 -1 1.9216 316.6055 186.7372 385.1374 221.4501 1.4353 1.6771 4.0992 -11.9280 2.1203 33.5400 1.5820 0.0501