Car -1 -1 4.8612 441.0838 182.0610 527.4384 243.2595 1.3593 1.5843 4.1087 -3.1260 1.6244 18.7134 4.6973 0.9390
Car -1 -1 4.5936 655.9335 169.7661 718.4095 217.3459 1.4263 1.5655 3.8370 2.4518 1.3337 23.5604 4.6955 0.9228
Car -1 -1 4.9773 267.3392 184.1377 484.3371 327.0822 1.4751 1.6381 4.3488 -2.9027 1.6653 9.9750 4.7002 0.9092
Car -1 -1 4.7443 632.0549 171.1431 661.9710 197.8171 1.4437 1.5760 3.8995 2.1703 1.3511 41.0603 4.7963 0.7288
Car -1 -1 4.4858 705.9832 173.8440 884.6623 289.2201 1.4775 1.7235 4.2132 2.6707 1.4960 11.3853 4.7094 0.6341
Car -1 -1 1.5791 673.6119 154.7801 699.2784 179.7938 1.6317 1.6682 3.8847 5.2446 0.4527 49.0918 1.6847 0.3601
Car -1 -1 4.8032 655.7260 169.0037 678.5940 187.7088 1.5566 1.6187 3.8631 4.9842 1.2362 62.0841 4.8826 0.2444
Car -1 -1 4.5952 686.6862 154.6409 724.0168 182.7010 1.4793 1.5867 4.0159 5.2659 0.5191 40.0576 4.7248 0.1464
Car -1 -1 4.2817 763.6531 149.6117 890.0779 215.0223 1.5326 1.6541 3.9423 5.5561 0.9880 18.9792 4.5620 0.0731
Car -1 -1 4.0639 833.1067 0.0000 1242.0000 375.0000 1.6757 1.6609 3.8593 2.7874 0.7292 4.0053 4.6394 0.0697
Car -1 -1 4.3661 661.7244 158.6316 716.0922 188.1222 1.5656 1.6500 4.3617 4.3945 0.8106 40.6192 4.4728 0.0685
Car -1 -1 0.2703 655.2220 152.3897 720.4390 176.6201 1.5717 1.6918 4.0384 5.2449 0.2443 48.3327 0.3777 0.0675
Car -1 -1 3.2488 639.2253 167.4232 688.4160 186.4914 1.5838 1.6650 3.9998 4.6113 1.1327 61.1108 3.3235 0.0664
Car -1 -1 -0.2614 662.6786 165.6895 813.8353 217.3226 1.5458 1.7093 4.3754 3.9717 1.3313 22.6507 -0.0906 0.0656
Car -1 -1 5.0314 494.4647 172.5529 541.7343 200.1044 1.5178 1.6108 3.7581 -5.2365 1.5012 41.7473 4.9070 0.0648
Car -1 -1 3.4119 827.7714 171.5278 1035.0697 243.5058 1.4628 1.6192 4.0689 7.2988 1.4358 16.5702 3.8197 0.0595
Car -1 -1 1.3879 675.0530 155.1606 717.2913 184.7637 1.5251 1.6007 3.8023 4.6422 0.6136 39.1217 1.5050 0.0574
Car -1 -1 0.9458 709.7922 147.7081 853.8510 212.8420 1.5085 1.5995 3.9996 4.3512 0.9261 18.8640 1.1688 0.0563
Car -1 -1 4.4246 642.2864 168.4565 674.0693 186.9765 1.5228 1.6361 3.9729 4.1017 1.1612 61.4471 4.4907 0.0541
Car -1 -1 1.2272 701.8594 189.3535 942.0850 344.6053 1.5209 1.6333 4.2435 2.5250 1.7934 9.7258 1.4724 0.0540
Car -1 -1 -0.7171 794.6098 157.7233 971.5883 223.4587 1.4881 1.6409 3.9996 6.7436 1.1456 17.8079 -0.3609 0.0517
Car -1 -1 1.5659 498.5526 185.3438 537.6000 222.7321 1.4718 1.6002 3.7084 -4.0181 2.0532 31.6448 1.4400 0.0511