Car -1 -1 4.5639 531.6725 176.6219 576.1063 209.6670 1.5287 1.6340 3.7384 -2.6651 1.1311 35.2579 4.4886 0.9070
Car -1 -1 4.6413 488.9964 179.3759 517.5283 202.6011 1.5121 1.6485 3.8572 -7.0984 1.1319 48.8629 4.4974 0.5957
Car -1 -1 1.3103 405.7602 178.4681 434.6134 195.3626 1.5295 1.6581 3.9160 -17.5057 0.9186 67.1925 1.0560 0.3058
Car -1 -1 1.5251 488.1503 176.0332 516.9168 202.5412 1.6499 1.6673 4.2367 -6.8784 1.0784 46.9807 1.3802 0.1110
Car -1 -1 1.4846 414.4186 174.6761 437.9464 193.3970 1.6090 1.6744 4.2503 -16.1599 0.7031 64.0640 1.2381 0.0792
Car -1 -1 5.0116 352.5228 169.8865 421.4311 209.6780 1.5414 1.6373 3.9027 -9.0366 0.9476 29.8028 4.7195 0.0784
Car -1 -1 1.4217 411.8199 177.2742 437.0554 195.1102 1.5794 1.6175 4.3489 -16.8022 0.8762 65.9736 1.1730 0.0689
Car -1 -1 1.6850 472.4695 174.0287 505.9458 201.0635 1.6508 1.6499 4.1035 -7.4985 0.9677 45.9827 1.5239 0.0629
Car -1 -1 4.8823 397.5078 177.3100 443.2753 208.8630 1.4762 1.5850 3.6405 -9.1678 1.1063 35.5099 4.6312 0.0598
Car -1 -1 1.5869 412.1163 169.9152 451.6781 206.4687 1.5339 1.6226 4.2494 -7.8581 0.8918 32.4160 1.3507 0.0595
Car -1 -1 2.0272 392.2794 176.2623 430.2242 194.4819 1.5455 1.6389 3.9404 -17.1439 0.7860 63.0685 1.7626 0.0576
Car -1 -1 3.4125 470.8985 178.1341 531.3065 201.2779 1.5131 1.5914 3.7006 -7.0633 1.0501 48.0190 3.2669 0.0573
Car -1 -1 1.7950 402.0465 175.6543 431.0319 194.3197 1.6223 1.6278 4.1609 -17.0868 0.7913 64.5857 1.5371 0.0564
Car -1 -1 5.2158 415.9991 180.0299 453.0793 197.0810 1.5567 1.6428 4.0600 -16.2403 1.0833 67.8045 4.9813 0.0537
Car -1 -1 1.6841 483.5907 175.4384 517.1659 201.2003 1.5155 1.6092 3.8923 -6.5306 0.9403 44.2604 1.5382 0.0527
Car -1 -1 1.6540 535.7740 180.5299 565.6397 203.4118 1.4500 1.6269 4.1944 -3.7012 1.1531 47.6552 1.5766 0.0511