Car -1 -1 4.2119 856.6586 177.3817 1242.0000 375.0000 1.4809 1.5473 3.4634 3.2256 1.5261 5.4645 4.7209 0.9637
Car -1 -1 5.0128 205.5100 180.1967 453.0211 349.7665 1.6489 1.6945 4.0577 -3.2400 1.7639 9.2465 4.6837 0.9530
Car -1 -1 4.6238 664.4285 173.5490 726.6121 224.6974 1.5170 1.6572 3.6652 2.6964 1.5413 23.3030 4.7369 0.9528
Car -1 -1 4.4011 733.8174 175.3345 938.7160 310.8106 1.5557 1.6555 3.5506 2.9440 1.5968 10.1572 4.6743 0.9512
Car -1 -1 4.7131 627.5456 167.3988 654.7877 194.1581 1.7267 1.7576 4.4577 2.1381 1.3747 48.8237 4.7562 0.6055
Car -1 -1 4.8377 614.4013 172.9393 641.7263 192.8730 1.4437 1.5771 3.9344 1.4281 1.4503 54.3378 4.8635 0.1311
Car -1 -1 4.3553 654.2200 169.6206 689.5337 188.3525 1.5408 1.6475 4.1601 5.2745 1.2748 61.5752 4.4400 0.1184
Car -1 -1 0.2489 332.4531 155.2589 511.7826 226.5101 1.6054 1.6537 3.8158 -4.3380 1.2090 17.0909 0.0035 0.0788
Car -1 -1 1.4238 677.5438 163.4114 707.7086 185.6762 1.5532 1.6076 3.9396 5.9838 0.8945 52.3293 1.5368 0.0752
Car -1 -1 1.5367 417.1367 149.5899 496.7225 223.3727 1.6255 1.7390 4.1202 -3.8915 1.1130 18.1048 1.3275 0.0731
Car -1 -1 4.7269 663.9008 164.9199 682.4836 182.7470 1.6000 1.6582 3.8088 5.9091 0.8879 66.7389 4.8146 0.0615
Car -1 -1 -0.4402 615.7759 169.4150 677.0657 190.8116 1.5537 1.6597 4.2799 2.7594 1.3040 53.9757 -0.3897 0.0611
Car -1 -1 3.4090 653.8796 186.0575 749.2668 222.2063 1.4685 1.6302 3.8924 4.0691 2.0797 31.9036 3.5340 0.0573
Car -1 -1 4.8217 610.0721 169.0512 638.8889 191.4350 1.5724 1.6709 4.1031 1.1310 1.3053 52.8296 4.8426 0.0539
Car -1 -1 -0.5566 876.9555 157.7161 1093.6932 232.6240 1.4820 1.5652 3.8143 7.8374 1.1825 15.2249 -0.0894 0.0518
Car -1 -1 4.5540 695.2410 155.2904 733.0949 184.0505 1.6536 1.6187 4.1526 6.2634 0.6438 43.5753 4.6956 0.0505
Car -1 -1 3.1248 666.5599 170.1669 712.1807 189.0139 1.5456 1.6411 3.7299 6.6341 1.3252 60.1589 3.2338 0.0503