Car -1 -1 4.5237 632.5112 179.2025 681.3557 213.6732 1.4287 1.5509 3.5043 2.0729 1.7301 32.4173 4.5864 0.8998
Car -1 -1 4.5542 682.1266 170.8946 779.2190 244.1411 1.6260 1.7071 4.3395 2.9075 1.5825 18.1902 4.7094 0.8418
Car -1 -1 4.6910 470.7910 181.7396 505.5194 214.9890 1.4715 1.5726 3.6775 -5.9141 1.9257 34.9306 4.5241 0.7830
Car -1 -1 4.4074 604.8312 177.6701 649.1974 207.5234 1.5226 1.4978 3.2374 0.9053 1.7956 39.1328 4.4298 0.6024
Car -1 -1 4.6563 258.8210 190.4834 313.3747 236.0231 1.4536 1.6377 3.7832 -12.0096 2.1557 26.6793 4.2366 0.5621
Car -1 -1 1.3941 665.6843 180.8074 734.6451 230.7159 1.4398 1.5619 3.7207 2.8423 1.7179 23.3242 1.5130 0.5474
Car -1 -1 4.0165 927.9092 164.8066 1242.0000 375.0000 1.4490 1.5743 4.0152 3.0397 1.4361 3.1796 4.7339 0.5021
Car -1 -1 4.5620 574.0886 178.3477 604.8380 200.5407 1.4879 1.6076 4.0195 -1.4747 1.8965 51.5439 4.5331 0.5010
Car -1 -1 1.5358 603.3196 174.5280 634.1650 205.4222 1.6830 1.6264 4.3034 0.4853 1.7848 41.7128 1.5469 0.2820
Car -1 -1 4.5644 296.4181 189.8384 356.9592 234.0122 1.4525 1.6026 3.7421 -10.7546 2.1427 27.3015 4.1920 0.2483
Car -1 -1 4.4404 621.4620 171.1938 657.2177 192.6216 1.4923 1.6285 3.7800 2.1168 1.3767 52.2780 4.4803 0.2460
Car -1 -1 4.7164 623.2228 182.6589 696.0575 254.8414 1.5679 1.6407 4.0286 1.2713 1.8447 18.3021 4.7836 0.2437
Car -1 -1 4.7346 604.6005 146.1153 744.5958 299.9574 1.9402 1.7781 4.5505 1.0738 1.6030 11.4602 4.8244 0.1805
Car -1 -1 2.2795 436.7148 179.7004 505.4363 209.4171 1.5089 1.6262 3.7922 -7.5471 1.9044 39.6297 2.0921 0.1634
Car -1 -1 4.6361 555.6909 178.0748 577.7052 196.9787 1.5297 1.5972 3.5775 -3.6671 1.9869 61.3059 4.5762 0.1620
Car -1 -1 4.5580 640.4314 168.7428 673.9338 194.3555 1.5824 1.5846 3.8009 3.0295 1.3284 46.5410 4.6222 0.1430
Car -1 -1 1.6036 249.5865 183.3615 307.8236 234.7472 1.5569 1.6737 4.2604 -11.4101 1.9555 25.0849 1.1803 0.1230
Car -1 -1 4.7162 552.8365 169.1706 571.4845 186.9155 1.5809 1.6591 4.1316 -4.3528 1.2527 66.3948 4.6507 0.1115
Car -1 -1 1.3677 671.5798 177.8132 757.8365 238.0749 1.5883 1.6689 4.4287 3.0270 1.7527 21.6551 1.5039 0.1082
Car -1 -1 -0.3370 618.0701 171.0639 677.6626 192.3414 1.4727 1.5753 3.9267 2.7124 1.3488 51.2497 -0.2848 0.1079
Car -1 -1 4.2375 530.1080 187.8223 578.7414 212.6628 1.4803 1.6351 3.7972 -3.6704 2.5084 47.5096 4.1603 0.0934
Car -1 -1 -0.6197 601.3877 172.9223 669.1104 200.4455 1.6227 1.6355 3.9401 1.5969 1.6271 44.3187 -0.5843 0.0919
Car -1 -1 4.9198 445.5620 179.4733 469.8524 195.5450 1.4376 1.4897 3.7817 -14.2771 2.0787 67.9901 4.7133 0.0913
Car -1 -1 4.5216 825.4996 177.5070 1242.0000 375.0000 1.5108 1.5599 3.8254 1.7788 1.5444 3.1625 4.9940 0.0766
Car -1 -1 1.6356 467.7116 183.1403 504.3118 214.8363 1.5352 1.6538 4.0504 -6.5235 2.1127 38.4093 1.4680 0.0763
Car -1 -1 4.3394 626.0926 169.9190 660.7808 187.4558 1.5664 1.7040 4.4409 3.0935 1.3042 66.8238 4.3852 0.0755
Car -1 -1 3.8186 172.6855 189.6319 309.2393 236.7318 1.5045 1.6529 4.1216 -12.8205 2.1185 25.1667 3.3513 0.0755
Car -1 -1 4.9131 288.6245 186.0251 346.6245 225.6595 1.4801 1.5634 3.4576 -12.0675 2.0615 30.0085 4.5335 0.0743
Car -1 -1 4.2077 440.1436 178.7656 500.3247 207.0135 1.4979 1.6584 3.9707 -7.9924 1.8521 41.1766 4.0167 0.0721
Car -1 -1 1.6128 597.8005 183.9007 617.6852 201.9520 1.5056 1.6186 3.8399 -0.1364 2.5232 64.5177 1.6102 0.0710
Car -1 -1 4.5964 601.3449 175.7745 634.9498 201.9975 1.5394 1.6376 3.9468 0.4903 1.7292 44.8616 4.6067 0.0699
Car -1 -1 4.9594 490.6128 177.8815 531.5244 204.8080 1.5321 1.5630 3.8443 -5.9271 1.8512 43.7997 4.8253 0.0696
Car -1 -1 1.9698 470.8396 180.2983 526.9105 211.1060 1.5612 1.6201 3.9962 -6.0275 1.9932 39.7327 1.8197 0.0690
Car -1 -1 4.3334 698.6372 148.9280 762.3036 189.6067 1.7894 1.6895 3.6585 5.5777 0.7369 33.7075 4.4958 0.0649
Car -1 -1 1.5840 626.2531 180.4211 688.3309 241.7177 1.5682 1.6372 4.3072 1.4277 1.8139 21.2166 1.6493 0.0644
Car -1 -1 1.8050 482.8044 175.2644 528.5898 203.8475 1.5550 1.6652 4.3147 -5.9592 1.7023 41.8554 1.6641 0.0644
Car -1 -1 1.4941 266.4031 180.2193 333.3389 235.3927 1.5022 1.6107 3.9884 -9.6609 1.7523 22.3579 1.0901 0.0626
Car -1 -1 0.8015 393.1385 184.0208 469.8801 213.4998 1.4572 1.6317 4.0738 -9.5913 2.0849 38.7840 0.5602 0.0604
Car -1 -1 4.6761 284.3135 185.0643 330.6611 226.8858 1.4748 1.5695 3.8178 -12.0650 1.9956 28.7109 4.2812 0.0586
Car -1 -1 -0.3064 639.4261 170.7804 703.3408 195.0607 1.4905 1.5819 3.7085 3.8803 1.3632 45.4739 -0.2222 0.0586
Car -1 -1 -0.5617 299.4128 188.4870 422.9456 232.4123 1.4593 1.6408 4.2568 -9.4325 2.1060 27.6829 -0.8877 0.0578
Car -1 -1 -0.2863 577.8850 175.9254 643.3087 200.2682 1.6517 1.7320 4.2870 0.0627 1.8738 50.7538 -0.2856 0.0564
Car -1 -1 1.5498 641.2415 176.6689 667.9482 201.2139 1.5702 1.7138 4.0790 3.0122 1.8396 48.8749 1.6105 0.0547
Car -1 -1 1.4543 498.5038 176.0476 536.7163 206.4287 1.6113 1.6818 4.0959 -5.2618 1.8021 40.9190 1.3267 0.0534
Car -1 -1 2.1516 415.8026 183.8151 485.3857 214.5479 1.4595 1.6604 3.9716 -8.2861 2.0687 37.9511 1.9376 0.0533
Car -1 -1 3.5359 279.9636 189.8239 404.4609 230.8510 1.4893 1.6456 4.1986 -10.2609 2.1661 27.8629 3.1857 0.0532
Car -1 -1 -0.1479 547.3856 177.9769 595.8716 196.3408 1.4945 1.5187 3.8767 -3.1914 1.9319 60.4801 -0.2008 0.0528
Car -1 -1 3.6886 453.9893 179.1303 523.0124 205.4431 1.4836 1.6533 3.7258 -7.1843 1.8690 42.8411 3.5230 0.0515
Car -1 -1 4.4977 495.6765 175.6204 534.9433 201.8688 1.5535 1.6345 3.9678 -5.9604 1.7354 45.2990 4.3672 0.0514
Car -1 -1 1.8231 235.5331 182.1056 323.3510 235.3819 1.5429 1.6367 4.0814 -10.7545 1.8756 23.7920 1.4024 0.0511
Car -1 -1 2.8865 408.0313 187.5821 456.9289 206.3115 1.6489 1.7219 4.1782 -16.6867 3.0732 68.0252 2.6465 0.0509