Car -1 -1 2.0437 34.6022 195.9482 297.1859 319.3203 1.4821 1.7432 4.3196 -6.7861 1.9264 11.6861 1.5270 0.9679
Car -1 -1 2.4064 406.7064 178.9999 570.0787 238.8298 1.5115 1.6971 4.8036 -3.3959 1.7119 21.1254 2.2483 0.7336
Car -1 -1 4.7059 175.7262 185.7946 211.1735 215.0247 1.4406 1.6068 3.7490 -22.7067 2.1831 39.3767 4.1855 0.3022
Car -1 -1 5.0460 449.9646 171.6294 586.3840 251.8980 1.4407 1.5983 3.8759 -1.7394 1.4187 15.0158 4.9319 0.1682
Car -1 -1 3.0474 262.1539 193.8521 335.4910 225.0287 1.4975 1.6379 3.4372 -16.4781 2.6562 38.2747 2.6430 0.1678
Car -1 -1 3.7165 180.0074 186.6680 305.4782 226.9617 1.4869 1.6432 4.1839 -14.3804 2.0504 28.3873 3.2511 0.1345
Car -1 -1 1.5821 11.2077 194.4042 49.9306 220.8891 1.4309 1.7976 3.9045 -35.6418 2.8220 44.4815 0.9094 0.1158
Car -1 -1 1.9614 151.8366 181.4123 205.3685 206.6069 1.5704 1.5988 4.2315 -28.9950 2.1740 48.6826 1.4264 0.1134
Car -1 -1 1.5109 165.0366 182.3943 206.1018 214.6673 1.5349 1.6145 4.2359 -22.2685 2.0644 37.8325 0.9818 0.0956
Car -1 -1 1.6773 259.5355 190.9609 294.9071 216.4396 1.4235 1.6319 3.4680 -20.6442 2.5986 44.9218 1.2484 0.0936
Car -1 -1 1.5495 304.1827 178.8940 330.7996 202.8471 1.4582 1.5318 3.9124 -19.0871 1.8700 47.0854 1.1661 0.0885
Car -1 -1 1.9890 267.1836 193.0657 328.4298 224.6040 1.5106 1.6657 3.6648 -16.6723 2.6481 38.7662 1.5850 0.0841
Car -1 -1 -0.0614 446.0179 171.3724 645.8015 250.8694 1.4380 1.5667 3.6825 -1.2542 1.4112 14.1007 -0.1494 0.0827
Car -1 -1 1.4367 539.2429 178.5219 573.9795 204.3312 1.5059 1.6497 3.9501 -3.3539 1.8769 45.1266 1.3625 0.0753
Car -1 -1 1.6684 541.4892 194.2512 591.6194 233.0357 1.4164 1.7295 4.2024 -1.7664 2.3943 30.8402 1.6109 0.0751
Car -1 -1 3.8039 40.5707 200.0570 118.0156 226.4653 1.5321 1.6820 3.5845 -32.7410 3.2478 44.6081 3.1734 0.0749
Car -1 -1 4.7642 194.2136 176.5249 243.0029 213.6604 1.4229 1.5773 3.7411 -16.2275 1.5862 30.0760 4.2729 0.0710
Car -1 -1 1.6552 526.7568 193.4371 580.5471 237.3103 1.4224 1.6854 4.0728 -2.0440 2.2611 27.3554 1.5805 0.0704
Car -1 -1 0.8768 293.7331 179.6057 353.9303 204.9429 1.5224 1.6159 3.6133 -18.1320 1.9655 45.7713 0.5014 0.0697
Car -1 -1 -0.0357 556.6957 191.1964 658.8782 229.6722 1.4680 1.6871 4.0375 -0.0979 2.2371 29.3330 -0.0398 0.0692
Car -1 -1 -0.6440 474.2331 170.5100 687.5473 257.4515 1.4709 1.5975 3.9936 -0.4665 1.4313 14.0813 -0.6775 0.0654
Car -1 -1 4.5379 290.3591 192.8361 336.1956 223.9189 1.5092 1.6826 3.9897 -16.4302 2.6738 39.9168 4.1494 0.0641
Car -1 -1 4.8057 436.1980 167.4670 530.2744 248.2258 1.4242 1.5341 3.0065 -2.3985 1.3292 14.2782 4.6416 0.0627
Car -1 -1 4.8254 229.7961 130.4914 425.3806 293.2957 1.4594 1.5946 3.7629 -3.0409 1.0796 8.4787 4.4903 0.0603
Car -1 -1 1.5397 170.2081 180.4182 211.5336 214.4898 1.5806 1.6970 4.1530 -21.3150 1.9882 36.6677 1.0161 0.0602
Car -1 -1 3.4101 290.7829 179.6508 359.2740 202.7556 1.4599 1.5628 3.8869 -18.5458 1.9133 47.1479 3.0369 0.0566
Car -1 -1 3.5725 551.2150 188.3128 678.0989 234.6650 1.4603 1.7090 4.1462 0.1710 2.0416 25.4837 3.5782 0.0559
Car -1 -1 1.4250 561.3093 191.8698 620.6102 236.1126 1.4332 1.6641 4.0468 -0.7809 2.2103 27.3479 1.3959 0.0557
Car -1 -1 0.9354 499.7986 187.9577 568.8449 218.0686 1.4209 1.6363 3.8744 -4.0064 2.2582 38.0192 0.8305 0.0557
Car -1 -1 1.7965 182.2115 183.9654 219.1906 206.4716 1.4813 1.4772 3.7905 -29.1399 2.3058 51.5166 1.2837 0.0546
Car -1 -1 1.7695 110.5063 203.2967 165.5645 236.4768 1.5052 1.7492 3.7125 -25.1059 3.2175 38.5372 1.1949 0.0534
Car -1 -1 3.6249 119.3532 195.4471 208.6873 223.1300 1.6058 1.6056 4.4363 -27.3271 3.0242 44.3506 3.0751 0.0531
Car -1 -1 1.1454 149.9138 183.0409 200.0901 205.6112 1.4720 1.5967 3.7555 -30.3324 2.2071 50.3400 0.6053 0.0505
Car -1 -1 1.5843 227.0022 210.8652 304.6237 280.4287 1.4332 1.7089 3.9988 -9.1842 2.5705 19.4148 1.1471 0.0503