Car -1 -1 2.0695 202.9022 189.8080 290.4118 227.6827 1.4194 1.6035 4.0217 -15.4253 2.1936 30.9077 1.6097 0.9175
Car -1 -1 1.8694 363.0056 183.0847 412.3731 209.9490 1.5095 1.7288 4.1841 -13.5301 2.1664 44.2332 1.5738 0.6897
Car -1 -1 1.6439 165.6344 197.8619 209.4714 229.8523 1.4378 1.6920 3.8254 -22.0374 2.8199 37.7877 1.1187 0.3357
Car -1 -1 1.5054 276.1384 186.0137 296.8629 204.6264 1.6224 1.5393 3.7142 -30.3423 2.8942 67.7271 1.0853 0.3286
Car -1 -1 1.4255 267.4503 181.3729 298.7451 204.0017 1.5577 1.5603 3.9113 -24.1390 2.2113 53.2926 1.0018 0.2327
Car -1 -1 1.5637 364.7504 175.7243 384.9422 195.8396 1.6590 1.6070 4.0489 -20.2773 1.9155 62.3052 1.2501 0.2047
Car -1 -1 1.6462 272.1825 196.0077 314.6869 229.4278 1.4871 1.7067 3.7024 -16.1269 2.7377 36.9452 1.2368 0.1814
Car -1 -1 1.8496 440.0266 175.8278 482.0763 201.6145 1.6063 1.7180 3.8007 -9.6945 1.8096 47.3603 1.6484 0.1588
Car -1 -1 1.6238 349.1852 188.8120 372.8589 209.4582 1.5035 1.5890 3.6666 -19.8032 2.8209 57.5858 1.2936 0.1478
Car -1 -1 1.5992 196.0525 198.4963 235.2822 231.1339 1.4958 1.7136 3.8463 -20.9475 2.9380 38.4766 1.1032 0.1391
Car -1 -1 1.1050 320.3521 188.4951 363.8763 208.9308 1.4676 1.6745 3.8088 -21.0203 2.7372 56.6546 0.7509 0.1254
Car -1 -1 4.7785 421.6300 165.3053 451.5279 190.3791 1.6223 1.6917 4.1424 -11.6700 1.1339 48.8667 4.5451 0.0986
Car -1 -1 4.3902 489.6897 167.9317 523.0894 188.9303 1.7910 1.7133 4.0918 -9.1493 1.3712 63.7533 4.2480 0.0963
Car -1 -1 1.1348 153.9211 192.5511 213.4468 219.4423 1.4594 1.6463 3.7957 -25.6817 2.6943 43.4832 0.6037 0.0899
Car -1 -1 1.6432 395.8669 188.0420 421.0605 208.7970 1.4677 1.6023 3.9617 -15.6253 2.6948 56.1958 1.3728 0.0880
Car -1 -1 1.9272 360.4476 187.1274 410.7690 216.2719 1.4638 1.4970 3.5631 -12.3075 2.2882 39.8478 1.6291 0.0871
Car -1 -1 1.3660 269.9732 194.2396 324.7715 229.0633 1.4617 1.7002 3.7686 -15.1013 2.5536 34.8101 0.9591 0.0837
Car -1 -1 1.2318 369.4227 186.9175 410.5333 207.8498 1.4655 1.7202 4.2611 -16.9950 2.5951 55.7320 0.9368 0.0827
Car -1 -1 4.8454 440.3439 161.9968 474.9097 188.7050 1.7506 1.7474 4.3958 -10.3792 1.0389 49.5479 4.6397 0.0735
Car -1 -1 3.5572 415.4914 163.3391 485.5665 188.6131 1.6551 1.7069 4.2762 -10.6726 1.0320 48.5135 3.3415 0.0713
Car -1 -1 0.9882 225.7710 196.5738 302.0262 229.7054 1.4732 1.6971 3.6998 -17.3431 2.7178 36.1768 0.5436 0.0709
Car -1 -1 0.7538 168.8846 195.4131 295.1474 241.1898 1.4557 1.5681 3.9641 -13.3328 2.2940 25.5166 0.2762 0.0682
Car -1 -1 3.2923 349.9713 183.0654 427.1187 209.1644 1.5349 1.7286 4.3377 -13.5727 2.1814 44.5140 2.9976 0.0679
Car -1 -1 0.5375 268.8890 197.7681 357.7393 229.6048 1.4622 1.7107 3.7604 -14.7597 2.7454 36.0332 0.1509 0.0655
Car -1 -1 1.6149 243.9464 189.8775 288.9791 227.9504 1.5557 1.7019 4.3777 -16.0607 2.4116 33.9299 1.1755 0.0648
Car -1 -1 1.4848 177.9139 192.9471 218.6133 223.0889 1.4814 1.6391 4.2635 -23.2039 2.6750 40.6428 0.9686 0.0641
Car -1 -1 1.6096 260.9427 180.8800 289.8510 205.4501 1.5880 1.6619 4.0162 -23.2180 2.1709 50.2274 1.1783 0.0636
Car -1 -1 1.4085 259.6344 185.0251 285.6682 202.5157 1.5061 1.5994 3.8016 -31.2879 2.6698 66.9644 0.9726 0.0630
Car -1 -1 1.5869 363.4755 182.8690 385.8239 203.9248 1.5796 1.6497 4.2033 -19.0184 2.4232 58.5232 1.2737 0.0626
Car -1 -1 2.1155 275.7378 182.8806 324.7411 204.8748 1.5159 1.5848 3.8254 -22.9027 2.2881 53.5652 1.7129 0.0591
Car -1 -1 1.9376 202.2862 200.0480 295.0434 249.9889 1.4251 1.6268 3.5359 -12.0962 2.4145 24.4195 1.4816 0.0585
Car -1 -1 0.0636 416.4429 162.6381 486.8574 188.7721 1.7583 1.7449 4.6390 -10.8300 1.0710 49.7555 -0.1499 0.0581
Car -1 -1 1.6010 359.8836 182.8902 391.3221 210.4183 1.5564 1.7167 4.2418 -14.4541 2.2103 44.7304 1.2898 0.0564
Car -1 -1 1.5152 275.5262 181.8988 298.4391 200.5860 1.5656 1.6562 4.1137 -28.9914 2.4056 64.7963 1.0957 0.0561
Car -1 -1 1.6135 354.5922 177.0449 378.1445 197.4613 1.5897 1.6489 4.3086 -19.9915 1.9483 59.4253 1.2900 0.0559
Car -1 -1 4.9901 446.5981 165.0850 490.2839 190.6740 1.6577 1.7814 4.3407 -9.5165 1.1544 48.9805 4.7989 0.0551
Car -1 -1 4.3760 392.4392 173.9473 438.0785 197.8279 1.5483 1.6859 4.2915 -13.2989 1.6263 49.2335 4.1132 0.0550
Car -1 -1 1.7182 372.3634 178.6164 408.0336 204.5706 1.5414 1.6030 3.8994 -13.8753 1.9236 45.8058 1.4253 0.0550
Car -1 -1 4.2175 236.7368 182.8356 286.4579 204.9447 1.5034 1.6255 3.8532 -25.3193 2.2540 52.4685 3.7696 0.0540
Car -1 -1 4.6348 487.2825 169.2857 510.9489 189.7537 1.6468 1.6549 3.8587 -9.2301 1.3597 60.1201 4.4828 0.0539
Car -1 -1 1.8089 146.5269 198.9872 205.3603 232.7420 1.4289 1.6732 3.5712 -21.2663 2.7861 35.5197 1.2724 0.0524
Car -1 -1 -0.3574 290.0390 188.7449 421.9656 235.3876 1.4437 1.6543 4.0967 -8.9351 2.0503 25.5997 -0.6905 0.0504