Car -1 -1 2.0698 182.3492 185.2384 295.8417 239.5470 1.7512 1.7614 4.4795 -13.4674 2.2461 26.5682 1.6043 0.9403
Car -1 -1 1.9399 115.1503 200.5735 193.6030 237.6613 1.4016 1.7086 3.7633 -20.2528 2.7187 32.2770 1.3830 0.1969
Car -1 -1 1.5972 258.2908 204.0263 301.2315 240.1851 1.4197 1.7277 3.8359 -15.5042 2.9819 34.0573 1.1724 0.1640
Car -1 -1 1.6761 416.0953 188.0702 440.3521 204.6573 1.4057 1.7758 3.9671 -16.8196 2.8640 67.0652 1.4309 0.1430
Car -1 -1 1.7254 161.0583 188.5085 211.7599 222.4417 1.4862 1.5793 3.7407 -20.7500 2.3005 35.5036 1.1995 0.1409
Car -1 -1 2.0956 142.9540 187.3346 207.7070 216.2461 1.5292 1.6074 3.6216 -25.0798 2.4049 41.8098 1.5578 0.1323
Car -1 -1 3.9238 96.3064 192.9676 198.1339 227.1192 1.4736 1.6825 4.0092 -21.6692 2.4524 33.8606 3.3578 0.1313
Car -1 -1 4.5376 636.6708 161.9541 666.8267 185.4489 1.7972 1.7014 4.0919 3.3115 0.9634 57.3250 4.5947 0.1221
Car -1 -1 1.5392 276.2731 182.3642 298.5900 202.2976 1.5213 1.5547 3.5393 -26.2890 2.3223 58.8415 1.1204 0.1103
Car -1 -1 1.7578 239.5153 204.5403 298.2909 243.9701 1.4553 1.6980 3.4339 -14.8028 2.9216 31.5152 1.3215 0.1078
Car -1 -1 2.0992 213.6241 205.4298 294.5889 242.8135 1.4240 1.7781 3.3815 -15.8175 2.9611 32.2925 1.6465 0.1016
Car -1 -1 1.6734 508.6657 188.2321 539.1332 212.0089 1.5041 1.6937 4.1685 -5.9452 2.6240 50.4512 1.5562 0.0991
Car -1 -1 1.7606 633.5220 181.3754 664.7769 202.8096 1.5184 1.6440 4.0552 3.0563 2.1936 55.0035 1.8153 0.0948
Car -1 -1 2.0519 172.3236 180.2767 234.7764 207.1242 1.5554 1.7238 4.0018 -25.2034 2.0386 44.9457 1.5431 0.0947
Car -1 -1 2.0255 254.0097 176.7708 297.9070 198.0368 1.5883 1.6289 3.7555 -26.0588 1.9052 56.4843 1.5948 0.0876
Car -1 -1 1.8204 464.3530 192.9655 498.4053 215.7211 1.4233 1.5686 3.1808 -8.7898 2.8539 49.6817 1.6456 0.0851
Car -1 -1 4.9636 633.6954 169.1396 669.7656 193.1181 1.6380 1.6488 3.8923 3.0438 1.3842 51.3928 5.0221 0.0829
Car -1 -1 1.5734 173.0504 200.9082 219.2279 239.0981 1.4824 1.7523 3.8828 -19.0208 2.8575 33.2454 1.0568 0.0726
Car -1 -1 1.7679 251.6712 186.0664 293.4073 211.3859 1.4487 1.6276 4.0126 -21.2653 2.3240 45.6602 1.3340 0.0723
Car -1 -1 1.9386 137.2174 193.7492 211.4243 229.9264 1.4725 1.6188 4.0737 -20.3925 2.5189 33.9895 1.4014 0.0692
Car -1 -1 2.0893 420.3509 189.5018 458.8147 206.2579 1.4188 1.7532 3.9953 -15.8709 3.0275 67.5594 1.8590 0.0626
Car -1 -1 3.6607 110.4996 189.6175 192.8851 217.5390 1.5037 1.6308 3.6023 -25.8527 2.4728 40.8207 3.0988 0.0600
Car -1 -1 4.4120 247.2004 181.7599 284.7549 201.5175 1.4801 1.6248 3.9591 -27.5798 2.2192 57.8694 3.9688 0.0594
Car -1 -1 0.4744 398.6003 187.3898 444.8624 204.9063 1.5350 1.5061 3.8519 -17.2505 2.8941 66.3061 0.2205 0.0583
Car -1 -1 4.0170 192.1750 201.0038 291.1406 237.3735 1.4499 1.7624 4.1779 -16.7928 2.7985 32.9322 3.5483 0.0578
Car -1 -1 5.2389 276.7987 201.9648 356.4881 238.3317 1.4580 1.7346 3.9953 -13.8607 2.9304 34.3947 4.8580 0.0556
Car -1 -1 1.0790 598.9628 184.5686 643.8190 205.9422 1.4612 1.6758 3.9467 0.8398 2.3695 53.8094 1.0940 0.0555
Car -1 -1 -0.0036 521.1458 193.1775 576.0165 215.3111 1.5326 1.5903 3.9334 -4.4502 3.0442 52.6999 -0.0881 0.0551
Car -1 -1 2.8162 287.6153 193.2987 390.7478 230.3846 1.4809 1.7245 4.0686 -12.2898 2.4688 32.9133 2.4610 0.0539
Car -1 -1 2.0875 125.2276 188.6048 199.6797 220.9453 1.6227 1.6908 4.1656 -24.9063 2.5500 40.3694 1.5374 0.0511
Car -1 -1 1.8080 110.9043 199.9879 183.2375 240.2344 1.4424 1.6901 4.0517 -19.7613 2.6905 31.0012 1.2441 0.0509
Car -1 -1 1.6533 238.8717 182.4329 274.5038 208.7086 1.4522 1.5911 4.1367 -21.3217 2.0619 43.7095 1.2016 0.0504
Car -1 -1 4.7941 299.3262 187.1967 350.1207 226.8392 1.4726 1.6608 3.9527 -11.9558 2.1208 30.4762 4.4228 0.0500