Car -1 -1 -0.9410 987.0237 186.5262 1230.4128 281.6150 1.4406 1.5731 3.7182 8.7478 1.5366 12.3901 -0.3415 0.8885
Car -1 -1 1.4018 975.9738 166.5742 1027.7604 198.3570 1.4758 1.5859 3.7483 19.7036 0.7822 35.3851 1.9018 0.3094
Car -1 -1 3.9897 1090.2988 165.7029 1161.7208 188.8510 1.4542 1.5932 3.8879 34.4025 0.4610 47.1418 4.6126 0.2818
Car -1 -1 2.1584 1022.5633 158.6280 1175.4612 215.8766 1.5270 1.6139 4.1538 14.3671 0.9166 20.6922 2.7544 0.2403
Car -1 -1 1.2104 1063.8589 170.3839 1114.2463 192.5949 1.4702 1.5726 3.9162 33.6916 0.7336 49.6341 1.7994 0.1867
Car -1 -1 4.2410 707.9442 146.5792 768.5981 179.1375 1.5089 1.5376 3.4105 6.7380 -0.1232 35.4149 4.4229 0.1448
Car -1 -1 1.1748 693.0279 170.1125 768.8141 209.7405 1.4528 1.5853 3.7654 5.0637 1.0349 28.3475 1.3449 0.1446
Car -1 -1 -1.0944 1116.9310 165.1974 1179.5691 188.9498 1.4864 1.6381 3.9073 35.5003 0.4654 46.5402 -0.4504 0.1155
Car -1 -1 2.4931 1080.5326 169.3600 1158.8501 191.9636 1.4904 1.6750 4.0930 34.8497 0.6891 48.2650 3.1110 0.1105
Car -1 -1 -0.3586 984.0167 168.2807 1092.8629 200.7408 1.4884 1.6346 4.0987 20.7102 0.8817 34.1068 0.1787 0.0978
Car -1 -1 2.4897 1092.9882 166.1320 1170.3676 189.1788 1.4757 1.5772 3.9098 34.5957 0.4909 46.8297 3.1184 0.0950
Car -1 -1 -0.2356 698.2085 147.0061 785.8552 179.5076 1.5426 1.5698 3.9376 6.8755 -0.1004 35.0819 -0.0482 0.0928
Car -1 -1 1.3003 1112.6333 164.0709 1166.5768 189.7984 1.5468 1.6200 4.2553 34.0424 0.4982 45.4646 1.9354 0.0759
Car -1 -1 1.0551 979.8456 168.3667 1063.0857 202.3433 1.4922 1.6132 3.8872 19.5212 0.9149 33.4945 1.5744 0.0707
Car -1 -1 0.0065 998.0782 167.4249 1157.4299 221.0432 1.5190 1.6137 3.9600 14.5639 1.1199 22.1080 0.5785 0.0701
Car -1 -1 1.0563 1041.1790 160.9429 1188.2133 218.2460 1.5142 1.6490 4.1228 14.8949 0.9706 21.1078 1.6600 0.0695
Car -1 -1 4.1105 986.4044 164.1874 1082.7063 200.5169 1.5142 1.6554 4.0275 19.2143 0.7921 32.0067 4.6425 0.0660
Car -1 -1 4.0488 898.0164 171.1468 981.9491 202.1863 1.4349 1.5935 3.9856 16.6000 0.9557 35.3306 4.4802 0.0602
Car -1 -1 4.5158 725.5029 151.3652 773.6300 187.2621 1.6281 1.5680 3.5339 7.0737 0.2608 34.3469 4.7126 0.0591
Car -1 -1 1.4151 1078.1602 169.0056 1120.2844 192.8643 1.4997 1.6809 3.7715 32.7282 0.7136 47.2168 2.0137 0.0585
Car -1 -1 4.7152 735.2837 148.6140 768.9088 179.7570 1.4664 1.5669 3.8054 7.6078 -0.0931 36.0748 4.9168 0.0564
Car -1 -1 1.4153 713.1663 166.0419 773.8904 208.7655 1.4899 1.6157 3.9386 5.3048 0.9504 27.0445 1.6021 0.0558
Car -1 -1 2.4009 707.3690 166.4155 812.5992 207.5950 1.4971 1.5892 3.9457 6.1980 0.9482 27.7956 2.6133 0.0543