Car -1 -1 4.7221 529.9740 190.1554 744.7264 375.0000 1.3700 1.6265 3.5550 0.2861 1.5871 7.2443 4.7580 0.9509
Car -1 -1 4.9398 362.9863 180.5829 497.3223 266.9053 1.5310 1.7515 4.5559 -3.6378 1.7213 15.4836 4.7120 0.9396
Car -1 -1 4.8591 442.5143 165.1900 517.5234 227.1997 1.7072 1.6655 3.8490 -3.8145 1.4962 21.8096 4.6875 0.8994
Car -1 -1 4.7493 574.7900 176.8461 647.7047 241.8288 1.3841 1.5838 4.1221 0.1233 1.4937 17.7189 4.7553 0.6862
Car -1 -1 4.3860 741.8822 185.8577 909.1005 301.8119 1.4928 1.5045 3.2010 3.2014 1.7260 11.2991 4.6541 0.6819
Car -1 -1 4.5266 700.4802 177.9536 773.3497 225.7417 1.4589 1.6620 4.2789 4.2421 1.6483 24.6415 4.6944 0.6642
Car -1 -1 4.5824 672.9145 157.8935 727.5059 201.5141 1.8409 1.8543 4.6650 4.0319 1.2095 32.7914 4.7032 0.6407
Car -1 -1 2.9227 545.8123 170.6972 598.7246 187.9249 1.4704 1.6447 4.3575 -3.2616 1.2863 62.9596 2.8708 0.6036
Car -1 -1 5.0895 56.1638 153.8256 416.8900 366.3873 1.7117 1.8316 4.4988 -3.6119 1.5584 8.0874 4.6808 0.3226
Car -1 -1 4.1443 858.7570 69.3248 1242.0000 375.0000 2.0595 1.7010 4.4982 3.3454 1.6711 4.9585 4.7095 0.2926
Car -1 -1 1.5242 417.1864 175.5968 440.4565 196.1700 1.5159 1.5717 3.7532 -13.9849 1.7355 55.7292 1.2791 0.2644
Car -1 -1 4.2276 805.1570 110.3923 1242.0000 375.0000 1.8835 1.7752 4.5327 3.3907 1.5016 6.7074 4.6772 0.2039
Car -1 -1 4.9384 27.1922 195.8698 95.9555 233.5315 1.4317 1.6095 3.7377 -24.1678 2.5157 31.9497 4.2946 0.1967
Car -1 -1 2.0798 0.0000 208.2759 84.0989 260.9409 1.4162 1.6539 3.4659 -19.1565 2.6718 23.7300 1.4060 0.1654
Car -1 -1 4.4788 713.1752 151.1824 833.8254 239.9401 1.6289 1.5931 3.7678 3.2853 1.2312 15.1451 4.6877 0.1598
Car -1 -1 -0.2769 533.1350 184.9641 597.0148 210.4019 1.5358 1.5401 3.8076 -2.8534 2.3342 46.2143 -0.3388 0.1451
Car -1 -1 5.4753 43.1004 197.0531 148.7122 234.9939 1.4516 1.6180 3.8511 -22.8029 2.6000 32.2148 4.8630 0.1332
Car -1 -1 1.5677 42.5509 172.9484 75.7672 202.3017 1.7074 1.5538 3.7528 -33.5109 1.7134 43.9442 0.9190 0.1220
Car -1 -1 1.4608 745.7182 180.8493 869.7710 284.3991 1.4715 1.5943 4.0188 3.3017 1.6353 12.6779 1.7088 0.1217
Car -1 -1 1.9686 217.8558 156.4476 451.7209 297.8849 1.5412 1.5998 3.5423 -3.4099 1.3625 9.6834 1.6378 0.1216
Car -1 -1 5.5050 0.0000 109.8787 194.8427 375.0000 1.5741 1.6428 3.9324 -5.6496 1.2060 6.2416 4.7905 0.1164
Car -1 -1 4.8273 451.2547 159.7822 483.5676 186.1267 1.6933 1.6954 3.7770 -9.4771 0.8531 48.3271 4.6345 0.1113
Car -1 -1 -0.0382 675.5995 160.7034 758.7692 198.4161 1.5717 1.5830 3.4522 4.5866 1.0653 31.0418 0.1068 0.1062
Car -1 -1 -0.3041 732.9989 137.7364 970.2035 222.4995 1.5784 1.6570 4.1380 4.6505 0.9245 14.2740 0.0045 0.1023
Car -1 -1 1.2605 0.0000 195.3975 54.6890 235.4139 1.4714 1.6642 3.9504 -25.1229 2.4732 30.2942 0.5723 0.1021
Car -1 -1 1.9856 0.0000 142.6076 327.0312 360.4543 1.4688 1.6260 3.4974 -3.9612 1.2648 6.6879 1.4676 0.0957
Car -1 -1 3.0969 684.5627 162.6210 772.4704 195.5094 1.4807 1.6359 3.9368 5.4734 1.0200 33.5240 3.2570 0.0952
Car -1 -1 1.8831 0.0000 196.3920 83.6520 238.3009 1.4753 1.7360 4.3353 -23.8978 2.5418 30.3563 1.2203 0.0945
Car -1 -1 -0.0663 534.2274 179.8951 708.5762 239.3585 1.4419 1.5888 4.3173 0.2642 1.6325 18.6195 -0.0532 0.0924
Car -1 -1 1.7001 0.0000 202.9725 65.2026 257.8339 1.4271 1.6536 3.4965 -18.4554 2.4593 22.8044 1.0253 0.0878
Car -1 -1 4.6941 657.9651 181.8149 709.0640 230.2955 1.4708 1.6035 4.2202 2.4984 1.8064 24.8583 4.7923 0.0825
Car -1 -1 1.8852 0.0000 199.3665 55.9314 243.4411 1.4441 1.6371 3.7263 -23.2236 2.5521 28.1211 1.1994 0.0811
Car -1 -1 2.7768 774.0135 188.5303 1086.5463 302.9140 1.4863 1.5617 3.8248 4.4590 1.7312 10.4378 3.1693 0.0784
Car -1 -1 0.4483 0.0000 136.9021 312.8723 341.6460 1.5049 1.6733 4.1671 -5.0689 1.2406 6.5238 -0.1928 0.0777
Car -1 -1 5.4167 397.0290 161.2594 493.9866 205.7143 1.6159 1.6907 3.7184 -6.3427 1.1945 28.2663 5.1976 0.0756
Car -1 -1 2.2183 0.0000 197.2550 76.1530 239.5750 1.4713 1.6761 3.8212 -23.8345 2.5261 29.2537 1.5390 0.0749
Car -1 -1 2.4617 51.7387 193.3703 171.9258 232.7558 1.4363 1.6645 4.0706 -21.0920 2.3738 30.7824 1.8648 0.0744
Car -1 -1 4.8897 680.7601 160.7211 731.0703 195.4849 1.5524 1.6907 4.0406 4.6523 1.0106 34.4029 5.0227 0.0728
Car -1 -1 5.4145 58.1535 194.4047 190.8508 242.4895 1.4449 1.6584 4.0880 -17.1118 2.2767 25.7183 4.8320 0.0724
Car -1 -1 0.6171 0.0000 199.9706 82.3554 247.3731 1.4550 1.6555 4.0005 -20.3595 2.4028 24.2433 -0.0762 0.0709
Car -1 -1 1.7521 560.9810 170.0923 587.7433 187.2262 1.4554 1.6380 4.0844 -3.0583 1.2208 63.4220 1.7039 0.0662
Car -1 -1 4.9711 20.5521 199.9726 111.0116 249.3547 1.4495 1.6067 3.8122 -19.1018 2.4863 25.5181 4.3334 0.0658
Car -1 -1 0.1529 64.5705 149.3138 531.3391 329.6287 1.7530 1.7965 4.5349 -3.2676 1.5242 8.3654 -0.2097 0.0644
Car -1 -1 3.0230 637.3356 169.8980 727.2821 205.0523 1.6019 1.6441 4.0155 3.3534 1.4672 33.7418 3.1207 0.0632
Car -1 -1 5.2872 31.6458 203.5614 153.8073 253.6562 1.4581 1.6306 3.8669 -18.0070 2.6214 25.3711 4.6747 0.0616
Car -1 -1 0.7115 1011.7721 0.0000 1242.0000 375.0000 1.7641 1.6522 4.1186 3.2909 1.4113 2.4221 1.5914 0.0606
Car -1 -1 0.0372 433.3152 159.7717 496.1830 185.0788 1.6231 1.6575 3.9832 -9.4684 0.7840 47.4102 -0.1591 0.0606
Car -1 -1 2.6541 736.4382 179.1197 994.3782 275.5036 1.4840 1.5945 3.8712 4.2938 1.6007 12.3494 2.9804 0.0603
Car -1 -1 4.3618 755.1407 173.8505 1242.0000 375.0000 1.5923 1.5710 3.9742 1.9940 1.6012 4.4290 4.7588 0.0588
Car -1 -1 2.1243 0.0000 157.6828 265.7744 368.6704 1.4900 1.6107 3.8526 -5.0120 1.3829 7.0574 1.5242 0.0577
Car -1 -1 4.8639 426.9128 167.8240 481.3965 207.2103 1.5148 1.6171 3.8528 -6.3265 1.3213 29.7188 4.6556 0.0577
Car -1 -1 4.5434 653.1990 180.7044 712.7725 224.3199 1.4947 1.6221 3.7636 2.7091 1.8134 27.3587 4.6404 0.0576
Car -1 -1 -0.2962 646.0013 162.7916 750.7377 203.5381 1.7779 1.7598 4.3927 3.9942 1.3389 32.7347 -0.1764 0.0569
Car -1 -1 3.4909 0.0000 148.9444 513.9177 343.2674 1.5392 1.6558 3.9383 -2.9274 1.3498 6.6441 3.0896 0.0565
Car -1 -1 -0.5563 719.2554 177.6866 858.2891 227.1639 1.5137 1.6696 4.2082 5.8997 1.6828 23.8065 -0.3169 0.0539
Car -1 -1 1.7376 407.9194 174.9014 439.7580 197.8869 1.6506 1.6528 4.1257 -13.9344 1.8108 54.3181 1.4873 0.0519
Car -1 -1 1.9953 393.6696 172.2856 438.9442 196.4761 1.6812 1.6607 4.0012 -13.9385 1.6417 52.2566 1.7357 0.0516
Car -1 -1 0.1177 479.1005 166.7947 527.5231 183.7854 1.5907 1.7091 4.3745 -10.0511 1.0234 68.4664 -0.0277 0.0513
Car -1 -1 0.5830 393.8997 174.8032 451.1100 195.7383 1.5413 1.6238 3.9681 -14.2009 1.6932 54.7971 0.3303 0.0513
Car -1 -1 4.6867 453.8270 161.5500 500.9980 205.3709 1.6229 1.7305 4.0311 -5.3356 1.2043 28.8732 4.5052 0.0509
Car -1 -1 1.7580 235.9880 155.5180 464.9615 333.5612 1.6212 1.6831 4.3587 -2.8121 1.4633 8.8305 1.4573 0.0508