Car -1 -1 1.7784 354.3807 178.3818 482.6353 265.4116 1.5415 1.7275 4.1713 -3.8273 1.6739 15.1644 1.5345 0.9651
Car -1 -1 1.4545 641.4240 177.0840 698.8937 222.7296 1.4745 1.5832 3.8253 2.0759 1.6360 25.6089 1.5338 0.8881
Car -1 -1 1.6999 489.5579 175.3750 541.7324 212.5811 1.5308 1.7472 4.3660 -4.1081 1.6508 32.1679 1.5734 0.8866
Car -1 -1 4.5843 626.8648 178.1312 671.3524 212.6280 1.4392 1.5544 3.5087 1.7274 1.6899 32.4650 4.6364 0.7639
Car -1 -1 3.1448 467.6978 172.0586 546.3103 202.0308 1.5614 1.6470 4.0848 -5.4797 1.5200 38.6842 3.0046 0.2029
Car -1 -1 1.0975 659.5570 165.4412 709.3578 190.2505 1.5067 1.5498 3.8757 4.7129 1.0565 45.9084 1.1989 0.1940
Car -1 -1 1.8620 612.7670 174.6868 663.0363 207.3048 1.5983 1.5896 3.8204 1.5330 1.6992 37.6536 1.9018 0.1930
Car -1 -1 1.8086 495.3768 173.3018 546.2729 206.2277 1.6152 1.6763 4.2411 -4.5605 1.6399 37.6590 1.6885 0.1727
Car -1 -1 4.6698 498.9616 167.0421 520.4236 186.8883 1.6860 1.6970 4.0887 -8.8113 1.1923 63.4620 4.5322 0.1405
Car -1 -1 4.5764 506.4224 170.9353 545.7221 200.2616 1.5418 1.6693 3.7267 -4.6657 1.4409 39.9473 4.4605 0.1192
Car -1 -1 4.9005 498.2433 178.8183 547.6553 213.6212 1.5011 1.5993 3.8328 -3.9893 1.7964 33.7633 4.7833 0.1075
Car -1 -1 4.9851 450.6830 176.9873 494.6453 202.6954 1.5008 1.6453 4.0700 -8.4586 1.7700 44.8969 4.7996 0.1017
Car -1 -1 1.4806 686.3760 179.4237 720.7039 207.1763 1.4466 1.5480 4.0529 5.2440 1.8353 40.6359 1.6075 0.0890
Car -1 -1 4.4526 525.1340 178.9440 563.4393 203.8665 1.5273 1.5739 3.7984 -4.3168 1.9437 47.2752 4.3615 0.0857
Car -1 -1 1.4916 626.5222 172.1243 667.5170 207.5083 1.6076 1.6475 4.1096 1.7522 1.5744 34.8594 1.5408 0.0833
Car -1 -1 4.8915 462.4722 176.9493 504.5978 205.6945 1.4806 1.6152 3.8351 -6.8675 1.7166 39.6384 4.7206 0.0769
Car -1 -1 4.8527 352.0992 177.6633 406.8199 218.8015 1.5025 1.5709 3.5964 -9.0803 1.7065 28.6997 4.5486 0.0621
Car -1 -1 3.0783 609.2896 175.4629 691.2517 207.0766 1.6168 1.6934 4.1977 2.0920 1.7570 37.9106 3.1324 0.0616
Car -1 -1 -0.3593 669.5073 164.8901 734.6992 189.5132 1.5069 1.6114 3.7380 5.8036 1.0195 45.3729 -0.2332 0.0592
Car -1 -1 4.7694 689.7489 184.5479 734.4487 223.8476 1.4777 1.6492 3.8359 4.3718 2.0033 30.3883 4.9102 0.0547
Car -1 -1 3.6960 459.4211 173.8002 541.1455 202.8335 1.5327 1.6517 4.2180 -6.0293 1.5870 39.7843 3.5462 0.0520
Car -1 -1 1.8496 453.7777 181.4039 507.5060 214.3554 1.4855 1.5856 3.9141 -6.2932 1.9315 35.6105 1.6755 0.0517
Car -1 -1 1.4842 671.5916 178.6217 705.7143 205.4790 1.4240 1.5815 4.0524 4.4653 1.7695 41.1755 1.5909 0.0507