Car -1 -1 2.0775 156.9385 189.0870 270.7719 237.8245 1.4656 1.6614 4.1246 -13.6328 2.0782 25.1534 1.5849 0.9387
Car -1 -1 2.1217 120.3533 190.9169 197.7222 220.4277 1.3877 1.6145 4.0210 -23.8715 2.3995 38.4045 1.5684 0.4991
Car -1 -1 1.5651 254.7923 187.3286 280.4942 210.8609 1.5058 1.5764 3.6848 -23.9960 2.5617 50.6341 1.1243 0.2549
Car -1 -1 1.6383 232.1144 195.4520 269.9201 224.4283 1.4351 1.6685 3.3329 -20.0724 2.7615 40.4920 1.1804 0.2039
Car -1 -1 1.4349 261.4253 194.4818 302.7135 223.9804 1.4988 1.7240 3.2766 -18.7324 2.7895 41.2134 1.0103 0.1856
Car -1 -1 1.9928 95.9661 203.3170 177.1270 241.5334 1.3948 1.7220 3.2021 -20.0816 2.7667 30.7796 1.4184 0.1345
Car -1 -1 1.2685 221.9801 187.4185 266.9546 211.2889 1.4925 1.6676 3.9217 -25.0873 2.5324 49.5295 0.8016 0.1227
Car -1 -1 1.6981 210.2571 191.5923 275.1398 237.6305 1.5106 1.6808 4.2113 -14.0244 2.2909 27.7834 1.2341 0.1223
Car -1 -1 2.0429 157.1686 188.5481 230.9077 218.8641 1.4479 1.7084 4.1766 -22.2282 2.3378 38.7870 1.5252 0.1006
Car -1 -1 2.0520 100.0493 192.3819 183.8814 226.7778 1.5250 1.7097 4.4600 -23.7766 2.5857 36.8952 1.4826 0.0917
Car -1 -1 1.5614 243.0650 182.7328 271.8830 208.5094 1.5595 1.6403 4.0756 -23.1993 2.2401 47.5223 1.1092 0.0903
Car -1 -1 1.6139 144.8734 203.8404 194.0327 243.3274 1.4721 1.6871 3.4188 -19.3270 2.9192 31.7923 1.0711 0.0847
Car -1 -1 1.3417 259.4910 194.2023 329.8821 237.0506 1.4575 1.7047 4.0534 -12.6250 2.3729 28.8054 0.9316 0.0808
Car -1 -1 1.7121 212.9240 198.0941 275.6241 241.2428 1.4646 1.7089 3.8044 -14.5880 2.5514 28.9933 1.2492 0.0792
Car -1 -1 0.6456 115.3645 191.6453 206.1026 220.3803 1.4311 1.6030 3.9035 -23.7194 2.4513 38.1940 0.0927 0.0710
Car -1 -1 3.7342 259.6547 198.0575 373.9793 236.7614 1.4525 1.7179 4.1594 -12.1446 2.5453 30.0125 3.3523 0.0681
Car -1 -1 -0.0366 583.7355 165.8900 630.0447 187.0972 1.7222 1.7002 3.7593 -0.2450 1.1567 59.5224 -0.0410 0.0668
Car -1 -1 1.9663 287.1422 184.7900 334.4028 209.2191 1.5452 1.6472 3.7945 -20.3938 2.3938 49.3985 1.5763 0.0651
Car -1 -1 2.4094 271.9000 191.6079 352.1183 219.8989 1.4237 1.6848 4.2251 -17.0641 2.5635 41.5861 2.0219 0.0631
Car -1 -1 1.6519 240.2865 186.9411 272.1037 211.0894 1.4826 1.6117 3.9720 -23.9212 2.4799 48.9415 1.1991 0.0598
Car -1 -1 1.6136 254.4443 192.9031 288.8092 222.2663 1.4977 1.6260 4.0818 -19.6176 2.7257 41.9983 1.1786 0.0565
Car -1 -1 5.2097 144.8762 197.7215 231.4593 235.8281 1.4871 1.6768 4.0056 -19.0468 2.6880 32.8213 4.6871 0.0559
Car -1 -1 1.2454 216.3886 192.9929 272.3446 221.2637 1.4346 1.6706 4.0490 -21.0382 2.6493 41.5034 0.7785 0.0527
Car -1 -1 1.7010 258.1057 197.0328 313.6266 236.8138 1.4581 1.6732 3.9181 -13.8856 2.5723 31.1335 1.2842 0.0527
Car -1 -1 2.2659 179.8297 190.1505 264.9233 221.1079 1.4567 1.6530 4.2892 -20.6828 2.4401 38.7554 1.7782 0.0511