Car -1 -1 2.1253 0.0000 181.0344 348.5804 375.0000 1.6430 1.5958 3.8802 -3.9183 1.7395 6.5433 1.6027 0.9796
Car -1 -1 1.7454 463.5469 182.6266 533.7092 233.0979 1.4505 1.5906 3.8511 -3.5106 1.7943 23.4362 1.5977 0.9424
Car -1 -1 1.6731 496.1081 171.5399 547.2278 214.3729 1.6249 1.6403 4.2094 -3.5171 1.5750 29.4888 1.5549 0.8371
Car -1 -1 4.7788 545.6276 175.5816 573.2945 198.8150 1.4873 1.6041 3.8303 -3.3347 1.6781 48.5577 4.7102 0.7327
Car -1 -1 4.8432 460.2538 175.2179 495.6345 201.2102 1.4778 1.5958 3.8512 -7.8579 1.6262 43.3422 4.6645 0.1322
Car -1 -1 4.6415 526.6497 164.3753 548.0140 182.6351 1.5987 1.6471 3.9363 -6.5584 0.8563 65.2511 4.5416 0.1230
Car -1 -1 2.8810 477.9317 159.8205 537.1007 181.3945 1.5960 1.6719 4.1731 -7.7711 0.6318 54.9618 2.7410 0.1193
Car -1 -1 4.7176 492.1435 160.4967 514.6794 181.8490 1.5852 1.6589 3.7495 -8.1577 0.6678 55.5401 4.5722 0.1170
Car -1 -1 4.9220 482.2166 168.5851 511.6395 188.6839 1.5752 1.6165 3.7014 -9.0861 1.2407 58.4429 4.7682 0.1021
Car -1 -1 4.2975 499.6881 158.5991 537.0882 178.8982 1.6850 1.6822 4.0999 -7.8791 0.5017 62.0840 4.1716 0.0876
Car -1 -1 3.0376 490.7018 161.0540 545.7281 180.9823 1.7195 1.7218 4.6604 -8.0665 0.7013 63.6253 2.9118 0.0839
Car -1 -1 4.8070 233.4515 214.6290 345.8870 310.4758 1.4120 1.6581 3.8563 -6.2829 2.3746 14.5387 4.4050 0.0770
Car -1 -1 3.2741 526.7350 175.5344 586.2543 198.4169 1.4944 1.6023 3.7903 -3.5201 1.6770 48.2489 3.2012 0.0687
Car -1 -1 4.6594 594.0018 184.3763 621.9880 209.5958 1.5380 1.6469 3.8114 -0.1395 2.3314 47.7332 4.6559 0.0619
Car -1 -1 0.0485 569.8995 185.0613 634.1198 209.6100 1.5358 1.6594 4.1028 -0.4579 2.3455 46.9512 0.0382 0.0603
Car -1 -1 -0.0243 506.3154 161.6017 554.3895 180.7814 1.6795 1.7469 4.2044 -7.0737 0.6942 64.3291 -0.1336 0.0577
Car -1 -1 1.4527 546.2175 172.9703 578.6968 199.0332 1.6040 1.6238 4.0346 -3.0805 1.6119 46.5570 1.3866 0.0572
Car -1 -1 4.8221 281.2369 175.0909 337.1943 217.1503 1.4731 1.5506 3.7192 -11.3637 1.5646 27.4863 4.4332 0.0567
Car -1 -1 3.6014 212.4660 174.2030 336.0913 216.1397 1.4876 1.5810 3.8132 -12.2501 1.5388 26.4977 3.1719 0.0564
Car -1 -1 5.2111 0.0000 162.8465 150.6791 238.2036 1.5401 1.5225 3.6127 -12.3023 1.3356 16.6368 4.5819 0.0541
Car -1 -1 0.0094 548.9135 177.8026 613.8479 202.2389 1.5673 1.6839 4.2004 -1.8463 1.8997 47.5495 -0.0297 0.0524
Car -1 -1 4.7194 470.3010 167.9430 494.2156 190.4296 1.6545 1.7375 4.2178 -9.7392 1.2931 55.3112 4.5457 0.0515