Car -1 -1 1.9032 247.3023 191.8236 462.9928 328.7997 1.5238 1.6834 3.9675 -3.4391 1.8547 10.5854 1.5954 0.9680
Car -1 -1 4.7435 508.8136 187.1867 537.5963 214.6772 1.4304 1.5215 3.4682 -4.8961 2.2846 41.2082 4.6254 0.8096
Car -1 -1 3.1785 379.7386 183.0969 466.2962 216.2108 1.5086 1.5422 3.9539 -8.9323 2.0189 34.7697 2.9284 0.7218
Car -1 -1 4.6597 388.4191 171.2884 422.9774 199.1736 1.4222 1.5909 3.9447 -11.0357 1.3423 38.9227 4.3850 0.2739
Car -1 -1 1.9329 435.9011 191.5598 487.9283 222.9993 1.5076 1.5225 3.7170 -7.8955 2.5665 38.8868 1.7333 0.2491
Car -1 -1 4.9196 415.2110 186.8735 464.0999 219.5125 1.4738 1.6040 3.9539 -8.4773 2.2176 36.2876 4.6912 0.1592
Car -1 -1 4.7232 334.2150 186.5398 367.5142 217.0819 1.4512 1.5761 3.5569 -13.5785 2.2080 37.9592 4.3815 0.1567
Car -1 -1 1.7881 507.0244 192.5652 547.6576 218.3737 1.4395 1.7695 3.6722 -5.0898 2.7239 45.0954 1.6758 0.1479
Car -1 -1 -0.2058 387.0493 186.7174 471.2848 218.0183 1.4852 1.6142 3.9722 -9.3012 2.2312 37.2348 -0.4494 0.1227
Car -1 -1 1.5326 520.3503 185.8290 546.8829 211.1274 1.5237 1.5904 3.8818 -5.0410 2.4159 47.5792 1.4271 0.1211
Car -1 -1 4.8747 435.6993 178.9077 490.6375 219.9769 1.5297 1.6086 3.6099 -5.8641 1.7905 29.2467 4.6780 0.1165
Car -1 -1 1.8876 515.1884 192.3648 558.6791 217.9477 1.4616 1.7000 3.7112 -4.6074 2.7666 46.2625 1.7882 0.1165
Car -1 -1 1.3479 533.5291 189.3391 572.7134 214.2164 1.4238 1.7442 3.5070 -3.6202 2.5142 45.7913 1.2689 0.0915
Car -1 -1 1.1236 485.3850 187.0581 534.6539 211.4444 1.4286 1.6631 3.8377 -6.4853 2.3890 46.7276 0.9859 0.0810
Car -1 -1 -0.1229 358.7169 171.0099 437.9469 199.9449 1.4539 1.5661 3.8145 -11.0429 1.3612 37.7280 -0.4061 0.0787
Car -1 -1 4.7831 433.4941 171.3136 464.9323 197.3980 1.5272 1.6053 3.8994 -9.7983 1.4371 44.2918 4.5663 0.0721
Car -1 -1 1.9413 525.6882 187.3385 569.2885 212.2804 1.4826 1.5636 3.8393 -4.0240 2.4744 47.3460 1.8564 0.0706
Car -1 -1 5.0681 385.9586 182.7716 448.5565 214.7448 1.4599 1.6263 4.4015 -9.6697 1.9946 36.6252 4.8113 0.0640
Car -1 -1 4.9051 418.8042 175.9608 483.4361 217.6043 1.4240 1.5958 4.0793 -5.8441 1.5492 27.0334 4.6937 0.0637
Car -1 -1 1.3920 419.5082 188.6599 463.5239 220.0599 1.4891 1.6156 3.9056 -9.0019 2.3779 38.4592 1.1630 0.0618
Car -1 -1 0.1146 509.5922 192.7214 568.3134 216.5657 1.4524 1.6894 3.5784 -4.4962 2.7509 46.2852 0.0177 0.0596
Car -1 -1 3.0371 480.7080 192.6785 546.5429 217.3809 1.4372 1.7196 3.9447 -6.0481 2.7191 45.3610 2.9047 0.0564
Car -1 -1 2.3503 540.2478 187.4932 601.9409 212.2783 1.4509 1.7046 3.9450 -2.4501 2.4395 46.6879 2.2975 0.0564
Car -1 -1 4.5771 439.5728 184.8009 487.4543 222.5732 1.5006 1.5986 3.6242 -6.5026 2.0613 31.8884 4.3770 0.0560
Car -1 -1 0.2845 289.1270 179.6274 418.8644 228.4778 1.5853 1.6083 3.8648 -8.6197 1.8243 24.5646 -0.0500 0.0547
Car -1 -1 1.8274 370.2721 174.1093 420.7220 204.0233 1.4645 1.5898 3.7770 -11.0276 1.5329 37.3959 1.5422 0.0513
Car -1 -1 -0.1690 435.0064 178.2370 541.6848 218.8240 1.4971 1.6148 3.9252 -4.7790 1.7195 28.3958 -0.3348 0.0512
Car -1 -1 0.2919 377.0827 176.0137 461.0279 204.9953 1.4959 1.5454 4.0302 -10.0641 1.6672 38.2721 0.0361 0.0512