Car -1 -1 4.6990 550.1641 186.3513 595.4563 227.0318 1.3728 1.6036 3.4491 -1.4137 1.9166 27.2982 4.6470 0.9366
Car -1 -1 4.7569 497.5369 184.9325 531.1600 214.8311 1.4624 1.6209 3.9111 -5.0911 2.1480 38.9383 4.6272 0.8619
Car -1 -1 2.5513 798.8755 192.8382 873.0546 224.8449 1.5171 1.5420 3.3297 11.5745 2.5735 36.9301 2.8520 0.8465
Car -1 -1 2.3033 917.9140 192.4094 996.6539 225.5720 1.6710 1.3900 4.2793 19.0656 2.7823 39.5416 2.7489 0.7765
Car -1 -1 1.7057 826.1448 188.8282 870.2947 220.9775 1.5415 1.7437 4.0479 12.9394 2.4534 38.9863 2.0232 0.3208
Car -1 -1 1.5031 793.8644 185.8781 818.2397 206.5299 1.5354 1.6308 3.9361 15.8597 2.6267 58.3678 1.7666 0.2490
Car -1 -1 1.4792 969.3654 182.0762 994.9153 199.7713 1.4906 1.6591 4.3563 33.8014 2.3580 65.5395 1.9531 0.2202
Car -1 -1 -0.0963 929.4540 183.4872 1041.0240 220.6732 1.4852 1.6577 4.1328 16.1384 1.9679 31.2229 0.3763 0.2010
Car -1 -1 0.8266 925.3889 182.6237 1027.2621 221.0406 1.4459 1.5994 3.8733 15.2857 1.8844 30.2991 1.2893 0.1922
Car -1 -1 4.5427 918.8205 182.7542 973.7094 219.0414 1.4950 1.6293 3.7906 15.2664 1.9741 32.8813 4.9733 0.1715
Car -1 -1 1.3554 793.0676 192.9237 840.6000 225.0302 1.4906 1.6203 3.7209 10.7919 2.5946 37.7860 1.6308 0.1506
Car -1 -1 4.5534 922.1953 174.2280 1014.3511 233.9935 1.4392 1.6200 3.7138 9.5552 1.4801 19.4782 5.0029 0.1477
Car -1 -1 1.2849 963.8866 192.1103 1006.4183 215.9342 1.6482 1.7868 4.2142 28.9663 3.1963 55.7727 1.7611 0.1161
Car -1 -1 4.6970 555.9807 167.2699 579.9747 191.5988 1.6657 1.6422 3.5194 -2.9786 1.2834 51.2153 4.6389 0.1119
Car -1 -1 1.5290 900.7499 190.6779 927.1445 213.0900 1.5424 1.6874 3.3913 22.9721 2.9362 54.5361 1.9251 0.1075
Car -1 -1 1.5583 587.8022 190.2046 627.1805 226.4971 1.4318 1.6566 3.8877 -0.1197 2.2554 32.2946 1.5538 0.1071
Car -1 -1 -0.8830 925.1794 174.2166 1088.0717 235.2682 1.4365 1.6255 3.8127 10.1857 1.4743 18.5159 -0.3873 0.1039
Car -1 -1 1.2198 573.2347 187.2906 606.7399 205.9291 1.4927 1.6398 4.0680 -1.7559 2.8046 63.3757 1.1917 0.0967
Car -1 -1 1.2756 760.3065 183.8642 796.1796 204.5219 1.5410 1.7363 3.9113 13.5072 2.4564 57.9776 1.5029 0.0902
Car -1 -1 1.6265 561.1349 189.1909 604.0763 226.7477 1.4799 1.6898 4.0322 -1.1446 2.2557 32.2317 1.5905 0.0880
Car -1 -1 1.3175 842.2849 184.5504 878.5741 208.1002 1.6636 1.6539 4.0100 19.1003 2.5900 55.0845 1.6490 0.0850
Car -1 -1 1.0482 768.6713 185.1975 812.0294 205.2921 1.4929 1.6654 3.9038 14.5579 2.5262 58.2982 1.2911 0.0787
Car -1 -1 -0.4153 949.2870 168.2265 1161.3585 234.1064 1.4964 1.6373 4.0497 10.6252 1.3913 17.4512 0.1237 0.0728
Car -1 -1 1.2585 910.1917 183.2269 979.2159 220.1185 1.4672 1.6370 3.8516 14.6898 1.9537 31.8326 1.6868 0.0716
Car -1 -1 1.5129 970.7599 181.6883 994.4542 200.1051 1.5247 1.6164 4.2842 33.1614 2.3388 64.2124 1.9873 0.0704
Car -1 -1 1.3022 824.8611 190.6572 873.5858 220.0411 1.4991 1.6676 3.8189 13.5918 2.5617 41.1177 1.6186 0.0688
Car -1 -1 1.3206 812.8154 182.4179 846.7503 203.0453 1.5579 1.6451 4.1661 17.8281 2.3624 58.5750 1.6142 0.0667
Car -1 -1 -0.9464 954.8828 193.3710 1027.1049 222.7766 1.5052 1.7430 3.7726 21.5827 2.7120 40.8208 -0.4637 0.0662
Car -1 -1 1.2433 552.5284 184.2033 585.6315 202.5679 1.4601 1.6587 3.9623 -3.5227 2.4717 62.1672 1.1865 0.0627
Car -1 -1 2.6792 903.3829 182.4902 1004.4631 217.6221 1.4893 1.6282 3.6978 15.1766 1.9269 31.9124 3.1190 0.0607
Car -1 -1 1.6381 946.9455 181.7696 972.7209 201.2717 1.4827 1.6342 4.0848 28.6797 2.2390 59.0276 2.0880 0.0602
Car -1 -1 1.0688 870.6017 192.7843 923.7542 216.5704 1.4733 1.7223 3.9911 19.9739 2.9199 50.2807 1.4442 0.0579
Car -1 -1 -0.5938 794.0421 187.0394 847.7181 207.5259 1.5419 1.6101 3.8720 16.8473 2.6999 57.5458 -0.3110 0.0560
Car -1 -1 4.6810 587.7356 186.2377 611.6645 208.3893 1.4788 1.6164 3.7524 -0.7463 2.4860 52.3891 4.6663 0.0560
Car -1 -1 1.4325 1000.4997 178.7657 1028.7070 196.2983 1.4748 1.6644 3.8431 35.9963 2.0179 64.1960 1.9412 0.0546
Car -1 -1 1.1741 587.9215 184.3418 631.6139 207.4764 1.4618 1.6862 3.7523 -0.0281 2.2856 49.6891 1.1730 0.0528
Car -1 -1 1.4732 962.6782 190.7202 994.3009 212.9482 1.5316 1.7877 3.6370 28.0691 2.9431 54.9829 1.9424 0.0525
Car -1 -1 4.2917 843.1014 169.2927 967.6867 228.4879 1.4300 1.6167 3.8881 7.7932 1.3440 19.4089 4.6678 0.0521