Car -1 -1 2.0169 142.2899 196.8119 344.1802 308.6096 1.4496 1.5251 3.5398 -5.7867 1.9030 11.8854 1.5720 0.9807
Car -1 -1 1.9393 353.5709 184.4236 464.2485 245.1096 1.5059 1.6432 4.2485 -5.6685 1.8769 20.9425 1.6775 0.9599
Car -1 -1 1.2926 715.1697 182.9083 833.9458 264.8748 1.5051 1.5436 3.5006 3.4022 1.7459 15.4879 1.5038 0.9585
Car -1 -1 4.2233 833.2577 180.5437 1242.0000 375.0000 1.4519 1.6784 4.3412 3.2946 1.5367 5.7856 4.7183 0.9386
Car -1 -1 2.2900 0.0000 210.8951 189.7222 375.0000 1.4505 1.5440 3.4609 -5.6814 1.8930 6.6403 1.6017 0.8954
Car -1 -1 4.5513 684.9349 181.0707 764.7706 236.4582 1.4361 1.6685 4.1088 3.3038 1.7031 21.3839 4.7017 0.8900
Car -1 -1 4.5528 659.1673 177.0209 712.3271 216.3232 1.5091 1.6147 3.7236 3.1025 1.6934 30.0142 4.6541 0.8519
Car -1 -1 1.8027 472.6061 179.6485 519.0900 211.7377 1.4823 1.5075 3.5340 -5.6061 1.8377 35.9207 1.6485 0.7852
Car -1 -1 3.5367 508.5733 175.4868 560.4711 193.2444 1.4468 1.5839 4.0307 -6.2876 1.6725 60.5218 3.4333 0.5787
Car -1 -1 0.6008 100.9253 180.6539 237.9692 224.0158 1.4357 1.5322 3.8885 -15.2403 1.7164 25.0867 0.0594 0.5322
Car -1 -1 1.4415 244.5139 172.7072 276.6314 193.9276 1.5201 1.6439 4.1382 -26.0825 1.5095 53.8671 0.9923 0.3446
Car -1 -1 4.2289 665.0557 170.8003 719.0781 196.3350 1.4658 1.5799 3.9442 4.9213 1.3479 43.5446 4.3403 0.1987
Car -1 -1 2.6737 726.1162 171.6806 791.7142 193.2616 1.4587 1.5806 4.1980 10.3577 1.3794 50.0844 2.8761 0.1657
Car -1 -1 4.5690 654.5032 169.5423 698.9355 201.1639 1.4817 1.6371 3.9626 3.2756 1.3265 35.8316 4.6590 0.1645
Car -1 -1 5.2377 244.8838 177.0269 320.8177 211.8543 1.5174 1.5723 3.7327 -15.2292 1.7243 33.8400 4.8175 0.1638
Car -1 -1 3.8420 478.3329 173.4812 540.4897 198.4078 1.5680 1.6706 3.8606 -6.5668 1.6105 47.2113 3.7042 0.1573
Car -1 -1 4.7411 182.1315 176.5783 208.7901 199.0691 1.5829 1.5957 3.9109 -30.7112 1.8703 53.5797 4.2226 0.1482
Car -1 -1 1.9802 153.3298 177.7516 251.6733 221.2077 1.4175 1.6071 4.0106 -14.5701 1.6086 26.0769 1.4747 0.1322
Car -1 -1 5.2272 503.0132 172.4084 555.7604 197.1929 1.5699 1.6725 4.1069 -5.2678 1.5417 47.9213 5.1180 0.1231
Car -1 -1 3.3496 369.8588 179.3775 445.7577 208.7357 1.5067 1.5831 3.6328 -10.6712 1.8614 38.3339 3.0795 0.1176
Car -1 -1 -0.9244 977.0200 167.0902 1242.0000 375.0000 1.5165 1.6537 4.1633 4.8337 1.4881 4.7094 -0.1573 0.1030
Car -1 -1 0.4512 151.0765 174.7491 294.5236 219.7989 1.5099 1.6440 4.1027 -13.3921 1.5783 25.1495 -0.0339 0.0961
Car -1 -1 3.1370 109.1578 180.7718 237.3109 222.5849 1.4356 1.5443 4.0203 -16.3023 1.7517 27.1139 2.5997 0.0933
Car -1 -1 2.0940 210.9354 176.4885 292.0195 213.8878 1.5174 1.5260 3.6792 -15.5471 1.6857 31.5295 1.6390 0.0912
Car -1 -1 1.6856 505.5294 175.5290 540.8915 204.6132 1.5804 1.5902 3.7706 -4.9131 1.7410 41.4411 1.5679 0.0825
Car -1 -1 4.7926 427.5684 175.6628 460.4951 202.2186 1.5236 1.6348 3.9370 -10.0238 1.7025 43.8994 4.5691 0.0817
Car -1 -1 1.6240 252.0739 173.9629 280.1371 195.7736 1.5286 1.6391 4.0200 -25.1667 1.6133 52.9596 1.1821 0.0813
Car -1 -1 -0.3146 656.9177 171.0688 743.8542 202.4632 1.4645 1.5804 3.8602 4.3563 1.3812 34.8024 -0.1915 0.0813
Car -1 -1 1.6717 489.8276 176.2366 524.4811 203.9367 1.4964 1.5905 3.7560 -5.8232 1.6992 41.3527 1.5323 0.0766
Car -1 -1 1.3112 734.6794 170.9944 771.7495 192.3174 1.4514 1.6063 3.9605 10.1330 1.3249 51.1433 1.5054 0.0764
Car -1 -1 -0.3186 738.5104 178.0108 812.9541 206.3892 1.4810 1.5216 3.6177 8.9335 1.7658 38.9211 -0.0951 0.0740
Car -1 -1 1.3874 658.1862 173.4890 706.7569 206.8744 1.4683 1.5659 3.9191 3.3550 1.4998 33.8294 1.4849 0.0702
Car -1 -1 1.6702 760.8167 175.7373 799.1537 205.7854 1.4666 1.5969 3.6000 8.9088 1.6245 37.5549 1.9009 0.0673
Car -1 -1 1.4892 368.1250 179.7293 404.5354 211.0325 1.4624 1.4813 3.4586 -11.2995 1.8273 36.4147 1.1900 0.0667
Car -1 -1 1.4562 680.6562 168.7204 714.8395 194.8823 1.4784 1.5682 3.8707 5.1745 1.2448 42.7126 1.5756 0.0628
Car -1 -1 0.7494 1116.7902 120.9993 1242.0000 276.1711 1.4593 1.5956 3.8967 8.4393 0.9716 8.7866 1.4982 0.0620
Car -1 -1 4.8849 444.9774 175.7632 482.3883 202.0681 1.5131 1.5924 3.8068 -8.8162 1.6977 43.8533 4.6873 0.0615
Car -1 -1 4.3529 853.5705 167.1465 926.1948 200.7256 1.3953 1.6470 4.1046 12.3438 1.1582 32.0386 4.7173 0.0605
Car -1 -1 4.9942 685.9042 166.5346 733.0016 194.2803 1.5989 1.6986 4.3429 6.1324 1.2347 43.9087 5.1317 0.0602
Car -1 -1 4.6989 789.0495 168.2759 816.0325 194.6489 1.6504 1.6386 4.1804 12.6334 1.3639 47.3793 4.9576 0.0598
Car -1 -1 4.6546 169.0591 173.7671 222.5334 214.9285 1.5058 1.6211 3.9965 -16.4503 1.5447 28.6069 4.1365 0.0581
Car -1 -1 -0.5392 713.4389 173.4255 795.9969 204.5230 1.5055 1.6052 3.7960 7.3114 1.5354 36.3760 -0.3429 0.0560
Car -1 -1 3.0878 412.7995 183.0329 504.3852 215.5940 1.4709 1.6702 4.2277 -7.2894 1.9807 34.7873 2.8823 0.0558
Car -1 -1 4.2175 1025.9180 160.2093 1201.3165 225.3052 1.4201 1.6822 4.3087 12.2805 1.1442 17.9662 4.8092 0.0545
Car -1 -1 1.7774 222.0869 178.6095 285.6607 218.0603 1.5099 1.5968 3.9777 -14.8715 1.7690 30.3578 1.3251 0.0536
Car -1 -1 -0.3729 701.6003 184.0550 863.6450 241.7196 1.4823 1.6133 4.0738 4.7555 1.8107 20.0633 -0.1443 0.0533
Car -1 -1 1.8147 231.2774 171.7606 273.4492 197.0026 1.6807 1.6764 4.1166 -24.8036 1.6079 50.2326 1.3579 0.0529
Car -1 -1 4.7421 212.3811 172.0871 241.1717 196.7735 1.6164 1.6129 3.9615 -26.1528 1.5662 49.3778 4.2571 0.0522
Car -1 -1 3.4563 187.9525 182.0973 290.4271 216.8923 1.4872 1.6114 3.7930 -16.6087 1.9176 32.5069 2.9870 0.0521
Car -1 -1 4.7758 486.9395 178.8056 521.0975 208.0627 1.4741 1.5850 3.8982 -5.6829 1.8138 39.1764 4.6322 0.0520
Car -1 -1 2.0147 114.7354 178.8096 221.0395 223.4019 1.4111 1.5932 4.0444 -15.4431 1.6386 25.4801 1.4742 0.0512