Car -1 -1 0.7067 87.7144 183.1299 286.4612 257.6644 1.4534 1.5649 3.5131 -8.9957 1.6893 15.4676 0.1871 0.9521
Car -1 -1 -0.4115 1025.3647 171.9958 1242.0000 285.3322 1.6200 1.6865 4.2866 9.3661 1.6078 11.6649 0.2521 0.9197
Car -1 -1 4.5951 181.3045 168.9875 232.2684 203.4696 1.4582 1.5909 3.6851 -18.1630 1.2947 32.4725 4.0884 0.1555
Car -1 -1 5.2879 213.2870 173.5299 265.0842 195.7672 1.5133 1.5664 3.5667 -26.1534 1.5628 51.0687 4.8165 0.1472
Car -1 -1 4.8412 91.8984 175.9939 135.5125 203.7012 1.5121 1.5928 3.8568 -28.7518 1.7036 41.9294 4.2429 0.1207
Car -1 -1 1.5772 74.8630 185.2848 122.7138 225.2450 1.5028 1.5624 3.9336 -21.5350 2.0634 30.4803 0.9660 0.1026
Car -1 -1 3.7922 185.2311 174.2868 249.1611 196.4822 1.5089 1.5710 3.7230 -27.3053 1.6108 50.2530 3.2965 0.1019
Car -1 -1 1.6660 79.4384 182.3746 124.3231 213.5516 1.5116 1.5540 4.1614 -27.0325 2.0488 38.5168 1.0571 0.1012
Car -1 -1 4.7919 177.2496 167.6678 220.7443 199.2034 1.5735 1.6757 3.9328 -21.6369 1.3147 38.1387 4.2786 0.0975
Car -1 -1 4.7773 103.1139 174.7626 172.6331 224.1090 1.4823 1.6550 3.8070 -15.5239 1.5509 23.8992 4.2061 0.0935
Car -1 -1 2.4793 42.0891 184.6342 198.5248 239.9428 1.4792 1.6006 3.7953 -14.9026 1.8756 22.2251 1.8939 0.0906
Car -1 -1 4.7054 250.5443 178.0171 293.8452 215.3389 1.5055 1.6328 3.8653 -14.8585 1.7480 31.7827 4.2710 0.0873
Car -1 -1 1.6040 89.4572 190.5663 143.9014 233.3417 1.4469 1.6051 3.8268 -19.1521 2.1882 28.1502 1.0107 0.0835
Car -1 -1 2.5082 0.0000 180.3747 158.6544 237.2237 1.4856 1.6390 3.9193 -15.8425 1.7320 21.5310 1.8796 0.0812
Car -1 -1 0.6099 998.3653 186.4387 1228.5146 271.4629 1.5410 1.6514 3.8867 10.8363 1.8794 15.8624 1.1998 0.0797
Car -1 -1 0.4608 23.9296 187.8083 137.1801 222.9675 1.4429 1.5510 3.6964 -23.0787 2.1199 31.5928 -0.1662 0.0789
Car -1 -1 1.4495 204.3859 178.2698 234.6428 198.2568 1.4541 1.5931 3.9531 -30.1301 1.8877 55.6924 0.9553 0.0758
Car -1 -1 3.1112 83.2001 176.7391 198.0873 216.1822 1.5379 1.6400 3.9539 -19.6151 1.7107 30.2818 2.5403 0.0722
Car -1 -1 4.3092 1162.1368 152.6897 1242.0000 187.3838 1.5786 1.6712 3.8017 28.5732 0.6611 34.8868 4.9913 0.0661
Car -1 -1 4.8550 49.3125 166.3451 132.0880 215.8444 1.4965 1.6559 3.9399 -17.0964 1.2997 23.9446 4.2401 0.0644
Car -1 -1 1.0281 1085.7283 171.7583 1242.0000 253.4068 1.5120 1.5842 3.8328 12.0217 1.4917 15.3548 1.6826 0.0626
Car -1 -1 2.1749 71.2632 182.8200 147.8287 213.3619 1.4969 1.5124 3.6888 -26.5226 2.0529 38.4142 1.5737 0.0623
Car -1 -1 3.4959 185.4338 178.2191 303.5148 215.0561 1.4775 1.6352 4.1084 -15.2346 1.7103 30.2765 3.0330 0.0619
Car -1 -1 2.2826 24.6280 190.8358 130.9990 230.9913 1.4329 1.5978 3.4195 -21.3279 2.2024 29.1041 1.6544 0.0611
Car -1 -1 3.3192 36.9373 177.5717 127.7665 206.2684 1.5302 1.6254 3.8935 -29.5439 1.8058 40.5697 2.6928 0.0601
Car -1 -1 5.0854 115.7743 171.5096 176.9476 199.9399 1.5996 1.6805 4.0367 -27.3455 1.5239 42.7383 4.5189 0.0587
Car -1 -1 4.1459 172.7758 178.1432 220.8324 196.9370 1.5458 1.6606 4.0734 -35.4633 2.0125 61.9807 3.6279 0.0567
Car -1 -1 1.8228 81.7219 185.7243 147.3342 221.9707 1.4691 1.5252 3.8633 -22.4047 2.0910 32.7938 1.2270 0.0558
Car -1 -1 -0.6036 964.1930 182.5866 1221.4799 266.0374 1.4930 1.5835 3.9513 9.2190 1.6928 13.9587 -0.0303 0.0551
Car -1 -1 1.6711 79.0755 187.3540 165.0892 248.9431 1.5335 1.6529 4.1152 -14.1983 2.0041 21.2101 1.0867 0.0548
Car -1 -1 0.5421 21.9180 185.5838 122.5552 215.9769 1.4974 1.6189 3.9077 -27.7567 2.1741 37.3653 -0.0935 0.0544
Car -1 -1 0.4477 11.1879 173.9052 177.9524 224.2045 1.4938 1.6439 3.9307 -16.0043 1.5284 22.6061 -0.1629 0.0542
Car -1 -1 2.9995 0.0000 187.2956 114.7072 227.0003 1.4773 1.5960 4.1085 -23.4430 2.1252 30.3456 2.3458 0.0541
Car -1 -1 4.3458 1066.4990 165.1889 1214.4950 235.6551 1.4811 1.5815 3.6488 12.4033 1.3200 17.1297 4.9640 0.0525
Car -1 -1 3.7539 233.5624 178.2688 290.5598 195.3987 1.4561 1.5921 4.3809 -30.4214 1.9390 63.2011 3.3067 0.0511
Car -1 -1 1.2278 62.6843 181.1852 110.6978 202.5892 1.4585 1.5530 4.0582 -37.9516 2.0836 52.3483 0.6027 0.0510
Car -1 -1 1.8808 30.0205 200.2100 124.4195 248.0065 1.4378 1.6684 3.6960 -19.0714 2.5010 26.0284 1.2531 0.0510