Car -1 -1 4.4169 710.4515 193.1588 868.7582 307.9582 1.5100 1.5599 3.3083 2.7695 1.8900 11.7998 4.6405 0.9674
Car -1 -1 1.7522 382.6203 196.7878 484.7041 272.7164 1.4796 1.6674 3.8813 -4.0740 2.1186 17.2859 1.5233 0.9620
Car -1 -1 4.5188 661.7265 190.3970 766.3163 270.0692 1.5193 1.6429 3.7414 2.2601 1.9676 16.5208 4.6512 0.9491
Car -1 -1 1.7179 433.2601 196.4940 504.3723 250.6681 1.4387 1.6293 4.0464 -4.3867 2.2598 23.0081 1.5308 0.9005
Car -1 -1 4.1720 838.0892 200.2422 1242.0000 375.0000 1.4414 1.5380 3.2738 3.0278 1.7059 5.2962 4.6662 0.8710
Car -1 -1 4.5384 641.0099 189.1842 718.1042 243.8905 1.4367 1.6530 4.2084 2.0656 1.9929 22.4091 4.6282 0.8598
Car -1 -1 4.6438 630.9456 188.2068 669.4678 222.1353 1.4467 1.5730 3.5486 1.8777 2.2117 34.1671 4.6975 0.7084
Car -1 -1 4.5061 606.1652 189.9587 637.3232 211.4141 1.4969 1.6264 3.9640 0.9034 2.8692 55.7880 4.5216 0.6289
Car -1 -1 1.7065 478.5286 193.0084 524.9637 229.3149 1.4776 1.6256 3.6964 -4.9134 2.4591 33.2823 1.5604 0.6248
Car -1 -1 -0.0646 763.2153 166.0305 831.6329 188.7551 1.5209 1.6862 4.4419 12.8382 1.0643 49.5341 0.1873 0.5504
Car -1 -1 2.9637 765.7150 171.5979 844.4033 198.2454 1.4983 1.7069 4.1383 11.2140 1.4277 41.5936 3.2249 0.5367
Car -1 -1 4.6127 638.2911 186.8552 689.4590 229.3089 1.4895 1.6280 3.8812 2.0830 2.0820 28.5730 4.6840 0.2216
Car -1 -1 4.7611 463.6968 194.7086 508.2396 235.3148 1.4255 1.5961 3.6064 -4.9509 2.3683 29.2434 4.5942 0.2174
Car -1 -1 1.4747 640.9440 188.8995 693.9742 234.6267 1.4938 1.5880 3.9204 2.0899 2.1367 26.9336 1.5504 0.1752
Car -1 -1 4.9963 818.0002 163.7792 876.8286 202.8498 1.4634 1.5004 2.7834 9.4567 1.1235 28.5973 5.3122 0.1509
Car -1 -1 1.5865 663.4308 194.7252 690.9235 221.8065 1.5419 1.6909 4.0449 4.3935 3.0174 46.5778 1.6791 0.1427
Car -1 -1 -0.7771 938.9412 190.5964 1242.0000 375.0000 1.4643 1.5791 4.1570 4.4613 1.5940 4.4395 -0.0226 0.1349
Car -1 -1 1.7571 460.3659 187.4437 518.2121 228.1978 1.5333 1.6533 4.3522 -5.0666 2.2028 30.9142 1.5954 0.0969
Car -1 -1 -0.0525 756.1256 176.7909 834.1671 206.3476 1.5456 1.6429 4.0250 10.0300 1.7663 39.2468 0.1954 0.0950
Car -1 -1 1.6156 456.6815 188.7997 508.2452 237.1152 1.5281 1.6607 4.3534 -4.6008 2.1655 26.5785 1.4451 0.0919
Car -1 -1 4.5315 786.4562 171.4000 827.0958 197.4301 1.4664 1.6034 4.0716 11.6241 1.3845 42.7440 4.7949 0.0893
Car -1 -1 1.4588 609.8379 187.6210 638.6651 210.5403 1.5670 1.7198 3.9754 1.0625 2.7151 54.0427 1.4777 0.0891
Car -1 -1 1.3630 589.5850 194.6675 619.1103 215.1315 1.5290 1.7099 3.8426 -0.4706 3.4162 60.3630 1.3546 0.0827
Car -1 -1 1.8176 601.4888 184.8055 649.8195 217.2136 1.4763 1.5728 3.7097 0.8634 2.1112 36.3381 1.8405 0.0776
Car -1 -1 4.7856 599.7512 189.0874 638.2593 222.6973 1.4173 1.5570 3.6490 0.4935 2.2276 34.1322 4.7992 0.0751
Car -1 -1 -0.3156 630.1639 186.5793 725.6786 220.9865 1.4885 1.6434 4.1033 3.1484 2.1492 33.4730 -0.2233 0.0745
Car -1 -1 1.6397 606.4331 190.8831 633.8351 213.7919 1.4786 1.6902 4.4043 0.8083 2.8445 52.3998 1.6544 0.0740
Car -1 -1 1.1854 599.7984 191.4295 640.6727 213.6734 1.5797 1.7557 4.3157 0.8023 3.1189 57.4607 1.1986 0.0720
Car -1 -1 1.6027 592.5206 192.5981 649.4877 247.2875 1.4386 1.6210 4.0896 0.4250 2.1130 22.5653 1.6202 0.0681
Car -1 -1 2.5593 585.4687 196.5860 649.0312 220.2489 1.4798 1.7431 4.2048 0.5587 3.2104 50.7458 2.5695 0.0680
Car -1 -1 1.5895 656.7794 195.8703 686.4706 223.6031 1.5477 1.7822 3.5740 3.9220 3.0505 45.2409 1.6746 0.0677
Car -1 -1 3.2240 599.6280 190.7433 650.5308 211.6743 1.5305 1.6513 3.7930 1.2162 2.9321 55.5144 3.2451 0.0646
Car -1 -1 -0.7051 674.5229 191.8852 744.8220 218.7134 1.5177 1.7795 4.2402 6.3174 2.7649 45.3935 -0.5685 0.0624
Car -1 -1 1.6004 627.4366 184.8446 662.1573 217.8427 1.4680 1.5953 4.0380 1.7895 2.0954 35.6823 1.6494 0.0604
Car -1 -1 3.9547 1066.0981 151.3202 1242.0000 375.0000 1.5391 1.6547 3.9244 6.2839 1.4008 6.6159 4.6919 0.0594
Car -1 -1 3.3243 801.9681 164.6456 902.6087 206.3607 1.5045 1.5703 3.4153 9.2534 1.2085 27.5350 3.6449 0.0563
Car -1 -1 1.5658 596.1953 185.9603 651.4437 238.6077 1.5752 1.7397 4.4917 0.4778 2.0698 24.9694 1.5838 0.0558
Car -1 -1 1.3678 690.6598 176.0035 739.8011 207.8985 1.4484 1.6216 3.7926 5.0765 1.6100 35.0918 1.5097 0.0514
Car -1 -1 -0.1890 640.9637 185.2634 756.1091 226.2830 1.4888 1.6305 4.1561 3.3660 1.9822 27.7272 -0.0702 0.0505
Car -1 -1 3.1008 609.3479 188.0804 691.8666 220.5130 1.4655 1.6296 3.8193 1.9109 2.2056 34.2335 3.1553 0.0504
Car -1 -1 2.6717 793.6921 196.4388 1242.0000 375.0000 1.4686 1.5807 3.7477 3.3190 1.6634 5.0100 3.2289 0.0501
Car -1 -1 4.7324 457.1534 180.8913 486.8416 208.8568 1.4691 1.5764 3.6952 -7.7726 1.9473 40.9796 4.5457 0.0500