Car -1 -1 5.0361 299.3903 184.1239 427.0426 259.1250 1.5876 1.7175 4.2310 -5.9701 1.9024 18.0328 4.7202 0.9674
Car -1 -1 4.5357 714.9779 180.9124 847.7363 279.5866 1.5085 1.6330 4.1763 3.0181 1.6829 13.4941 4.7501 0.9523
Car -1 -1 1.8213 430.5499 183.3875 496.9666 224.3327 1.4739 1.6410 4.1442 -5.8022 1.9306 29.1747 1.6261 0.8860
Car -1 -1 2.6669 879.9059 155.7636 1134.1266 229.9386 1.4999 1.6917 4.5072 8.3647 1.1543 15.4649 3.1544 0.8630
Car -1 -1 2.2645 0.0000 198.7086 169.0051 375.0000 1.4221 1.5255 3.3941 -6.0922 1.7350 7.0347 1.5693 0.8216
Car -1 -1 2.3475 1036.7985 122.7221 1242.0000 272.7072 1.7529 1.7141 3.9982 8.0801 1.1670 9.4932 3.0373 0.7984
Car -1 -1 1.7295 463.4669 182.0056 509.1381 215.0628 1.4506 1.5641 3.8598 -5.8612 1.9149 34.6699 1.5628 0.7066
Car -1 -1 1.6667 485.7745 180.0730 520.0269 210.6016 1.5551 1.5076 3.6328 -5.7923 1.9686 39.4816 1.5216 0.7034
Car -1 -1 5.0787 221.5114 205.9726 364.8154 293.7896 1.3748 1.4784 3.2354 -6.0520 2.1006 14.1730 4.6811 0.5995
Car -1 -1 4.0974 1099.4005 136.5546 1206.6384 179.2725 1.5529 1.6346 3.4130 20.9268 0.2333 27.9541 4.7351 0.3418
Car -1 -1 -0.6778 1116.6831 136.5179 1242.0000 177.2001 1.4985 1.6347 4.1513 21.9108 0.1601 27.4120 -0.0085 0.3346
Car -1 -1 4.2690 426.4927 172.5322 472.4649 193.6557 1.4536 1.6278 4.0782 -11.5188 1.4314 51.7600 4.0508 0.3302
Car -1 -1 2.9298 795.0153 169.3801 855.6127 189.6192 1.4756 1.5744 4.0669 15.9724 1.2224 53.5477 3.2179 0.3121
Car -1 -1 3.6107 701.6587 167.9736 770.7012 194.7207 1.4886 1.5163 3.6535 7.3222 1.2170 41.8573 3.7824 0.3041
Car -1 -1 1.2280 451.6575 172.3727 488.2097 191.1908 1.4720 1.6380 4.0837 -11.3766 1.4343 58.6148 1.0368 0.3003
Car -1 -1 1.7493 517.8278 178.6513 549.2242 201.8277 1.5986 1.5867 4.0829 -5.5326 2.0406 52.9112 1.6452 0.2682
Car -1 -1 0.1008 733.0958 163.5519 811.1765 191.2564 1.5151 1.6264 4.1762 9.2194 1.0064 40.8896 0.3207 0.2380
Car -1 -1 1.4519 644.6753 169.1010 678.4783 195.3440 1.6456 1.7096 4.3131 3.3707 1.4103 47.4418 1.5220 0.1997
Car -1 -1 2.0377 3.1435 187.7729 115.1947 234.2355 1.4798 1.6199 3.9832 -20.0000 2.0698 26.4332 1.3947 0.1773
Car -1 -1 1.8744 733.5167 163.0565 779.5906 190.0881 1.5025 1.5163 4.0042 8.6466 0.9579 42.2254 2.0748 0.1772
Car -1 -1 0.5536 824.1188 175.2974 924.8490 208.7765 1.4607 1.5853 4.2452 12.3839 1.5830 33.9508 0.9002 0.1705
Car -1 -1 1.6608 883.8848 174.8106 928.9031 208.5705 1.4745 1.6148 3.9688 13.9871 1.5722 33.8941 2.0487 0.1556
Car -1 -1 3.7801 876.1367 173.7675 953.0370 201.4680 1.4480 1.5073 3.7466 16.7782 1.5009 39.8430 4.1757 0.1540
Car -1 -1 0.4204 892.9223 177.5985 988.8914 210.6562 1.4735 1.6270 3.8690 15.8835 1.7149 34.7193 0.8458 0.1397
Car -1 -1 2.8092 884.0482 158.1307 945.0203 178.0724 1.5051 1.6569 3.9903 23.3820 0.3939 55.4150 3.2065 0.1258
Car -1 -1 4.1274 1125.0453 136.8787 1242.0000 182.0878 1.5399 1.6291 3.7458 20.9822 0.3145 26.5089 4.7917 0.1219
Car -1 -1 4.3807 895.1697 155.1900 937.0334 179.6063 1.7357 1.7094 3.7367 22.5523 0.4800 53.2146 4.7795 0.1210
Car -1 -1 4.1287 802.3721 169.0229 852.8750 189.4317 1.4873 1.6086 4.2177 16.5099 1.2081 54.8354 4.4194 0.1173
Car -1 -1 4.4011 889.0838 158.9075 927.4054 180.7054 1.6394 1.6656 3.8037 23.2233 0.5905 56.2265 4.7908 0.1156
Car -1 -1 4.5678 427.8541 174.4294 461.0741 198.4164 1.4834 1.5764 3.8027 -10.7768 1.5904 46.9495 4.3431 0.1142
Car -1 -1 1.6876 634.4280 176.0042 662.2972 198.9453 1.5231 1.5101 3.8417 2.7489 1.7523 50.4809 1.7412 0.1095
Car -1 -1 4.2010 869.5597 156.5337 921.8307 179.6626 1.6318 1.6895 4.2832 21.0020 0.4804 53.1431 4.5753 0.1089
Car -1 -1 -0.6664 970.1547 146.3016 1214.8069 221.5400 1.5131 1.6538 4.2895 10.2854 0.9791 15.5271 -0.0902 0.1061
Car -1 -1 1.3773 476.9512 172.7605 503.2924 190.4794 1.4867 1.5716 3.6949 -10.3798 1.4788 62.5451 1.2133 0.1059
Car -1 -1 0.5740 871.3048 180.1593 958.3613 212.1854 1.4534 1.5834 3.6842 15.0013 1.8339 35.6094 0.9692 0.1054
Car -1 -1 1.6730 699.0449 170.9209 728.1805 195.5325 1.6371 1.6051 4.0072 7.2652 1.5085 50.1342 1.8157 0.1036
Car -1 -1 4.6625 507.6773 180.7816 535.8726 205.7904 1.4814 1.5960 3.7906 -5.6322 2.0090 46.0154 4.5409 0.1006
Car -1 -1 4.4042 1104.0115 138.3717 1198.7139 178.8685 1.4793 1.7163 4.4529 21.4258 0.2197 28.7418 5.0401 0.0993
Car -1 -1 3.8019 794.3868 178.0819 876.8104 209.7562 1.4514 1.5639 3.7040 11.1160 1.7242 35.6779 4.1010 0.0977
Car -1 -1 4.5350 945.9033 153.2547 986.9239 179.6873 1.5525 1.6085 3.7837 21.9099 0.4013 44.4178 4.9906 0.0973
Car -1 -1 1.8755 432.2011 172.6127 471.6560 194.8450 1.4991 1.6062 3.8959 -11.0176 1.4828 50.6653 1.6622 0.0921
Car -1 -1 4.3883 929.1791 154.4213 974.4902 180.0086 1.6042 1.6197 3.5373 22.2791 0.4486 47.0882 4.8278 0.0858
Car -1 -1 2.3356 0.0000 201.3575 102.8824 260.6531 1.4237 1.6133 3.5116 -16.8183 2.3214 20.9006 1.6641 0.0846
Car -1 -1 -0.6292 973.0115 149.3548 1060.7935 177.5858 1.5454 1.6298 4.1327 22.8599 0.2590 40.5530 -0.1190 0.0845
Car -1 -1 5.1297 649.6115 164.4407 703.3140 191.3216 1.4809 1.6308 3.9786 3.9334 1.0174 41.8835 5.2224 0.0818
Car -1 -1 1.5431 0.0000 185.8486 39.8522 232.8217 1.4482 1.5945 3.9499 -21.1712 1.9413 25.3700 0.8527 0.0811
Car -1 -1 -0.1702 717.2131 163.5385 789.7655 190.2797 1.5202 1.5474 3.9181 8.3048 0.9906 41.8397 0.0241 0.0800
Car -1 -1 1.1751 879.1514 179.4046 947.4574 212.5576 1.4769 1.6159 3.9935 14.6113 1.8122 34.9330 1.5678 0.0768
Car -1 -1 1.8827 494.0910 181.1593 539.9698 209.7449 1.6208 1.6171 4.0741 -5.6237 2.1556 44.3124 1.7567 0.0762
Car -1 -1 -0.1398 886.7072 175.0063 982.4858 208.9859 1.4628 1.5921 3.7419 14.5561 1.5635 32.5007 0.2774 0.0752
Car -1 -1 4.0690 809.4077 169.1262 869.5682 193.0969 1.4151 1.5568 3.8251 14.1665 1.1950 44.6582 4.3740 0.0746
Car -1 -1 0.9938 0.0000 196.0296 85.5697 251.8859 1.4571 1.6275 3.9614 -17.7567 2.1864 21.3328 0.3056 0.0741
Car -1 -1 0.8890 1140.3967 158.0458 1242.0000 240.9473 1.4523 1.5583 3.6277 12.7267 1.1929 14.4761 1.5999 0.0729
Car -1 -1 5.0258 362.1219 179.9395 420.4066 216.1401 1.5142 1.5389 3.3840 -9.7829 1.8507 32.5590 4.7357 0.0728
Car -1 -1 2.6849 1027.3531 150.3228 1112.2522 175.5555 1.4826 1.5972 4.0140 27.6260 0.1587 43.4032 3.2488 0.0715
Car -1 -1 2.3015 1018.5771 162.5841 1242.0000 257.1799 1.4936 1.6271 4.0896 9.5285 1.3314 12.6039 2.9373 0.0714
Car -1 -1 1.4781 707.5035 186.7747 751.8810 221.4677 1.3834 1.5904 4.0074 5.3434 2.0495 32.4728 1.6390 0.0714
Car -1 -1 -0.6157 871.0863 154.7906 935.5338 177.2181 1.5813 1.6601 4.1134 21.2176 0.3077 52.1535 -0.2313 0.0704
Car -1 -1 2.1337 0.0000 189.1298 55.1010 241.6970 1.4525 1.6171 3.9647 -20.0212 2.0249 23.2998 1.4293 0.0696
Car -1 -1 0.4576 790.6188 174.8279 872.9713 204.0833 1.4851 1.5988 3.9309 11.9118 1.5966 38.8153 0.7528 0.0690
Car -1 -1 4.4397 866.3885 155.8953 905.5128 179.5522 1.6553 1.6358 3.9948 20.0736 0.4687 52.5494 4.8027 0.0689
Car -1 -1 4.7348 537.9944 172.3731 556.8778 189.7960 1.5388 1.6244 3.9830 -5.6355 1.4963 65.7637 4.6493 0.0687
Car -1 -1 2.2992 1124.8464 136.0230 1242.0000 315.4456 1.4785 1.6286 4.0868 7.4777 1.1750 6.8267 3.1088 0.0671
Car -1 -1 0.9109 485.9603 181.8362 537.0803 203.9068 1.4800 1.6245 3.8465 -7.0760 2.1497 51.8776 0.7756 0.0646
Car -1 -1 5.3339 0.0000 201.2405 239.7446 375.0000 1.4304 1.6668 4.0813 -6.2146 1.8433 8.4518 4.7145 0.0642
Car -1 -1 2.0865 1072.6948 153.3009 1177.3613 191.7975 1.5065 1.6532 4.2640 21.3650 0.7413 29.8900 2.7024 0.0635
Car -1 -1 1.6535 460.9290 171.9714 486.1373 192.7023 1.5823 1.6117 4.3062 -10.7625 1.5149 57.2945 1.4684 0.0630
Car -1 -1 4.6222 641.9885 162.1852 667.3733 184.6714 1.7940 1.7192 4.2118 3.6964 0.9428 59.6943 4.6835 0.0625
Car -1 -1 1.1050 878.2451 181.0667 954.8539 215.9925 1.4247 1.5942 3.8200 13.6511 1.8148 32.3158 1.5009 0.0617
Car -1 -1 4.2889 789.4502 169.4530 833.2990 190.0218 1.4993 1.6307 4.1628 15.2623 1.2514 54.7763 4.5589 0.0609
Car -1 -1 4.2284 617.3632 165.3429 661.2195 187.7128 1.7757 1.7691 4.4107 2.4089 1.1795 59.6471 4.2682 0.0604
Car -1 -1 1.9446 420.0539 171.4884 467.2037 196.4675 1.6021 1.6673 4.1832 -11.0831 1.5145 48.4700 1.7207 0.0601
Car -1 -1 1.7462 411.0912 182.2857 475.8394 229.2984 1.5942 1.6885 4.0956 -6.2111 1.9795 27.3882 1.5247 0.0601