Car -1 -1 4.2043 893.8926 186.3727 1242.0000 375.0000 1.4461 1.6542 4.1469 3.5833 1.5837 5.2235 4.7787 0.9233
Car -1 -1 4.4958 806.2524 159.7522 1023.4548 315.6470 1.7602 1.8109 4.6527 4.1100 1.6123 10.5788 4.8560 0.9061
Car -1 -1 4.6361 780.8038 170.7279 850.3276 232.2455 1.6289 1.6396 3.8392 5.9394 1.5726 21.1471 4.9056 0.8181
Car -1 -1 3.3147 769.9853 154.1449 847.7272 185.9080 1.4949 1.5799 3.4593 9.7795 0.6144 35.4103 3.5819 0.2124
Car -1 -1 2.2491 810.4801 158.0381 866.7161 184.1448 1.8687 1.7710 4.1449 17.0086 0.8082 53.5317 2.5550 0.1385
Car -1 -1 4.9570 793.6972 151.1429 846.5914 184.1638 1.5641 1.6453 3.9742 10.6444 0.5357 36.3077 5.2399 0.1308
Car -1 -1 -0.2230 830.3962 139.5525 934.8060 178.2035 1.5835 1.6121 3.8796 11.5097 0.2192 30.6175 0.1335 0.1108
Car -1 -1 0.1284 769.4426 144.2925 859.4831 181.8800 1.5931 1.6043 3.6736 9.0997 0.3826 32.0394 0.4027 0.0924
Car -1 -1 4.7991 783.9293 146.6883 830.0128 184.9572 1.6516 1.7291 3.7759 9.1333 0.5223 33.2101 5.0651 0.0871
Car -1 -1 0.1721 783.8799 151.4149 877.0386 184.7080 1.5184 1.6245 4.0487 10.5637 0.5406 34.5437 0.4664 0.0809
Car -1 -1 -0.1632 784.9330 173.9781 949.8337 234.4866 1.5753 1.6538 4.0761 7.0091 1.6083 19.9858 0.1688 0.0797
Car -1 -1 1.1881 840.6768 139.4948 910.6421 178.0865 1.5713 1.6221 3.5263 11.4110 0.2131 31.1693 1.5361 0.0697
Car -1 -1 1.2682 784.8365 153.8358 841.3173 186.6874 1.5069 1.5979 3.6767 9.7897 0.6345 34.9592 1.5389 0.0686
Car -1 -1 1.7338 759.5008 171.1819 796.9268 197.7089 1.6481 1.7139 4.2698 11.0589 1.5442 47.1296 1.9625 0.0643
Car -1 -1 4.8341 687.0181 191.0549 824.9731 321.7485 1.5765 1.6529 3.9429 2.4728 1.9187 11.4303 5.0404 0.0626
Car -1 -1 1.7191 681.2798 171.6106 720.2925 199.5669 1.5019 1.6169 4.0404 5.2211 1.4351 40.9261 1.8446 0.0577
Car -1 -1 -0.3228 793.6801 146.4271 907.0347 181.0619 1.5332 1.6827 4.5896 10.8790 0.3633 32.7934 -0.0052 0.0565
Car -1 -1 1.7228 740.7604 173.6633 785.6265 203.8000 1.4863 1.6807 4.3211 8.1509 1.5316 38.0287 1.9319 0.0502