Car -1 -1 1.2875 773.4683 193.8904 946.6894 300.8551 1.4212 1.6482 4.1657 4.0934 1.8474 12.5165 1.5955 0.9551
Car -1 -1 4.5601 726.0499 187.5791 817.7030 253.3471 1.4122 1.6417 4.2186 4.0499 1.8359 18.6104 4.7702 0.9086
Car -1 -1 4.5905 715.5015 183.8232 776.2201 233.1204 1.4518 1.5515 3.2955 4.4044 1.8377 23.6921 4.7712 0.8780
Car -1 -1 4.1581 874.4067 192.2285 1242.0000 375.0000 1.4541 1.5868 3.4467 3.5881 1.6566 5.7987 4.6886 0.8661
Car -1 -1 2.2225 0.0000 211.1227 314.0949 375.0000 1.4114 1.4819 3.3260 -2.8633 1.6859 3.5095 1.5740 0.8379
Car -1 -1 4.8488 424.4576 166.7625 542.4388 264.1841 1.7010 1.7398 4.5000 -2.4130 1.5946 14.8673 4.6898 0.8358
Car -1 -1 1.7164 486.1594 184.1900 559.6903 242.6206 1.4424 1.5378 3.5714 -2.3504 1.7901 20.3226 1.6019 0.8086
Car -1 -1 1.6600 554.0815 179.2073 594.4312 211.0975 1.4831 1.6744 4.0784 -1.7276 1.8223 36.4544 1.6124 0.7645
Car -1 -1 4.5922 683.1156 180.1026 725.7952 215.6075 1.5992 1.6159 3.7008 4.5632 1.9706 35.1132 4.7197 0.7600
Car -1 -1 4.5323 694.7341 181.3728 747.2257 220.1348 1.5050 1.5743 3.5682 4.6640 1.8879 30.6176 4.6814 0.6454
Car -1 -1 4.5588 440.5989 149.1569 494.6711 188.6363 1.4426 1.5717 3.4199 -5.6052 0.5767 28.2414 4.3645 0.4316
Car -1 -1 3.7588 36.4387 175.9582 315.2373 282.8139 1.5776 1.5833 3.6314 -6.8926 1.6319 11.6655 3.2347 0.4025
Car -1 -1 1.4675 676.5357 176.7943 711.3411 206.6032 1.5865 1.5658 3.7671 4.7250 1.8196 40.7944 1.5815 0.3456
Car -1 -1 4.6017 575.7070 169.3713 598.6329 188.1558 1.6395 1.6328 3.9966 -2.0487 1.3355 65.0698 4.5701 0.2613
Car -1 -1 1.4677 660.0536 179.7612 687.8819 201.9679 1.5320 1.6339 3.9248 4.6917 2.0581 52.9805 1.5551 0.1231
Car -1 -1 1.4987 655.7471 183.1328 676.4977 201.5888 1.5205 1.5446 3.8110 4.9489 2.4520 63.4794 1.5756 0.1012
Car -1 -1 2.0509 632.8657 181.6097 680.7648 205.5614 1.5505 1.6609 4.0465 3.3471 2.1888 50.4474 2.1162 0.0868
Car -1 -1 4.4221 665.5625 171.8291 707.2206 196.7982 1.5711 1.6466 3.9943 5.0075 1.5066 47.5165 4.5261 0.0858
Car -1 -1 1.2264 670.9403 170.7035 707.9175 192.2639 1.6547 1.6306 4.1226 6.3264 1.4897 57.5720 1.3349 0.0835
Car -1 -1 4.5636 465.8821 156.6035 511.3324 189.5316 1.4589 1.5770 3.7109 -5.7435 0.7389 33.9775 4.3972 0.0817
Car -1 -1 1.5521 669.8818 174.8192 695.7820 199.5105 1.6109 1.6849 4.2444 4.9982 1.7520 49.6051 1.6515 0.0752
Car -1 -1 -0.1869 677.0565 170.2038 737.8330 195.8032 1.6113 1.6340 3.6248 6.2550 1.4445 46.3303 -0.0539 0.0734
Car -1 -1 1.4642 658.6669 177.6180 694.3712 207.4154 1.5889 1.6032 3.9748 3.7667 1.8736 41.1152 1.5544 0.0729
Car -1 -1 3.4335 673.5859 171.9055 727.8690 192.6085 1.5722 1.6200 3.9033 7.1148 1.5001 56.3239 3.5582 0.0728
Car -1 -1 1.6692 543.6766 182.8457 616.3197 244.1102 1.4616 1.6051 3.9307 -0.7183 1.7647 19.8808 1.6326 0.0665
Car -1 -1 4.3347 695.8581 170.3521 740.3988 193.6914 1.4974 1.5933 3.9776 7.2301 1.3369 48.4104 4.4817 0.0638
Car -1 -1 1.7740 570.9507 180.0339 608.0302 206.2706 1.5232 1.5748 3.8004 -1.2071 1.9910 44.9981 1.7468 0.0634
Car -1 -1 4.4378 488.1957 153.9054 535.7755 184.8169 1.5952 1.6151 3.7242 -5.3555 0.6173 39.2646 4.3029 0.0627
Car -1 -1 3.0297 665.5650 179.9486 719.7725 201.5661 1.5011 1.6246 3.6795 5.8957 2.0150 51.4506 3.1426 0.0626
Car -1 -1 1.5991 675.4495 173.5119 704.7676 200.7660 1.6019 1.6903 3.9851 5.0168 1.6445 44.6009 1.7099 0.0615
Car -1 -1 -0.4107 445.7682 156.2398 562.9136 197.0272 1.4866 1.6293 4.2136 -4.0638 0.8810 28.0978 -0.5533 0.0612
Car -1 -1 4.7850 440.7508 149.8156 490.6435 192.6582 1.4712 1.5197 3.9751 -5.2805 0.6801 26.8423 4.5924 0.0607
Car -1 -1 0.9303 1138.5724 167.5767 1242.0000 352.6433 1.4455 1.5277 3.2832 7.2216 1.4042 7.3543 1.6864 0.0605
Car -1 -1 4.9238 515.8447 161.1758 551.2383 188.6117 1.7723 1.6258 3.6887 -5.0702 1.0179 48.5313 4.8200 0.0579
Car -1 -1 1.5399 662.0316 175.0342 689.0034 199.8929 1.5852 1.6693 4.2967 4.4008 1.7387 48.5907 1.6293 0.0564
Car -1 -1 3.7775 405.0652 146.5608 515.7065 187.4725 1.4637 1.5369 3.9715 -5.6641 0.5230 27.3460 3.5750 0.0524
Car -1 -1 1.5711 678.0900 180.2274 709.5364 209.2953 1.4665 1.6240 3.8616 4.6004 1.8901 39.4344 1.6858 0.0523
Car -1 -1 4.5325 498.0433 153.4095 539.0759 182.4016 1.5821 1.6474 4.0302 -5.2870 0.5210 41.5432 4.4065 0.0512