Car -1 -1 4.7741 834.1690 177.9416 939.0427 273.9173 1.5082 1.6147 3.5507 5.2702 1.6172 13.4960 5.1382 0.8758
Car -1 -1 1.7543 687.7838 176.5267 739.8915 211.7725 1.5089 1.6674 4.1767 4.9180 1.6913 33.6023 1.8979 0.8640
Car -1 -1 1.6289 740.6619 176.7719 768.5690 200.6846 1.5525 1.6542 4.1262 10.0410 1.8348 49.7740 1.8264 0.5737
Car -1 -1 4.6523 850.4818 206.9853 992.7024 341.4832 1.4000 1.5810 3.4749 4.2984 1.9804 10.3721 5.0337 0.3130
Car -1 -1 1.0377 812.9069 176.1638 868.5454 203.3060 1.4813 1.4583 3.5410 13.3084 1.6813 41.7271 1.3440 0.2754
Car -1 -1 1.5484 882.4406 171.5569 908.1056 194.3799 1.5654 1.6071 4.0213 20.4152 1.4764 51.6535 1.9225 0.1794
Car -1 -1 1.8324 729.5083 175.7716 771.5270 203.1222 1.7060 1.7028 4.2034 9.3729 1.9083 47.7521 2.0246 0.1692
Car -1 -1 3.3972 833.9214 168.2909 915.1347 197.2248 1.5268 1.6502 3.9247 14.6166 1.2860 39.8692 3.7459 0.1584
Car -1 -1 1.3326 879.9360 163.4285 934.8975 195.9560 1.6009 1.6479 4.4163 15.5239 1.1370 37.8183 1.7191 0.1411
Car -1 -1 4.1976 701.0426 168.9398 739.0177 187.9150 1.6316 1.6115 3.9225 9.7831 1.2951 64.1635 4.3479 0.1372
Car -1 -1 1.7016 761.1046 175.7291 784.3016 193.8873 1.5558 1.5398 3.8412 14.6188 1.8212 64.5455 1.9230 0.1289
Car -1 -1 2.1292 829.3815 174.9934 897.8414 204.0207 1.5878 1.6850 4.3722 14.7487 1.7178 41.7924 2.4658 0.1055
Car -1 -1 4.4172 837.9023 172.9602 889.1144 201.6405 1.5375 1.6369 3.9337 14.2510 1.5438 40.6923 4.7514 0.0968
Car -1 -1 2.6189 879.3539 171.4773 940.7482 193.2372 1.4921 1.6045 3.6560 21.0120 1.3977 50.5108 3.0107 0.0923
Car -1 -1 4.5879 873.8960 167.2919 901.3189 186.6816 1.5628 1.6784 3.7022 23.1425 1.1145 60.1535 4.9533 0.0861
Car -1 -1 4.7690 874.6455 169.5412 909.8482 198.2018 1.5183 1.6188 3.9926 15.8544 1.3428 40.3749 5.1404 0.0849
Car -1 -1 2.8155 720.7208 177.0227 783.8459 200.2721 1.5384 1.6224 3.9071 9.7057 1.8287 49.1877 3.0087 0.0843
Car -1 -1 -0.2681 804.7752 176.0808 880.1659 202.7884 1.5098 1.4917 3.9004 13.4539 1.7005 41.8123 0.0407 0.0785
Car -1 -1 1.8293 674.2687 175.0140 735.9795 214.3973 1.6153 1.6830 4.2938 4.3297 1.7185 32.1531 1.9614 0.0732
Car -1 -1 4.6840 725.4078 199.3545 852.6467 327.0110 1.4511 1.5712 3.6891 2.6330 1.9265 10.9806 4.9117 0.0682
Car -1 -1 1.4337 924.3605 175.5679 985.3275 215.3272 1.4451 1.6253 4.0236 13.6344 1.5611 28.6826 1.8731 0.0671
Car -1 -1 -0.3170 855.5590 173.7174 917.5020 195.9536 1.5377 1.6036 3.7623 19.4824 1.5996 50.8530 0.0466 0.0663
Car -1 -1 1.5384 742.9263 176.8789 771.7850 202.7563 1.5562 1.6683 4.1433 9.4304 1.8264 46.2517 1.7378 0.0661
Car -1 -1 1.4029 842.2943 190.1856 1067.7012 371.6911 1.5811 1.6737 4.1308 3.9211 1.8480 8.9090 1.8040 0.0657
Car -1 -1 1.6660 790.2306 177.7652 821.1887 201.3612 1.4626 1.6220 3.8251 12.9894 1.8011 47.6627 1.9301 0.0625
Car -1 -1 1.6049 879.6516 175.4579 906.9432 199.2027 1.5605 1.6319 4.1646 19.7492 1.7496 50.1453 1.9777 0.0625
Car -1 -1 3.0964 879.2598 167.9660 957.2150 197.9448 1.5579 1.6322 3.7891 16.5729 1.3039 38.9189 3.4959 0.0619
Car -1 -1 0.8640 782.8652 182.4862 859.2601 212.8212 1.4768 1.6378 4.1313 11.2785 2.0238 38.7548 1.1446 0.0618
Car -1 -1 5.1231 677.0605 169.2891 716.0922 189.6995 1.5556 1.6297 3.9413 6.9215 1.2839 57.1034 5.2428 0.0602
Car -1 -1 1.1250 860.6577 173.4245 907.5752 195.7707 1.5163 1.5421 3.9531 19.3820 1.5583 51.0987 1.4853 0.0597
Car -1 -1 0.9170 749.3056 176.3533 811.0066 201.3829 1.4914 1.6429 4.1137 10.7689 1.7244 45.8248 1.1459 0.0579
Car -1 -1 2.6976 807.4105 176.1875 879.0660 203.1593 1.4846 1.5168 3.5632 13.2361 1.6783 40.9482 3.0077 0.0545
Car -1 -1 -0.3252 846.4050 165.0247 940.6689 196.5432 1.6440 1.6864 4.3798 15.1219 1.2357 38.5784 0.0455 0.0519
Car -1 -1 1.7407 756.5386 180.4785 784.0259 200.0766 1.5486 1.6065 4.0477 13.5921 2.2150 60.8851 1.9589 0.0518
Car -1 -1 1.5748 883.2054 174.4284 909.6766 198.0098 1.5173 1.6021 3.7026 19.3656 1.6280 48.7128 1.9507 0.0514
Car -1 -1 4.8133 715.3502 171.8228 738.0829 189.7727 1.6233 1.6933 4.1277 10.9826 1.5301 67.4665 4.9737 0.0513
Car -1 -1 1.6222 779.0704 179.0586 807.1614 202.3195 1.4723 1.6519 3.8974 12.4710 1.9109 48.8979 1.8700 0.0509
Car -1 -1 1.6724 821.7961 181.3402 861.2449 211.9402 1.5112 1.6327 4.0986 12.5997 1.9965 39.0606 1.9817 0.0506