Car -1 -1 4.3907 758.8001 191.9247 1109.2955 375.0000 1.4463 1.6836 4.3059 2.7431 1.6960 7.2731 4.7366 0.9516
Car -1 -1 -0.2742 747.1726 177.9702 864.3806 222.0208 1.4166 1.5219 3.5050 6.5141 1.5936 24.1734 -0.0146 0.9155
Car -1 -1 3.3633 285.6259 170.0184 449.2016 229.4270 1.4760 1.5597 3.8019 -6.2280 1.4056 18.8799 3.0484 0.9014
Car -1 -1 0.4880 0.0000 180.0493 341.9130 318.5464 1.4682 1.6249 4.1852 -5.6155 1.5646 8.7081 -0.0713 0.9011
Car -1 -1 2.7811 769.3698 178.2372 974.8931 243.7881 1.4265 1.5643 4.1789 5.9614 1.5570 16.6686 3.1183 0.8228
Car -1 -1 2.9832 687.3911 174.9150 774.8348 205.4916 1.4961 1.7023 4.1158 6.0602 1.6022 36.2829 3.1469 0.7971
Car -1 -1 2.8959 736.9800 171.4492 850.6368 213.0025 1.4798 1.5952 3.7654 6.7028 1.4297 26.4944 3.1406 0.7753
Car -1 -1 3.3634 322.9253 175.5957 485.0648 227.3887 1.4571 1.5375 4.3608 -5.9604 1.5413 21.2661 3.0928 0.7581
Car -1 -1 -0.3352 862.3441 182.3337 1141.6311 274.0840 1.4076 1.5741 3.8898 6.5064 1.5835 12.3366 0.1396 0.6379
Car -1 -1 0.4345 122.0876 139.3692 418.9933 261.3245 1.7798 1.7188 3.8940 -5.1953 1.2911 11.4200 0.0159 0.6182
Car -1 -1 4.6643 634.8048 170.9523 661.3258 194.3154 1.5853 1.6731 4.0590 2.6840 1.4563 50.9940 4.7163 0.5294
Car -1 -1 3.3771 393.2796 174.5190 511.9163 218.1887 1.5161 1.5912 3.9048 -5.5858 1.5780 25.9593 3.1668 0.4814
Car -1 -1 3.8688 0.0000 151.9363 52.4603 367.2882 1.5847 1.6102 3.6509 -7.3779 1.4307 6.3176 3.0272 0.4416
Car -1 -1 4.7814 474.4746 162.8800 515.6503 197.9193 1.4656 1.5505 3.6427 -5.0341 1.0484 32.0620 4.6266 0.4316
Car -1 -1 3.2895 480.5091 171.0490 550.2726 195.2827 1.4636 1.5980 4.0660 -5.7600 1.3546 44.4155 3.1610 0.3205
Car -1 -1 2.9205 841.6387 168.3207 917.0526 192.0875 1.4328 1.6471 4.1013 16.6148 1.1595 44.5880 3.2748 0.2798
Car -1 -1 4.8931 490.1758 168.2975 535.2690 198.2351 1.4625 1.6206 3.9234 -4.9390 1.2399 37.2473 4.7619 0.2722
Car -1 -1 1.4094 544.6927 165.0926 569.4080 182.2338 1.5502 1.6599 4.1372 -4.9404 0.8483 67.4585 1.3364 0.2569
Car -1 -1 3.1872 423.8389 164.5967 519.4938 198.6132 1.4010 1.5172 3.9099 -5.8194 1.0609 30.7421 3.0014 0.2390
Car -1 -1 2.7707 365.9554 160.3189 503.4388 206.0941 1.4557 1.5158 4.3377 -5.9526 1.0571 24.8018 2.5372 0.2338
Car -1 -1 1.2332 906.8998 164.9095 958.6833 192.3744 1.5215 1.5941 3.7023 18.6927 1.0814 41.8798 1.6501 0.2283
Car -1 -1 3.2485 411.8079 173.1673 508.5334 211.2458 1.4477 1.5520 3.5771 -5.8144 1.4604 28.3873 3.0479 0.2026
Car -1 -1 4.7716 519.6721 169.0746 549.5926 194.9770 1.5615 1.6432 3.9090 -4.6821 1.3336 45.4845 4.6693 0.1873
Car -1 -1 2.3257 0.0000 127.1448 59.2374 375.0000 1.4715 1.5532 3.6105 -6.2324 1.2427 5.4686 1.4994 0.1818
Car -1 -1 5.0394 0.0000 177.6639 128.2891 368.8521 1.4608 1.5568 3.9132 -6.5905 1.5263 7.7243 4.3499 0.1491
Car -1 -1 3.3092 444.3976 170.5239 527.8737 200.8165 1.4841 1.6090 3.9072 -6.1379 1.3699 36.1541 3.1419 0.1375
Car -1 -1 0.1524 347.6347 155.0998 421.1507 178.5618 1.4599 1.6104 4.2775 -14.3009 0.3552 46.0079 -0.1475 0.1340
Car -1 -1 2.0372 352.3127 160.2777 451.2657 206.5318 1.4091 1.5408 3.9465 -6.8072 1.0260 24.0656 1.7642 0.1300
Car -1 -1 3.6275 378.9844 154.3973 453.5227 180.6338 1.6609 1.6827 4.4153 -12.5725 0.4925 46.9913 3.3674 0.1274
Car -1 -1 4.5057 547.0393 167.5339 574.7473 187.0483 1.6595 1.6483 3.9866 -4.3157 1.2071 63.5027 4.4379 0.1268
Car -1 -1 4.6001 890.5457 168.9530 923.6949 192.5113 1.5200 1.6191 3.9868 20.0315 1.2683 48.6923 4.9880 0.1251
Car -1 -1 4.5695 339.4769 163.5064 371.5152 187.9350 1.7588 1.7125 4.0408 -19.0929 1.0858 54.1356 4.2318 0.1228
Car -1 -1 4.3742 857.2211 166.9258 907.1736 191.4947 1.4836 1.6824 4.0863 17.1705 1.1257 45.6305 4.7317 0.1192
Car -1 -1 4.5995 851.2521 168.7595 882.6874 192.9483 1.5784 1.5782 3.8856 17.4903 1.3112 49.1527 4.9392 0.1137
Car -1 -1 1.3071 827.9772 173.2028 871.4598 198.7391 1.4821 1.5521 3.8336 14.5482 1.5042 43.8859 1.6249 0.1059
Car -1 -1 3.1171 616.2181 171.0254 672.1757 193.4846 1.5269 1.6394 3.8044 2.3736 1.4026 49.9158 3.1640 0.1014
Car -1 -1 -0.1559 688.0225 166.3579 743.0001 183.8061 1.4651 1.6286 4.4304 8.9901 0.9197 61.4276 -0.0115 0.0992
Car -1 -1 4.8693 523.4631 163.1451 557.2076 187.4741 1.5627 1.6689 3.8166 -4.5909 0.9391 48.3033 4.7748 0.0990
Car -1 -1 5.1197 306.4876 141.6497 390.6490 184.9017 1.5797 1.7064 3.8430 -10.1377 0.4400 28.3269 4.7789 0.0962
Car -1 -1 2.9347 851.8986 166.6831 922.3557 190.7368 1.5572 1.6468 4.1074 18.3505 1.1577 47.8461 3.2986 0.0962
Car -1 -1 4.2094 1061.3953 168.1928 1121.6115 192.9719 1.5562 1.6035 3.8737 31.5182 1.2635 47.3118 4.7940 0.0887
Car -1 -1 2.3119 0.0000 156.8266 90.1369 375.0000 1.5526 1.5824 3.4707 -6.6538 1.4480 6.4713 1.5332 0.0853
Car -1 -1 4.8696 728.9203 167.5746 777.5062 201.9476 1.4719 1.6103 3.7477 6.6068 1.2458 32.9342 5.0655 0.0847
Car -1 -1 4.5608 401.3517 159.0534 433.1451 181.2050 1.5579 1.6462 4.1773 -14.1578 0.5873 52.9882 4.3008 0.0846
Car -1 -1 4.5575 835.4958 169.1373 872.7537 192.9097 1.4403 1.6228 4.0612 15.4871 1.2151 45.8541 4.8810 0.0845
Car -1 -1 4.7505 422.5929 157.8827 450.9070 182.9307 1.5904 1.6723 3.9220 -11.4308 0.6398 47.8985 4.5173 0.0824
Car -1 -1 -0.0062 513.2687 170.7457 579.1667 195.7350 1.5049 1.6425 3.9703 -3.8991 1.3779 44.4558 -0.0935 0.0815
Car -1 -1 5.0768 686.1584 166.6887 722.3740 185.8518 1.5903 1.6825 4.2709 8.1957 1.0786 62.1569 5.2070 0.0799
Car -1 -1 -0.1000 731.9580 166.0558 836.3468 202.3141 1.5315 1.6105 4.2927 7.5580 1.2443 31.5583 0.1326 0.0776
Car -1 -1 2.0098 503.3405 173.1917 556.8146 199.8107 1.5195 1.6011 4.1085 -4.7236 1.5409 43.4472 1.9018 0.0766
Car -1 -1 -0.2902 959.8475 159.7405 1045.3679 186.3460 1.5287 1.6369 4.1456 23.1766 0.7752 42.6793 0.2043 0.0750
Car -1 -1 -0.8073 979.2156 151.9778 1054.1605 177.6939 1.5534 1.6479 4.1713 25.3720 0.2924 44.9822 -0.2965 0.0711
Car -1 -1 1.6244 484.3021 168.2157 521.4052 200.0928 1.4827 1.5907 4.0289 -5.2171 1.2669 35.6390 1.4798 0.0704
Car -1 -1 3.2749 364.5624 164.8201 495.8363 211.1110 1.4524 1.5291 3.9947 -5.7801 1.2003 23.6070 3.0370 0.0703
Car -1 -1 4.6914 368.2049 157.3621 395.4928 181.3194 1.4887 1.6152 3.8170 -14.8315 0.5260 46.9031 4.3866 0.0694
Car -1 -1 -0.3906 1034.5885 162.2121 1121.5543 187.1926 1.5613 1.7087 4.3618 30.0095 0.8962 46.3310 0.1812 0.0690
Car -1 -1 4.4193 985.0076 161.2639 1035.8517 187.5648 1.5137 1.6267 3.8534 24.1402 0.8467 43.5809 4.9221 0.0678
Car -1 -1 4.6040 686.2594 171.0057 728.9990 204.0440 1.6236 1.7425 4.2788 5.0490 1.5328 37.6181 4.7359 0.0669
Car -1 -1 -0.0366 285.6490 141.5808 402.3274 184.8527 1.5745 1.6607 4.1034 -10.1967 0.4366 27.7949 -0.3852 0.0658
Car -1 -1 4.3582 974.3943 152.5711 1026.6611 178.8567 1.5773 1.6449 3.8375 24.4789 0.3602 45.3108 4.8508 0.0639
Car -1 -1 4.6293 333.5280 158.9131 364.8815 185.6223 1.7669 1.6985 4.2945 -18.0900 0.8447 50.0377 4.2839 0.0638
Car -1 -1 1.3864 276.5277 172.9133 419.9644 277.9745 1.4768 1.5692 4.0484 -4.5828 1.4780 12.2860 1.0358 0.0636
Car -1 -1 -0.0298 476.6227 166.0176 567.9323 201.3408 1.4657 1.5706 3.7985 -3.7551 1.1820 30.9986 -0.1497 0.0624
Car -1 -1 4.1217 381.2545 160.2592 449.0682 190.8739 1.6686 1.6688 4.2520 -11.1772 0.9821 41.3518 3.8591 0.0624