Car -1 -1 4.4066 829.6416 171.7298 1170.2069 375.0000 1.5113 1.6166 3.6706 3.2623 1.5036 6.8670 4.8326 0.9415
Car -1 -1 1.8488 837.8911 169.6962 979.2474 257.4012 1.4002 1.5253 3.4989 5.6266 1.3497 13.3646 2.2389 0.4688
Car -1 -1 -1.1806 917.0502 152.0992 995.7719 188.5561 1.5092 1.6846 4.1710 15.3735 0.6500 31.8928 -0.7351 0.4178
Car -1 -1 4.0631 952.1775 0.0000 1242.0000 375.0000 1.5787 1.5848 3.7256 2.6555 1.2975 2.4539 4.8304 0.3719
Car -1 -1 5.0174 867.2861 153.1606 942.4679 193.7276 1.4744 1.6303 3.9180 11.6150 0.7586 28.2526 5.4037 0.2178
Car -1 -1 3.4733 824.9981 159.4804 937.4584 200.3824 1.4686 1.5494 3.7398 10.3804 0.9884 27.6911 3.8282 0.1798
Car -1 -1 -0.4499 842.7828 152.7188 960.8829 192.2450 1.4690 1.6047 3.9024 11.1881 0.7207 27.7542 -0.0705 0.1694
Car -1 -1 4.7249 523.2894 0.0000 1242.0000 375.0000 1.6989 1.6344 3.8030 1.2534 1.3252 3.0752 5.0785 0.1327
Car -1 -1 4.2724 0.0000 0.0000 1242.0000 375.0000 1.7006 1.6575 4.1693 1.8173 1.3573 1.8196 4.9807 0.0989
Car -1 -1 1.1511 962.0133 156.4833 1068.3704 208.8843 1.4741 1.5105 3.5216 12.2984 1.0136 22.1146 1.6528 0.0969
Car -1 -1 -1.0495 982.3240 148.3288 1105.5695 199.7842 1.4927 1.6116 3.8551 13.6145 0.7813 22.5797 -0.5127 0.0883
Car -1 -1 0.9782 986.5894 161.3442 1124.1777 217.8100 1.4771 1.5390 3.6944 12.6545 1.1760 20.7590 1.5190 0.0871
Car -1 -1 0.2114 863.7291 153.0812 988.1507 196.3999 1.4985 1.6225 3.9810 11.6983 0.8145 26.7763 0.6192 0.0831
Car -1 -1 4.5476 892.6415 141.3382 942.2262 176.5715 1.6743 1.6609 3.9358 15.4572 0.1767 36.3952 4.9463 0.0802
Car -1 -1 1.1745 1036.2628 105.6145 1242.0000 260.8398 1.5005 1.5445 3.3594 6.6305 0.8505 8.7879 1.8051 0.0711
Car -1 -1 1.3287 961.3819 159.1170 1059.8029 215.8907 1.5060 1.5827 4.0069 11.6808 1.1416 21.2783 1.8246 0.0705
Car -1 -1 -0.0577 892.3005 148.2378 986.6401 180.9567 1.5379 1.6155 4.1164 16.0911 0.3809 35.4054 0.3658 0.0696
Car -1 -1 -0.8159 934.7993 107.9838 1242.0000 375.0000 1.4998 1.6031 3.9621 3.8604 1.2699 3.3689 -0.0049 0.0608
Car -1 -1 2.5942 834.2764 0.0000 1242.0000 375.0000 1.6428 1.5741 3.8270 2.9175 1.2587 2.7347 3.3601 0.0591
Car -1 -1 2.8180 828.5094 154.7661 950.8298 193.1860 1.5244 1.6419 4.3722 11.3903 0.8067 29.5390 3.1825 0.0568
Car -1 -1 0.0619 994.9090 149.3085 1165.5345 206.3260 1.5203 1.6338 4.0528 13.6694 0.8925 21.0937 0.6305 0.0512
Car -1 -1 -0.2717 912.2902 158.4610 1071.2700 212.0137 1.5253 1.5594 3.9502 11.3753 1.1153 21.7160 0.2050 0.0512
Car -1 -1 4.7015 811.3325 186.2277 859.2134 231.9242 1.4681 1.5572 3.7541 8.2147 1.9946 26.3849 4.9994 0.0503