Car -1 -1 3.4710 290.8323 182.2003 412.9122 228.7737 1.4705 1.5536 3.4898 -8.4651 1.7902 23.8901 3.1336 0.8787
Car -1 -1 1.5293 549.6242 175.8667 582.2731 205.4703 1.4763 1.5733 3.7120 -2.3550 1.6443 38.3021 1.4678 0.8305
Car -1 -1 1.3300 689.8287 170.4091 741.3489 203.5005 1.6108 1.6925 4.0890 5.4027 1.4918 37.2401 1.4725 0.8166
Car -1 -1 0.9855 869.7944 275.3708 1242.0000 375.0000 1.4468 1.5945 3.5245 2.4428 2.1288 3.0019 1.6190 0.3516
Car -1 -1 2.3101 906.7676 301.5042 1242.0000 375.0000 1.4605 1.6197 3.8106 3.3876 2.1029 2.7887 3.1393 0.2578
Car -1 -1 0.4227 0.0000 0.0000 1199.3650 375.0000 1.4754 1.6360 3.9294 2.7008 1.9123 1.6828 1.3585 0.1880
Car -1 -1 3.5799 601.2032 171.3128 647.4082 187.1622 1.4702 1.5846 4.1039 1.3946 1.3272 68.5469 3.5999 0.1615
Car -1 -1 2.1104 720.3649 288.5443 1242.0000 375.0000 1.4491 1.6054 3.6674 2.4427 2.1224 2.7930 2.7753 0.1145
Car -1 -1 0.8133 0.0000 0.0000 1242.0000 375.0000 1.5184 1.6456 4.0056 1.7937 1.7107 1.1216 1.7125 0.1038
Car -1 -1 3.5762 290.1239 168.3365 405.3442 207.2708 1.5807 1.6603 4.2470 -10.9486 1.3973 30.3118 3.2321 0.0978
Car -1 -1 2.2656 561.5356 298.9828 1242.0000 375.0000 1.4708 1.6336 3.8544 1.8744 1.9788 1.8063 2.9891 0.0959
Car -1 -1 2.8147 408.2243 252.5022 1242.0000 375.0000 1.4788 1.6191 4.0401 1.2935 1.9462 3.4169 3.1456 0.0890
Car -1 -1 1.0867 729.6803 238.6603 1242.0000 375.0000 1.4250 1.5559 3.7902 1.8479 1.9520 3.8350 1.5036 0.0871
Car -1 -1 1.6010 541.8026 172.2787 578.9190 208.7339 1.7129 1.7167 4.2413 -2.4030 1.6859 36.0530 1.5344 0.0792
Car -1 -1 1.4396 720.7104 168.8690 756.1114 194.7579 1.5226 1.6197 4.0816 7.8975 1.2882 44.5090 1.6137 0.0792
Car -1 -1 4.5387 1019.1753 221.7403 1242.0000 375.0000 1.4403 1.5694 3.9730 3.2668 1.8552 3.9976 5.1867 0.0766
Car -1 -1 2.4744 1126.0629 148.3902 1242.0000 375.0000 1.5748 1.6445 4.2542 4.3224 1.5547 2.1558 3.5288 0.0734
Car -1 -1 4.4716 668.5432 160.6309 709.5743 187.4820 1.6283 1.6811 3.9900 4.9980 0.8870 45.8431 4.5793 0.0721
Car -1 -1 1.5865 371.2897 172.7896 417.3486 214.3421 1.5082 1.6155 3.9556 -8.3983 1.5058 28.3106 1.3003 0.0711
Car -1 -1 3.7880 403.1802 212.6567 1214.0062 375.0000 1.4526 1.5984 4.1835 0.6176 1.7908 4.0887 3.9241 0.0693
Car -1 -1 1.1603 397.2529 175.4945 483.7215 219.9719 1.4712 1.5920 3.9949 -6.2042 1.5746 26.1895 0.9295 0.0685
Car -1 -1 1.6287 668.7168 168.7692 699.2629 194.4970 1.4986 1.6341 3.8983 4.5853 1.2606 44.0824 1.7313 0.0631
Car -1 -1 4.2138 681.6485 157.9477 722.2383 179.0651 1.6721 1.6815 3.8136 7.5402 0.4918 59.2130 4.3397 0.0592
Car -1 -1 4.0425 1081.5984 200.5312 1242.0000 375.0000 1.5207 1.6498 4.0925 4.5668 1.7575 4.0301 4.8535 0.0535
Car -1 -1 3.2376 676.6249 166.7196 743.7997 191.6523 1.5021 1.6354 3.9867 6.2548 1.1325 44.7270 3.3754 0.0520