Car -1 -1 4.7886 506.6629 177.2517 545.3713 206.8451 1.3714 1.6040 3.4941 -3.7647 1.2206 34.5367 4.6828 0.9152
Car -1 -1 2.5367 989.2035 135.4157 1175.7872 188.8245 1.4887 1.6211 4.3542 13.8095 0.2319 20.5593 3.1229 0.8003
Car -1 -1 1.4668 977.8939 161.2085 1010.5081 184.7572 1.5636 1.5936 3.7234 26.9745 0.2822 48.9730 1.9692 0.2262
Car -1 -1 1.7151 536.8912 182.4299 568.5994 205.1814 1.4730 1.5902 3.9581 -3.4533 1.6095 48.1535 1.6456 0.1760
Car -1 -1 4.1428 1116.3926 144.3358 1183.1057 173.2258 1.8041 1.7108 3.8464 36.2892 -0.5059 47.1434 4.7973 0.1476
Car -1 -1 4.3462 483.9617 165.3209 531.4957 191.2296 1.5142 1.6237 3.8564 -5.9587 0.6267 43.4046 4.2126 0.1429
Car -1 -1 4.3967 969.3467 154.5552 1003.8663 172.9956 1.6359 1.6750 4.0793 35.9985 -0.7308 66.6360 4.8918 0.1246
Car -1 -1 4.7192 988.8419 149.1823 1035.3990 187.2919 1.5109 1.6220 3.7883 17.3526 0.2690 30.0768 5.2398 0.1233
Car -1 -1 2.6805 1126.7333 145.9510 1217.4515 171.1998 1.5763 1.6429 4.3605 37.1435 -0.6266 46.3365 3.3546 0.1079
Car -1 -1 1.3898 1120.1356 157.1125 1191.5063 198.1651 1.5385 1.5833 3.8650 22.1960 0.6618 28.5785 2.0464 0.0952
Car -1 -1 1.7396 525.6541 180.5732 559.6989 203.8856 1.4950 1.6653 3.6587 -4.0610 1.4996 47.2462 1.6560 0.0890
Car -1 -1 4.4756 957.8695 150.5103 1002.4291 178.1127 1.6790 1.6758 3.7960 24.0884 -0.1607 45.4100 4.9623 0.0849
Car -1 -1 0.7066 1139.5286 165.0621 1224.0000 215.2126 1.4251 1.5694 3.6519 19.0085 0.9862 22.0186 1.4132 0.0796
Car -1 -1 1.2979 936.8930 162.0068 1007.1370 198.9446 1.4775 1.6233 4.0860 15.7358 0.7375 30.4458 1.7724 0.0783
Car -1 -1 3.7989 1003.5721 143.8800 1091.9098 177.1115 1.7188 1.7312 3.8902 24.4580 -0.1981 39.1294 4.3556 0.0780
Car -1 -1 3.0642 982.4984 152.7651 1092.9514 191.5528 1.4926 1.5837 3.7092 17.5118 0.4251 28.7491 3.6082 0.0777
Car -1 -1 4.7848 546.7972 177.1424 579.3021 204.5006 1.5663 1.6636 3.8051 -2.4170 1.3737 42.3975 4.7299 0.0713
Car -1 -1 3.8798 1092.9714 145.5287 1167.4803 172.3404 1.6779 1.6637 3.9221 35.3310 -0.5739 47.6036 4.5169 0.0692
Car -1 -1 -0.7740 1137.0697 160.6085 1224.0000 206.8042 1.4545 1.6115 4.1012 20.0926 0.8280 23.2001 -0.0654 0.0679
Car -1 -1 1.4740 1036.8894 147.2039 1152.7509 229.7177 1.5220 1.6114 3.8864 10.3332 0.9077 15.1349 2.0651 0.0672
Car -1 -1 -0.7115 975.0464 162.1188 1080.3115 195.4945 1.4549 1.6177 4.0020 19.1175 0.6533 31.9657 -0.1752 0.0560
Car -1 -1 4.4107 979.6719 143.0394 1117.0048 216.3047 1.4983 1.6027 3.8235 10.1737 0.7321 16.5084 4.9563 0.0551
Car -1 -1 -0.0530 546.4283 176.7249 619.9078 203.4567 1.5184 1.6834 4.1950 -1.2525 1.3036 41.1702 -0.0815 0.0530
Car -1 -1 1.4479 1125.5684 146.3521 1191.5873 186.3849 1.5536 1.6741 4.0117 23.1061 0.2281 29.5911 2.1074 0.0526
Car -1 -1 1.5619 977.6624 163.1827 1006.2044 187.6403 1.5673 1.6172 4.1806 26.0411 0.4571 47.5327 2.0619 0.0522
Car -1 -1 1.3544 948.7573 175.4110 1015.6023 214.3019 1.4750 1.6025 3.8348 15.3450 1.2817 28.8775 1.8399 0.0518
Car -1 -1 4.0927 985.4398 139.6371 1061.1814 171.9248 1.6893 1.6894 3.9885 23.7034 -0.5123 40.1495 4.6244 0.0513
Car -1 -1 4.5208 956.9121 165.0682 1010.3069 197.1349 1.4229 1.5508 3.5772 17.8072 0.7378 33.3106 5.0094 0.0507