Car -1 -1 -0.4724 904.1083 180.7752 1242.0000 298.4786 1.4276 1.5287 3.9707 6.2958 1.5455 9.8050 0.0841 0.9794
Car -1 -1 3.7768 0.0000 190.1262 267.0433 306.1263 1.3959 1.5537 3.6976 -6.8537 1.6501 9.7772 3.1779 0.9384
Car -1 -1 -0.2551 806.5522 193.4482 1006.5924 271.9149 1.4768 1.5462 3.5822 6.0700 1.9351 15.0766 0.1199 0.9235
Car -1 -1 4.6646 636.6877 183.6070 670.0348 213.3361 1.4468 1.5792 4.1800 2.3027 2.0553 38.7308 4.7229 0.9190
Car -1 -1 3.5987 74.5806 197.6110 363.9088 294.8488 1.4612 1.5463 3.9917 -6.3656 1.9032 12.0685 3.1219 0.9113
Car -1 -1 4.2113 821.6101 207.9089 1242.0000 375.0000 1.3377 1.6096 3.6507 2.7931 1.6644 4.8909 4.7032 0.9080
Car -1 -1 -0.2901 716.5215 187.1683 857.7667 233.4200 1.3912 1.5760 4.1220 5.6346 1.8686 23.1613 -0.0552 0.9029
Car -1 -1 3.6284 173.2783 186.7782 386.7698 265.0981 1.4517 1.5623 3.6244 -6.5728 1.7510 14.6029 3.2117 0.8992
Car -1 -1 3.4155 268.1932 185.4768 434.6581 247.8909 1.5401 1.6154 3.8517 -6.7272 1.8905 19.1018 3.0807 0.8681
Car -1 -1 0.6913 0.0000 184.6493 253.6004 371.6365 1.6203 1.7083 4.2876 -6.1300 1.7527 7.2285 0.0059 0.8480
Car -1 -1 3.3284 424.0192 183.5793 512.0068 216.2759 1.4350 1.5713 3.7176 -6.4219 1.9371 32.9827 3.1371 0.7954
Car -1 -1 0.3185 287.4453 162.2474 457.0418 217.7184 1.5978 1.7069 4.5269 -7.0242 1.2923 21.6548 0.0080 0.7911
Car -1 -1 -0.3191 788.9208 189.1642 970.5106 252.2410 1.4352 1.5738 3.8682 6.5182 1.8540 17.6911 0.0276 0.6938
Car -1 -1 -0.4771 853.7195 190.5779 1114.6361 285.3235 1.4703 1.5202 3.6605 6.2468 1.7916 12.2853 -0.0173 0.6909
Car -1 -1 2.9239 718.7866 178.6339 831.9894 219.7359 1.3967 1.4315 3.6644 5.7907 1.6062 25.4422 3.1446 0.6365
Car -1 -1 2.7712 745.9709 191.4541 906.2325 248.0963 1.4680 1.5617 4.0212 6.0184 2.0152 20.2771 3.0548 0.6163
Car -1 -1 3.4429 436.9936 184.2902 525.0078 215.4632 1.4663 1.5212 4.0148 -6.3281 2.0480 35.6879 3.2682 0.5627
Car -1 -1 4.2090 848.7510 174.1133 909.1105 201.2925 1.5252 1.6764 3.8740 15.8736 1.6033 42.7195 4.5622 0.4946
Car -1 -1 0.1769 409.1463 172.2474 476.7119 195.2267 1.4557 1.5887 4.0334 -10.7195 1.4172 46.5977 -0.0483 0.3200
Car -1 -1 1.4379 619.6366 181.9905 647.0590 203.3318 1.4854 1.5561 3.7581 1.7409 2.1917 53.8360 1.4695 0.2995
Car -1 -1 1.6273 723.2268 172.1890 743.0910 189.9247 1.6210 1.6256 4.0210 11.6878 1.5602 68.0871 1.7963 0.2747
Car -1 -1 -0.3423 906.1331 167.3599 988.2091 195.3628 1.5203 1.6747 3.7966 18.7428 1.2220 40.1791 0.0911 0.1619
Car -1 -1 0.9544 0.0000 218.9779 62.5659 375.0000 1.4757 1.5842 3.8877 -6.2698 1.8561 5.0005 0.0831 0.1616
Car -1 -1 1.6560 422.0446 179.7833 456.0441 209.8572 1.5092 1.4813 3.5471 -9.1558 1.9009 38.9287 1.4261 0.1414
Car -1 -1 4.7955 504.2817 177.0537 533.0152 201.1517 1.5030 1.5581 3.9503 -5.9708 1.7923 47.7060 4.6713 0.1377
Car -1 -1 3.3383 463.7768 177.2345 530.4443 201.3566 1.5164 1.6176 4.0127 -7.2258 1.8046 46.5790 3.1848 0.1330
Car -1 -1 1.3239 1178.8584 205.5211 1242.0000 287.7225 1.4407 1.6753 3.9897 14.5875 2.2863 16.5195 2.0375 0.1289
Car -1 -1 4.3432 1178.0281 172.0456 1238.5975 200.3847 1.4761 1.5171 3.0790 32.5267 1.4340 39.2828 5.0308 0.1288
Car -1 -1 2.0542 0.0000 215.5928 42.7729 375.0000 1.4517 1.5724 3.9438 -4.6269 1.7994 3.7469 1.1990 0.1037
Car -1 -1 4.4634 709.4261 173.8728 738.9672 193.8177 1.6476 1.6111 3.7745 9.7751 1.7375 61.7578 4.6192 0.0977
Car -1 -1 1.7726 4.2415 208.9648 117.1362 276.9417 1.4361 1.6643 3.7933 -14.6821 2.5163 19.5138 1.1339 0.0969
Car -1 -1 2.5707 832.9285 174.6029 909.3891 201.7318 1.5064 1.6454 3.8545 15.0116 1.6099 41.4587 2.9154 0.0965
Car -1 -1 4.8721 424.2802 171.2925 459.7850 195.1320 1.5128 1.6610 4.0718 -11.0643 1.4137 47.8749 4.6459 0.0859
Car -1 -1 0.7153 587.6843 183.0833 640.6496 204.7938 1.4826 1.6240 3.7262 0.3147 2.2579 52.8466 0.7207 0.0853
Car -1 -1 2.1707 0.0000 204.4660 186.2642 375.0000 1.5171 1.6721 4.1069 -5.5769 1.8871 6.3187 1.4683 0.0802
Car -1 -1 2.0585 0.0000 193.9321 155.2780 297.0556 1.4591 1.5856 3.6426 -9.8459 1.8926 12.9162 1.4169 0.0788
Car -1 -1 4.6718 290.9087 161.8058 319.1184 186.6652 1.6565 1.6565 3.8773 -21.2094 0.9203 50.1850 4.2737 0.0785
Car -1 -1 2.2536 633.1358 181.8134 682.7753 203.7122 1.4944 1.6149 3.7529 3.5657 2.1732 52.7383 2.3202 0.0734
Car -1 -1 1.9623 391.7627 182.4821 451.9415 213.8221 1.4855 1.6197 3.9998 -9.6985 2.0149 37.5800 1.7110 0.0725
Car -1 -1 0.2196 79.2563 184.6310 335.3330 271.7916 1.5270 1.6070 4.1803 -7.7534 1.7826 14.3306 -0.2690 0.0722
Car -1 -1 4.9769 433.7983 170.2164 463.9532 188.6304 1.5855 1.6374 3.9457 -14.2422 1.3584 64.1349 4.7591 0.0702
Car -1 -1 1.5219 505.1448 182.5089 534.8117 208.7131 1.4975 1.6339 4.1506 -5.6297 2.1293 45.0293 1.3978 0.0696
Car -1 -1 4.3989 823.9980 191.7257 979.8419 287.4796 1.4415 1.6051 3.5421 5.2279 1.8389 13.3846 4.7627 0.0692
Car -1 -1 -0.0413 782.4230 186.2136 960.7096 247.1630 1.4909 1.6196 4.3982 7.0239 1.8816 19.6856 0.2959 0.0667
Car -1 -1 1.0669 468.0901 185.3747 525.8472 212.0981 1.4645 1.6827 4.0997 -6.8600 2.2595 43.6789 0.9116 0.0662
Car -1 -1 0.0302 490.6977 177.5430 547.3654 201.6688 1.5029 1.5766 3.5460 -5.7737 1.8097 46.2670 -0.0937 0.0656
Car -1 -1 5.0142 483.8589 184.2453 537.2108 216.7012 1.4996 1.6148 3.8611 -4.9861 2.1129 36.8078 4.8799 0.0648
Car -1 -1 4.5493 711.4962 175.9322 773.5215 218.0336 1.4535 1.6335 4.1570 4.9414 1.5789 27.3054 4.7259 0.0647
Car -1 -1 1.7449 676.0645 196.9317 730.2239 237.7714 1.4524 1.6600 3.3101 3.8947 2.5026 29.6427 1.8733 0.0637
Car -1 -1 1.7359 617.9371 181.2193 649.1416 203.3168 1.4807 1.6001 4.1146 1.7741 2.1108 52.1700 1.7692 0.0628
Car -1 -1 4.5051 349.6004 160.4021 380.8503 182.0722 1.6543 1.6380 3.5965 -19.3427 0.7037 57.0480 4.1795 0.0620
Car -1 -1 2.4317 0.0000 215.0159 89.8620 375.0000 1.4756 1.6250 4.0315 -5.6156 1.8647 4.6357 1.5795 0.0615
Car -1 -1 1.6989 404.3595 180.6129 448.2511 212.0027 1.4384 1.6260 3.9743 -9.1195 1.8494 36.1545 1.4532 0.0610
Car -1 -1 0.7144 0.0000 196.5617 169.9642 375.0000 1.5460 1.6921 4.2626 -6.3432 1.7769 6.0239 -0.0747 0.0604
Car -1 -1 -0.7582 856.1578 173.9011 928.8675 200.3283 1.4733 1.6335 3.8634 16.4024 1.5362 41.8301 -0.3873 0.0591
Car -1 -1 1.3376 707.2043 193.4828 768.3524 236.2202 1.4999 1.6329 3.4675 5.0509 2.3749 28.8239 1.5084 0.0585
Car -1 -1 2.9496 602.9969 181.8859 657.4081 203.1459 1.4978 1.5999 3.7473 1.4942 2.1732 52.8614 2.9772 0.0577
Car -1 -1 3.0242 714.1562 174.5279 758.8185 192.8714 1.5109 1.6114 3.5217 10.6146 1.6534 60.4983 3.1967 0.0574
Car -1 -1 5.1380 454.8354 164.7452 500.2817 188.8713 1.6932 1.6925 4.1885 -9.6159 1.1241 52.8760 4.9587 0.0569
Car -1 -1 5.0776 438.9149 168.4978 470.1343 184.9472 1.5039 1.5967 3.8692 -14.5725 1.1056 68.0011 4.8671 0.0559
Car -1 -1 1.3266 780.2006 187.0276 900.4732 268.0687 1.5591 1.6731 3.9837 5.1474 1.9255 16.6230 1.6209 0.0548
Car -1 -1 4.6451 651.4119 177.9275 674.0228 197.9396 1.5722 1.5978 3.9455 4.3646 2.0056 59.6629 4.7173 0.0536
Car -1 -1 5.0592 315.5761 157.3069 368.8596 187.4597 1.6951 1.7103 3.8987 -15.6803 0.8211 42.5148 4.7077 0.0531
Car -1 -1 0.3068 279.4691 155.2716 365.6300 185.7617 1.7285 1.6740 4.3442 -16.6032 0.7317 41.8879 -0.0685 0.0528
Car -1 -1 1.7456 655.6171 180.7186 686.5068 202.6898 1.4751 1.5933 3.7065 4.4550 2.0622 51.8667 1.8303 0.0525
Car -1 -1 1.6547 718.3181 172.7021 739.8565 189.8620 1.5338 1.6230 4.1764 11.0790 1.5202 66.7146 1.8182 0.0522
Car -1 -1 4.2734 622.9637 179.1094 664.0236 198.8275 1.5299 1.7262 4.3068 2.7640 2.0682 59.7738 4.3189 0.0521
Car -1 -1 1.2976 789.4297 186.1171 895.1884 252.5685 1.5480 1.6303 4.2615 6.2353 1.9518 19.8187 1.5973 0.0519
Car -1 -1 1.5679 648.1311 176.4752 667.2704 195.4786 1.6260 1.6567 4.1185 4.3050 1.9610 64.6481 1.6337 0.0518
Car -1 -1 2.0379 506.4246 185.7326 559.8493 212.2509 1.4667 1.6396 3.9554 -4.6160 2.2925 44.1261 1.9338 0.0517
Car -1 -1 4.5994 1129.1492 171.0979 1174.1329 200.2209 1.5165 1.5627 3.5477 29.6146 1.4251 39.4984 5.2389 0.0512