Car -1 -1 1.8027 465.7562 183.7624 541.5183 230.0589 1.3853 1.6578 4.0568 -3.5199 1.7900 24.6726 1.6618 0.9382
Car -1 -1 4.6669 612.7531 176.4467 652.6730 213.2274 1.4450 1.5226 3.2032 0.9275 1.6037 30.2746 4.6966 0.8535
Car -1 -1 1.7188 508.6432 177.3281 560.5381 215.0516 1.5142 1.6580 4.1241 -3.2064 1.7229 31.5592 1.6178 0.5100
Car -1 -1 1.8574 641.5898 175.3528 675.3671 195.6279 1.5653 1.6378 4.1017 4.0016 1.7754 58.4564 1.9250 0.1406
Car -1 -1 3.0424 611.5850 181.0567 664.9573 204.2807 1.5685 1.6420 3.5722 1.9759 2.1511 50.3153 3.0809 0.1211
Car -1 -1 2.0946 490.2895 170.3312 537.8889 193.4585 1.4697 1.5300 3.5958 -6.2804 1.3094 47.8061 1.9644 0.1030
Car -1 -1 1.6036 534.0611 177.5774 562.7123 203.9169 1.4820 1.5815 4.0372 -3.6379 1.7795 43.3909 1.5200 0.0952
Car -1 -1 4.8504 477.2910 170.0525 511.7262 195.9526 1.5459 1.6157 3.7253 -7.1218 1.3787 44.9451 4.6938 0.0816
Car -1 -1 4.2961 637.6340 174.1678 671.0297 191.3282 1.4792 1.5659 3.8271 3.9719 1.6005 64.5778 4.3569 0.0812
Car -1 -1 3.5951 455.2610 185.8458 555.7922 223.6113 1.4814 1.6306 3.9032 -4.4027 2.0575 30.6218 3.4529 0.0733
Car -1 -1 0.4903 472.9522 178.5174 575.2205 215.4941 1.5156 1.6736 4.1452 -3.7391 1.7755 31.5785 0.3728 0.0593
Car -1 -1 1.8196 432.9994 177.5770 489.7689 211.5760 1.4631 1.6232 4.1201 -6.8478 1.6977 33.7316 1.6204 0.0543
Car -1 -1 4.8606 507.6494 167.6526 537.0749 189.5499 1.5408 1.6016 3.6791 -6.3236 1.1748 52.6327 4.7414 0.0535
Car -1 -1 2.6114 640.4022 174.4063 691.3483 194.2464 1.5251 1.6110 3.7271 4.4713 1.6516 57.2457 2.6885 0.0530
Car -1 -1 3.5224 461.2209 170.4188 524.3796 193.8827 1.4918 1.5660 3.7522 -7.5981 1.3370 47.0493 3.3628 0.0517