Car -1 -1 1.7593 375.9025 192.2817 517.4279 287.7018 1.4224 1.7654 4.7065 -2.9479 1.8654 14.0858 1.5558 0.9550
Car -1 -1 4.6498 600.1381 198.0273 623.0139 217.0401 1.5001 1.7909 3.9912 0.1493 3.8181 64.3939 4.6514 0.3625
Car -1 -1 -0.1343 586.4875 198.7168 628.7561 217.5405 1.5456 1.8660 3.5069 -0.1908 3.8676 63.6139 -0.1380 0.3573
Car -1 -1 0.0615 640.6927 199.8171 689.0888 219.5363 1.6005 1.6482 4.0981 4.8230 3.9830 62.6591 0.1372 0.2061
Car -1 -1 1.5113 496.9759 192.4666 519.1936 212.0189 1.5803 1.7413 3.7412 -9.0753 3.3839 64.3484 1.3712 0.1887
Car -1 -1 1.2714 642.8643 202.7714 697.9177 235.2054 1.4040 1.8332 3.4712 3.0303 3.0009 36.6193 1.3524 0.1654
Car -1 -1 1.6679 495.6977 192.2288 520.1179 212.9134 1.6487 1.7545 3.7416 -8.8416 3.3912 62.9878 1.5285 0.1649
Car -1 -1 1.4430 622.4494 201.4550 666.5090 234.2546 1.4159 1.7672 3.4189 1.6935 2.9141 36.0205 1.4887 0.0934
Car -1 -1 1.5232 485.8171 192.4396 508.5683 213.3814 1.6339 1.7563 3.7628 -9.6960 3.3742 62.0921 1.3684 0.0854
Car -1 -1 0.1323 480.7090 193.0087 523.3565 211.5055 1.5561 1.7307 3.5164 -9.4423 3.3558 63.5379 -0.0152 0.0779
Car -1 -1 -0.1955 597.5162 199.2487 648.2327 219.7324 1.6746 1.6082 4.2051 1.1507 4.0274 63.1530 -0.1782 0.0738
Car -1 -1 1.3438 651.8120 198.5161 709.4581 234.2349 1.4372 1.8412 4.0623 3.2969 2.7308 34.2356 1.4381 0.0690
Car -1 -1 -0.5671 518.3915 178.5520 777.3497 295.2946 1.5595 1.5211 3.8776 0.6574 1.6623 11.4093 -0.5124 0.0627
Car -1 -1 0.3196 466.4961 190.9012 516.7823 210.8496 1.6078 1.6710 3.8903 -10.0055 3.1702 61.3328 0.1581 0.0561
Car -1 -1 4.6803 591.4122 197.0633 613.6016 216.4456 1.5273 1.8298 3.7066 -0.6482 3.7203 63.4702 4.6694 0.0535