Car -1 -1 -0.4221 960.8898 159.5699 1122.6787 207.4173 1.5173 1.6267 4.2828 14.4216 0.8534 23.4942 0.1241 0.9282
Car -1 -1 1.8339 228.4160 181.0152 302.1974 226.8917 1.7807 1.7104 4.2899 -14.1391 1.8037 29.7556 1.3960 0.8116
Car -1 -1 1.5478 440.6839 175.3874 473.4359 202.8713 1.3970 1.6386 4.0901 -7.9645 1.1368 38.1162 1.3452 0.7898
Car -1 -1 5.4878 0.0000 183.3013 297.0379 370.0000 1.5180 1.5694 3.8639 -3.2353 1.5395 3.4629 4.7827 0.6316
Car -1 -1 4.8901 11.2687 189.2077 58.4178 215.5830 1.5073 1.6314 3.6489 -35.1284 2.0698 43.7155 4.2183 0.3471
Car -1 -1 5.1196 239.3763 170.8866 299.3262 197.7129 1.4150 1.5568 3.9418 -18.5147 0.9076 39.2869 4.6841 0.3143
Car -1 -1 3.6983 325.4406 174.9958 399.1293 203.2886 1.5796 1.6338 3.7132 -13.8979 1.2719 40.6957 3.3733 0.2830
Car -1 -1 1.9200 353.9067 173.2615 403.3746 201.6505 1.5805 1.5921 3.6100 -13.0754 1.1771 41.2020 1.6167 0.2540
Car -1 -1 -0.1730 959.4810 139.8001 1077.3042 176.8009 1.6799 1.7001 4.6645 19.8039 -0.1867 34.0245 0.3519 0.2017
Car -1 -1 5.3229 0.0000 192.3461 96.7295 237.1465 1.4311 1.6309 4.5344 -21.0781 1.9072 26.1202 4.6514 0.1907
Car -1 -1 4.3631 1002.2320 149.0628 1128.1217 210.2459 1.4706 1.5916 3.8119 12.2276 0.7148 19.0274 4.9285 0.1898
Car -1 -1 -0.3093 972.9050 151.6083 1165.6692 213.8260 1.4866 1.5966 3.8268 11.7745 0.7961 18.1574 0.2598 0.1424
Car -1 -1 4.8241 961.9158 146.0708 1009.0920 178.2744 1.5031 1.6318 4.1832 19.1859 -0.1189 35.4876 5.3178 0.1230
Car -1 -1 1.3272 365.8578 182.1912 403.3382 205.2674 1.5381 1.6162 3.9344 -15.4109 1.6611 49.5366 1.0290 0.1140
Car -1 -1 1.7851 0.0000 190.2270 45.6151 220.2469 1.5857 1.6003 4.1164 -33.8715 2.1791 40.9666 1.0995 0.1050
Car -1 -1 1.6287 357.4770 183.7171 383.9203 205.5061 1.5096 1.5931 4.0048 -17.0435 1.7543 51.7555 1.3140 0.0932
Car -1 -1 4.1623 831.5230 156.6114 906.7985 190.1620 1.5454 1.6562 3.8875 12.8920 0.4447 34.6350 4.5175 0.0929
Car -1 -1 -0.4865 1025.3828 151.9651 1139.2141 184.6362 1.5001 1.6282 4.1941 22.5701 0.1896 33.4924 0.1039 0.0785
Car -1 -1 3.8318 853.8944 148.9059 913.9500 175.3470 1.6957 1.6665 3.5450 18.9735 -0.3650 48.0620 4.2075 0.0781
Car -1 -1 1.1408 1045.9293 167.4820 1207.7587 238.0748 1.4804 1.5896 3.8744 12.2452 1.2072 16.8797 1.7610 0.0762
Car -1 -1 5.1353 0.0000 187.4634 349.0051 370.0000 1.5073 1.7022 4.2688 -3.2878 1.5804 5.2108 4.6010 0.0761
Car -1 -1 5.0226 233.4517 170.5689 288.7310 198.4054 1.4866 1.6217 4.0585 -19.2633 0.9559 39.8807 4.5775 0.0741
Car -1 -1 4.2914 0.0000 193.1445 54.6194 251.1208 1.4469 1.6843 4.1124 -17.6715 1.8333 19.9871 3.5769 0.0731
Car -1 -1 5.3619 278.3411 168.6414 444.4850 244.4229 1.4955 1.5377 3.7928 -5.3098 1.2613 15.9967 5.0492 0.0692
Car -1 -1 2.9607 951.9656 170.8106 1073.3126 207.7263 1.4545 1.6098 4.1265 16.8065 1.0725 29.2994 3.4784 0.0668
Car -1 -1 1.7458 232.6431 168.2561 281.6541 198.4147 1.5224 1.6329 4.1676 -18.5287 0.9040 37.9188 1.2965 0.0667
Car -1 -1 -0.3746 1016.4698 164.2102 1224.0000 227.9250 1.4563 1.6336 4.1661 12.7662 1.0838 17.4670 0.2496 0.0640
Car -1 -1 3.7689 854.4359 151.2981 932.2650 180.8680 1.5045 1.5785 3.6261 15.4563 0.0184 37.9301 4.1548 0.0631
Car -1 -1 1.9152 338.1662 183.4151 381.3662 205.5728 1.4557 1.5723 3.9469 -16.8578 1.6653 48.9600 1.5872 0.0619
Car -1 -1 1.7327 0.0000 193.0835 51.9874 226.8934 1.5093 1.6577 4.0962 -29.0398 2.1776 35.3814 1.0514 0.0607
Car -1 -1 5.3904 5.3722 189.5716 82.2225 216.6233 1.5319 1.6257 3.8366 -34.1796 2.1114 43.2636 4.7269 0.0597
Car -1 -1 1.9452 190.0928 169.1905 254.1735 205.6413 1.9169 1.6649 4.2899 -21.1873 1.3218 39.4079 1.4570 0.0597
Car -1 -1 1.9820 264.9822 169.4628 317.3397 195.8962 1.7786 1.8188 4.2024 -21.9073 1.0355 49.6756 1.5707 0.0591
Car -1 -1 1.1148 949.4819 146.3148 1086.2686 209.5952 1.5072 1.6174 3.7373 10.7909 0.6928 18.7547 1.6315 0.0572
Car -1 -1 0.9049 948.7302 174.4720 1050.5497 212.3043 1.4210 1.5952 3.7551 15.8423 1.1944 28.5396 1.4086 0.0566
Car -1 -1 2.2361 0.0000 197.3536 64.9323 266.0244 1.4757 1.6924 4.0619 -16.2613 1.9607 18.2825 1.5193 0.0561
Car -1 -1 0.6436 0.0000 185.6076 379.8464 370.0000 1.5181 1.5507 3.8396 -3.2780 1.5501 3.5484 -0.0570 0.0559
Car -1 -1 1.5127 954.0104 170.3280 1002.7263 206.3164 1.4468 1.6178 3.9184 16.0950 1.0376 30.5422 1.9950 0.0556
Car -1 -1 2.3623 0.0000 187.2707 189.0607 337.4449 1.4500 1.5615 3.1613 -6.9223 1.5488 8.6497 1.7069 0.0550
Car -1 -1 4.2050 894.5171 151.0508 1024.4380 210.5889 1.4796 1.5875 3.6563 9.6070 0.7476 19.4389 4.6594 0.0549
Car -1 -1 1.6413 0.0000 190.8640 20.4120 227.6202 1.4800 1.6597 4.0682 -27.4690 1.9770 31.7994 0.9354 0.0528
Car -1 -1 0.6918 0.0000 195.6871 8.3809 259.7435 1.4709 1.6062 4.0305 -17.6349 1.8708 17.6596 -0.0824 0.0526
Car -1 -1 1.9984 491.0759 175.3289 553.6356 206.2939 1.4715 1.6088 4.0146 -4.0598 1.2254 35.7576 1.8881 0.0522
Car -1 -1 2.1128 20.0148 188.5756 135.4310 228.9833 1.4704 1.7087 4.4435 -21.3494 1.8266 28.9292 1.4839 0.0515
Car -1 -1 1.4457 1027.2291 157.2029 1136.5383 229.1853 1.4695 1.6062 3.7506 10.9733 0.9937 16.4712 2.0262 0.0502
Car -1 -1 4.3091 1054.9104 149.3681 1129.4130 181.6822 1.4849 1.6163 3.8043 23.7185 0.0540 34.5139 4.9086 0.0501
Car -1 -1 1.4682 925.1334 170.5896 973.8788 205.3414 1.4362 1.5445 3.7552 15.1969 1.0264 31.2497 1.9185 0.0500