Car -1 -1 1.7726 444.5602 182.0691 525.2668 236.4715 1.4273 1.6505 3.5939 -3.5937 1.7236 21.3746 1.6074 0.9631
Car -1 -1 4.5833 674.0714 172.8191 701.7603 195.5621 1.6745 1.6102 3.8726 5.9446 1.6720 55.0795 4.6898 0.1577
Car -1 -1 1.7761 422.5356 178.5046 460.4448 203.7284 1.5613 1.6368 4.0603 -11.0397 1.9503 47.6253 1.5491 0.1216
Car -1 -1 2.1082 501.3076 184.8369 550.9722 209.5134 1.5180 1.5568 3.8579 -5.5557 2.3577 48.4826 1.9942 0.0927
Car -1 -1 1.3496 475.5221 173.5023 504.8696 192.3417 1.5012 1.5780 3.9095 -9.9148 1.5568 59.7475 1.1856 0.0795
Car -1 -1 3.6507 472.7806 172.1290 532.5434 193.8829 1.4796 1.5878 3.8528 -7.4796 1.4303 50.5025 3.5041 0.0784
Car -1 -1 1.8174 386.6299 194.7857 454.1260 238.2291 1.4152 1.6034 3.6429 -7.0392 2.2966 27.1733 1.5656 0.0714
Car -1 -1 1.5848 669.0643 168.0120 693.8343 192.4469 1.7068 1.7251 4.1260 5.2619 1.3685 52.5458 1.6837 0.0689
Car -1 -1 4.3862 661.4847 173.1127 699.1314 194.8562 1.5706 1.6422 3.9213 5.2758 1.5908 54.2643 4.4822 0.0651
Car -1 -1 5.1178 494.8790 171.2605 538.9241 193.9917 1.5583 1.6414 4.0951 -6.5806 1.4491 51.6579 4.9914 0.0620
Car -1 -1 1.6417 417.9097 190.2850 465.7541 230.3114 1.4449 1.6440 3.9683 -6.8933 2.2189 29.9517 1.4168 0.0598
Car -1 -1 1.5396 520.5901 193.3315 566.3231 235.7556 1.4142 1.6369 3.6916 -2.6064 2.2595 27.8513 1.4464 0.0558
Car -1 -1 1.2398 485.6752 183.3486 529.4942 208.0940 1.5109 1.6456 4.1101 -6.8465 2.2431 48.1310 1.0987 0.0536
Car -1 -1 1.4115 500.3278 183.1163 536.0485 208.8128 1.5090 1.6371 4.1497 -5.9154 2.2001 46.3685 1.2848 0.0519
Car -1 -1 1.5845 485.3503 187.0190 527.3151 225.5508 1.4366 1.6415 3.9112 -4.3227 2.0745 30.4482 1.4441 0.0502
Car -1 -1 1.2569 503.6074 178.0113 548.3718 204.3159 1.5202 1.6286 3.8833 -5.2131 1.8542 44.6281 1.1409 0.0502