Car -1 -1 1.7450 467.4221 178.2278 546.3765 238.0299 1.6158 1.6840 3.9911 -3.0066 1.7939 21.8857 1.6094 0.9450
Car -1 -1 4.6806 546.9926 171.9788 570.2343 193.5776 1.5151 1.5704 3.6266 -3.7346 1.4537 52.4989 4.6096 0.6139
Car -1 -1 4.6254 471.2455 171.5176 501.9212 194.8317 1.4609 1.6232 4.2901 -8.1344 1.3772 47.4941 4.4564 0.3523
Car -1 -1 4.8507 464.0809 176.3234 507.5175 209.5582 1.5267 1.5903 3.7711 -6.0233 1.7063 35.4514 4.6832 0.2138
Car -1 -1 3.7778 492.5840 182.9113 553.9995 206.2103 1.4698 1.6618 3.8847 -5.8272 2.1714 48.6538 3.6588 0.1215
Car -1 -1 3.1544 535.1276 179.3810 593.0109 202.2982 1.4968 1.5843 3.8215 -3.0447 1.9437 48.5184 3.0916 0.0851
Car -1 -1 1.7848 413.3371 192.3807 479.2072 237.1895 1.4398 1.5946 3.8078 -5.9675 2.2155 26.7540 1.5668 0.0846
Car -1 -1 1.8858 535.4020 177.7147 574.0611 201.3640 1.5259 1.5700 3.6820 -3.7064 1.8716 49.3417 1.8108 0.0767
Car -1 -1 1.5322 544.2813 184.7988 584.2683 220.9423 1.4507 1.6322 3.9729 -2.0847 2.0208 32.3812 1.4678 0.0740
Car -1 -1 1.5603 515.7228 185.6570 555.4159 222.6485 1.4669 1.6508 4.0508 -3.3192 2.0752 32.1762 1.4577 0.0717
Car -1 -1 1.6330 542.8261 172.9077 568.8931 195.7834 1.5380 1.5726 3.9838 -3.7238 1.5419 50.5209 1.5595 0.0661
Car -1 -1 3.3371 533.1962 171.7819 589.5125 193.4396 1.5326 1.5852 3.8213 -3.4592 1.4568 52.0927 3.2708 0.0635
Car -1 -1 3.1270 467.1817 182.5806 554.5660 215.8492 1.4953 1.6409 4.0057 -4.6698 1.9712 34.1909 2.9917 0.0632
Car -1 -1 1.4086 525.1418 179.5498 557.1254 203.1101 1.5155 1.5833 3.8817 -4.7476 1.9957 49.6709 1.3133 0.0619
Car -1 -1 1.5267 465.2213 192.5029 513.3322 236.9742 1.4515 1.6284 3.6715 -4.5972 2.2471 27.2522 1.3605 0.0614
Car -1 -1 3.0321 545.7702 180.2463 605.7709 203.3302 1.4668 1.6262 3.8026 -2.2526 1.9663 47.6531 2.9847 0.0609
Car -1 -1 4.3017 498.0895 180.1606 543.9847 203.9327 1.5321 1.6421 4.1392 -6.1843 2.0612 50.0538 4.1790 0.0608
Car -1 -1 4.3946 527.9440 170.8668 568.7682 193.4947 1.5958 1.6947 4.4480 -4.5664 1.4556 53.2629 4.3092 0.0578
Car -1 -1 1.7866 554.5822 177.2463 591.2014 201.3514 1.5406 1.6414 4.1128 -2.4455 1.8525 49.0668 1.7367 0.0564
Car -1 -1 1.5171 527.9140 179.2639 556.7885 205.0577 1.5454 1.6338 3.9530 -4.3527 1.9754 46.3357 1.4235 0.0557
Car -1 -1 4.1614 502.3159 175.3723 642.7614 245.5726 1.4888 1.6038 3.8544 -1.0066 1.5570 17.4883 4.1039 0.0507