Car -1 -1 4.5776 687.1144 187.5739 768.3758 253.8307 1.5281 1.6475 3.5397 3.0475 1.9566 19.2191 4.7315 0.9792
Car -1 -1 4.5979 668.1289 187.0906 728.8498 236.5692 1.4836 1.6179 3.7337 2.9509 2.0055 24.5801 4.7151 0.8934
Car -1 -1 1.6208 528.1080 184.8756 562.1702 216.2858 1.4645 1.5512 3.6151 -3.2495 2.1095 36.8816 1.5330 0.8199
Car -1 -1 4.5553 640.0217 183.8638 676.0903 209.6384 1.4110 1.5675 3.8160 2.8550 2.0996 43.1565 4.6203 0.3582
Car -1 -1 4.5930 651.3260 165.6487 706.1215 213.4128 1.9333 1.8184 4.7364 2.9399 1.6416 31.5975 4.6843 0.3168
Car -1 -1 1.3776 621.0170 183.0807 649.0561 203.1153 1.5082 1.5639 3.7835 2.0261 2.3633 58.3411 1.4116 0.2456
Car -1 -1 1.7259 544.4336 182.6436 575.0459 206.1803 1.4889 1.5158 3.7737 -3.3591 2.1829 49.2077 1.6576 0.2393
Car -1 -1 1.8123 554.9196 181.2512 586.3401 202.9835 1.6281 1.5823 4.0929 -3.0823 2.3268 57.8807 1.7588 0.2226
Car -1 -1 1.6569 0.0000 204.6679 161.7841 375.0000 1.4703 1.6636 4.2808 -3.9358 1.7726 4.6174 0.9788 0.1940
Car -1 -1 1.8454 561.3657 186.9173 590.7859 206.9417 1.5597 1.5325 3.7169 -2.7961 2.7868 60.9715 1.7992 0.1704
Car -1 -1 4.7866 663.9725 152.0567 693.0601 178.1721 1.6757 1.6618 3.7966 4.6517 0.3412 48.3081 4.8819 0.1699
Car -1 -1 2.4338 0.0000 228.7684 182.8876 375.0000 1.4909 1.6182 3.5469 -3.0710 1.7968 2.1427 1.5304 0.1633
Car -1 -1 4.1860 675.4659 158.2323 713.2947 178.7077 1.6949 1.6539 3.5407 7.2171 0.4846 61.6813 4.3017 0.1566
Car -1 -1 0.8576 0.0000 220.9768 197.3992 375.0000 1.4889 1.6202 3.9872 -4.2203 1.7532 3.0672 -0.0431 0.1270
Car -1 -1 1.5638 614.9990 189.1889 634.2079 207.3329 1.5807 1.7696 3.9923 1.4120 3.1765 68.4809 1.5838 0.1175
Car -1 -1 4.5657 644.6629 182.6411 691.5220 218.3899 1.5704 1.6660 4.1271 2.7720 2.0735 34.9712 4.6434 0.1172
Car -1 -1 1.6049 667.6277 178.2565 690.0580 198.6630 1.4972 1.6026 4.0561 5.4235 1.9336 56.1730 1.7002 0.0868
Car -1 -1 1.6498 517.7973 173.3946 539.7535 192.5483 1.5878 1.5599 4.0058 -6.9058 1.6358 61.9562 1.5389 0.0848
Car -1 -1 1.5365 29.2901 193.4860 396.7601 375.0000 1.5119 1.6682 4.2081 -2.9691 1.7356 5.5790 1.0659 0.0845
Car -1 -1 -0.4442 4.8722 185.0751 866.7155 375.0000 1.4829 1.6487 4.1266 -0.5814 1.5821 4.0331 -0.5813 0.0799
Car -1 -1 1.0766 528.8666 181.8129 571.4346 202.0689 1.4882 1.6699 3.9622 -4.7284 2.2221 56.9966 0.9938 0.0746
Car -1 -1 4.9750 0.0000 0.0000 1242.0000 375.0000 1.5441 1.6704 3.8897 -1.4113 1.6197 1.7659 4.3683 0.0731
Car -1 -1 -0.0110 658.1320 170.2764 759.4902 211.2289 1.6242 1.6040 4.0171 4.0513 1.5220 29.6588 0.1229 0.0715
Car -1 -1 2.1570 552.4054 180.8068 604.1185 205.3041 1.5486 1.5700 3.9875 -2.0830 2.1131 49.0968 2.1144 0.0707
Car -1 -1 5.2487 0.0000 198.4805 339.4294 375.0000 1.4910 1.5912 3.8193 -2.7853 1.6931 3.7279 4.6398 0.0707
Car -1 -1 1.4675 659.3011 180.2188 684.3629 200.0772 1.4836 1.5839 3.9095 4.9145 2.0889 57.3339 1.5521 0.0651
Car -1 -1 4.7074 619.8842 183.0814 656.6541 217.9557 1.5014 1.6464 4.1754 1.3554 2.0193 34.4182 4.7457 0.0636
Car -1 -1 4.9958 0.0000 188.3759 500.9480 375.0000 1.4920 1.6372 3.9000 -1.7419 1.6379 4.7931 4.6629 0.0630
Car -1 -1 2.3528 0.0000 220.6208 86.7432 342.4217 1.4176 1.6348 3.3695 -10.4163 2.2921 11.4817 1.6275 0.0613
Car -1 -1 1.2083 516.0544 183.3024 559.0009 207.4032 1.4814 1.6224 3.7609 -4.8479 2.2085 48.1671 1.1081 0.0586
Car -1 -1 1.8515 613.3047 188.9462 650.4727 210.8510 1.5032 1.7037 4.3651 1.7578 2.7884 55.2884 1.8825 0.0580
Car -1 -1 2.2939 0.0000 194.7549 93.7174 375.0000 1.4714 1.5625 4.1409 -7.2052 1.7490 7.0366 1.5156 0.0579
Car -1 -1 1.8907 630.2678 183.3209 664.3404 204.0625 1.5373 1.5870 3.8589 3.0523 2.4041 57.6682 1.9428 0.0574
Car -1 -1 4.5423 621.5914 184.1723 659.4827 210.6651 1.4279 1.5750 4.0520 1.7875 2.1324 42.8022 4.5832 0.0572
Car -1 -1 1.4837 645.5564 180.5070 681.2911 209.3138 1.4988 1.6411 4.2787 2.9958 1.9548 40.8358 1.5558 0.0559
Car -1 -1 1.8153 0.0000 217.6177 46.3715 353.4328 1.3869 1.6606 3.6243 -9.7727 2.1724 10.6704 1.0862 0.0527
Car -1 -1 1.1521 597.0269 183.6064 634.7141 203.4054 1.4594 1.6094 3.7556 0.4659 2.3460 57.4482 1.1597 0.0512
Car -1 -1 1.4880 663.1188 178.9392 689.6562 202.0692 1.6308 1.6379 4.0993 4.9647 2.1037 54.0120 1.5786 0.0510