Car -1 -1 4.7068 572.3413 179.1548 610.7538 214.2626 1.5130 1.6986 4.3735 -0.8645 1.8301 34.1016 4.6811 0.9135
Car -1 -1 5.3583 0.0000 200.1556 106.8078 284.7411 1.3953 1.5836 3.7325 -12.5055 2.0354 15.0222 4.6727 0.8942
Car -1 -1 1.9017 275.8860 188.5058 352.5801 230.6325 1.5837 1.7165 4.3137 -12.5540 2.3029 30.9573 1.5190 0.8821
Car -1 -1 1.6397 59.7529 200.2140 115.8155 239.9116 1.4643 1.7051 3.9824 -22.8478 2.7479 31.7102 1.0191 0.1466
Car -1 -1 1.5789 348.7379 188.0803 388.7140 223.2430 1.4660 1.6979 4.2196 -11.4224 2.2380 34.3151 1.2595 0.1265
Car -1 -1 1.5960 339.5417 190.3762 367.1714 215.8375 1.5034 1.6118 3.8957 -16.8609 2.7103 47.5983 1.2569 0.1107
Car -1 -1 4.4123 493.3499 162.4778 527.5525 183.4322 1.7890 1.7863 4.3870 -8.8245 0.9031 63.9673 4.2756 0.0974
Car -1 -1 1.5173 59.7484 200.7932 119.1245 245.1417 1.4814 1.7288 4.2435 -20.9986 2.6920 29.0665 0.8958 0.0973
Car -1 -1 1.8083 0.0000 181.5741 40.1861 218.9001 1.4835 1.5720 3.6968 -26.4293 1.8899 31.6205 1.1161 0.0884
Car -1 -1 1.4939 247.7529 189.0577 284.7591 218.4276 1.5689 1.6930 4.1615 -20.6021 2.5896 43.2257 1.0512 0.0866
Car -1 -1 1.6666 305.7908 183.2483 354.6901 220.7065 1.5704 1.7176 4.2906 -13.0146 2.0907 33.8204 1.3015 0.0851
Car -1 -1 4.8141 508.2111 170.5588 536.0346 193.6546 1.6730 1.6950 3.7824 -6.5277 1.5067 54.1711 4.6945 0.0780
Car -1 -1 1.6279 510.8356 170.5567 539.3162 196.7939 1.7952 1.7932 3.8342 -5.9720 1.6380 51.3361 1.5123 0.0773
Car -1 -1 1.6010 256.9396 182.2875 286.5444 206.0110 1.4599 1.6641 4.0209 -22.5726 2.1199 48.3077 1.1657 0.0692
Car -1 -1 1.6994 334.5909 188.6306 365.5224 211.0575 1.4700 1.6060 4.0125 -18.8090 2.6629 52.4247 1.3561 0.0630
Car -1 -1 1.5839 252.1887 192.5711 290.3535 226.7540 1.5316 1.6915 4.2572 -17.4193 2.6122 37.2563 1.1489 0.0625
Car -1 -1 5.4958 504.5476 163.8160 550.8364 184.4049 1.7619 1.6872 4.0731 -7.2122 0.9885 63.8669 5.3836 0.0602
Car -1 -1 4.5942 520.3307 167.8602 548.5741 190.9155 1.7465 1.7280 4.2214 -5.9604 1.3682 56.9090 4.4900 0.0595
Car -1 -1 2.4704 8.2684 192.0124 121.2722 229.4316 1.4547 1.7005 3.7791 -24.1778 2.3637 32.1887 1.8300 0.0591
Car -1 -1 1.8332 332.7183 181.6453 363.2070 200.2901 1.5611 1.5852 3.9313 -23.2866 2.3698 64.3471 1.4870 0.0572
Car -1 -1 1.7811 371.4056 182.4402 407.2845 206.1650 1.5522 1.6217 3.9656 -15.4844 2.2556 50.9016 1.4869 0.0545
Car -1 -1 -0.2485 501.3660 169.1530 556.9828 191.3193 1.6728 1.7163 3.9869 -6.2377 1.3935 55.9543 -0.3594 0.0534
Car -1 -1 1.5289 61.3498 200.0717 124.2926 249.3210 1.4600 1.6819 4.2426 -18.6734 2.5236 26.0036 0.9107 0.0501
Car -1 -1 1.1297 302.6888 192.5296 354.2849 217.6189 1.4488 1.6921 3.6791 -18.1347 2.7679 46.4934 0.7594 0.0501
Car -1 -1 1.4424 245.3885 192.9696 297.8123 229.5285 1.4669 1.6872 4.3015 -15.8410 2.4700 33.7144 1.0058 0.0500