Car -1 -1 2.2339 0.0000 186.8660 144.3907 252.1239 1.4419 1.5826 4.0882 -14.3179 1.8487 18.8880 1.5919 0.9487
Car -1 -1 4.2793 63.9448 177.9975 143.2412 209.3351 1.4647 1.6707 4.1422 -25.3112 1.7344 36.0698 3.6708 0.2702
Car -1 -1 4.4459 691.6071 174.9254 738.4250 205.6228 1.4678 1.5078 3.3404 5.2821 1.5776 36.4874 4.5881 0.2602
Car -1 -1 4.5993 984.5900 187.1917 1024.1799 217.1993 1.5598 1.5707 3.6992 22.6175 2.4230 41.4338 5.0953 0.2264
Car -1 -1 2.1277 85.4688 177.3216 165.8916 208.8565 1.4830 1.6222 3.7399 -24.2780 1.7198 36.3594 1.5422 0.2039
Car -1 -1 1.0418 965.2692 185.6864 1028.7909 213.1935 1.4925 1.6526 3.7306 22.9127 2.2877 42.8175 1.5298 0.1899
Car -1 -1 3.1644 942.9562 181.1992 1022.3040 210.2050 1.5375 1.7386 3.9234 21.1255 2.0304 40.9216 3.6375 0.1364
Car -1 -1 4.4265 714.3315 163.8365 746.8901 182.8634 1.4956 1.5986 3.8055 9.8078 0.7868 58.7011 4.5910 0.1264
Car -1 -1 4.8455 924.1169 194.8565 957.7094 217.4954 1.4941 1.7830 3.9411 24.7925 3.2038 53.9263 5.2736 0.1253
Car -1 -1 0.7671 943.6202 178.6725 1020.1899 206.4980 1.5066 1.6459 3.9140 21.6270 1.8630 42.0718 1.2386 0.1219
Car -1 -1 3.8415 737.1442 164.6056 817.3118 200.5356 1.6053 1.5176 3.5425 7.8729 1.2368 34.1085 4.0661 0.1034
Car -1 -1 1.5088 940.1838 174.8077 972.3175 200.7631 1.5780 1.6053 3.9147 22.1998 1.7091 46.3005 1.9531 0.0973
Car -1 -1 4.2785 689.8327 171.6236 741.9077 197.1655 1.4319 1.5713 3.8093 6.2041 1.3629 42.4997 4.4221 0.0928
Car -1 -1 1.7291 695.2328 178.9411 720.5129 199.2429 1.6576 1.5538 4.0109 8.5241 2.2016 62.3417 1.8639 0.0869
Car -1 -1 1.6141 667.7388 177.7974 687.6995 195.5501 1.5543 1.6589 4.0375 6.3046 2.0242 66.4645 1.7079 0.0847
Car -1 -1 1.9678 700.8815 177.9758 731.8548 195.3051 1.5614 1.6701 3.4980 10.1008 2.0583 68.0804 2.1141 0.0838
Car -1 -1 5.6439 0.0000 177.4150 112.7088 214.4137 1.6182 1.6932 4.0654 -26.1707 1.8487 34.2853 4.9955 0.0817
Car -1 -1 0.8740 927.0322 169.9610 995.7102 196.7348 1.5310 1.6387 3.8018 21.0361 1.3656 43.3036 1.3232 0.0809
Car -1 -1 4.0790 0.0000 181.0401 76.7711 214.9431 1.4986 1.6013 3.7007 -27.1352 1.8958 33.7563 3.4056 0.0807
Car -1 -1 2.9201 131.9535 196.1247 332.3023 266.9820 1.4369 1.6448 4.1450 -9.2543 2.0766 17.8753 2.4480 0.0750
Car -1 -1 1.6242 700.0432 173.5263 739.0928 208.4393 1.5453 1.6174 3.9887 5.2526 1.5790 34.1337 1.7750 0.0711
Car -1 -1 1.4534 977.5018 187.3773 1018.8085 214.7322 1.4928 1.7422 3.9402 23.5338 2.4179 43.8115 1.9430 0.0703
Car -1 -1 0.8303 58.5665 176.0365 156.2099 208.7679 1.5282 1.6588 3.9887 -24.4644 1.6889 35.1864 0.2261 0.0702
Car -1 -1 1.1580 912.7573 194.9266 957.2728 217.9627 1.5372 1.7536 3.4266 23.9263 3.2161 53.1623 1.5781 0.0660
Car -1 -1 2.0637 27.4287 182.7821 134.6609 226.1940 1.4998 1.5481 4.1869 -20.4209 1.9164 28.0998 1.4396 0.0655
Car -1 -1 1.4328 999.9619 187.2721 1040.7654 213.2679 1.4694 1.7420 3.3457 25.4199 2.4009 44.7408 1.9461 0.0654
Car -1 -1 4.6993 737.4274 162.2370 765.2861 189.9153 1.7078 1.6926 4.0100 9.1324 1.0527 46.6436 4.8912 0.0644
Car -1 -1 1.2415 947.8807 173.9081 1002.7553 200.7625 1.5497 1.6664 4.3167 22.2520 1.6174 44.0657 1.7060 0.0631
Car -1 -1 -0.6780 933.1376 179.0597 1135.8234 245.6505 1.4633 1.6146 4.0568 10.0486 1.6207 17.1777 -0.1568 0.0628
Car -1 -1 4.7445 671.6823 172.8204 696.4087 195.7721 1.5715 1.6326 3.7754 5.3346 1.5692 51.3830 4.8470 0.0620
Car -1 -1 1.9780 0.0000 185.4322 48.9376 227.3817 1.4691 1.5637 3.6819 -23.8767 1.9997 28.4476 1.2843 0.0618
Car -1 -1 -0.2129 956.0178 184.9679 1030.4758 211.8966 1.5049 1.6792 3.6207 22.6820 2.2448 42.7799 0.2713 0.0612
Car -1 -1 -0.4809 795.2013 177.6146 911.8162 217.4933 1.4727 1.6442 3.9875 9.4420 1.6652 28.0449 -0.1599 0.0606
Car -1 -1 5.2548 0.0000 209.0122 151.4699 291.3297 1.4696 1.5469 3.4005 -12.0183 2.3693 16.1913 4.6239 0.0605
Car -1 -1 2.0051 61.7431 177.5345 145.2769 212.9901 1.5657 1.6545 4.1957 -24.1769 1.8048 34.6543 1.3994 0.0578
Car -1 -1 2.3349 978.9865 188.4883 1048.0129 216.0421 1.5020 1.6709 3.3413 23.5484 2.4419 42.0893 2.8414 0.0577
Car -1 -1 -0.4414 910.9636 196.2814 968.8711 218.0657 1.5220 1.7792 3.4604 24.3681 3.2823 53.2982 -0.0153 0.0557
Car -1 -1 -0.6637 719.5873 163.8374 774.1566 183.3754 1.5323 1.6253 4.2274 11.1002 0.8252 58.2793 -0.4766 0.0549
Car -1 -1 -0.2345 993.9845 185.2670 1075.8007 214.7352 1.5311 1.6460 3.6102 23.4476 2.2401 39.9026 0.2930 0.0549
Car -1 -1 1.4357 934.8106 169.6090 974.3914 196.7623 1.6029 1.6740 4.0232 21.3466 1.4113 44.7637 1.8779 0.0545
Car -1 -1 1.1142 643.9045 177.6635 710.9254 210.0365 1.4770 1.6577 4.1102 3.2908 1.7303 35.7935 1.2046 0.0541
Car -1 -1 5.3372 36.4640 178.1527 131.9014 211.1386 1.4995 1.6849 4.1357 -25.7374 1.7757 35.5348 4.7137 0.0535
Car -1 -1 1.7109 94.7539 209.5476 203.1015 286.9998 1.4136 1.6310 3.4413 -10.6306 2.3686 16.8757 1.1555 0.0535
Car -1 -1 3.1351 100.0618 191.3076 321.3280 269.1347 1.4775 1.6444 4.1613 -8.8111 1.9364 16.2273 2.6441 0.0531
Car -1 -1 4.7831 718.7905 169.1518 751.0844 196.6831 1.5463 1.6087 3.9228 7.4446 1.3384 42.6226 4.9545 0.0529
Car -1 -1 1.9163 162.8148 182.3577 229.8152 215.2171 1.4920 1.6017 4.1060 -20.6144 1.9968 36.1684 1.4012 0.0527
Car -1 -1 1.4661 976.6830 186.7484 1014.9014 212.2977 1.4704 1.7510 3.6334 24.4244 2.3898 45.7277 1.9534 0.0520
Car -1 -1 2.1808 3.5356 181.8901 121.2160 222.2897 1.4466 1.6475 4.1605 -21.7320 1.8347 28.8829 1.5400 0.0508