Car -1 -1 0.5963 56.4167 187.8248 274.4196 262.2974 1.4389 1.5475 3.6792 -9.2373 1.7718 15.1705 0.0569 0.9651
Car -1 -1 1.7583 396.5559 184.9596 486.4081 247.7373 1.4892 1.6835 3.8908 -4.5009 1.8553 19.8490 1.5375 0.9650
Car -1 -1 4.2124 842.8694 192.9876 1242.0000 375.0000 1.4124 1.5236 3.3716 3.0860 1.6120 5.4599 4.7029 0.9625
Car -1 -1 4.4805 701.4086 178.9566 852.8127 281.5401 1.5114 1.6547 4.2168 2.8028 1.6395 13.0127 4.6870 0.9571
Car -1 -1 1.6743 452.1662 177.4229 508.8094 230.0416 1.6781 1.5598 3.7426 -4.4443 1.8503 25.2660 1.5013 0.9315
Car -1 -1 4.5496 680.2206 178.3091 767.2105 244.3948 1.5698 1.6776 3.8393 2.9527 1.7309 19.3896 4.6976 0.8733
Car -1 -1 1.7483 479.5884 174.6809 535.4533 214.5957 1.5753 1.6291 4.2281 -4.2778 1.6588 30.8184 1.6111 0.6705
Car -1 -1 4.5920 663.1053 175.9677 715.6439 218.8110 1.5291 1.5830 3.5532 3.0108 1.6567 27.7992 4.6981 0.6485
Car -1 -1 4.5770 654.1894 172.5342 699.6473 206.6858 1.5360 1.6377 3.8989 3.1545 1.5216 34.4355 4.6670 0.2157
Car -1 -1 2.3555 475.6268 167.9323 523.3549 187.8913 1.6467 1.6820 4.0183 -9.3668 1.2406 61.6455 2.2051 0.1855
Car -1 -1 1.5390 535.8040 175.2148 554.2303 192.5292 1.5164 1.5496 3.8368 -5.9032 1.7380 65.7357 1.4495 0.1790
Car -1 -1 1.4805 658.8783 175.4436 702.5169 211.0399 1.4730 1.5899 3.6450 3.0949 1.5943 31.9506 1.5756 0.1522
Car -1 -1 -0.0951 658.8918 174.3995 745.0340 207.1920 1.4509 1.5747 3.7533 4.1562 1.5231 32.8460 0.0291 0.0973
Car -1 -1 -0.6332 688.7690 160.8313 819.1111 208.2092 1.5025 1.6130 4.2034 4.9176 1.1212 24.5031 -0.4379 0.0751
Car -1 -1 1.5650 514.9252 186.9150 545.2501 217.1037 1.4894 1.5672 3.7604 -4.3467 2.2950 39.3807 1.4552 0.0746
Car -1 -1 3.1023 644.7792 158.5369 721.0349 187.5819 1.5664 1.6821 4.1080 4.0122 0.7943 39.8765 3.2016 0.0728
Car -1 -1 2.1497 519.9772 183.8907 560.7488 203.2130 1.5194 1.5891 3.8571 -5.8301 2.4871 61.1870 2.0546 0.0708
Car -1 -1 4.7107 507.1429 181.7181 543.2897 216.9300 1.5125 1.5977 3.9021 -3.9803 1.9558 34.0478 4.5946 0.0678
Car -1 -1 1.5266 637.7372 183.9369 664.2556 207.8129 1.4741 1.5973 3.7884 2.7341 2.2439 48.2170 1.5823 0.0641
Car -1 -1 1.6164 624.2833 179.6391 661.3705 212.6844 1.4492 1.5915 4.0453 1.6445 1.7940 34.5864 1.6629 0.0619
Car -1 -1 4.0248 581.7395 184.0052 640.0462 207.5595 1.4127 1.6278 4.0379 0.0453 2.1760 47.3177 4.0252 0.0605
Car -1 -1 0.1521 448.3379 175.1781 554.1182 213.5612 1.5884 1.6710 4.2601 -4.5654 1.6904 30.8097 0.0057 0.0532
Car -1 -1 0.9468 1096.4077 142.8530 1242.0000 350.0796 1.4637 1.5815 3.7884 6.6723 1.2518 7.0670 1.6827 0.0525
Car -1 -1 1.4430 519.6383 184.8634 553.6564 211.6224 1.4923 1.5974 3.7620 -4.4912 2.2592 44.0603 1.3415 0.0524
Car -1 -1 2.7808 522.4403 174.5535 569.9984 191.6791 1.4907 1.5611 3.9497 -5.6724 1.6467 64.6739 2.6933 0.0516
Car -1 -1 4.9057 679.8298 165.2587 711.5072 187.3716 1.6117 1.6457 4.0226 6.5711 1.0581 54.7559 5.0242 0.0515