Car -1 -1 4.5688 653.1583 187.7254 732.5231 243.9469 1.3564 1.6479 4.1280 2.2668 1.8243 20.6078 4.6759 0.9380
Car -1 -1 1.6548 640.7987 180.8000 665.4534 201.9900 1.5226 1.5570 4.1260 3.3909 2.1587 55.6133 1.7149 0.3242
Car -1 -1 1.4146 650.8392 182.6319 697.7957 217.4470 1.4987 1.6213 3.8652 3.0050 1.9885 34.1598 1.5009 0.1199
Car -1 -1 4.5423 648.4514 180.5233 681.5465 205.9192 1.5871 1.5977 3.6689 3.6590 2.1191 48.1443 4.6172 0.1186
Car -1 -1 1.2557 621.1563 188.9284 669.5772 216.4267 1.4492 1.6912 4.0262 2.0625 2.4491 42.7213 1.3029 0.0988
Car -1 -1 -0.1042 652.9189 178.2642 714.4962 204.9771 1.6963 1.6642 3.8351 4.7944 2.0549 46.9965 -0.0037 0.0928
Car -1 -1 2.8761 666.9258 174.7489 757.8854 205.8558 1.4736 1.6633 4.1246 5.0101 1.5694 35.3991 3.0150 0.0856
Car -1 -1 4.6759 659.5916 176.3155 693.1261 206.0734 1.4295 1.5701 3.6079 3.3765 1.6156 36.9341 4.7658 0.0777
Car -1 -1 4.5948 678.7405 179.9272 725.1064 215.1942 1.4428 1.6112 3.7065 4.0523 1.7759 32.1223 4.7185 0.0772
Car -1 -1 1.6539 623.4422 187.5928 666.2437 222.9805 1.4612 1.6552 4.2846 1.7168 2.1990 33.8865 1.7034 0.0771
Car -1 -1 4.4551 656.5923 174.2728 702.0850 204.3319 1.5246 1.5923 3.4394 3.6832 1.6041 38.5963 4.5491 0.0725
Car -1 -1 1.1674 669.1133 181.3981 730.0322 214.6358 1.4727 1.6383 3.5929 4.2942 1.9094 34.9282 1.2881 0.0719
Car -1 -1 1.4639 676.4631 177.0775 718.0767 208.1874 1.4484 1.6503 3.8714 4.3282 1.6709 36.0665 1.5819 0.0711
Car -1 -1 -0.4259 677.8294 177.4506 777.2872 212.9375 1.4572 1.6118 3.9390 5.0946 1.6646 31.2612 -0.2664 0.0635
Car -1 -1 1.3027 606.3207 182.0188 640.9762 202.8241 1.4627 1.6724 3.7882 1.0265 2.1818 54.5698 1.3209 0.0634
Car -1 -1 1.7495 645.6072 189.3152 686.3978 217.0680 1.4508 1.6905 4.1372 3.3800 2.4724 42.5624 1.8275 0.0610
Car -1 -1 0.5762 590.2222 188.8499 662.7832 217.7499 1.5047 1.6738 3.8651 0.9503 2.4601 41.3176 0.5983 0.0607
Car -1 -1 1.4058 665.9243 178.5738 715.8203 212.5778 1.4483 1.6491 4.0235 3.7049 1.7299 33.4774 1.5145 0.0562
Car -1 -1 -0.2508 647.8969 190.0722 722.6509 217.7824 1.4838 1.7542 3.9349 4.2971 2.4954 41.2345 -0.1484 0.0547
Car -1 -1 1.7850 629.3311 181.8296 660.7833 203.9648 1.5609 1.5894 3.8909 2.7254 2.2667 54.6564 1.8340 0.0531
Car -1 -1 4.9620 588.4117 189.4459 671.8007 245.5195 1.4913 1.6594 4.0383 0.7436 2.0620 22.6443 4.9934 0.0525
Car -1 -1 -0.1437 640.6214 182.0950 721.9058 213.4452 1.4867 1.6558 3.7982 3.5036 1.9553 35.6731 -0.0473 0.0502