Car -1 -1 -0.4233 728.5398 187.0924 977.2245 275.3144 1.4620 1.6336 4.0423 4.3947 1.7455 13.3306 -0.1125 0.9758
Car -1 -1 0.4043 55.6829 174.7286 324.6378 258.5580 1.5342 1.6155 4.3191 -8.1085 1.5740 14.2797 -0.1044 0.9158
Car -1 -1 3.3557 297.3753 178.5163 428.3340 224.1422 1.4839 1.6224 3.9915 -8.3674 1.6861 24.7440 3.0324 0.9141
Car -1 -1 -0.2351 661.5534 181.7679 786.5186 228.9528 1.4892 1.6516 3.8442 3.7700 1.7993 24.1247 -0.0827 0.8885
Car -1 -1 0.4373 222.2983 179.4535 391.4462 237.7943 1.5050 1.5044 3.9890 -8.1668 1.6925 19.6511 0.0478 0.7981
Car -1 -1 3.4756 164.9525 192.6652 364.7298 261.5746 1.4652 1.4711 3.9321 -7.8995 1.9521 16.8034 3.0418 0.7560
Car -1 -1 3.8605 0.0000 196.5893 173.5405 338.9445 1.4619 1.5895 3.8173 -7.5185 1.7681 8.4946 3.1515 0.6626
Car -1 -1 4.6101 648.9729 183.7006 700.7635 226.0738 1.4471 1.5925 3.4485 2.4066 1.8831 27.2669 4.6964 0.5543
Car -1 -1 3.2683 316.3097 168.4072 429.8364 204.9648 1.4429 1.5379 4.2644 -9.6197 1.2674 29.6260 2.9567 0.4740
Car -1 -1 4.8080 649.5944 172.6787 679.0422 196.8237 1.5112 1.5765 3.6419 3.6075 1.5002 47.0877 4.8835 0.4690
Car -1 -1 3.9451 0.0000 208.4024 71.2680 375.0000 1.4356 1.5579 3.8039 -7.1382 1.7829 6.2160 3.1121 0.4535
Car -1 -1 1.2598 937.8854 174.2088 973.4515 192.5256 1.4884 1.5691 3.9460 29.2071 1.6068 60.9941 1.7042 0.4004
Car -1 -1 4.7721 380.1404 168.3804 425.8661 207.5495 1.5738 1.6497 3.8637 -8.8244 1.3940 31.0537 4.4972 0.3053
Car -1 -1 2.1677 0.0000 190.9767 170.0553 375.0000 1.4480 1.5340 3.6659 -6.3185 1.6835 7.4868 1.4840 0.2975
Car -1 -1 4.4601 858.4286 176.0706 901.3864 207.4242 1.5276 1.5044 2.3171 13.6906 1.6964 36.6367 4.8146 0.2433
Car -1 -1 4.3509 458.2217 176.9554 492.1398 195.1119 1.4953 1.6252 3.8590 -11.6558 1.8619 62.4299 4.1667 0.2422
Car -1 -1 -0.1985 650.6160 182.9744 759.9418 225.7936 1.4896 1.5680 3.7332 3.4591 1.8733 26.4463 -0.0706 0.2304
Car -1 -1 4.7013 297.6430 166.2165 317.4048 184.0166 1.6422 1.6903 3.9784 -28.7866 1.0298 68.7278 4.3059 0.1890
Car -1 -1 4.8737 0.0000 182.5046 53.7029 220.1373 1.4829 1.5332 3.5847 -25.4360 1.9283 31.3631 4.1963 0.1726
Car -1 -1 1.6639 827.7011 174.6325 858.4026 199.6940 1.7468 1.7558 4.3212 17.1712 1.8831 52.9545 1.9754 0.1712
Car -1 -1 1.7340 836.0277 177.1056 865.8802 198.3000 1.5568 1.5674 4.0425 18.7700 1.8995 56.0161 2.0554 0.1407
Car -1 -1 4.7885 225.6766 163.7270 253.4263 186.1032 1.7585 1.6912 4.2489 -30.2063 1.0412 58.9898 4.3170 0.1387
Car -1 -1 4.5488 306.9956 169.6146 349.0639 198.2602 1.5047 1.5905 3.6979 -15.6017 1.3345 39.8974 4.1781 0.1379
Car -1 -1 4.4290 643.1055 177.2144 700.3117 213.5918 1.4607 1.5438 3.5045 2.6335 1.6612 31.2931 4.5116 0.1309
Car -1 -1 2.8605 844.5170 178.2344 943.4599 214.7046 1.5015 1.5632 3.6521 12.1256 1.7391 30.9237 3.2304 0.1253
Car -1 -1 4.0951 228.4831 169.9456 286.3290 192.6126 1.5437 1.6407 4.0220 -24.8159 1.3456 50.8257 3.6428 0.1236
Car -1 -1 1.5850 747.0223 172.0992 772.2083 194.1881 1.4524 1.6275 4.1078 10.3448 1.4028 49.6243 1.7890 0.1191
Car -1 -1 3.6325 313.4974 169.4697 381.7742 194.0622 1.5565 1.6294 3.8450 -16.9455 1.3423 46.7499 3.2864 0.1190
Car -1 -1 4.7326 346.7441 169.2834 374.4005 195.3011 1.6469 1.6433 4.0432 -16.4703 1.4209 47.8500 4.4026 0.1118
Car -1 -1 4.0091 117.3520 151.2821 208.7247 182.4639 1.5965 1.6632 4.4480 -23.7736 0.4920 38.4260 3.4581 0.1086
Car -1 -1 4.9397 124.0583 151.9413 178.2977 183.8111 1.6427 1.6666 3.7819 -24.8576 0.5648 39.2502 4.3781 0.0960
Car -1 -1 3.6735 193.5215 167.3337 256.8374 187.1463 1.5632 1.6717 4.2171 -30.7891 1.1276 57.8567 3.1862 0.0915
Car -1 -1 1.2177 936.6472 173.2305 977.5206 192.9183 1.5684 1.6579 4.2926 28.7288 1.6007 59.7775 1.6634 0.0910
Car -1 -1 1.2711 334.1251 174.6688 370.0315 194.6915 1.5639 1.6317 4.0730 -21.0330 1.7173 58.8609 0.9291 0.0902
Car -1 -1 0.8114 179.7247 171.4907 332.2078 228.1167 1.4391 1.5900 3.7816 -9.6703 1.4045 19.7493 0.3611 0.0894
Car -1 -1 1.6872 919.0483 180.2009 955.7708 205.9726 1.4549 1.6057 3.9005 20.0277 1.9242 44.0067 2.1113 0.0882
Car -1 -1 4.4948 726.5973 179.8290 771.1034 207.9111 1.4200 1.6067 3.7078 7.5292 1.8180 39.2942 4.6823 0.0879
Car -1 -1 -0.2893 6.8816 195.5308 482.0224 375.0000 1.4393 1.6239 4.0300 -3.4732 1.7306 7.3297 -0.7189 0.0854
Car -1 -1 4.5009 724.2687 172.7153 771.4313 204.5238 1.4672 1.5597 3.3880 6.6523 1.4608 34.9940 4.6868 0.0767
Car -1 -1 1.3331 319.0515 172.0007 383.7402 212.2630 1.4528 1.5140 3.8206 -10.0885 1.4220 28.0480 0.9905 0.0759
Car -1 -1 4.4819 825.7004 182.8380 868.9142 211.5591 1.4954 1.5351 3.5279 13.3417 2.0832 40.6561 4.7962 0.0735
Car -1 -1 1.3969 905.1162 180.4445 978.9948 230.0328 1.4467 1.5624 3.6173 10.7713 1.7153 23.5906 1.8199 0.0731
Car -1 -1 4.7320 235.8904 171.9144 258.5460 190.9428 1.5879 1.6650 3.9215 -31.2726 1.5095 62.3403 4.2686 0.0730
Car -1 -1 4.8500 873.0574 183.5438 910.9516 211.6672 1.4792 1.5493 3.6303 16.2393 2.1216 41.4040 5.2208 0.0720
Car -1 -1 1.2769 844.4672 179.6590 885.7140 203.1293 1.6099 1.7351 4.0403 18.6195 2.1267 52.7414 1.6140 0.0700
Car -1 -1 4.5580 915.7340 177.7641 959.4128 206.8632 1.5202 1.6361 3.8954 18.3463 1.8100 40.4961 4.9802 0.0697
Car -1 -1 1.7106 0.0000 181.4108 47.0841 220.5586 1.4840 1.5589 3.7067 -24.8108 1.8659 30.2115 1.0272 0.0697
Car -1 -1 1.0993 857.4680 183.4889 902.8718 205.9190 1.5331 1.7643 3.3702 19.7441 2.3371 52.7761 1.4550 0.0687
Car -1 -1 1.4343 297.3885 174.1212 325.4526 194.1027 1.5527 1.5708 4.0401 -24.1909 1.6592 58.4818 1.0434 0.0683
Car -1 -1 2.3692 0.0000 192.5709 153.4409 375.0000 1.4530 1.6116 4.0942 -7.2726 1.7292 8.0046 1.6482 0.0653
Car -1 -1 0.9497 0.0000 200.2676 162.2732 375.0000 1.4568 1.5964 3.9249 -6.6595 1.7680 7.0042 0.2085 0.0641
Car -1 -1 3.4592 296.8575 169.0928 418.6350 207.2053 1.4769 1.5199 4.3223 -9.9667 1.3311 28.7492 3.1281 0.0641
Car -1 -1 2.0651 861.0207 184.3552 910.3971 206.0079 1.4957 1.7699 3.9899 20.6553 2.3865 53.9124 2.4286 0.0639
Car -1 -1 5.2842 125.7325 151.0879 202.6809 182.6087 1.6104 1.6477 3.9325 -23.8748 0.4984 38.8488 4.7361 0.0633
Car -1 -1 5.2147 0.0000 192.6904 339.3902 375.0000 1.4764 1.6321 3.9383 -4.4877 1.7465 7.8506 4.7092 0.0604
Car -1 -1 1.7501 351.6647 168.1077 409.8703 205.0315 1.4372 1.6203 3.9662 -9.4776 1.2525 30.1523 1.4477 0.0600
Car -1 -1 4.6839 750.0889 181.4058 782.4086 210.7621 1.4759 1.6077 3.8160 8.5272 1.9677 39.4752 4.8945 0.0597
Car -1 -1 4.9821 319.8632 172.6910 361.8918 198.5374 1.6406 1.5917 4.0134 -17.7636 1.6302 47.8653 4.6283 0.0591
Car -1 -1 1.9055 219.0522 175.7013 331.3385 235.4154 1.4595 1.5877 3.8447 -9.0252 1.5455 19.8091 1.4827 0.0584
Car -1 -1 5.0355 247.9388 168.3248 293.1003 191.4692 1.5875 1.6844 4.1535 -24.2014 1.2768 51.6488 4.5991 0.0579
Car -1 -1 1.4368 286.4701 160.1221 342.5576 199.8357 1.5353 1.6628 3.8503 -12.3070 1.0431 29.9774 1.0501 0.0575
Car -1 -1 0.1815 171.8917 161.3182 268.4597 193.0088 1.5212 1.6028 4.0134 -19.3396 0.9674 36.0070 -0.3084 0.0575
Car -1 -1 2.5748 920.7463 182.8283 1063.2225 232.2501 1.4750 1.5832 3.7287 12.0597 1.8043 22.8701 3.0541 0.0573
Car -1 -1 2.9763 863.3567 175.8070 932.0957 206.8515 1.4956 1.5992 2.9627 14.3497 1.6477 36.0601 3.3518 0.0573
Car -1 -1 -1.7369 980.9551 172.4118 1012.6475 191.6151 1.5355 1.6524 4.0975 32.0989 1.5001 59.8993 -1.2473 0.0569
Car -1 -1 4.8871 187.5589 156.8610 239.8717 194.0394 1.8451 1.7439 3.9052 -20.7359 1.0514 37.9377 4.3897 0.0567
Car -1 -1 3.5064 277.7164 161.9920 395.1485 200.4617 1.5230 1.6221 4.1694 -11.0612 1.0930 29.3921 3.1492 0.0564
Car -1 -1 4.6867 947.7700 179.7752 980.4754 207.6071 1.4629 1.5553 3.6386 20.0471 1.8741 40.8872 5.1392 0.0562
Car -1 -1 -0.1956 624.9752 183.3404 734.7177 225.1886 1.4906 1.6421 3.8726 2.6047 1.9010 27.2224 -0.1020 0.0559
Car -1 -1 4.7774 131.8103 149.6407 198.0207 198.4877 1.5082 1.6250 3.9238 -14.9355 0.7915 24.3938 4.2328 0.0555
Car -1 -1 2.0571 310.2516 165.2819 396.8207 204.2102 1.4669 1.5764 4.0752 -10.2906 1.1816 29.3219 1.7221 0.0555
Car -1 -1 -0.7075 742.1238 182.6389 815.2245 212.0893 1.4629 1.5808 3.6357 9.0079 2.0045 38.4029 -0.4794 0.0554
Car -1 -1 2.9888 889.7105 177.8606 969.9437 206.1034 1.4811 1.6197 3.8143 17.4903 1.7645 39.5638 3.4019 0.0553
Car -1 -1 4.8678 272.1520 188.7753 366.6595 257.1458 1.4322 1.5863 3.8534 -7.1532 1.8774 18.1224 4.4964 0.0552
Car -1 -1 4.5597 703.1794 171.7188 748.0886 202.3621 1.4209 1.5940 3.8612 5.6330 1.3682 35.3897 4.7158 0.0545
Car -1 -1 0.4420 56.6313 161.2893 169.7412 195.5197 1.5051 1.6041 3.9321 -22.4938 0.9966 32.8224 -0.1552 0.0544
Car -1 -1 2.4026 0.0000 204.7275 38.3035 375.0000 1.4346 1.5384 3.9075 -7.2062 1.7946 6.1900 1.5629 0.0539
Car -1 -1 2.5143 911.9890 176.8719 968.9758 195.4162 1.4935 1.6535 4.1119 27.4358 1.8336 59.8552 2.9419 0.0521