Car -1 -1 4.5376 701.8181 189.8939 815.1558 273.4284 1.3912 1.5966 3.5522 2.8593 1.7766 14.5332 4.7269 0.9559
Car -1 -1 0.4849 128.3029 188.1642 407.3446 289.6042 1.5429 1.6312 3.9638 -5.6377 1.8213 12.1878 0.0593 0.9423
Car -1 -1 -0.2700 765.9878 180.1687 936.2578 239.8363 1.5325 1.6626 4.1032 6.4789 1.7413 19.6758 0.0429 0.9256
Car -1 -1 0.5387 0.0000 199.2625 342.2593 314.1692 1.4064 1.5490 4.1851 -6.0733 1.7999 9.9709 0.0030 0.9162
Car -1 -1 3.4386 267.8267 180.8563 435.1528 236.3358 1.4138 1.5933 3.9646 -6.8771 1.6398 19.5102 3.1035 0.8171
Car -1 -1 0.4476 254.8869 185.5790 454.2064 254.2842 1.4900 1.5732 4.1743 -5.9513 1.8087 17.0498 0.1160 0.7902
Car -1 -1 0.7467 0.0000 203.7325 154.0163 375.0000 1.4969 1.6032 3.7358 -6.9284 1.8399 7.2137 -0.0001 0.7803
Car -1 -1 0.2528 364.9300 184.7679 481.8076 230.0951 1.4515 1.5607 3.5320 -6.2104 1.8660 24.3094 0.0047 0.7695
Car -1 -1 3.4183 320.9837 186.2640 474.1675 235.9637 1.4259 1.5331 4.1979 -6.3493 1.8471 21.8907 3.1386 0.7378
Car -1 -1 3.2304 392.8268 178.5620 495.0596 220.3993 1.5912 1.6176 3.8420 -6.5327 1.8273 28.7869 3.0088 0.7160
Car -1 -1 0.1752 401.4542 167.1370 510.2456 206.1031 1.6533 1.7135 4.4169 -6.6491 1.4107 31.5394 -0.0313 0.6992
Car -1 -1 0.5480 198.0269 178.9187 413.7981 257.8961 1.4853 1.4944 3.8672 -6.1530 1.6182 14.7743 0.1592 0.6807
Car -1 -1 -0.1417 686.7132 171.8560 767.3451 202.7251 1.4657 1.5399 3.6835 5.6633 1.4183 35.0603 0.0167 0.6204
Car -1 -1 4.6464 637.6965 180.0988 666.1459 203.7435 1.4778 1.6377 3.9517 2.7967 1.9827 48.2963 4.7034 0.5961
Car -1 -1 2.9231 693.3154 181.2139 788.1902 214.2542 1.4401 1.5642 3.9908 5.9095 1.8297 32.7533 3.0994 0.5576
Car -1 -1 4.8537 529.3723 175.0632 557.1752 195.3946 1.5483 1.6510 4.0253 -5.2395 1.7305 57.4459 4.7628 0.5159
Car -1 -1 3.5366 487.0790 178.6666 550.8798 203.4631 1.5050 1.5731 3.6813 -5.7163 1.8826 45.6283 3.4122 0.3542
Car -1 -1 3.3446 467.8643 176.3820 538.8401 202.0889 1.4823 1.6261 3.9154 -6.2635 1.6961 42.7857 3.1998 0.2955
Car -1 -1 2.7789 704.4765 184.0258 811.4921 219.7335 1.4032 1.5943 4.0833 6.1732 1.8877 30.1734 2.9781 0.2406
Car -1 -1 3.4124 508.2029 175.2924 559.4120 195.2669 1.5185 1.5641 3.6818 -5.8828 1.7120 56.1910 3.3082 0.1768
Car -1 -1 4.5956 695.2710 169.8601 738.2674 203.0150 1.5751 1.6684 4.0478 5.3362 1.4328 36.3240 4.7399 0.1699
Car -1 -1 5.0658 514.2689 178.7649 560.1907 204.3870 1.5445 1.6523 4.0465 -4.6216 1.9445 46.6594 4.9672 0.1623
Car -1 -1 4.8591 484.2549 174.7288 520.7695 199.7697 1.4464 1.6357 3.9387 -6.4694 1.5657 43.9420 4.7134 0.1579
Car -1 -1 4.5011 385.8576 166.3580 420.2332 189.3028 1.6162 1.6551 3.8477 -15.1750 1.1586 52.9109 4.2229 0.1201
Car -1 -1 3.0097 848.5082 167.6512 914.8455 189.0543 1.4387 1.6215 4.0987 18.7054 1.0890 49.7507 3.3671 0.1110
Car -1 -1 4.6367 507.7157 176.0042 539.9675 201.2752 1.4446 1.6424 4.1182 -5.2650 1.6461 43.9683 4.5178 0.1044
Car -1 -1 4.2744 824.7074 167.8829 893.8353 202.7987 1.4227 1.5447 3.3179 10.6999 1.2201 31.1337 4.6022 0.1039
Car -1 -1 2.1537 0.0000 195.9249 166.2426 295.7534 1.4365 1.5534 3.4657 -9.7439 1.9079 12.9717 1.5191 0.0998
Car -1 -1 1.5322 473.2696 179.1608 511.7536 215.3712 1.4973 1.5676 3.6245 -5.3057 1.7978 32.4407 1.3709 0.0993
Car -1 -1 1.3449 732.5098 169.5327 800.6681 212.2929 1.4396 1.5663 3.9123 5.6237 1.3278 26.2618 1.5531 0.0993
Car -1 -1 4.5524 863.6689 167.1156 898.7480 189.3516 1.5011 1.6616 4.1706 19.1161 1.1137 50.9175 4.9094 0.0991
Car -1 -1 4.8815 406.8752 181.8259 476.2929 232.0456 1.4320 1.5610 3.5914 -5.2813 1.7416 23.0652 4.6583 0.0978
Car -1 -1 2.4588 376.8507 174.7380 492.8836 220.1836 1.5747 1.6483 4.1569 -6.5248 1.6517 27.3299 2.2262 0.0925
Car -1 -1 1.4183 481.7089 176.7249 518.6578 203.5443 1.4851 1.5777 3.9503 -6.5130 1.7255 42.6867 1.2674 0.0896
Car -1 -1 1.2802 738.8332 174.8581 825.0462 224.0058 1.4724 1.5926 4.3007 5.6068 1.5451 23.9924 1.5064 0.0868
Car -1 -1 1.8030 540.2267 181.6393 567.8600 200.4840 1.4938 1.4870 3.8404 -4.6657 2.2620 61.0831 1.7267 0.0864
Car -1 -1 4.4403 708.1297 166.6569 748.0507 190.0687 1.5036 1.6079 4.0479 7.9044 1.1056 48.4401 4.6008 0.0819
Car -1 -1 4.6030 354.0397 174.4541 377.3392 191.5764 1.4786 1.5772 3.8079 -21.9087 1.6268 64.7546 4.2778 0.0810
Car -1 -1 1.4097 512.1536 178.5162 550.5010 206.0772 1.5113 1.6369 3.9201 -4.6566 1.8617 42.5389 1.3008 0.0794
Car -1 -1 4.6476 825.5375 170.6156 852.4025 192.3768 1.5142 1.6023 3.7835 16.5703 1.3585 52.2354 4.9528 0.0789
Car -1 -1 4.7402 500.4058 176.7230 528.2084 201.7760 1.4622 1.5961 4.1288 -5.8870 1.7144 44.9054 4.6102 0.0785
Car -1 -1 1.4186 717.3868 175.0243 785.8157 224.8105 1.5049 1.6020 4.1755 4.6457 1.5837 24.1085 1.6061 0.0745
Car -1 -1 4.8248 447.7428 181.5963 499.1090 221.6965 1.5202 1.6658 4.0467 -5.6498 1.9130 30.3371 4.6417 0.0722
Car -1 -1 3.2422 627.3625 179.5845 681.9623 203.5086 1.5159 1.5987 3.4362 2.9814 1.9679 47.3860 3.3041 0.0716
Car -1 -1 0.9841 705.3488 180.4564 801.3848 219.8569 1.3997 1.5980 4.3678 5.6370 1.7282 28.8527 1.1745 0.0707
Car -1 -1 4.7967 689.6016 168.5658 714.5823 191.0642 1.7032 1.6377 3.7327 7.2898 1.3786 56.6199 4.9237 0.0684
Car -1 -1 1.9553 402.8011 177.9620 480.8187 221.9995 1.5898 1.6381 3.9455 -6.5530 1.8070 28.6088 1.7317 0.0681
Car -1 -1 4.6750 345.8592 170.5659 371.8074 192.6564 1.5339 1.6309 3.9823 -18.1855 1.3750 52.2534 4.3415 0.0667
Car -1 -1 0.6509 11.3502 178.7114 122.7145 215.0973 1.5863 1.6357 3.8103 -24.4242 1.8574 32.5649 0.0112 0.0664
Car -1 -1 0.5121 190.1164 178.7815 386.0860 246.1637 1.4974 1.5336 4.0320 -7.5749 1.6464 17.1725 0.1019 0.0660
Car -1 -1 4.8770 432.5332 167.4105 489.7902 207.6423 1.6210 1.7221 4.3758 -6.3469 1.4017 31.2875 4.6781 0.0660
Car -1 -1 3.3328 635.6776 176.1940 727.2549 211.3565 1.5378 1.6645 3.9464 3.3211 1.6977 33.1762 3.4311 0.0657
Car -1 -1 5.0038 296.8346 171.9456 339.1652 196.2367 1.5186 1.5713 3.6279 -18.9311 1.4618 46.9860 4.6226 0.0637
Car -1 -1 3.6105 13.4857 181.6109 305.2526 280.4477 1.5045 1.5848 3.8471 -7.3438 1.6622 12.0689 3.0732 0.0630
Car -1 -1 0.7621 439.4832 177.6798 513.1885 205.7189 1.5034 1.6547 4.1338 -7.6183 1.7907 41.1392 0.5797 0.0626
Car -1 -1 0.1833 492.2549 178.0611 565.7625 205.4979 1.5651 1.6256 4.0723 -4.7089 1.8786 42.4826 0.0731 0.0626
Car -1 -1 1.2952 696.4147 177.2222 771.1859 223.5758 1.5088 1.6130 3.9500 4.3669 1.6781 25.9245 1.4596 0.0625
Car -1 -1 1.4704 381.8405 172.1123 404.9412 189.5320 1.5130 1.5979 3.9935 -19.4448 1.4486 64.8214 1.1799 0.0612
Car -1 -1 4.0222 910.9144 178.3270 1117.0853 261.1821 1.4198 1.5894 3.7347 7.9535 1.5457 14.6153 4.5115 0.0605
Car -1 -1 4.7322 439.0741 160.0962 459.9179 182.7043 2.0104 1.7858 4.1010 -14.6866 0.8759 66.3468 4.5150 0.0604
Car -1 -1 3.5254 117.2893 170.3810 358.7680 249.3124 1.5382 1.6484 4.1621 -7.5811 1.4900 15.0417 3.0652 0.0598
Car -1 -1 4.7280 523.7814 175.2056 545.0658 195.5277 1.5157 1.5884 3.8751 -5.8308 1.7056 56.2768 4.6249 0.0592
Car -1 -1 1.6590 479.9925 177.0752 515.5609 205.7949 1.5439 1.6678 3.9733 -6.3672 1.7982 41.4228 1.5070 0.0591
Car -1 -1 0.6650 277.7019 180.3949 428.4072 232.6419 1.4342 1.6274 4.1468 -7.6887 1.6756 21.6584 0.3273 0.0575
Car -1 -1 1.6608 582.1998 178.8015 608.8082 201.6324 1.6461 1.6666 4.2049 -1.0397 2.1198 55.3034 1.6416 0.0551
Car -1 -1 3.3726 471.1110 174.1754 542.3680 198.1355 1.4492 1.5961 4.1167 -6.3443 1.5330 44.7318 3.2321 0.0538
Car -1 -1 1.4195 635.4852 178.3287 669.6140 203.8014 1.5441 1.6189 3.9547 2.7354 1.9137 46.6614 1.4772 0.0538
Car -1 -1 2.8492 916.9072 184.6713 1044.1533 225.1321 1.4849 1.6544 4.1411 14.4679 1.9683 28.3415 3.3164 0.0538
Car -1 -1 3.0917 666.2703 178.9187 749.7087 212.8219 1.4683 1.6226 3.6422 4.3883 1.7500 32.5510 3.2240 0.0530
Car -1 -1 4.8916 418.1778 180.4265 486.2274 228.6720 1.5524 1.6729 4.0556 -5.5546 1.8459 25.9136 4.6820 0.0523
Car -1 -1 2.9797 711.0795 164.5194 779.9133 187.5662 1.4800 1.6539 4.2122 8.8524 0.9448 47.2085 3.1637 0.0522