Car -1 -1 1.8934 294.2721 184.6896 342.9557 211.8103 1.5184 1.6110 3.8511 -17.7090 2.2738 44.0827 1.5132 0.8536
Car -1 -1 4.7532 554.0654 176.1836 575.0282 195.0113 1.5230 1.6164 3.6281 -3.7691 1.8122 60.8435 4.6912 0.4809
Car -1 -1 2.1670 169.2070 193.5235 240.2500 221.7374 1.5066 1.7584 4.0793 -24.4393 2.8197 43.7301 1.6597 0.4283
Car -1 -1 2.2931 74.1063 197.0843 154.4703 225.6080 1.4400 1.6625 3.9303 -28.7041 2.9182 41.9674 1.6959 0.3618
Car -1 -1 1.5585 225.3503 183.3404 245.3589 201.8337 1.5561 1.5629 4.0609 -33.8961 2.5368 65.3200 1.0813 0.2514
Car -1 -1 1.9779 164.8284 201.8982 252.0458 245.6610 1.3988 1.6826 3.2721 -14.9268 2.5558 27.0359 1.4772 0.2122
Car -1 -1 2.0272 55.6217 191.0163 113.2507 217.0108 1.6095 1.6456 3.8960 -36.0240 2.9101 49.6112 1.4015 0.1770
Car -1 -1 1.7803 543.2389 172.7929 574.9987 194.8524 1.7071 1.6929 4.2867 -4.0159 1.7023 58.0767 1.7112 0.1419
Car -1 -1 1.6071 195.8576 200.5690 247.8968 244.9120 1.4381 1.6231 3.7698 -14.9773 2.5928 28.0127 1.1197 0.1351
Car -1 -1 1.5314 307.3333 188.1067 344.8130 223.0922 1.5034 1.5405 3.6325 -13.6682 2.2786 34.6991 1.1584 0.1285
Car -1 -1 0.9923 150.0382 194.5620 219.7038 222.2437 1.4926 1.6886 3.9885 -25.3938 2.8398 43.1326 0.4626 0.1255
Car -1 -1 2.5707 59.7944 201.9136 142.7877 229.6504 1.4528 1.7318 3.8361 -31.1244 3.3217 44.3021 1.9608 0.1208
Car -1 -1 1.9836 211.2869 197.2069 299.2593 240.6410 1.4595 1.6599 3.9297 -13.8607 2.4879 28.4763 1.5339 0.1070
Car -1 -1 1.3524 53.9555 187.5092 99.6050 210.7833 1.4769 1.7082 4.1610 -37.1877 2.5400 50.3319 0.7184 0.0964
Car -1 -1 0.4669 199.6897 196.7954 320.2308 237.6974 1.4436 1.7297 3.7471 -13.2210 2.3837 27.4291 0.0211 0.0917
Car -1 -1 3.6261 154.5015 202.7493 274.1646 243.9698 1.4452 1.6568 3.6292 -14.9247 2.6146 27.3755 3.1307 0.0905
Car -1 -1 1.9004 146.1306 195.5683 193.8116 219.9756 1.5084 1.7036 3.7774 -30.6333 3.1585 50.3912 1.3563 0.0849
Car -1 -1 1.7923 285.1108 183.4074 331.8301 214.2448 1.6667 1.6697 4.1365 -17.7344 2.3226 42.6684 1.4003 0.0806
Car -1 -1 1.9484 205.1813 182.5176 245.6636 201.8506 1.5554 1.6700 4.1450 -33.1355 2.4193 62.3529 1.4615 0.0688
Car -1 -1 1.6156 34.7008 190.0040 70.3814 213.4575 1.4128 1.7173 3.9537 -37.5172 2.6197 48.6658 0.9614 0.0681
Car -1 -1 2.0254 105.8034 199.3060 168.4621 226.7754 1.5414 1.6977 4.2758 -30.6756 3.3460 46.9985 1.4495 0.0659
Car -1 -1 1.4199 127.3844 186.7552 161.2302 207.9830 1.5149 1.6463 3.9431 -36.2379 2.6360 56.1656 0.8489 0.0652
Car -1 -1 1.8511 357.7413 182.5096 404.0611 207.7214 1.4308 1.6317 4.1790 -14.0893 2.0569 44.6727 1.5469 0.0646
Car -1 -1 1.9449 188.6897 182.4845 234.2141 205.0452 1.6132 1.6493 4.1854 -30.6289 2.3849 55.6371 1.4434 0.0641
Car -1 -1 1.6864 210.0612 202.4281 273.3437 246.2716 1.3883 1.7315 3.4515 -13.8610 2.5880 27.3527 1.2209 0.0639
Car -1 -1 3.9052 79.3944 201.6427 150.8800 227.0972 1.4796 1.6937 3.5448 -31.2322 3.3447 45.6182 3.3073 0.0639
Car -1 -1 1.6337 554.8593 174.7503 578.0309 194.5406 1.5524 1.6306 4.2326 -3.4990 1.7134 59.1252 1.5745 0.0638
Car -1 -1 1.3873 261.5701 183.7208 315.3038 218.9978 1.5020 1.6200 4.0325 -15.2429 2.0482 34.1489 0.9700 0.0631
Car -1 -1 1.5346 555.8802 174.5935 578.6041 195.3298 1.5605 1.6346 4.1237 -3.3615 1.7025 56.7866 1.4754 0.0624
Car -1 -1 1.7672 214.8797 183.4040 246.4319 202.8335 1.5853 1.6230 4.4590 -33.4574 2.5529 63.8108 1.2857 0.0620
Car -1 -1 1.3921 544.5112 175.5453 572.2527 194.9832 1.5370 1.6106 3.9657 -4.2720 1.7679 59.7629 1.3207 0.0588
Car -1 -1 -0.0343 226.5443 190.8272 347.6093 233.4389 1.4438 1.6825 4.0962 -12.2372 2.1695 27.4863 -0.4499 0.0571
Car -1 -1 1.8033 588.6691 177.4666 618.9625 196.5794 1.4683 1.5775 4.0086 -0.4290 1.8564 58.5881 1.7956 0.0570
Car -1 -1 0.5061 164.5751 196.6351 246.5222 222.9116 1.4915 1.7489 3.9516 -24.2629 2.9516 43.4210 -0.0012 0.0563
Car -1 -1 3.1035 109.2227 193.3445 240.9933 238.8592 1.4594 1.6334 4.0448 -15.9019 2.2634 26.5258 2.5676 0.0554
Car -1 -1 1.9584 58.6291 198.0373 122.5376 228.2101 1.4563 1.6641 3.4752 -28.5796 2.9129 39.8503 1.3392 0.0544
Car -1 -1 1.6617 170.6170 185.0220 196.6264 205.7172 1.5967 1.4950 4.1826 -35.6628 2.6540 60.4802 1.1306 0.0542
Car -1 -1 4.4389 62.8023 199.0205 120.4135 228.3478 1.4678 1.7387 3.7406 -29.6391 3.0312 41.2616 3.8189 0.0530
Car -1 -1 3.9808 184.9098 199.1293 264.9978 231.7824 1.5144 1.6803 3.5793 -19.7833 2.9178 37.1321 3.4939 0.0512
Car -1 -1 1.8606 199.3065 196.1681 253.3761 223.2290 1.4316 1.7400 4.4344 -23.5751 2.9469 44.5535 1.3761 0.0507
Car -1 -1 -0.9158 334.1063 183.8651 419.1129 217.1871 1.4213 1.6181 4.2329 -11.0500 1.9830 34.5390 -1.2236 0.0505
Car -1 -1 1.8360 154.8072 195.4788 238.9016 242.5537 1.4150 1.6521 3.7147 -14.5357 2.2811 25.6170 1.3240 0.0502