Car -1 -1 4.2946 831.0452 189.3728 1172.0940 375.0000 1.4301 1.6437 3.6989 3.7002 1.6472 7.6215 4.7303 0.9703
Car -1 -1 1.9435 230.7354 192.4500 417.7362 300.8016 1.4875 1.6482 3.9309 -4.7315 1.8837 12.6038 1.5905 0.9673
Car -1 -1 1.8244 360.8333 189.0615 469.1782 256.1307 1.3820 1.5793 4.1021 -4.6757 1.8305 17.9117 1.5719 0.9608
Car -1 -1 2.1536 0.0000 200.4858 297.8940 375.0000 1.4971 1.6569 4.0518 -4.7748 1.8462 7.0851 1.5774 0.9544
Car -1 -1 4.5220 711.5739 183.2333 811.9337 252.0675 1.4681 1.6754 4.0527 3.6625 1.7568 18.0333 4.7183 0.9527
Car -1 -1 4.4068 738.8576 182.5789 910.2320 284.7022 1.4504 1.6306 4.2280 3.5674 1.6519 12.8017 4.6716 0.9512
Car -1 -1 1.7458 494.1983 180.2389 540.4840 213.5383 1.4440 1.5631 3.5008 -4.2739 1.8089 33.8688 1.6207 0.9089
Car -1 -1 4.6089 702.9523 178.6110 764.9813 229.0902 1.4786 1.5973 3.6202 3.9573 1.6802 23.4139 4.7736 0.8711
Car -1 -1 1.7184 515.1848 177.7975 555.7655 208.5954 1.5353 1.5942 3.9256 -3.9100 1.8135 38.6077 1.6177 0.5807
Car -1 -1 4.5341 685.9681 176.2254 742.5507 216.9058 1.5120 1.6147 3.6366 4.1341 1.6560 28.9727 4.6738 0.5596
Car -1 -1 3.1187 748.6696 172.6492 802.4950 190.6606 1.4325 1.6180 4.2038 13.4471 1.4162 58.5992 3.3428 0.4062
Car -1 -1 4.6471 688.2557 176.8932 728.1144 209.9089 1.4785 1.6469 3.7542 4.6915 1.6836 34.7120 4.7798 0.3658
Car -1 -1 1.8435 426.3683 179.1014 477.2878 208.6696 1.4274 1.6164 3.8143 -8.1559 1.7699 37.6084 1.6310 0.3513
Car -1 -1 4.9406 245.3713 179.1385 286.4954 202.9781 1.4259 1.5683 3.7082 -21.9360 1.8454 46.1791 4.4991 0.3163
Car -1 -1 3.7115 1104.3723 215.4528 1242.0000 375.0000 1.5065 1.6177 3.9136 3.7495 1.7574 2.2685 4.6810 0.2708
Car -1 -1 2.8154 852.8240 176.3837 966.6246 215.4241 1.4621 1.5322 3.7943 11.6051 1.6037 28.0635 3.2033 0.2469
Car -1 -1 4.2179 889.6271 175.6270 974.1724 214.7410 1.4565 1.5213 3.6860 12.8680 1.5754 29.0368 4.6308 0.2333
Car -1 -1 0.9096 963.7093 168.6727 1110.2136 218.9603 1.4961 1.6991 4.5455 13.9019 1.3717 23.8347 1.4318 0.2270
Car -1 -1 -0.1936 686.0121 179.4041 770.2217 212.1317 1.4689 1.5055 3.6366 5.4681 1.7806 33.5238 -0.0339 0.2193
Car -1 -1 0.8490 1044.0259 170.0589 1199.6243 223.8986 1.4007 1.5755 3.6838 14.5044 1.3280 20.6936 1.4534 0.2119
Car -1 -1 3.8841 1091.2590 186.6743 1242.0000 253.2043 1.4295 1.6325 4.2502 14.9170 1.8296 18.6582 4.5502 0.2051
Car -1 -1 2.3095 1103.5215 189.3859 1242.0000 375.0000 1.5087 1.6443 4.1566 4.9958 1.6096 3.3689 3.2465 0.1901
Car -1 -1 1.9741 212.7345 180.2674 287.9295 216.5975 1.4190 1.4935 3.8056 -15.2898 1.7566 30.9138 1.5179 0.1756
Car -1 -1 3.8103 157.6052 180.3844 270.9641 216.1282 1.4096 1.6098 4.0154 -16.4376 1.7353 30.0697 3.3135 0.1734
Car -1 -1 4.5193 965.3416 181.0674 1017.3508 213.5290 1.4180 1.5173 3.5767 18.1459 1.8318 34.4253 5.0004 0.1682
Car -1 -1 1.4837 723.1949 168.7629 749.9575 188.8752 1.4850 1.6604 4.1751 9.7173 1.1830 55.4272 1.6561 0.1636
Car -1 -1 1.5856 1091.3368 172.0996 1128.6471 202.3072 1.5308 1.5731 3.8971 26.7923 1.4926 38.6088 2.1883 0.1509
Car -1 -1 0.4225 253.5639 183.9159 334.1754 209.4163 1.5388 1.6097 4.3380 -19.6871 2.2429 45.0958 0.0127 0.1430
Car -1 -1 -0.6464 910.8057 176.0400 1019.4825 215.1091 1.4519 1.5195 3.6136 13.8114 1.5807 28.0863 -0.1939 0.1410
Car -1 -1 4.8782 765.2701 174.6123 800.1491 198.2770 1.4719 1.6172 3.8183 11.3757 1.5921 47.2587 5.1126 0.1286
Car -1 -1 4.2397 1020.8486 179.1186 1112.4371 219.9049 1.5031 1.6144 3.6413 18.2839 1.7717 29.0509 4.7964 0.1155
Car -1 -1 -0.5946 965.4924 173.6419 1107.7523 215.8446 1.4266 1.6062 4.1183 14.9485 1.4553 25.3663 -0.0676 0.1143
Car -1 -1 1.0122 1047.1965 176.8953 1160.4950 220.7703 1.4740 1.6260 3.8445 18.0332 1.6336 26.5474 1.6033 0.1131
Car -1 -1 1.3965 483.8074 175.8440 514.1834 197.2832 1.5392 1.5752 4.1601 -8.4094 1.7748 54.6434 1.2441 0.1123
Car -1 -1 2.2209 176.6509 184.7427 275.1072 224.1182 1.4158 1.5530 3.7277 -15.3570 1.9277 29.0990 1.7388 0.1106
Car -1 -1 1.4615 685.2571 175.2903 731.6544 211.9652 1.5168 1.6021 4.0483 4.3416 1.6323 32.1548 1.5940 0.1102
Car -1 -1 0.8066 646.3710 205.2380 1242.0000 375.0000 1.4369 1.5417 3.8833 1.8232 1.7473 4.8278 1.1458 0.1095
Car -1 -1 3.9471 1153.0812 191.3476 1242.0000 264.7731 1.4037 1.6399 4.1095 15.1848 1.8913 16.9347 4.6688 0.1060
Car -1 -1 4.3801 932.0591 220.4222 1242.0000 375.0000 1.4973 1.5874 3.8692 2.3212 1.8166 2.7582 5.0268 0.1025
Car -1 -1 2.4754 1059.8120 174.2625 1242.0000 239.2026 1.4955 1.5595 4.0330 13.3960 1.5312 17.4729 3.1209 0.1002
Car -1 -1 4.6807 620.1059 168.0107 639.4601 184.9359 1.4825 1.6180 4.0695 1.8013 1.0583 65.2393 4.7079 0.0988
Car -1 -1 1.3569 866.2472 174.3501 936.5306 216.3214 1.4252 1.5884 3.9280 10.7041 1.4848 26.7144 1.7337 0.0982
Car -1 -1 4.5522 649.0350 171.5239 672.7098 189.6229 1.5934 1.5825 3.6005 4.6220 1.4763 65.3892 4.6221 0.0977
Car -1 -1 0.8324 1114.5663 177.0027 1242.0000 226.0802 1.3960 1.5908 3.8273 18.1997 1.5385 22.8216 1.4989 0.0951
Car -1 -1 1.4095 646.4375 177.9185 700.7431 217.4202 1.5786 1.6877 4.2820 2.7261 1.8158 31.5973 1.4941 0.0944
Car -1 -1 4.3024 915.4199 176.0275 992.6103 215.4114 1.4225 1.5250 3.2207 13.2583 1.5526 27.9552 4.7407 0.0910
Car -1 -1 2.0041 1058.3093 175.9691 1127.7233 206.4408 1.4954 1.6231 3.6316 25.0631 1.6639 37.3869 2.5906 0.0839
Car -1 -1 0.9250 1035.4664 183.6745 1225.6879 258.1823 1.4577 1.5572 3.7583 11.7281 1.7350 16.5790 1.5317 0.0821
Car -1 -1 1.2585 1109.4417 169.0585 1179.1449 201.3033 1.4899 1.6037 3.9247 26.1723 1.3145 35.4531 1.8902 0.0760
Car -1 -1 2.1126 1102.2883 171.6792 1178.7102 201.7824 1.4994 1.6174 3.5116 27.4923 1.4409 37.3661 2.7429 0.0755
Car -1 -1 4.6518 654.7161 178.7359 700.9630 219.2085 1.4843 1.6086 3.6952 2.6727 1.7349 28.8764 4.7425 0.0740
Car -1 -1 -0.0899 1051.5568 185.4878 1170.8993 227.9087 1.4628 1.5834 3.5791 18.9045 1.9695 27.3758 0.5089 0.0736
Car -1 -1 5.3624 247.5821 179.1016 309.7870 203.7860 1.4631 1.5907 3.8333 -20.9515 1.8778 45.8480 4.9357 0.0735
Car -1 -1 0.8971 1070.9348 174.9299 1219.1467 220.7842 1.4154 1.6637 4.4046 18.1186 1.4929 24.7130 1.5237 0.0727
Car -1 -1 4.7483 778.5532 176.3047 805.4334 200.2809 1.5157 1.6106 3.9395 12.2530 1.7570 48.3386 4.9946 0.0707
Car -1 -1 4.3307 740.7773 172.7996 786.7666 195.6213 1.4423 1.6174 3.9255 10.1322 1.4389 47.6744 4.5385 0.0704
Car -1 -1 3.4872 731.9968 172.3000 800.4845 195.8447 1.4666 1.6365 4.0151 10.1234 1.4321 46.6998 3.6990 0.0697
Car -1 -1 -0.8761 1137.6906 173.5583 1242.0000 220.6262 1.4359 1.6307 4.2845 19.5667 1.4598 23.2395 -0.1829 0.0696
Car -1 -1 0.8962 919.3584 174.6610 1025.3574 216.6912 1.4311 1.5713 3.6149 13.2919 1.5027 26.6682 1.3538 0.0686
Car -1 -1 0.6416 0.0000 0.0000 1242.0000 375.0000 1.5985 1.6620 3.9191 3.0746 1.4589 1.6183 1.6552 0.0682
Car -1 -1 2.5756 1189.3068 185.3707 1242.0000 254.8745 1.4596 1.6406 4.3561 16.4918 1.7731 16.8347 3.3415 0.0665
Car -1 -1 -0.2688 487.5946 176.2972 543.3462 197.5718 1.5253 1.6416 3.8166 -7.0048 1.7888 53.7125 -0.3982 0.0659
Car -1 -1 1.3401 910.7964 176.4608 988.6268 222.8519 1.4631 1.5948 3.7903 11.7173 1.5986 25.0856 1.7721 0.0652
Car -1 -1 0.7521 1095.2657 178.1311 1242.0000 375.0000 1.5025 1.6541 3.9314 4.3786 1.5421 3.4148 1.6190 0.0649
Car -1 -1 -0.4172 529.8301 219.8172 1242.0000 375.0000 1.4653 1.5746 3.9558 1.6358 1.7619 3.7061 -0.0325 0.0635
Car -1 -1 0.8476 1149.6373 175.4681 1242.0000 228.8055 1.4123 1.5475 3.9292 18.2041 1.4966 21.2808 1.5481 0.0622
Car -1 -1 1.8564 449.0103 178.8479 498.3696 206.5752 1.4998 1.6637 4.3913 -7.8894 1.8698 42.2780 1.6726 0.0621
Car -1 -1 2.3159 967.2744 230.8873 1242.0000 375.0000 1.5075 1.6280 4.0491 3.7715 1.8014 2.6948 3.2145 0.0608
Car -1 -1 2.8090 1115.0421 170.9527 1226.0314 201.6970 1.4869 1.6615 4.0925 28.1363 1.3949 36.3313 3.4638 0.0602
Car -1 -1 0.4243 672.9229 178.5272 763.8589 213.2574 1.4753 1.5332 3.8018 4.9337 1.7469 32.8700 0.5714 0.0586
Car -1 -1 1.4420 697.1048 179.0810 740.9780 213.7873 1.4757 1.5218 3.6973 4.9824 1.7783 33.2092 1.5890 0.0580
Car -1 -1 1.6629 242.5813 178.7537 277.0892 204.5167 1.4844 1.5551 3.9386 -21.5959 1.8669 44.6603 1.2146 0.0574
Car -1 -1 -0.8828 775.7172 174.1171 835.8671 199.0019 1.5507 1.6785 3.9126 12.7918 1.6361 46.9656 -0.6189 0.0570
Car -1 -1 3.7299 380.7235 182.2655 466.6149 212.5878 1.4467 1.6401 4.0002 -9.4619 1.9448 36.7521 3.4793 0.0570
Car -1 -1 1.8922 234.3158 183.8912 305.2180 222.3579 1.4558 1.5222 3.9643 -14.2822 1.9544 30.5421 1.4578 0.0567