Car -1 -1 1.8024 382.7383 185.2915 423.6917 209.0515 1.4697 1.7533 4.1762 -13.9470 2.3506 48.9802 1.5260 0.7724
Car -1 -1 1.4508 221.6440 183.0486 249.4395 205.5277 1.7890 1.6309 4.0915 -31.9160 2.6887 61.5250 0.9738 0.3020
Car -1 -1 1.3997 379.0593 183.2040 416.4188 209.5503 1.6104 1.7176 4.0907 -14.1457 2.3315 48.0567 1.1145 0.1854
Car -1 -1 1.6247 412.3360 188.2729 434.1229 207.3248 1.4909 1.5966 3.9367 -15.9606 2.8588 61.9275 1.3731 0.1029
Car -1 -1 4.7854 214.4299 162.5551 244.4855 188.2159 1.7575 1.6234 3.6579 -27.0456 1.0521 51.4192 4.3031 0.1000
Car -1 -1 5.0401 249.7406 174.5603 302.5547 202.8086 1.6130 1.7189 3.8818 -20.0097 1.7206 43.4628 4.6108 0.0869
Car -1 -1 3.6714 213.5826 177.8445 289.3609 204.8201 1.5261 1.6138 3.6464 -20.8590 1.8237 42.1016 3.2137 0.0804
Car -1 -1 1.3965 200.4050 181.7706 232.1846 201.7763 1.5862 1.6707 4.2143 -33.4416 2.3707 61.3110 0.8988 0.0741
Car -1 -1 1.5498 270.3421 185.2983 292.0359 206.5491 1.6479 1.5804 4.2126 -27.7009 2.7354 60.8165 1.1237 0.0691
Car -1 -1 1.7774 211.9621 179.0792 258.6092 208.0208 1.6038 1.6547 4.1066 -22.3012 1.9949 43.1301 1.3025 0.0680
Car -1 -1 1.5920 307.0207 189.9183 342.5897 222.2340 1.5009 1.6360 3.6319 -14.7886 2.4371 37.5968 1.2193 0.0678
Car -1 -1 1.4218 382.1353 183.1043 419.4770 211.3016 1.6689 1.6980 4.3456 -13.5613 2.3659 46.7284 1.1405 0.0658
Car -1 -1 0.2845 372.1063 185.3212 440.0472 207.7815 1.4666 1.7375 4.1174 -13.7782 2.3287 48.9980 0.0114 0.0632
Car -1 -1 1.7666 455.1428 178.3185 491.8921 203.1369 1.5008 1.5670 4.0456 -8.7270 1.8688 46.5580 1.5819 0.0550
Car -1 -1 1.4573 450.0157 181.2174 474.9343 201.2335 1.5753 1.6097 4.0355 -12.4154 2.3047 60.7638 1.2562 0.0525
Car -1 -1 1.4621 301.0051 181.9492 347.0190 216.7042 1.4860 1.6094 3.9087 -13.5206 1.9418 34.0556 1.0865 0.0501