Car -1 -1 -0.1610 569.8850 189.2768 653.7833 218.9019 1.5480 1.7150 4.4595 0.0982 2.4910 40.2327 -0.1593 0.7950
Car -1 -1 1.6178 570.6276 180.8139 594.4246 202.4508 1.5238 1.6043 3.8943 -1.9991 2.1434 54.2098 1.5806 0.1874
Car -1 -1 1.1878 547.8728 193.1011 593.4080 217.2628 1.4500 1.7418 3.9400 -2.6911 2.8872 49.0640 1.1326 0.1823
Car -1 -1 4.7022 566.0997 190.4448 595.1794 219.0728 1.4622 1.5845 3.9103 -1.6761 2.5176 41.2963 4.6612 0.1278
Car -1 -1 -0.2234 566.5769 193.8349 628.9681 218.1196 1.4926 1.7782 3.8468 -0.8009 2.9255 47.9544 -0.2407 0.0954
Car -1 -1 1.3184 565.5998 181.4947 603.6220 205.4942 1.5601 1.6765 4.1875 -1.8019 2.1949 50.7663 1.2826 0.0909
Car -1 -1 1.5332 554.9547 187.7911 574.7365 206.7760 1.5217 1.5767 3.9325 -3.9342 2.8695 63.0700 1.4707 0.0868
Car -1 -1 2.0974 575.9562 179.5700 619.8487 201.3744 1.5355 1.5658 3.8581 -0.8353 2.0588 54.1511 2.0816 0.0858
Car -1 -1 3.1255 545.4235 189.7386 593.8380 208.4998 1.5515 1.4776 4.1147 -3.4463 3.0264 62.1446 3.0698 0.0858
Car -1 -1 1.1463 563.8110 194.9398 607.9133 220.3421 1.4830 1.7326 3.1350 -1.5756 2.9771 47.0240 1.1122 0.0780
Car -1 -1 0.5905 537.9817 186.9028 591.3758 208.8865 1.5029 1.7185 3.5659 -3.3064 2.5680 53.0630 0.5280 0.0752
Car -1 -1 4.8776 595.3541 178.3348 645.3683 215.5878 1.4961 1.6265 3.4425 0.5231 1.7483 31.3591 4.8935 0.0702
Car -1 -1 4.7372 616.7411 180.5376 654.2173 216.6635 1.4912 1.5868 3.3369 1.1982 1.8527 32.2270 4.7733 0.0669
Car -1 -1 1.4897 639.5343 193.9385 674.3055 222.6282 1.4571 1.6762 3.9106 2.6780 2.7278 41.5122 1.5529 0.0660
Car -1 -1 -0.2660 644.9047 190.5569 725.2427 219.3564 1.4880 1.7104 4.1132 4.1484 2.4960 39.9082 -0.1639 0.0631
Car -1 -1 1.1510 636.5478 187.7430 693.8581 218.9877 1.5073 1.6449 3.8517 2.9384 2.3530 38.8919 1.2251 0.0610
Car -1 -1 1.3019 523.0388 191.6943 563.6233 216.3077 1.4559 1.7125 3.9088 -4.4554 2.7668 48.0724 1.2094 0.0555
Car -1 -1 1.3910 537.3995 192.0989 563.2379 209.6685 1.4954 1.7824 3.7335 -5.6031 3.3607 67.9017 1.3085 0.0552
Car -1 -1 2.6569 558.0900 180.6565 615.4655 202.9669 1.5567 1.5910 3.9386 -1.6678 2.1497 53.1742 2.6253 0.0548
Car -1 -1 1.4763 515.1978 185.8410 550.4247 213.0084 1.4071 1.6357 4.1323 -4.4757 2.1962 41.6511 1.3694 0.0534
Car -1 -1 -0.0207 561.5333 177.9514 653.3486 213.6947 1.4935 1.6235 3.8745 -0.1064 1.7203 31.2527 -0.0247 0.0526