Car -1 -1 4.4242 706.8924 181.9845 895.2821 297.9260 1.4328 1.6303 4.2952 2.7664 1.6054 11.4530 4.6542 0.9756
Car -1 -1 0.4362 222.4794 184.2169 449.9134 258.3948 1.4451 1.6389 4.2346 -5.7182 1.7027 15.3582 0.0848 0.9608
Car -1 -1 0.7368 0.0000 186.1718 297.3453 324.1609 1.6114 1.5655 3.8016 -6.4089 1.8109 9.7221 0.1662 0.9463
Car -1 -1 4.5431 678.2162 179.7759 753.0034 230.3391 1.3726 1.5810 4.1288 3.1641 1.6061 22.2469 4.6818 0.9135
Car -1 -1 3.7954 0.0000 199.5652 203.5184 375.0000 1.5594 1.6421 3.9656 -6.5399 1.8628 7.2528 3.0798 0.7788
Car -1 -1 3.4707 260.9167 182.9255 443.4265 242.8928 1.4053 1.5314 3.9931 -6.3030 1.6666 17.9438 3.1370 0.7582
Car -1 -1 4.6318 650.4338 169.4847 684.8835 197.8228 1.5540 1.6450 4.1397 3.3034 1.3692 41.6384 4.7100 0.7250
Car -1 -1 3.4354 299.9326 161.9365 453.7609 223.9604 1.6773 1.6709 3.8086 -6.4781 1.3821 20.3687 3.1308 0.6384
Car -1 -1 -0.1472 651.2974 169.1749 730.8525 198.6567 1.6153 1.7244 4.2246 4.5293 1.4138 40.4735 -0.0370 0.2530
Car -1 -1 1.2976 671.3644 184.5728 741.2944 229.5844 1.4650 1.5944 3.6510 3.4597 1.9251 26.4070 1.4256 0.2416
Car -1 -1 1.4565 145.0006 174.3315 189.1329 204.2494 1.5513 1.6226 4.1086 -24.4069 1.6371 39.7425 0.9085 0.2342
Car -1 -1 1.8658 512.8431 174.7044 558.1032 202.4677 1.4527 1.4961 3.6317 -4.0494 1.5601 39.9378 1.7650 0.2226
Car -1 -1 3.5071 383.7236 174.7235 498.8756 216.5163 1.4061 1.5630 3.6273 -5.8803 1.4746 25.3944 3.2814 0.2189
Car -1 -1 1.5408 414.0917 160.9671 435.3827 180.7415 1.6977 1.7112 4.2570 -16.4793 0.6772 64.2304 1.2905 0.2089
Car -1 -1 1.3018 547.0879 177.1759 574.9434 194.2178 1.4445 1.5256 3.7668 -4.3498 1.8413 64.2170 1.2341 0.1768
Car -1 -1 4.9136 523.7307 169.3365 560.5420 194.7568 1.6052 1.6203 4.1620 -4.4084 1.3830 47.7182 4.8216 0.1733
Car -1 -1 3.3357 448.0681 173.6699 529.5305 201.5483 1.3841 1.5254 3.8627 -6.1013 1.4266 36.6923 3.1717 0.1716
Car -1 -1 4.6166 722.1325 174.4958 758.5918 203.3880 1.4358 1.5249 3.7798 6.8437 1.5267 38.0227 4.7929 0.1681
Car -1 -1 3.7061 75.0180 161.6481 218.6784 203.6982 1.5793 1.6877 4.4822 -17.8365 1.1584 27.9445 3.1422 0.1673
Car -1 -1 4.9687 540.8069 170.7088 573.5806 190.9043 1.5331 1.6207 3.9696 -4.0868 1.3703 56.8754 4.8970 0.1670
Car -1 -1 4.2600 0.0000 202.2950 71.5755 375.0000 1.5421 1.6634 4.0228 -6.4643 1.8227 5.5231 3.4203 0.1572
Car -1 -1 1.5440 846.9349 171.6424 879.8643 201.4281 1.5606 1.6003 3.8322 13.9805 1.4971 39.8735 1.8785 0.1535
Car -1 -1 1.4777 482.7426 171.7336 523.5851 203.6526 1.4582 1.5675 4.4406 -5.2618 1.4070 35.3058 1.3305 0.1517
Car -1 -1 4.4936 460.2642 167.1105 489.4601 187.8997 1.7857 1.6981 4.1303 -12.0187 1.2924 64.2113 4.3090 0.1510
Car -1 -1 1.5892 747.2597 175.9369 765.1217 192.6163 1.4835 1.5576 3.8379 13.6307 1.7783 66.9698 1.7888 0.1506
Car -1 -1 3.3668 448.2926 176.9265 531.6503 208.8388 1.4461 1.5422 3.5978 -5.5647 1.6418 33.8036 3.2045 0.1486
Car -1 -1 4.6365 849.0776 176.5230 892.1656 209.8506 1.4325 1.5826 3.7465 12.0506 1.6129 33.4725 4.9788 0.1419
Car -1 -1 4.3276 372.8620 158.8537 417.1564 183.1994 1.6865 1.6637 4.0627 -15.5218 0.7167 52.0899 4.0392 0.1408
Car -1 -1 -0.2849 672.0344 179.5888 790.3978 221.2055 1.4959 1.6689 4.1217 4.5664 1.7614 27.3637 -0.1220 0.1371
Car -1 -1 0.3350 398.0754 162.5008 449.8193 180.3947 1.5515 1.6818 4.0894 -16.3297 0.6538 63.5721 0.0844 0.1363
Car -1 -1 4.6060 673.1513 176.7462 725.5721 217.7732 1.4685 1.6251 3.6662 3.4203 1.6296 28.0195 4.7255 0.1338
Car -1 -1 1.3313 529.2542 173.0521 565.5997 197.2218 1.5893 1.6062 3.9028 -4.3098 1.6034 49.5843 1.2447 0.1291
Car -1 -1 1.1685 711.6250 176.8842 764.9517 205.2520 1.4581 1.5196 3.7763 7.0157 1.6909 39.6687 1.3418 0.1271
Car -1 -1 4.3685 17.7932 171.7725 83.6253 199.4684 1.5217 1.6715 4.2363 -32.1559 1.4623 41.4909 3.7121 0.1267
Car -1 -1 4.5319 724.4716 170.8848 753.2469 190.7198 1.5560 1.6051 3.9800 10.4609 1.4015 58.5962 4.7074 0.1185
Car -1 -1 1.8072 443.6353 171.3976 515.0608 213.2669 1.4218 1.6438 4.1802 -4.7069 1.3724 26.6400 1.6336 0.1178
Car -1 -1 4.9425 72.6216 176.5462 121.7623 203.4419 1.5067 1.5810 3.6564 -30.4365 1.7367 42.9574 4.3288 0.1129
Car -1 -1 4.9189 460.2270 178.0928 519.8594 217.4450 1.4312 1.5920 3.7377 -4.6703 1.6531 28.6520 4.7582 0.1110
Car -1 -1 4.7276 112.0311 171.1432 151.8528 203.2630 1.4667 1.5350 3.5297 -23.0161 1.3886 34.8498 4.1472 0.1104
Car -1 -1 -0.5007 839.6140 174.0385 921.7275 202.1352 1.4717 1.5929 3.8603 14.6063 1.5374 38.9504 -0.1448 0.1099
Car -1 -1 1.5263 830.9518 176.3160 859.2779 202.6443 1.4776 1.4392 3.3050 13.9205 1.6913 42.7475 1.8386 0.1083
Car -1 -1 4.7139 487.5604 177.8365 525.8513 213.2903 1.4360 1.5717 3.9697 -4.5369 1.6705 31.8822 4.5732 0.1049
Car -1 -1 4.5502 477.2676 171.3396 520.2283 199.9610 1.4082 1.6215 3.7620 -5.8112 1.3337 37.5408 4.3973 0.1037
Car -1 -1 3.3983 437.7352 180.5087 532.1146 215.8935 1.4506 1.5966 3.7041 -5.3050 1.7891 30.9512 3.2295 0.1027
Car -1 -1 1.0728 839.1971 172.5738 904.1625 202.3197 1.4678 1.6066 3.6723 13.5622 1.4540 37.5422 1.4166 0.1016
Car -1 -1 4.9744 372.0702 170.4862 465.5007 228.5120 1.5780 1.6816 4.0970 -5.6003 1.5136 21.6805 4.7241 0.0992
Car -1 -1 4.5438 632.4109 174.4611 663.3576 197.1626 1.5934 1.6206 3.9758 2.7751 1.7161 53.0062 4.5954 0.0921
Car -1 -1 0.2114 399.9196 182.2380 510.9668 222.6928 1.4699 1.6341 3.8682 -5.7957 1.8373 27.4254 0.0046 0.0921
Car -1 -1 -0.4765 727.7465 173.4561 812.6989 202.7479 1.4486 1.5777 3.9730 8.2256 1.4805 37.0075 -0.2599 0.0853
Car -1 -1 5.2296 158.8919 168.8534 256.3729 209.5891 1.5337 1.6474 4.0342 -16.1279 1.3831 29.1957 4.7285 0.0823
Car -1 -1 -0.2314 635.7929 175.7841 690.7953 197.2112 1.4968 1.6066 3.6646 3.8369 1.7114 51.7797 -0.1582 0.0814
Car -1 -1 0.9918 702.2627 174.9761 740.3892 191.4681 1.4708 1.5929 3.9527 10.3436 1.6742 67.0262 1.1439 0.0811
Car -1 -1 0.7760 583.2787 177.1973 687.7935 217.9467 1.4456 1.6006 4.1148 0.9429 1.6269 28.0731 0.8086 0.0803
Car -1 -1 4.7866 530.1497 164.5098 558.7654 189.5433 1.7317 1.7425 4.2330 -4.6534 1.1545 52.0425 4.6976 0.0782
Car -1 -1 3.0827 780.0660 177.6379 880.9402 212.7154 1.5259 1.6775 4.3193 10.0321 1.7538 33.0600 3.3743 0.0765
Car -1 -1 1.8061 153.1554 179.1396 209.6892 212.7840 1.5013 1.5201 3.6869 -20.6445 1.8228 34.9232 1.2754 0.0757
Car -1 -1 1.5890 63.1463 174.7080 92.5108 198.3270 1.5618 1.5599 3.6757 -36.7851 1.6952 49.9698 0.9568 0.0754
Car -1 -1 2.2656 38.8476 176.4874 142.1490 217.5786 1.5247 1.4622 3.4686 -20.6527 1.6791 28.8753 1.6490 0.0752
Car -1 -1 3.0145 846.1458 176.6069 930.3925 210.5823 1.4531 1.5311 3.3391 12.3892 1.6267 32.2452 3.3778 0.0751
Car -1 -1 1.5011 847.2753 174.0773 879.4424 201.1079 1.5091 1.5245 3.5878 14.8671 1.5842 42.3887 1.8359 0.0733
Car -1 -1 3.9189 103.1563 171.6638 198.1179 205.0964 1.5267 1.5956 3.7553 -21.6826 1.4724 34.1296 3.3563 0.0732
Car -1 -1 3.5977 465.0385 176.7841 544.4114 204.7515 1.4415 1.6079 3.9336 -5.6494 1.6610 38.9432 3.4542 0.0708
Car -1 -1 0.4071 470.9349 171.3787 558.7149 201.9698 1.4705 1.5709 4.0509 -4.7137 1.3996 35.9945 0.2774 0.0700
Car -1 -1 4.7692 706.9003 173.7135 741.0344 202.9581 1.4344 1.5426 3.8024 5.9910 1.4815 37.5307 4.9258 0.0689
Car -1 -1 0.5603 22.6542 174.2352 116.2955 200.4163 1.4785 1.6358 4.1075 -31.2438 1.5604 41.8255 -0.0784 0.0685
Car -1 -1 3.8475 121.9681 174.1421 262.4827 218.5121 1.4478 1.6227 4.1195 -14.2996 1.4941 24.7925 3.3288 0.0674
Car -1 -1 2.5013 0.0000 195.2099 166.1899 375.0000 1.5496 1.6567 4.1866 -6.5798 1.8304 6.8515 1.7555 0.0671
Car -1 -1 3.2909 441.9649 174.4599 533.2156 206.1971 1.4848 1.6628 4.1240 -5.8123 1.5639 34.7071 3.1258 0.0650