Car -1 -1 4.7062 548.2610 193.2106 709.4510 339.4265 1.4263 1.6191 3.5310 0.2518 1.5461 8.9890 4.7328 0.9502
Car -1 -1 4.6703 559.8449 169.7362 613.6908 218.9907 1.5091 1.6281 3.6292 -0.7444 1.0348 23.8938 4.6392 0.5592
Car -1 -1 4.6472 565.7352 177.1958 653.3691 251.8517 1.4511 1.6642 4.1337 -0.0693 1.2952 16.0927 4.6425 0.4693
Car -1 -1 4.9782 692.8566 163.6658 727.3640 184.7724 1.6220 1.7100 4.1386 8.2803 -0.0369 57.5747 5.1200 0.2659
Car -1 -1 1.7659 605.2776 166.0000 659.3678 202.8227 1.4829 1.5947 3.9488 1.1510 0.7090 31.0532 1.8023 0.2523
Car -1 -1 3.4486 611.7958 172.2151 665.9177 190.3511 1.4557 1.4990 4.1899 2.6036 0.4122 59.1216 3.4920 0.1939
Car -1 -1 4.6816 597.3601 157.2683 623.4881 181.1791 1.5697 1.6884 3.8644 0.1892 -0.2907 49.8062 4.6851 0.1761
Car -1 -1 4.8331 333.4118 166.7961 367.5592 192.3633 1.6047 1.6477 3.8693 -16.8012 0.4486 47.1857 4.4927 0.1736
Car -1 -1 4.7261 335.2818 173.8327 355.3938 192.2050 1.5733 1.6142 4.0274 -23.1830 0.5985 63.7262 4.3783 0.1482
Car -1 -1 -0.0805 541.2657 180.5555 734.6666 256.8556 1.4951 1.6194 3.8221 0.5828 1.4037 14.9763 -0.0428 0.1357
Car -1 -1 4.5669 333.8509 165.8890 377.7840 197.1505 1.5236 1.6209 3.7104 -12.9966 0.5817 37.0553 4.2317 0.1294
Car -1 -1 3.5514 675.5571 164.5151 731.9855 183.9561 1.4737 1.5702 4.1057 7.5686 -0.1019 56.4476 3.6837 0.1218
Car -1 -1 3.1369 614.4638 177.2785 666.8626 198.2167 1.5164 1.4732 3.7964 2.4550 0.9415 52.8736 3.1827 0.1216
Car -1 -1 4.3593 583.6348 166.1843 637.8475 197.1266 1.5519 1.6685 3.7682 0.1322 0.5974 38.1095 4.3624 0.1176
Car -1 -1 4.2708 510.5222 161.2460 555.1614 186.8298 1.8396 1.7227 4.1435 -5.6167 0.1161 53.9072 4.1673 0.1147
Car -1 -1 0.0062 641.1268 175.5391 707.9105 200.7132 1.6069 1.6871 4.2636 4.3902 0.9892 46.9333 0.0985 0.1146
Car -1 -1 1.5733 306.1509 172.8707 326.0990 190.8580 1.5389 1.5895 3.9894 -25.7592 0.4827 63.6488 1.1899 0.1128
Car -1 -1 0.3469 301.3864 167.2991 372.3597 190.9114 1.4868 1.6205 3.9433 -17.2927 0.3586 46.0952 -0.0103 0.1090
Car -1 -1 1.3440 673.2726 176.1933 709.8690 199.1964 1.4793 1.5901 3.9319 5.6184 0.8991 48.2699 1.4588 0.1065
Car -1 -1 4.3904 399.1501 162.7040 438.6208 185.7668 1.7467 1.7437 4.2972 -14.8946 0.0417 56.7210 4.1345 0.1058
Car -1 -1 4.8447 493.5394 155.8157 546.4348 196.2251 1.4699 1.5715 3.5853 -3.3255 0.4005 27.9525 4.7273 0.1046
Car -1 -1 4.5749 691.4157 166.9677 719.9828 189.0263 1.5726 1.6049 3.5979 7.2338 0.2717 53.0496 4.7094 0.0989
Car -1 -1 1.8745 318.8482 168.7368 381.3246 205.0258 1.6557 1.7075 4.0367 -12.3736 0.9038 34.8447 1.5355 0.0966
Car -1 -1 -0.2338 555.2538 171.1348 640.5446 203.5148 1.5965 1.6637 4.0852 -0.4933 0.9022 36.7502 -0.2474 0.0933
Car -1 -1 4.4663 414.5082 166.2309 447.7062 188.0848 1.7736 1.7340 4.2637 -14.8857 0.2328 60.6302 4.2263 0.0919
Car -1 -1 4.0375 488.4294 181.6921 563.1146 210.3264 1.4286 1.6452 4.2086 -4.3431 1.2528 37.9323 3.9239 0.0872
Car -1 -1 4.6341 626.8256 175.9704 652.4426 197.0221 1.5277 1.6131 4.0526 2.4112 0.8568 54.2178 4.6779 0.0842
Car -1 -1 3.2909 584.8214 159.9433 644.8276 182.5666 1.4964 1.6449 3.8828 0.5405 -0.1845 48.9336 3.3017 0.0840
Car -1 -1 4.7080 530.3402 172.9751 584.1171 222.0322 1.4991 1.6439 3.8601 -1.6707 1.1250 23.9522 4.6388 0.0812
Car -1 -1 2.0223 311.8936 170.9031 380.4269 203.3032 1.5213 1.6485 3.9238 -12.9082 0.8493 35.7921 1.6783 0.0757
Car -1 -1 4.2285 520.5283 162.8952 568.0007 188.3930 1.7860 1.7899 4.0185 -4.6379 0.2226 52.5256 4.1406 0.0719
Car -1 -1 4.6728 424.3617 158.5668 448.8504 182.0747 1.7779 1.7323 4.2686 -13.6206 -0.2602 57.2668 4.4402 0.0684
Car -1 -1 3.7789 329.8761 168.3696 415.5361 200.8463 1.5650 1.6716 3.8459 -11.7470 0.7532 36.0451 3.4659 0.0682
Car -1 -1 1.6605 601.6549 160.0882 631.4867 183.6640 1.5217 1.6706 3.9802 0.6751 -0.1097 48.7372 1.6741 0.0647
Car -1 -1 -0.1553 691.0795 162.8805 747.3165 182.6965 1.5305 1.6567 4.1649 8.7815 -0.2012 56.5668 -0.0023 0.0647
Car -1 -1 4.7576 227.0629 160.1126 286.6314 207.6642 1.4685 1.6092 3.8699 -11.7538 0.6933 24.2952 4.3113 0.0641
Car -1 -1 4.0275 497.2344 180.6238 561.3096 206.8523 1.4379 1.6051 3.8217 -4.5133 1.1862 41.3218 3.9190 0.0636
Car -1 -1 1.7433 591.8851 168.6779 638.6237 202.7596 1.5923 1.6458 4.0606 0.4607 0.8197 35.7321 1.7558 0.0629
Car -1 -1 3.1330 524.3353 178.0910 720.1140 247.8483 1.5132 1.6616 4.2525 0.3324 1.3587 16.4475 3.1524 0.0625
Car -1 -1 1.6957 559.7338 179.0538 595.2531 204.9117 1.4424 1.5922 3.9947 -1.6942 1.0987 42.1574 1.6554 0.0617
Car -1 -1 -0.0541 450.6534 156.2259 558.9699 197.3569 1.4850 1.6024 3.9340 -3.8770 0.4384 27.1208 -0.1948 0.0611
Car -1 -1 4.4802 674.2952 185.2394 811.7142 276.8179 1.4945 1.6391 4.0840 2.4214 1.4950 13.8216 4.6498 0.0608
Car -1 -1 3.7681 274.9483 176.3622 322.4129 191.9528 1.4489 1.5687 3.9604 -29.1773 0.6261 68.0104 3.3640 0.0605
Car -1 -1 2.0307 291.5173 175.9520 327.1734 191.4275 1.4340 1.5470 3.9516 -28.3905 0.5756 68.6354 1.6396 0.0593
Car -1 -1 3.1319 463.6073 179.7408 663.4559 257.5830 1.4812 1.6029 3.8326 -0.8757 1.3770 14.6103 3.0727 0.0592
Car -1 -1 1.6437 589.1348 166.6010 632.2289 202.8071 1.4756 1.5867 4.0016 0.2101 0.7169 31.3541 1.6500 0.0586
Car -1 -1 1.3199 527.2211 177.3068 570.1096 203.2677 1.4422 1.5868 3.8602 -3.4677 1.0029 42.0185 1.2377 0.0586
Car -1 -1 2.0252 561.5553 173.5000 640.5781 212.7795 1.4737 1.5985 4.0049 -0.1680 1.0341 29.1210 2.0191 0.0582
Car -1 -1 1.5361 558.1668 179.7382 649.5085 265.2247 1.4869 1.5946 3.8284 -0.1420 1.3916 14.4515 1.5260 0.0582
Car -1 -1 4.2245 669.0195 164.9554 710.8882 184.5769 1.5111 1.6144 4.0686 6.5953 -0.0532 57.6905 4.3374 0.0571
Car -1 -1 1.6729 527.4299 184.0450 565.0582 212.8731 1.4292 1.5756 3.7837 -3.1342 1.3712 37.5453 1.5898 0.0565
Car -1 -1 3.3162 523.2343 169.9412 647.7511 218.1158 1.5240 1.6323 3.9003 -0.6741 1.0408 23.8329 3.2879 0.0564
Car -1 -1 4.8506 600.8114 175.0725 646.4364 209.4430 1.4889 1.5979 3.7369 0.8113 1.0495 33.1133 4.8745 0.0563
Car -1 -1 1.8028 525.7670 182.1004 570.9638 210.0003 1.4689 1.6349 3.9350 -3.2093 1.3049 39.9160 1.7227 0.0550
Car -1 -1 -0.3568 602.3608 170.3285 699.3666 206.7716 1.4581 1.6009 3.7260 1.8122 0.8625 30.0731 -0.2975 0.0547
Car -1 -1 2.0310 174.4528 166.1217 289.9595 220.5509 1.5677 1.6367 3.9055 -11.6661 1.0177 22.6661 1.5604 0.0546
Car -1 -1 5.0263 696.8109 161.9639 737.1935 186.1412 1.7054 1.7117 4.2614 8.1379 0.0653 52.9946 5.1776 0.0545
Car -1 -1 3.1703 642.9175 180.5147 711.4465 207.1690 1.5344 1.6102 3.9513 4.1416 1.2638 42.4267 3.2665 0.0541
Car -1 -1 4.6934 671.6461 193.0564 719.5023 238.2702 1.4428 1.5642 3.6145 3.0872 1.7410 25.4655 4.8121 0.0528
Car -1 -1 4.9482 508.0032 160.3924 574.0677 201.0787 1.4783 1.6437 4.1895 -2.5160 0.5764 28.3123 4.8602 0.0525
Car -1 -1 -0.5146 563.3467 185.6491 765.0530 260.8995 1.4895 1.6526 4.1679 1.2775 1.5000 15.8770 -0.4362 0.0525
Car -1 -1 4.3365 484.6108 157.0764 551.8374 193.7922 1.5081 1.6412 3.8224 -3.9707 0.3523 31.5977 4.2124 0.0525
Car -1 -1 4.5626 697.2375 163.9649 724.8216 183.5491 1.4820 1.5974 3.7880 8.1427 -0.1357 56.6224 4.7044 0.0525
Car -1 -1 4.4928 629.1708 172.2954 658.9426 190.9070 1.5081 1.6335 4.1346 3.0594 0.4612 60.4262 4.5428 0.0521
Car -1 -1 1.8885 500.7529 170.0587 589.3212 222.9921 1.4973 1.5981 3.8935 -1.8330 1.0686 22.4143 1.8075 0.0515