Car -1 -1 2.0871 0.0000 198.3210 295.2058 375.0000 1.4748 1.6197 3.8668 -4.4150 1.7761 6.5584 1.5127 0.9786
Car -1 -1 1.8522 244.4859 177.6623 412.5607 299.5407 1.6630 1.5369 3.7366 -4.4166 1.7551 11.9120 1.5036 0.9669
Car -1 -1 1.8048 371.7037 177.3288 480.2334 252.3507 1.5735 1.6090 4.0101 -4.2716 1.6938 17.3816 1.5667 0.9661
Car -1 -1 4.2837 813.5933 177.9490 1242.0000 375.0000 1.5166 1.6526 3.7655 2.9816 1.5714 5.8607 4.7330 0.9511
Car -1 -1 4.4787 701.0508 179.6363 832.4667 264.9959 1.4381 1.6684 3.8279 2.9675 1.5918 14.4076 4.6768 0.9507
Car -1 -1 4.5431 680.3729 173.6682 763.6907 233.1379 1.5269 1.6495 4.1643 3.1050 1.5526 20.6833 4.6893 0.5612
Car -1 -1 4.4609 622.8711 166.9133 659.1219 192.4950 1.7014 1.6285 3.7248 2.1361 1.3063 49.9804 4.5030 0.4511
Car -1 -1 4.5358 509.7658 174.0379 541.2524 197.2843 1.6163 1.6046 3.9536 -6.1530 1.7060 52.5096 4.4193 0.3568
Car -1 -1 5.2341 430.8942 165.4949 479.9850 189.6082 1.5195 1.5837 3.5657 -10.0769 1.0558 47.4081 5.0255 0.2339
Car -1 -1 4.5060 606.7354 171.3559 634.7415 191.5145 1.5261 1.5293 3.3674 0.8449 1.4127 56.4234 4.5205 0.2194
Car -1 -1 4.5427 583.5636 173.8747 606.5920 190.4416 1.5290 1.5884 3.7186 -1.4078 1.6292 68.8127 4.5220 0.1626
Car -1 -1 1.5596 455.7353 185.9599 489.8380 217.5687 1.4847 1.6659 4.1331 -7.2028 2.2128 37.8972 1.3725 0.1333
Car -1 -1 1.9861 526.8574 172.1249 559.8956 189.6941 1.6020 1.6316 3.9729 -6.1940 1.5355 67.9330 1.8952 0.1154
Car -1 -1 4.4460 638.4742 162.8256 670.1509 183.2607 1.6357 1.6476 3.9061 3.6729 0.8330 59.8341 4.5067 0.1148
Car -1 -1 2.1526 459.1545 181.0673 513.9207 205.5635 1.4380 1.5901 3.8122 -7.7559 1.9829 45.8064 1.9854 0.1024
Car -1 -1 1.5203 621.3821 172.7513 658.2947 206.1191 1.5633 1.6226 3.9708 1.4517 1.5585 35.7980 1.5600 0.1000
Car -1 -1 1.4721 644.8681 169.5987 684.8236 203.5054 1.5942 1.5877 4.0053 2.6994 1.4411 35.9461 1.5459 0.0947
Car -1 -1 1.6937 627.3197 174.6666 667.0898 207.6442 1.6783 1.6530 4.1935 2.0967 1.7823 39.1730 1.7462 0.0857
Car -1 -1 1.0111 902.1664 106.8262 1242.0000 267.9344 1.5308 1.6272 3.8723 5.2369 0.9034 8.8217 1.5323 0.0817
Car -1 -1 1.4087 471.9572 186.9789 515.8616 218.0286 1.4726 1.6696 4.0738 -6.2079 2.2676 38.4143 1.2490 0.0807
Car -1 -1 4.6343 629.8936 171.9585 662.7000 199.2573 1.5229 1.6159 3.8188 2.1049 1.4729 42.1834 4.6834 0.0805
Car -1 -1 4.0718 1033.1573 105.0406 1242.0000 283.5381 1.5852 1.7056 4.0490 6.9585 0.9830 8.4577 4.7434 0.0753
Car -1 -1 -0.2000 481.0259 171.4730 541.2893 194.2662 1.5698 1.6704 3.9795 -6.9795 1.4747 51.1369 -0.3353 0.0679
Car -1 -1 3.2423 606.8861 165.6838 667.1009 190.4964 1.6590 1.6374 3.9693 1.8980 1.1796 49.3290 3.2802 0.0672
Car -1 -1 2.4807 879.0911 170.6681 1242.0000 375.0000 1.5125 1.7024 4.3276 4.3462 1.5001 4.9963 3.1672 0.0613
Car -1 -1 -0.2364 698.7805 165.5370 868.3458 222.9515 1.5030 1.6390 4.2355 4.6627 1.3115 19.7256 -0.0082 0.0611
Car -1 -1 0.0567 643.6290 172.2348 713.7671 199.9586 1.5191 1.6125 3.8464 3.9173 1.4852 40.6241 0.1517 0.0596
Car -1 -1 4.2964 599.7225 167.2809 639.2895 189.3365 1.7096 1.7015 4.0259 0.7595 1.2776 58.1154 4.3091 0.0593
Car -1 -1 1.7658 443.9743 180.1984 486.3159 207.4413 1.4835 1.6590 4.1817 -8.4466 1.9374 42.5085 1.5704 0.0558
Car -1 -1 1.5764 526.2602 172.9856 543.9636 189.8678 1.5141 1.5821 3.9774 -6.8797 1.5267 66.8011 1.4739 0.0542
Car -1 -1 0.3399 416.3852 179.4326 487.5078 204.5345 1.4896 1.6453 3.9572 -9.6796 1.9045 44.4404 0.1263 0.0533
Car -1 -1 0.2876 471.5055 186.8551 546.5629 214.9107 1.4573 1.6423 3.7755 -5.4987 2.2482 39.6657 0.1502 0.0529
Car -1 -1 2.0369 445.0014 180.8298 497.0700 206.9557 1.4933 1.6674 3.6870 -8.4809 2.0069 44.4651 1.8491 0.0524
Car -1 -1 -0.2345 927.1581 150.3813 1231.8566 253.8365 1.5292 1.6208 3.9798 7.5565 1.1970 12.0511 0.3143 0.0514
Car -1 -1 2.1677 493.5971 180.7216 552.4044 206.8678 1.4767 1.6071 3.9889 -5.2428 1.9817 44.1787 2.0499 0.0511
Car -1 -1 1.5032 474.7386 200.5579 531.9969 251.1474 1.4224 1.6673 3.8074 -3.6809 2.4435 24.5572 1.3551 0.0501