Car -1 -1 1.9942 86.8326 179.3175 401.4011 362.2264 1.4995 1.5912 3.5592 -3.5769 1.5856 7.8260 1.5774 0.9620
Car -1 -1 1.5260 643.6137 187.3913 668.7479 211.5232 1.5985 1.6308 4.1102 3.3470 2.6951 52.3581 1.5888 0.7491
Car -1 -1 4.6893 672.8724 182.9699 717.2934 227.6304 1.5144 1.5405 2.7533 3.1092 1.9069 26.5601 4.8038 0.6109
Car -1 -1 4.6483 671.8455 178.1610 699.8250 202.6737 1.5390 1.6068 3.7992 5.0439 1.9068 48.0674 4.7518 0.2661
Car -1 -1 4.7441 680.0287 176.6481 709.2625 203.3101 1.4603 1.5742 3.9559 5.0116 1.6930 42.1825 4.8611 0.1915
Car -1 -1 5.1702 260.2289 160.0882 418.1555 246.1489 1.5893 1.5934 3.7554 -5.5321 1.3535 15.2816 4.8280 0.1507
Car -1 -1 4.6155 704.1934 178.2671 753.9341 216.7220 1.4641 1.6452 4.0906 4.9220 1.7060 30.1535 4.7752 0.1261
Car -1 -1 4.6455 661.9835 178.5611 693.6876 205.2278 1.4788 1.6011 4.0859 4.0197 1.8349 42.9589 4.7377 0.1130
Car -1 -1 1.3290 665.9964 176.8663 710.2502 205.4491 1.5213 1.5922 3.9603 4.4133 1.7611 41.0547 1.4348 0.1046
Car -1 -1 1.5340 677.4810 179.3819 721.1370 218.8765 1.4968 1.6445 4.3265 3.7023 1.7911 30.3053 1.6538 0.1024
Car -1 -1 1.3715 640.1874 189.3390 674.9388 213.5686 1.5459 1.6882 3.9760 3.3453 2.7577 50.9551 1.4360 0.0880
Car -1 -1 3.5630 623.0325 183.7364 695.4794 211.1030 1.4866 1.6600 3.8823 2.8939 2.1470 42.1466 3.6305 0.0862
Car -1 -1 1.5385 649.3588 179.3808 671.2365 201.3036 1.6438 1.6006 3.9975 4.0010 2.1807 57.3339 1.6074 0.0835
Car -1 -1 -0.3106 656.6743 178.1723 725.6432 204.7443 1.4717 1.5479 3.6455 4.6780 1.7861 41.5322 -0.1998 0.0729
Car -1 -1 4.6034 650.6744 181.4128 681.5990 206.0783 1.5157 1.6145 3.9162 3.6987 2.1050 47.6976 4.6797 0.0711
Car -1 -1 1.5752 662.3738 179.6082 682.8243 200.8378 1.5954 1.5683 3.8022 5.0242 2.1515 57.4381 1.6615 0.0701
Car -1 -1 1.6494 655.4749 181.5211 676.5023 199.4105 1.4870 1.5632 3.8356 5.0267 2.2793 63.9435 1.7270 0.0677
Car -1 -1 1.5781 698.3264 178.4918 736.6758 215.7644 1.5014 1.5662 3.8335 4.7481 1.7647 31.6884 1.7248 0.0657
Car -1 -1 4.5856 666.1352 178.1999 699.7081 203.3090 1.5193 1.6459 4.0827 4.6912 1.8799 46.6009 4.6848 0.0650
Car -1 -1 -0.3289 709.2180 173.3882 823.8337 212.1341 1.4818 1.6402 4.1438 6.1949 1.5039 28.6844 -0.1188 0.0607
Car -1 -1 -0.8918 676.1109 175.3394 744.0733 202.1313 1.5024 1.6818 4.2949 6.0219 1.6574 42.9306 -0.7538 0.0597
Car -1 -1 3.0711 696.7110 177.3739 787.5513 212.0137 1.4839 1.6246 3.8755 5.8502 1.6919 32.1881 3.2487 0.0577
Car -1 -1 -0.4286 659.7193 177.8511 722.4376 201.9588 1.5166 1.6242 3.7508 5.3371 1.8537 47.3111 -0.3174 0.0569
Car -1 -1 -0.2024 649.8056 178.6140 722.5017 204.5164 1.4809 1.5984 4.0364 4.5013 1.8296 42.6867 -0.0985 0.0527
Car -1 -1 2.2407 0.0000 179.4118 205.7376 375.0000 1.4529 1.5597 3.8921 -5.9290 1.5365 7.2487 1.5729 0.0515
Car -1 -1 3.0766 625.3229 187.3252 683.6913 210.0579 1.5809 1.6086 4.1026 3.2088 2.6407 52.0270 3.1372 0.0508
Car -1 -1 1.7433 655.0562 178.0883 692.9449 205.3892 1.5630 1.6378 4.1159 4.0078 1.9007 44.3522 1.8323 0.0504