Car -1 -1 1.8848 271.0596 179.0567 452.7675 300.7051 1.5110 1.5041 3.5707 -3.5295 1.6204 10.9361 1.5788 0.9581
Car -1 -1 1.2951 694.8202 187.0970 879.5100 305.6650 1.4768 1.7276 4.1495 2.6025 1.7482 11.6218 1.5087 0.9430
Car -1 -1 1.6848 444.6497 175.9993 517.1245 235.0667 1.4741 1.5431 3.8714 -3.5018 1.5707 20.1930 1.5147 0.9138
Car -1 -1 4.5658 664.4053 185.9113 739.6899 244.0879 1.4289 1.5694 3.6598 2.5208 1.8315 20.4018 4.6861 0.9121
Car -1 -1 1.3821 637.4721 179.8408 692.5360 217.7985 1.4726 1.6117 3.9969 2.2973 1.7913 30.8353 1.4551 0.8724
Car -1 -1 1.5904 506.4147 177.4766 545.1599 213.0100 1.4364 1.5880 3.8724 -3.6358 1.6523 31.6915 1.4766 0.5561
Car -1 -1 1.6616 629.0399 175.2856 662.1937 205.4457 1.6297 1.5525 3.8663 2.1072 1.7758 41.3364 1.7116 0.3937
Car -1 -1 4.6287 636.9548 178.3172 673.1238 209.0781 1.4691 1.5502 3.4799 2.2790 1.7613 36.8406 4.6894 0.3323
Car -1 -1 4.2659 508.4660 170.9598 543.0202 188.3710 1.5113 1.5824 3.8171 -7.5406 1.3469 64.6677 4.1500 0.2808
Car -1 -1 2.3060 0.0000 243.0822 259.9953 375.0000 1.4277 1.5682 3.7990 -3.4274 1.9579 3.5455 1.5743 0.2587
Car -1 -1 4.4447 464.4406 166.1336 505.4044 191.4732 1.5449 1.6283 3.8036 -7.9948 1.1351 46.0569 4.2736 0.1198
Car -1 -1 1.0629 665.8235 177.5075 707.8068 197.6317 1.5733 1.5994 4.2190 6.3453 1.9729 59.7050 1.1679 0.1064
Car -1 -1 5.0763 631.4626 174.1650 678.3987 200.5967 1.5028 1.5868 3.7204 2.7637 1.5850 43.2455 5.1393 0.0948
Car -1 -1 5.2159 520.1915 170.4604 557.7675 188.2303 1.5486 1.6512 3.9847 -6.3225 1.3400 65.0350 5.1191 0.0788
Car -1 -1 2.0521 0.0000 225.1551 261.2983 375.0000 1.4364 1.6385 3.9689 -3.8105 1.9358 4.7984 1.4072 0.0785
Car -1 -1 0.0662 675.6187 179.9922 723.2397 199.7767 1.5576 1.4427 3.7538 7.3145 2.1481 58.6316 0.1892 0.0778
Car -1 -1 1.3637 632.9249 175.3780 679.1448 205.3474 1.4856 1.6314 4.0879 2.4040 1.6270 38.2691 1.4255 0.0772
Car -1 -1 2.4158 691.8117 179.4976 740.3694 198.9975 1.5123 1.5203 3.8880 8.6988 2.0695 58.8191 2.5615 0.0747
Car -1 -1 1.1294 807.1520 187.5399 948.2814 257.6263 1.4274 1.6324 4.0113 6.3701 1.8288 17.6437 1.4696 0.0746
Car -1 -1 4.6243 614.9548 178.1532 650.6874 208.7895 1.4590 1.5074 3.5682 1.1439 1.7427 36.8168 4.6545 0.0746
Car -1 -1 3.6602 623.1843 172.7796 667.8160 188.3380 1.4404 1.5909 3.9667 3.4016 1.4335 68.5351 3.7093 0.0739
Car -1 -1 3.1579 669.1447 176.5235 711.9719 192.3189 1.4726 1.6089 4.0123 7.7298 1.8279 68.8121 3.2689 0.0722
Car -1 -1 5.0537 37.4717 193.3493 171.7672 266.8156 1.4633 1.5152 3.5075 -11.9404 2.0087 17.3134 4.4569 0.0683
Car -1 -1 1.4926 543.1532 186.3715 581.7934 218.7282 1.4330 1.6101 3.6742 -2.3626 2.1344 35.5053 1.4260 0.0680
Car -1 -1 -0.2087 637.8705 174.0319 686.7650 189.7001 1.4658 1.6300 4.4054 5.0117 1.5799 68.7763 -0.1366 0.0666
Car -1 -1 1.5099 516.7717 189.0820 553.8964 222.5902 1.4610 1.5803 3.7451 -3.6808 2.3005 35.3513 1.4063 0.0655
Car -1 -1 1.6792 525.3892 169.9813 548.9018 188.6904 1.6583 1.6904 4.2479 -6.5977 1.4036 66.0839 1.5798 0.0624
Car -1 -1 1.0681 772.3809 177.4108 828.9115 204.8806 1.4948 1.5550 3.7446 11.0418 1.7723 41.9337 1.3234 0.0579
Car -1 -1 2.0907 702.9778 176.9110 747.7545 195.8183 1.4810 1.6723 4.4510 9.6264 1.8296 59.7440 2.2492 0.0571
Car -1 -1 3.0890 632.5962 176.0291 694.1714 202.0695 1.4857 1.5894 3.5099 3.1125 1.6750 42.1984 3.1616 0.0562
Car -1 -1 2.9290 605.5613 175.8374 678.7269 204.8689 1.6231 1.6137 3.9723 1.8599 1.8002 41.7019 2.9728 0.0548
Car -1 -1 5.6564 0.0000 199.8433 135.7167 375.0000 1.4930 1.6428 4.0829 -3.9206 1.6688 2.6463 4.7263 0.0500