Car -1 -1 2.0076 249.0436 190.0184 324.4483 228.5987 1.4842 1.5259 3.7648 -13.9260 2.2750 31.3446 1.5923 0.8143
Car -1 -1 1.8100 404.3049 181.6223 440.7851 203.2371 1.5040 1.6546 4.3814 -13.9907 2.1893 54.1935 1.5582 0.6401
Car -1 -1 5.4260 0.0000 198.6753 84.5564 262.6300 1.4325 1.6419 3.9645 -16.6767 2.2116 19.7727 4.7318 0.5429
Car -1 -1 1.8597 0.0000 197.8437 63.1911 235.0902 1.4265 1.5586 3.7798 -26.1106 2.6202 32.4218 1.1856 0.2290
Car -1 -1 1.5905 242.2371 184.8535 264.5139 205.2432 1.5364 1.5466 3.8001 -29.0086 2.5488 58.8281 1.1339 0.1719
Car -1 -1 2.0729 242.7446 197.1683 309.7994 228.0024 1.4837 1.6746 3.9271 -18.3532 2.8971 39.9240 1.6441 0.1590
Car -1 -1 1.6105 624.5378 174.7257 655.8049 203.2697 1.5398 1.6286 3.9365 1.7897 1.6520 41.2175 1.6531 0.1258
Car -1 -1 3.1718 611.2540 160.7938 688.7776 192.7460 1.6760 1.7067 4.0805 2.1956 1.0434 38.8715 3.2275 0.1251
Car -1 -1 1.8989 0.0000 213.8121 62.1708 266.9050 1.4274 1.7286 3.0453 -19.6404 2.8761 23.7934 1.2142 0.1164
Car -1 -1 3.6849 243.2118 199.5293 329.4878 230.1466 1.5085 1.7920 3.8461 -17.2728 2.9790 38.6467 3.2668 0.1134
Car -1 -1 1.6842 222.8333 190.8941 262.9661 219.4157 1.5752 1.7482 4.2982 -22.8540 2.7608 45.1006 1.2172 0.1063
Car -1 -1 1.7765 395.3685 180.6233 431.3945 205.2393 1.6593 1.6746 4.2458 -14.1312 2.2444 52.1731 1.5129 0.0999
Car -1 -1 2.2759 0.0000 194.9924 60.8649 233.8050 1.4606 1.6333 3.8144 -26.0577 2.4787 31.2610 1.5851 0.0933
Car -1 -1 4.6736 626.1783 165.2861 659.7065 195.6580 1.5747 1.6690 3.9564 1.7765 1.1823 39.3920 4.7179 0.0817
Car -1 -1 1.8028 252.5513 203.1246 324.7413 250.9134 1.4371 1.5959 3.4493 -11.4134 2.5996 25.8687 1.3905 0.0772
Car -1 -1 2.0851 40.3178 182.2943 138.3431 221.7022 1.5325 1.5717 4.1789 -22.3864 1.9696 31.2526 1.4674 0.0771
Car -1 -1 0.3135 388.4778 181.8397 453.0750 202.7575 1.5108 1.6695 4.3661 -14.0711 2.1940 53.9012 0.0590 0.0761
Car -1 -1 1.6686 0.0000 208.4192 59.7031 267.3185 1.4657 1.7446 4.2936 -18.7872 2.7101 22.9730 0.9887 0.0755
Car -1 -1 1.8750 412.1514 175.6985 450.2130 197.2366 1.5816 1.6464 4.2643 -13.7250 1.8099 55.7394 1.6344 0.0752
Car -1 -1 1.5603 228.7415 184.7333 252.2079 204.1860 1.4660 1.6665 4.2836 -30.4258 2.4824 59.4498 1.0888 0.0737
Car -1 -1 1.8996 289.3376 185.7891 326.3988 205.0630 1.4368 1.6041 3.8499 -24.3713 2.5192 58.4087 1.5057 0.0729
Car -1 -1 3.3560 628.7396 163.6979 707.5767 194.3182 1.6190 1.6816 4.0414 3.2231 1.1349 39.5408 3.4364 0.0714
Car -1 -1 3.7050 206.9771 193.4233 318.2245 230.0291 1.4866 1.6441 4.1525 -15.1325 2.4167 31.5609 3.2608 0.0701
Car -1 -1 2.0745 227.7240 184.1785 273.9193 205.5708 1.5892 1.5399 4.0623 -28.6981 2.5295 57.8495 1.6156 0.0655
Car -1 -1 4.1495 249.6151 180.7373 289.9749 196.6705 1.4348 1.5879 3.9790 -32.2376 2.2015 68.4372 3.7105 0.0652
Car -1 -1 0.1483 579.7237 174.2436 656.6230 201.8767 1.5023 1.6273 4.1179 0.5085 1.5824 40.4732 0.1603 0.0637
Car -1 -1 4.8187 10.5512 213.3488 85.7006 264.8995 1.4506 1.6852 3.7545 -19.7756 2.9992 25.5516 4.1648 0.0635
Car -1 -1 1.5705 615.4064 173.2915 646.0568 201.5043 1.4982 1.6305 3.9764 1.1825 1.5239 40.3882 1.5991 0.0631
Car -1 -1 2.2188 0.0000 199.3526 41.4651 273.2939 1.4623 1.6338 4.2664 -16.5604 2.2054 18.0398 1.4835 0.0630
Car -1 -1 1.6327 458.4721 177.2111 485.1289 200.7393 1.5077 1.5273 4.1031 -9.3458 1.8174 49.1563 1.4454 0.0628
Car -1 -1 1.6172 199.5348 195.5083 240.0897 226.7979 1.4594 1.7287 3.7831 -20.8699 2.7412 38.7446 1.1257 0.0624
Car -1 -1 -0.4236 621.4269 184.0467 685.8567 208.5455 1.4930 1.6706 3.8190 2.8525 2.2410 46.7642 -0.3636 0.0624
Car -1 -1 1.5568 637.3860 165.2446 669.2048 194.9452 1.5677 1.6783 4.1277 2.4027 1.1660 40.1842 1.6157 0.0618
Car -1 -1 1.6213 245.2602 198.8010 285.4787 230.8172 1.4879 1.7572 3.3398 -18.2920 2.9384 38.4560 1.1796 0.0615
Car -1 -1 0.7149 0.0000 193.8547 56.4928 229.5630 1.4718 1.6472 4.0795 -26.8780 2.4162 31.5946 0.0140 0.0604
Car -1 -1 2.1727 265.4926 185.0903 332.0168 211.8760 1.4933 1.6805 4.1886 -19.0688 2.2850 44.4706 1.7695 0.0597
Car -1 -1 3.1411 398.8522 180.4754 456.7274 201.3557 1.5287 1.6552 4.2237 -13.8610 2.1247 55.1055 2.8954 0.0586
Car -1 -1 3.1664 0.0000 194.2264 54.8040 233.6193 1.4802 1.6312 3.8746 -26.2689 2.4520 30.9630 2.4669 0.0585
Car -1 -1 3.8885 229.6427 190.8540 325.4411 228.0865 1.5529 1.6532 3.8715 -15.0949 2.4066 32.8299 3.4602 0.0581
Car -1 -1 1.8239 599.4470 169.4087 646.7816 200.2280 1.5773 1.6429 3.8544 0.7864 1.4010 39.0045 1.8435 0.0573
Car -1 -1 3.4698 0.0000 209.6210 66.9496 261.2634 1.4651 1.7119 4.0454 -20.9318 2.7776 24.2130 2.7623 0.0571
Car -1 -1 0.9113 0.0000 194.7667 61.6413 229.9599 1.4498 1.6567 4.2583 -27.2595 2.4777 32.5764 0.2185 0.0563
Car -1 -1 1.6564 212.7908 197.7867 256.6485 231.2613 1.4733 1.6601 3.7289 -19.0739 2.8166 36.8351 1.1812 0.0533
Car -1 -1 0.6195 0.0000 202.4682 72.5564 260.3246 1.4597 1.6622 4.1543 -17.8447 2.3341 20.2796 -0.0957 0.0520
Car -1 -1 2.0464 251.3137 184.5126 310.4395 210.1749 1.4875 1.6649 4.2254 -20.8386 2.2644 45.9316 1.6224 0.0513
Car -1 -1 0.8911 183.4137 192.7306 253.5093 219.2062 1.4681 1.5752 4.0047 -23.7222 2.7149 43.7609 0.3966 0.0513
Car -1 -1 1.7725 239.7506 189.7596 302.9026 232.1579 1.5409 1.6149 3.8418 -13.9338 2.2900 29.9162 1.3397 0.0510
Car -1 -1 0.2044 607.4841 166.6376 687.6664 196.0166 1.5808 1.6786 4.2049 2.1319 1.2463 40.1698 0.2567 0.0506
Car -1 -1 1.5953 294.0668 182.5061 322.3126 207.1807 1.4618 1.5755 4.1294 -19.4559 2.1159 46.6848 1.2021 0.0505
Car -1 -1 4.6300 651.0934 163.3752 688.1846 194.0583 1.6142 1.7053 4.1639 3.2808 1.1155 40.0430 4.7108 0.0501