Car -1 -1 2.0121 12.8850 204.0620 377.0419 375.0000 1.4318 1.6314 4.1315 -3.9779 1.8606 7.8357 1.5551 0.9756
Car -1 -1 1.7703 431.6324 185.9197 512.6843 242.5706 1.5100 1.6555 4.0708 -4.1192 1.9496 22.2272 1.5885 0.9452
Car -1 -1 1.8249 366.5315 199.7113 480.5082 275.2130 1.3356 1.5282 3.6510 -3.9576 1.9960 15.9053 1.5840 0.9433
Car -1 -1 0.9945 835.4911 132.1339 1242.0000 375.0000 1.7648 1.7269 4.3218 3.6894 1.5276 6.4231 1.4954 0.8352
Car -1 -1 4.8620 603.1945 180.1965 642.9982 210.7550 1.4926 1.5630 3.7427 0.7634 1.9011 38.1690 4.8813 0.6371
Car -1 -1 1.5274 486.4606 176.4961 511.0025 198.9410 1.5354 1.5764 4.1975 -8.0636 1.8104 52.2868 1.3748 0.2278
Car -1 -1 4.7888 462.9078 170.8522 496.0575 197.2658 1.4675 1.6062 3.8587 -7.5416 1.3563 42.0884 4.6123 0.1976
Car -1 -1 3.3183 518.0775 166.4584 579.4882 187.7816 1.4738 1.6195 4.0927 -4.2586 1.0318 50.8690 3.2350 0.1295
Car -1 -1 4.8117 534.6540 165.9321 563.1709 189.5701 1.6370 1.6611 3.9285 -4.3277 1.1576 51.9462 4.7288 0.1180
Car -1 -1 4.5832 528.5892 165.7007 557.7623 190.1538 1.8328 1.7458 4.1369 -5.2158 1.2967 56.2905 4.4909 0.0920
Car -1 -1 1.3551 958.1279 128.2797 1055.4342 194.2892 1.4844 1.4529 3.1136 9.7521 0.4820 17.9219 1.8467 0.0856
Car -1 -1 1.4610 591.2800 186.5733 625.3613 214.1047 1.4925 1.6163 3.8806 -0.1174 2.3512 43.1456 1.4576 0.0838
Car -1 -1 1.5558 490.3156 178.4215 514.1985 201.1940 1.5060 1.6014 4.1243 -7.6051 1.9158 50.9412 1.4080 0.0804
Car -1 -1 -0.2655 590.5711 179.4521 671.4752 209.6154 1.5132 1.6020 3.9760 1.1126 1.8720 37.9887 -0.2371 0.0762
Car -1 -1 3.7165 424.1741 171.8326 498.8390 197.7634 1.4384 1.6098 3.9702 -8.5136 1.3817 41.4977 3.5151 0.0742
Car -1 -1 4.0414 545.8545 179.4280 621.4998 210.1695 1.4736 1.6403 4.2742 -1.4082 1.8365 37.6667 4.0037 0.0727
Car -1 -1 1.6864 593.7879 177.3424 633.7623 209.0265 1.5060 1.6005 3.9278 0.2670 1.7484 36.9230 1.6930 0.0714
Car -1 -1 1.4184 478.4507 182.0468 511.8381 205.9972 1.5075 1.6629 3.9802 -7.8420 2.1619 49.2145 1.2608 0.0685
Car -1 -1 3.1067 504.2542 174.7317 566.4099 199.0617 1.6110 1.7208 4.1360 -5.0681 1.7417 49.0885 3.0039 0.0638
Car -1 -1 4.8187 621.5403 179.7065 659.6491 209.5134 1.4717 1.6178 4.1033 1.7177 1.8603 38.7639 4.8621 0.0619
Car -1 -1 1.5859 619.6182 177.0458 637.3636 193.2774 1.4517 1.6036 4.3209 1.8065 1.8586 67.8540 1.6120 0.0598
Car -1 -1 5.3072 256.7854 199.6074 408.0848 272.3853 1.4897 1.6379 3.9735 -6.9067 2.2528 18.4562 4.9531 0.0597
Car -1 -1 1.7013 536.8762 168.1737 567.4409 190.3466 1.4940 1.6247 4.0401 -3.9898 1.1787 50.6782 1.6228 0.0539
Car -1 -1 3.9501 412.4594 170.4052 486.7903 199.0334 1.4301 1.5906 3.8370 -8.3939 1.3078 37.7739 3.7326 0.0536
Car -1 -1 4.6414 519.4980 166.8786 547.0825 190.3491 1.6226 1.6833 4.2374 -5.5460 1.2095 52.1167 4.5357 0.0531
Car -1 -1 4.6848 508.4929 164.0919 532.2173 188.2284 1.7950 1.7079 4.0954 -6.9314 1.1434 55.8132 4.5615 0.0514
Car -1 -1 4.2026 759.0250 133.4014 861.3235 181.9402 1.4795 1.6469 3.7360 6.5601 0.2770 24.0051 4.4663 0.0508