Car -1 -1 4.9488 274.3821 185.7301 390.2924 261.4593 1.5542 1.6220 3.8791 -6.2610 1.5677 16.8010 4.5969 0.9705
Car -1 -1 4.7480 651.9716 185.1879 714.8604 243.1482 1.5725 1.7084 3.8362 2.3476 1.5717 21.5224 4.8547 0.9255
Car -1 -1 4.8972 372.1495 187.6748 441.6434 234.6802 1.4487 1.5480 3.9669 -6.7021 1.5391 24.4075 4.6316 0.8642
Car -1 -1 1.5173 736.9368 181.7570 764.6581 204.7872 1.5158 1.6481 3.9929 9.8293 1.2881 49.4052 1.7122 0.5318
Car -1 -1 1.4360 299.6060 181.7918 328.2351 201.2097 1.4850 1.5966 3.9090 -23.3073 1.2231 57.0665 1.0495 0.3318
Car -1 -1 2.1198 693.7391 187.0122 741.0663 208.7313 1.5172 1.6023 3.9404 8.0926 1.6536 52.5726 2.2712 0.3267
Car -1 -1 5.2559 0.0000 140.9344 321.1431 376.0000 1.9773 1.9339 5.0279 -4.9109 1.6710 7.5048 4.6925 0.2086
Car -1 -1 1.6869 462.2823 172.1897 503.3710 202.3243 1.6023 1.7626 4.5001 -6.9441 0.9097 40.5166 1.5179 0.1833
Car -1 -1 0.5162 294.2654 188.3470 376.6580 215.7792 1.5644 1.7714 4.2324 -16.0251 1.7547 42.4763 0.1571 0.1654
Car -1 -1 1.7240 350.7850 181.1022 376.1635 197.7091 1.5150 1.6442 4.1679 -22.9396 1.1398 67.7753 1.3984 0.1620
Car -1 -1 1.6650 465.9128 182.0886 502.7992 212.1870 1.5291 1.5660 4.1058 -6.5460 1.3702 38.6240 1.4979 0.1497
Car -1 -1 1.7262 419.6798 182.0921 447.3250 200.7528 1.4519 1.5752 3.9089 -13.9610 1.2088 57.9409 1.4904 0.1486
Car -1 -1 1.4524 811.0854 174.5770 853.2620 206.1862 1.4672 1.5183 3.8964 11.0255 0.9734 35.4208 1.7515 0.1467
Car -1 -1 1.7049 473.8965 179.6317 508.7968 204.9596 1.5406 1.6544 4.1122 -7.3306 1.2009 45.8009 1.5467 0.1361
Car -1 -1 1.2687 354.1623 198.9506 402.5067 226.0764 1.4891 1.7556 3.7559 -13.9069 2.3607 43.5727 0.9609 0.1343
Car -1 -1 1.5079 382.0137 182.0371 403.8518 200.1723 1.5073 1.5516 4.0771 -18.4835 1.2431 61.9295 1.2187 0.1301
Car -1 -1 5.2574 0.0000 39.4586 239.4784 376.0000 2.2123 1.7485 4.3740 -4.7034 1.5116 5.7313 4.5931 0.1294
Car -1 -1 4.7603 473.0360 176.4639 503.2794 203.7732 1.5854 1.6289 3.7814 -7.1953 1.0773 43.7030 4.5978 0.1280
Car -1 -1 -0.7954 809.1932 173.0837 886.1561 202.2554 1.4403 1.5874 3.7611 12.4053 0.8413 37.0577 -0.4750 0.1185
Car -1 -1 1.4029 419.6694 193.9170 446.6624 211.9328 1.5097 1.7231 3.9048 -15.6261 2.3155 64.4343 1.1653 0.1163
Car -1 -1 1.5632 624.8976 188.6893 661.1688 221.2789 1.4809 1.6711 4.2451 1.7388 1.6618 35.2803 1.6115 0.1126
Car -1 -1 1.7710 333.4430 197.2771 378.0671 225.8412 1.5297 1.7848 3.5182 -14.6092 2.2645 41.9327 1.4372 0.1063
Car -1 -1 1.2403 810.0830 183.4994 843.6777 200.4198 1.5381 1.6561 4.4566 20.6080 1.3821 67.6009 1.5346 0.0993
Car -1 -1 1.6848 799.9703 183.0930 846.1384 218.0673 1.4184 1.5102 3.7052 9.4003 1.3323 31.1543 1.9749 0.0936
Car -1 -1 3.5022 281.4163 184.5533 424.2226 234.4842 1.5592 1.6306 4.0513 -8.1750 1.5385 23.3160 3.1681 0.0924
Car -1 -1 1.4151 733.1727 179.3468 768.7662 205.0058 1.6317 1.6831 4.1918 9.5160 1.2585 47.8414 1.6099 0.0866
Car -1 -1 4.7043 358.2984 182.7783 393.5527 214.3538 1.4705 1.5745 3.6768 -11.4179 1.3570 35.4713 4.3948 0.0844
Car -1 -1 1.2825 277.9400 182.1754 313.9722 201.8272 1.4816 1.5985 3.7019 -24.3242 1.2524 56.1284 0.8750 0.0841
Car -1 -1 5.1190 0.0000 159.9895 317.9111 340.6115 1.6936 1.7909 4.4365 -5.2223 1.4571 9.0400 4.6078 0.0840
Car -1 -1 4.0610 395.7777 191.8597 438.1720 209.4689 1.4754 1.7364 3.6870 -16.7947 2.0784 63.4193 3.8026 0.0834
Car -1 -1 1.9599 325.4070 188.2640 391.0966 221.1679 1.4257 1.6466 3.5340 -11.4521 1.5746 33.2959 1.6307 0.0795
Car -1 -1 1.2005 334.7862 180.4083 368.4071 197.2149 1.5119 1.6321 3.9213 -23.7334 1.0795 66.6867 0.8595 0.0786
Car -1 -1 2.2827 694.9481 183.3938 740.6719 203.1030 1.6056 1.5661 4.0055 9.3256 1.4572 60.4573 2.4345 0.0745
Car -1 -1 1.6105 500.3177 177.6408 528.5771 202.5352 1.5177 1.6285 3.9290 -5.8760 1.0559 45.8530 1.4834 0.0714
Car -1 -1 4.8804 111.0191 183.6216 301.9191 321.6730 1.5992 1.6681 4.0507 -5.5690 1.5807 10.5102 4.4034 0.0685
Car -1 -1 -0.1017 721.1381 182.0171 778.2483 204.9765 1.5232 1.6030 3.6449 9.6067 1.3110 48.6552 0.0916 0.0667
Car -1 -1 1.4345 365.0900 180.7174 412.9475 212.9061 1.3895 1.6414 3.5082 -10.0473 1.1953 32.9672 1.1407 0.0667
Car -1 -1 1.4514 349.9144 190.8509 385.9104 216.4795 1.4835 1.6715 3.9013 -14.9023 1.8502 44.6641 1.1307 0.0666
Car -1 -1 1.7245 708.1782 187.8471 739.5435 208.5147 1.4801 1.7570 3.9098 8.8235 1.6861 54.1530 1.8847 0.0663
Car -1 -1 1.4097 493.8212 171.3775 535.6403 203.6042 1.7192 1.6857 4.2170 -5.2753 0.9810 40.6109 1.2810 0.0656
Car -1 -1 4.8642 369.7844 181.8060 416.0088 213.8600 1.4798 1.5981 3.8117 -10.4240 1.3224 35.1826 4.5778 0.0649
Car -1 -1 4.8058 384.2468 189.0846 445.0917 235.4589 1.5110 1.7216 4.1718 -6.8669 1.6627 25.9875 4.5495 0.0647
Car -1 -1 1.2193 735.9357 179.4299 782.9487 204.9718 1.5720 1.6573 4.0708 9.7606 1.2159 46.3776 1.4250 0.0616
Car -1 -1 0.6426 305.2799 184.5546 395.9786 216.9872 1.4860 1.6401 3.8659 -12.2271 1.4557 34.2953 0.3022 0.0614
Car -1 -1 4.8201 492.3711 177.6410 525.9852 205.2653 1.6110 1.6250 3.8242 -5.9345 1.1693 43.8560 4.6860 0.0607
Car -1 -1 1.7488 479.6155 185.1329 523.1417 214.9971 1.5326 1.6170 4.1602 -5.6781 1.5283 38.9965 1.6047 0.0596
Car -1 -1 2.2374 741.2376 183.1862 798.6859 205.8264 1.4788 1.6658 4.0480 11.0924 1.3462 48.8772 2.4589 0.0592
Car -1 -1 1.7596 445.4304 174.9675 493.2030 206.5233 1.5542 1.6718 4.2443 -7.1278 1.0495 37.5303 1.5729 0.0590
Car -1 -1 1.7169 716.6129 185.7806 742.9757 204.2102 1.5502 1.7021 4.0448 10.7391 1.6013 62.7884 1.8850 0.0584
Car -1 -1 1.4577 302.5952 180.8074 331.1954 201.6527 1.5549 1.6009 4.1929 -22.5821 1.2261 55.8474 1.0748 0.0582
Car -1 -1 -0.1913 364.7740 199.4886 431.1836 226.5404 1.5005 1.8230 3.5518 -12.5744 2.3905 43.2050 -0.4734 0.0582
Car -1 -1 0.4083 435.2773 182.9490 504.6160 207.6416 1.4843 1.6620 3.8691 -8.4668 1.3480 44.4444 0.2208 0.0578
Car -1 -1 1.6207 776.8478 181.3916 805.0359 204.2949 1.4708 1.6463 3.8861 12.3680 1.2252 48.2617 1.8697 0.0577
Car -1 -1 1.6765 166.5164 222.0706 310.0208 341.3151 1.4202 1.6438 3.8888 -5.9340 2.1421 11.9725 1.2245 0.0577
Car -1 -1 1.6802 332.1707 179.7323 381.3967 214.5503 1.4477 1.6205 4.0789 -11.0925 1.2197 32.0566 1.3493 0.0572
Car -1 -1 0.5476 358.9459 182.8724 447.8219 215.4150 1.4857 1.6570 3.7448 -9.6564 1.3787 34.1228 0.2735 0.0568
Car -1 -1 3.8442 316.0846 194.2884 387.8990 220.7581 1.5067 1.7234 3.9024 -15.4170 2.0739 43.4427 3.5046 0.0566
Car -1 -1 1.6733 694.9394 174.7899 717.4763 193.0629 1.6832 1.7348 3.8910 9.4356 0.7228 68.3110 1.8096 0.0558
Car -1 -1 4.6373 744.8364 187.4480 786.8372 222.2206 1.4935 1.6005 3.6828 7.2391 1.6022 33.0582 4.8506 0.0555
Car -1 -1 1.7971 337.8731 180.7230 370.8939 200.9571 1.5152 1.5766 3.9114 -19.5984 1.1788 55.8601 1.4608 0.0554
Car -1 -1 1.4395 349.6528 180.4546 373.9010 197.3166 1.4964 1.5675 4.2513 -22.5745 1.0739 66.0467 1.1110 0.0551
Car -1 -1 1.6817 290.7686 178.1516 320.8310 199.6270 1.5477 1.6442 3.9561 -22.5690 1.0386 53.9359 1.2869 0.0545
Car -1 -1 1.1325 807.0079 173.2173 871.9616 203.4819 1.4413 1.5831 3.9421 11.6434 0.8699 36.2907 1.4403 0.0537
Car -1 -1 1.5732 643.8522 189.1652 680.2792 220.7648 1.4377 1.6823 4.0842 2.6980 1.6433 35.3316 1.6483 0.0536
Car -1 -1 4.7597 808.4247 170.0228 843.0468 198.8427 1.4510 1.5872 3.9146 11.6823 0.6861 38.3016 5.0534 0.0534
Car -1 -1 1.8530 448.2108 179.7165 481.9582 199.2504 1.4855 1.5958 3.8513 -11.1566 1.0673 56.6551 1.6591 0.0528
Car -1 -1 1.7229 723.6635 184.9428 757.1177 208.0226 1.5580 1.6805 4.4240 9.4717 1.5395 50.8902 1.9054 0.0514
Car -1 -1 3.0213 284.5978 182.6588 378.3754 216.0782 1.4707 1.6067 3.8884 -12.7404 1.3582 33.2512 2.6578 0.0513
Car -1 -1 1.8744 646.5905 175.4481 679.5209 194.6008 1.5472 1.6550 3.9149 4.7124 0.7581 60.1949 1.9518 0.0513
Car -1 -1 2.2088 842.3132 174.0771 921.9381 205.6120 1.5036 1.6516 4.0463 13.8142 0.9725 36.0621 2.5716 0.0512
Car -1 -1 4.8544 481.3202 177.7674 515.9598 203.2296 1.5155 1.5974 3.8422 -6.7056 1.0722 44.7130 4.7060 0.0501