Car -1 -1 1.8461 263.6068 191.0501 446.0355 307.7251 1.4702 1.7032 3.9439 -3.8847 1.8163 11.7206 1.5319 0.9746
Car -1 -1 1.4468 639.4604 184.1140 709.8006 240.3572 1.5185 1.6689 3.8961 1.9137 1.8967 22.2537 1.5305 0.9363
Car -1 -1 1.7570 468.2132 183.8644 531.8768 224.6323 1.4305 1.6965 4.4868 -4.2772 1.9050 28.8222 1.6104 0.9089
Car -1 -1 4.5627 623.7295 183.5679 675.2800 223.2324 1.4508 1.5557 3.6163 1.5594 1.9134 29.2803 4.6147 0.7384
Car -1 -1 4.4957 484.9509 182.2099 534.2974 216.3917 1.5583 1.6985 3.6058 -5.0293 2.0505 35.9674 4.3572 0.5485
Car -1 -1 1.4401 616.2890 183.8950 659.5447 218.9370 1.5051 1.5579 3.7926 1.2893 2.0583 34.1884 1.4768 0.3898
Car -1 -1 2.0440 509.5381 185.9666 564.9167 213.2273 1.5014 1.6135 4.2446 -4.3659 2.3458 44.1940 1.9455 0.2475
Car -1 -1 1.4740 619.4614 176.2536 667.8715 217.5748 1.6856 1.7208 4.3294 1.4418 1.8468 32.0040 1.5179 0.1520
Car -1 -1 4.3781 606.7401 181.0046 663.3533 213.2872 1.4566 1.6078 3.8776 1.1978 1.8835 35.7013 4.4107 0.1264
Car -1 -1 4.4598 668.1305 170.8528 711.7597 196.3006 1.4360 1.5801 4.1541 4.7189 1.3230 42.8836 4.5683 0.1167
Car -1 -1 1.8227 601.3100 181.8235 628.1521 198.7124 1.5070 1.6204 3.9678 0.5247 2.3883 68.7660 1.8298 0.1147
Car -1 -1 1.6963 488.7513 181.7696 534.1597 217.5129 1.5224 1.6015 4.0714 -4.5304 1.9652 33.7932 1.5635 0.1061
Car -1 -1 1.7447 484.5832 174.7290 512.7393 192.8088 1.4401 1.6085 4.2018 -9.1860 1.6016 60.0312 1.5932 0.1024
Car -1 -1 1.5135 588.3373 179.1526 632.1132 219.8556 1.6304 1.6755 4.1952 -0.0328 1.9259 31.7080 1.5118 0.0851
Car -1 -1 1.9589 496.5461 186.0755 547.7875 213.9446 1.5116 1.6618 3.9931 -5.1862 2.3447 43.3180 1.8399 0.0841
Car -1 -1 4.7843 475.3828 176.1926 503.6340 201.4681 1.5686 1.5576 3.6820 -7.8137 1.7957 47.1863 4.6207 0.0791
Car -1 -1 -0.3755 437.7872 173.2845 777.9374 319.0576 1.4942 1.5699 3.8656 -0.0238 1.5004 8.8499 -0.3797 0.0760
Car -1 -1 -0.1886 615.1692 183.1170 701.8220 214.7697 1.4651 1.6112 3.9743 2.3484 1.9794 35.1171 -0.1231 0.0759
Car -1 -1 2.6304 456.7575 182.7990 543.2130 217.2367 1.5115 1.6137 3.7806 -5.2085 2.0118 34.5039 2.4812 0.0693
Car -1 -1 4.5353 696.5686 195.1616 759.6730 240.6299 1.4747 1.6922 3.7260 4.3765 2.3714 27.1254 4.6926 0.0578
Car -1 -1 1.6259 608.3843 181.4702 635.8582 205.8754 1.5213 1.6282 3.9609 0.8799 2.1241 48.4473 1.6435 0.0552
Car -1 -1 4.7230 591.1369 185.6400 632.6622 225.4536 1.4368 1.5704 3.8272 0.1144 1.9884 29.1996 4.7261 0.0546
Car -1 -1 -0.3589 676.9688 168.9104 753.1027 195.4753 1.4958 1.6235 4.0582 6.0997 1.2738 41.8562 -0.2156 0.0540
Car -1 -1 4.2709 316.8016 179.3968 620.7253 375.0000 1.4940 1.5560 3.7329 -1.6555 1.5788 7.3990 4.0569 0.0507
Car -1 -1 1.9059 634.4431 175.3355 663.6330 192.2079 1.5403 1.6361 3.7173 3.7763 1.7829 68.4975 1.9603 0.0504