Car -1 -1 2.0241 173.7506 194.2480 290.3202 246.3780 1.5061 1.7743 4.4283 -12.8517 2.3107 24.9070 1.5518 0.9057
Car -1 -1 4.7279 571.5756 178.9051 610.9595 215.1523 1.5347 1.7062 4.2103 -0.8119 1.8323 33.3688 4.7031 0.8724
Car -1 -1 1.8995 353.4379 186.1699 406.3749 215.1576 1.5196 1.7030 4.0096 -13.2028 2.3268 41.7100 1.5944 0.7340
Car -1 -1 4.8883 282.9966 181.2314 317.0969 206.3990 1.6287 1.5716 3.4774 -21.3219 2.2287 49.8089 4.4854 0.1928
Car -1 -1 1.2372 664.2971 178.0112 705.7192 201.6645 1.4861 1.5796 3.8396 4.9996 1.8458 48.2757 1.3393 0.1776
Car -1 -1 4.6680 696.6706 177.9928 725.3397 201.5764 1.4480 1.6750 4.0296 6.6079 1.7997 47.2932 4.8055 0.1594
Car -1 -1 1.6328 717.8986 173.7629 740.0408 197.6668 1.9478 1.6152 3.8362 10.1213 2.0273 61.0013 1.7960 0.1249
Car -1 -1 1.6251 345.6430 190.2233 370.5169 211.8147 1.5113 1.6082 3.7751 -19.4187 2.9039 55.8162 1.2914 0.1131
Car -1 -1 1.5800 705.1221 175.1771 733.9796 203.3343 1.6309 1.6727 4.3887 6.7945 1.7815 44.4716 1.7301 0.1104
Car -1 -1 1.6748 535.1189 188.4892 559.6682 207.7350 1.4898 1.6573 4.1230 -5.2471 2.8633 61.3050 1.5893 0.1043
Car -1 -1 1.1271 229.4095 185.8260 284.8941 209.5790 1.4301 1.6917 4.0965 -23.2229 2.3189 47.4992 0.6742 0.1015
Car -1 -1 3.7138 684.7701 172.2869 738.1332 191.5880 1.5307 1.7034 4.0575 8.3337 1.4857 59.1918 3.8527 0.0992
Car -1 -1 4.5643 712.5312 172.2030 739.4681 192.7218 1.6455 1.6241 4.0294 9.6268 1.5933 59.8875 4.7226 0.0936
Car -1 -1 3.1962 674.8036 178.6087 739.3648 202.2952 1.4928 1.6675 4.1070 6.4072 1.8793 47.2598 3.3296 0.0936
Car -1 -1 1.7555 345.1565 183.8128 391.8612 216.9678 1.6656 1.6918 4.2203 -13.2616 2.3052 39.9097 1.4362 0.0907
Car -1 -1 2.3165 211.9483 182.3029 285.1106 208.8656 1.5239 1.7094 4.1859 -22.5490 2.1459 45.2445 1.8562 0.0813
Car -1 -1 1.6750 344.3954 183.7309 366.0410 202.6734 1.6455 1.5055 3.7878 -23.5913 2.6861 67.0118 1.3374 0.0766
Car -1 -1 4.9293 708.4545 177.2197 746.8858 201.4063 1.4803 1.6329 4.1221 7.7654 1.7791 47.1765 5.0910 0.0755
Car -1 -1 4.4873 677.0583 178.4575 717.2912 203.7954 1.5365 1.7071 4.1230 5.6334 1.9169 46.8424 4.6058 0.0732
Car -1 -1 3.3291 657.7851 180.1989 726.0179 205.6001 1.5525 1.7539 4.1037 5.3039 2.0394 46.3806 3.4418 0.0705
Car -1 -1 1.9011 270.3322 187.7313 316.7389 212.6505 1.4975 1.6149 3.9481 -20.8780 2.5253 47.8174 1.4911 0.0699
Car -1 -1 1.6849 682.6887 176.8214 717.8430 204.3413 1.5928 1.6911 4.2179 5.6591 1.8507 44.6582 1.8096 0.0688
Car -1 -1 0.3395 646.1638 179.3235 710.2657 203.9387 1.5356 1.6288 3.8691 4.5050 1.9744 47.3800 0.4332 0.0669
Car -1 -1 3.6055 341.1422 191.5219 414.8855 218.1281 1.5012 1.6643 3.8916 -13.9041 2.6534 43.4106 3.2968 0.0652
Car -1 -1 2.5497 676.4469 176.2316 745.9883 201.1414 1.5040 1.7053 4.1082 6.4425 1.7256 45.6818 2.6885 0.0636
Car -1 -1 1.2737 684.6093 175.3121 719.5969 193.8910 1.4750 1.7031 4.2960 7.6660 1.6876 60.1425 1.3995 0.0629
Car -1 -1 1.4323 343.2751 186.1319 383.9835 214.9055 1.4905 1.6591 4.2704 -14.2771 2.3009 41.7608 1.1045 0.0624
Car -1 -1 1.0389 706.6100 176.3115 765.8538 203.8012 1.5495 1.6225 4.1562 7.5623 1.7685 43.4628 1.2096 0.0614
Car -1 -1 1.7263 166.9581 194.0686 214.9697 226.3146 1.5127 1.6501 3.7091 -22.2933 2.7056 38.5434 1.2046 0.0607
Car -1 -1 4.8303 256.9794 184.7612 291.7717 209.1290 1.5021 1.6680 3.9344 -22.5650 2.3406 48.6853 4.3981 0.0606
Car -1 -1 0.6427 205.1943 183.0306 281.0640 207.5773 1.4805 1.7115 4.0756 -23.1883 2.1421 45.7105 0.1754 0.0602
Car -1 -1 4.7793 687.0999 178.8171 715.1475 202.4710 1.4876 1.6141 3.9177 6.1893 1.9056 48.5014 4.9050 0.0599
Car -1 -1 1.2020 283.6816 191.5229 362.3345 232.3561 1.4595 1.6790 4.0132 -11.8455 2.2809 29.7029 0.8251 0.0594
Car -1 -1 0.9448 352.3333 189.9080 410.2008 214.2996 1.5031 1.7492 3.9774 -15.5208 2.7057 48.9933 0.6391 0.0585
Car -1 -1 1.5751 505.7029 168.9562 531.1306 193.0106 1.5785 1.6590 3.9321 -6.2288 1.3228 49.4018 1.4501 0.0584
Car -1 -1 2.0189 263.1255 183.1846 312.8787 206.9392 1.5453 1.6430 3.9288 -22.5095 2.2991 50.6585 1.6024 0.0580
Car -1 -1 1.4380 358.4373 182.2367 401.3465 214.6703 1.5760 1.6486 4.1980 -12.3364 2.1074 38.6124 1.1303 0.0577
Car -1 -1 0.4393 336.0413 186.5685 414.9040 214.5617 1.5241 1.6945 3.9654 -13.4151 2.3327 41.4490 0.1278 0.0565
Car -1 -1 1.7194 679.7833 174.7619 715.8354 203.1988 1.5957 1.5854 3.7500 5.2720 1.7142 42.7780 1.8407 0.0550
Car -1 -1 1.5942 751.2593 178.1374 778.7972 203.8211 1.4879 1.5831 3.9955 9.6870 1.8315 44.8021 1.8053 0.0534
Car -1 -1 1.8846 329.5778 181.3665 386.9102 213.4331 1.5244 1.6222 4.0596 -12.9555 1.9900 37.4288 1.5532 0.0528
Car -1 -1 1.7039 425.6611 182.6134 464.3565 211.1454 1.4843 1.6158 4.0384 -9.3045 2.0676 41.0442 1.4820 0.0527
Car -1 -1 1.6763 157.7221 199.7892 205.4832 234.4743 1.4946 1.6630 3.8520 -21.5476 2.9334 36.4464 1.1452 0.0518
Car -1 -1 1.7622 663.7798 178.0618 701.2849 204.3194 1.5349 1.6227 3.8918 4.6042 1.8756 45.1063 1.8628 0.0515
Car -1 -1 1.4491 630.5330 180.7587 662.9015 204.6735 1.4403 1.6297 3.8805 2.3663 1.9744 46.7660 1.4988 0.0508
Car -1 -1 1.9922 235.2928 179.6708 292.3077 209.4488 1.6869 1.6166 4.0012 -20.9172 2.1200 43.8168 1.5489 0.0501