Car -1 -1 1.8990 302.4443 187.0710 399.3202 239.7695 1.4272 1.5969 4.1323 -8.0102 1.9159 22.7313 1.5634 0.9652
Car -1 -1 1.6857 456.6331 179.5492 490.6554 204.7933 1.4641 1.6190 4.1370 -8.4439 1.9022 45.0915 1.5012 0.7439
Car -1 -1 2.0504 283.7516 189.5542 326.6534 212.3381 1.6455 1.6020 3.6472 -23.8888 3.0028 56.7566 1.6533 0.3341
Car -1 -1 1.9775 264.6553 186.8976 331.3271 219.2478 1.3931 1.5460 3.8037 -14.8659 2.1042 34.6300 1.5744 0.1952
Car -1 -1 0.9178 272.5449 188.4256 323.2353 209.6417 1.5593 1.6885 3.8667 -24.7071 2.8296 57.1818 0.5113 0.1714
Car -1 -1 1.6176 355.9024 177.0154 380.0080 197.2297 1.4770 1.5681 4.1993 -18.6716 1.8121 55.8732 1.2962 0.1266
Car -1 -1 1.4883 384.7656 189.1716 417.5761 216.6774 1.4959 1.6013 3.9037 -12.6999 2.5353 43.8516 1.2076 0.0941
Car -1 -1 1.4741 393.9990 193.3382 446.1328 235.8346 1.4550 1.6494 3.8340 -7.6173 2.3317 28.7966 1.2171 0.0916
Car -1 -1 0.3899 433.2959 180.3750 507.3377 204.8230 1.4651 1.6400 4.2524 -8.7075 1.9493 45.2222 0.2004 0.0793
Car -1 -1 1.5286 269.2464 188.0273 295.3422 209.3634 1.5039 1.6857 3.8989 -25.4221 2.7260 55.9952 1.1039 0.0658
Car -1 -1 1.6243 377.2957 190.8890 422.9587 229.8695 1.4704 1.6780 4.1532 -9.0658 2.3124 31.4748 1.3456 0.0626
Car -1 -1 0.9237 344.5838 192.1034 408.9537 219.9060 1.4784 1.6576 3.8084 -13.7613 2.6621 42.5956 0.6126 0.0569
Car -1 -1 5.0963 275.6586 183.9230 343.5883 216.4002 1.4694 1.6410 4.3170 -14.9807 2.0592 36.2832 4.7070 0.0515
Car -1 -1 1.9915 497.0144 180.1416 548.3383 206.6284 1.4565 1.5845 3.8669 -5.1091 1.9109 42.9051 1.8732 0.0513
Car -1 -1 1.6163 452.4646 179.1949 483.7910 207.5262 1.5886 1.6662 4.0014 -8.4806 1.9893 43.4980 1.4245 0.0509