Car -1 -1 1.7050 830.5871 178.6717 906.8870 236.4328 1.4745 1.6118 3.5713 7.5249 1.6578 20.7697 2.0474 0.9344
Car -1 -1 4.5857 1083.5483 161.4188 1237.8057 267.8163 1.6791 1.7034 4.3227 10.2111 1.4987 13.6911 5.2157 0.9232
Car -1 -1 4.6423 1031.2106 162.8613 1079.1177 199.8589 1.5982 1.5979 3.7174 20.4287 1.1666 33.1873 5.1898 0.8165
Car -1 -1 4.7216 908.2032 167.8608 947.4772 202.4969 1.6021 1.6792 4.5347 15.7916 1.3711 35.7868 5.1338 0.7763
Car -1 -1 4.2936 892.9960 162.9601 931.4487 181.8452 1.5941 1.6538 3.8633 26.3160 0.7590 62.8577 4.6883 0.3688
Car -1 -1 4.7647 946.5081 168.8192 968.8134 186.2286 1.5588 1.6550 4.0908 32.2462 1.1975 66.7946 5.2125 0.2556
Car -1 -1 4.2910 804.4822 171.1645 867.4664 202.8402 1.4759 1.5867 3.6651 11.0755 1.3972 35.5349 4.5904 0.1071
Car -1 -1 1.5358 997.7679 175.1223 1024.9407 197.5936 1.5497 1.5726 3.8633 29.0605 1.7205 52.2568 2.0406 0.1002
Car -1 -1 1.3171 928.2837 171.5105 969.1541 194.8858 1.4782 1.5229 3.8091 22.3361 1.3932 47.6396 1.7529 0.0851
Car -1 -1 1.4409 833.3342 166.6489 871.4257 192.2800 1.4665 1.6226 4.2881 14.5934 1.1114 43.5412 1.7620 0.0764
Car -1 -1 1.3498 831.5975 174.1389 890.2467 209.6721 1.5105 1.6539 4.0840 11.3913 1.5730 32.9459 1.6795 0.0749
Car -1 -1 2.9491 840.5137 168.8708 909.0660 193.7109 1.5272 1.5961 3.8151 16.6544 1.2823 45.4473 3.2980 0.0713
Car -1 -1 4.7671 871.7796 168.1812 901.8630 195.2868 1.6808 1.6120 4.1133 18.0731 1.3910 46.9488 5.1321 0.0679
Car -1 -1 4.5969 1111.9639 145.6044 1174.4354 185.5518 1.5756 1.6639 3.9184 22.5210 0.5008 30.5745 5.2272 0.0671
Car -1 -1 1.6262 875.7821 172.9126 903.8391 197.3055 1.5816 1.5651 3.9247 19.0231 1.5857 48.9036 1.9947 0.0663
Car -1 -1 3.0575 819.0895 166.5498 894.7333 193.6075 1.5210 1.6373 4.0207 14.2751 1.1666 41.8364 3.3839 0.0649
Car -1 -1 1.4920 820.6838 167.8859 866.2206 204.8717 1.5427 1.6010 4.0894 10.3920 1.3355 32.2699 1.8005 0.0633
Car -1 -1 1.5418 948.9643 168.6973 971.0200 186.8645 1.5605 1.6320 4.3517 31.1919 1.2034 64.2968 1.9915 0.0601
Car -1 -1 4.6041 861.9478 170.2032 889.4942 191.8403 1.6463 1.6009 4.0968 21.0145 1.4446 57.0810 4.9549 0.0572
Car -1 -1 -1.0174 920.9791 158.7617 963.2391 176.4714 1.6167 1.6037 4.2654 31.2250 0.3302 67.7167 -0.5870 0.0541
Car -1 -1 2.7943 889.0723 162.4770 939.3409 181.2041 1.5903 1.6081 3.6607 26.2174 0.7091 62.1680 3.1916 0.0537
Car -1 -1 4.1777 1051.0142 165.9459 1131.9141 199.5737 1.5839 1.6588 3.7378 23.8640 1.2585 35.8907 4.7604 0.0527
Car -1 -1 4.5059 817.9137 168.3275 858.9970 193.8211 1.4508 1.5616 3.8887 13.6069 1.1932 43.0728 4.8096 0.0509
Car -1 -1 2.8485 816.8257 171.6119 917.6763 207.3531 1.4882 1.6084 3.7649 10.9846 1.4365 30.9307 3.1863 0.0502