Car -1 -1 4.4897 702.8877 179.6613 797.7503 241.7133 1.4897 1.6514 4.1666 3.7476 1.6974 19.9007 4.6723 0.9665
Car -1 -1 2.0576 0.0000 197.9607 340.3682 370.5693 1.4286 1.6610 4.2692 -4.8694 1.8072 8.7373 1.5614 0.9612
Car -1 -1 4.4675 733.6824 185.6603 869.9186 275.1712 1.4648 1.6690 3.8151 3.6204 1.7519 14.2636 4.7101 0.9453
Car -1 -1 4.3848 788.6151 191.2945 1047.0576 348.9358 1.4090 1.6282 3.8196 3.4285 1.6842 8.8349 4.7425 0.9428
Car -1 -1 1.7573 466.5187 181.3234 522.5899 220.9202 1.4512 1.5617 3.7240 -4.5726 1.8153 29.1361 1.6025 0.9289
Car -1 -1 1.7777 433.1073 181.8546 500.5479 229.4335 1.4663 1.5676 3.4621 -4.7937 1.7954 24.6390 1.5869 0.7766
Car -1 -1 4.0210 932.1837 193.1854 1242.0000 375.0000 1.4589 1.5210 3.3877 3.4102 1.6236 4.1252 4.6763 0.7582
Car -1 -1 4.5591 696.7226 176.4019 755.2609 221.1906 1.4557 1.5114 3.4640 4.0379 1.5894 25.4585 4.7139 0.6468
Car -1 -1 -0.7257 980.4013 179.9579 1145.5138 238.6347 1.4326 1.5323 3.5612 11.8482 1.6295 18.9364 -0.1742 0.5552
Car -1 -1 4.5149 427.9764 172.1598 461.1794 195.9857 1.6677 1.6284 3.8943 -12.0633 1.6191 52.6132 4.2903 0.4241
Car -1 -1 4.1964 0.0000 228.1081 73.8963 375.0000 1.4713 1.6011 3.9063 -6.1030 1.9463 5.0310 3.3412 0.4035
Car -1 -1 2.2972 0.0000 206.4955 66.6808 375.0000 1.4690 1.5470 3.9305 -4.6859 1.7313 3.5616 1.4127 0.3145
Car -1 -1 4.3095 434.9261 174.2107 485.6340 199.0002 1.4686 1.6551 4.0340 -9.3739 1.5574 45.1071 4.1055 0.3002
Car -1 -1 1.4240 1147.8058 182.4290 1242.0000 263.7514 1.4135 1.5002 4.2308 12.5996 1.6453 15.2630 2.1041 0.2451
Car -1 -1 3.3660 427.7782 174.4360 493.3697 199.1623 1.4900 1.5886 3.6928 -9.1384 1.5893 44.4232 3.1640 0.2364
Car -1 -1 4.9436 403.5034 180.0316 455.1376 213.3108 1.4728 1.5475 3.9010 -8.6067 1.8378 34.7351 4.7021 0.2252
Car -1 -1 0.7912 1026.3026 180.4961 1152.5541 226.6425 1.4651 1.5787 3.6698 16.8240 1.7560 25.5123 1.3683 0.2082
Car -1 -1 1.2525 721.9587 168.9061 764.9423 192.4979 1.4443 1.5955 3.7705 8.5115 1.2026 46.1505 1.4334 0.2011
Car -1 -1 3.9497 1107.8735 180.5319 1242.0000 251.3094 1.3408 1.5385 3.7383 13.2209 1.5316 16.0119 4.6305 0.1920
Car -1 -1 2.9930 760.8648 169.7926 831.2852 191.3985 1.4574 1.6848 4.4972 12.8049 1.2509 49.7371 3.2432 0.1614
Car -1 -1 4.8190 140.3651 196.6646 201.8472 242.4968 1.4763 1.5895 3.5950 -16.4746 2.4404 27.2491 4.2792 0.1520
Car -1 -1 1.5870 579.7833 180.8073 598.5938 198.7163 1.4839 1.5908 3.8803 -1.7664 2.2049 63.4651 1.5589 0.1468
Car -1 -1 1.3839 502.3411 182.5443 534.0482 204.7903 1.4903 1.5826 3.8814 -6.6513 2.2201 52.2494 1.2575 0.1360
Car -1 -1 4.6312 668.8498 175.2799 691.2123 192.7283 1.4895 1.6554 4.0007 6.2361 1.7121 64.1686 4.7273 0.1329
Car -1 -1 0.0102 669.5813 173.8204 722.2883 190.5188 1.4299 1.6183 4.5118 7.5394 1.5158 63.0053 0.1284 0.1300
Car -1 -1 4.6977 694.4985 171.8468 717.0649 194.0056 1.6162 1.6311 3.7883 7.2509 1.5427 54.6033 4.8286 0.1295
Car -1 -1 5.3306 0.0000 183.8100 143.5296 239.4684 1.4523 1.6050 3.7246 -15.8343 1.8063 21.4365 4.7001 0.1235
Car -1 -1 0.6759 0.0000 185.8991 101.3754 239.4219 1.4255 1.5630 3.5025 -16.6620 1.8083 20.3874 -0.0030 0.1059
Car -1 -1 1.4378 671.5953 181.0156 702.7457 205.0297 1.4998 1.5714 3.8426 5.1573 2.0685 48.3276 1.5429 0.1056
Car -1 -1 2.4152 0.0000 219.4673 84.5312 375.0000 1.4594 1.5535 3.7721 -5.3102 1.8634 4.3601 1.5621 0.1040
Car -1 -1 4.5093 752.8522 169.2331 788.1882 190.5818 1.4538 1.6323 4.1686 11.3776 1.2073 51.2322 4.7263 0.1019
Car -1 -1 5.0706 771.7336 174.3248 828.7189 203.0183 1.4210 1.6155 3.9803 10.0974 1.5028 38.0383 5.3277 0.1000
Car -1 -1 4.5980 697.1239 172.8977 720.5264 190.0614 1.4820 1.6184 3.9717 8.8158 1.4861 64.3157 4.7333 0.0937
Car -1 -1 4.7223 608.2833 169.2709 629.7731 189.8465 1.5434 1.6124 3.9138 0.7552 1.2746 56.0974 4.7354 0.0936
Car -1 -1 1.4809 696.0178 176.2979 754.8793 224.2883 1.6490 1.7862 4.5274 4.3129 1.7910 27.4405 1.6345 0.0922
Car -1 -1 3.7426 1000.0082 181.9260 1242.0000 375.0000 1.5471 1.6250 4.4522 3.7006 1.6112 2.8063 4.6145 0.0888
Car -1 -1 4.0202 1040.0481 181.5599 1241.5117 254.2094 1.4273 1.5985 3.8795 11.9965 1.6523 16.6495 4.6356 0.0880
Car -1 -1 0.5699 1166.6246 176.6090 1242.0000 265.8721 1.4764 1.5488 4.0644 13.6467 1.5620 14.2766 1.3220 0.0860
Car -1 -1 -0.2483 785.1095 172.6578 853.9614 194.7291 1.4884 1.5817 4.2781 14.3689 1.4752 49.5165 0.0322 0.0854
Car -1 -1 1.7177 442.3347 174.2481 479.5303 201.0078 1.5534 1.6335 4.1652 -9.0562 1.6430 44.2309 1.5165 0.0825
Car -1 -1 1.3512 977.3722 181.2012 1096.2118 252.0184 1.4879 1.6340 4.0368 10.3850 1.7194 17.8406 1.8706 0.0824
Car -1 -1 3.6807 0.0000 208.6617 116.3715 375.0000 1.4988 1.5665 4.0465 -5.2820 1.7650 3.9156 2.7807 0.0734
Car -1 -1 4.0788 1022.5325 180.2284 1170.4089 241.3769 1.4175 1.5248 3.2822 12.5304 1.6269 18.8110 4.6587 0.0731
Car -1 -1 1.7848 0.0000 192.9562 116.5578 375.0000 1.5267 1.6182 4.2924 -3.3877 1.6819 3.3122 1.0277 0.0699
Car -1 -1 1.2033 634.7112 178.8895 669.1020 196.8899 1.4878 1.6484 4.0915 3.6754 2.0358 63.3122 1.2606 0.0670
Car -1 -1 0.5904 101.2634 190.3995 204.9603 223.9932 1.5853 1.6151 4.1611 -22.6127 2.4778 35.8299 0.0305 0.0642
Car -1 -1 3.9961 68.8208 194.9741 191.8864 239.9353 1.4680 1.5762 3.8505 -17.3106 2.3072 26.0952 3.4149 0.0640
Car -1 -1 4.6054 697.4879 171.2239 725.1667 193.0516 1.6243 1.6693 4.2553 7.8353 1.5030 55.8452 4.7438 0.0623
Car -1 -1 4.3154 796.3232 191.1209 1242.0000 375.0000 1.5096 1.5924 3.8992 2.0651 1.6511 3.5784 4.8024 0.0620
Car -1 -1 1.8749 667.5443 182.1889 709.9893 206.6599 1.4598 1.6475 3.8863 5.1762 2.0921 46.7640 1.9839 0.0616
Car -1 -1 2.3551 1030.6492 176.2642 1202.0791 234.3120 1.4381 1.5707 3.7086 13.3761 1.5337 19.1168 2.9579 0.0610
Car -1 -1 4.8400 648.6553 180.6439 708.1696 225.7471 1.5216 1.7079 4.3715 2.7009 1.8432 27.4650 4.9363 0.0609
Car -1 -1 -0.5540 1115.0540 178.7886 1242.0000 250.4776 1.4085 1.5836 4.0558 13.4720 1.5446 15.4496 0.1533 0.0608
Car -1 -1 5.1207 0.0000 223.0538 399.4875 375.0000 1.5323 1.5929 3.7128 -3.0574 2.0899 6.1283 4.6737 0.0604
Car -1 -1 4.5550 797.4129 171.2356 830.8112 193.1893 1.4726 1.6394 3.9414 14.2555 1.3641 50.4524 4.8285 0.0584
Car -1 -1 1.3821 694.8519 174.4807 732.7816 199.2623 1.4882 1.6436 4.0044 6.5428 1.5957 45.6376 1.5232 0.0574
Car -1 -1 3.0636 411.7384 175.4579 478.2419 202.2528 1.5665 1.6305 3.8207 -9.9976 1.7294 43.7908 2.8401 0.0566
Car -1 -1 4.7034 0.0000 216.6740 378.7845 375.0000 1.5277 1.6476 3.3430 -2.7217 1.9325 4.8041 4.2100 0.0559
Car -1 -1 5.1757 0.0000 210.6817 163.3540 375.0000 1.4480 1.5756 3.7696 -5.0374 1.8488 5.6259 4.4686 0.0559
Car -1 -1 -1.3824 1129.2645 177.8745 1217.2551 225.9471 1.4777 1.6153 4.2629 19.2822 1.6631 24.6183 -0.7242 0.0556
Car -1 -1 0.6641 636.6599 182.3805 698.1248 206.3809 1.4549 1.6166 3.8134 3.7473 2.1019 47.1204 0.7424 0.0554
Car -1 -1 0.8159 1042.7050 179.1450 1242.0000 246.2820 1.3930 1.6415 3.9767 12.6683 1.5633 17.4421 1.4356 0.0549
Car -1 -1 4.4285 1077.9634 180.6265 1172.8158 227.8582 1.4559 1.6138 3.9193 17.7705 1.7485 25.0516 5.0394 0.0545
Car -1 -1 2.9087 1010.1433 182.3422 1239.5756 253.9326 1.4478 1.6239 3.9798 11.5192 1.6836 16.4578 3.5104 0.0542
Car -1 -1 1.2385 477.8984 184.0789 517.6239 206.3331 1.4538 1.6381 3.8026 -7.9815 2.2837 51.2814 1.0844 0.0539
Car -1 -1 2.2188 510.9580 180.8270 561.5867 203.4658 1.5262 1.5762 3.9540 -5.2590 2.1264 52.2179 2.1185 0.0525
Car -1 -1 1.9076 538.4163 180.8073 577.8022 203.6975 1.5054 1.6127 3.7728 -3.5854 2.0888 50.8973 1.8372 0.0518
Car -1 -1 -0.5789 712.8339 172.7293 836.6659 218.6301 1.4727 1.5787 3.8816 5.6195 1.4687 24.5685 -0.3572 0.0511