Car -1 -1 4.8257 442.9559 186.8854 501.8790 237.4503 1.5162 1.5594 3.5276 -4.5743 2.0271 24.4564 4.6420 0.9659
Car -1 -1 3.4615 134.5293 182.3354 344.7182 252.3325 1.6209 1.7299 4.3908 -9.1560 1.8753 18.1891 3.0006 0.9094
Car -1 -1 1.6617 472.1200 182.1834 520.5452 222.8625 1.5794 1.6901 3.9664 -4.7929 2.0062 30.9774 1.5089 0.8093
Car -1 -1 1.2182 433.9442 176.8142 475.4060 200.1333 1.5142 1.6641 3.5229 -10.6431 1.7962 49.4417 1.0069 0.3473
Car -1 -1 1.5666 444.5168 174.7433 463.0504 192.4359 1.5273 1.5794 3.9500 -14.0027 1.7026 64.8339 1.3544 0.2105
Car -1 -1 1.6733 498.4232 184.7776 529.1868 209.7259 1.5133 1.6230 3.8242 -6.2692 2.3311 47.5509 1.5425 0.1530
Car -1 -1 1.5731 432.4101 175.9405 455.7721 198.9332 1.5434 1.5514 3.8716 -11.6970 1.7706 51.0463 1.3487 0.1466
Car -1 -1 2.1823 457.2199 176.0568 502.1317 195.2504 1.4626 1.5658 3.9291 -10.3589 1.7285 57.7975 2.0055 0.1301
Car -1 -1 3.9902 468.1105 186.7561 527.5299 211.6191 1.4707 1.6661 3.8513 -7.2486 2.4056 46.6488 3.8364 0.0832
Car -1 -1 4.9847 513.8276 185.6614 553.0717 210.6557 1.5128 1.6296 3.7426 -4.9834 2.3944 47.6846 4.8806 0.0807
Car -1 -1 0.0703 187.8964 181.9227 343.1639 241.7429 1.5177 1.5435 3.7811 -9.4536 1.7882 20.1237 -0.3642 0.0718
Car -1 -1 1.3471 444.7585 176.6891 482.7959 201.2578 1.5504 1.6388 4.0714 -9.8207 1.8193 48.4084 1.1477 0.0694
Car -1 -1 1.0262 402.0346 176.8461 454.3279 199.7677 1.4999 1.6410 4.0663 -12.5816 1.7873 49.9285 0.7803 0.0639
Car -1 -1 2.6871 446.5604 183.5304 520.3981 209.1386 1.4725 1.6796 4.2288 -7.8362 2.1669 45.0093 2.5152 0.0580