Car -1 -1 4.6196 717.5406 189.2906 912.3127 365.0170 1.4327 1.6530 3.6914 2.0691 1.6637 8.1923 4.8570 0.8742
Car -1 -1 3.6717 233.2415 194.0029 419.8141 261.3181 1.4333 1.6265 3.8455 -6.6762 1.9696 17.1807 3.3057 0.4659
Car -1 -1 4.5011 673.5309 178.0804 741.0168 221.8901 1.4164 1.5894 3.9114 3.4089 1.6180 25.8223 4.6303 0.3714
Car -1 -1 4.7575 713.3192 178.4053 763.2724 222.5449 1.4221 1.5883 4.0208 4.6866 1.6380 25.9203 4.9337 0.3046
Car -1 -1 2.1064 253.8278 191.3867 421.7112 272.2700 1.4569 1.6606 3.9804 -5.8467 1.9241 16.0762 1.7622 0.2197
Car -1 -1 4.6346 766.2158 175.7820 823.0846 221.9015 1.4279 1.5634 3.8079 6.2317 1.5359 24.6012 4.8793 0.2098
Car -1 -1 5.0107 318.6143 192.7106 435.4066 262.2868 1.4257 1.6456 3.8667 -5.5881 1.9694 17.8243 4.7104 0.1606
Car -1 -1 -0.2965 765.4831 174.1187 902.7975 220.8291 1.4660 1.5812 3.9761 7.2340 1.5085 23.4822 -0.0017 0.1606
Car -1 -1 -0.4271 687.5591 177.0729 810.8510 220.9634 1.4257 1.5533 3.8809 4.7914 1.5783 24.8862 -0.2398 0.1535
Car -1 -1 -0.1490 725.1587 180.5051 802.6403 209.1639 1.4786 1.5441 3.8619 8.2053 1.8971 38.5813 0.0585 0.1420
Car -1 -1 0.0787 635.3413 176.8808 749.5809 221.4604 1.4552 1.5682 3.8048 2.8921 1.6005 24.8914 0.1923 0.1148
Car -1 -1 1.4597 697.7810 177.5372 757.4699 224.1577 1.4477 1.5766 3.9432 3.9774 1.6218 24.8138 1.6161 0.1090
Car -1 -1 1.4091 743.0419 175.8742 798.0869 214.4371 1.5282 1.6492 4.1201 6.8426 1.6669 31.0239 1.6237 0.0843
Car -1 -1 3.8840 174.3522 192.9401 383.9326 275.6005 1.4728 1.6081 3.8786 -6.8001 1.9258 14.8978 3.4620 0.0827
Car -1 -1 3.1107 739.1515 173.4526 852.7261 219.6893 1.4332 1.5546 3.4722 6.0182 1.4537 23.5263 3.3576 0.0809
Car -1 -1 -0.2018 659.8444 178.1121 782.9182 220.1836 1.4333 1.5885 4.0945 3.9255 1.6272 25.7069 -0.0526 0.0763
Car -1 -1 4.8578 278.3707 193.1589 378.0872 266.9455 1.4303 1.6258 3.8943 -6.5648 1.9729 17.2048 4.4978 0.0616
Car -1 -1 2.6495 798.5143 171.8616 950.6436 223.8329 1.5482 1.6424 4.2020 8.2530 1.5186 22.6143 2.9947 0.0599
Car -1 -1 4.3481 773.1010 178.8921 895.3660 248.2516 1.5429 1.6143 4.0423 5.5916 1.7150 18.4890 4.6366 0.0583
Car -1 -1 4.7075 407.0559 191.5853 462.7933 245.2109 1.4514 1.5834 3.6568 -5.5320 2.0959 22.8647 4.4721 0.0560
Car -1 -1 2.9139 722.4487 176.3870 851.6941 220.1930 1.4472 1.5933 4.0513 6.0237 1.5725 24.7801 3.1490 0.0548
Car -1 -1 -0.4902 687.3607 178.6049 815.0153 222.4819 1.4756 1.6187 4.2615 5.0975 1.6942 26.0347 -0.2997 0.0542
Car -1 -1 4.5923 747.5152 181.8556 799.2513 222.1618 1.4849 1.5946 3.8147 6.6135 1.8768 29.4401 4.8104 0.0513