Car -1 -1 3.0025 902.4488 176.6753 989.0314 205.6389 1.4981 1.6403 4.0540 18.1124 1.7122 39.0506 3.4335 0.8787
Car -1 -1 1.2503 916.1303 176.5393 983.0341 211.7897 1.4747 1.5768 3.8715 15.2785 1.6516 32.6194 1.6844 0.4471
Car -1 -1 1.5876 355.2274 185.0523 376.9512 203.7856 1.5072 1.7273 4.1023 -21.2763 2.6123 63.1525 1.2635 0.2592
Car -1 -1 1.6286 370.4938 177.7338 397.7640 199.5491 1.4433 1.5943 4.0936 -15.8583 1.8022 50.8896 1.3277 0.2372
Car -1 -1 4.6080 285.2614 182.9266 312.1573 203.7747 1.5791 1.6359 3.6690 -25.2620 2.4249 58.5855 4.2023 0.2019
Car -1 -1 -0.0888 897.7204 188.4094 967.5684 216.0014 1.5113 1.6668 3.6096 18.9348 2.4556 42.4348 0.3277 0.1980
Car -1 -1 4.8050 1020.6689 161.7004 1060.2729 191.7025 1.7035 1.6776 4.0004 25.7591 1.0702 43.0805 5.3407 0.1770
Car -1 -1 4.6809 908.8152 157.8576 1017.5856 252.6512 1.4676 1.5557 3.3842 6.2744 1.2354 13.0328 5.1203 0.1561
Car -1 -1 1.3792 1103.7817 159.0978 1179.4058 201.0719 1.5827 1.7003 4.1273 21.5887 1.0640 29.4368 2.0070 0.1390
Car -1 -1 4.1939 888.3152 174.2309 968.0934 207.5930 1.4657 1.6215 4.0585 14.8984 1.5345 33.9774 4.6035 0.1286
Car -1 -1 1.9060 337.1297 185.5880 383.5800 211.9294 1.5022 1.5566 3.8125 -15.4478 2.3284 44.9042 1.5761 0.1174
Car -1 -1 -0.1631 888.5979 177.0165 986.7025 211.8521 1.4844 1.6095 3.7818 14.6051 1.6781 32.3079 0.2576 0.1047
Car -1 -1 -0.7212 1109.0356 160.0584 1220.4224 197.1042 1.5245 1.6003 3.5905 23.5075 0.9980 30.6192 -0.0713 0.1042
Car -1 -1 4.7438 468.2815 173.6463 501.5913 202.2567 1.4414 1.6212 4.0201 -6.6130 1.4860 38.5688 4.5748 0.0989
Car -1 -1 0.8157 309.2174 186.3922 374.9346 212.0506 1.4618 1.6154 3.8123 -16.4433 2.3233 44.3403 0.4622 0.0828
Car -1 -1 1.4404 342.3270 184.7433 365.9986 202.2192 1.5206 1.5552 4.3891 -24.1784 2.6830 68.2336 1.1008 0.0813
Car -1 -1 2.9153 1124.3228 162.5118 1242.0000 204.1469 1.4876 1.6290 4.0250 22.1443 1.1181 27.3857 3.5898 0.0813
Car -1 -1 1.8639 359.4281 182.2573 402.6974 206.4957 1.4984 1.6139 4.1878 -15.2454 2.1558 48.3405 1.5596 0.0802
Car -1 -1 1.2362 1031.8435 169.5843 1114.9128 208.9144 1.5092 1.6205 4.0652 19.0647 1.3838 29.8516 1.7998 0.0793
Car -1 -1 1.2891 913.8943 178.7414 983.1245 216.3039 1.4902 1.6377 4.0779 14.6644 1.7642 31.4353 1.7215 0.0781
Car -1 -1 4.6529 900.0436 185.2328 933.9250 212.5779 1.5020 1.6448 3.7956 18.5127 2.2848 43.5637 5.0518 0.0761
Car -1 -1 4.6424 898.5170 150.8592 1028.6716 260.2550 1.5028 1.5942 3.8175 5.6914 1.2007 11.9794 5.0760 0.0737
Car -1 -1 4.0345 925.6368 167.0719 1056.9541 216.2659 1.4179 1.5687 3.8784 11.9322 1.2512 22.8533 4.5101 0.0729
Car -1 -1 1.5059 902.1752 178.4105 939.4345 206.9216 1.4838 1.6383 4.3121 17.5209 1.8154 40.7553 1.9089 0.0728
Car -1 -1 1.6703 356.2848 184.8421 380.9111 204.9148 1.5848 1.5805 4.2901 -20.6462 2.6515 61.9389 1.3495 0.0703
Car -1 -1 1.8372 484.6441 172.4844 534.7331 202.8471 1.5211 1.6348 3.9641 -5.2256 1.5026 38.2197 1.7019 0.0691
Car -1 -1 4.1665 422.7727 177.1420 490.5358 207.0246 1.4443 1.6022 3.9899 -7.9790 1.6788 37.4515 3.9577 0.0674
Car -1 -1 3.8218 1091.1957 160.4339 1205.2599 200.8183 1.5937 1.6455 3.6182 22.5980 1.1036 30.4328 4.4557 0.0661
Car -1 -1 4.3202 876.2311 174.2053 946.1726 207.8106 1.4722 1.6209 3.9283 14.0075 1.5391 33.7338 4.7103 0.0654
Car -1 -1 1.8590 996.9337 177.2629 1070.2587 216.1532 1.5372 1.6525 4.0072 18.2235 1.7383 30.9423 2.3867 0.0648
Car -1 -1 1.5653 398.3116 181.8262 418.4654 200.7828 1.5146 1.6113 3.9674 -17.2354 2.3095 61.7933 1.2940 0.0645
Car -1 -1 4.4507 997.3776 166.8235 1089.1460 215.9374 1.4245 1.5627 3.6989 13.6488 1.2496 22.9177 4.9819 0.0636
Car -1 -1 -0.4743 489.4695 173.7006 572.1658 203.9896 1.4798 1.6112 3.9241 -4.0257 1.5254 37.1015 -0.5820 0.0630
Car -1 -1 2.1152 994.3914 163.7323 1063.3389 194.0474 1.6886 1.6915 3.9005 24.3427 1.1805 41.8723 2.6385 0.0623
Car -1 -1 -0.7897 1038.4089 161.6634 1207.4382 214.6824 1.4614 1.6263 4.0890 14.9289 1.1530 21.0543 -0.1797 0.0621
Car -1 -1 1.5665 417.5528 180.3202 443.3199 204.3362 1.4768 1.5917 4.1143 -11.9001 1.9953 47.9197 1.3240 0.0599
Car -1 -1 4.6005 823.1754 160.5973 943.6674 253.0464 1.4607 1.6134 3.8457 4.9359 1.2670 13.4570 4.9444 0.0590
Car -1 -1 1.9002 450.8758 178.0032 506.2661 209.6252 1.4904 1.5823 3.9239 -6.5997 1.7673 36.7384 1.7233 0.0588
Car -1 -1 1.3398 1037.5135 166.5155 1139.1196 223.5983 1.4491 1.5695 3.5495 13.3016 1.2882 20.2523 1.9140 0.0575
Car -1 -1 1.3691 479.3275 173.8949 529.2280 206.4293 1.4745 1.6324 3.9474 -5.1574 1.5281 34.9720 1.2233 0.0574
Car -1 -1 4.5493 264.8494 183.4074 296.4264 203.9702 1.5249 1.6670 4.0922 -26.4178 2.4033 57.8919 4.1226 0.0572
Car -1 -1 2.7236 1046.0604 165.1504 1162.4459 202.7965 1.5532 1.6156 3.7805 21.0922 1.2354 30.8967 3.3179 0.0549
Car -1 -1 0.9607 1126.0109 167.1808 1242.0000 209.9016 1.4559 1.5815 3.7222 21.0102 1.2626 26.4911 1.6256 0.0548
Car -1 -1 -0.6633 1020.3964 159.2056 1103.7113 187.1507 1.5806 1.6653 3.8995 26.2083 0.8087 41.8482 -0.1071 0.0546
Car -1 -1 4.7030 1027.1525 169.0309 1070.5408 205.1461 1.5473 1.6089 3.8090 20.0236 1.3835 32.9629 5.2446 0.0527
Car -1 -1 1.4238 1023.2829 161.6364 1070.4994 195.4159 1.7906 1.6878 3.9104 24.4035 1.1960 40.3774 1.9639 0.0521
Car -1 -1 1.8284 349.6673 180.5674 393.7179 206.3080 1.5322 1.6480 4.2747 -15.2430 2.0520 46.4396 1.5126 0.0519