Car -1 -1 4.9005 394.8344 188.1904 478.5131 242.1842 1.3383 1.6022 3.4238 -4.5835 1.4272 19.7497 4.6750 0.9780
Car -1 -1 5.1255 124.5232 191.7453 383.3071 331.2311 1.4521 1.6174 3.7058 -4.3415 1.5554 9.5141 4.7077 0.9721
Car -1 -1 4.3210 757.2059 187.2018 1048.7976 360.0408 1.5444 1.6727 3.8732 3.0920 1.5732 8.4459 4.6610 0.9597
Car -1 -1 4.6753 575.6548 182.8517 616.8814 220.8081 1.5691 1.6707 3.6002 -0.5299 1.4714 31.5606 4.6582 0.9201
Car -1 -1 5.2288 63.3939 165.2114 251.6149 253.4176 1.5285 1.5999 3.4839 -8.6629 1.1819 14.2164 4.6899 0.8323
Car -1 -1 4.7932 456.4135 181.9417 508.0519 224.9475 1.4697 1.5603 3.8271 -4.5428 1.3578 26.5413 4.6250 0.7958
Car -1 -1 4.8892 385.4450 183.5282 437.5615 218.8232 1.4679 1.5948 3.6432 -8.5828 1.3977 31.7793 4.6272 0.6626
Car -1 -1 4.6449 616.3604 180.0670 642.1224 201.6659 1.5182 1.6322 3.6002 1.5743 1.1563 52.3599 4.6743 0.6532
Car -1 -1 4.7934 418.4259 177.3022 451.4152 203.8415 1.4827 1.5741 3.7516 -10.0519 1.0406 42.1335 4.5604 0.5513
Car -1 -1 1.5893 507.8463 179.5848 533.1938 203.5958 1.5020 1.5692 3.8350 -5.6264 1.1498 46.9554 1.4703 0.4153
Car -1 -1 2.3736 0.0000 201.7002 71.7137 372.7045 1.4481 1.5774 3.7653 -8.4522 1.6834 8.3582 1.5985 0.4011
Car -1 -1 3.9281 0.0000 210.3166 73.2223 338.3952 1.4758 1.6197 4.0253 -9.6115 1.8335 9.4250 3.1469 0.3105
Car -1 -1 5.1009 263.1906 171.7742 378.8893 226.0622 1.5597 1.7558 4.6926 -8.9750 1.1736 23.0171 4.7328 0.2859
Car -1 -1 1.3964 516.3777 179.9021 545.0647 199.8871 1.5000 1.5774 3.8506 -5.9924 1.1012 56.0246 1.2900 0.2807
Car -1 -1 4.8388 470.3652 184.2610 516.2441 215.9749 1.4095 1.6399 4.0024 -5.3177 1.3671 33.9729 4.6844 0.2615
Car -1 -1 1.8508 340.6443 178.1463 389.1034 208.2722 1.5498 1.5644 3.4845 -13.0041 1.1861 38.7548 1.5288 0.2545
Car -1 -1 4.7756 569.3376 163.1222 593.2070 184.0037 1.5822 1.6380 3.8462 -2.0108 -0.0988 56.6396 4.7400 0.2542
Car -1 -1 3.4502 206.4840 173.8203 353.2315 226.1723 1.4623 1.5930 3.5967 -9.4926 1.1440 21.0682 3.0315 0.2542
Car -1 -1 0.0646 381.7882 182.6366 468.7729 217.8324 1.4635 1.4546 3.5367 -7.7631 1.3563 30.9237 -0.1797 0.2488
Car -1 -1 1.8662 315.3866 179.9333 399.4737 227.9651 1.6066 1.6885 4.3182 -8.9856 1.4299 26.2298 1.5389 0.2417
Car -1 -1 3.1371 558.3953 163.3976 608.2059 183.6528 1.5481 1.6402 3.8194 -1.8616 -0.1236 55.9703 3.1037 0.2351
Car -1 -1 2.2062 0.0000 200.6830 139.2385 330.8514 1.4157 1.5731 3.7068 -8.5354 1.6749 10.1583 1.5202 0.1968
Car -1 -1 4.5470 551.4414 174.1071 590.5278 200.6263 1.4346 1.5870 3.9928 -2.1139 0.8337 41.0089 4.4955 0.1796
Car -1 -1 3.2301 377.6707 183.6046 502.5922 229.8642 1.5535 1.6547 4.1347 -5.7697 1.4993 25.2369 3.0072 0.1727
Car -1 -1 1.4976 451.3695 181.0392 474.9189 200.9596 1.5155 1.5446 3.8646 -11.4005 1.1978 56.7575 1.2998 0.1572
Car -1 -1 4.2723 1002.6522 208.2139 1241.0000 376.0000 1.4780 1.6033 3.6188 5.9329 1.7960 8.0163 4.8925 0.1388
Car -1 -1 1.5548 772.9932 175.4420 807.8374 207.4155 1.4585 1.5488 3.7004 8.8206 1.0127 34.7690 1.8009 0.1159
Car -1 -1 2.8396 1025.8499 206.6068 1241.0000 376.0000 1.5051 1.6409 4.3411 7.3955 1.7982 8.2275 3.5546 0.1116
Car -1 -1 0.3715 483.3564 179.9430 544.8532 204.1842 1.5127 1.6000 3.5708 -5.9504 1.1837 46.0651 0.2433 0.1039
Car -1 -1 2.6857 757.8400 175.7628 848.0467 207.2619 1.4736 1.5988 3.9085 9.4479 1.0314 34.7898 2.9485 0.1007
Car -1 -1 4.5234 999.8438 205.8904 1224.6268 356.0132 1.4710 1.6493 4.0548 6.5678 1.8168 9.8354 5.0987 0.0987
Car -1 -1 1.9599 242.2594 171.6039 353.6168 226.2308 1.4432 1.5932 3.8862 -8.8573 1.0836 20.9393 1.5642 0.0969
Car -1 -1 1.8323 316.5107 184.2720 396.6931 230.6283 1.4722 1.6431 3.8836 -8.5418 1.4422 24.8220 1.5038 0.0924
Car -1 -1 1.7178 464.0822 185.2050 514.2754 220.2337 1.4677 1.6493 3.8728 -5.1962 1.4672 32.0657 1.5580 0.0917
Car -1 -1 1.7121 355.2571 173.5573 392.5875 202.9847 1.6900 1.6060 3.8342 -14.0012 1.0205 43.3087 1.4009 0.0836
Car -1 -1 3.4012 386.4658 175.8523 456.6297 202.4553 1.4963 1.5859 3.6102 -10.6131 0.9697 41.2430 3.1506 0.0827
Car -1 -1 3.9790 321.3878 176.5652 390.3483 204.7649 1.5260 1.6043 3.7014 -14.1666 1.0579 40.4943 3.6442 0.0817
Car -1 -1 3.7165 0.0000 200.9384 86.4077 345.9879 1.4578 1.6064 3.7555 -8.7829 1.6723 8.6428 2.9384 0.0798
Car -1 -1 4.7965 397.6680 167.1807 424.8100 192.2996 1.8122 1.6439 3.7911 -14.6478 0.5111 53.8748 4.5320 0.0731
Car -1 -1 1.3408 0.0000 200.3703 91.2222 328.7943 1.4504 1.6369 4.0622 -9.2159 1.7091 10.4134 0.6288 0.0727
Car -1 -1 1.7710 0.0000 183.6198 84.1185 276.5924 1.4957 1.6411 4.0648 -11.3750 1.4700 13.7458 1.0892 0.0705
Car -1 -1 3.6858 256.8589 184.4605 389.2335 229.6259 1.4896 1.6507 3.9818 -9.7846 1.4647 24.8636 3.3142 0.0695
Car -1 -1 4.8626 437.2034 177.0892 475.7068 203.1777 1.4684 1.6226 4.1350 -8.8699 1.0110 42.5692 4.6581 0.0692
Car -1 -1 2.2616 0.0000 201.3054 94.1317 341.3997 1.4546 1.6386 4.1456 -9.4035 1.7270 10.0583 1.5229 0.0679
Car -1 -1 1.1763 499.5849 179.8513 537.7395 200.0513 1.4942 1.5970 3.7259 -6.8292 1.0974 55.1887 1.0534 0.0660
Car -1 -1 2.7701 505.1825 180.3608 570.7204 204.3774 1.4857 1.5900 3.8654 -4.4282 1.1853 46.0488 2.6744 0.0641
Car -1 -1 2.2009 211.6131 166.9655 315.7977 208.4838 1.5252 1.5990 4.1211 -13.5219 0.8548 28.5826 1.7625 0.0633
Car -1 -1 3.7471 436.6892 184.9102 526.7045 216.4143 1.4122 1.6282 3.9430 -5.9044 1.3985 33.7891 3.5750 0.0616
Car -1 -1 3.3060 601.8873 179.6389 653.3474 201.5656 1.5459 1.6225 3.4892 1.4886 1.1527 51.8105 3.3341 0.0609
Car -1 -1 1.4415 518.7902 178.7679 547.1324 200.5582 1.5854 1.6007 4.2673 -5.6716 1.1163 54.5622 1.3380 0.0607
Car -1 -1 1.6978 510.9504 178.6358 543.7318 203.3650 1.5113 1.5835 4.0057 -5.0586 1.1092 45.9475 1.5883 0.0593
Car -1 -1 1.6841 488.1318 181.1766 513.7133 200.6928 1.4578 1.5515 3.6325 -8.1777 1.1561 55.5387 1.5382 0.0588
Car -1 -1 3.6711 398.7926 177.0308 476.2933 202.9953 1.5002 1.6326 4.2665 -10.1262 1.0273 42.9422 3.4406 0.0582
Car -1 -1 3.7917 188.3759 173.3138 241.4787 188.9030 1.4470 1.6133 4.3029 -37.0052 0.3423 67.8467 3.2938 0.0570
Car -1 -1 1.3144 449.9420 178.4149 485.7481 199.9677 1.5345 1.6654 3.9268 -10.3693 1.0503 53.3112 1.1229 0.0564
Car -1 -1 2.0351 183.9600 165.5816 285.0623 210.4355 1.5204 1.5996 4.1205 -13.5575 0.8548 26.4308 1.5652 0.0563
Car -1 -1 1.5077 503.3617 177.5784 533.5114 203.7917 1.5610 1.6157 4.0790 -5.5901 1.1062 44.9604 1.3844 0.0562
Car -1 -1 3.3926 508.4905 173.5884 586.0473 201.3365 1.4982 1.6417 4.0137 -3.3055 0.8704 39.9583 3.3103 0.0558
Car -1 -1 0.7760 0.0000 164.1841 196.2286 255.3476 1.5520 1.6758 4.0302 -10.0575 1.1940 13.3492 0.1400 0.0548
Car -1 -1 5.0504 765.5284 169.4298 824.9526 200.8559 1.4871 1.6512 4.0306 9.5066 0.7401 36.1500 5.3052 0.0543
Car -1 -1 4.6239 557.4619 164.0702 583.2771 184.6584 1.5593 1.6743 4.1206 -2.9399 -0.0456 56.7187 4.5721 0.0542
Car -1 -1 1.3614 665.8391 178.3047 699.6241 200.4075 1.5141 1.6081 3.9336 5.3450 1.0407 51.2834 1.4643 0.0536
Car -1 -1 -0.3225 381.6974 173.6904 456.8183 200.4566 1.5599 1.6747 4.1006 -11.4065 0.8882 43.7132 -0.5765 0.0536
Car -1 -1 1.6558 558.5153 179.6562 588.8403 204.4792 1.5126 1.6028 3.8730 -2.0937 1.1738 45.7691 1.6100 0.0529
Car -1 -1 1.1172 564.2754 184.9718 624.2628 214.4148 1.4754 1.6451 3.8721 -0.7416 1.4632 38.1208 1.0974 0.0528