Car -1 -1 5.0700 223.1893 188.0895 344.5759 248.6032 1.4269 1.6877 3.7695 -8.4099 1.5108 19.0605 4.6593 0.9645
Car -1 -1 4.9912 307.7362 192.1354 440.0043 271.1287 1.3930 1.5682 3.8494 -4.6759 1.5556 14.9559 4.6929 0.9617
Car -1 -1 4.6836 569.5494 180.4277 652.3218 259.3209 1.5975 1.6796 3.2899 0.0323 1.5006 16.2238 4.6850 0.9516
Car -1 -1 5.2921 48.8371 187.4776 202.6229 246.0908 1.4211 1.5973 3.8299 -12.8517 1.4884 19.4939 4.7153 0.9254
Car -1 -1 4.8618 427.2692 180.3622 500.1618 231.4130 1.4932 1.6557 4.3462 -4.5249 1.3512 23.2312 4.6712 0.9031
Car -1 -1 1.5750 635.4385 180.6982 658.0676 199.9851 1.4674 1.7207 4.3095 3.1381 1.1237 56.8937 1.6294 0.5234
Car -1 -1 5.0300 351.7795 167.4521 411.2823 197.5394 1.5367 1.7392 4.5224 -12.1469 0.6294 38.9907 4.7297 0.4688
Car -1 -1 4.8982 0.0000 193.4586 58.8065 278.7610 1.4868 1.6854 3.9908 -12.9131 1.6846 15.0972 4.1991 0.4309
Car -1 -1 2.2672 0.0000 191.1874 41.0678 289.0370 1.4401 1.5442 3.8361 -12.2660 1.5625 12.7784 1.5126 0.3404
Car -1 -1 4.7482 431.1983 172.4547 463.6393 201.1854 1.5139 1.6166 3.6470 -8.8060 0.8415 39.8170 4.5317 0.3202
Car -1 -1 3.4356 333.0143 181.2862 438.0410 215.2709 1.4409 1.6039 4.0764 -9.5875 1.2743 31.2828 3.1403 0.3016
Car -1 -1 4.8729 392.5338 180.2099 443.0771 214.4088 1.4469 1.5952 3.8510 -8.4676 1.2351 32.4061 4.6190 0.2933
Car -1 -1 0.7450 0.0000 197.3112 47.3811 279.1772 1.4709 1.6342 4.0154 -13.5675 1.7209 14.0129 -0.0149 0.2025
Car -1 -1 2.1108 519.9135 179.3260 577.0667 206.4817 1.4858 1.5514 3.7813 -3.3247 1.1636 41.3709 2.0308 0.1953
Car -1 -1 1.6271 555.0010 184.4342 580.6718 206.3055 1.4982 1.6043 3.9595 -2.7691 1.4447 51.2240 1.5729 0.1391
Car -1 -1 5.0304 193.0586 179.3271 253.3322 209.8116 1.4321 1.5443 3.7153 -19.0051 1.1555 35.7321 4.5444 0.1355
Car -1 -1 4.6662 547.0073 167.8503 567.1481 186.4213 1.6858 1.7126 3.5493 -4.7024 0.1094 67.1179 4.5962 0.1326
Car -1 -1 5.4298 0.0000 198.8040 68.5585 263.6448 1.4077 1.5993 3.7820 -15.9380 1.7895 18.2991 4.7202 0.1183
Car -1 -1 1.6386 510.1077 176.1293 546.7720 205.9377 1.4844 1.6280 4.3495 -4.1072 1.0319 38.0036 1.5313 0.1119
Car -1 -1 1.7314 445.4751 181.4040 511.3304 227.7523 1.5544 1.6828 4.3013 -4.6074 1.4266 26.2690 1.5591 0.1118
Car -1 -1 4.5535 638.0582 205.6963 721.2531 267.8548 1.4403 1.6812 3.8532 1.9018 2.0647 19.9383 4.6465 0.1079
Car -1 -1 5.0065 468.7361 169.9702 534.7999 208.3037 1.5799 1.6823 4.4143 -4.5894 0.9516 31.9371 4.8647 0.1068
Car -1 -1 -0.0031 392.1210 174.7982 468.6676 202.8259 1.4604 1.6093 3.9219 -9.4963 0.9176 38.7093 -0.2424 0.1016
Car -1 -1 1.6019 617.4468 193.6825 658.3509 230.5871 1.4536 1.6517 3.7555 1.3815 1.8431 31.1352 1.6452 0.1008
Car -1 -1 3.4932 338.5902 168.5799 421.3631 197.8490 1.4871 1.6166 3.7826 -11.7869 0.6419 37.4212 3.1899 0.0941
Car -1 -1 1.3176 677.0696 178.4981 709.5917 198.1674 1.4725 1.5862 3.8594 6.6498 0.9696 55.8362 1.4351 0.0918
Car -1 -1 1.7484 501.5566 181.9246 549.9498 216.1971 1.5848 1.6327 4.2631 -3.9433 1.4326 35.4229 1.6380 0.0865
Car -1 -1 1.5755 639.0070 179.6069 660.7525 201.0455 1.5830 1.6044 4.2556 3.2890 1.1688 55.2530 1.6342 0.0860
Car -1 -1 0.0649 429.9812 174.1814 499.3288 201.9571 1.4586 1.5491 3.5707 -7.6348 0.8792 38.7469 -0.1286 0.0854
Car -1 -1 1.9120 216.2324 175.5988 282.7230 206.6896 1.4848 1.6585 4.3286 -18.0969 1.0255 36.5758 1.4552 0.0837
Car -1 -1 2.0606 0.0000 184.5383 49.4393 210.2468 1.6012 1.4855 3.8097 -38.2246 1.5590 46.7845 1.3780 0.0837
Car -1 -1 5.0714 318.1711 178.1133 360.6674 199.7372 1.5126 1.6157 3.9114 -19.4030 1.0158 52.2435 4.7172 0.0836
Car -1 -1 4.8832 323.5525 191.3947 443.0164 272.8287 1.5449 1.7791 4.6151 -4.9079 1.7064 16.3958 4.5963 0.0830
Car -1 -1 1.6573 529.8405 183.0069 569.7516 216.4460 1.5472 1.6045 4.0237 -2.7612 1.4450 35.2796 1.5793 0.0790
Car -1 -1 2.8497 620.7080 180.3879 674.8447 200.6411 1.5335 1.6428 3.8777 3.1307 1.1680 55.6831 2.9052 0.0785
Car -1 -1 1.1909 527.0226 186.0683 599.0553 221.5613 1.4662 1.6912 4.4171 -2.0575 1.5071 32.1660 1.1271 0.0775
Car -1 -1 1.7045 421.8385 177.2913 465.3026 208.0198 1.5101 1.6585 4.1552 -8.4635 1.1206 37.4677 1.4836 0.0736
Car -1 -1 1.7326 496.1306 186.0843 543.6967 220.2257 1.4991 1.6050 3.8197 -4.0181 1.5420 33.6046 1.6141 0.0704
Car -1 -1 4.7341 396.0766 170.2744 428.3877 199.8020 1.5324 1.6140 4.0786 -10.6585 0.7570 39.4800 4.4719 0.0688
Car -1 -1 1.8796 36.8973 178.6240 95.7150 206.5316 1.5522 1.5446 4.1924 -31.6733 1.1856 42.2162 1.2387 0.0672
Car -1 -1 3.4168 456.7524 186.5537 546.7474 219.5996 1.4887 1.5997 3.8611 -4.8822 1.5530 33.5147 3.2728 0.0668
Car -1 -1 1.9331 126.8060 184.0488 242.3417 239.5749 1.5544 1.6699 4.2258 -12.9563 1.5217 22.3414 1.4124 0.0658
Car -1 -1 1.5127 540.9944 175.1756 575.3994 204.7348 1.4909 1.5983 3.9707 -2.6571 0.9845 38.3291 1.4436 0.0658
Car -1 -1 1.1073 522.7034 184.2367 568.9168 206.4434 1.4808 1.6429 3.8741 -4.3100 1.4155 50.0146 1.0214 0.0655
Car -1 -1 4.4162 635.9503 188.0197 751.8973 260.0951 1.4916 1.6455 3.8687 1.9209 1.5663 17.0898 4.5258 0.0654
Car -1 -1 3.4693 0.0000 190.6036 59.3649 283.2675 1.4739 1.6155 3.8561 -12.6076 1.5839 13.1458 2.7148 0.0649
Car -1 -1 5.2478 83.9145 185.9652 226.0372 241.5470 1.4607 1.6569 4.0217 -12.9904 1.4846 20.9677 4.6986 0.0631
Car -1 -1 2.1179 51.9315 182.5865 123.9821 208.5913 1.5097 1.6242 4.1637 -31.5793 1.3570 43.8682 1.4965 0.0630
Car -1 -1 1.4089 677.5960 178.3351 706.8580 198.6121 1.4790 1.5848 3.9066 6.3983 0.9771 54.4193 1.5250 0.0599
Car -1 -1 3.7432 0.0000 202.1016 74.3619 281.3420 1.4941 1.6827 4.2232 -14.0413 1.8764 15.1545 3.0044 0.0589
Car -1 -1 2.0882 0.0000 181.3466 22.4241 296.2874 1.5258 1.6431 4.2407 -11.7027 1.4745 11.8010 1.3183 0.0578
Car -1 -1 1.6947 387.4323 178.9028 438.7993 216.3359 1.4933 1.6225 4.0294 -8.2356 1.2415 30.7830 1.4351 0.0574
Car -1 -1 1.8578 545.4341 179.8174 585.7637 203.2585 1.5059 1.6182 4.0713 -2.7469 1.1591 48.3461 1.8010 0.0574
Car -1 -1 1.4947 647.1756 203.5349 714.9173 260.9385 1.4597 1.6999 3.9699 2.1205 2.0600 21.5580 1.5908 0.0568
Car -1 -1 2.0761 0.0000 185.9917 56.3339 209.0626 1.4698 1.5101 3.8111 -38.6915 1.5237 47.9381 1.3994 0.0566
Car -1 -1 1.9825 544.7440 183.4881 588.9042 205.9259 1.5020 1.6823 3.8379 -2.7736 1.3864 50.2126 1.9272 0.0564
Car -1 -1 1.3227 569.2133 178.6920 608.0365 202.7150 1.5376 1.6667 3.9909 -1.2897 1.1201 48.1585 1.2956 0.0561
Car -1 -1 1.7307 372.6576 175.8173 404.8887 197.7170 1.5126 1.5834 4.0859 -15.6851 0.8634 51.7793 1.4377 0.0557
Car -1 -1 5.2767 207.8509 174.6605 287.0376 206.8754 1.5871 1.6929 4.2272 -18.7088 1.0671 37.6058 4.8177 0.0552
Car -1 -1 1.6223 668.3621 179.9101 690.9298 199.9900 1.4998 1.5431 3.9221 5.6474 1.1035 55.7478 1.7223 0.0542
Car -1 -1 1.2254 622.3806 188.7778 669.5804 214.6017 1.4898 1.6422 3.9764 2.3304 1.7195 44.2032 1.2772 0.0518
Car -1 -1 1.8003 0.0000 193.6911 24.8099 266.0083 1.4408 1.6053 4.0297 -15.2525 1.6664 16.9812 1.0761 0.0506
Car -1 -1 1.3667 619.9570 181.5010 651.1152 200.9389 1.4663 1.6554 4.0177 2.1816 1.1861 56.3447 1.4047 0.0505
Car -1 -1 4.8327 369.0393 179.8184 418.6736 214.0499 1.4260 1.6383 3.9981 -9.4395 1.2012 32.0522 4.5483 0.0503
Car -1 -1 5.0463 412.8081 178.4442 477.1088 213.1961 1.4769 1.6097 4.0090 -7.2799 1.1891 32.6333 4.8282 0.0501