Car -1 -1 5.0075 249.8280 188.5768 464.9876 318.6290 1.4720 1.6392 4.2821 -3.2899 1.5306 10.3918 4.7079 0.9680
Car -1 -1 4.7347 557.8564 182.6498 620.0601 239.8119 1.5579 1.6953 3.2414 -0.4993 1.4880 21.2136 4.7109 0.9615
Car -1 -1 5.0987 175.2249 183.0970 325.9952 261.1639 1.5443 1.6599 3.8692 -7.8282 1.5024 16.1998 4.6547 0.9537
Car -1 -1 4.8753 417.3890 174.7737 515.1055 251.9607 1.6899 1.6809 4.2270 -3.3587 1.4613 17.8686 4.6918 0.8920
Car -1 -1 4.7769 498.9337 178.4156 546.2612 218.2921 1.5104 1.6351 4.3445 -3.3915 1.2528 29.4378 4.6629 0.8665
Car -1 -1 5.0696 312.4642 180.7339 378.6324 211.8655 1.4282 1.6358 4.2593 -12.6845 1.2226 35.1181 4.7251 0.8435
Car -1 -1 4.9685 363.8073 174.3909 433.8795 215.7811 1.5070 1.6109 4.2262 -8.0991 1.1129 28.3019 4.6921 0.4931
Car -1 -1 5.2846 0.0000 229.6230 351.6180 376.0000 1.4254 1.5999 3.8366 -3.1741 1.8365 4.7302 4.7188 0.4492
Car -1 -1 2.0292 17.1346 180.6331 96.3707 214.0476 1.5016 1.4790 3.7496 -26.1437 1.2957 34.2853 1.3812 0.4177
Car -1 -1 1.7703 413.7740 176.0013 445.0662 197.6648 1.5348 1.5350 3.6353 -13.0112 0.8820 52.7756 1.5294 0.2886
Car -1 -1 1.5891 530.9380 174.0288 552.9750 196.0225 1.6091 1.5923 4.0902 -4.9310 0.7907 54.6900 1.4993 0.2410
Car -1 -1 1.3997 480.2388 175.7104 508.2402 196.2162 1.5446 1.5376 3.7987 -8.8598 0.8286 56.1932 1.2437 0.2080
Car -1 -1 1.8033 3.8771 180.2649 77.6983 216.9781 1.5628 1.6721 4.3680 -25.8290 1.3520 32.9331 1.1419 0.1780
Car -1 -1 1.7834 0.0000 179.3724 70.2415 217.8737 1.5733 1.6542 4.1689 -25.1099 1.3346 31.6117 1.1160 0.1386
Car -1 -1 3.7359 540.5498 181.1812 632.3997 214.4482 1.5203 1.6665 4.2191 -1.0267 1.3359 34.6838 3.7060 0.1270
Car -1 -1 0.3677 311.7527 173.5342 428.6500 213.3962 1.4549 1.6024 3.8743 -8.8915 1.0286 27.1417 0.0538 0.1251
Car -1 -1 2.3296 171.4174 168.0842 271.2536 204.2969 1.4839 1.5958 3.9135 -16.8225 0.7819 31.5566 1.8432 0.1062
Car -1 -1 2.2450 0.0000 177.8193 58.6404 216.7412 1.5528 1.6433 4.0032 -25.7454 1.2577 30.6959 1.5512 0.1018
Car -1 -1 4.5971 530.6099 168.2750 557.3670 190.0696 1.6436 1.6427 3.9503 -4.9840 0.3660 56.3110 4.5089 0.0990
Car -1 -1 2.7886 485.6356 194.3743 571.8376 226.5468 1.4680 1.7335 3.8542 -3.8548 1.9394 35.3649 2.6802 0.0988
Car -1 -1 3.9564 130.0163 173.2072 232.5944 208.2795 1.4319 1.5911 3.8071 -18.1404 0.9417 30.6470 3.4257 0.0987
Car -1 -1 1.3766 0.0000 218.8093 102.0517 362.3243 1.4471 1.6527 4.1604 -8.7819 2.0100 10.1019 0.6736 0.0926
Car -1 -1 4.5396 278.6564 175.7608 320.9467 203.4481 1.4880 1.5823 3.7480 -17.4107 0.9799 40.6376 4.1370 0.0897
Car -1 -1 2.0903 355.9479 172.3022 404.9960 194.0425 1.6050 1.6153 4.4244 -17.4066 0.6517 55.4056 1.7870 0.0873
Car -1 -1 1.7380 438.0888 190.4540 525.3347 252.2655 1.5293 1.7049 4.2960 -3.4132 1.6929 20.2995 1.5730 0.0860
Car -1 -1 2.8053 24.9991 183.2513 147.1739 218.6328 1.4670 1.6001 4.0978 -23.0512 1.3855 31.9411 2.1839 0.0836
Car -1 -1 1.8504 533.6271 192.1784 585.3466 223.3628 1.4580 1.6485 3.7381 -2.3633 1.8310 36.5060 1.7856 0.0785
Car -1 -1 3.0987 394.1866 176.1118 449.1749 198.1706 1.5503 1.5720 3.7754 -13.3811 0.9105 51.8213 2.8469 0.0782
Car -1 -1 4.7484 590.9483 182.6636 626.3180 215.0618 1.4814 1.5735 3.7796 0.1154 1.3647 34.7887 4.7512 0.0757
Car -1 -1 2.2681 42.4030 180.6435 139.3364 213.5793 1.5020 1.6274 3.9798 -24.8888 1.2935 34.8317 1.6511 0.0750
Car -1 -1 1.2738 598.2161 182.3800 628.1070 200.4028 1.5013 1.5609 3.6793 0.4817 1.2651 61.8656 1.2811 0.0746
Car -1 -1 3.5708 0.0000 162.6642 102.9189 215.2294 1.4913 1.5886 4.0196 -17.8384 0.8515 21.6666 2.8881 0.0656
Car -1 -1 0.0158 362.9475 176.6234 483.4571 217.4005 1.4707 1.5973 4.2912 -6.9031 1.1608 27.1951 -0.2308 0.0645
Car -1 -1 -0.4295 612.0817 188.9916 719.6867 226.8940 1.4575 1.6682 4.0634 2.3952 1.6198 29.4168 -0.3496 0.0612
Car -1 -1 2.2293 53.0539 185.2413 153.7523 219.2826 1.4517 1.5914 4.0550 -22.7968 1.4530 32.7267 1.6244 0.0605
Car -1 -1 1.0832 592.1905 185.1315 662.1334 219.1438 1.4680 1.6182 3.8033 0.8540 1.4644 33.0900 1.1083 0.0596
Car -1 -1 2.0995 420.2876 176.2966 467.3997 197.6158 1.5144 1.6220 3.9539 -12.0334 0.8808 53.1921 1.8778 0.0584
Car -1 -1 4.7127 607.7331 182.9768 643.1511 216.0316 1.4909 1.5980 3.7556 0.8701 1.3899 34.3209 4.7374 0.0579
Car -1 -1 1.7154 632.5553 181.0925 658.3829 199.5389 1.4929 1.6148 3.9176 3.2400 1.1592 60.2556 1.7684 0.0576
Car -1 -1 0.5928 509.8287 173.2137 569.5530 196.1174 1.6924 1.6401 4.3689 -5.1673 0.8056 54.8845 0.4990 0.0567
Car -1 -1 4.5677 613.9069 178.2931 677.4880 226.6036 1.5149 1.6146 3.8375 1.2328 1.2978 24.5282 4.6169 0.0556
Car -1 -1 -0.3376 413.5248 200.6222 514.1906 236.3816 1.4851 1.7490 4.2268 -6.6086 2.2370 33.2561 -0.5329 0.0552
Car -1 -1 2.1103 0.0000 235.2847 149.6290 376.0000 1.4204 1.6302 3.7221 -7.6241 2.1950 9.1631 1.4300 0.0551
Car -1 -1 1.6632 405.3763 176.3951 434.2621 199.0643 1.5402 1.6020 4.1315 -13.2516 0.9409 51.0067 1.4100 0.0549
Car -1 -1 1.4826 416.1557 203.6344 459.2888 237.3708 1.4116 1.6807 3.7923 -8.1550 2.3458 34.3961 1.2509 0.0548
Car -1 -1 3.6632 134.3312 171.0520 249.6850 207.1716 1.4681 1.5907 3.9008 -17.2755 0.8924 30.0207 3.1447 0.0539
Car -1 -1 1.6483 361.0208 172.8125 414.2248 215.0987 1.4619 1.5877 3.9376 -8.1528 1.0331 26.9450 1.3570 0.0534
Car -1 -1 1.8182 0.0000 231.8263 321.1063 376.0000 1.4362 1.5803 3.8953 -2.4927 1.8155 3.7552 1.2636 0.0533
Car -1 -1 4.7706 73.5263 166.2857 104.5720 189.3324 1.6914 1.6862 3.9307 -39.5031 0.3021 54.8686 4.1487 0.0530
Car -1 -1 1.4774 481.2050 174.3932 508.3842 195.9778 1.5457 1.6213 4.1971 -8.4329 0.7707 53.7115 1.3221 0.0525
Car -1 -1 1.7340 523.1100 176.5291 554.4202 198.2376 1.5339 1.6407 4.1363 -4.9930 0.9201 52.9120 1.6400 0.0506