Car -1 -1 5.0448 204.9490 192.4049 416.9106 333.9757 1.4419 1.5018 3.2866 -3.6763 1.7437 9.4732 4.6831 0.9746
Car -1 -1 1.7450 387.0317 183.0796 495.7876 266.4887 1.5685 1.6637 3.8925 -3.5875 1.8238 16.0345 1.5275 0.9616
Car -1 -1 1.6486 485.1941 178.9153 530.1444 217.4760 1.5859 1.6681 4.3096 -4.5305 1.8780 32.5682 1.5110 0.8125
Car -1 -1 4.8121 527.2194 173.2846 552.2972 193.6286 1.5862 1.6327 3.9134 -5.6059 1.6221 58.2997 4.7164 0.2985
Car -1 -1 4.7232 506.2988 178.7782 535.6520 207.0523 1.5580 1.6439 3.9463 -5.2138 1.9252 42.6719 4.6019 0.2592
Car -1 -1 4.3163 434.8208 173.3105 486.4729 198.6476 1.4532 1.6240 4.0357 -9.0381 1.4821 43.5835 4.1127 0.1747
Car -1 -1 1.6646 505.6024 179.8850 537.6124 207.1489 1.4546 1.4785 3.6503 -4.9923 1.8750 41.2917 1.5446 0.1484
Car -1 -1 0.2613 510.0384 173.6287 562.7474 192.8708 1.4972 1.6111 3.8823 -5.7962 1.5599 57.3347 0.1607 0.1078
Car -1 -1 3.9175 378.3922 176.2398 462.5552 210.3975 1.5366 1.6426 3.8376 -9.0438 1.7061 34.4566 3.6623 0.1068
Car -1 -1 1.4596 502.2624 183.6939 541.9930 214.3491 1.4572 1.6193 4.2556 -4.6749 2.0643 38.1519 1.3380 0.0944
Car -1 -1 4.7189 382.9703 173.6341 411.2460 199.7264 1.4744 1.5452 3.6779 -12.6027 1.5229 42.8700 4.4343 0.0921
Car -1 -1 1.5257 546.4435 175.0339 568.2084 193.7553 1.5557 1.6927 4.2874 -4.5698 1.7518 62.7034 1.4529 0.0824
Car -1 -1 4.7991 490.4901 176.6950 530.8525 211.6482 1.5718 1.6033 3.7146 -4.7105 1.7669 34.7564 4.6649 0.0746
Car -1 -1 4.9150 538.8755 173.3218 569.9560 194.6995 1.6606 1.6982 4.1687 -4.4148 1.6998 58.3182 4.8394 0.0724
Car -1 -1 1.2831 483.6525 195.8744 553.4427 240.2363 1.4524 1.6319 3.9102 -3.5947 2.4114 27.9391 1.1555 0.0681
Car -1 -1 5.0171 309.6580 177.7163 379.1423 217.8318 1.5009 1.6064 3.6716 -10.6835 1.7110 29.3162 4.6702 0.0656
Car -1 -1 4.3836 263.5841 167.9658 677.6519 375.0000 1.4698 1.5533 3.8506 -1.3269 1.4490 5.1059 4.1400 0.0598
Car -1 -1 0.7079 135.8031 170.3438 265.6027 217.9035 1.4839 1.5284 3.5651 -13.3440 1.4056 23.6124 0.1981 0.0574
Car -1 -1 2.0129 191.9940 173.2358 288.6864 220.1636 1.4704 1.5040 3.5917 -12.3903 1.4843 24.4509 1.5479 0.0557
Car -1 -1 1.9822 526.9636 174.2168 564.6909 193.5413 1.4701 1.5996 3.7823 -5.0146 1.5821 57.2272 1.8948 0.0525
Car -1 -1 1.5769 531.5680 184.5802 564.0449 215.5989 1.4780 1.6167 4.1324 -3.2466 2.1318 38.1082 1.4919 0.0521
Car -1 -1 4.7040 475.3486 172.4018 499.0487 195.8125 1.5675 1.5691 3.6281 -8.5317 1.5372 50.2357 4.5363 0.0521
Car -1 -1 0.6985 528.7068 175.3682 575.4075 193.5322 1.4989 1.5826 3.8772 -4.9406 1.7204 61.8000 0.6187 0.0515
Car -1 -1 0.1663 526.4899 174.2167 579.1107 193.3878 1.4840 1.6179 3.9281 -4.4586 1.5935 56.9723 0.0882 0.0509
Car -1 -1 0.4125 523.3284 185.9350 608.3382 217.2499 1.4660 1.6518 3.9567 -2.2036 2.1533 36.4538 0.3520 0.0507
Car -1 -1 4.9320 179.8173 178.1679 305.6688 260.4529 1.4650 1.5283 3.6710 -7.4862 1.5903 15.0624 4.4773 0.0500