Car -1 -1 1.8699 178.7213 190.0405 463.7843 373.7244 1.4723 1.6376 4.5945 -2.9523 1.7308 8.5344 1.5453 0.9375
Car -1 -1 1.7237 376.0850 165.8339 499.4781 272.8339 1.7929 1.6951 4.1425 -3.2021 1.6753 14.2126 1.5052 0.8687
Car -1 -1 1.7924 445.9157 169.3824 543.7429 237.7145 1.6557 1.6949 4.3358 -2.9911 1.5716 19.7069 1.6431 0.8621
Car -1 -1 5.0470 644.2466 168.5387 694.1605 198.9712 1.4963 1.5790 3.2890 3.1242 1.2841 37.2993 5.1295 0.8211
Car -1 -1 3.5036 441.6801 155.0888 518.7264 181.2791 1.4922 1.6071 4.1433 -7.5584 0.4800 42.2813 3.3276 0.2032
Car -1 -1 5.0351 453.7907 153.4881 501.1388 180.5630 1.5485 1.6710 3.7866 -7.8624 0.4409 43.2608 4.8563 0.1873
Car -1 -1 4.6403 680.1653 172.6508 702.4749 192.2965 1.6179 1.6003 3.9732 6.9308 1.6012 61.4392 4.7518 0.1536
Car -1 -1 1.8411 677.4763 174.1844 713.2777 196.7489 1.6301 1.6363 4.1795 6.5381 1.7349 54.6326 1.9592 0.1409
Car -1 -1 4.8022 636.6965 172.9402 659.9817 193.2783 1.6704 1.6237 4.0322 3.3299 1.6780 61.3912 4.8558 0.1310
Car -1 -1 2.4106 651.1316 182.4421 711.7332 207.8192 1.5470 1.6718 3.7935 4.7141 2.1972 47.1362 2.5091 0.1089
Car -1 -1 3.5973 588.3737 170.9579 679.2644 202.3033 1.5411 1.7179 4.3816 1.2358 1.4479 37.2600 3.6298 0.0945
Car -1 -1 3.4106 464.4927 170.7632 547.6088 199.5344 1.5064 1.6169 4.1483 -5.5417 1.3970 38.8459 3.2695 0.0840
Car -1 -1 3.8519 475.1093 161.8520 547.9863 188.1676 1.5269 1.6808 4.3295 -5.9664 0.8885 43.7474 3.7169 0.0703
Car -1 -1 2.3793 378.2914 150.9511 480.5589 196.8977 1.4895 1.5371 3.3162 -6.2220 0.7794 25.2017 2.1395 0.0615
Car -1 -1 1.5971 528.3669 186.3346 567.7493 224.1920 1.4732 1.6032 3.8614 -2.6274 2.0977 31.4564 1.5138 0.0569
Car -1 -1 4.1696 571.6673 175.9605 643.7382 206.7107 1.4526 1.6440 4.3867 -0.1669 1.6212 36.8508 4.1645 0.0552
Car -1 -1 5.1218 527.1565 164.6762 575.3993 189.7256 1.5390 1.6622 3.9382 -3.6997 1.0366 46.4622 5.0425 0.0540
Car -1 -1 1.3090 664.4188 175.8446 697.9511 197.3772 1.5565 1.5563 3.9640 5.3991 1.7923 54.8170 1.4062 0.0522
Car -1 -1 1.6268 502.2635 187.5217 545.7725 225.1703 1.4510 1.6540 3.8944 -3.6572 2.1289 31.3552 1.5110 0.0514
Car -1 -1 1.7612 670.2206 178.1133 703.3879 201.7931 1.6187 1.6296 4.2551 5.6730 2.0187 52.6056 1.8676 0.0512
Car -1 -1 1.8813 546.8073 181.2863 866.1353 375.0000 1.4865 1.5667 3.9320 1.1663 1.5860 6.4082 2.0514 0.0501