Car -1 -1 4.9442 342.4313 180.5423 508.4004 297.0463 1.5468 1.6858 4.0260 -2.7964 1.6947 11.8627 4.7167 0.9621
Car -1 -1 2.1105 64.0856 197.2892 221.1146 265.1289 1.5029 1.6723 4.0778 -12.4100 2.2336 19.5214 1.5501 0.9352
Car -1 -1 4.6598 587.7393 176.4980 615.5394 201.5273 1.5350 1.6005 3.7784 -0.5485 1.7809 46.7527 4.6477 0.6249
Car -1 -1 1.6908 465.0695 181.1961 492.7778 201.5145 1.5104 1.6594 4.4287 -10.4123 2.2042 57.7497 1.5128 0.5204
Car -1 -1 5.3068 0.0000 195.4999 231.1998 329.5548 1.4178 1.6100 3.8596 -7.1674 1.7993 10.2188 4.7071 0.2286
Car -1 -1 1.8625 196.9057 193.6032 239.7573 217.6697 1.5104 1.6263 3.7674 -27.4613 3.0278 50.7567 1.3685 0.2167
Car -1 -1 2.3013 78.5422 188.9398 150.8432 216.6149 1.6481 1.5755 4.1271 -32.5621 2.7577 47.6188 1.7040 0.1972
Car -1 -1 2.3129 0.0000 206.9259 155.1814 375.0000 1.3986 1.5492 3.9029 -7.1575 1.8748 8.1052 1.6057 0.1609
Car -1 -1 1.7289 580.6922 174.5432 619.0039 202.8874 1.6235 1.6786 4.2236 -0.5373 1.7312 43.8028 1.7162 0.1495
Car -1 -1 4.5491 310.1286 177.4462 377.9034 226.3975 1.5454 1.6060 3.9995 -9.3801 1.7201 25.3160 4.1973 0.1371
Car -1 -1 1.9155 41.3775 201.4871 121.0406 239.3728 1.4589 1.6921 3.9754 -24.1707 2.8603 33.1702 1.2894 0.1357
Car -1 -1 1.9072 326.3898 177.6524 378.5343 206.3864 1.6861 1.7259 4.3644 -16.0459 2.0016 45.2541 1.5680 0.1267
Car -1 -1 2.1379 0.0000 188.4624 80.1400 223.9916 1.4662 1.6124 4.0113 -26.8338 2.2397 33.6791 1.4689 0.1263
Car -1 -1 1.5580 159.6765 184.4307 182.9276 204.7271 1.5001 1.5420 3.6851 -34.9728 2.4551 57.5494 1.0137 0.1108
Car -1 -1 1.4514 346.1506 193.9400 386.1381 224.5194 1.4980 1.6745 3.8449 -13.6447 2.7380 40.3329 1.1267 0.1026
Car -1 -1 4.8204 96.3877 179.8356 166.8819 227.4837 1.4986 1.6339 3.8759 -16.7254 1.7647 25.4055 4.2428 0.0930
Car -1 -1 1.5174 512.8021 180.0038 536.0934 200.2229 1.4912 1.6054 4.1266 -6.7449 2.0768 56.9211 1.3996 0.0905
Car -1 -1 1.6837 460.7845 181.4035 488.8127 203.2783 1.5699 1.6394 4.4100 -10.3787 2.2579 55.8047 1.5003 0.0873
Car -1 -1 4.0659 0.0000 189.3401 78.7109 222.2051 1.4839 1.6512 3.8917 -28.1835 2.3164 35.1522 3.3936 0.0870
Car -1 -1 4.8705 409.1823 177.3990 433.7703 195.9999 1.5971 1.5695 3.7044 -16.8609 2.0174 64.8085 4.6167 0.0867
Car -1 -1 1.5602 342.0951 199.5170 392.1803 243.8580 1.4628 1.7707 4.3460 -9.7410 2.6196 28.9634 1.2380 0.0847
Car -1 -1 0.7115 446.1270 181.5856 501.0592 201.6609 1.5080 1.6556 4.2566 -10.8554 2.2259 57.5357 0.5255 0.0790
Car -1 -1 1.6085 92.9532 197.7313 130.5008 226.0738 1.4480 1.6662 3.8831 -29.3460 2.9891 42.6116 1.0081 0.0757
Car -1 -1 4.4626 339.8133 177.2879 379.7658 202.5436 1.5923 1.6071 3.9372 -16.7562 1.9020 48.3094 4.1301 0.0752
Car -1 -1 1.2408 488.7243 176.6296 526.7100 198.3783 1.5248 1.5852 3.9673 -7.5816 1.8156 53.4520 1.1002 0.0723
Car -1 -1 3.7885 317.1989 177.8479 380.9062 203.1623 1.5818 1.6029 3.6740 -16.9292 1.9156 46.9164 3.4437 0.0710
Car -1 -1 1.6107 306.7331 200.1248 358.2588 242.4016 1.4128 1.7586 3.8572 -11.0371 2.5862 28.9392 1.2489 0.0705
Car -1 -1 4.4742 349.0715 177.4663 422.2440 224.0400 1.5191 1.6330 3.9860 -8.1604 1.6995 26.0862 4.1735 0.0694
Car -1 -1 1.6578 320.2185 195.6602 369.9962 234.0363 1.4473 1.7054 4.2103 -11.7034 2.5345 32.1440 1.3108 0.0693
Car -1 -1 1.6342 116.1921 192.3947 144.7086 213.2314 1.4767 1.6294 3.8816 -37.9014 3.0808 57.1416 1.0505 0.0692
Car -1 -1 3.3221 568.4775 175.7648 630.1498 200.5025 1.5346 1.5829 3.7165 -0.6345 1.7250 46.1048 3.3080 0.0680
Car -1 -1 1.8263 0.0000 202.2950 82.7019 272.4655 1.3900 1.6604 4.0049 -14.8694 2.2243 18.2783 1.1503 0.0664
Car -1 -1 1.6168 184.2131 187.9010 216.4765 213.2593 1.4917 1.6400 4.0350 -26.7149 2.5210 47.1899 1.1038 0.0662
Car -1 -1 1.9391 197.1128 193.3413 245.5380 217.7402 1.5089 1.7325 3.6579 -26.7153 2.9767 49.7705 1.4484 0.0658
Car -1 -1 3.3687 238.3843 168.7173 373.1556 215.4456 1.4762 1.5916 3.8487 -9.9571 1.3455 23.8933 2.9775 0.0656
Car -1 -1 1.0116 170.1591 194.8437 225.0735 218.1831 1.4614 1.6884 3.5044 -28.3908 3.0247 49.7218 0.4948 0.0644
Car -1 -1 1.6913 152.7288 192.0663 217.8450 237.8216 1.4757 1.6291 3.9381 -15.8922 2.2564 27.1906 1.1664 0.0622
Car -1 -1 0.4934 0.0000 194.0358 145.7152 343.7722 1.4806 1.6331 4.1906 -8.3352 1.7776 8.8123 -0.2491 0.0615
Car -1 -1 3.6697 94.9970 193.2805 158.7775 214.2324 1.5610 1.4986 3.9169 -37.6265 3.1794 56.3042 3.0825 0.0603
Car -1 -1 5.0086 593.2242 176.2616 635.0807 201.0609 1.5264 1.6012 4.1334 0.3509 1.7599 47.2305 5.0155 0.0579
Car -1 -1 1.6311 0.0000 194.5754 81.7030 256.0026 1.4674 1.6988 4.1059 -16.4580 2.1634 20.9477 0.9712 0.0579
Car -1 -1 4.6995 489.4672 200.8705 575.9535 284.4066 1.5008 1.7342 4.2395 -1.7969 2.2332 16.6529 4.5925 0.0577
Car -1 -1 2.4892 337.6392 187.7446 427.6789 222.3875 1.4992 1.6531 3.9971 -10.9802 2.2680 35.1451 2.1881 0.0573
Car -1 -1 5.3901 62.3836 198.8382 140.5799 228.5621 1.5021 1.7286 3.7404 -29.3035 3.0751 41.7539 4.7810 0.0567
Car -1 -1 2.1114 223.7262 189.4406 279.2459 213.8152 1.5182 1.6739 3.8437 -24.5570 2.7046 49.6268 1.6537 0.0561
Car -1 -1 1.9123 190.6641 182.2766 231.7643 202.9825 1.5000 1.5771 3.9065 -30.9657 2.2607 56.1953 1.4104 0.0560
Car -1 -1 1.4027 471.0282 180.9630 501.9829 202.6411 1.5398 1.6444 4.2680 -9.4596 2.1864 55.2484 1.2335 0.0559
Car -1 -1 1.4715 352.9792 194.5318 402.1353 232.8149 1.4694 1.7094 4.0333 -10.4582 2.5076 32.3656 1.1608 0.0556
Car -1 -1 3.0010 94.1098 186.0706 217.7874 230.0267 1.5075 1.6308 3.8375 -17.3736 2.0492 27.7179 2.4452 0.0549
Car -1 -1 1.5313 153.3670 181.5821 181.7716 203.5376 1.5411 1.6774 4.0638 -33.4196 2.2267 54.5173 0.9833 0.0545
Car -1 -1 1.6325 46.3085 194.6349 97.8098 230.0463 1.4606 1.7195 3.6729 -25.4367 2.5550 34.2423 0.9971 0.0541
Car -1 -1 1.7228 498.9019 180.9241 527.3941 201.3033 1.5146 1.6269 4.1979 -7.6308 2.1804 57.4159 1.5909 0.0529
Car -1 -1 1.2770 567.8713 175.0955 611.1561 200.6848 1.5424 1.6422 4.0977 -1.3307 1.6924 46.0812 1.2478 0.0518
Car -1 -1 5.0378 0.0000 193.0351 73.5300 249.3888 1.4340 1.6127 3.6011 -17.7452 2.0970 21.7382 4.3591 0.0515
Car -1 -1 1.7317 160.7986 183.8318 194.4774 205.3201 1.5507 1.6033 4.2169 -33.8457 2.4465 56.6282 1.1948 0.0513
Car -1 -1 1.7880 635.2142 178.6092 675.1292 205.2504 1.5241 1.6143 4.0549 2.8536 1.8954 44.3867 1.8512 0.0509
Car -1 -1 1.7848 462.8266 176.4037 500.7891 202.7796 1.4895 1.4908 3.6241 -7.5811 1.7105 43.0824 1.6113 0.0503
Car -1 -1 0.4717 0.0000 194.0989 72.5499 245.7818 1.4513 1.6189 3.9722 -19.4461 2.1516 22.5366 -0.2344 0.0501
Car -1 -1 3.8959 19.9503 189.0191 163.6281 236.1626 1.4489 1.6141 3.8168 -17.1446 2.0096 23.9662 3.2800 0.0500