Car -1 -1 4.3875 794.5606 194.9652 1058.8921 354.5963 1.4430 1.6910 4.1726 3.6685 1.7907 9.2287 4.7536 0.9683
Car -1 -1 1.7816 455.7661 189.7695 526.9479 241.1375 1.5567 1.6645 3.8337 -4.0219 2.1914 25.1141 1.6237 0.9606
Car -1 -1 4.5364 745.2271 189.9587 868.4136 280.8660 1.5091 1.6797 4.2623 3.9108 1.9162 14.9877 4.7857 0.9587
Car -1 -1 1.7215 495.1193 188.9510 548.8058 231.3315 1.5680 1.6452 3.9789 -3.5984 2.2876 30.2412 1.6034 0.8049
Car -1 -1 1.8686 534.2822 186.8580 583.6982 219.5766 1.6179 1.6066 3.9733 -2.7159 2.4277 39.6080 1.7999 0.7681
Car -1 -1 0.4099 197.3427 193.6084 313.0567 232.0318 1.4868 1.6552 3.9600 -14.5679 2.3704 29.8111 -0.0415 0.5728
Car -1 -1 3.1818 1068.5627 180.4385 1242.0000 266.8792 1.4472 1.6956 3.8984 11.5425 1.6178 14.3267 3.8495 0.5017
Car -1 -1 4.0849 332.9120 179.4122 408.2399 208.5246 1.3973 1.6223 4.0655 -12.3851 1.7532 37.3094 3.7662 0.4501
Car -1 -1 4.6289 691.5267 183.7372 725.6799 210.9931 1.4906 1.6765 4.1835 5.8922 2.1757 43.2923 4.7627 0.4020
Car -1 -1 1.6408 185.7025 194.8488 217.1735 219.9969 1.5388 1.6217 3.7360 -28.0926 3.1172 49.7448 1.1287 0.3595
Car -1 -1 -0.1825 686.8602 184.1869 758.6045 211.0265 1.5073 1.6470 3.9038 6.5726 2.1832 42.1466 -0.0294 0.3330
Car -1 -1 1.7438 516.5456 190.2509 562.0465 224.2733 1.4739 1.5838 3.7124 -3.3640 2.3669 35.1249 1.6483 0.3228
Car -1 -1 0.2994 327.0511 178.0886 380.6399 194.8110 1.4310 1.5968 4.1350 -22.3566 1.8957 63.1750 -0.0397 0.3206
Car -1 -1 4.7173 200.7309 174.3673 268.4030 232.7494 1.4651 1.5442 3.5525 -10.4277 1.5113 20.1402 4.2447 0.3124
Car -1 -1 1.6656 599.5489 186.2563 622.7915 203.1329 1.4349 1.7780 4.0188 0.1798 2.7135 66.7483 1.6677 0.2887
Car -1 -1 0.9839 720.7053 185.9035 770.2316 208.2873 1.5899 1.7375 4.2206 10.5297 2.6475 56.1933 1.1675 0.2808
Car -1 -1 1.5217 764.9415 183.0944 795.1156 209.6758 1.5800 1.6916 4.0692 10.9884 2.2734 46.7005 1.7509 0.2765
Car -1 -1 -0.4899 892.2156 186.8360 978.1942 218.3367 1.4806 1.6835 3.5015 16.0843 2.1917 35.7329 -0.0706 0.1885
Car -1 -1 1.4614 759.1658 178.9283 785.5215 200.8797 1.6516 1.5926 4.2505 12.9783 2.1559 57.7043 1.6811 0.1884
Car -1 -1 2.5769 1137.8000 168.4593 1242.0000 199.0075 1.5374 1.6871 4.2934 30.1997 1.3162 37.3881 3.2522 0.1616
Car -1 -1 4.6572 205.5097 184.5261 229.4760 204.0114 1.5451 1.6036 3.6020 -33.4412 2.5717 61.5093 4.1608 0.1608
Car -1 -1 1.0504 519.4111 178.9204 555.7626 195.0700 1.4460 1.6064 4.0845 -6.8465 2.0385 68.3353 0.9506 0.1600
Car -1 -1 4.8597 336.3412 178.2240 363.0378 195.6263 1.4669 1.6492 4.1014 -23.1300 1.9618 64.3329 4.5156 0.1598
Car -1 -1 1.8422 526.4794 192.1696 575.8289 223.3935 1.4476 1.5881 3.9776 -3.0271 2.5254 38.1578 1.7629 0.1554
Car -1 -1 -0.5152 1156.6129 164.9835 1242.0000 206.8439 1.4480 1.5775 3.9502 22.4531 1.1757 26.1053 0.1894 0.1382
Car -1 -1 1.7902 501.5758 183.8918 554.8801 220.9393 1.5128 1.5749 3.9367 -3.6194 2.0446 32.7226 1.6803 0.1299
Car -1 -1 1.9589 166.7878 204.3467 248.4412 246.0934 1.4301 1.7144 3.3914 -16.1588 2.7818 29.1879 1.4568 0.1295
Car -1 -1 1.7085 283.3209 191.7995 310.9836 210.8495 1.4697 1.6272 4.1851 -26.9506 3.1654 62.3442 1.3017 0.1248
Car -1 -1 0.7818 458.0603 179.8741 512.4284 203.4265 1.5008 1.4383 3.6569 -8.3895 1.9895 48.5926 0.6113 0.1190
Car -1 -1 0.8802 479.1945 177.9858 538.2529 203.3849 1.5780 1.6604 4.0477 -6.6837 1.9306 47.6052 0.7410 0.1114
Car -1 -1 1.7281 266.4529 190.0459 321.1237 229.0790 1.4488 1.5316 3.7883 -13.3108 2.2260 30.5906 1.3205 0.1034
Car -1 -1 -0.1359 766.0662 180.1446 823.2636 203.5326 1.4976 1.6142 3.4824 12.2287 1.9909 47.8215 0.1125 0.1008
Car -1 -1 4.2827 1125.5304 169.7782 1227.3287 210.1276 1.4200 1.5562 3.8529 21.4170 1.3117 27.4448 4.9398 0.0996
Car -1 -1 1.3917 159.4987 194.9749 199.9140 220.1268 1.5059 1.7032 3.7722 -29.0193 3.0588 48.6702 0.8562 0.0968
Car -1 -1 0.5333 272.0855 193.6658 328.4439 211.8837 1.4721 1.4881 4.2612 -26.4013 3.2790 61.6323 0.1298 0.0952
Car -1 -1 2.5501 135.4715 201.7843 247.6390 243.5006 1.4405 1.7512 3.6379 -17.1293 2.7137 29.7342 2.0310 0.0950
Car -1 -1 3.3962 471.5668 179.1307 530.3775 202.1781 1.5019 1.5782 3.6304 -7.2792 1.9326 48.5289 3.2477 0.0901
Car -1 -1 2.3064 330.6328 172.4113 413.0516 204.7057 1.4994 1.6074 3.9754 -11.6582 1.4789 35.6434 1.9922 0.0893
Car -1 -1 1.5310 386.0073 184.8742 416.0240 212.1850 1.4740 1.5625 3.7356 -12.3840 2.2196 42.7373 1.2502 0.0831
Car -1 -1 1.7032 525.8406 193.7069 568.7805 226.6553 1.4620 1.6518 4.0189 -3.1037 2.5805 36.6539 1.6186 0.0823
Car -1 -1 3.1546 730.9537 184.6645 781.8980 206.0187 1.5962 1.7180 3.8553 11.5080 2.5424 56.5590 3.3538 0.0816
Car -1 -1 1.7768 715.1547 192.1059 762.4026 224.7295 1.4607 1.6389 3.7610 6.6333 2.4966 36.7762 1.9531 0.0800
Car -1 -1 1.6166 188.0931 186.8864 211.3638 205.8948 1.5214 1.5874 3.4980 -35.4699 2.7742 62.5019 1.1021 0.0798
Car -1 -1 2.7686 591.4531 184.9239 638.3417 202.8241 1.5431 1.5981 3.9531 0.4842 2.6649 65.6128 2.7755 0.0777
Car -1 -1 1.8047 749.9824 181.8937 785.5833 204.6052 1.6255 1.7298 4.3698 12.2871 2.3547 55.8528 2.0196 0.0767
Car -1 -1 0.3328 437.2375 184.4384 484.9660 202.4702 1.4850 1.5061 3.7074 -12.6735 2.4911 61.6773 0.1305 0.0729
Car -1 -1 2.8345 785.7779 178.7517 880.8973 211.3409 1.4823 1.6399 3.9647 10.4810 1.7668 33.9641 3.1308 0.0724
Car -1 -1 2.9728 651.3245 184.0348 722.9196 210.7480 1.4930 1.6487 3.9273 4.4877 2.1596 42.0695 3.0777 0.0724
Car -1 -1 1.6704 750.6923 179.4386 780.3178 203.3040 1.5346 1.6072 4.0399 10.7896 2.0085 49.7628 1.8822 0.0707
Car -1 -1 1.4496 698.3647 181.0181 733.3823 206.6421 1.4582 1.6429 4.0712 6.4957 1.9841 44.4236 1.5933 0.0699
Car -1 -1 1.6746 599.9116 185.0330 621.6626 203.0529 1.4983 1.5354 4.2038 0.1411 2.6337 65.0986 1.6762 0.0699
Car -1 -1 1.5053 380.5396 181.5187 402.9916 199.1792 1.4355 1.6139 4.1113 -19.0493 2.2189 63.0246 1.2127 0.0675
Car -1 -1 3.2467 988.0425 186.0851 1225.9950 268.9547 1.4544 1.6500 3.9631 10.3412 1.7675 15.1717 3.8352 0.0673
Car -1 -1 0.3200 361.3286 182.8480 415.7443 200.3067 1.4654 1.5772 4.2145 -19.0751 2.3408 62.3623 0.0240 0.0671
Car -1 -1 1.7440 373.3635 179.9507 403.0808 201.0073 1.6442 1.6448 4.2875 -18.3816 2.2570 60.0717 1.4480 0.0669
Car -1 -1 1.2166 739.8727 181.3655 779.6945 202.2682 1.5625 1.7279 4.3503 12.0355 2.2745 58.0751 1.4194 0.0662
Car -1 -1 -0.2790 672.9785 184.3033 748.4031 210.7255 1.4987 1.6879 4.1496 6.0035 2.1995 43.0348 -0.1419 0.0650
Car -1 -1 1.3985 551.2040 185.2018 600.3644 220.0298 1.5105 1.6874 4.1929 -1.7067 2.1494 35.1053 1.3497 0.0649
Car -1 -1 4.5814 381.1936 178.2173 422.4371 208.3581 1.4742 1.5955 3.9608 -11.0367 1.7739 38.1840 4.3015 0.0635
Car -1 -1 1.4200 587.5284 183.7310 613.0003 200.3600 1.4254 1.7499 4.1913 -0.8964 2.4680 66.9502 1.4062 0.0617
Car -1 -1 4.7258 200.4389 169.8509 269.4365 229.0475 1.4326 1.5106 2.8733 -9.8589 1.3599 19.0843 4.2543 0.0598