Car -1 -1 5.1398 85.0587 195.7723 370.7317 344.4534 1.4201 1.6309 3.7982 -4.3940 1.5810 9.0469 4.6990 0.9730
Car -1 -1 4.9966 319.1437 183.7097 440.0662 253.8964 1.4622 1.6573 3.8502 -5.1908 1.4308 16.9090 4.7028 0.9666
Car -1 -1 4.7044 572.6542 176.9377 611.5624 209.4518 1.4031 1.6800 3.5106 -0.7027 1.0459 32.7999 4.6828 0.8893
Car -1 -1 5.0672 333.8485 171.3215 415.5441 213.2691 1.4317 1.6307 3.7806 -8.4536 0.9575 26.4626 4.7608 0.7400
Car -1 -1 5.1668 234.6762 178.6589 328.5250 220.4290 1.4314 1.5706 3.9537 -11.9384 1.2067 26.6387 4.7490 0.7125
Car -1 -1 5.1359 149.6549 185.0490 289.1637 251.8754 1.4047 1.5421 3.5178 -8.9475 1.4012 16.9102 4.6556 0.7120
Car -1 -1 4.8036 506.3945 172.8676 538.2300 200.1420 1.6068 1.5972 3.8766 -5.1883 0.8793 44.3074 4.6874 0.5375
Car -1 -1 1.8188 383.2993 177.3095 436.1519 209.3060 1.3986 1.5291 3.5026 -9.0513 1.0530 33.1863 1.5543 0.3955
Car -1 -1 1.2660 518.7772 179.1818 552.8275 199.0559 1.4874 1.5452 3.8589 -5.5842 1.0358 55.8784 1.1665 0.3033
Car -1 -1 5.0143 0.0000 209.4259 121.9500 348.8133 1.5020 1.6751 4.0902 -8.7677 1.9376 10.7234 4.3407 0.2950
Car -1 -1 3.9837 0.0000 216.7695 46.8012 354.9963 1.4504 1.6023 3.9373 -9.4371 1.8758 8.8170 3.1793 0.2814
Car -1 -1 4.8544 463.5352 154.8045 525.5844 207.1590 1.9638 1.8395 4.6492 -4.4896 0.8231 29.2965 4.7034 0.2575
Car -1 -1 4.8494 522.8776 173.0013 556.8500 200.4911 1.6171 1.5564 3.9357 -4.1025 0.8986 44.2884 4.7573 0.1963
Car -1 -1 4.8470 444.7282 161.5242 505.9666 215.9988 1.7284 1.5725 3.6759 -4.4466 0.9767 24.6780 4.6703 0.1672
Car -1 -1 1.6115 0.0000 225.0625 106.0962 347.1942 1.4453 1.6850 4.0564 -9.4380 2.2320 12.0489 0.9572 0.1397
Car -1 -1 1.5193 164.3389 175.1085 194.0331 197.5277 1.5068 1.5943 3.9457 -30.0322 0.8275 50.3988 0.9840 0.1353
Car -1 -1 1.6602 395.3235 167.7638 417.4212 184.9568 1.5221 1.5958 3.9603 -18.3490 -0.0245 65.7970 1.3891 0.1108
Car -1 -1 2.2641 0.0000 207.8682 59.6982 376.0000 1.4442 1.5728 3.7939 -8.2455 1.7598 8.0564 1.4835 0.1040
Car -1 -1 4.8531 30.8697 214.1022 205.5146 343.5492 1.4813 1.6392 3.9648 -7.4443 2.0226 11.3263 4.2820 0.0981
Car -1 -1 4.8477 425.5037 162.4884 459.8960 190.6485 1.5263 1.5059 2.8870 -9.2237 0.2945 40.4658 4.6249 0.0971
Car -1 -1 1.9889 220.3488 173.9685 287.6339 205.4815 1.4729 1.5582 3.8106 -17.3669 0.9472 35.5300 1.5370 0.0914
Car -1 -1 3.8345 347.2115 164.9655 403.2045 184.9591 1.5539 1.6887 4.1364 -18.5439 -0.0211 57.4638 3.5235 0.0880
Car -1 -1 1.9230 532.4719 178.9404 568.9631 198.6967 1.4852 1.5756 3.9437 -4.3686 1.0134 56.1510 1.8453 0.0848
Car -1 -1 4.6268 532.4045 164.8628 554.8257 184.1754 1.7465 1.7476 4.1221 -5.9927 -0.1007 67.4264 4.5383 0.0762
Car -1 -1 1.4079 526.0723 177.6963 556.9910 199.4796 1.5581 1.6166 4.3323 -4.9472 1.0202 53.7162 1.3161 0.0729
Car -1 -1 2.1251 274.0924 177.0263 341.6183 205.2154 1.5056 1.6283 4.0254 -16.7832 1.0682 40.5137 1.7344 0.0727
Car -1 -1 1.5793 156.8443 175.9384 186.4669 200.8253 1.6171 1.6612 4.2513 -29.6278 1.0143 48.9612 1.0373 0.0685
Car -1 -1 1.3368 526.8202 174.2836 562.0391 197.0005 1.5802 1.6459 4.0713 -4.5981 0.8198 52.1958 1.2490 0.0669
Car -1 -1 3.2805 513.2910 167.9551 559.2143 185.0199 1.5502 1.6361 4.0217 -6.5115 -0.0183 66.2206 3.1826 0.0640
Car -1 -1 1.3867 495.8426 180.0815 525.9830 200.2390 1.4790 1.5953 3.8736 -7.3774 1.1023 54.8332 1.2532 0.0639
Car -1 -1 1.6456 567.5289 179.2970 592.5984 199.7201 1.4719 1.5852 3.9127 -1.9965 1.0453 53.7919 1.6082 0.0626
Car -1 -1 4.4450 199.0024 190.6727 608.9448 376.0000 1.4718 1.5780 3.6935 -1.6695 1.5232 4.7937 4.1265 0.0625
Car -1 -1 3.7430 174.2779 181.9176 303.3251 225.2198 1.4728 1.5984 3.8493 -13.0186 1.3606 25.4975 3.2749 0.0604
Car -1 -1 1.9908 214.5586 174.8247 291.7220 209.0171 1.5259 1.6308 4.4032 -16.7769 1.0622 34.3059 1.5388 0.0563
Car -1 -1 3.6557 202.0947 175.5683 293.1929 205.2314 1.4524 1.5973 3.7986 -18.0107 0.9800 36.0973 3.1956 0.0562
Car -1 -1 0.1860 313.1185 171.7028 437.0363 213.3963 1.4763 1.6453 4.1116 -8.4704 0.9978 26.5168 -0.1205 0.0522