Car -1 -1 1.6945 497.1978 187.0143 556.9575 235.2374 1.4270 1.5574 3.4714 -2.6861 1.9347 24.1225 1.5841 0.9485
Car -1 -1 4.6181 657.0860 181.2582 706.0587 219.4155 1.4164 1.6195 3.9963 2.8927 1.7852 29.6629 4.7137 0.9425
Car -1 -1 4.6707 551.2661 182.7312 580.0707 210.1626 1.4883 1.5363 3.5644 -2.6089 2.0931 42.3322 4.6090 0.6415
Car -1 -1 2.2445 0.0000 241.9929 324.4219 375.0000 1.4195 1.5476 3.6031 -2.7666 1.9015 3.2260 1.5749 0.6213
Car -1 -1 4.7644 631.5542 179.8062 651.6085 198.2941 1.5323 1.5666 3.6223 2.8241 2.1584 63.0935 4.8085 0.4213
Car -1 -1 1.7127 502.6598 186.2973 559.7217 229.1000 1.4877 1.6503 4.2504 -3.0220 2.0604 28.5857 1.6077 0.3755
Car -1 -1 1.4631 542.7272 190.7550 574.6311 216.6473 1.5077 1.6597 3.8534 -3.3448 2.7216 46.8854 1.3917 0.2340
Car -1 -1 4.7759 509.0851 183.8913 553.9243 221.9407 1.4267 1.6140 3.8004 -3.1971 1.9169 30.1092 4.6704 0.1500
Car -1 -1 4.7587 494.3010 176.4923 524.1246 203.1572 1.4858 1.5687 3.8233 -5.9003 1.7112 42.7196 4.6218 0.1364
Car -1 -1 1.8202 621.7309 180.0224 653.8094 200.2769 1.5869 1.6611 4.3683 2.4071 2.2112 60.5092 1.8593 0.1349
Car -1 -1 1.4748 657.9224 180.6482 698.0201 211.1734 1.4907 1.7329 3.9685 3.5706 1.9252 38.2389 1.5666 0.1306
Car -1 -1 3.1229 462.0195 185.5596 568.7185 224.2301 1.4695 1.6614 4.1751 -3.8159 2.0052 29.2902 2.9938 0.1281
Car -1 -1 4.4450 635.8912 176.0305 681.0292 204.2676 1.5007 1.6204 3.6865 2.7109 1.6888 40.7584 4.5104 0.1186
Car -1 -1 1.5473 496.3125 183.6733 520.1175 206.8883 1.4922 1.5512 3.7424 -7.0778 2.2743 50.1894 1.4075 0.0980
Car -1 -1 4.7921 662.1979 174.0866 696.5420 202.6680 1.5214 1.6188 3.9382 3.9776 1.5945 40.6686 4.8884 0.0790
Car -1 -1 1.7545 636.6702 178.6138 681.5688 209.4462 1.5434 1.7057 4.1188 2.7445 1.8735 39.1500 1.8234 0.0786
Car -1 -1 2.8772 495.4664 185.0186 556.6432 208.4464 1.5110 1.6046 3.8870 -5.7326 2.3707 49.5246 2.7621 0.0763
Car -1 -1 3.1437 650.2932 176.7725 722.5164 205.4224 1.5191 1.6530 3.8564 4.2041 1.7396 39.5661 3.2483 0.0750
Car -1 -1 4.8777 558.5229 181.9430 596.4008 209.8930 1.5320 1.5992 4.1256 -1.8656 2.1018 43.0890 4.8342 0.0749
Car -1 -1 1.3892 496.8778 182.0775 533.2498 207.3629 1.5276 1.6414 4.1863 -6.2612 2.1632 47.4735 1.2584 0.0698
Car -1 -1 1.2905 515.0330 175.2516 547.7958 196.4860 1.5993 1.5588 3.8644 -6.1960 1.7953 56.8966 1.1822 0.0697
Car -1 -1 1.7287 500.1577 175.0905 527.2886 194.5232 1.5375 1.5937 4.1052 -7.8828 1.7287 59.6362 1.5976 0.0691
Car -1 -1 5.2885 58.5948 208.3402 286.3380 310.5769 1.5258 1.7134 4.4964 -8.5298 2.3592 14.6529 4.7688 0.0679
Car -1 -1 3.2912 0.0000 229.0121 441.1545 375.0000 1.4727 1.6295 4.1247 -2.9507 1.8405 2.8862 2.5398 0.0670
Car -1 -1 1.4339 541.8434 183.5658 579.1793 212.3507 1.5752 1.6553 4.4207 -3.0123 2.2565 43.5546 1.3647 0.0661
Car -1 -1 3.2039 476.7955 186.2590 591.7485 225.9480 1.4885 1.6678 4.4093 -2.9233 2.0369 28.6016 3.1022 0.0616
Car -1 -1 1.7536 496.0004 185.5603 530.3422 209.6154 1.4991 1.6300 3.8889 -6.5064 2.3977 49.0439 1.6219 0.0603
Car -1 -1 1.7562 490.4911 179.8743 522.4570 202.4280 1.5541 1.5805 4.2015 -7.5522 2.0923 53.1812 1.6154 0.0600
Car -1 -1 1.4602 544.7528 179.0479 581.7404 209.3632 1.5915 1.6571 3.9616 -2.6671 1.9600 40.8315 1.3949 0.0590
Car -1 -1 3.4913 530.5106 182.0473 599.5123 209.3397 1.5115 1.5681 3.7054 -2.5885 2.0642 42.0997 3.4297 0.0580
Car -1 -1 1.5603 481.3003 189.6161 517.4641 222.7731 1.4662 1.7029 4.3825 -5.5980 2.3682 36.5307 1.4088 0.0575
Car -1 -1 0.5309 514.7910 191.6785 577.3478 217.1027 1.4806 1.6208 3.6320 -4.0292 2.7141 45.7680 0.4429 0.0568
Car -1 -1 2.3720 0.0000 209.2851 163.1523 375.0000 1.4256 1.5721 3.8614 -6.2841 1.8687 6.7919 1.6448 0.0564
Car -1 -1 2.9781 503.3566 181.6667 605.3611 220.0286 1.4747 1.6121 3.9576 -2.2841 1.8512 29.5684 2.9010 0.0559
Car -1 -1 -0.2665 623.2856 179.2557 668.8940 197.6619 1.5420 1.5726 3.6546 3.1482 2.1061 62.4153 -0.2168 0.0539
Car -1 -1 0.0369 698.0598 188.1031 794.2266 223.3081 1.4730 1.6744 4.1602 6.1635 2.1881 32.5659 0.2215 0.0537
Car -1 -1 1.7486 482.9419 179.4853 524.5343 208.0891 1.4913 1.6321 3.9587 -5.8915 1.8824 40.5543 1.6048 0.0526
Car -1 -1 1.7045 631.7772 179.5372 656.6490 198.9680 1.5626 1.5958 4.0610 2.9923 2.1533 61.6379 1.7523 0.0522
Car -1 -1 3.0855 622.3593 177.7252 693.2645 206.0472 1.5140 1.6372 3.8034 2.6135 1.7877 39.6943 3.1503 0.0503