Car -1 -1 -0.3674 704.9584 182.1546 893.6747 251.8786 1.4903 1.6540 3.9042 4.3303 1.7199 16.7582 -0.1197 0.9506
Car -1 -1 -0.7526 886.3420 191.0390 1242.0000 375.0000 1.4560 1.6042 3.9395 4.5612 1.6331 5.9852 -0.1258 0.9497
Car -1 -1 3.4466 179.0386 179.8645 375.6440 246.1682 1.5109 1.6493 4.0740 -8.0141 1.6933 17.7171 3.0270 0.9283
Car -1 -1 3.7079 0.0000 195.3693 227.8122 321.3147 1.4736 1.6113 4.2132 -7.7279 1.8099 9.7862 3.0525 0.9261
Car -1 -1 3.4379 257.3230 173.4385 390.7048 222.0720 1.4711 1.5812 3.6061 -8.9256 1.4903 22.7691 3.0679 0.8225
Car -1 -1 0.5859 22.4148 181.9408 295.4575 279.2266 1.5435 1.5211 3.8033 -7.6469 1.7109 12.4490 0.0442 0.8104
Car -1 -1 4.4495 455.4516 178.2593 489.4437 198.6690 1.4769 1.6077 3.8982 -10.5670 1.9080 55.4336 4.2617 0.6555
Car -1 -1 3.8847 0.0000 199.9740 109.2176 364.5830 1.4341 1.5998 4.0077 -7.7582 1.7480 7.4649 3.0980 0.5634
Car -1 -1 -0.2138 684.5137 184.6822 835.5148 244.6124 1.4824 1.5818 3.6318 3.8805 1.8072 18.9916 -0.0162 0.4958
Car -1 -1 4.6734 357.4482 163.1501 397.4845 199.4594 1.5322 1.5786 3.4388 -10.4379 1.1227 32.3335 4.3632 0.2556
Car -1 -1 -0.2359 1190.2999 182.1379 1242.0000 219.0700 1.4362 1.5324 2.5141 25.8812 1.8376 29.9434 0.4716 0.2337
Car -1 -1 4.6840 244.8721 170.4373 267.0273 189.2668 1.6551 1.6964 4.2451 -32.2191 1.4427 65.6964 4.2295 0.2039
Car -1 -1 4.4840 894.6195 193.0731 957.2864 230.4542 1.4883 1.7244 4.1892 14.5219 2.4845 33.3367 4.8909 0.2019
Car -1 -1 4.5649 673.1876 185.9148 752.0872 245.9774 1.4515 1.6219 3.7256 2.7738 1.8497 20.1250 4.6990 0.1995
Car -1 -1 0.4514 1076.0911 184.9640 1223.3503 231.0427 1.4790 1.6108 4.0174 19.6531 1.9589 26.4431 1.0847 0.1905
Car -1 -1 1.1101 947.2218 187.7804 1000.2151 210.3425 1.4837 1.7285 4.2107 26.3409 2.6101 52.3448 1.5735 0.1893
Car -1 -1 -0.0768 687.1581 168.5772 773.8754 198.5137 1.5555 1.6991 4.4451 6.3963 1.3332 38.5274 0.0861 0.1850
Car -1 -1 4.5634 1183.8253 182.0915 1242.0000 219.4050 1.4645 1.5818 3.5975 26.1570 1.8894 31.2335 5.2555 0.1614
Car -1 -1 0.2769 278.6472 174.9813 406.0555 221.2386 1.5505 1.5008 3.9018 -9.2376 1.6273 25.1560 -0.0720 0.1585
Car -1 -1 4.7982 681.9869 174.7135 717.0262 202.9974 1.4676 1.5994 3.7437 4.9894 1.5751 39.6995 4.9219 0.1502
Car -1 -1 4.7518 1030.4468 174.4133 1058.6931 196.1345 1.5017 1.6103 3.8332 31.5075 1.6190 52.2228 5.2919 0.1390
Car -1 -1 4.6091 270.1624 169.4695 296.2032 188.2879 1.5591 1.6384 3.9817 -28.0291 1.2787 61.9133 4.1854 0.1336
Car -1 -1 1.1527 859.5737 192.2706 921.2917 224.5309 1.4565 1.6969 3.2735 14.0527 2.4778 36.2749 1.5188 0.1328
Car -1 -1 1.3062 474.0706 174.5520 508.5457 195.9626 1.6692 1.6770 4.4439 -9.7087 1.8136 58.9957 1.1435 0.1320
Car -1 -1 -0.0898 898.2861 187.7614 955.0477 207.6004 1.5673 1.5706 4.2326 26.5514 2.8474 60.5407 0.3211 0.1316
Car -1 -1 3.0828 1109.5385 176.3407 1229.2781 214.4566 1.5354 1.6781 3.9885 24.0630 1.6949 31.2062 3.7347 0.1288
Car -1 -1 4.6116 879.3574 190.6812 927.4910 227.2263 1.4697 1.6459 3.8686 13.4273 2.3400 33.1395 4.9927 0.1288
Car -1 -1 3.3380 212.2921 174.2307 368.7458 229.7451 1.4659 1.5843 3.7774 -8.8400 1.5068 20.2791 2.9313 0.1287
Car -1 -1 1.4093 934.2470 175.8417 961.1366 193.2112 1.5223 1.5909 4.0585 30.9608 1.8052 66.1532 1.8450 0.1254
Car -1 -1 4.8860 204.3837 169.5077 279.0127 217.7245 1.4699 1.5768 3.6506 -12.1187 1.3679 23.9704 4.4221 0.1252
Car -1 -1 1.4931 161.6268 171.6490 193.6095 194.9846 1.5684 1.6219 4.0618 -30.3302 1.4874 50.6211 0.9555 0.1220
Car -1 -1 0.2532 69.2051 162.6796 201.4787 204.0859 1.5816 1.6815 4.1517 -18.9352 1.1930 29.0132 -0.3210 0.1127
Car -1 -1 1.6191 881.8257 178.7505 913.5113 205.5889 1.5617 1.6498 4.3101 18.1246 1.9508 45.3018 1.9970 0.1120
Car -1 -1 2.9486 933.4592 189.7884 1001.8862 212.5155 1.5168 1.5620 4.1388 25.4378 2.7529 51.3764 3.4055 0.1069
Car -1 -1 4.6669 263.7658 158.3866 307.6154 193.9043 1.5188 1.6579 3.9526 -14.8515 0.9002 32.9928 4.2467 0.1049
Car -1 -1 3.6214 0.0000 182.8003 223.5634 279.3421 1.4897 1.5720 3.9593 -9.0519 1.6753 12.4069 3.0011 0.1021
Car -1 -1 0.7265 1041.7346 191.1459 1126.9386 220.1546 1.5018 1.8115 3.9505 27.6718 2.6261 42.2034 1.3030 0.1011
Car -1 -1 0.6627 0.0000 165.6292 95.1093 208.1912 1.4901 1.5843 3.8571 -21.0937 1.2372 26.0778 -0.0125 0.1009
Car -1 -1 4.6769 190.4574 170.3866 218.8298 192.6671 1.5403 1.6464 4.1556 -29.2567 1.3698 52.0865 4.1672 0.1007
Car -1 -1 4.9336 139.8592 168.0539 208.7164 207.2718 1.5413 1.6179 4.0801 -18.3234 1.3526 30.5474 4.3970 0.0975
Car -1 -1 4.8289 950.8180 190.9477 998.5499 226.2843 1.4664 1.6061 3.5589 17.1615 2.3635 33.8451 5.2940 0.0972
Car -1 -1 4.5549 474.7434 172.5013 501.9394 192.4247 1.6076 1.6262 4.0761 -10.1807 1.5792 60.4120 4.3884 0.0957
Car -1 -1 1.1815 1073.1552 175.1178 1132.7627 204.6812 1.7375 1.6428 4.0179 30.5930 1.8850 44.8675 1.7765 0.0922
Car -1 -1 3.1602 310.4658 165.3478 403.1388 201.8970 1.5142 1.6015 3.6937 -10.8826 1.2032 31.2257 2.8273 0.0882
Car -1 -1 0.0053 1098.4056 174.5727 1203.8640 210.2031 1.5281 1.5907 3.7693 24.5973 1.6107 32.8822 0.6429 0.0873
Car -1 -1 4.3453 439.4620 173.9082 472.1050 191.3205 1.5878 1.6828 4.0334 -14.5638 1.6906 68.2045 4.1355 0.0867
Car -1 -1 5.0113 106.7788 171.5630 177.0200 208.3263 1.5015 1.5486 3.6328 -20.2734 1.4488 31.4262 4.4420 0.0845
Car -1 -1 1.2311 903.2311 188.0684 940.2928 207.6344 1.5200 1.6637 3.9209 26.4256 2.8527 61.1922 1.6364 0.0820
Car -1 -1 1.2176 1060.3624 173.1746 1111.1118 199.2498 1.6294 1.5661 3.7131 31.0275 1.6512 47.1208 1.7967 0.0816
Car -1 -1 1.2755 934.4370 181.8646 972.0929 202.6909 1.4867 1.5988 3.6254 26.1826 2.1982 55.0694 1.7167 0.0787
Car -1 -1 1.5881 891.9931 179.4725 918.3730 204.0629 1.5288 1.5655 3.7856 19.6949 1.9879 48.0079 1.9748 0.0781
Car -1 -1 0.1013 924.1566 192.8790 1003.1409 220.0010 1.5506 1.6694 4.3640 22.4778 2.8747 45.8525 0.5539 0.0762
Car -1 -1 4.5565 743.4307 167.3465 801.5169 206.5046 1.4104 1.5915 3.9032 6.2381 1.2120 27.9839 4.7732 0.0755
Car -1 -1 -0.0279 165.1310 171.9624 238.8344 193.9374 1.4912 1.6085 4.4579 -28.6588 1.4307 50.7971 -0.5395 0.0740
Car -1 -1 1.1504 872.4586 193.9572 939.0670 227.7133 1.4531 1.7360 3.3977 14.2716 2.5260 34.9523 1.5343 0.0716
Car -1 -1 4.4682 1087.3633 161.4082 1216.3883 230.5685 1.4507 1.5934 3.5052 12.6493 1.2106 17.0584 5.0978 0.0710
Car -1 -1 4.8335 309.5269 165.9155 369.3894 210.6081 1.4859 1.5687 3.6258 -9.6274 1.2552 25.9338 4.4811 0.0690
Car -1 -1 1.4710 1182.4336 179.5224 1242.0000 233.6683 1.4269 1.5615 3.3285 18.0465 1.6404 21.2779 2.1672 0.0686
Car -1 -1 3.9068 91.9357 169.7429 209.1166 207.1044 1.5035 1.6604 4.1667 -19.2251 1.3783 30.2694 3.3447 0.0663
Car -1 -1 4.0040 988.2985 186.1261 1079.5947 220.9823 1.4551 1.6377 3.7011 19.6506 2.1092 33.5894 4.5289 0.0651
Car -1 -1 0.6087 144.3541 172.8255 215.2752 194.6742 1.4906 1.5960 4.0555 -29.8509 1.4887 50.1727 0.0742 0.0645
Car -1 -1 5.3008 165.9548 170.7386 225.2251 193.1160 1.5227 1.6526 4.0802 -29.2892 1.3788 51.1918 4.7832 0.0621
Car -1 -1 4.7837 840.8121 188.4656 885.0868 225.5983 1.4683 1.6154 3.7320 11.3769 2.2106 32.2742 5.1190 0.0620
Car -1 -1 1.3124 910.6337 177.2841 941.3517 195.1047 1.5276 1.5897 3.8505 28.4103 1.9384 64.8800 1.7231 0.0614
Car -1 -1 4.7522 296.5585 176.7934 373.7931 245.0119 1.5793 1.7185 4.1851 -7.1881 1.6965 19.2199 4.3984 0.0600
Car -1 -1 0.5981 1123.5116 190.1962 1242.0000 236.8264 1.4473 1.5970 3.2056 20.3102 2.1022 25.4790 1.2648 0.0598
Car -1 -1 4.6044 225.7849 167.4822 255.2159 189.7945 1.6726 1.6455 3.7772 -28.7281 1.2699 56.1206 4.1330 0.0593