Car -1 -1 4.3136 822.0323 184.6730 1181.9797 375.0000 1.5027 1.6558 4.3003 3.7059 1.6662 7.8100 4.7409 0.9839
Car -1 -1 1.8525 371.1429 187.1604 481.8703 262.7907 1.5873 1.6324 3.7573 -4.3691 1.9777 17.7787 1.6142 0.9746
Car -1 -1 1.7991 439.6716 184.8575 520.5629 239.4313 1.5186 1.6561 4.0091 -4.0215 1.9358 23.0272 1.6274 0.9502
Car -1 -1 1.7947 479.8176 186.1740 540.7647 230.5429 1.5292 1.5492 3.6658 -3.7645 2.0793 27.9017 1.6612 0.9000
Car -1 -1 1.7402 507.8668 184.9445 555.3580 222.5564 1.5282 1.5205 3.6380 -3.4397 2.1020 32.3784 1.6346 0.8866
Car -1 -1 4.6464 696.9949 174.3188 737.3745 207.9984 1.5871 1.7126 4.5139 5.3825 1.6659 36.5201 4.7911 0.7546
Car -1 -1 0.5051 36.3944 192.5283 214.9954 243.2115 1.4511 1.7062 4.3401 -14.9384 2.0913 22.4637 -0.0766 0.6821
Car -1 -1 3.8525 1061.6541 211.5864 1242.0000 375.0000 1.5368 1.6289 3.9037 3.4173 1.7689 2.3308 4.7662 0.2351
Car -1 -1 -0.5781 1054.0492 180.2943 1182.4144 221.8021 1.6598 1.5551 4.2008 21.0694 1.9778 29.9922 0.0291 0.1922
Car -1 -1 1.6247 533.4357 179.5550 552.8992 196.5845 1.5188 1.6132 3.9435 -6.2231 2.1682 67.9249 1.5333 0.1721
Car -1 -1 2.3335 503.5154 180.6991 560.2326 204.0132 1.5812 1.6434 4.2252 -5.6145 2.1765 52.5751 2.2271 0.1624
Car -1 -1 2.6511 1112.2531 182.1520 1242.0000 375.0000 1.5280 1.6440 4.2205 4.7951 1.5889 3.0306 3.6146 0.1482
Car -1 -1 0.8078 442.3999 172.2827 518.1750 201.8725 1.5668 1.6403 4.2875 -7.2216 1.5365 40.1315 0.6306 0.1480
Car -1 -1 4.4922 989.3065 225.6517 1242.0000 375.0000 1.4984 1.6124 3.9620 2.3662 1.8477 2.6401 5.1673 0.1473
Car -1 -1 3.9298 419.7884 175.2175 482.8498 202.0569 1.4727 1.5683 3.4443 -9.1054 1.6137 41.4637 3.7146 0.1458
Car -1 -1 1.5106 585.2283 179.4559 607.1941 198.6252 1.4871 1.5730 3.8712 -1.1262 2.0483 59.3398 1.4913 0.1359
Car -1 -1 -1.1167 399.2244 201.2524 1168.5952 375.0000 1.5207 1.6181 4.0106 1.2610 1.7308 3.3452 -0.7870 0.1270
Car -1 -1 4.1108 656.2706 198.3460 1210.5951 375.0000 1.4685 1.5893 3.8063 1.7635 1.7277 5.2858 4.4143 0.1251
Car -1 -1 5.3941 442.4390 174.8641 504.8644 201.7659 1.4774 1.5870 3.6957 -7.8435 1.5998 41.9275 5.2099 0.1154
Car -1 -1 1.5890 197.8436 192.0719 229.2913 218.5234 1.4877 1.6699 4.0548 -25.1639 2.7694 45.9378 1.0900 0.1115
Car -1 -1 0.5922 0.0000 192.8394 154.8351 243.2449 1.4464 1.6037 3.8103 -16.4610 2.0875 22.2731 -0.0387 0.1027
Car -1 -1 1.7446 380.9793 176.0496 425.6030 204.9221 1.4724 1.6195 4.2896 -11.2245 1.6572 39.5035 1.4692 0.1021
Car -1 -1 3.5149 269.2866 180.4676 352.8512 210.3160 1.4829 1.5771 3.6437 -15.2925 1.8828 37.0808 3.1259 0.0968
Car -1 -1 0.4179 395.6193 180.5740 454.3515 200.4048 1.4388 1.5865 3.9842 -13.8815 2.0321 54.3370 0.1686 0.0925
Car -1 -1 0.5051 296.8393 174.1105 362.5938 193.1933 1.4379 1.5909 4.5208 -21.5454 1.5366 55.6083 0.1369 0.0918
Car -1 -1 3.1167 583.9165 179.7839 626.7142 198.8025 1.4954 1.5851 3.4059 -0.3610 2.0625 58.1957 3.1101 0.0906
Car -1 -1 1.2266 720.2557 186.5053 770.4702 214.8375 1.4560 1.7053 3.4680 7.6076 2.2613 40.7110 1.4094 0.0853
Car -1 -1 4.2815 742.5848 210.9970 1242.0000 375.0000 1.4600 1.6208 3.7822 1.9696 1.7828 4.2002 4.6915 0.0847
Car -1 -1 1.4465 307.2579 179.4806 348.5185 209.6191 1.4689 1.5687 3.8728 -14.9337 1.8384 38.1571 1.0755 0.0846
Car -1 -1 0.2415 313.8147 179.9712 398.9212 210.1349 1.4906 1.6090 3.8538 -12.9599 1.8662 37.0975 -0.0927 0.0798
Car -1 -1 5.2298 332.7020 182.1309 414.4341 219.6339 1.4463 1.5993 3.8940 -10.0141 1.8704 30.9194 4.9187 0.0797
Car -1 -1 1.2948 1123.1953 196.9957 1242.0000 375.0000 1.5092 1.6725 4.3175 7.1998 1.8549 8.0213 2.0072 0.0796
Car -1 -1 3.6468 265.0945 171.0448 329.0935 190.2380 1.4558 1.5785 4.3117 -24.1063 1.3185 55.7243 3.2401 0.0765
Car -1 -1 -0.4221 727.7027 187.1002 808.7951 215.2208 1.4804 1.7120 4.1080 8.8900 2.3055 40.5270 -0.2083 0.0745
Car -1 -1 1.0322 160.1096 192.1054 221.4383 218.1752 1.4760 1.6539 3.6703 -26.0406 2.7158 44.8536 0.5085 0.0745
Car -1 -1 2.4913 884.1521 226.4176 1242.0000 375.0000 1.5224 1.6384 3.9269 3.3340 1.8193 2.8847 3.2981 0.0731
Car -1 -1 4.2614 1060.3303 179.8880 1148.6515 218.6116 1.5108 1.6001 3.7974 21.0511 1.8311 30.8673 4.8550 0.0712
Car -1 -1 4.9320 272.9868 171.9465 306.4410 192.2580 1.5379 1.5946 3.8487 -25.0760 1.4692 56.6757 4.5170 0.0710
Car -1 -1 -0.6106 959.3766 180.4872 1064.0743 219.3225 1.4677 1.6115 3.3061 15.9143 1.7810 28.6333 -0.1082 0.0674
Car -1 -1 1.9431 419.0083 176.0022 474.3144 204.9682 1.4826 1.6084 3.9705 -8.8402 1.6639 39.4688 1.7238 0.0667
Car -1 -1 0.4358 161.8756 194.9870 230.9649 217.4760 1.5194 1.4457 4.0370 -29.3736 3.1224 51.3744 -0.0817 0.0655
Car -1 -1 1.5545 142.0422 181.3578 167.6134 201.8287 1.4284 1.5678 4.0987 -34.2279 2.0933 54.2743 0.9939 0.0649
Car -1 -1 1.7750 522.4073 183.5211 555.9766 206.2851 1.5706 1.7058 4.0465 -5.2077 2.3979 53.8569 1.6786 0.0633
Car -1 -1 1.3211 1100.8358 195.9918 1242.0000 347.6995 1.4335 1.5792 3.7854 7.8041 1.8037 9.4933 1.9931 0.0620
Car -1 -1 4.0441 1048.7103 191.3877 1242.0000 375.0000 1.5040 1.6301 3.6464 3.9600 1.6462 3.6284 4.8326 0.0614
Car -1 -1 2.9310 510.3515 184.0329 566.7114 206.2889 1.5767 1.6999 3.9238 -5.3177 2.4341 53.9348 2.8327 0.0585
Car -1 -1 -0.2583 960.3318 179.2196 1163.7914 247.5844 1.5044 1.6295 3.8728 10.7583 1.6701 17.4532 0.2859 0.0576
Car -1 -1 -1.2352 977.5460 179.5899 1242.0000 375.0000 1.4946 1.6153 3.9480 4.1630 1.5494 4.2239 -0.4921 0.0571
Car -1 -1 4.9581 286.6890 171.9499 322.2402 191.1578 1.4477 1.6066 4.1080 -23.8527 1.3796 56.5362 4.5603 0.0557
Car -1 -1 3.1945 682.1752 186.4850 751.3825 214.6232 1.4985 1.6771 3.7875 6.0815 2.2915 40.7815 3.3408 0.0552
Car -1 -1 0.8220 399.2024 180.4457 451.6752 202.5227 1.4805 1.5667 3.6102 -13.0637 2.0359 51.1490 0.5728 0.0551
Car -1 -1 1.5891 176.7605 184.8700 210.7194 213.2991 1.4967 1.6237 3.9858 -24.1152 2.2307 41.9325 1.0697 0.0551
Car -1 -1 -0.5680 1096.2697 195.7120 1242.0000 333.6454 1.4964 1.6420 4.2188 9.0782 1.8324 9.4135 0.1828 0.0543
Car -1 -1 4.5791 289.4625 172.3982 342.3995 210.0471 1.4706 1.5746 3.7385 -12.3339 1.4528 30.1971 4.1942 0.0542
Car -1 -1 5.2433 47.1652 192.7693 174.3598 244.4893 1.4331 1.5763 4.0329 -16.1629 2.1426 23.6436 4.6487 0.0531
Car -1 -1 5.3123 47.0129 191.9513 196.4269 247.9137 1.4545 1.6746 4.3016 -14.9206 2.1045 22.3954 4.7298 0.0527
Car -1 -1 4.8546 1.4818 169.9742 147.2355 262.4891 1.5092 1.6518 3.8602 -10.0724 1.4622 13.8644 4.2352 0.0526
Car -1 -1 -0.5838 1031.0994 179.1869 1152.1523 217.3572 1.5137 1.5961 3.9144 19.7623 1.7812 29.6793 -0.0014 0.0525
Car -1 -1 4.1693 725.3872 184.6742 788.2579 214.2742 1.4572 1.6436 3.7333 7.9321 2.1323 39.1799 4.3670 0.0523
Car -1 -1 1.6659 578.2520 179.5885 603.3817 199.6423 1.4872 1.6301 3.6809 -1.4411 2.0338 56.6717 1.6402 0.0516
Car -1 -1 0.1293 591.9929 179.0430 637.8489 198.1081 1.4755 1.6054 3.4793 0.4454 1.9780 57.5449 0.1365 0.0514
Car -1 -1 1.4735 535.5015 182.8717 563.7927 205.9674 1.5384 1.6441 4.0731 -4.3607 2.2913 52.0788 1.3899 0.0511
Car -1 -1 -0.0440 336.6625 185.2964 438.3893 223.1380 1.4536 1.5887 3.9518 -9.2352 1.9961 30.0501 -0.3401 0.0507