Car -1 -1 3.4568 292.9834 182.9853 455.2844 238.9606 1.4692 1.6220 3.9814 -6.4564 1.7625 20.0625 3.1487 0.9408
Car -1 -1 0.6134 0.0000 151.4451 326.5532 293.2319 1.8816 1.7192 4.1374 -6.5518 1.5975 10.5767 0.0697 0.9113
Car -1 -1 -0.6010 1077.2723 188.9650 1242.0000 375.0000 1.5917 1.6518 3.6825 6.4662 1.7570 6.2663 0.1759 0.8417
Car -1 -1 3.7632 0.0000 205.1004 226.9786 350.5575 1.4372 1.4457 3.5663 -6.5515 1.8412 8.2583 3.1080 0.8350
Car -1 -1 -0.4192 806.3649 175.5229 1075.9050 263.9061 1.6241 1.6532 4.5285 6.3502 1.6795 14.1492 -0.0059 0.8222
Car -1 -1 3.2666 368.3965 166.8527 498.2674 214.1995 1.5800 1.6819 4.2132 -6.0450 1.3797 25.1427 3.0326 0.7945
Car -1 -1 3.6030 75.4406 188.3464 345.6015 273.2282 1.3967 1.4681 4.0176 -7.0133 1.6916 12.9480 3.1147 0.4582
Car -1 -1 5.4819 0.0000 136.9409 79.8805 193.3489 1.6679 1.6305 3.4904 -19.1723 0.6060 23.1412 4.7956 0.3406
Car -1 -1 3.4526 449.8564 182.2633 517.7016 210.3253 1.5107 1.6079 3.4303 -7.0466 2.0533 40.5729 3.2813 0.2918
Car -1 -1 5.4930 103.1088 150.3643 218.1441 201.5152 1.9600 1.7464 3.9475 -18.3853 1.0983 29.7699 4.9436 0.2810
Car -1 -1 1.6214 620.0176 190.6015 662.6557 228.9259 1.4106 1.5986 3.6014 1.3788 2.1983 30.1562 1.6659 0.2655
Car -1 -1 1.7452 626.3901 176.1861 653.9409 196.4000 1.5691 1.6035 3.8088 2.5227 1.8497 58.7131 1.7875 0.2380
Car -1 -1 0.0701 489.4563 182.8379 550.6570 210.2558 1.4761 1.5057 3.2927 -4.9625 2.0452 40.2920 -0.0522 0.2345
Car -1 -1 4.5882 658.0016 151.0521 728.3659 215.6573 1.9935 1.8023 4.5438 2.7352 1.3208 24.5498 4.6973 0.2117
Car -1 -1 1.8130 506.2580 171.6810 546.1947 198.6054 1.6623 1.6287 4.0881 -5.3378 1.5898 46.6776 1.6994 0.2032
Car -1 -1 1.5681 653.9228 188.8288 694.7628 227.4939 1.4288 1.5972 3.7532 2.7008 2.1404 30.2020 1.6556 0.1997
Car -1 -1 4.6598 485.9820 181.1673 516.3989 209.6172 1.5132 1.5369 3.6585 -6.2616 2.0133 41.4606 4.5104 0.1544
Car -1 -1 3.1419 625.6238 176.3806 674.6285 195.9450 1.5289 1.6643 3.8538 3.2380 1.8154 57.6637 3.1973 0.1441
Car -1 -1 4.5215 421.0690 162.8429 460.8221 189.5555 1.5624 1.6619 3.9427 -10.4021 0.9769 44.3408 4.2922 0.1430
Car -1 -1 4.7082 641.4318 160.7266 672.0771 190.9556 1.6023 1.6230 3.8436 2.6191 0.9595 40.2122 4.7725 0.1271
Car -1 -1 0.3349 109.3341 129.9639 257.6025 184.3998 1.7424 1.5817 3.9910 -14.2010 0.3696 24.2485 -0.1902 0.1266
Car -1 -1 4.5455 625.8425 165.5213 663.3130 194.3800 1.6952 1.6561 4.0174 2.1094 1.2645 44.4772 4.5922 0.1107
Car -1 -1 1.6565 499.1898 176.3172 530.5199 202.3009 1.4808 1.5585 3.6830 -5.6680 1.6986 43.4933 1.5272 0.1081
Car -1 -1 1.7442 0.0000 113.5091 110.6756 187.5205 1.5640 1.5526 3.4473 -13.0637 0.3099 17.1353 1.1003 0.1076
Car -1 -1 3.8780 223.5450 159.0221 312.1709 191.4871 1.5461 1.6165 3.8903 -16.8967 0.8874 35.7055 3.4387 0.1057
Car -1 -1 1.5324 622.5386 180.8406 662.9026 217.5403 1.4859 1.6295 4.1274 1.4211 1.8649 32.1801 1.5755 0.1054
Car -1 -1 4.6021 256.1962 173.6453 287.2744 197.0233 1.6087 1.6200 3.7825 -24.2903 1.6678 51.8252 4.1656 0.0941
Car -1 -1 3.6567 212.6580 157.8045 307.7249 188.5511 1.5358 1.6638 4.1040 -17.8752 0.7841 37.0110 3.2095 0.0937
Car -1 -1 3.2421 512.8728 169.8726 565.2740 187.4640 1.5087 1.6589 4.3882 -6.0970 1.2530 62.7175 3.1453 0.0896
Car -1 -1 4.9918 498.2743 181.4589 543.8297 210.0880 1.5107 1.5876 3.8333 -5.0109 2.0274 41.3054 4.8714 0.0881
Car -1 -1 4.6474 357.4775 160.4435 387.3447 187.9742 1.8392 1.7287 3.9909 -16.5890 1.0101 50.3767 4.3307 0.0861
Car -1 -1 -0.2940 501.3329 180.3228 578.8643 208.9222 1.5149 1.6357 4.0352 -3.9021 1.9503 40.5392 -0.3899 0.0857
Car -1 -1 4.2920 997.1017 193.7336 1242.0000 375.0000 1.5294 1.6205 4.0703 5.6716 1.8136 7.6676 4.9095 0.0852
Car -1 -1 1.7928 535.3561 176.2994 564.8773 195.4800 1.5502 1.6255 4.1320 -5.0064 1.8530 61.2496 1.7112 0.0851
Car -1 -1 2.7003 1007.8607 166.3286 1118.5717 202.0591 1.4836 1.5642 3.7081 19.3813 1.2126 30.9462 3.2553 0.0822
Car -1 -1 3.6813 209.8811 159.9867 330.1307 201.8631 1.4771 1.5759 3.7049 -12.3877 1.0232 26.4278 3.2466 0.0816
Car -1 -1 4.4283 1014.8788 164.7740 1083.1748 200.8203 1.4890 1.5667 3.7360 19.2804 1.1552 31.8113 4.9688 0.0795
Car -1 -1 4.9466 467.1560 158.8357 506.7710 185.1504 1.6891 1.7360 3.9759 -8.1632 0.7893 48.3554 4.7801 0.0788
Car -1 -1 4.4841 466.2860 161.7749 497.8038 182.9283 1.6796 1.6830 4.0629 -10.5468 0.7999 59.4887 4.3092 0.0783
Car -1 -1 -0.1625 631.8312 166.0288 700.4158 192.5247 1.5690 1.6487 3.9262 3.3961 1.1648 43.7172 -0.0859 0.0748
Car -1 -1 4.6696 450.7863 178.2888 500.1456 224.6516 1.5422 1.6200 3.5956 -4.9577 1.7555 26.3880 4.4851 0.0717
Car -1 -1 4.5515 636.0669 165.1316 674.2811 194.8650 1.7076 1.6887 3.8899 2.6983 1.2641 43.4568 4.6127 0.0709
Car -1 -1 4.9077 263.2615 153.0445 306.0198 185.7501 1.8731 1.6529 3.6405 -19.4328 0.7386 43.2828 4.4879 0.0707
Car -1 -1 1.6035 636.2844 184.4144 675.3271 221.8939 1.4557 1.5628 4.0156 2.0632 1.9917 31.3783 1.6678 0.0698
Car -1 -1 1.5778 531.8589 175.4426 552.5046 195.5666 1.6028 1.6555 4.3176 -5.6103 1.8269 60.2600 1.4850 0.0694
Car -1 -1 3.7083 562.7214 184.6998 661.2481 220.5263 1.4246 1.6261 4.0876 0.0781 1.9737 31.6580 3.7100 0.0693
Car -1 -1 1.7776 190.5231 163.3869 234.8365 191.4119 1.5658 1.5726 3.5168 -23.1666 1.0369 42.2241 1.2782 0.0680
Car -1 -1 1.8143 234.6645 206.4366 349.4473 283.9651 1.4291 1.6079 3.4917 -7.2255 2.2951 16.7547 1.4122 0.0672
Car -1 -1 4.0814 489.1211 167.3749 536.9177 188.4893 1.6684 1.7022 4.2512 -7.9436 1.2354 59.1364 3.9482 0.0668
Car -1 -1 1.2811 520.6698 181.2771 556.6064 202.8722 1.4559 1.5739 3.7870 -5.1764 2.0903 52.2949 1.1825 0.0666
Car -1 -1 1.5239 629.1303 174.5689 653.1646 194.9014 1.5303 1.6918 4.0944 2.4483 1.6699 56.7014 1.5664 0.0661
Car -1 -1 4.0000 172.4836 170.5525 266.6453 206.6437 1.5071 1.5689 3.7311 -17.0385 1.4110 31.5310 3.5080 0.0657
Car -1 -1 4.9381 474.8671 181.7003 517.3885 210.3783 1.4771 1.5788 3.5327 -6.2543 1.9911 40.1034 4.7839 0.0631
Car -1 -1 5.4865 118.0474 129.0260 247.7499 186.3176 1.7329 1.5745 3.6332 -13.9203 0.4072 23.7791 4.9617 0.0628
Car -1 -1 1.3278 641.8635 182.3061 707.5927 224.7460 1.4857 1.6401 3.9858 2.4714 1.8838 28.2906 1.4133 0.0620
Car -1 -1 4.7159 247.6407 154.2605 278.6280 183.9924 1.6905 1.6016 3.6585 -20.6358 0.6333 43.0217 4.2709 0.0618
Car -1 -1 4.5045 370.4507 160.7436 405.5439 184.7829 1.7183 1.7068 4.0286 -16.5382 0.8527 53.7513 4.2072 0.0618
Car -1 -1 4.7594 620.5568 185.4815 667.0627 228.2241 1.4758 1.6259 3.8737 1.3937 2.0027 28.1035 4.8077 0.0615
Car -1 -1 2.8166 591.7390 189.8380 689.7192 227.8433 1.4475 1.6139 3.7419 1.2763 2.1829 29.9405 2.8580 0.0615
Car -1 -1 4.9476 527.8869 174.0322 560.9116 195.4518 1.6722 1.7227 4.3064 -5.2673 1.7720 58.8342 4.8583 0.0593
Car -1 -1 -0.8002 640.2864 170.8563 708.6442 197.5673 1.5666 1.6880 4.2694 4.0251 1.4494 44.3492 -0.7106 0.0588
Car -1 -1 3.5275 467.8007 176.9265 540.8146 200.8208 1.4339 1.6247 4.2073 -6.5547 1.6954 45.0336 3.3834 0.0585
Car -1 -1 1.2279 623.0113 173.5921 661.6083 194.6347 1.5410 1.6755 4.0632 2.4594 1.5997 55.1823 1.2718 0.0585
Car -1 -1 3.1299 515.2349 175.5161 564.3857 194.2744 1.5376 1.6125 4.0450 -5.8460 1.7645 60.4547 3.0335 0.0584
Car -1 -1 3.5211 60.4331 130.7765 218.9416 185.7970 1.6383 1.6083 3.8441 -14.6137 0.3854 22.6348 2.9531 0.0579
Car -1 -1 1.2793 1168.8811 169.4379 1242.0000 206.8718 1.4599 1.5681 4.0103 25.1018 1.3267 30.2925 1.9662 0.0574
Car -1 -1 3.7156 384.4520 164.4867 437.4749 181.7041 1.4682 1.6120 4.2692 -17.3189 0.7547 62.9394 3.4480 0.0573
Car -1 -1 -0.0375 460.0327 177.7399 527.8304 204.1810 1.5076 1.6131 3.8951 -6.8624 1.8050 42.7443 -0.1961 0.0572
Car -1 -1 4.5954 629.0274 160.4897 667.0793 191.4419 1.6771 1.6788 4.2711 2.1477 1.0072 41.2825 4.6467 0.0555
Car -1 -1 5.5559 0.0000 136.6354 51.0068 202.2893 1.7708 1.7162 3.8893 -19.1423 0.7939 21.4962 4.8345 0.0554
Car -1 -1 5.0695 385.1678 178.2308 491.9303 236.2434 1.5268 1.6819 4.3296 -4.9845 1.7051 21.6657 4.8455 0.0552
Car -1 -1 0.4467 184.5953 157.3089 273.5229 185.4343 1.5968 1.6607 4.2670 -22.0236 0.7142 41.8687 -0.0350 0.0547
Car -1 -1 -0.1555 635.5212 161.1181 713.9630 191.8693 1.6333 1.6738 4.0422 3.5119 1.0100 39.2952 -0.0673 0.0536
Car -1 -1 1.5213 1065.1409 188.2133 1168.8555 269.9981 1.4799 1.6221 4.0448 11.1065 1.8665 16.0122 2.1184 0.0535
Car -1 -1 2.9897 631.0276 175.9936 684.4543 195.8596 1.5218 1.6453 3.9754 3.7539 1.7722 56.5750 3.0552 0.0533
Car -1 -1 3.3333 485.9926 165.6989 536.8085 183.9819 1.5655 1.6317 4.1410 -8.5074 0.9528 62.7157 3.1988 0.0520
Car -1 -1 -0.2684 616.8342 166.2964 691.2153 193.6876 1.6567 1.6784 4.3302 2.7483 1.2601 44.9089 -0.2080 0.0518
Car -1 -1 3.3770 440.0991 162.9157 496.8915 183.3266 1.6326 1.6633 4.2584 -11.4348 0.8377 58.6371 3.1851 0.0516
Car -1 -1 1.7637 621.5660 174.2585 660.6904 201.3730 1.6403 1.7013 4.3365 2.0729 1.7347 46.1958 1.8078 0.0513
Car -1 -1 4.5778 659.9108 155.5795 727.6569 211.2547 1.6071 1.6014 3.8442 2.5685 1.1085 22.7686 4.6883 0.0513
Car -1 -1 0.5817 561.3597 186.7893 671.4724 227.8886 1.4604 1.6570 4.1557 0.2375 2.0509 28.7317 0.5891 0.0508
Car -1 -1 1.5588 653.2119 179.6516 692.5197 216.3848 1.4984 1.6413 3.9316 2.7954 1.8208 32.2014 1.6440 0.0506
Car -1 -1 4.0130 376.6656 162.5627 439.3557 187.2416 1.5778 1.6816 4.2461 -13.4359 0.9198 48.0218 3.7414 0.0506
Car -1 -1 1.2704 587.0485 175.8201 621.9669 195.0968 1.4668 1.6650 4.0598 -0.4451 1.7132 57.7620 1.2623 0.0505