Car -1 -1 2.5713 20.2749 178.8611 162.1764 225.1352 1.5003 1.7087 3.8388 -18.5619 1.7345 26.0382 1.9567 0.9400
Car -1 -1 2.8494 773.9675 172.0096 848.9012 195.8703 1.4672 1.5865 4.2432 12.6093 1.4152 45.2063 3.1193 0.7807
Car -1 -1 5.7208 0.0000 184.5675 101.0338 224.3754 1.5206 1.5992 3.7632 -24.1576 2.0538 30.8041 5.0598 0.6319
Car -1 -1 4.4185 1038.7839 167.3657 1078.2694 185.8734 1.4305 1.6129 3.9166 35.9495 1.0063 57.8670 4.9719 0.4266
Car -1 -1 5.1038 292.3057 181.8270 347.4020 210.0547 1.4943 1.6075 3.7464 -16.5018 2.0310 41.2763 4.7254 0.3597
Car -1 -1 0.0011 773.4174 181.0055 834.4138 203.7283 1.5531 1.6321 4.1471 13.8736 2.1510 51.5932 0.2619 0.2620
Car -1 -1 4.3011 909.5125 161.5548 975.5923 192.9411 1.6597 1.8024 4.2045 18.4885 1.0622 40.2713 4.7285 0.2197
Car -1 -1 4.4196 837.1337 169.0439 872.5969 188.8271 1.5570 1.6754 3.8874 19.9278 1.2571 58.7574 4.7448 0.1981
Car -1 -1 4.7135 784.7564 171.8606 802.9980 188.7001 1.4597 1.5367 3.7418 16.4860 1.3736 64.5487 4.9622 0.1812
Car -1 -1 1.7586 238.1559 175.7632 270.0753 195.9147 1.5717 1.6284 3.9279 -29.0141 1.8180 58.9922 1.3031 0.1807
Car -1 -1 0.6275 289.6797 181.9334 361.7170 210.2659 1.5037 1.6079 3.4595 -15.8319 2.0259 40.2859 0.2550 0.1755
Car -1 -1 4.9203 361.8010 177.7226 403.1118 204.9946 1.5084 1.5683 3.7828 -13.3404 1.8088 42.5624 4.6180 0.1743
Car -1 -1 1.5808 285.8367 184.6656 313.1295 209.8852 1.4719 1.5407 3.8065 -19.7744 2.2599 46.0868 1.1772 0.1648
Car -1 -1 4.9437 531.7186 162.2342 566.7167 186.8982 1.7197 1.6635 3.9687 -4.3371 0.9792 52.3946 4.8613 0.1588
Car -1 -1 3.9657 1078.1266 165.7692 1129.6869 186.6246 1.6100 1.6283 3.2178 39.2838 1.0631 57.4144 4.5632 0.1472
Car -1 -1 0.9765 0.0000 186.3757 60.2654 223.5507 1.4515 1.6482 4.0136 -25.5585 2.0486 30.5092 0.2833 0.1457
Car -1 -1 4.0421 0.0000 186.3648 12.9929 242.6263 1.4603 1.6175 3.9803 -19.3280 1.8617 20.3443 3.2888 0.1274
Car -1 -1 4.5623 303.6870 167.1310 337.6599 192.0341 1.7096 1.7032 3.8565 -20.6999 1.3167 51.6288 4.1826 0.1255
Car -1 -1 1.5613 907.7183 173.8531 929.0010 192.5617 1.5080 1.5916 3.9181 25.8616 1.5947 60.4981 1.9632 0.1254
Car -1 -1 1.7079 378.6760 179.6668 402.8600 197.3233 1.4663 1.5234 3.8186 -19.2128 2.0845 63.4713 1.4148 0.1201
Car -1 -1 5.0178 369.0906 168.3002 400.8879 186.3307 1.6659 1.7225 4.1390 -21.3487 1.2452 68.7390 4.7175 0.1148
Car -1 -1 2.8114 0.0000 181.8572 57.4149 225.6503 1.5742 1.6383 3.9964 -24.8744 1.9622 28.9522 2.1060 0.1096
Car -1 -1 2.9726 795.9801 180.7091 849.2711 202.4406 1.4902 1.5916 3.4032 15.0762 2.0581 51.1782 3.2570 0.1036
Car -1 -1 1.4043 914.5720 170.4691 941.0763 187.2469 1.4993 1.5917 3.9824 29.3398 1.2862 66.6048 1.8173 0.0990
Car -1 -1 4.7578 773.6036 180.5746 798.1532 202.5745 1.5095 1.5880 3.6399 12.9429 2.0962 52.8591 4.9962 0.0977
Car -1 -1 3.0776 310.6106 177.8564 390.0688 207.5304 1.5904 1.7261 4.1317 -14.6655 1.8846 40.8253 2.7345 0.0969
Car -1 -1 0.6778 0.0000 183.4675 84.7177 220.6183 1.4975 1.6149 3.7893 -24.5638 1.9560 30.3588 0.0016 0.0942
Car -1 -1 1.4291 139.1221 172.3850 170.2161 193.0627 1.6088 1.5885 3.9158 -36.6780 1.5723 58.1444 0.8682 0.0938
Car -1 -1 4.6171 815.2770 180.2230 844.1089 202.6917 1.5190 1.6277 3.8081 15.8654 2.0721 52.1353 4.9105 0.0912
Car -1 -1 4.5406 322.9471 175.2146 382.2600 215.1819 1.4815 1.6096 3.9224 -10.4163 1.5836 29.0977 4.1994 0.0900
Car -1 -1 1.6182 369.3051 183.3712 396.6064 208.0625 1.4838 1.5175 3.6745 -14.7257 2.1977 47.0073 1.3159 0.0867
Car -1 -1 1.4028 1044.2509 165.6576 1078.3134 186.0234 1.5393 1.6323 3.8611 35.4053 0.9954 56.6320 1.9590 0.0839
Car -1 -1 4.3584 1064.0668 136.7433 1215.8141 209.0414 1.5026 1.6247 3.7920 12.3095 0.7521 17.0381 4.9759 0.0825
Car -1 -1 3.6792 241.9777 175.8379 360.9131 216.8978 1.4724 1.6133 3.8229 -11.5251 1.5889 27.0925 3.2803 0.0825
Car -1 -1 1.6083 358.6868 180.3295 391.7031 209.2590 1.5256 1.6404 3.8236 -13.3286 1.9737 41.1799 1.2968 0.0802
Car -1 -1 5.2522 345.3177 178.5940 432.7094 219.4445 1.4981 1.5964 3.8717 -8.7981 1.7463 29.1166 4.9609 0.0796
Car -1 -1 4.0295 767.4993 162.8195 814.8782 185.2690 1.7942 1.6848 3.9580 15.0102 0.9922 59.8162 4.2740 0.0793
Car -1 -1 1.1618 253.7017 185.9004 306.1754 211.9918 1.4973 1.6206 3.7804 -20.6476 2.3474 45.1445 0.7347 0.0752
Car -1 -1 4.6438 366.7082 177.3908 409.2039 210.5802 1.3893 1.5911 3.8797 -10.1407 1.6091 32.8715 4.3465 0.0752
Car -1 -1 4.8338 66.5755 168.2975 102.8896 191.4484 1.5763 1.6270 3.7763 -37.1715 1.2661 51.1746 4.2079 0.0751
Car -1 -1 1.5107 368.7785 178.4251 402.5562 206.7834 1.5912 1.7006 4.3147 -13.6047 1.9466 43.7142 1.2103 0.0730
Car -1 -1 5.2760 6.1041 186.2243 151.2627 241.1587 1.4865 1.6920 4.1449 -16.4699 1.9459 22.6747 4.6532 0.0718
Car -1 -1 2.7968 924.0292 163.2451 1005.5571 190.9024 1.4564 1.6189 3.6176 19.1425 0.9504 38.9962 3.2499 0.0708
Car -1 -1 4.8777 0.0000 183.0056 33.3280 239.4249 1.4850 1.5931 3.8757 -18.7602 1.8210 21.8088 4.1733 0.0703
Car -1 -1 0.9899 1107.7889 175.6040 1167.2959 196.2656 1.4439 1.5762 4.0097 38.7027 1.6537 53.0058 1.6176 0.0696
Car -1 -1 4.4533 871.0585 173.9194 904.6419 193.5864 1.5410 1.6063 3.8647 22.6171 1.6308 58.7616 4.8187 0.0679
Car -1 -1 2.3062 361.8203 179.2441 431.2936 206.7565 1.4859 1.5956 4.0275 -12.3672 1.8782 42.1322 2.0220 0.0672
Car -1 -1 4.9615 541.6512 152.7479 634.7983 214.1231 1.4325 1.5612 3.6266 -0.4525 0.9632 18.7823 4.9372 0.0666
Car -1 -1 4.3086 0.0000 183.7409 103.4211 231.4838 1.5353 1.6977 4.2366 -20.1474 1.9511 25.7849 3.6502 0.0656
Car -1 -1 2.1532 0.0000 184.3104 61.3573 224.3342 1.4740 1.6458 4.1553 -24.9937 1.9840 29.9615 1.4622 0.0652
Car -1 -1 4.0229 54.0638 180.7864 169.6979 221.4412 1.4569 1.6104 3.7987 -19.0636 1.7753 27.6670 3.4239 0.0645
Car -1 -1 3.0104 332.5922 184.3972 397.0334 209.5870 1.4939 1.6017 3.6914 -15.5066 2.2499 45.7275 2.6849 0.0634
Car -1 -1 4.2284 211.2203 180.7628 322.9767 229.5302 1.4327 1.6219 4.0479 -11.2784 1.7126 23.6694 3.7878 0.0612
Car -1 -1 4.9248 68.8995 176.7162 144.4599 218.3275 1.5132 1.6298 4.0793 -19.9876 1.6794 28.8435 4.3230 0.0583
Car -1 -1 0.3929 329.7575 182.1180 415.2805 210.7061 1.5173 1.6890 4.1700 -13.0847 2.0432 39.9517 0.0780 0.0582
Car -1 -1 1.2660 755.0900 173.7923 786.7697 191.7830 1.5008 1.5755 3.8802 13.9147 1.5845 62.4000 1.4841 0.0579
Car -1 -1 2.5124 301.2907 182.7910 370.7346 208.6154 1.4880 1.6102 3.8568 -17.0827 2.1388 45.2076 2.1528 0.0571
Car -1 -1 -0.6538 1034.8347 166.8919 1092.2344 185.9683 1.4820 1.5874 3.6236 35.8487 1.0188 57.0161 -0.0951 0.0569
Car -1 -1 4.2394 34.0285 168.9515 93.1771 191.2352 1.5012 1.5987 4.0975 -38.0080 1.2383 50.2219 3.5940 0.0557
Car -1 -1 4.7284 502.1422 152.5209 574.1515 218.1099 1.4785 1.6220 3.7730 -1.7630 1.0201 18.2097 4.6328 0.0550
Car -1 -1 1.6899 532.4085 167.2990 561.9622 189.5676 1.5116 1.6161 3.9796 -4.3681 1.1345 50.9945 1.6046 0.0546
Car -1 -1 4.8766 0.7103 182.0982 65.5161 219.5915 1.5002 1.5972 3.9919 -25.5134 1.9382 32.0550 4.2083 0.0545
Car -1 -1 4.7206 793.2302 167.1275 814.4970 187.0312 1.6217 1.6796 4.2831 16.4595 1.1551 61.0767 4.9824 0.0544
Car -1 -1 2.6505 1025.5978 167.9280 1090.0120 186.0605 1.4356 1.6231 4.1269 36.0292 1.0456 58.0632 3.2034 0.0542
Car -1 -1 4.5053 0.0000 182.3445 38.8840 209.5687 1.4941 1.6446 3.9756 -35.4406 2.0819 42.7980 3.8166 0.0542
Car -1 -1 3.5414 181.5997 180.2977 236.7970 198.6439 1.6703 1.7334 4.1803 -37.4957 2.3794 67.6499 3.0367 0.0538
Car -1 -1 4.2969 1024.3488 131.9368 1192.3784 208.3307 1.5095 1.6333 3.9136 11.0443 0.7010 16.3242 4.8834 0.0537
Car -1 -1 5.3971 123.0598 180.4472 235.0298 221.3694 1.4829 1.6582 4.0715 -17.2042 1.8114 29.0791 4.8667 0.0536
Car -1 -1 4.9013 390.0181 177.4729 442.3930 210.8780 1.4206 1.6054 3.9554 -8.8426 1.6465 33.2728 4.6432 0.0533
Car -1 -1 1.4946 778.9927 171.0637 801.2629 189.0028 1.5261 1.5897 4.0665 15.8634 1.3738 63.5205 1.7380 0.0532
Car -1 -1 4.9166 213.2249 169.7741 244.2926 189.7858 1.8246 1.8041 4.0161 -35.8235 1.5438 67.9669 4.4330 0.0528
Car -1 -1 5.0051 275.8843 176.2039 360.2991 221.7472 1.4164 1.6036 3.8978 -9.8782 1.5406 24.7448 4.6286 0.0517
Car -1 -1 2.9893 831.4825 169.0653 885.0904 188.1896 1.5111 1.6749 3.8747 20.0119 1.2118 58.1787 3.3188 0.0505
Car -1 -1 1.8942 0.0000 178.6493 6.2626 209.2186 1.4692 1.5791 3.9250 -33.1731 1.7881 37.5941 1.1746 0.0501