Car -1 -1 1.8369 334.0229 188.2630 484.7202 281.7802 1.4668 1.7153 4.3181 -3.7163 1.8164 14.2029 1.5847 0.9775
Car -1 -1 1.7963 436.9990 175.2242 517.3019 237.4598 1.7473 1.5903 3.9525 -4.0076 1.8276 22.4249 1.6208 0.9557
Car -1 -1 1.6342 522.8935 176.1509 556.0107 204.8250 1.4771 1.5667 3.7205 -3.7934 1.6661 39.4869 1.5386 0.7330
Car -1 -1 4.6897 561.6443 168.8811 579.8176 186.2121 1.5853 1.6219 3.8146 -3.6806 1.2219 67.9654 4.6356 0.3422
Car -1 -1 4.7048 496.6918 165.4173 518.2160 186.8586 1.7013 1.6948 4.0662 -8.4174 1.1112 59.3875 4.5644 0.2675
Car -1 -1 1.6838 535.0607 180.3276 566.6304 205.1248 1.4810 1.5933 3.7905 -3.7161 1.9791 46.1698 1.6034 0.1279
Car -1 -1 3.7855 503.7115 179.8947 567.5351 204.8214 1.4857 1.6150 3.8073 -4.6879 1.9472 45.6236 3.6832 0.1113
Car -1 -1 5.0223 434.4073 163.4420 488.4779 197.5649 1.6470 1.5561 3.9893 -7.5026 1.1927 36.8947 4.8228 0.0862
Car -1 -1 4.9255 418.8171 177.2822 467.0612 212.7263 1.4556 1.4843 2.7734 -7.1985 1.6567 31.3748 4.7014 0.0847
Car -1 -1 1.6777 511.0035 174.5475 552.5388 208.7650 1.6650 1.7087 4.0353 -3.9662 1.7573 37.3275 1.5721 0.0816
Car -1 -1 4.9103 330.5825 181.3686 378.8983 217.3069 1.4611 1.4830 2.6521 -11.0489 1.8485 31.4200 4.5744 0.0668
Car -1 -1 1.8759 545.4794 181.7212 586.5213 206.2881 1.4480 1.5329 3.8263 -2.7322 2.0390 46.0449 1.8165 0.0650
Car -1 -1 4.1831 401.2574 176.1295 649.5697 316.9862 1.5016 1.5921 3.8266 -1.3169 1.5551 9.7840 4.0516 0.0634
Car -1 -1 1.5663 507.5561 188.2150 544.3049 223.1367 1.4341 1.5900 3.7062 -3.8616 2.1835 33.2676 1.4510 0.0631
Car -1 -1 0.5147 477.9629 166.1460 529.1174 185.8115 1.5515 1.5987 3.7986 -8.5723 1.0223 58.3554 0.3692 0.0624
Car -1 -1 1.5447 507.0952 189.1915 547.2228 227.7245 1.4405 1.5915 3.8534 -3.5565 2.1814 30.7051 1.4297 0.0596
Car -1 -1 5.2077 462.6394 160.8557 514.2338 188.6577 1.6585 1.6253 3.6646 -7.5082 0.9428 45.0396 5.0432 0.0541
Car -1 -1 -1.1034 539.8912 183.2419 720.3725 286.8725 1.4736 1.5128 4.0456 0.5408 1.6890 12.8238 -1.0636 0.0535
Car -1 -1 1.6223 475.1784 188.9854 519.0072 228.1259 1.4450 1.6113 3.8488 -4.6588 2.1665 30.2778 1.4703 0.0534
Car -1 -1 2.0397 226.9669 194.7745 377.9757 269.2446 1.4413 1.6076 4.1118 -7.1655 2.0318 17.3238 1.6524 0.0512