Car -1 -1 1.9440 164.9383 173.5614 440.7299 338.5146 1.5178 1.6164 3.7694 -3.2785 1.5281 8.5534 1.5874 0.9661
Car -1 -1 1.2500 746.8163 198.4417 1056.8372 375.0000 1.4310 1.6876 4.1555 2.7280 1.7826 7.8372 1.5718 0.9394
Car -1 -1 1.4101 675.0942 178.2277 749.5926 230.4649 1.4060 1.5937 3.9505 3.0085 1.5835 21.8273 1.5445 0.9374
Car -1 -1 1.7836 429.0782 175.1329 520.8014 244.4426 1.4946 1.5179 3.0729 -3.1177 1.5539 17.2242 1.6065 0.8664
Car -1 -1 5.3794 0.0000 174.7634 304.4616 375.0000 1.4132 1.4971 3.4583 -2.8370 1.4264 3.2486 4.7009 0.6807
Car -1 -1 4.6501 648.5297 169.6227 680.4028 196.9645 1.5213 1.6117 3.8029 3.1582 1.3415 42.0563 4.7241 0.6609
Car -1 -1 1.7177 483.6268 173.6050 549.3458 220.6875 1.4576 1.6156 4.0546 -3.0622 1.4852 24.4482 1.5939 0.5237
Car -1 -1 3.5037 365.1596 164.2453 441.2032 190.2893 1.5891 1.7161 4.2322 -12.8529 1.0638 45.0605 3.2272 0.3939
Car -1 -1 3.8233 978.1549 96.0040 1242.0000 375.0000 1.5012 1.5914 3.7182 2.9851 1.4553 2.3194 4.6737 0.3882
Car -1 -1 1.7149 562.7697 169.6053 589.0296 189.7239 1.6064 1.6192 3.9305 -2.7484 1.3470 59.6473 1.6687 0.3308
Car -1 -1 4.2909 843.3751 184.4535 995.3492 264.0272 1.4529 1.5821 3.7410 6.5141 1.7345 15.6234 4.6783 0.3081
Car -1 -1 5.0777 220.5194 183.8474 316.7253 235.7090 1.4623 1.5923 3.5054 -10.7057 1.8388 22.9112 4.6447 0.2450
Car -1 -1 4.4488 627.7378 171.7354 667.0283 195.3286 1.4853 1.5970 3.9817 2.4437 1.4149 47.5400 4.4995 0.2172
Car -1 -1 3.1169 631.8250 158.6369 685.4294 180.0088 1.5270 1.6169 3.8285 3.5426 0.5112 52.4432 3.1838 0.1840
Car -1 -1 4.5711 397.3504 165.0487 434.3890 190.8979 1.5641 1.7171 4.0905 -12.3546 1.0918 45.8762 4.3093 0.1757
Car -1 -1 2.3124 980.0187 173.7498 1242.0000 375.0000 1.4507 1.5850 3.9635 4.1266 1.4559 3.3795 3.1548 0.1546
Car -1 -1 4.6816 639.0732 156.6162 664.4161 179.8599 1.6558 1.7451 4.0914 3.0897 0.4991 53.4681 4.7389 0.1539
Car -1 -1 -0.5121 878.7081 188.1230 1110.6514 268.2795 1.4893 1.6269 3.8532 7.6885 1.8176 14.6279 -0.0373 0.1353
Car -1 -1 2.7463 941.1404 125.1340 1242.0000 375.0000 1.4999 1.5828 3.9962 3.3831 1.4444 2.4754 3.6300 0.0959
Car -1 -1 1.6105 503.1671 178.1878 550.1936 220.9487 1.4782 1.6131 3.8282 -3.0832 1.6953 27.4002 1.4989 0.0945
Car -1 -1 3.3437 409.3883 177.8347 543.0732 224.2715 1.4353 1.5987 4.0079 -4.2413 1.6022 23.3297 3.1653 0.0915
Car -1 -1 -0.5079 640.4570 169.3345 712.1693 195.8887 1.6752 1.7045 4.3965 4.3710 1.4532 47.1870 -0.4165 0.0838
Car -1 -1 0.0526 415.1725 166.1413 486.5312 192.2758 1.5894 1.6653 4.2663 -9.8508 1.1812 45.0469 -0.1617 0.0803
Car -1 -1 1.5131 516.0968 184.1351 560.0643 222.9185 1.4605 1.6167 3.8872 -3.0671 1.9680 30.4092 1.4128 0.0764
Car -1 -1 1.5971 540.4618 176.2653 586.0132 218.0775 1.4713 1.6227 3.9628 -1.7227 1.6118 27.7258 1.5351 0.0748
Car -1 -1 4.0372 0.0000 0.0000 1242.0000 375.0000 1.5373 1.6150 3.9489 2.1931 1.5315 1.6931 4.8697 0.0744
Car -1 -1 3.4615 633.0010 159.2650 698.5212 180.7365 1.5758 1.6834 4.6524 4.2495 0.5785 54.6287 3.5386 0.0717
Car -1 -1 1.5387 541.7738 183.5688 582.2431 221.8164 1.4514 1.5761 3.7163 -2.0522 1.9312 30.3868 1.4712 0.0660
Car -1 -1 3.1014 646.7985 169.6022 712.7069 194.6618 1.5656 1.6667 4.1123 4.4370 1.3625 46.0239 3.1965 0.0631
Car -1 -1 1.3820 689.7428 168.1671 728.2059 194.0700 1.5682 1.6558 4.1781 6.2580 1.2845 45.8146 1.5166 0.0622
Car -1 -1 3.7759 368.4518 164.3283 445.1137 191.8650 1.5947 1.6242 4.3066 -12.1709 1.1010 43.3072 3.5033 0.0607
Car -1 -1 1.4211 654.2554 180.6238 696.4783 211.9331 1.4823 1.5945 3.8665 3.3306 1.9034 37.1216 1.5093 0.0575
Car -1 -1 1.6728 558.6282 168.7835 584.4382 189.8246 1.6288 1.6492 4.2142 -3.0199 1.3137 58.0013 1.6207 0.0575
Car -1 -1 4.5129 409.6018 164.1323 450.2777 190.7597 1.5451 1.6433 4.0350 -11.0055 1.0390 44.0432 4.2692 0.0563
Car -1 -1 1.5183 637.8812 171.3905 665.2867 195.4499 1.4892 1.5807 3.2961 2.6660 1.3986 46.3122 1.5750 0.0513