Car -1 -1 4.5648 678.6947 177.7034 777.1172 248.7917 1.4722 1.6867 4.2264 2.7010 1.6030 17.3477 4.7158 0.9152
Car -1 -1 4.6363 658.3536 176.4787 707.0699 216.5375 1.4590 1.6082 4.0529 2.8399 1.6134 28.6915 4.7333 0.7787
Car -1 -1 4.8385 527.6520 173.8099 571.6710 207.5678 1.5912 1.6857 4.1726 -2.9471 1.6421 36.2532 4.7575 0.7627
Car -1 -1 4.6310 673.1696 177.1722 731.5760 226.5720 1.4140 1.5286 3.4954 2.8534 1.5608 22.7420 4.7535 0.5799
Car -1 -1 4.7134 633.8676 172.8823 656.0650 194.1333 1.5800 1.6498 3.9253 2.7311 1.5823 55.6527 4.7618 0.4236
Car -1 -1 4.5089 725.1642 148.3637 896.5760 276.0573 1.7058 1.7907 4.1319 3.0260 1.3787 11.7405 4.7542 0.3878
Car -1 -1 4.7318 645.5286 170.1013 670.4187 194.7679 1.4785 1.4838 3.4481 3.0500 1.3135 45.0306 4.7986 0.3228
Car -1 -1 0.1060 523.4686 168.9174 574.6945 185.7199 1.4447 1.5827 4.3049 -5.2442 1.1063 62.8812 0.0229 0.2661
Car -1 -1 1.4329 633.6034 162.1935 659.0588 182.3857 1.6630 1.6474 3.8443 3.0972 0.7850 61.4101 1.4828 0.2577
Car -1 -1 5.1042 701.5029 161.6157 734.8613 180.3997 1.6263 1.6531 3.7234 9.7360 0.6533 64.4926 5.2532 0.2310
Car -1 -1 4.4949 691.5026 162.1479 729.2606 187.7744 1.5921 1.6212 3.8768 6.4940 0.9270 46.8241 4.6316 0.1594
Car -1 -1 -0.3124 734.1161 139.7650 1086.0546 278.9384 1.8205 1.7318 4.3621 4.1000 1.3877 10.4169 0.0523 0.1276
Car -1 -1 4.5308 704.7524 164.8051 735.4055 186.6654 1.6166 1.6525 3.8240 8.4295 1.0213 55.2942 4.6810 0.1197
Car -1 -1 4.0431 679.2549 160.4553 725.1018 182.6768 1.9233 1.7853 4.3166 8.2689 0.8502 64.7608 4.1694 0.1117
Car -1 -1 4.7120 540.2430 167.7676 559.6962 186.9614 1.6430 1.6614 4.1347 -5.2765 1.2076 63.8941 4.6297 0.1086
Car -1 -1 1.6234 541.6619 181.6837 574.4467 210.6420 1.4523 1.5770 3.8772 -2.7630 1.9574 39.3282 1.5531 0.0998
Car -1 -1 1.4990 634.9168 168.3713 666.0872 194.1674 1.5022 1.6085 4.0239 2.4560 1.2411 44.0422 1.5540 0.0908
Car -1 -1 2.9690 624.5408 172.9417 676.4742 192.7658 1.4685 1.5374 3.7019 3.0696 1.4752 54.4362 3.0247 0.0907
Car -1 -1 3.0469 625.5254 150.4322 905.0427 273.0682 1.6134 1.6697 3.6875 2.1357 1.3184 10.5065 3.2410 0.0866
Car -1 -1 4.5721 649.7714 166.3689 689.8992 198.1218 1.5851 1.6010 3.6182 3.1149 1.2614 37.8728 4.6531 0.0854
Car -1 -1 4.8572 596.1227 155.5386 737.8491 274.4432 1.5731 1.6778 4.1278 1.1129 1.3440 11.7485 4.9482 0.0846
Car -1 -1 -0.3435 630.4568 169.2227 694.6913 194.1189 1.4999 1.5414 3.6637 3.2733 1.2811 44.7032 -0.2712 0.0802
Car -1 -1 -0.1728 696.6437 161.9054 759.9680 186.1165 1.5038 1.6178 3.7285 7.4778 0.8238 45.6474 -0.0117 0.0802
Car -1 -1 3.5598 475.2364 177.0727 567.2531 209.2557 1.4905 1.5980 4.1589 -4.2923 1.7040 35.1494 3.4387 0.0795
Car -1 -1 4.3636 746.4189 134.7955 814.1030 174.6491 1.5354 1.6043 3.4622 6.9298 0.0692 29.6132 4.5914 0.0782
Car -1 -1 1.6899 648.8732 169.1453 690.6428 201.1538 1.5166 1.6243 4.0586 3.0846 1.3409 36.3392 1.7735 0.0700
Car -1 -1 1.7048 630.5791 168.6456 667.7731 196.8926 1.5822 1.6628 4.0538 2.3842 1.3464 42.5617 1.7600 0.0674
Car -1 -1 4.6519 525.0860 169.6240 546.6042 189.0648 1.6660 1.6536 4.0778 -6.5644 1.3892 63.9801 4.5498 0.0636
Car -1 -1 3.4371 500.6903 173.6513 590.4938 205.7532 1.5418 1.6829 4.1485 -3.1642 1.5829 35.9684 3.3496 0.0632
Car -1 -1 3.2806 657.5836 163.3885 735.9452 194.4193 1.5402 1.6416 3.8097 4.4999 1.0704 37.0942 3.4000 0.0623
Car -1 -1 3.0792 715.5256 159.7489 770.2213 183.8660 1.6425 1.6689 3.6409 9.2325 0.7500 50.1831 3.2599 0.0621
Car -1 -1 1.3506 666.3707 158.7871 717.4830 191.8023 1.5386 1.6577 4.0582 4.0110 0.8831 35.7343 1.4612 0.0621
Car -1 -1 2.9362 679.4102 174.1321 823.2690 226.3281 1.5231 1.6339 4.0409 4.2354 1.5635 21.9503 3.1236 0.0605
Car -1 -1 3.0119 745.0223 129.0674 848.5526 168.6899 1.5569 1.6038 3.9315 7.6064 -0.1768 29.5983 3.2612 0.0598
Car -1 -1 3.0666 683.9280 157.3496 942.7274 261.7306 1.6504 1.6898 4.0834 3.4136 1.4052 12.6102 3.3243 0.0583
Car -1 -1 1.6103 560.7471 180.4407 592.6990 210.1309 1.5030 1.5902 3.9215 -1.7539 1.9390 39.4962 1.5657 0.0570
Car -1 -1 -0.7571 686.1030 159.4116 734.8512 179.2121 1.6880 1.7297 4.2067 8.8901 0.5420 63.4375 -0.6187 0.0569
Car -1 -1 0.2815 605.9458 173.3930 660.6452 193.6464 1.4880 1.5820 3.8355 1.7965 1.5297 54.4264 0.3139 0.0563
Car -1 -1 1.5233 676.1010 178.2565 737.2991 235.5195 1.4835 1.5633 3.8746 2.7510 1.6561 21.0620 1.6506 0.0557
Car -1 -1 1.5679 636.8408 164.1648 658.1112 185.9498 1.7149 1.6733 4.0473 3.0854 1.0309 58.8619 1.6197 0.0541
Car -1 -1 1.5807 636.1684 174.7758 667.2427 204.2972 1.5754 1.6700 4.1642 2.4086 1.6901 40.9176 1.6386 0.0539
Car -1 -1 -0.1642 611.7262 169.1477 677.8812 194.4206 1.5072 1.6274 3.8192 2.1254 1.2862 44.0621 -0.1167 0.0539
Car -1 -1 4.7005 668.2279 163.5796 701.2839 194.4311 1.5456 1.6507 3.9735 3.9521 1.0810 38.2016 4.8025 0.0533