Car -1 -1 4.5258 686.7647 165.9752 801.5598 246.3746 1.5776 1.7255 4.3429 2.8773 1.4427 16.3434 4.6962 0.8815
Car -1 -1 1.4334 672.5224 179.2202 741.1482 231.6683 1.4020 1.5376 3.5088 2.8125 1.6071 21.4777 1.5611 0.8181
Car -1 -1 4.6844 459.9882 180.6275 496.8983 214.6561 1.4250 1.5608 3.6132 -6.0425 1.8016 33.0261 4.5044 0.7441
Car -1 -1 4.5203 634.5002 174.4378 684.6118 211.1889 1.4612 1.5031 3.3242 2.0650 1.5321 30.5812 4.5865 0.6321
Car -1 -1 4.5672 573.3559 177.3311 605.1567 201.3366 1.5523 1.6383 3.8220 -1.4294 1.8716 49.4370 4.5380 0.6139
Car -1 -1 4.6850 238.5310 189.6790 293.8903 238.0214 1.4316 1.5997 3.5521 -11.7727 2.0521 24.6671 4.2435 0.5301
Car -1 -1 1.6511 597.6217 167.9214 634.7294 200.9304 1.7178 1.6961 4.4100 0.4197 1.4611 39.8223 1.6611 0.4281
Car -1 -1 4.4036 603.6261 175.4651 651.5348 206.8315 1.5275 1.5195 3.3587 0.8844 1.6690 37.2674 4.4266 0.3542
Car -1 -1 -0.1565 643.8651 172.7377 749.9724 211.2607 1.5413 1.5680 4.1440 3.5484 1.5366 29.7337 -0.0395 0.2525
Car -1 -1 1.3195 593.1065 180.7866 621.4922 198.4275 1.4786 1.5913 3.9974 -0.2362 2.2115 64.5304 1.3154 0.2122
Car -1 -1 0.5212 0.0000 0.0000 1242.0000 375.0000 1.4866 1.6310 3.8978 3.0935 1.7222 1.5816 1.5451 0.1567
Car -1 -1 3.8965 381.8308 184.5586 461.9962 215.3463 1.4472 1.6215 3.9129 -9.5894 2.0714 36.8242 3.6430 0.1282
Car -1 -1 1.6032 583.8964 172.3014 616.8667 202.6709 1.5691 1.6627 4.1090 -0.4540 1.5406 39.3510 1.5912 0.1254
Car -1 -1 2.2283 1068.2927 176.8672 1242.0000 375.0000 1.5099 1.6509 4.1452 4.3359 1.5301 2.6995 3.1939 0.1138
Car -1 -1 1.3031 872.7910 241.0033 1242.0000 375.0000 1.4816 1.6238 3.7065 1.9916 1.9371 2.8135 1.8688 0.1111
Car -1 -1 1.7018 416.8403 180.4712 461.8678 214.0772 1.4907 1.6023 4.0493 -8.2023 1.8828 35.0481 1.4731 0.1060
Car -1 -1 4.6735 601.6466 126.9575 799.3314 326.3798 1.9353 1.9240 4.8212 1.0401 1.4899 9.4707 4.7781 0.0999
Car -1 -1 1.5311 437.1033 181.0309 471.5659 211.9585 1.4915 1.6198 3.9997 -8.2305 1.9471 38.0654 1.3192 0.0970
Car -1 -1 4.7896 615.2977 185.6311 701.3840 265.9360 1.5079 1.6213 4.0374 1.2165 1.8347 16.3387 4.8615 0.0950
Car -1 -1 4.6302 276.0341 188.7079 335.4467 235.8957 1.4319 1.6180 3.9525 -10.7735 2.0379 25.4509 4.2331 0.0941
Car -1 -1 4.1708 664.5778 154.5837 730.5821 184.2916 1.4875 1.6579 3.9730 4.6024 0.5727 38.2791 4.2894 0.0878
Car -1 -1 0.8005 0.0000 0.0000 1242.0000 375.0000 1.5516 1.6396 3.9361 2.1275 1.6724 1.1437 1.7745 0.0788
Car -1 -1 1.0259 978.3970 224.4124 1242.0000 375.0000 1.4424 1.5972 3.6652 3.1214 1.8133 3.2480 1.7457 0.0755
Car -1 -1 4.8196 458.9254 182.1295 497.5027 212.9204 1.4925 1.6022 3.7592 -6.8784 2.0067 38.0699 4.6416 0.0734
Car -1 -1 -0.3792 666.5096 158.2579 750.9917 186.1378 1.4688 1.6048 4.2689 5.3884 0.6998 39.3079 -0.2442 0.0708
Car -1 -1 1.5783 593.1881 181.7192 613.6642 202.5013 1.5358 1.5592 3.7963 -0.4693 2.2576 56.8426 1.5696 0.0690
Car -1 -1 5.1262 290.3212 186.3602 381.1213 232.2738 1.4404 1.5907 3.8707 -9.6648 1.9600 25.7785 4.7704 0.0656
Car -1 -1 1.5301 239.4837 184.5831 301.7880 237.9737 1.5003 1.6747 4.0828 -11.0716 1.9171 23.4392 1.0928 0.0634
Car -1 -1 -1.0115 1122.6533 184.1157 1242.0000 363.0550 1.5379 1.6641 4.0026 7.8147 1.6770 7.6358 -0.2344 0.0634
Car -1 -1 1.3661 876.9933 157.3789 1242.0000 375.0000 1.4451 1.5912 3.9122 2.6830 1.3913 4.6120 1.8650 0.0595
Car -1 -1 2.5622 298.8799 180.0265 437.2792 233.7900 1.4754 1.5788 3.8102 -7.3711 1.7168 22.3094 2.2461 0.0591
Car -1 -1 5.0833 183.3240 187.0141 282.1017 236.2725 1.4799 1.6587 4.0171 -12.8924 2.0106 24.9576 4.6105 0.0569
Car -1 -1 0.4409 1138.8342 199.2034 1242.0000 375.0000 1.5124 1.6180 3.6644 6.9193 1.8088 6.1237 1.2626 0.0562
Car -1 -1 3.1979 599.2287 174.6502 672.5841 205.4358 1.5454 1.5713 3.7057 1.3926 1.6406 37.2865 3.2344 0.0538
Car -1 -1 -0.5940 823.4991 182.0317 1242.0000 363.3555 1.5401 1.6163 3.9676 4.3567 1.6431 7.1620 -0.0667 0.0532
Car -1 -1 1.4007 243.9990 177.2853 328.9126 236.5017 1.5087 1.6007 3.8791 -9.3596 1.6487 20.7480 0.9813 0.0521
Car -1 -1 4.9068 257.2537 184.7141 315.7906 225.6111 1.4580 1.5358 2.9711 -12.5954 1.9494 28.2798 4.4909 0.0520
Car -1 -1 4.6745 619.6458 173.1903 653.1897 203.5237 1.5456 1.6440 4.0748 1.3988 1.5647 38.8503 4.7098 0.0513
Car -1 -1 3.3256 561.9514 177.1914 619.3043 200.4525 1.5285 1.6215 3.6509 -1.2627 1.8290 48.9050 3.2994 0.0509