Car -1 -1 4.8422 584.9523 171.3850 623.7153 200.5888 1.5427 1.6438 4.0833 -0.2397 1.4651 40.2435 4.8359 0.6997
Car -1 -1 4.5918 326.0346 179.9643 363.9636 207.0807 1.5050 1.6720 4.0195 -15.9338 1.9536 43.3554 4.2413 0.6006
Car -1 -1 4.9812 296.2289 177.0518 344.7375 206.3073 1.5067 1.5583 3.6035 -15.7915 1.7478 39.5731 4.6035 0.3179
Car -1 -1 4.5540 222.9312 178.3087 254.0214 200.5074 1.6919 1.6297 3.9375 -29.8945 2.1467 58.0808 4.0803 0.1758
Car -1 -1 4.6282 1122.4556 143.4208 1174.2604 178.6196 1.5083 1.5745 3.5983 24.4711 0.2471 32.8642 5.2641 0.1554
Car -1 -1 2.0209 248.1206 188.2103 382.6574 257.7763 1.4333 1.5838 3.6129 -6.9923 1.8464 17.5488 1.6464 0.1424
Car -1 -1 4.1930 875.5487 150.7151 928.5021 175.6649 1.6379 1.6638 3.8408 19.9512 0.1845 49.3831 4.5749 0.1400
Car -1 -1 0.5385 271.8307 182.2197 354.7010 209.2410 1.4967 1.6753 4.1869 -17.1769 2.0554 41.9010 0.1514 0.1381
Car -1 -1 3.2940 1164.1901 144.3048 1242.0000 173.2587 1.5034 1.6272 3.8526 32.8997 0.0210 39.4452 3.9856 0.1291
Car -1 -1 -0.5886 885.4602 151.7612 953.3658 174.7598 1.5057 1.6062 3.9620 20.7618 0.1248 48.3931 -0.1855 0.1168
Car -1 -1 1.6171 85.3730 192.9026 115.0133 215.7945 1.4914 1.5800 3.8618 -37.1312 3.0116 52.6576 1.0051 0.1101
Car -1 -1 1.3481 1086.7784 163.2317 1134.4551 188.3058 1.5340 1.6050 4.2461 32.1556 0.9453 46.4130 1.9509 0.1001
Car -1 -1 0.1805 9.4592 186.1018 103.6010 213.2528 1.5176 1.6839 4.2921 -33.4059 2.3521 43.7313 -0.4690 0.0994
Car -1 -1 4.6973 346.7062 169.8570 367.1757 189.3752 1.7161 1.6992 4.0504 -23.0019 1.4526 65.6336 4.3612 0.0954
Car -1 -1 5.0661 317.1473 176.7501 371.8453 205.8647 1.5109 1.5576 3.9588 -14.6043 1.7374 39.9586 4.7175 0.0846
Car -1 -1 0.2289 268.3739 175.8055 349.6249 205.2307 1.5228 1.6232 3.7462 -16.0445 1.6855 38.6664 -0.1622 0.0835
Car -1 -1 -0.3222 567.8157 170.7177 651.1113 200.1137 1.5755 1.6408 4.3372 -0.0105 1.4610 40.1387 -0.3229 0.0788
Car -1 -1 2.6008 1115.6250 141.8441 1242.0000 177.8315 1.5526 1.6382 4.2407 25.3404 0.2148 32.2004 3.2632 0.0765
Car -1 -1 4.9778 352.3650 177.9791 449.3589 236.4011 1.4144 1.5826 3.7589 -5.5667 1.5676 19.6841 4.7052 0.0747
Car -1 -1 1.9122 272.4038 173.3059 332.8958 204.1693 1.5154 1.6256 4.0365 -15.8852 1.5402 37.5489 1.5142 0.0745
Car -1 -1 3.5662 309.7104 179.7456 376.7819 205.9817 1.4972 1.5514 3.3702 -15.6724 1.9121 42.5440 3.2150 0.0742
Car -1 -1 4.2616 1146.9857 147.0293 1227.8544 181.6228 1.6986 1.7585 3.8623 29.9205 0.4306 37.5050 4.9311 0.0723
Car -1 -1 3.3025 197.8582 178.0801 380.8141 242.4991 1.4630 1.5717 3.9187 -7.7538 1.6011 17.8243 2.8972 0.0716
Car -1 -1 4.5655 201.5539 183.6025 234.1435 204.4105 1.5472 1.7075 4.2705 -31.6036 2.4467 58.1646 4.0695 0.0714
Car -1 -1 2.9918 949.0149 146.8052 1040.1798 183.1041 1.6973 1.6101 3.7093 18.6489 0.4793 35.1092 3.4766 0.0693
Car -1 -1 3.6861 993.6776 139.1200 1101.8839 178.5992 1.5881 1.6148 3.6673 18.7488 0.2311 31.0236 4.2257 0.0692
Car -1 -1 -0.1636 321.9388 181.5410 393.2040 209.2304 1.5344 1.6245 3.7602 -14.8706 2.0668 42.6062 -0.4979 0.0689
Car -1 -1 -0.6725 894.8777 157.4294 952.6075 178.4934 1.7242 1.7086 4.3116 26.3115 0.4616 60.4497 -0.2639 0.0686
Car -1 -1 3.8770 281.1688 176.1247 359.5197 204.9125 1.5229 1.5960 3.9890 -16.0068 1.7105 39.9410 3.4978 0.0672
Car -1 -1 1.5725 354.8879 182.2218 427.0368 246.5591 1.4058 1.5849 3.6169 -5.5195 1.6687 18.2952 1.2830 0.0667
Car -1 -1 3.8884 954.7865 159.4064 1021.5959 181.8617 1.5758 1.7226 4.3135 27.7074 0.6321 52.9538 4.3680 0.0660
Car -1 -1 3.1022 872.7640 117.7810 1022.5009 167.5449 1.5158 1.6209 4.3538 11.0653 -0.1874 23.8914 3.5317 0.0655
Car -1 -1 4.1198 1169.6394 140.9791 1242.0000 191.1561 2.2702 1.8137 4.1136 29.3509 0.8281 34.7854 4.8164 0.0653
Car -1 -1 -0.7909 914.4008 159.3132 968.2853 177.9460 1.5484 1.6448 4.2747 28.2726 0.4232 61.4861 -0.3618 0.0637
Car -1 -1 -0.8929 932.6371 116.7038 1066.6064 168.4706 1.5895 1.6372 4.2345 12.9837 -0.1554 24.0045 -0.4018 0.0634
Car -1 -1 4.0780 884.7050 157.9979 931.5004 180.8225 1.8628 1.7247 3.8095 25.1636 0.6504 60.9455 4.4677 0.0632
Car -1 -1 1.5193 59.1802 193.1112 90.9299 216.5314 1.4978 1.6390 3.6841 -38.1348 2.9969 51.4520 0.8837 0.0620
Car -1 -1 0.6560 947.1016 164.0674 1013.2546 186.9195 1.5407 1.6574 3.9457 26.0191 0.9483 50.7824 1.1270 0.0589
Car -1 -1 0.4538 0.0000 152.7673 62.6208 209.5695 1.5288 1.6361 4.0014 -18.4309 0.9882 20.7365 -0.2665 0.0584
Car -1 -1 3.7822 219.1169 179.5672 272.0425 200.9212 1.6569 1.6414 3.4995 -29.1383 2.2050 57.7990 3.3169 0.0570
Car -1 -1 -0.1829 332.3029 177.3452 412.0088 206.2196 1.5347 1.6620 4.0235 -13.3353 1.7977 40.5688 -0.4989 0.0561
Car -1 -1 4.5364 934.4103 160.5520 965.8960 181.6015 1.7639 1.7492 4.2467 29.5659 0.7330 62.7396 4.9748 0.0560
Car -1 -1 0.9404 189.2695 180.0823 242.1973 201.6566 1.6207 1.6786 3.9182 -31.0443 2.2065 56.8716 0.4425 0.0555
Car -1 -1 4.5811 535.5074 175.1480 574.8438 203.4094 1.4751 1.6440 4.2339 -3.0867 1.6102 40.2653 4.5047 0.0541
Car -1 -1 -0.5135 356.8563 177.1315 528.1053 240.4926 1.4377 1.5909 4.0286 -4.2108 1.5593 18.5734 -0.7340 0.0520
Car -1 -1 4.2999 267.3922 177.9558 328.3607 207.2984 1.5377 1.6440 4.0919 -17.5307 1.8382 40.5052 3.8936 0.0519
Car -1 -1 3.5636 313.5685 168.5632 368.6536 188.4419 1.7442 1.7295 4.2683 -23.9013 1.3677 64.3158 3.2089 0.0516
Car -1 -1 0.7303 239.9281 178.5410 322.6927 208.4693 1.5015 1.6349 3.8781 -17.3131 1.8124 38.0814 0.3060 0.0514
Car -1 -1 1.5627 311.4493 176.7571 346.9659 207.8434 1.4928 1.6291 4.1424 -14.5507 1.7073 37.4326 1.1940 0.0513
Car -1 -1 -0.7358 1031.5100 138.2006 1147.5709 175.4491 1.5400 1.6375 4.1207 20.5528 0.1073 30.9560 -0.1538 0.0509
Car -1 -1 4.3930 365.0645 181.6297 413.3442 207.7192 1.4673 1.6813 3.9002 -13.4915 2.0284 44.0556 4.0971 0.0508
Car -1 -1 1.7371 282.2243 175.8703 332.0903 208.5375 1.5018 1.6395 3.8600 -14.8564 1.6594 35.6178 1.3443 0.0507