Car -1 -1 4.6923 549.8646 180.9677 599.5554 226.9819 1.4116 1.5685 3.3399 -1.2158 1.7060 24.4621 4.6425 0.9459
Car -1 -1 1.8011 161.2541 187.6550 234.6842 230.6588 1.4302 1.6131 3.5981 -15.4693 2.0301 27.2927 1.2893 0.8394
Car -1 -1 4.8237 495.0676 181.0832 536.0516 214.3203 1.4844 1.5580 3.7828 -4.5150 1.9061 35.0719 4.6961 0.8334
Car -1 -1 2.1399 811.5056 182.7188 878.9356 212.3059 1.4221 1.5933 3.7304 12.3335 1.9619 37.6806 2.4534 0.4012
Car -1 -1 2.2490 837.2702 184.0311 887.3679 205.8481 1.6053 1.4579 4.1026 19.8229 2.5076 56.5410 2.5841 0.3605
Car -1 -1 1.7606 126.4134 184.1663 189.5263 222.4194 1.4687 1.5876 3.8098 -19.3028 1.9868 30.9856 1.2071 0.3225
Car -1 -1 4.5860 869.7122 174.8006 908.4174 204.6102 1.6451 1.6234 3.8348 16.2700 1.7643 42.1431 4.9516 0.2221
Car -1 -1 1.9227 730.7935 180.3794 771.2765 203.3427 1.5759 1.5880 4.1734 10.4601 2.1531 53.1509 2.1155 0.2218
Car -1 -1 0.0953 164.3923 178.1578 239.6684 203.6187 1.4998 1.6452 3.9161 -25.1601 1.8397 44.6889 -0.4152 0.1579
Car -1 -1 1.8602 742.0493 176.5289 778.5612 197.8602 1.5194 1.6311 3.9492 11.3683 1.8065 54.2502 2.0652 0.1526
Car -1 -1 0.0353 875.3547 174.9190 948.1867 203.4237 1.5328 1.6211 3.7064 16.9635 1.6531 40.5265 0.4287 0.1356
Car -1 -1 1.8354 208.8598 179.2929 262.4604 209.0685 1.4908 1.5751 4.0115 -20.2198 1.8594 39.1719 1.3614 0.1305
Car -1 -1 4.6575 742.9146 174.0161 779.9632 205.7399 1.4837 1.5859 3.7450 7.4977 1.5446 35.8598 4.8615 0.1299
Car -1 -1 4.5748 753.5743 168.1295 811.3278 211.1211 1.4767 1.5839 3.5332 6.3044 1.3145 26.6163 4.8044 0.1291
Car -1 -1 1.9234 185.5114 184.0628 249.3014 215.1062 1.4426 1.6278 3.8620 -20.0297 2.0491 37.0182 1.4302 0.1244
Car -1 -1 1.6158 751.2195 176.4152 792.0259 212.0694 1.5283 1.6736 4.0887 7.5873 1.7048 33.5594 1.8357 0.1162
Car -1 -1 4.6781 217.2196 178.2795 247.1764 203.9945 1.5477 1.5814 3.8233 -24.2654 1.9116 46.3464 4.1979 0.1095
Car -1 -1 1.7982 89.7204 188.7423 167.7705 231.9175 1.4564 1.6084 4.2135 -18.7060 2.1283 28.2544 1.2175 0.1066
Car -1 -1 3.2666 155.0346 183.4429 245.5040 213.9036 1.4822 1.6155 3.9284 -21.2541 2.0564 37.6333 2.7553 0.0896
Car -1 -1 1.9043 179.7904 177.3383 234.6446 206.9776 1.6738 1.6337 4.0786 -24.2005 1.9578 43.5463 1.3994 0.0890
Car -1 -1 1.9747 852.4099 182.4301 894.2432 203.5544 1.5620 1.5898 4.2394 20.9901 2.3507 57.3390 2.3234 0.0866
Car -1 -1 -0.7270 748.9794 174.2717 803.9973 195.3272 1.5046 1.6324 3.8625 12.3683 1.6128 53.4262 -0.5011 0.0864
Car -1 -1 4.6800 557.4932 161.9246 583.5264 187.7953 1.7059 1.6644 3.5443 -2.7049 0.9852 49.4147 4.6254 0.0853
Car -1 -1 4.4639 722.0499 168.8160 789.2828 210.8157 1.4458 1.5732 3.6428 5.3237 1.3068 26.6992 4.6581 0.0838
Car -1 -1 1.3357 764.6735 171.1731 822.6171 205.5472 1.4570 1.6284 4.0183 8.2366 1.3858 32.6012 1.5806 0.0808
Car -1 -1 0.2024 529.0331 188.0145 606.0352 214.9333 1.4826 1.7198 4.2363 -2.4288 2.3936 42.1998 0.1447 0.0805
Car -1 -1 5.2638 158.6786 187.6962 240.1502 223.0577 1.4781 1.5810 3.7058 -19.0105 2.2085 33.6245 4.7523 0.0782
Car -1 -1 0.4344 484.6605 188.7311 546.8054 215.5164 1.4655 1.6244 3.2224 -5.4790 2.4225 42.2302 0.3056 0.0779
Car -1 -1 -0.5281 751.1678 167.6877 877.6060 210.8225 1.4547 1.6210 4.0600 7.2527 1.2805 25.6321 -0.2558 0.0742
Car -1 -1 1.0405 676.5048 180.3151 724.6626 201.3074 1.4426 1.6387 4.1883 6.6869 2.0183 53.4290 1.1639 0.0724
Car -1 -1 1.4559 724.5094 180.0640 752.6026 202.0945 1.5370 1.5971 4.0653 9.5734 2.0951 53.7748 1.6306 0.0708
Car -1 -1 -0.3382 704.0325 175.8367 792.9854 208.3249 1.4965 1.6241 3.8591 6.6179 1.6437 34.5294 -0.1510 0.0675
Car -1 -1 2.9294 851.1610 175.8281 919.5298 203.3295 1.5112 1.5824 3.3591 15.5848 1.6840 40.9024 3.2906 0.0662
Car -1 -1 1.8500 592.8112 180.4453 632.0558 204.4638 1.4923 1.6293 3.8258 0.2357 2.0212 48.2007 1.8543 0.0660
Car -1 -1 2.3477 784.2767 181.0724 863.7767 212.4393 1.4969 1.6341 3.9131 11.0019 1.9369 36.9701 2.6342 0.0657
Car -1 -1 1.7405 728.9951 177.5186 762.4946 201.6961 1.6228 1.6701 4.1992 9.7704 1.9707 51.5591 1.9262 0.0648
Car -1 -1 1.2609 705.5292 179.6843 743.3112 201.6680 1.5249 1.6159 3.9930 8.4600 2.0507 53.4486 1.4166 0.0626
Car -1 -1 2.0851 262.2688 180.6917 329.9507 210.7964 1.4790 1.5729 3.9370 -16.6610 1.9200 38.5544 1.6794 0.0622
Car -1 -1 4.5310 845.7272 176.4285 887.3542 204.3320 1.5312 1.6110 3.8353 14.9470 1.7499 42.1311 4.8693 0.0617
Car -1 -1 1.4557 763.8523 176.8388 808.3024 210.2166 1.4943 1.6279 3.9405 8.4617 1.6981 34.8467 1.6914 0.0589
Car -1 -1 1.9711 240.4632 192.1583 321.2860 231.3760 1.4505 1.6749 4.0316 -13.8809 2.3269 30.7217 1.5496 0.0582
Car -1 -1 0.7824 92.7511 187.9491 197.7887 223.7486 1.4912 1.6293 3.9658 -20.7584 2.1925 32.3022 0.2148 0.0579
Car -1 -1 0.2491 144.0575 191.3851 260.6539 231.2116 1.4679 1.5914 3.8052 -16.2752 2.2454 29.0183 -0.2584 0.0560
Car -1 -1 3.0587 757.9783 174.7387 840.0790 207.3364 1.5010 1.6092 3.6656 8.9845 1.5939 34.4535 3.3112 0.0558
Car -1 -1 1.3318 809.5160 182.7945 860.3293 211.7225 1.4068 1.6566 4.1021 11.9906 1.9678 38.6261 1.6301 0.0558
Car -1 -1 0.7645 876.5997 173.5641 952.9728 203.1250 1.5221 1.6204 3.7438 16.5473 1.5628 39.2910 1.1600 0.0556
Car -1 -1 1.4078 179.9839 181.2284 256.8646 232.4632 1.4779 1.5946 3.9459 -12.8135 1.7748 23.5318 0.9137 0.0554
Car -1 -1 1.4323 734.9169 175.6111 767.1349 199.2522 1.5575 1.6479 3.9989 9.7677 1.7566 50.0517 1.6235 0.0530
Car -1 -1 -0.1558 722.1178 178.4100 777.3929 199.5186 1.5480 1.6134 3.8740 10.5068 1.9725 54.2467 0.0341 0.0521
Car -1 -1 4.6838 754.4719 165.7094 803.7133 209.5667 1.4279 1.5663 3.6859 5.9136 1.1953 25.4530 4.9091 0.0511