Car -1 -1 4.5832 627.6290 180.0958 686.0353 222.0029 1.4076 1.6350 4.3431 1.6983 1.7032 27.2261 4.6442 0.9402
Car -1 -1 2.5022 884.0450 192.2952 1242.0000 329.6691 1.4449 1.5932 4.2202 5.7593 1.7082 8.8160 3.0647 0.8862
Car -1 -1 -0.4810 801.9875 192.8419 1095.2043 290.9671 1.4111 1.5672 4.0278 5.3413 1.7590 11.6517 -0.0618 0.8839
Car -1 -1 3.8484 0.0000 195.6222 198.2533 375.0000 1.6886 1.6888 4.0539 -6.9001 1.9587 7.7008 3.1348 0.8788
Car -1 -1 -0.3674 784.8167 170.7216 1003.0239 249.9466 1.4455 1.4918 3.6223 5.3761 1.4066 13.9229 -0.0067 0.8769
Car -1 -1 0.3197 291.0999 182.7378 448.9746 231.8793 1.3751 1.5493 4.1439 -6.9853 1.6776 21.2938 0.0059 0.8134
Car -1 -1 0.5518 0.0000 150.4728 298.6543 294.1999 1.8514 1.7081 4.2025 -6.8684 1.5631 10.2083 -0.0287 0.7793
Car -1 -1 -0.8135 1075.2449 196.5096 1242.0000 375.0000 1.4531 1.6169 3.8531 6.4396 1.6853 6.2094 -0.0342 0.7388
Car -1 -1 3.4353 328.3593 186.1201 468.8672 232.6913 1.4644 1.5024 4.2145 -6.9216 1.9185 23.9152 3.1560 0.5910
Car -1 -1 4.5655 612.7043 178.7110 646.7997 205.4927 1.4708 1.5016 3.4377 1.1430 1.8280 42.2084 4.5919 0.4763
Car -1 -1 4.2297 1142.8914 173.6752 1237.2345 213.4696 1.5080 1.5252 3.4736 23.4251 1.5434 29.2665 4.8995 0.4664
Car -1 -1 1.7452 427.8395 166.8066 474.5041 197.6030 1.4526 1.6134 3.8916 -7.8404 1.1673 36.0079 1.5321 0.4642
Car -1 -1 3.4960 376.1384 168.1132 471.2167 198.9113 1.4486 1.6192 4.1574 -8.9678 1.2256 34.9605 3.2465 0.3463
Car -1 -1 4.4341 639.2467 171.3573 672.8127 191.5745 1.5518 1.6089 4.0758 3.6638 1.4369 57.5447 4.4970 0.2450
Car -1 -1 1.5435 602.6367 176.7949 622.3088 194.6724 1.4463 1.5597 3.8938 0.2209 1.7913 61.2034 1.5467 0.2187
Car -1 -1 1.7401 415.5861 184.3624 473.9515 227.8451 1.5438 1.6108 3.9043 -6.4655 2.0327 28.6617 1.5197 0.1845
Car -1 -1 4.7797 432.0754 179.2718 476.7571 217.4284 1.5004 1.6253 3.4971 -6.5738 1.7911 30.8391 4.5709 0.1685
Car -1 -1 0.7466 1077.7577 196.6760 1242.0000 375.0000 1.4251 1.5797 3.8329 5.3705 1.6564 5.0614 1.5321 0.1682
Car -1 -1 3.2330 632.2890 171.6514 676.6396 187.3050 1.4554 1.5849 4.0552 4.2575 1.3436 68.1766 3.2948 0.1423
Car -1 -1 1.4996 501.9070 175.7683 526.5473 197.2261 1.5295 1.5626 3.7647 -7.1602 1.7556 53.9755 1.3680 0.1329
Car -1 -1 4.6176 472.9725 181.1081 509.0323 211.1145 1.5116 1.6004 3.7024 -6.5201 1.9856 39.4402 4.4543 0.1237
Car -1 -1 0.1817 433.5676 182.3077 510.7078 211.3562 1.4887 1.6050 3.7950 -7.2545 2.0014 38.3176 -0.0046 0.1224
Car -1 -1 1.6972 481.0279 175.2592 514.2429 199.4867 1.4791 1.6140 4.0306 -7.1644 1.6408 46.4887 1.5448 0.1084
Car -1 -1 0.4244 208.5626 155.1108 304.3576 187.5349 1.5905 1.6651 3.9959 -17.6957 0.7202 36.2802 -0.0267 0.1063
Car -1 -1 5.0046 232.7520 159.4314 284.1388 189.2700 1.6911 1.6920 3.8805 -20.8235 0.9304 42.9422 4.5554 0.1032
Car -1 -1 -0.1437 381.0303 180.6432 486.2123 221.0568 1.5449 1.6311 4.0108 -7.2344 1.8814 29.6659 -0.3813 0.0933
Car -1 -1 4.5339 1116.5807 171.0523 1215.8147 228.4313 1.4582 1.5349 3.7554 15.5668 1.4124 20.3585 5.1794 0.0915
Car -1 -1 1.4959 665.9852 174.4414 691.9582 196.1910 1.5064 1.5708 4.0282 4.9948 1.6260 52.3006 1.5902 0.0890
Car -1 -1 3.4420 446.8920 176.2439 513.0790 200.3031 1.4705 1.6151 3.7931 -8.1322 1.6888 45.4293 3.2655 0.0860
Car -1 -1 1.6884 605.1039 177.2404 638.8828 204.0881 1.5630 1.6337 4.0351 0.8163 1.8482 44.8053 1.7060 0.0850
Car -1 -1 5.0237 486.8769 173.7961 543.1577 205.8534 1.4778 1.6404 3.8181 -4.5720 1.5267 35.4071 4.8958 0.0817
Car -1 -1 1.3812 662.6927 171.3597 698.9445 196.0087 1.5398 1.6446 3.8857 4.6034 1.4464 47.0841 1.4777 0.0761
Car -1 -1 1.5216 681.3007 186.2995 723.1420 222.7357 1.4272 1.6217 3.9760 4.0264 2.0582 31.8142 1.6456 0.0749
Car -1 -1 0.1853 472.8400 176.7920 526.9911 197.8371 1.5108 1.6367 3.6942 -8.0272 1.8049 53.0110 0.0354 0.0746
Car -1 -1 4.6571 472.8893 170.3100 510.2379 201.8918 1.4875 1.6281 3.8938 -5.9419 1.3677 36.0611 4.4946 0.0726
Car -1 -1 5.0763 666.2089 170.7501 704.9626 192.7135 1.6361 1.6534 4.0545 5.9319 1.4794 55.9320 5.1811 0.0724
Car -1 -1 1.8369 594.8032 175.0462 626.7010 194.3411 1.5327 1.6029 4.2139 0.1395 1.7220 60.0705 1.8388 0.0716
Car -1 -1 1.2710 508.5018 172.1832 540.1579 190.5660 1.6379 1.6969 4.3335 -7.9046 1.5782 66.6151 1.1530 0.0699
Car -1 -1 4.9956 351.3877 172.6868 406.5595 204.5895 1.5008 1.6065 3.7835 -11.3845 1.4929 35.8524 4.6899 0.0697
Car -1 -1 3.3807 337.1239 174.6885 428.5401 206.4264 1.4870 1.5416 3.9519 -10.8791 1.5778 34.8013 3.0796 0.0651
Car -1 -1 5.4270 0.0000 131.2531 93.0946 201.2466 2.1946 1.7255 3.8204 -19.8639 0.8902 24.5662 4.7523 0.0647
Car -1 -1 1.9274 487.2395 172.9613 536.0878 198.8979 1.6025 1.6960 4.4533 -6.3040 1.6098 46.9582 1.7943 0.0637
Car -1 -1 1.7316 499.1014 170.5184 528.5760 191.6447 1.5996 1.6546 4.1188 -7.4825 1.4228 56.7157 1.6008 0.0630
Car -1 -1 1.7443 406.8803 181.1138 465.1481 222.5319 1.5453 1.6398 4.1427 -7.1014 1.9116 29.8802 1.5124 0.0621
Car -1 -1 1.9440 588.1824 175.1842 625.8866 195.1072 1.5381 1.6285 4.2213 -0.1610 1.7343 58.4960 1.9409 0.0601
Car -1 -1 5.1220 250.9277 159.7156 317.5055 193.3298 1.6571 1.7160 3.9455 -16.8403 1.0094 37.5506 4.7029 0.0583
Car -1 -1 1.4556 654.3547 170.6635 684.4199 194.5338 1.6817 1.6917 4.5036 4.3578 1.5274 53.1140 1.5366 0.0582
Car -1 -1 0.6758 462.7754 177.9613 519.9504 199.5588 1.5129 1.6631 3.9842 -8.7005 1.9004 53.0513 0.5137 0.0579
Car -1 -1 1.8241 487.2678 173.4529 523.0877 195.7795 1.5593 1.6475 3.9207 -7.5550 1.6046 52.5424 1.6816 0.0572
Car -1 -1 5.1272 283.5558 167.3725 347.2703 199.4900 1.5838 1.6576 3.8187 -15.2105 1.3135 37.5149 4.7442 0.0565
Car -1 -1 3.8322 24.2048 147.9803 157.7726 190.3177 1.6249 1.6462 4.2408 -20.5426 0.6703 28.6686 3.2147 0.0565
Car -1 -1 -0.8586 609.9613 176.0832 656.4078 194.5022 1.4605 1.5988 4.0511 1.9937 1.7380 59.9572 -0.8259 0.0555
Car -1 -1 0.5195 135.7504 147.6962 239.5527 176.9968 1.4799 1.6341 4.4015 -21.7343 0.2092 37.2715 -0.0053 0.0553
Car -1 -1 -0.7488 495.5549 172.4086 579.5797 205.0413 1.4844 1.6151 4.0094 -3.4218 1.4642 34.8586 -0.8464 0.0552
Car -1 -1 4.7625 407.6140 167.8046 446.3407 199.1380 1.4357 1.6163 4.1455 -8.8613 1.2043 35.2510 4.5177 0.0550
Car -1 -1 3.6422 193.9103 159.5841 275.0233 187.7778 1.6008 1.6177 3.8718 -21.6995 0.8474 41.8241 3.1660 0.0548
Car -1 -1 3.9832 173.4504 150.3014 282.3734 187.8685 1.4993 1.6291 4.2578 -16.0292 0.5992 30.3068 3.5002 0.0548
Car -1 -1 4.3916 1110.6703 166.8260 1242.0000 229.0457 1.4771 1.5885 3.8490 14.9075 1.3340 19.2072 5.0439 0.0547
Car -1 -1 1.8114 470.9208 177.7669 512.7498 204.4303 1.5397 1.6245 4.0409 -7.2061 1.8570 44.5128 1.6514 0.0542
Car -1 -1 1.2370 627.5214 172.5382 660.6647 190.9588 1.5921 1.6658 4.2352 3.0521 1.5648 64.6312 1.2837 0.0540
Car -1 -1 -0.4622 501.3739 176.8023 557.8339 198.0223 1.5080 1.5914 3.8671 -5.9282 1.8109 53.6311 -0.5721 0.0540
Car -1 -1 3.1684 490.1783 175.5546 551.5149 200.5315 1.5289 1.5901 3.7607 -5.5455 1.7023 45.3462 3.0470 0.0539
Car -1 -1 -0.4651 496.7481 180.3549 578.1279 209.9401 1.4663 1.6118 4.0131 -3.8166 1.8838 38.4036 -0.5640 0.0537
Car -1 -1 0.4571 413.7788 166.7768 498.2215 198.1013 1.4732 1.5756 3.7100 -7.4638 1.1874 35.1549 0.2491 0.0536
Car -1 -1 1.5231 496.1458 172.9130 520.9717 194.7589 1.6018 1.6772 4.2753 -7.7567 1.6065 55.1744 1.3838 0.0531
Car -1 -1 3.9734 166.6880 153.4792 254.0020 184.3090 1.6263 1.6791 4.3860 -21.8850 0.6042 39.5642 3.4709 0.0530
Car -1 -1 4.3379 499.7553 165.7990 536.6967 187.1311 1.7687 1.6962 4.3066 -7.9011 1.1837 62.1191 4.2116 0.0530
Car -1 -1 4.9926 488.5110 180.8598 535.9073 210.4352 1.4908 1.5831 3.7559 -5.2606 1.9501 39.4144 4.8603 0.0515
Car -1 -1 1.6980 283.0944 181.8574 343.0406 226.2325 1.4791 1.5709 3.8905 -10.9983 1.8417 26.9757 1.3139 0.0515
Car -1 -1 1.4363 942.0860 169.0167 1025.1016 225.4378 1.5096 1.6425 3.8877 10.9780 1.4069 21.4109 1.9040 0.0514
Car -1 -1 1.9281 600.2607 175.0024 654.5931 204.8546 1.5522 1.6527 4.1945 1.0545 1.6783 40.0955 1.9537 0.0504
Car -1 -1 -0.0079 424.6317 180.0342 517.2860 217.9206 1.4944 1.5882 3.6888 -5.7503 1.8045 30.0295 -0.1960 0.0504
Car -1 -1 4.7105 661.4961 172.4551 686.4738 197.5027 1.6136 1.6051 3.7665 4.3171 1.5879 48.4265 4.7984 0.0502