Car -1 -1 2.0716 84.7850 197.6012 317.6273 316.3941 1.4635 1.6057 3.6433 -6.2085 1.9204 11.4861 1.5852 0.9817
Car -1 -1 5.0092 363.2303 185.9055 455.7560 241.0438 1.4907 1.6348 4.0985 -6.1276 1.9365 22.5663 4.7465 0.9361
Car -1 -1 4.6031 689.4155 180.0160 773.7134 248.7146 1.4962 1.6382 3.8480 2.9433 1.6951 18.0844 4.7609 0.9352
Car -1 -1 -0.6302 972.6188 161.4260 1242.0000 272.4457 1.5495 1.6675 4.2896 8.0573 1.3900 10.9206 -0.0078 0.8853
Car -1 -1 1.7506 449.7451 184.8531 503.0920 220.8521 1.4978 1.6874 4.3137 -6.1231 2.0927 33.6154 1.5713 0.7508
Car -1 -1 2.7840 816.7222 161.3137 996.3745 216.5246 1.4831 1.6934 4.3510 8.2349 1.1731 20.2778 3.1644 0.7473
Car -1 -1 2.6611 902.7025 143.3299 1176.3591 227.8027 1.5378 1.6592 4.3079 8.1979 1.0003 14.0472 3.1801 0.6879
Car -1 -1 5.0576 314.1579 203.0667 422.1863 268.6422 1.4026 1.5440 3.5525 -6.1890 2.2690 18.8915 4.7444 0.6840
Car -1 -1 -0.6671 1151.8265 142.0964 1242.0000 184.9632 1.5165 1.6246 3.5547 22.2322 0.4284 26.3868 0.0277 0.6590
Car -1 -1 1.2760 441.6587 172.3250 478.2186 192.3020 1.5015 1.6402 4.2441 -11.7508 1.4618 56.4877 1.0715 0.3965
Car -1 -1 1.5533 637.4349 174.9144 659.8908 197.4601 1.5478 1.5390 3.8928 2.7802 1.7015 51.8674 1.6061 0.3340
Car -1 -1 4.4863 478.9543 176.1416 505.8900 193.3671 1.5335 1.6464 3.8785 -10.9283 1.8490 67.1449 4.3253 0.3134
Car -1 -1 1.7278 519.7725 181.3539 548.5162 201.2949 1.4806 1.6354 4.2393 -5.9765 2.1843 57.5755 1.6244 0.2740
Car -1 -1 1.7612 491.3145 178.9618 530.4185 206.3926 1.5701 1.6363 4.0447 -6.0037 1.9624 44.2836 1.6268 0.2570
Car -1 -1 4.8736 416.1209 179.3037 454.9069 207.2417 1.5242 1.6281 3.6540 -10.1084 1.9175 42.1160 4.6391 0.2501
Car -1 -1 3.4094 381.4762 179.5262 452.1909 206.0325 1.4700 1.5161 3.6262 -10.9631 1.8580 41.1802 3.1504 0.2309
Car -1 -1 4.6520 639.8223 165.4107 661.8727 185.5298 1.7412 1.7161 4.1733 3.6611 1.0970 64.5362 4.7081 0.2180
Car -1 -1 2.8946 714.4934 167.3895 776.4564 192.6349 1.5783 1.6013 3.6003 8.6397 1.2367 46.0222 3.0787 0.1916
Car -1 -1 1.5792 718.4688 168.2298 744.3896 193.8146 1.5924 1.5957 3.8410 7.9396 1.3046 46.9373 1.7454 0.1903
Car -1 -1 1.1696 980.1230 153.8365 1032.2825 182.8722 1.8651 1.7573 3.6596 26.4579 0.6435 48.2552 1.6685 0.1881
Car -1 -1 4.4810 405.9367 172.5790 442.7553 195.4126 1.5374 1.6248 4.0459 -13.0630 1.5188 50.7491 4.2300 0.1818
Car -1 -1 4.1677 749.1763 167.3916 800.2070 192.2988 1.5499 1.5361 3.6909 10.6784 1.2100 46.8915 4.3899 0.1739
Car -1 -1 4.5626 630.0944 168.5717 658.7280 191.5550 1.7726 1.6815 4.1825 2.7530 1.4423 57.8142 4.6096 0.1601
Car -1 -1 4.3569 852.5428 160.0175 888.4861 181.2065 1.7482 1.6590 3.7797 22.1696 0.6891 61.4281 4.7016 0.1521
Car -1 -1 4.5358 756.1141 155.6785 786.1349 177.9458 1.7705 1.7050 4.1525 13.2748 0.4049 59.4805 4.7542 0.1475
Car -1 -1 4.0520 919.7931 149.0907 983.2560 175.3566 1.5912 1.6780 3.7525 21.5985 0.1516 45.7250 4.4909 0.1442
Car -1 -1 1.6431 809.6854 176.9001 843.3754 204.3974 1.4640 1.5744 3.7558 12.3783 1.7056 41.0493 1.9335 0.1402
Car -1 -1 2.0282 465.2516 175.4931 501.1151 193.0126 1.4703 1.5582 3.8387 -11.0354 1.7091 63.2364 1.8558 0.1286
Car -1 -1 1.6710 480.8233 181.4576 516.0761 210.2554 1.4415 1.5163 3.7786 -5.9885 1.9319 39.1942 1.5199 0.1255
Car -1 -1 2.0378 228.9652 200.8855 370.5263 270.5247 1.4216 1.6704 3.9843 -7.7238 2.2171 18.4280 1.6455 0.1180
Car -1 -1 1.3289 438.7465 174.7431 475.0170 197.2351 1.5413 1.6336 4.0533 -11.0385 1.6832 51.9922 1.1204 0.1095
Car -1 -1 5.2041 644.1714 168.3698 695.4843 193.3722 1.5406 1.6326 3.9395 3.9317 1.2643 46.5558 5.2875 0.0953
Car -1 -1 1.7823 472.4085 179.3007 516.6563 208.0251 1.5027 1.6333 4.1268 -6.4420 1.8860 40.7968 1.6262 0.0947
Car -1 -1 2.8865 923.6027 149.1722 1002.9261 174.1320 1.5386 1.6537 4.2293 22.3372 0.0788 45.7040 3.3386 0.0930
Car -1 -1 1.5191 453.6458 172.5532 478.2895 193.8743 1.5675 1.6367 4.2156 -11.0345 1.5453 55.2893 1.3227 0.0903
Car -1 -1 1.0400 687.2471 174.8424 733.8922 196.4155 1.4827 1.5709 3.9000 7.2422 1.6320 52.0787 1.1770 0.0893
Car -1 -1 4.0291 448.0997 175.5882 491.2865 192.9056 1.4475 1.5886 3.8899 -12.1840 1.6924 62.7560 3.8378 0.0855
Car -1 -1 1.0026 813.0493 173.8750 864.0403 194.1768 1.4340 1.6021 4.1608 16.8853 1.5127 53.4064 1.3069 0.0851
Car -1 -1 1.4584 675.4792 176.4654 697.9584 194.2935 1.5304 1.5637 3.9840 6.8927 1.8645 64.7449 1.5636 0.0827
Car -1 -1 1.7817 444.1871 172.5276 478.2934 195.5741 1.6603 1.6618 4.1698 -11.0664 1.6368 54.0740 1.5805 0.0790
Car -1 -1 3.9465 374.5456 178.7967 447.5597 204.8821 1.4158 1.6292 4.1833 -11.5018 1.7741 41.7389 3.6789 0.0788
Car -1 -1 1.7798 625.1596 175.2646 657.8688 197.6989 1.6359 1.6679 4.2155 2.4927 1.8283 55.3465 1.8241 0.0769
Car -1 -1 0.8930 800.4145 184.6653 876.6442 218.2192 1.4371 1.6586 3.4066 10.7607 2.0266 34.1226 1.1953 0.0760
Car -1 -1 1.7483 463.9730 181.0275 511.1239 214.3053 1.5645 1.6355 4.4084 -6.2228 2.0112 37.2235 1.5833 0.0738
Car -1 -1 1.6986 506.9683 184.5261 539.8080 211.3760 1.6184 1.6095 4.2867 -5.6259 2.4219 47.5141 1.5809 0.0718
Car -1 -1 0.6934 1150.8115 140.5543 1242.0000 188.5758 1.5565 1.6494 3.9281 21.6048 0.5096 25.4669 1.3914 0.0716
Car -1 -1 -0.7242 983.5870 154.8648 1057.3754 178.8463 1.5828 1.6598 4.3381 27.8223 0.3955 48.8856 -0.2094 0.0715
Car -1 -1 1.9394 263.2344 199.5296 401.1239 278.9735 1.5256 1.6587 4.1729 -6.4776 2.2452 17.3651 1.5867 0.0712
Car -1 -1 1.6416 804.7557 179.9043 843.4465 211.6114 1.4546 1.5950 3.8213 10.7713 1.8274 36.0894 1.9289 0.0706
Car -1 -1 3.9823 899.0255 149.7973 965.4270 175.5315 1.5804 1.6626 3.9850 20.7027 0.1644 46.4634 4.3991 0.0705
Car -1 -1 1.6991 434.4011 173.3881 465.1867 196.7879 1.6473 1.6889 4.1233 -11.6944 1.6881 53.0198 1.4828 0.0702
Car -1 -1 -0.3312 806.3668 177.3936 901.7817 208.7806 1.4670 1.6281 4.0476 11.7392 1.6912 34.7966 -0.0088 0.0701
Car -1 -1 4.6011 869.9628 159.5679 896.7599 180.2856 1.6063 1.6092 3.6302 21.9347 0.5762 57.8994 4.9615 0.0698
Car -1 -1 -0.6964 811.6072 175.6090 886.7979 203.3900 1.4823 1.5981 3.8558 13.3639 1.6415 40.2418 -0.3784 0.0688
Car -1 -1 2.5021 890.6976 159.5796 1034.7556 211.3361 1.4796 1.5703 3.7015 10.6041 1.1001 21.7501 2.9501 0.0673
Car -1 -1 1.6344 440.3484 181.0403 486.8162 223.5630 1.6608 1.6969 4.0761 -6.2301 2.0382 31.1338 1.4380 0.0662
Car -1 -1 3.4639 277.4184 191.7022 429.9270 246.8914 1.5245 1.6569 3.9311 -7.4862 2.1047 21.3629 3.1301 0.0661
Car -1 -1 4.3951 803.9773 161.6776 839.4207 181.6037 1.5841 1.6716 3.8469 17.3922 0.6956 59.3133 4.6788 0.0658
Car -1 -1 0.7716 709.9713 169.2419 768.5746 193.1039 1.5549 1.6142 3.8973 8.7766 1.3196 49.0712 0.9472 0.0648
Car -1 -1 0.4221 215.0704 202.3955 403.9270 264.4359 1.4311 1.6726 4.1319 -7.5626 2.2227 18.4243 0.0371 0.0646
Car -1 -1 0.8901 959.1287 159.6480 1102.8125 217.6188 1.5288 1.6461 3.6619 12.0805 1.1805 20.9691 1.4064 0.0643
Car -1 -1 2.8951 837.4376 159.7210 891.9424 178.6955 1.5649 1.6379 4.0301 21.3569 0.4818 60.5064 3.2328 0.0637
Car -1 -1 4.1318 962.3596 153.4726 1020.0433 178.3195 1.6402 1.6612 3.8459 26.1746 0.3608 49.6245 4.6147 0.0636
Car -1 -1 -0.6106 877.1852 153.5341 1053.7637 209.5020 1.4849 1.6420 4.2997 9.9553 0.9723 20.2978 -0.1606 0.0627
Car -1 -1 1.5613 786.7092 184.1891 824.6447 217.7594 1.4616 1.6752 3.8225 9.4454 2.0417 34.8659 1.8231 0.0623
Car -1 -1 3.0249 753.1693 158.6799 806.0349 177.9069 1.5269 1.6086 3.9971 13.7074 0.4013 58.3235 3.2545 0.0620
Car -1 -1 1.7745 393.3652 179.0596 435.4394 206.9285 1.4705 1.5342 3.9284 -11.0225 1.8401 40.9689 1.5129 0.0616
Car -1 -1 1.3112 711.4679 174.0910 754.8237 201.0108 1.5778 1.6829 3.8936 7.5649 1.6576 44.4927 1.4781 0.0607
Car -1 -1 3.2847 431.2517 172.1722 487.8321 192.7538 1.5538 1.6194 4.0629 -11.4828 1.5024 55.4045 3.0810 0.0603
Car -1 -1 1.3418 774.1423 180.6314 825.4898 212.0379 1.4434 1.6104 3.9859 9.4654 1.8549 36.1685 1.5952 0.0599
Car -1 -1 0.9896 832.4225 172.2915 881.2502 195.6007 1.5849 1.5908 3.5087 17.4136 1.5467 50.9595 1.3167 0.0582
Car -1 -1 1.6885 495.6497 178.2949 532.6395 206.9261 1.4930 1.5754 4.1503 -5.3024 1.8141 40.5011 1.5587 0.0576
Car -1 -1 0.2750 776.5354 178.9875 848.1324 206.2109 1.4363 1.5173 3.5791 11.3280 1.7928 40.3584 0.5463 0.0572