Car -1 -1 -0.3114 716.9592 180.5980 987.8444 264.1269 1.4421 1.6652 4.4906 4.3743 1.5956 13.4559 -0.0044 0.9616
Car -1 -1 3.0919 645.8846 177.0174 726.2097 208.6135 1.5085 1.6143 3.8567 3.7251 1.7191 35.5955 3.1948 0.8577
Car -1 -1 4.8126 643.9390 174.6679 678.5015 202.0876 1.4825 1.6049 3.7407 2.9945 1.5912 41.2535 4.8841 0.3124
Car -1 -1 3.1204 835.9196 170.2447 906.9549 193.2509 1.4971 1.6865 4.4114 17.5296 1.3273 48.4539 3.4653 0.1881
Car -1 -1 4.5805 653.7311 168.0807 680.5392 188.9215 1.6423 1.6633 4.0152 4.6641 1.2661 58.9071 4.6589 0.1819
Car -1 -1 2.9778 622.8899 174.4295 670.1448 190.8960 1.4760 1.6171 4.1013 3.3572 1.6222 65.9090 3.0281 0.1523
Car -1 -1 1.5119 633.0768 174.3283 653.9046 191.8171 1.5645 1.6922 4.0110 3.1174 1.7053 66.9030 1.5579 0.1477
Car -1 -1 -0.2226 641.2609 176.6802 712.4071 203.9846 1.4756 1.5573 3.7021 3.7307 1.6946 40.2927 -0.1315 0.1391
Car -1 -1 1.6542 642.6187 176.8974 676.5273 205.9996 1.4880 1.5441 3.6870 2.7691 1.7195 39.3708 1.7234 0.0801
Car -1 -1 4.6991 677.9598 173.3821 711.8688 205.1362 1.5280 1.6278 4.2441 4.3399 1.5566 36.9864 4.8145 0.0734
Car -1 -1 4.5099 771.8474 177.4299 817.4437 206.1996 1.4208 1.5992 3.7611 9.7272 1.6749 38.1561 4.7572 0.0620
Car -1 -1 0.0565 854.9672 171.1765 924.0906 196.6949 1.5667 1.6938 4.0135 17.8056 1.4637 45.8954 0.4241 0.0569
Car -1 -1 4.9492 644.0893 171.7651 672.9028 189.2386 1.5710 1.7273 4.2494 4.5900 1.4731 67.1563 5.0168 0.0526