Car -1 -1 4.7955 701.7694 181.7218 760.8577 232.9794 1.6033 1.6736 3.8656 4.3099 1.4940 24.5660 4.9668 0.9668
Car -1 -1 5.1916 0.0000 200.8248 181.1008 312.1389 1.4315 1.6014 3.8016 -8.6956 1.7311 11.8012 4.5671 0.9534
Car -1 -1 4.9543 785.5352 179.3226 823.6727 200.8137 1.4857 1.7034 4.2079 14.3038 1.0783 51.9487 5.2212 0.5863
Car -1 -1 4.9260 170.5786 195.8701 223.0617 227.4815 1.5267 1.6512 3.7223 -21.6784 2.1214 38.1037 4.4113 0.5792
Car -1 -1 5.2218 43.8969 199.9996 176.7086 256.7813 1.4154 1.5020 3.7525 -14.2389 1.8841 20.8578 4.6284 0.5322
Car -1 -1 4.7015 202.2888 198.7399 245.0323 237.2321 1.5228 1.5881 3.8432 -17.0581 2.1630 31.9600 4.2141 0.5024
Car -1 -1 5.1458 66.0522 193.6036 161.5954 235.6978 1.5252 1.6950 3.8256 -19.6841 1.8857 28.8764 4.5514 0.4165
Car -1 -1 4.7619 379.1424 181.2472 404.3582 203.0201 1.5386 1.5918 3.5554 -15.7648 1.2581 52.7137 4.4723 0.3948
Car -1 -1 4.8597 392.2099 175.6310 416.3790 193.4288 1.4940 1.5314 3.3434 -17.4980 0.6894 62.0987 4.5858 0.3770
Car -1 -1 1.8527 129.9265 197.2194 185.7216 224.5220 1.4886 1.7783 4.0644 -26.9965 2.2487 43.3227 1.2977 0.2951
Car -1 -1 1.8953 3.5787 203.3051 79.5077 239.7859 1.4221 1.6206 3.4031 -24.8880 2.2683 31.7547 1.2341 0.2243
Car -1 -1 0.2128 51.0012 197.6060 176.7797 240.1318 1.5132 1.6650 3.7535 -19.0231 2.0196 27.9086 -0.3815 0.1988
Car -1 -1 1.7905 122.8643 198.4573 176.4836 227.2735 1.4943 1.7499 4.0949 -26.3567 2.3005 41.5421 1.2275 0.1701
Car -1 -1 1.7225 199.8276 187.9533 233.8451 208.6977 1.5011 1.6665 4.1271 -29.7203 1.7184 54.8280 1.2274 0.1643
Car -1 -1 3.5395 95.0785 198.5797 181.9935 224.8871 1.4542 1.7513 3.8958 -27.4148 2.2604 42.1623 2.9653 0.1113
Car -1 -1 1.9337 18.9574 191.1347 120.9901 236.3159 1.4677 1.6247 3.9912 -19.3175 1.6998 26.0521 1.3003 0.0986
Car -1 -1 3.8796 140.7889 199.6689 246.0678 236.6122 1.4790 1.6645 3.8064 -17.7951 2.1263 30.9671 3.3613 0.0980
Car -1 -1 1.6126 836.5261 168.7670 873.9496 199.4929 1.4289 1.5859 4.3525 12.3792 0.6639 35.7450 1.9432 0.0975
Car -1 -1 1.8934 782.9584 177.3551 824.4415 199.8468 1.5134 1.6113 4.0598 13.8422 0.9845 50.5060 2.1591 0.0974
Car -1 -1 4.4366 759.8201 179.3464 840.9474 226.4646 1.4603 1.6293 3.8472 6.4011 1.2784 24.2186 4.6917 0.0928
Car -1 -1 2.4219 786.2064 174.0105 882.3855 212.7021 1.5828 1.6283 3.8245 9.7721 1.1244 30.9257 2.7250 0.0839
Car -1 -1 1.5352 389.9829 176.0419 412.1803 196.2439 1.6096 1.6204 4.1960 -17.0930 0.8787 59.5213 1.2564 0.0818
Car -1 -1 1.7003 374.1032 188.2298 408.6774 213.1282 1.4839 1.5986 3.8439 -13.5674 1.6825 45.3563 1.4108 0.0806
Car -1 -1 1.7481 782.1912 176.8382 818.5490 201.5700 1.6114 1.6773 4.2677 13.2413 1.0656 49.1257 2.0095 0.0798
Car -1 -1 1.4814 826.9738 168.4834 871.5741 203.1357 1.4822 1.5729 3.8673 10.9852 0.7665 32.8104 1.8016 0.0787
Car -1 -1 1.3895 834.2849 173.4422 893.5035 214.3690 1.5958 1.6300 3.9443 10.6647 1.1367 30.1044 1.7266 0.0773
Car -1 -1 1.8148 404.4513 188.4871 440.7379 210.1429 1.4851 1.6713 3.7353 -13.2381 1.7291 51.7352 1.5651 0.0761
Car -1 -1 -0.2632 770.2971 178.5013 831.5092 199.8408 1.4864 1.6322 3.8925 13.6798 1.0187 50.8937 -0.0024 0.0741
Car -1 -1 3.7937 17.9611 196.6448 147.5914 238.0317 1.5056 1.6683 3.7789 -20.0109 1.9574 27.5270 3.1693 0.0737
Car -1 -1 1.0095 100.8981 192.4213 173.8101 218.3249 1.4695 1.7217 4.1904 -28.3481 1.9208 43.3653 0.4330 0.0724
Car -1 -1 1.4790 162.0552 196.0311 208.0661 227.7076 1.5286 1.7251 4.6521 -22.7807 2.1471 38.7179 0.9497 0.0708
Car -1 -1 0.7690 0.0000 201.5971 86.9450 236.7137 1.4921 1.7235 3.7782 -26.0150 2.2578 32.5598 0.0984 0.0699
Car -1 -1 0.5857 116.6830 195.4619 207.7501 226.3655 1.5267 1.6589 3.6853 -22.8550 2.0669 37.0003 0.0352 0.0695
Car -1 -1 4.2917 367.1927 175.3586 406.5822 194.8950 1.6132 1.6722 4.1520 -18.8674 0.7993 61.4735 3.9948 0.0688
Car -1 -1 1.3877 851.8954 170.6573 937.2261 227.3475 1.4879 1.6061 3.7760 8.2246 1.1058 20.8716 1.7581 0.0686
Car -1 -1 1.5665 415.6431 185.7878 436.1306 203.8440 1.5135 1.6745 3.8845 -15.7619 1.5649 62.4760 1.3200 0.0681
Car -1 -1 1.7347 133.2893 201.3111 179.5970 229.6645 1.4581 1.7348 3.0683 -25.4663 2.4086 40.7035 1.1780 0.0675
Car -1 -1 3.7658 379.8279 174.8499 426.1965 192.8970 1.5101 1.5730 3.5707 -17.4640 0.6428 61.5001 3.4899 0.0672
Car -1 -1 1.7602 379.0568 176.6688 409.5099 197.1993 1.5966 1.6324 3.9572 -17.1203 0.9319 57.9506 1.4738 0.0651
Car -1 -1 1.6377 249.2445 184.3370 288.7651 215.4716 1.5130 1.5640 4.0463 -17.3954 1.4703 37.1025 1.2017 0.0640
Car -1 -1 5.0051 304.7096 161.4205 383.3772 211.4640 1.9670 1.8394 4.7296 -11.0935 1.0317 30.6646 4.6605 0.0638
Car -1 -1 1.6738 816.1188 172.8240 887.2549 227.6275 1.5029 1.6520 4.0009 7.5136 1.1631 21.8767 2.0003 0.0625
Car -1 -1 1.6286 732.8852 190.2722 769.0442 220.2789 1.4289 1.6088 3.8242 7.4366 1.7034 36.9755 1.8251 0.0624
Car -1 -1 3.1826 347.0670 180.9336 406.2181 204.4883 1.6433 1.6578 3.9655 -16.4539 1.3445 51.4730 2.8743 0.0603
Car -1 -1 1.3338 777.9318 178.8319 815.1049 200.6631 1.4871 1.6273 4.0895 13.3860 1.0523 51.0277 1.5886 0.0603
Car -1 -1 1.7316 198.9612 196.5848 256.8349 236.3470 1.5321 1.6038 3.7381 -16.2143 2.0527 30.8847 1.2512 0.0600
Car -1 -1 1.6894 366.4090 175.9666 393.4585 196.1610 1.5842 1.6275 4.0358 -18.4621 0.8586 58.5253 1.3848 0.0592
Car -1 -1 4.5356 763.7446 183.5167 810.8605 214.5128 1.4809 1.6505 3.8066 9.0304 1.3997 36.2975 4.7772 0.0586
Car -1 -1 4.6303 838.3177 160.6295 902.8447 210.7496 1.4866 1.6326 3.8587 8.4795 0.7574 23.3968 4.9738 0.0583
Car -1 -1 1.4008 743.6221 182.3833 806.9339 225.4728 1.5015 1.6384 4.0754 6.2515 1.4028 27.1277 1.6245 0.0579
Car -1 -1 5.0513 215.0958 199.9926 285.4311 237.1560 1.4863 1.6297 3.8591 -15.9693 2.1928 32.3604 4.5956 0.0571
Car -1 -1 1.2341 729.0651 185.8930 773.3768 209.6047 1.4913 1.6380 3.9666 9.4419 1.5379 47.4096 1.4290 0.0565
Car -1 -1 -0.7028 855.7672 161.7164 1001.3428 213.1450 1.4785 1.6303 3.9623 9.8177 0.8029 22.0107 -0.2883 0.0562
Car -1 -1 1.5975 145.6612 191.9140 179.0018 218.1214 1.5115 1.6445 4.0146 -27.6179 1.9482 44.7085 1.0464 0.0561
Car -1 -1 1.6285 135.5837 197.7246 190.2833 237.4357 1.4596 1.6924 3.8133 -18.3451 2.0145 29.8123 1.0804 0.0559
Car -1 -1 1.7209 250.8784 181.6560 283.4865 202.7079 1.5311 1.6258 4.1349 -25.7258 1.2722 54.4960 1.2814 0.0559
Car -1 -1 2.2918 746.2328 180.1516 800.9982 201.9939 1.5634 1.6600 4.1104 12.3655 1.2009 53.3259 2.5181 0.0558
Car -1 -1 1.9040 738.7217 175.5288 772.9111 195.1899 1.5323 1.5445 3.8136 12.0332 0.7773 58.0586 2.1070 0.0555
Car -1 -1 2.0744 192.8779 186.2640 243.6486 209.8110 1.6914 1.6276 3.9566 -29.0382 1.7728 53.7997 1.5811 0.0550
Car -1 -1 4.7523 0.0000 206.7196 192.4416 376.0000 1.4885 1.5652 3.9529 -5.2477 1.7718 7.3795 4.1509 0.0549
Car -1 -1 1.4562 696.2546 184.1910 722.9478 204.8346 1.4722 1.5124 3.9181 7.5484 1.3992 53.2436 1.5959 0.0538
Car -1 -1 0.5995 98.9338 199.7863 182.1629 227.1027 1.4816 1.7518 3.6161 -26.5025 2.3294 40.9003 0.0270 0.0538
Car -1 -1 1.9258 220.0980 181.1308 269.3028 204.8062 1.5096 1.5956 4.0991 -24.1125 1.2492 47.9614 1.4619 0.0531
Car -1 -1 2.0221 157.6902 194.4250 217.8479 219.4790 1.4431 1.6944 3.9238 -26.1174 2.0442 44.9077 1.4975 0.0530
Car -1 -1 1.8371 392.6000 175.7841 423.2734 194.4478 1.5408 1.5825 3.7474 -16.9296 0.7622 61.2214 1.5681 0.0528
Car -1 -1 2.0697 728.3049 174.7424 767.3792 192.0982 1.5068 1.5712 4.3213 12.6666 0.5975 64.5771 2.2621 0.0522
Car -1 -1 1.6960 444.4141 184.3382 470.1647 204.2234 1.6306 1.6508 3.9843 -12.6828 1.5586 60.9962 1.4914 0.0521
Car -1 -1 0.9844 0.0000 191.5376 106.4482 232.4723 1.4612 1.6136 3.8762 -21.3326 1.7151 27.4792 0.3287 0.0519
Car -1 -1 1.7802 381.4847 174.8029 411.4843 193.5644 1.5260 1.6002 4.1140 -17.7124 0.6790 60.5782 1.4966 0.0518
Car -1 -1 5.1040 244.0687 168.4338 355.3384 226.7513 1.7136 1.7659 4.3195 -9.7926 1.2205 23.2845 4.7098 0.0510
Car -1 -1 1.5502 401.9514 181.6929 423.8364 201.8888 1.5836 1.6384 4.1038 -15.8563 1.3074 58.5661 1.2866 0.0506