Car -1 -1 4.4589 693.2336 179.0313 849.8304 292.6602 1.5700 1.6272 3.6041 2.5062 1.6886 12.0131 4.6585 0.9703
Car -1 -1 1.8793 297.7890 184.3977 434.9046 270.9382 1.5660 1.6429 3.8937 -5.0477 1.8455 15.5242 1.5692 0.9610
Car -1 -1 -0.1564 710.4236 161.7263 799.5287 194.6542 1.6225 1.7127 4.1987 7.2965 1.0742 36.4916 0.0391 0.7542
Car -1 -1 1.7275 457.5874 181.6476 513.1600 219.6086 1.4848 1.7184 4.2974 -5.3176 1.8935 31.3788 1.5605 0.7496
Car -1 -1 4.8021 633.6200 173.5854 660.6808 196.7548 1.6109 1.6081 4.0331 2.7658 1.6662 52.4106 4.8541 0.3877
Car -1 -1 1.6430 491.1283 174.0443 513.2929 192.7423 1.4990 1.5538 3.7573 -8.9001 1.6012 60.0210 1.4961 0.2118
Car -1 -1 5.0205 343.9348 171.1450 414.9398 213.8226 1.5177 1.5999 3.3835 -8.6412 1.4569 27.3547 4.7169 0.2063
Car -1 -1 2.0359 668.5272 164.2520 720.8162 189.9330 1.5081 1.6265 3.8911 5.2854 1.0030 44.4449 2.1532 0.1825
Car -1 -1 4.4572 608.3608 168.5998 638.7218 188.6022 1.5825 1.6086 3.6641 1.1109 1.2460 59.0556 4.4756 0.1580
Car -1 -1 -0.0295 640.9641 172.6328 703.0167 196.3280 1.5930 1.6522 4.1681 4.2478 1.5781 49.4480 0.0553 0.1410
Car -1 -1 4.4224 670.3449 164.6176 708.0364 187.7306 1.6404 1.6692 4.0749 5.8411 1.0558 53.3650 4.5305 0.1283
Car -1 -1 4.9316 729.7763 177.3252 787.8625 214.4527 1.4715 1.6282 4.0494 6.5362 1.6790 31.3025 5.1350 0.1035
Car -1 -1 4.7750 673.6000 162.3246 709.5894 193.1792 1.5175 1.6197 3.9145 4.3143 0.9996 37.5546 4.8881 0.0979
Car -1 -1 1.3774 724.0979 180.6059 782.7341 221.7918 1.5149 1.6050 3.8058 5.7368 1.8487 29.1613 1.5691 0.0902
Car -1 -1 -0.1948 672.7946 163.8053 758.1708 195.0758 1.5515 1.6419 4.0562 5.3490 1.1026 36.7248 -0.0516 0.0871
Car -1 -1 5.2731 615.6879 168.2230 659.8989 189.6419 1.6921 1.6963 4.1114 2.3529 1.3262 59.1771 5.3123 0.0817
Car -1 -1 4.7854 708.8290 177.8695 751.8151 213.8582 1.4463 1.5846 3.8317 5.3416 1.6804 31.6174 4.9507 0.0753
Car -1 -1 1.6643 502.2332 173.6330 525.6517 193.3456 1.5812 1.5771 3.8185 -7.9153 1.6480 59.9670 1.5333 0.0750
Car -1 -1 4.6023 471.6669 184.7122 517.3184 221.9666 1.5021 1.5975 4.0915 -5.2653 2.0749 32.6678 4.4432 0.0738
Car -1 -1 3.3766 601.2856 174.5092 660.0450 196.3235 1.5102 1.6307 3.9161 1.5162 1.6313 51.4484 3.4055 0.0738
Car -1 -1 1.7285 444.5380 180.0055 501.4562 222.3358 1.5913 1.6788 4.1125 -5.5778 1.9083 29.9039 1.5451 0.0728
Car -1 -1 -0.0977 632.3972 168.2361 695.0009 191.5740 1.6323 1.7651 4.2935 3.8207 1.3093 51.3991 -0.0243 0.0725
Car -1 -1 3.1398 622.1462 173.7549 667.0674 191.4792 1.4781 1.6005 3.7528 2.9655 1.5556 61.1486 3.1876 0.0724
Car -1 -1 1.5276 681.0759 162.9128 708.8449 188.9957 1.7474 1.7511 3.8932 5.9202 1.0814 50.3443 1.6437 0.0707
Car -1 -1 3.1615 434.8118 182.2596 539.0165 218.1160 1.4873 1.6794 4.3938 -5.3436 1.9153 31.6836 2.9952 0.0674
Car -1 -1 4.5399 684.3771 178.7400 737.4036 216.0495 1.4861 1.6279 3.8489 4.3276 1.7575 31.3103 4.6753 0.0661
Car -1 -1 1.6608 484.9835 171.6281 510.7331 195.0847 1.8017 1.6583 4.1634 -8.8716 1.7076 57.5521 1.5082 0.0619
Car -1 -1 4.0765 582.5624 168.8488 631.9134 189.0886 1.6089 1.7348 4.5193 -0.2363 1.2905 59.6856 4.0723 0.0598
Car -1 -1 1.9006 672.8462 178.5070 742.5637 219.1963 1.4907 1.5922 3.9656 4.0342 1.7359 29.1561 2.0360 0.0591
Car -1 -1 -0.2267 726.1292 178.7797 828.9598 215.9080 1.4926 1.6009 3.9109 6.9439 1.7462 30.0692 -0.0025 0.0572
Car -1 -1 3.1908 681.4827 166.1992 736.1498 187.9370 1.5271 1.6228 3.8165 7.1477 1.0596 51.8367 3.3268 0.0560
Car -1 -1 4.2607 696.6614 173.8867 762.0725 207.1909 1.4841 1.5933 3.7177 5.6229 1.5361 34.2872 4.4214 0.0551
Car -1 -1 3.2133 599.3592 172.9402 657.5625 196.0932 1.5551 1.6209 3.8829 1.3207 1.5612 49.4676 3.2394 0.0549
Car -1 -1 4.7535 622.7250 172.0024 642.9963 191.8032 1.6522 1.5876 3.9196 2.0359 1.5811 62.2185 4.7857 0.0549
Car -1 -1 1.4745 663.3548 165.1996 704.4647 197.9125 1.5502 1.6636 4.0065 3.6729 1.1875 36.1990 1.5744 0.0537
Car -1 -1 3.8065 453.3854 172.5630 505.4221 191.8547 1.5242 1.6361 4.0090 -10.5910 1.5013 58.6698 3.6284 0.0529
Car -1 -1 1.3268 767.7525 152.7980 855.0422 207.2720 1.4742 1.6064 3.7600 5.8777 0.9314 21.4216 1.5908 0.0528
Car -1 -1 3.8040 310.2177 172.4057 412.5300 215.5362 1.5094 1.5696 3.2907 -9.1118 1.4937 26.5318 3.4759 0.0513
Car -1 -1 -0.0576 602.3648 168.9427 648.3573 189.2236 1.6133 1.6025 3.6255 1.2526 1.3021 58.2629 -0.0366 0.0513
Car -1 -1 4.7466 631.2881 173.6624 654.8194 195.5085 1.4849 1.5397 3.6701 2.3998 1.5443 51.0757 4.7929 0.0509