Car -1 -1 1.9689 281.6237 184.0247 348.3821 219.1562 1.4323 1.4974 3.5528 -13.1211 1.9607 32.3410 1.5860 0.9157
Car -1 -1 1.3696 416.6603 179.5706 444.3310 197.4611 1.5671 1.7061 4.1400 -16.6853 2.2127 67.1173 1.1266 0.2596
Car -1 -1 1.6922 263.2727 192.1494 296.6995 216.1066 1.4873 1.6365 4.0902 -23.0285 2.8972 50.5278 1.2662 0.1651
Car -1 -1 1.5790 789.9489 178.3275 809.0983 196.7529 1.5159 1.5601 3.8342 16.5018 2.0066 62.6375 1.8350 0.1481
Car -1 -1 1.3059 778.6205 178.9260 814.9294 201.5078 1.4872 1.5180 3.7500 13.0351 1.9274 50.4186 1.5570 0.1243
Car -1 -1 1.7525 268.2403 191.2978 296.3348 209.8453 1.5325 1.6150 4.1735 -30.0074 3.2828 66.2528 1.3284 0.1200
Car -1 -1 1.7686 421.9841 179.7365 449.2643 198.0304 1.5831 1.6211 4.2771 -15.9266 2.2356 66.2387 1.5332 0.1143
Car -1 -1 1.8246 283.7874 194.3558 354.8849 238.6516 1.4268 1.5825 3.6593 -10.7702 2.2887 27.0107 1.4481 0.1053
Car -1 -1 1.5793 858.3487 167.7823 877.3259 185.2449 1.6077 1.6520 3.9330 24.5517 1.1407 68.5579 1.9217 0.1042
Car -1 -1 1.2351 233.1819 192.0625 279.7928 215.8021 1.4615 1.6894 3.9056 -24.2911 2.8342 49.5900 0.7814 0.0944
Car -1 -1 2.2047 266.4052 192.9479 352.4761 226.6218 1.4709 1.7371 4.4419 -15.1515 2.5590 36.7056 1.8153 0.0844
Car -1 -1 1.6183 304.9839 192.3262 353.1306 235.4209 1.4768 1.5842 3.6597 -11.0157 2.2997 28.5061 1.2522 0.0802
Car -1 -1 -0.4425 820.6215 167.7016 881.0330 190.3953 1.6686 1.6792 3.9608 18.0740 1.2897 54.1265 -0.1222 0.0783
Car -1 -1 1.7022 248.3680 192.8366 284.3261 217.3982 1.4611 1.6786 3.8530 -22.9766 2.8597 48.4134 1.2609 0.0745
Car -1 -1 2.5992 344.8260 185.0751 461.4534 227.1118 1.4531 1.6090 4.1429 -7.9900 1.9656 28.1996 2.3251 0.0739
Car -1 -1 1.9787 426.1593 180.2437 462.2730 197.7419 1.5290 1.7053 4.3142 -15.3608 2.2410 67.2473 1.7546 0.0727
Car -1 -1 4.7384 627.3243 167.5815 668.2319 207.4735 1.5814 1.6236 3.8221 1.6685 1.3724 30.5727 4.7919 0.0699
Car -1 -1 3.4614 653.9674 177.2585 754.5447 213.6487 1.4900 1.6408 4.0510 4.1314 1.6925 31.5529 3.5898 0.0691
Car -1 -1 2.4916 582.0727 179.4832 678.0609 216.9695 1.5115 1.6521 4.0202 0.9309 1.8186 31.5864 2.5201 0.0646
Car -1 -1 1.5243 769.7518 180.1985 802.3047 209.2478 1.4826 1.5561 3.9809 9.7332 1.9111 39.9907 1.7608 0.0625
Car -1 -1 2.8140 742.6116 183.1397 812.6955 211.7392 1.4653 1.6592 3.2985 8.9778 2.0307 38.6741 3.0398 0.0585
Car -1 -1 -0.1525 783.6955 182.0610 854.3707 210.4857 1.4572 1.6267 3.4266 11.1776 1.9637 38.6742 0.1263 0.0577
Car -1 -1 0.0692 240.5845 193.5802 352.5714 235.7263 1.4564 1.5916 3.8306 -11.8951 2.2908 27.6693 -0.3338 0.0576
Car -1 -1 1.5944 422.4754 178.8024 442.2196 197.8842 1.6132 1.6137 4.2688 -15.8514 2.1650 64.6663 1.3546 0.0574
Car -1 -1 1.9393 324.8748 188.0300 402.9457 229.7410 1.4585 1.5931 3.9988 -9.6801 2.1059 28.7445 1.6168 0.0570
Car -1 -1 0.9677 283.9477 189.5844 357.6639 218.2376 1.4395 1.7055 4.2793 -16.1769 2.4194 40.3618 0.5884 0.0563
Car -1 -1 4.4278 645.3069 167.4428 708.5373 207.4406 1.5780 1.6447 3.8120 2.7722 1.3646 30.4964 4.5171 0.0545
Car -1 -1 2.3990 786.1477 177.9828 843.0132 201.1885 1.5210 1.5812 3.6454 14.0685 1.8837 49.4957 2.6739 0.0544
Car -1 -1 2.9486 689.2686 153.4353 856.0763 219.2802 1.6346 1.6163 3.9875 4.1431 1.1525 18.7611 3.1622 0.0542
Car -1 -1 1.1639 615.8631 187.2463 680.7986 222.8625 1.4588 1.5920 3.8472 1.7216 2.1648 33.3152 1.2144 0.0531
Car -1 -1 1.6925 286.5980 186.7922 350.6264 234.9361 1.4953 1.6230 4.0305 -10.3128 2.0355 25.8125 1.3155 0.0529
Car -1 -1 1.4491 264.4849 190.8339 304.1793 219.3192 1.4706 1.6343 4.1059 -19.0503 2.5761 42.1828 1.0269 0.0522
Car -1 -1 1.4631 252.3928 190.6318 277.8320 209.2385 1.5220 1.6751 3.7747 -31.0388 3.1733 64.9761 1.0188 0.0514
Car -1 -1 2.0213 295.2197 188.5532 346.4280 212.8943 1.5188 1.6836 4.0322 -19.8451 2.6466 49.7650 1.6433 0.0503