Car -1 -1 4.5018 769.0403 192.0284 895.0839 278.8047 1.4697 1.6306 4.3744 4.5685 1.9397 15.4492 4.7830 0.9746
Car -1 -1 3.9655 0.0000 167.4819 241.7181 375.0000 1.5533 1.6374 3.6853 -5.4391 1.5142 6.3063 3.2745 0.3292
Car -1 -1 4.1215 0.0000 175.2440 145.9031 375.0000 1.4307 1.6066 3.8550 -5.0874 1.4482 4.2397 3.2765 0.2933
Car -1 -1 1.1899 852.2061 206.0775 987.5238 277.3232 1.3813 1.7271 3.7317 7.3983 2.2786 17.6116 1.5805 0.1863
Car -1 -1 1.9754 0.0000 174.1257 250.8796 375.0000 1.4514 1.5700 3.8955 -4.0543 1.4646 5.3877 1.3534 0.1697
Car -1 -1 5.2006 0.0000 170.0860 270.5771 375.0000 1.5230 1.6038 3.6582 -4.6849 1.5043 6.7615 4.6126 0.1497
Car -1 -1 4.8834 764.9338 182.4136 803.7074 210.4263 1.4401 1.5346 3.5141 9.8008 1.9997 40.3195 5.1196 0.1380
Car -1 -1 1.4192 769.2235 181.0774 801.9080 205.0794 1.4597 1.5236 3.6858 11.4426 2.0180 47.0855 1.6557 0.1278
Car -1 -1 2.4548 0.0000 170.7896 146.6383 375.0000 1.4546 1.5182 3.7706 -3.8291 1.4518 2.8907 1.5750 0.1169
Car -1 -1 0.8819 0.0000 167.3890 303.5744 375.0000 1.4601 1.6032 4.0018 -4.5532 1.4286 5.3502 0.2010 0.0730
Car -1 -1 1.0688 807.3297 207.2797 946.8663 279.5975 1.4291 1.6344 3.7924 6.5683 2.3914 18.1681 1.4092 0.0701
Car -1 -1 2.3581 0.0000 156.9452 203.7361 375.0000 1.5060 1.6381 4.0261 -5.2190 1.4271 5.6403 1.6348 0.0688
Car -1 -1 2.8792 0.0000 174.4636 584.3391 375.0000 1.4619 1.6220 3.5601 -2.0836 1.4762 4.7047 2.4814 0.0684
Car -1 -1 2.4771 0.0000 175.7811 177.5118 375.0000 1.4373 1.5608 3.7108 -4.3840 1.4611 3.9440 1.6724 0.0683
Car -1 -1 4.4636 259.2605 197.9917 504.5284 375.0000 1.4867 1.5911 3.6892 -2.6181 1.8237 7.6902 4.1446 0.0617
Car -1 -1 5.3075 0.0000 168.9277 182.9258 375.0000 1.5415 1.6420 3.9592 -5.7778 1.5164 6.6702 4.6132 0.0608
Car -1 -1 3.5900 0.0000 127.4247 116.3924 375.0000 1.4715 1.5402 4.1141 -4.6521 1.3846 3.0456 2.6394 0.0569
Car -1 -1 4.5432 762.1821 189.3277 813.7301 225.2427 1.4764 1.6669 3.9619 8.2251 2.2891 33.5607 4.7808 0.0550
Car -1 -1 2.1190 768.1658 181.2489 823.3080 205.6430 1.4920 1.6309 4.0841 12.2941 2.0683 47.5219 2.3701 0.0525
Car -1 -1 1.7332 760.0834 180.0375 794.6727 204.4270 1.4515 1.5797 3.7098 10.7665 1.9310 46.1447 1.9605 0.0507