Car -1 -1 4.3451 753.9466 198.0736 1071.8542 375.0000 1.3803 1.5923 4.0221 2.7972 1.7204 7.6934 4.6801 0.9699
Car -1 -1 4.8914 417.0273 189.9707 526.8754 271.1985 1.4094 1.5748 3.9258 -2.7709 1.8192 15.3120 4.7145 0.9650
Car -1 -1 4.4719 697.1389 185.9770 838.5059 284.0642 1.4407 1.6017 3.6192 2.6631 1.7094 12.9334 4.6694 0.9609
Car -1 -1 4.5412 679.4262 163.9601 771.7493 243.0787 1.7150 1.5702 3.7065 2.6983 1.5222 17.5100 4.6907 0.9567
Car -1 -1 1.6569 502.0953 181.0428 559.7437 226.2789 1.4658 1.7111 4.3452 -2.7856 1.7898 26.3606 1.5520 0.9197
Car -1 -1 4.6242 641.2338 177.7655 680.2441 210.0638 1.4981 1.6079 3.6968 2.4967 1.7551 35.8977 4.6925 0.9131
Car -1 -1 1.5144 556.6982 175.7076 582.2524 198.3510 1.5741 1.6381 4.0470 -2.9667 1.7911 52.7902 1.4581 0.5521
Car -1 -1 4.7846 538.6500 176.5689 560.1129 193.8249 1.5638 1.7230 4.2874 -5.6783 1.9274 68.4669 4.7018 0.3835
Car -1 -1 4.0298 917.7300 218.1261 1242.0000 375.0000 1.4509 1.5601 3.5153 2.7243 1.7429 2.8771 4.7368 0.3538
Car -1 -1 5.6227 0.0000 187.0656 287.8684 375.0000 1.5904 1.6390 4.0538 -3.2116 1.6894 2.9156 4.8338 0.3025
Car -1 -1 4.3875 684.5774 155.4917 736.5533 184.9869 1.5438 1.6239 4.0699 5.5212 0.6350 39.9161 4.5237 0.2774
Car -1 -1 0.0249 581.4163 184.6691 643.5912 209.3915 1.5673 1.7056 4.0228 0.2124 2.3604 47.5232 0.0287 0.1732
Car -1 -1 2.3142 0.0000 196.0576 81.6671 366.6755 1.4159 1.6028 4.1080 -8.5781 1.7599 8.6241 1.5470 0.1598
Car -1 -1 1.5807 628.9836 219.6546 1242.0000 375.0000 1.4398 1.5672 3.5095 1.5109 1.7523 2.8979 2.0187 0.1376
Car -1 -1 1.5444 492.4500 174.8757 519.9051 200.2728 1.4557 1.5449 3.7266 -6.2847 1.5835 43.6367 1.4018 0.1194
Car -1 -1 5.2338 0.0000 186.1666 491.1829 375.0000 1.4937 1.5981 3.7690 -1.6377 1.5815 2.8456 4.7485 0.1119
Car -1 -1 1.7407 548.2128 174.8033 582.8011 200.7442 1.7136 1.7038 4.2555 -3.0167 1.8552 50.2043 1.6806 0.1076
Car -1 -1 5.0226 676.8722 164.7668 722.3042 193.1164 1.5953 1.5930 3.7607 5.3639 1.1402 42.6435 5.1466 0.1035
Car -1 -1 1.0730 0.0000 202.5516 282.1546 375.0000 1.4888 1.6685 4.2629 -4.2820 1.7247 4.2727 0.3173 0.0956
Car -1 -1 4.1128 1002.6584 152.6288 1242.0000 358.6332 1.5140 1.7163 4.0776 5.9034 1.3654 7.3859 4.7674 0.0953
Car -1 -1 3.9458 0.0000 196.6676 80.8425 316.8296 1.4688 1.6021 3.8877 -9.8664 1.8295 10.0489 3.1828 0.0860
Car -1 -1 3.4733 678.1979 163.1399 751.6588 190.8354 1.5177 1.6339 3.8213 6.0005 0.9854 41.1411 3.6168 0.0856
Car -1 -1 1.6445 560.1808 175.9237 587.8266 199.7420 1.6102 1.6510 4.4046 -2.4996 1.8391 51.5736 1.5959 0.0840
Car -1 -1 2.8179 893.8221 204.4753 1242.0000 375.0000 1.4795 1.6077 4.0290 3.4248 1.6829 2.9993 3.6209 0.0813
Car -1 -1 1.3969 742.0919 159.7088 811.7623 207.1923 1.4896 1.6246 4.0280 5.6269 1.0772 24.6847 1.6181 0.0772
Car -1 -1 1.7784 533.0236 182.3058 573.4181 209.7430 1.5290 1.6384 4.0590 -3.3657 2.1303 43.7879 1.7016 0.0768
Car -1 -1 3.8433 0.0000 206.1442 175.2050 307.1221 1.4742 1.5896 3.6803 -9.5140 2.0670 11.9774 3.1827 0.0687
Car -1 -1 -0.1086 492.3477 181.7663 561.6642 208.6135 1.5048 1.6108 3.9014 -4.8757 2.0444 42.4663 -0.2227 0.0658
Car -1 -1 0.6749 0.0000 0.0000 1242.0000 375.0000 1.6001 1.6666 4.0766 2.4219 1.5837 1.6141 1.5764 0.0652
Car -1 -1 0.3003 536.1522 176.0990 595.3394 197.9086 1.5283 1.5966 3.9781 -3.1561 1.7686 52.1803 0.2398 0.0651
Car -1 -1 1.3385 748.9763 164.8694 826.1140 215.8366 1.5000 1.5389 3.8223 5.6079 1.2650 23.1485 1.5728 0.0648
Car -1 -1 5.0082 581.4397 183.3721 621.0798 207.5515 1.4990 1.6177 3.8466 -0.5147 2.2378 48.6082 4.9972 0.0632
Car -1 -1 4.2052 919.4877 153.9078 1213.6023 287.8369 1.4984 1.6578 3.9143 5.9585 1.2864 10.0417 4.7275 0.0619
Car -1 -1 5.2678 0.0000 196.0168 425.8443 375.0000 1.5035 1.6224 4.0167 -2.4413 1.7003 4.0885 4.7563 0.0603
Car -1 -1 1.5507 729.1426 163.7506 785.2917 216.1463 1.5085 1.5949 3.8930 4.6161 1.2464 22.8299 1.7472 0.0594
Car -1 -1 5.4304 0.0000 206.1010 165.8486 342.9135 1.4895 1.6613 3.9414 -8.7788 2.0817 10.8414 4.7616 0.0574
Car -1 -1 5.3256 492.9221 170.7351 544.0544 193.9804 1.5528 1.6332 3.8159 -6.2987 1.4113 50.2682 5.2012 0.0547
Car -1 -1 1.3290 643.9655 187.1233 698.6022 224.3517 1.4614 1.5633 3.5992 2.6478 2.1256 31.6833 1.4109 0.0538
Car -1 -1 1.4687 666.2886 165.2908 700.7637 194.3548 1.6546 1.6374 4.0352 4.3697 1.2240 43.0953 1.5687 0.0538
Car -1 -1 0.9635 1085.0591 157.4516 1242.0000 375.0000 1.4654 1.5783 4.0175 5.6725 1.3873 5.7609 1.7156 0.0536
Car -1 -1 3.4940 643.0096 171.8834 708.5167 198.9591 1.5261 1.5777 3.4780 3.8637 1.4713 42.1256 3.5844 0.0536
Car -1 -1 3.6070 447.6422 174.9467 522.1903 200.1890 1.4525 1.6199 4.0991 -7.4391 1.5815 43.1170 3.4368 0.0532
Car -1 -1 4.4404 553.2913 183.6417 615.9552 223.2062 1.4514 1.6076 3.7761 -1.0913 1.9249 29.6259 4.4032 0.0531
Car -1 -1 3.3746 526.0049 176.7752 571.4978 193.3789 1.5225 1.6543 3.9856 -5.6978 1.8971 67.8042 3.2907 0.0516
Car -1 -1 2.3990 927.2355 192.7190 1242.0000 375.0000 1.4969 1.6395 4.1246 4.1235 1.6278 3.8581 3.1794 0.0515
Car -1 -1 1.5603 552.6393 185.5273 591.3550 222.3508 1.4589 1.6090 3.9369 -1.6866 2.0562 31.9902 1.5073 0.0515
Car -1 -1 3.0297 675.5052 154.1414 753.0036 182.5773 1.5146 1.6221 4.0189 5.6559 0.5179 39.3018 3.1715 0.0513
Car -1 -1 -0.0943 71.8868 202.8014 1168.9467 375.0000 1.4907 1.6010 4.0562 0.0944 1.6735 3.4560 -0.0734 0.0507
Car -1 -1 1.9443 354.2540 179.8769 448.8547 233.2422 1.4612 1.5411 3.6591 -6.2721 1.6953 22.1534 1.6710 0.0505