Car -1 -1 4.5409 672.2154 176.5851 769.6315 253.3080 1.5758 1.6138 3.6524 2.4787 1.6725 16.8480 4.6836 0.9642
Car -1 -1 1.8053 376.1074 185.3132 468.7838 246.3912 1.4892 1.6588 3.7879 -5.1347 1.8721 20.2715 1.5597 0.9575
Car -1 -1 5.2930 0.0000 180.1188 284.8388 375.0000 1.5369 1.6259 4.3269 -4.6173 1.6232 6.3936 4.6867 0.9570
Car -1 -1 1.6907 476.8060 181.9393 520.7481 214.5136 1.4804 1.6681 4.2705 -5.4855 1.9629 36.1557 1.5407 0.8641
Car -1 -1 -0.2129 697.8332 164.7231 771.6221 190.7009 1.4578 1.6590 3.9079 7.1447 1.0015 41.4054 -0.0435 0.6605
Car -1 -1 4.7737 631.0511 173.3798 654.9692 194.0958 1.5819 1.6522 4.0593 2.6890 1.6252 57.3113 4.8200 0.4964
Car -1 -1 4.6722 490.2731 181.5067 522.1154 210.9721 1.4832 1.5751 3.4938 -5.6610 1.9765 39.2739 4.5295 0.3019
Car -1 -1 1.6766 671.2472 173.5433 704.3263 200.1756 1.5623 1.6113 4.0862 4.8779 1.6070 44.6060 1.7844 0.1552
Car -1 -1 4.8944 500.9500 176.4729 526.6442 194.8927 1.6330 1.6929 3.7907 -8.8149 1.9771 66.6653 4.7631 0.1507
Car -1 -1 4.7177 612.4195 172.5628 630.5599 190.0020 1.5125 1.5736 3.6808 1.0745 1.4873 64.4380 4.7340 0.1251
Car -1 -1 1.5218 668.7505 188.8445 712.1826 227.7408 1.4607 1.6348 3.7123 3.3696 2.1801 30.5609 1.6298 0.1153
Car -1 -1 1.5039 637.5840 188.6367 681.5038 227.1933 1.4525 1.6000 3.6786 2.0589 2.1606 30.5290 1.5698 0.0977
Car -1 -1 1.7910 434.6653 176.9241 475.4799 205.1440 1.5489 1.5588 3.6297 -8.9311 1.7958 41.9515 1.5821 0.0829
Car -1 -1 4.5614 648.7414 165.8344 688.3657 195.4930 1.6260 1.6731 4.1085 3.3521 1.2411 41.6660 4.6408 0.0810
Car -1 -1 1.5588 640.8671 179.4247 677.8831 213.6899 1.5074 1.6701 4.3005 2.3694 1.8441 34.7764 1.6256 0.0751
Car -1 -1 4.5948 713.8334 163.3225 750.7186 190.9470 1.5377 1.6562 4.0301 7.1276 1.0071 42.2167 4.7606 0.0744
Car -1 -1 3.5971 405.6403 179.3800 477.4608 206.3233 1.5304 1.6307 3.8224 -9.9491 1.9287 42.8052 3.3697 0.0743
Car -1 -1 1.6566 468.8447 179.2726 512.5050 217.0897 1.6525 1.7013 3.9964 -5.5865 1.9758 34.2833 1.4958 0.0708
Car -1 -1 4.8353 383.6805 173.6913 430.7633 209.6759 1.5069 1.5703 3.7199 -8.9832 1.5466 32.2617 4.5655 0.0700
Car -1 -1 4.6532 604.2834 171.4064 626.0060 190.3227 1.5456 1.6133 3.6824 0.4439 1.4273 60.8347 4.6601 0.0648
Car -1 -1 4.9628 507.1137 178.3322 553.7051 207.6295 1.5030 1.6279 3.9347 -4.3125 1.8213 39.8521 4.8553 0.0644
Car -1 -1 -0.1734 670.3676 163.9760 747.1471 190.5977 1.4888 1.6233 4.1278 5.6314 0.9923 41.2439 -0.0390 0.0608
Car -1 -1 1.5971 663.3477 165.1368 689.6312 192.3895 1.8047 1.7017 4.3568 4.6799 1.2937 50.0461 1.6895 0.0585
Car -1 -1 1.8144 699.7573 168.5675 770.7236 214.1772 1.5094 1.6098 3.9728 4.6058 1.3676 26.0210 1.9871 0.0555
Car -1 -1 4.9642 439.4367 177.8419 482.3353 204.6206 1.5123 1.6039 3.8981 -8.9016 1.8266 43.4758 4.7631 0.0544
Car -1 -1 3.3174 658.2203 186.4151 766.4528 225.7895 1.4723 1.6292 4.1426 4.1939 2.0510 29.3736 3.4571 0.0535
Car -1 -1 1.5859 669.4663 177.3219 691.2117 197.8581 1.5496 1.6602 3.5442 5.6267 1.9147 57.1076 1.6832 0.0535
Car -1 -1 3.3446 498.4277 177.2767 577.1765 206.1883 1.4951 1.6652 3.9434 -3.8112 1.7384 38.6635 3.2465 0.0516