Car -1 -1 4.5403 678.1536 181.2763 786.8184 258.7217 1.5107 1.7038 4.4430 2.6954 1.7329 16.7967 4.6957 0.9771
Car -1 -1 -0.2101 758.1227 181.3298 893.0911 232.4727 1.4547 1.6450 3.6350 6.4359 1.7219 21.7914 0.0727 0.9112
Car -1 -1 0.5656 0.0000 180.1113 329.3848 323.0394 1.5675 1.7094 4.3986 -5.9819 1.6658 8.8873 -0.0134 0.8928
Car -1 -1 0.5649 126.4688 186.9775 378.9956 273.4475 1.4554 1.5452 4.0404 -6.5734 1.7390 13.4790 0.1184 0.8725
Car -1 -1 3.4323 149.0902 166.2739 362.1072 234.4209 1.3858 1.5340 3.8862 -7.5582 1.2520 15.7234 2.9905 0.7860
Car -1 -1 3.2152 466.7825 165.3031 536.2314 193.3205 1.5339 1.6256 3.7388 -6.0121 1.1205 40.4514 3.0683 0.7683
Car -1 -1 0.2486 294.4459 183.5225 468.0267 246.0602 1.4666 1.5804 3.8784 -5.6233 1.7474 18.1067 -0.0490 0.7161
Car -1 -1 3.5962 0.0000 181.9173 290.0563 282.7308 1.4003 1.4097 3.7008 -7.0663 1.5506 11.0734 3.0387 0.6906
Car -1 -1 3.2777 418.1928 176.3033 521.7214 211.3942 1.4397 1.5853 4.1418 -5.8712 1.5907 30.6790 3.0897 0.6032
Car -1 -1 -0.1827 667.8392 176.6774 737.5059 201.7048 1.5423 1.7206 4.1341 5.8666 1.7899 45.7385 -0.0565 0.5387
Car -1 -1 3.4455 393.5553 178.0501 500.9443 216.9775 1.4750 1.5932 3.8445 -6.3764 1.6875 28.5541 3.2273 0.4958
Car -1 -1 3.4510 449.7186 176.9728 535.9844 208.0862 1.4746 1.6255 3.8886 -5.7247 1.6840 35.5820 3.2922 0.3699
Car -1 -1 0.2743 327.9366 153.0008 493.1587 217.0407 1.7577 1.7576 4.2504 -5.6142 1.2128 20.7089 0.0124 0.3690
Car -1 -1 4.3000 799.5675 211.9291 1034.6414 363.3140 1.4415 1.5456 3.3014 3.7541 2.0431 9.4242 4.6667 0.3665
Car -1 -1 4.7201 632.4890 177.5040 652.2491 195.2756 1.4072 1.5917 3.7645 2.7443 1.8066 60.0601 4.7652 0.3331
Car -1 -1 4.8066 452.4275 176.6648 500.3793 215.0723 1.4378 1.5608 3.7291 -5.3464 1.6028 29.3174 4.6273 0.2774
Car -1 -1 3.1927 677.7097 181.9477 762.6860 214.8572 1.4513 1.5489 3.8269 5.1672 1.8890 33.5921 3.3434 0.2665
Car -1 -1 4.4707 700.0516 179.5047 752.5710 211.8326 1.4324 1.6140 3.8373 5.5584 1.7711 34.7658 4.6273 0.2377
Car -1 -1 0.3008 513.6744 168.3615 569.2272 187.5669 1.4836 1.5466 4.0878 -5.3594 1.1365 56.9144 0.2071 0.2096
Car -1 -1 2.7506 433.0406 166.7590 528.8740 199.6586 1.4881 1.5726 4.2212 -6.1059 1.2124 34.4316 2.5761 0.2068
Car -1 -1 4.6440 449.1671 166.2363 472.0726 186.7157 1.7512 1.7106 4.1134 -13.2201 1.1853 63.9102 4.4406 0.2009
Car -1 -1 5.3401 453.2469 164.2984 502.2002 185.7335 1.6256 1.6792 4.1524 -10.3554 0.9768 56.9550 5.1608 0.1858
Car -1 -1 -0.3500 836.7181 209.1964 1242.0000 374.5998 1.5597 1.7223 4.2370 5.0099 2.0495 8.5267 0.1647 0.1854
Car -1 -1 4.6265 513.9744 173.9335 543.8600 198.4890 1.5123 1.5998 3.7679 -5.2452 1.5850 46.6177 4.5147 0.1829
Car -1 -1 3.1916 453.8664 175.8668 531.7079 205.3178 1.4965 1.6207 3.9550 -6.0781 1.6590 37.8919 3.0332 0.1728
Car -1 -1 4.6097 667.4449 175.4879 699.0371 200.6053 1.5435 1.6217 4.0781 4.7355 1.7219 46.8099 4.7095 0.1519
Car -1 -1 4.3221 681.1133 175.8343 738.9471 207.3182 1.5096 1.5919 3.8339 5.0916 1.6711 37.0417 4.4571 0.1507
Car -1 -1 1.0871 813.3662 208.4569 1193.4049 375.0000 1.5038 1.6737 4.1461 3.7229 1.9929 7.7975 1.5163 0.1210
Car -1 -1 2.2545 412.7141 166.2915 496.7168 201.1198 1.5167 1.6590 4.0037 -7.1251 1.2309 33.5810 2.0467 0.1101
Car -1 -1 4.7281 864.0728 203.1989 1039.6351 368.1910 1.5245 1.7361 4.3490 4.6311 2.0376 9.8632 5.1542 0.1065
Car -1 -1 4.8752 264.7283 171.2121 371.8325 240.3919 1.4316 1.6324 4.3674 -6.7873 1.3977 17.2368 4.5049 0.1059
Car -1 -1 1.7739 623.2446 171.9498 654.5080 194.3748 1.7161 1.6673 4.2377 2.3754 1.6469 57.4740 1.8146 0.1028
Car -1 -1 0.0748 457.0747 162.8238 510.7187 183.2895 1.7485 1.7038 4.4768 -10.8820 0.8916 62.7097 -0.0965 0.1017
Car -1 -1 4.7468 501.0269 165.9571 531.5806 194.9897 1.5875 1.6016 3.9567 -5.3202 1.2104 41.4983 4.6198 0.1004
Car -1 -1 1.6817 497.7851 175.1367 537.7277 206.4635 1.4997 1.5960 3.8448 -4.6233 1.6221 36.7577 1.5570 0.1001
Car -1 -1 1.1875 705.2491 170.2900 786.4745 211.0135 1.4206 1.6038 4.0511 5.0574 1.3311 27.3154 1.3681 0.0920
Car -1 -1 1.5667 727.8530 207.1156 896.5612 375.0000 1.4642 1.5816 3.6941 2.4116 1.9770 8.8126 1.8236 0.0857
Car -1 -1 4.7908 457.5404 158.0435 485.7379 183.1522 1.7272 1.6924 3.6519 -9.8148 0.7084 51.5417 4.6034 0.0823
Car -1 -1 0.2622 89.7516 166.6101 204.4389 203.1871 1.4964 1.5832 3.8457 -19.6652 1.2410 30.8463 -0.3015 0.0806
Car -1 -1 2.6830 679.6943 181.2096 755.5391 208.4427 1.4830 1.6415 4.0066 6.2128 1.9803 41.5438 2.8299 0.0763
Car -1 -1 2.7880 663.7249 179.6284 787.7515 223.3177 1.4752 1.6231 4.0915 4.1415 1.7299 25.9314 2.9440 0.0754
Car -1 -1 3.5587 485.0147 174.1364 549.8304 198.7289 1.5114 1.6123 3.7483 -5.8364 1.5951 45.7888 3.4323 0.0749
Car -1 -1 -0.4991 696.8260 175.9186 781.2029 205.9713 1.4328 1.5741 3.8677 6.4584 1.5917 36.0395 -0.3237 0.0741
Car -1 -1 1.0211 635.1523 173.5365 681.6271 194.6659 1.5766 1.6597 4.1998 3.7579 1.6319 56.2287 1.0871 0.0733
Car -1 -1 4.4481 752.7216 211.0285 957.4288 358.2885 1.4429 1.6200 3.9479 3.1539 2.0830 10.1011 4.7408 0.0727
Car -1 -1 0.6805 0.0000 220.5891 263.5206 375.0000 1.4433 1.5965 3.8204 -5.4355 1.9307 6.5544 0.0078 0.0719
Car -1 -1 3.7962 175.7422 159.6727 273.2094 189.5732 1.4869 1.6048 4.3377 -19.7357 0.8314 37.0335 3.3094 0.0710
Car -1 -1 1.6827 377.4182 155.2258 455.2505 218.0099 1.6503 1.7192 4.1505 -5.5442 1.1869 21.1413 1.4289 0.0709
Car -1 -1 3.7364 167.9874 157.7178 272.8776 193.2234 1.5053 1.6120 3.7938 -16.9927 0.8636 31.5900 3.2463 0.0699
Car -1 -1 4.3218 882.4230 201.5714 1128.1296 337.1931 1.4706 1.7031 3.9980 5.5461 1.9804 10.7508 4.7857 0.0696
Car -1 -1 1.7485 0.0000 211.8898 230.9498 375.0000 1.4876 1.6036 3.7615 -3.9542 1.8987 5.5546 1.1516 0.0696
Car -1 -1 -0.3426 759.8776 172.6354 836.6547 200.2252 1.4548 1.5699 3.7013 10.1656 1.4433 38.9943 -0.0899 0.0694
Car -1 -1 1.7086 660.8519 180.5870 683.6218 197.2326 1.4751 1.6237 3.8454 5.9255 2.2249 67.9059 1.7948 0.0678
Car -1 -1 2.4461 1138.5625 0.0000 1242.0000 375.0000 1.5051 1.5868 3.9676 3.9107 1.3391 1.7561 3.5340 0.0677
Car -1 -1 3.4572 446.9543 168.6587 530.5306 199.3302 1.6036 1.6291 4.1355 -6.4752 1.3843 38.8416 3.2927 0.0675
Car -1 -1 1.6320 672.4883 178.1254 695.1417 197.5241 1.4643 1.5638 3.9582 5.9640 1.9008 57.6736 1.7341 0.0668
Car -1 -1 4.0499 179.6286 158.1888 250.7347 183.0193 1.4541 1.6302 4.0790 -23.9520 0.5953 43.8157 3.5521 0.0655
Car -1 -1 3.7179 411.8066 176.3198 520.9985 214.6326 1.4752 1.6348 4.1782 -5.8735 1.6247 29.5960 3.5232 0.0651
Car -1 -1 4.4381 674.6736 208.8656 876.0504 358.5274 1.4775 1.6387 3.9705 2.0660 2.0863 10.1523 4.6314 0.0645
Car -1 -1 1.6427 652.4588 187.8395 696.0226 224.6801 1.4486 1.6475 4.2403 2.9642 2.1678 32.4060 1.7323 0.0645
Car -1 -1 4.5515 752.8749 177.8756 827.4902 229.2950 1.4602 1.6536 3.9960 5.6380 1.6342 22.9465 4.7887 0.0631
Car -1 -1 1.3621 713.7697 181.7625 767.2227 217.1297 1.4533 1.5708 4.0131 5.8617 1.8822 32.7053 1.5372 0.0626
Car -1 -1 3.2725 451.7608 161.4339 507.4870 181.7075 1.5492 1.6400 4.0798 -10.0582 0.6765 56.0495 3.0955 0.0626
Car -1 -1 1.1282 837.4113 185.2218 889.2070 210.7163 1.5228 1.6271 4.0027 16.5280 2.3673 47.1915 1.4625 0.0608
Car -1 -1 1.8092 456.0708 173.4380 509.0656 205.0863 1.4500 1.6274 4.0448 -6.1244 1.4802 35.2073 1.6378 0.0606
Car -1 -1 4.8253 479.7783 176.6998 524.5461 211.7777 1.4343 1.5376 3.6686 -4.6709 1.6135 31.7686 4.6800 0.0599
Car -1 -1 1.3348 417.3643 169.7058 502.0685 222.7683 1.4517 1.6106 4.0475 -4.6379 1.3655 21.9133 1.1282 0.0594
Car -1 -1 4.7679 755.9531 173.4092 789.1645 201.9376 1.4963 1.5911 3.7715 9.0629 1.5286 39.9555 4.9890 0.0584
Car -1 -1 -0.1882 429.1303 157.6776 493.8776 182.5571 1.6891 1.7011 4.2020 -10.3762 0.6587 50.5701 -0.3897 0.0583
Car -1 -1 -0.1888 470.6632 161.5101 530.6578 183.5303 1.6781 1.7130 4.4044 -8.5341 0.8136 56.5236 -0.3381 0.0582
Car -1 -1 1.4671 679.3416 183.0532 712.0457 210.2618 1.4820 1.5354 3.6501 5.0333 2.1089 42.5118 1.5835 0.0578
Car -1 -1 4.9956 543.8641 171.7635 574.9313 192.8544 1.7338 1.6366 3.7999 -4.2286 1.6442 61.3459 4.9268 0.0574
Car -1 -1 0.1958 215.4789 172.8300 404.1347 234.7205 1.4476 1.6059 4.1146 -7.3442 1.4471 18.0464 -0.1859 0.0572
Car -1 -1 1.7499 472.4289 165.4297 513.4849 193.7052 1.5051 1.6066 3.8015 -6.4629 1.1099 40.3242 1.5917 0.0568
Car -1 -1 -0.1542 681.0668 175.2864 753.0013 201.9244 1.5624 1.6421 4.0647 6.4116 1.7113 43.3133 -0.0087 0.0560