Car -1 -1 4.7047 587.9153 180.8998 618.7664 209.7669 1.5182 1.6728 4.1356 -0.3726 2.0007 41.1905 4.6951 0.7784
Car -1 -1 1.4614 156.3506 189.3365 200.5562 220.0560 1.5209 1.6733 4.2396 -24.1013 2.4912 40.2771 0.9248 0.3883
Car -1 -1 3.9214 133.2458 175.2594 206.6482 200.3106 1.5873 1.6776 4.1220 -28.7794 1.7492 47.2638 3.3768 0.1024
Car -1 -1 1.9505 133.4996 190.5658 203.0186 223.4174 1.5062 1.6323 4.2227 -22.9434 2.4857 37.6876 1.4066 0.0924
Car -1 -1 5.3027 194.8504 189.6746 266.6081 218.6263 1.4645 1.6487 4.0073 -21.4324 2.4689 41.0012 4.8234 0.0902
Car -1 -1 5.3581 165.8149 184.6753 228.7619 212.0230 1.5649 1.5711 3.5362 -25.4948 2.3283 44.7458 4.8425 0.0893
Car -1 -1 1.6799 174.1227 174.1343 209.4476 200.0145 1.6428 1.6167 3.8563 -27.7973 1.7318 48.0970 1.1580 0.0808
Car -1 -1 4.2240 134.3193 183.8972 198.5668 211.2381 1.5379 1.6703 3.9359 -26.8483 2.2331 43.6973 3.6755 0.0793
Car -1 -1 -0.0923 574.4662 180.8067 649.2344 208.6289 1.4827 1.6023 4.0115 0.0950 1.9342 39.9900 -0.0905 0.0672
Car -1 -1 -0.2375 201.0513 189.1400 289.9783 218.6123 1.4560 1.6538 4.1034 -20.0188 2.3976 39.7620 -0.7016 0.0648
Car -1 -1 1.5169 187.9748 190.5354 225.3959 220.4736 1.5036 1.6446 4.0966 -22.9122 2.5609 40.9751 1.0095 0.0632
Car -1 -1 2.1280 150.2651 173.2688 210.8216 201.4820 1.7540 1.7025 3.6302 -27.7197 1.7819 46.7467 1.5951 0.0519
Car -1 -1 1.5578 585.7014 178.4555 617.2524 208.1422 1.5096 1.6388 4.0180 -0.4703 1.8319 39.4850 1.5454 0.0501