Car -1 -1 4.9723 297.8622 181.0126 480.9357 303.0460 1.5356 1.6628 4.2108 -3.2333 1.6892 11.4753 4.7027 0.9762
Car -1 -1 1.7029 435.7497 185.3718 514.7079 242.1051 1.4307 1.7151 4.3347 -3.8584 1.8397 21.3724 1.5258 0.9554
Car -1 -1 4.4619 706.4616 183.0057 875.5147 289.9372 1.4290 1.6810 4.2263 2.8194 1.6305 12.1852 4.6828 0.9409
Car -1 -1 4.5939 669.5984 178.7599 742.0252 240.0476 1.5494 1.5990 3.4820 2.6236 1.7300 20.3242 4.7195 0.9291
Car -1 -1 4.2118 824.1360 182.5556 1242.0000 375.0000 1.3858 1.6632 4.1378 2.6464 1.4705 4.2113 4.7410 0.9002
Car -1 -1 3.2641 447.5536 173.7849 525.9981 203.0741 1.5073 1.5918 3.9128 -6.4303 1.5575 38.0694 3.0975 0.8656
Car -1 -1 4.6479 641.3882 175.1019 684.0568 211.4251 1.4467 1.5632 3.9334 2.2223 1.5492 30.9521 4.7183 0.7081
Car -1 -1 1.3923 633.7327 158.2035 679.8787 189.0083 1.4857 1.6661 3.9670 2.3540 0.7791 36.8647 1.4553 0.3081
Car -1 -1 4.8273 605.4776 167.5078 639.5799 196.1979 1.7471 1.7121 4.1520 0.8747 1.4215 46.1094 4.8458 0.1515
Car -1 -1 1.6232 496.5982 188.3555 525.3999 214.2610 1.4984 1.6197 3.8517 -6.2570 2.5314 46.0961 1.4885 0.1430
Car -1 -1 5.0002 467.1149 162.7621 501.8600 184.4979 1.5970 1.6159 3.7118 -9.4830 0.8555 54.9503 4.8299 0.0967
Car -1 -1 2.7715 944.8197 175.6447 1073.5063 220.2217 1.5571 1.6297 3.7819 14.5183 1.6632 26.3837 3.2693 0.0962
Car -1 -1 -0.1991 444.9447 197.7970 527.1592 231.5243 1.4859 1.7005 3.7145 -6.0687 2.7606 35.4125 -0.3683 0.0956
Car -1 -1 4.4728 1024.0853 160.1040 1242.0000 293.0428 1.4531 1.6461 4.1364 7.1290 1.3137 10.1125 5.0728 0.0896
Car -1 -1 4.7097 728.5355 169.0683 755.0737 191.8305 1.4473 1.6650 4.2785 8.8093 1.2066 48.1299 4.8894 0.0860
Car -1 -1 2.9075 470.1987 188.2334 537.3648 214.2259 1.5080 1.6351 3.8795 -6.6119 2.5006 45.0888 2.7622 0.0834
Car -1 -1 2.9243 706.6029 169.6478 773.8394 192.1911 1.4383 1.5987 4.0510 8.4624 1.2337 46.9155 3.1013 0.0823
Car -1 -1 2.6550 1054.3398 169.0292 1242.0000 228.0295 1.4913 1.6063 4.1812 14.5546 1.3946 19.3456 3.2923 0.0807
Car -1 -1 -0.1509 642.4143 175.3855 747.1391 213.1958 1.5174 1.6492 4.1162 3.4861 1.6257 29.9769 -0.0368 0.0794
Car -1 -1 -0.7823 1050.1046 151.8423 1242.0000 282.5099 1.4327 1.5783 4.0025 7.8449 1.2023 8.8446 -0.0733 0.0789
Car -1 -1 4.3057 794.2885 176.2856 905.0211 237.6594 1.5522 1.6107 3.6852 6.6447 1.6582 20.3739 4.6160 0.0756
Car -1 -1 5.1667 594.1862 164.3742 651.5162 195.1610 1.6167 1.6643 3.8232 0.7888 1.1714 39.9703 5.1859 0.0750
Car -1 -1 1.5317 421.1667 190.7540 459.4818 224.3931 1.4767 1.7111 3.9008 -8.4934 2.4227 36.0249 1.3013 0.0743
Car -1 -1 4.8471 458.4996 163.7201 490.2377 186.8850 1.6183 1.7137 4.2296 -9.8009 0.9802 52.5622 4.6635 0.0725
Car -1 -1 -0.3638 610.8084 175.1935 718.6298 211.5709 1.4862 1.6199 4.3340 2.3620 1.5914 31.0524 -0.2892 0.0686
Car -1 -1 5.3146 496.6395 166.2966 537.0258 185.1326 1.7348 1.7169 4.2342 -8.7907 1.1308 68.7280 5.1876 0.0662
Car -1 -1 1.5075 442.9280 189.2917 480.3204 222.3967 1.4913 1.6180 3.8775 -7.5582 2.3738 36.6547 1.3051 0.0649
Car -1 -1 4.6115 632.1061 168.6086 664.3297 196.4033 1.6917 1.6549 3.9230 2.4172 1.4333 45.9154 4.6634 0.0646
Car -1 -1 -0.4428 620.0602 166.1508 696.2243 194.3222 1.5484 1.6314 4.0237 2.7701 1.1799 41.1552 -0.3764 0.0644
Car -1 -1 1.6013 645.5937 157.3521 680.6424 190.8360 1.5475 1.5939 3.8718 2.6691 0.8310 35.3550 1.6758 0.0642
Car -1 -1 4.4938 878.2734 174.2559 938.5433 217.5500 1.5261 1.5054 2.7695 11.1293 1.5815 27.0208 4.8801 0.0634
Car -1 -1 4.6801 640.2612 176.5439 682.3416 215.4482 1.4716 1.5878 3.5698 2.0590 1.6315 29.4490 4.7486 0.0602
Car -1 -1 1.2875 607.0909 172.2772 635.7745 188.9148 1.5149 1.6102 4.1113 1.0820 1.4623 67.8913 1.3030 0.0590
Car -1 -1 4.7060 471.0119 162.0291 494.0537 185.2960 1.7811 1.7421 4.1156 -10.1181 0.9525 57.4161 4.5321 0.0558
Car -1 -1 4.7451 629.2985 163.5863 661.0676 193.4931 1.6127 1.6700 4.0183 2.0657 1.1129 40.9783 4.7948 0.0556
Car -1 -1 1.8677 479.7817 183.8634 525.9709 211.2319 1.5085 1.6309 4.0960 -6.3925 2.2073 43.6461 1.7227 0.0538
Car -1 -1 4.5901 761.6381 178.1573 802.1918 212.4839 1.5895 1.5060 3.7471 8.5340 1.8680 35.9550 4.8207 0.0533
Car -1 -1 4.6842 465.7937 171.1367 506.1625 207.4699 1.4536 1.5949 3.7770 -5.3355 1.3849 30.8747 4.5141 0.0527
Car -1 -1 0.2690 608.2052 155.7343 692.8453 187.2515 1.5196 1.6177 3.9505 2.0625 0.6942 36.1873 0.3252 0.0505