Car -1 -1 4.3674 863.7621 141.2287 1160.8002 315.6985 1.5715 1.6605 4.0095 4.3617 1.2866 8.5833 4.8232 0.9642
Car -1 -1 -0.4756 866.2073 159.6706 967.6801 194.7670 1.4891 1.5996 3.7706 13.3981 0.9297 31.5576 -0.0776 0.3270
Car -1 -1 -0.0221 780.9965 134.2561 918.0370 186.4839 1.5593 1.6509 3.9875 7.5380 0.4069 22.9063 0.2920 0.1339
Car -1 -1 3.1703 971.4857 122.7856 1120.9020 174.6260 1.5749 1.6552 4.0778 14.2554 0.0538 23.7107 3.7065 0.1080
Car -1 -1 4.8532 868.9008 160.0968 919.3523 194.4029 1.4358 1.5796 3.8678 12.7725 0.9019 32.2707 5.2267 0.1074
Car -1 -1 3.8187 808.0609 162.7889 905.5449 196.2060 1.4051 1.6124 4.0194 11.0398 0.9819 32.4661 4.1435 0.0946
Car -1 -1 4.7186 794.5538 152.6212 857.0306 211.9915 1.5602 1.5918 3.6137 6.2628 1.0285 20.9207 5.0052 0.0940
Car -1 -1 4.3700 980.6025 120.7025 1084.0570 172.0526 1.5854 1.6961 4.1937 14.2319 -0.0297 24.5602 4.8903 0.0937
Car -1 -1 4.4009 993.7709 127.1031 1119.3495 192.0435 1.5308 1.6493 3.9656 11.6647 0.4523 19.1264 4.9419 0.0914
Car -1 -1 -0.8381 843.3984 140.1902 915.0025 168.3029 1.6642 1.6836 4.3954 16.8487 -0.2953 45.0496 -0.4822 0.0768
Car -1 -1 -0.6199 841.5258 162.1444 935.9612 197.3785 1.4676 1.5167 3.6070 12.0704 1.0215 31.2426 -0.2546 0.0731
Car -1 -1 -0.3144 908.2894 120.7690 1104.0247 184.9925 1.5413 1.5700 4.0981 9.9858 0.2913 18.4464 0.1753 0.0693
Car -1 -1 4.5363 859.9012 144.6932 929.9705 191.5074 1.5430 1.6393 3.9838 10.1388 0.6148 25.8940 4.9056 0.0646
Car -1 -1 4.6077 783.8616 148.0144 846.7269 195.2971 1.4738 1.6357 3.8710 6.9066 0.6996 24.5346 4.8788 0.0618
Car -1 -1 4.4612 857.8047 139.3456 901.6178 168.3995 1.7405 1.6913 3.8554 17.1034 -0.2954 45.8434 4.8163 0.0605
Car -1 -1 4.5759 774.0573 161.1936 817.7828 193.5290 1.5632 1.6368 3.8991 9.4719 0.9995 36.9106 4.8249 0.0579
Car -1 -1 -0.3472 807.0297 165.1344 909.5118 200.1370 1.4804 1.5950 3.8993 10.7537 1.1539 31.3539 -0.0200 0.0529