Car -1 -1 3.7278 0.0000 191.3339 206.7695 278.5046 1.5266 1.5359 3.3511 -9.8026 1.9003 13.7845 3.1185 0.9097
Car -1 -1 1.6126 462.1908 180.0403 510.1233 219.9561 1.4354 1.7059 4.1552 -4.8698 1.7448 28.8948 1.4466 0.8885
Car -1 -1 2.9474 642.9805 150.7619 724.1096 179.0676 1.5116 1.6044 4.1890 4.0191 0.3318 39.5263 3.0479 0.6563
Car -1 -1 1.3279 652.0407 167.7394 721.6555 211.9879 1.5969 1.7568 4.0806 2.9274 1.4123 28.1832 1.4298 0.4315
Car -1 -1 -0.3550 663.1644 149.7931 738.2117 176.7449 1.6545 1.7304 4.3806 5.7459 0.2388 45.6351 -0.2306 0.2781
Car -1 -1 4.5559 563.2632 170.1936 590.7915 190.6877 1.6358 1.6756 3.9647 -2.7256 1.4234 59.7015 4.5102 0.2189
Car -1 -1 4.4739 669.1194 158.4330 719.4240 193.3251 1.5552 1.5847 3.3954 3.9298 0.9124 33.9432 4.5879 0.1360
Car -1 -1 1.1005 541.8170 170.6550 584.0797 191.8679 1.6976 1.6862 4.4269 -3.9241 1.5216 60.0766 1.0352 0.1213
Car -1 -1 0.6105 0.0000 176.6289 155.2260 234.0647 1.5185 1.5801 3.4559 -14.8316 1.6275 20.0110 -0.0211 0.1170
Car -1 -1 4.4694 685.7259 148.1042 727.3506 175.5845 1.6923 1.7018 4.1780 6.2067 0.1681 46.6041 4.6009 0.0988
Car -1 -1 1.6999 561.4476 170.0246 588.9862 191.2992 1.6348 1.6622 4.2430 -2.7037 1.4173 57.6261 1.6529 0.0885
Car -1 -1 4.5752 664.7726 144.9941 699.3297 172.9833 1.7117 1.6839 3.8103 4.5829 0.0079 46.0614 4.6737 0.0855
Car -1 -1 3.3708 547.6390 171.9111 599.7427 190.9807 1.5318 1.6643 3.9911 -2.9230 1.4561 59.1344 3.3213 0.0828
Car -1 -1 5.2058 0.0000 176.1625 111.8196 231.4729 1.4590 1.5152 2.7226 -15.8063 1.5604 20.6683 4.5590 0.0802
Car -1 -1 1.8259 557.4196 170.0054 590.7369 192.2731 1.6637 1.6379 3.9473 -2.7134 1.4508 56.0067 1.7774 0.0769
Car -1 -1 3.7470 16.5302 184.3148 212.9655 245.1977 1.5706 1.5741 4.3139 -13.4330 1.8971 19.7384 3.1555 0.0709
Car -1 -1 4.3709 632.3231 152.4346 675.7598 178.7683 1.7492 1.7214 4.1407 3.0394 0.3929 50.1567 4.4309 0.0653
Car -1 -1 5.0316 165.2712 175.2940 267.8349 229.3537 1.4243 1.5387 3.6479 -11.3621 1.5022 21.1116 4.5428 0.0639
Car -1 -1 5.1345 655.6198 148.6781 718.7808 182.2675 1.5775 1.6813 3.8996 3.9283 0.4421 35.9948 5.2422 0.0586
Car -1 -1 -0.1503 647.8514 149.6588 716.4363 176.1647 1.6210 1.6863 4.0545 4.4991 0.2025 45.0728 -0.0515 0.0582
Car -1 -1 4.0792 692.7427 153.8195 752.1380 180.6355 1.6244 1.7418 3.9205 7.1180 0.4714 45.8498 4.2321 0.0553
Car -1 -1 0.6175 445.1320 166.9648 499.3008 188.2506 1.7775 1.7328 4.3740 -11.7973 1.2857 61.9531 0.4298 0.0552
Car -1 -1 4.5838 659.6287 149.3263 704.1918 187.5120 1.7440 1.6423 3.9745 3.4456 0.6695 34.9661 4.6810 0.0524
Car -1 -1 1.7831 465.7992 174.7033 516.6182 207.2330 1.4718 1.6075 4.0167 -5.6597 1.5666 34.9264 1.6232 0.0510
Car -1 -1 5.0100 473.5242 169.2117 505.6840 187.7814 1.5764 1.6508 4.1109 -10.4971 1.2672 63.3992 4.8464 0.0500