Car -1 -1 1.8571 342.0975 189.6691 453.1406 255.1664 1.4420 1.6216 4.3992 -5.4794 1.9415 19.2280 1.5824 0.8397
Car -1 -1 1.7973 482.2365 182.7392 533.8130 214.8756 1.5304 1.7686 4.2317 -5.2595 2.0794 37.8910 1.6597 0.8236
Car -1 -1 4.7565 641.5450 176.9628 674.2465 205.8723 1.5009 1.6437 3.7591 2.7183 1.7397 39.9766 4.8234 0.6010
Car -1 -1 4.9623 412.3034 180.2726 460.7143 209.0019 1.4194 1.5947 3.9054 -9.1996 1.8368 38.6293 4.7296 0.4141
Car -1 -1 1.7211 503.1726 175.7036 531.7523 196.9273 1.5928 1.6126 4.2502 -7.2174 1.8259 56.8713 1.5951 0.2791
Car -1 -1 5.0286 654.5588 174.6607 694.5421 198.0169 1.5457 1.6249 3.9479 4.5646 1.6768 50.2171 5.1183 0.2417
Car -1 -1 4.7079 627.0465 172.8043 649.5731 195.1275 1.5954 1.6096 3.8691 2.1222 1.5919 53.5298 4.7469 0.2186
Car -1 -1 1.5925 703.1238 161.5575 736.0151 194.1080 1.6106 1.6155 4.0178 5.8062 1.0516 37.8188 1.7434 0.1930
Car -1 -1 1.5383 668.6442 165.5260 740.4653 234.2220 1.6055 1.6731 3.8676 2.4031 1.4343 18.8656 1.6623 0.1493
Car -1 -1 4.1249 692.2431 161.0511 734.5853 180.8349 1.6262 1.6487 3.9573 8.8028 0.6560 61.4491 4.2664 0.1398
Car -1 -1 1.2655 672.3436 181.8278 706.7665 201.1595 1.4249 1.5925 3.9550 6.3017 2.1626 57.2231 1.3742 0.1070
Car -1 -1 3.6513 622.1059 175.7952 682.8839 197.9136 1.4524 1.5767 3.8906 2.9321 1.6613 49.5446 3.7096 0.1025
Car -1 -1 0.3146 432.8021 185.7560 522.5544 216.1751 1.4682 1.6654 4.2025 -6.7061 2.1474 36.8743 0.1355 0.0967
Car -1 -1 1.1018 625.9854 188.5457 676.5563 215.4326 1.4597 1.5929 3.5635 2.4631 2.4460 43.4020 1.1574 0.0949
Car -1 -1 1.3495 507.2008 183.8385 542.0200 207.2823 1.6319 1.6873 4.4614 -6.5009 2.5031 54.8436 1.2316 0.0848
Car -1 -1 3.4575 389.7642 180.4014 470.1550 208.4455 1.4290 1.6118 3.8199 -9.4768 1.8387 38.2210 3.2156 0.0807
Car -1 -1 1.1314 675.0441 157.8677 806.4207 226.1386 1.4861 1.6362 3.9484 3.0877 1.1599 17.8272 1.2996 0.0794
Car -1 -1 1.5076 690.5217 162.6422 758.7167 222.1800 1.4954 1.6128 3.7339 3.1066 1.2389 20.0533 1.6585 0.0794
Car -1 -1 2.1095 522.5143 184.6141 567.3956 205.4315 1.4516 1.6100 3.9225 -4.8643 2.3795 54.8189 2.0210 0.0791
Car -1 -1 1.8102 434.4450 180.6315 482.7691 210.2052 1.4790 1.6371 4.1074 -8.1460 1.9246 39.2609 1.6066 0.0755
Car -1 -1 1.6103 506.3232 187.3449 536.9341 214.9423 1.5087 1.6783 4.1849 -5.2994 2.4328 43.8601 1.4902 0.0752
Car -1 -1 4.4801 489.4869 183.0786 536.2467 213.9543 1.5371 1.6462 4.0662 -5.3542 2.1289 39.5663 4.3460 0.0747
Car -1 -1 1.5670 678.0997 179.8257 696.1840 197.6056 1.5009 1.5589 3.8491 6.9215 2.1431 64.4688 1.6730 0.0716
Car -1 -1 -0.2145 672.8003 155.7292 829.3072 215.4281 1.5376 1.6200 3.8783 3.7320 1.0965 19.4484 -0.0282 0.0677
Car -1 -1 1.8960 455.4005 181.8872 497.0175 207.5002 1.5991 1.6174 3.7875 -8.9019 2.2304 48.4411 1.7148 0.0670
Car -1 -1 5.0408 693.8018 157.2642 739.4771 184.3925 1.7285 1.7408 4.2631 7.2103 0.7352 48.2658 5.1880 0.0665
Car -1 -1 1.5793 622.2803 175.8763 647.7932 199.2686 1.5382 1.6971 4.1218 1.7846 1.7568 50.0838 1.6143 0.0661
Car -1 -1 5.1085 413.3169 183.0750 473.3022 213.1120 1.5093 1.7020 4.3208 -9.1523 2.1093 40.0792 4.8849 0.0651
Car -1 -1 2.8177 605.6532 168.6010 768.6878 232.2308 1.5879 1.7163 3.9914 2.0289 1.4817 19.2811 2.9202 0.0648
Car -1 -1 5.2324 384.1765 166.3176 591.1589 275.8778 1.4576 1.5521 3.8259 -1.7555 1.3707 11.6639 5.0854 0.0647
Car -1 -1 3.7704 371.5820 182.8104 455.4155 211.1964 1.4246 1.6990 4.1482 -10.5455 1.9814 38.8206 3.5064 0.0643
Car -1 -1 3.0492 481.1020 175.1731 595.7455 220.8020 1.4541 1.5770 3.7014 -2.4229 1.5357 24.2356 2.9501 0.0625
Car -1 -1 1.5306 697.6642 159.7495 741.8940 201.1236 1.6320 1.6719 4.2624 4.6172 1.1151 30.6688 1.6782 0.0618
Car -1 -1 3.1463 463.4416 182.4833 548.9924 212.8647 1.5233 1.7724 4.3685 -5.4337 2.0474 38.0971 3.0051 0.0605
Car -1 -1 1.7082 633.9515 159.7436 722.3833 227.4701 1.4646 1.6193 3.9791 1.7926 1.1811 17.7274 1.8067 0.0568
Car -1 -1 -0.2265 696.7588 160.5735 748.1392 179.5756 1.5813 1.6631 4.0212 9.5225 0.5593 61.0187 -0.0726 0.0558
Car -1 -1 0.7032 307.3784 183.6915 452.9750 241.6038 1.5191 1.6129 3.9311 -6.6767 1.8571 20.9960 0.3984 0.0541
Car -1 -1 3.3864 395.9425 179.3574 484.8193 207.5378 1.4821 1.6385 4.4350 -9.1430 1.8432 39.2000 3.1584 0.0536
Car -1 -1 2.6163 469.0647 187.3653 543.2751 215.9556 1.5028 1.6280 3.9608 -5.9427 2.3786 41.6827 2.4750 0.0523
Car -1 -1 1.9983 543.3915 183.8548 583.8693 205.0744 1.4627 1.6096 3.7386 -3.3886 2.3151 53.8781 1.9353 0.0502