Car -1 -1 4.9692 322.9945 190.5561 473.8330 292.8267 1.5546 1.7285 3.9527 -3.7839 1.9379 13.6396 4.7026 0.9704
Car -1 -1 2.2067 0.0000 191.4798 140.3609 271.9889 1.5848 1.5930 3.8615 -13.1160 2.0748 17.0420 1.5582 0.9649
Car -1 -1 4.8253 450.4648 185.8434 491.7477 218.5343 1.4952 1.6296 3.7389 -6.9402 2.1861 36.4554 4.6380 0.9325
Car -1 -1 2.0577 160.0782 189.6381 262.4088 230.6833 1.4567 1.6836 4.6970 -16.3344 2.2069 29.8921 1.5610 0.8485
Car -1 -1 4.7769 547.5585 183.0465 575.6940 206.6435 1.4160 1.5825 3.6598 -3.0674 2.1017 46.7107 4.7112 0.7568
Car -1 -1 1.8655 378.5672 186.5773 413.0411 206.2920 1.5115 1.6314 4.1098 -17.8008 2.6967 60.2523 1.5790 0.3298
Car -1 -1 4.7444 22.9078 174.5299 69.1483 208.4090 1.4586 1.5436 3.5579 -25.8260 1.5400 33.1450 4.0863 0.3092
Car -1 -1 4.5358 436.9789 176.6745 470.2730 198.7390 1.4708 1.6113 4.0785 -11.0691 1.7528 51.0504 4.3230 0.2563
Car -1 -1 1.4902 465.6153 177.8470 488.3718 196.8503 1.5845 1.6395 4.1954 -11.7095 2.0400 63.5777 1.3085 0.2390
Car -1 -1 1.6892 152.2512 189.3935 189.1910 215.2050 1.5251 1.6214 3.8135 -28.7512 2.6582 47.3598 1.1459 0.1693
Car -1 -1 4.6620 571.2818 172.2717 593.6115 193.2953 1.7287 1.7042 3.7962 -2.3314 1.6808 61.2966 4.6238 0.1528
Car -1 -1 1.5837 370.5897 171.1480 409.9292 205.8794 1.5194 1.6587 3.9998 -10.2080 1.4447 33.7157 1.2916 0.1451
Car -1 -1 3.4003 0.0000 173.1314 71.1938 208.5642 1.4941 1.5963 3.7860 -26.3654 1.5070 31.9592 2.7145 0.1377
Car -1 -1 0.0642 372.5175 188.1523 423.1515 207.3591 1.5067 1.5953 3.9258 -17.4844 2.7987 59.7293 -0.2198 0.1299
Car -1 -1 1.8097 373.7476 184.3095 408.3202 206.0323 1.6043 1.6546 4.3967 -17.4782 2.5589 57.8875 1.5173 0.1243
Car -1 -1 1.8436 150.7274 193.4278 199.7933 221.2778 1.5592 1.5791 4.2539 -27.6076 2.9351 45.9945 1.3053 0.1241
Car -1 -1 1.8246 130.9956 197.1787 186.0349 228.6424 1.4744 1.6168 3.7578 -24.2967 2.8575 38.9917 1.2701 0.1038
Car -1 -1 1.9710 195.1216 186.7294 250.7604 211.9735 1.4722 1.6518 4.2001 -24.8987 2.4104 46.6236 1.4826 0.1005
Car -1 -1 1.7408 208.6630 192.3560 265.0854 229.8027 1.4747 1.6197 3.8861 -16.8050 2.4150 32.6940 1.2690 0.0964
Car -1 -1 3.7750 303.6127 173.7308 400.1820 207.9838 1.4688 1.6051 3.8814 -11.5338 1.5097 32.3374 3.4346 0.0865
Car -1 -1 1.2244 381.3692 181.6884 420.6656 203.0120 1.5595 1.6480 4.1834 -16.4352 2.2810 56.7503 0.9434 0.0859
Car -1 -1 4.8891 3.9053 173.0110 70.9493 209.1065 1.4867 1.6191 4.0189 -25.1885 1.4941 31.8924 4.2246 0.0774
Car -1 -1 4.1961 90.5296 196.0636 167.4442 227.1766 1.4657 1.6517 3.9437 -25.3516 2.7421 38.0507 3.6113 0.0726
Car -1 -1 -0.0473 567.8005 173.9156 612.5657 193.8018 1.6364 1.6865 3.6728 -1.6453 1.7268 60.4563 -0.0748 0.0717
Car -1 -1 4.8363 326.4447 192.5729 363.3686 220.3304 1.4839 1.6345 3.6429 -15.8366 2.7211 43.3127 4.4873 0.0701
Car -1 -1 5.2951 449.1708 178.2953 499.4102 201.3378 1.5250 1.5787 3.9236 -9.4838 1.9245 50.8661 5.1114 0.0685
Car -1 -1 1.5854 442.0600 174.6353 468.0883 199.4789 1.5924 1.6485 4.1987 -10.4079 1.7183 48.7864 1.3760 0.0680
Car -1 -1 0.6988 450.5734 178.4335 499.0082 197.5713 1.5860 1.6140 4.0292 -11.6793 2.0823 62.4782 0.5144 0.0641
Car -1 -1 2.4087 162.1655 191.1102 237.3489 216.7048 1.4525 1.6525 4.1573 -26.2454 2.6821 46.3667 1.8958 0.0630
Car -1 -1 1.5444 543.8344 179.6611 571.7121 206.5225 1.5732 1.6401 3.8891 -3.2868 2.0196 45.2967 1.4718 0.0628
Car -1 -1 1.1543 127.2852 190.6228 182.5643 216.4780 1.5062 1.6463 3.6785 -29.0592 2.6836 46.0979 0.5942 0.0625
Car -1 -1 1.6895 463.5289 178.6302 489.9345 199.8362 1.6795 1.6960 4.0993 -11.0781 2.1797 60.3865 1.5084 0.0623
Car -1 -1 3.9255 102.2075 192.5582 221.9113 232.7552 1.4561 1.6403 4.0796 -17.7420 2.2731 28.6505 3.3749 0.0584
Car -1 -1 0.0651 312.8232 193.2470 372.5144 217.7444 1.5329 1.5413 3.6678 -17.8889 2.9394 48.5033 -0.2868 0.0564
Car -1 -1 2.1420 97.3120 196.3430 172.9862 228.2079 1.4456 1.6309 3.4426 -24.2401 2.7065 37.0048 1.5652 0.0558
Car -1 -1 2.0527 126.1024 191.2965 186.5398 218.2983 1.5207 1.6332 3.7807 -28.3364 2.7268 45.2402 1.4955 0.0550
Car -1 -1 3.2010 442.9290 191.1664 504.0540 216.2621 1.4716 1.7479 3.6469 -8.4406 2.6416 45.0047 3.0161 0.0544
Car -1 -1 1.4234 422.0907 180.4027 458.2133 206.8580 1.5851 1.6795 4.2196 -11.0289 2.0984 46.7981 1.1928 0.0542
Car -1 -1 1.9109 345.8432 173.8286 413.6992 208.6242 1.4591 1.6575 3.9716 -10.2216 1.5056 32.3845 1.6071 0.0536
Car -1 -1 1.7819 503.8207 181.4287 531.3600 199.1840 1.4880 1.6068 4.1785 -8.2078 2.2824 64.6950 1.6559 0.0519
Car -1 -1 2.1709 353.0073 181.8031 401.8571 205.4283 1.7426 1.6544 4.0881 -18.3049 2.4778 57.0797 1.8616 0.0518
Car -1 -1 5.3676 471.7729 180.9169 515.7409 199.4411 1.5169 1.6668 4.0653 -10.0962 2.2472 63.1710 5.2094 0.0512
Car -1 -1 1.9379 390.2084 186.8671 427.2431 206.9669 1.5198 1.5947 4.0455 -16.5288 2.7171 59.5618 1.6679 0.0501
Car -1 -1 1.1016 555.6528 176.7219 608.0333 203.5250 1.4840 1.5656 3.7290 -1.6793 1.7228 42.5387 1.0619 0.0500