Car -1 -1 1.9708 223.4641 182.8788 363.2829 251.1862 1.4570 1.6791 4.1525 -7.7206 1.7370 18.0773 1.5720 0.9665
Car -1 -1 1.5670 490.8254 175.9923 513.7250 197.7663 1.5173 1.6003 3.8030 -7.8639 1.7559 52.8562 1.4197 0.3392
Car -1 -1 1.8646 309.5959 184.2313 366.5798 214.7573 1.4472 1.6224 4.2985 -14.2256 2.0817 38.0403 1.5086 0.3351
Car -1 -1 1.4466 264.8872 177.4793 296.5794 198.6628 1.4910 1.6673 4.0732 -24.5942 1.8504 53.9041 1.0202 0.3155
Car -1 -1 4.4905 477.6432 167.4219 505.3681 186.0993 1.6335 1.6466 3.9416 -10.7031 1.1584 65.2385 4.3283 0.2017
Car -1 -1 1.3998 327.2517 171.7987 363.1375 195.8496 1.5433 1.5914 4.1086 -17.7965 1.4756 48.4784 1.0495 0.1813
Car -1 -1 4.9560 218.6954 188.8255 258.7437 212.0897 1.5018 1.6516 3.8519 -26.3974 2.6868 51.4725 4.4839 0.1680
Car -1 -1 1.9491 343.1183 183.5640 402.6385 213.1037 1.4363 1.6561 3.9989 -12.5871 2.0399 38.6167 1.6356 0.1296
Car -1 -1 3.4130 191.4031 188.6007 258.1832 211.8387 1.5348 1.5285 3.8443 -26.8133 2.6596 50.3825 2.9258 0.1254
Car -1 -1 1.5883 309.7302 175.4719 333.2051 195.5230 1.4586 1.5901 4.0587 -22.0185 1.6669 55.2351 1.2104 0.1253
Car -1 -1 0.6251 463.2719 176.1174 519.6396 198.0718 1.5186 1.5750 3.8004 -8.5047 1.7604 51.9235 0.4632 0.1167
Car -1 -1 1.8452 193.5167 199.7787 240.8891 226.6272 1.4965 1.7119 3.7254 -25.0801 3.2969 46.2429 1.3503 0.1089
Car -1 -1 3.2973 565.5455 173.0541 609.8996 188.8737 1.4784 1.5903 4.0104 -2.0564 1.4977 68.4952 3.2671 0.1066
Car -1 -1 1.8560 253.8489 178.2160 297.1210 200.8217 1.5424 1.7047 4.3170 -24.2680 1.9497 52.5606 1.4251 0.1054
Car -1 -1 1.9740 297.2066 175.6809 343.0169 196.6076 1.4920 1.6125 4.3421 -21.6843 1.7130 54.2249 1.5950 0.0941
Car -1 -1 2.3921 353.8603 182.0425 435.2842 212.0135 1.4383 1.6222 4.1192 -11.2908 1.9519 38.1511 2.1059 0.0924
Car -1 -1 1.6230 578.5379 172.9888 596.9368 188.7819 1.4430 1.5215 4.0971 -2.0314 1.4561 68.0247 1.5929 0.0829
Car -1 -1 4.0735 242.9757 168.0408 356.6202 211.7763 1.4777 1.6506 4.1309 -11.2452 1.3151 26.1332 3.6706 0.0808
Car -1 -1 0.6918 297.4844 184.7098 384.2644 215.3646 1.5008 1.6590 4.1825 -14.1231 2.1485 37.9414 0.3374 0.0799
Car -1 -1 4.9603 219.2011 181.7735 275.9174 214.9684 1.4696 1.5773 3.7311 -17.4833 1.9269 35.0036 4.4998 0.0795
Car -1 -1 1.7305 335.7008 172.3504 371.6873 197.6960 1.6035 1.6308 3.9267 -16.8720 1.5716 47.7251 1.3922 0.0780
Car -1 -1 4.0391 287.5673 181.3337 362.6373 209.4463 1.4254 1.6319 4.0674 -15.5287 1.9081 39.3484 3.6652 0.0719
Car -1 -1 2.0803 193.1491 181.1007 268.0992 215.9953 1.4969 1.5866 3.4599 -17.5229 1.9002 33.5342 1.6018 0.0693
Car -1 -1 5.0910 498.2458 176.9464 539.2747 198.5211 1.4937 1.6030 4.0393 -6.6107 1.8061 52.9281 4.9670 0.0686
Car -1 -1 4.7232 223.7371 193.4792 249.0024 215.3741 1.5198 1.6902 3.7556 -28.9401 3.1800 56.0194 4.2480 0.0672
Car -1 -1 3.0590 329.9956 184.5342 413.1020 214.3996 1.4712 1.6591 4.0704 -12.6378 2.1167 38.3168 2.7420 0.0661
Car -1 -1 0.4173 211.6311 187.1514 283.6681 209.6708 1.5099 1.6608 4.1915 -25.2708 2.5283 50.4742 -0.0451 0.0657
Car -1 -1 5.1139 242.8706 178.8712 310.4443 211.7458 1.4822 1.6005 3.8525 -16.1450 1.7919 35.1906 4.6863 0.0647
Car -1 -1 1.9959 232.1805 185.7025 284.5741 209.0296 1.5266 1.7414 4.3329 -25.1400 2.4882 51.8158 1.5460 0.0641
Car -1 -1 0.5996 165.9053 182.5069 267.0208 215.6508 1.4944 1.6359 3.9766 -18.5624 1.9650 34.1497 0.1047 0.0620
Car -1 -1 1.8252 474.3479 175.4842 511.1890 198.6276 1.5540 1.5929 4.0747 -8.2100 1.7476 51.0294 1.6661 0.0619
Car -1 -1 2.4047 283.1049 173.6312 344.9817 195.9202 1.5622 1.6196 4.2011 -21.6292 1.6217 52.9719 2.0186 0.0608
Car -1 -1 2.0124 334.6230 178.6223 382.0093 201.3607 1.5632 1.6401 4.1864 -18.3458 2.0033 52.8746 1.6797 0.0599
Car -1 -1 4.8922 276.8652 171.6166 345.6744 216.1875 1.4553 1.6013 3.6408 -10.4513 1.4149 25.5051 4.5066 0.0597
Car -1 -1 3.4763 307.1013 172.2821 374.4466 198.2087 1.6707 1.6481 3.8116 -17.6014 1.6339 47.3577 3.1220 0.0588
Car -1 -1 1.6190 326.6324 173.2165 356.9534 200.0738 1.6382 1.6194 4.0318 -17.1127 1.6625 46.2354 1.2661 0.0579
Car -1 -1 1.9201 375.8435 182.4280 432.2771 211.3856 1.4233 1.5957 4.1609 -11.0313 1.9692 39.0093 1.6459 0.0573
Car -1 -1 1.7209 188.4486 198.2386 232.0587 226.2727 1.4289 1.6950 3.7668 -23.4957 2.9990 42.5688 1.2189 0.0571
Car -1 -1 4.9939 488.4535 167.8223 518.6525 185.8845 1.5858 1.6599 4.0036 -9.5761 1.1441 65.4466 4.8490 0.0562
Car -1 -1 3.5122 247.6547 177.5393 312.7500 199.3354 1.5539 1.6441 4.0074 -24.0460 1.9026 52.7708 3.0863 0.0556
Car -1 -1 2.2844 274.2068 175.4078 333.9249 198.4669 1.5513 1.6279 4.0748 -21.6152 1.7404 51.2170 1.8867 0.0553
Car -1 -1 3.4311 340.1666 185.1435 416.8576 214.6365 1.4538 1.6481 3.4294 -11.8452 2.1008 37.1332 3.1240 0.0539
Car -1 -1 1.8202 322.6427 180.0172 372.2397 208.7353 1.4618 1.6211 4.0164 -14.4018 1.8780 39.8406 1.4751 0.0533
Car -1 -1 3.2941 230.6488 184.1560 294.4678 205.8271 1.4989 1.6691 3.9920 -25.2908 2.3461 52.7149 2.8484 0.0533
Car -1 -1 5.1121 333.5365 176.4814 381.1589 199.6156 1.4939 1.6229 4.0317 -17.1699 1.7521 49.3052 4.7784 0.0524
Car -1 -1 0.2226 476.5939 177.7912 533.8753 199.3097 1.5050 1.6029 3.8137 -7.4714 1.8663 51.8519 0.0798 0.0517
Car -1 -1 4.2179 291.2019 177.6050 348.6457 201.7220 1.5090 1.7089 4.3079 -19.2902 1.8383 47.9838 3.8373 0.0506
Car -1 -1 2.3650 291.6667 174.5123 352.7392 198.1285 1.6159 1.6469 4.0957 -20.5992 1.7403 51.8870 1.9886 0.0504