Car -1 -1 3.0634 522.5469 168.1610 600.6306 197.8741 1.4847 1.6332 3.8942 -2.4979 1.2502 37.1431 2.9963 0.7658
Car -1 -1 4.3532 734.0604 162.4540 775.4951 185.5186 1.5823 1.6340 3.8844 10.3234 0.8688 51.5478 4.5496 0.4043
Car -1 -1 1.3977 0.0000 178.0239 70.0942 217.9131 1.4524 1.5685 3.9643 -22.8885 1.6715 28.6710 0.7283 0.3796
Car -1 -1 -0.0928 515.2913 183.2081 603.4122 215.6269 1.4633 1.5930 4.0594 -2.4213 1.9729 34.3961 -0.1632 0.3554
Car -1 -1 4.6578 285.5883 161.9673 320.4537 189.4281 1.4503 1.5867 3.8100 -17.0978 0.8754 40.1677 4.2576 0.2816
Car -1 -1 4.8240 728.1158 172.7875 753.8105 193.1953 1.6027 1.6141 4.1445 10.7545 1.5975 58.8814 5.0034 0.2635
Car -1 -1 4.4428 770.0099 162.6399 806.7228 185.9152 1.6376 1.7031 3.5587 12.9829 0.9190 52.5700 4.6834 0.2622
Car -1 -1 4.9713 67.2916 185.6888 127.2854 219.2483 1.4601 1.5079 3.4387 -24.5577 2.1106 34.6994 4.3588 0.2600
Car -1 -1 5.0389 794.7645 170.2759 831.4017 190.8797 1.5681 1.5898 4.0039 16.1130 1.3719 57.0159 5.3127 0.2201
Car -1 -1 1.8452 244.0354 165.3891 278.0806 190.2359 2.0873 1.7304 3.6387 -30.1689 1.4602 62.5566 1.3973 0.1961
Car -1 -1 4.9145 164.1975 171.0433 200.7661 193.3894 1.5548 1.5740 3.6086 -30.8275 1.4288 52.1664 4.3828 0.1743
Car -1 -1 -0.5385 815.5262 164.2610 877.9025 185.4384 1.4760 1.6178 3.9635 16.9172 0.8771 51.5163 -0.2231 0.1711
Car -1 -1 1.9845 137.4147 174.0859 184.7296 195.8908 1.5680 1.6208 3.7826 -33.5592 1.6637 54.0956 1.4312 0.1691
Car -1 -1 4.3462 811.0416 164.9276 852.9282 186.8689 1.5325 1.6344 3.8283 16.0879 0.9789 52.3629 4.6425 0.1588
Car -1 -1 4.0271 1012.0712 159.4460 1068.5846 180.1313 1.5024 1.6456 3.7563 32.4025 0.5286 54.3879 4.5620 0.1578
Car -1 -1 1.1949 583.7029 170.2739 616.6522 187.8074 1.5238 1.6037 3.9974 -0.8786 1.2996 64.8612 1.1811 0.1522
Car -1 -1 2.2964 0.0000 178.8345 106.4955 220.6169 1.4749 1.5327 3.8493 -21.7288 1.7234 28.0089 1.6411 0.1490
Car -1 -1 3.7285 0.0000 178.9060 111.0271 218.8375 1.4871 1.5200 3.8334 -21.8450 1.7297 28.0340 3.0711 0.1449
Car -1 -1 4.7405 515.5646 182.9858 549.0784 215.2229 1.4374 1.5180 3.3736 -3.7068 1.9533 35.0054 4.6352 0.1401
Car -1 -1 1.8114 283.5704 150.7944 523.7766 327.7339 1.6120 1.7049 3.9451 -2.1120 1.4110 8.5499 1.5753 0.1316
Car -1 -1 -0.2746 564.1545 165.9387 650.8037 196.8262 1.5522 1.6903 4.2212 -0.1225 1.2047 37.6532 -0.2783 0.1292
Car -1 -1 5.1149 31.1196 163.1509 94.9506 197.2224 2.0821 1.7349 4.2373 -35.0133 1.4892 46.3578 4.4707 0.1285
Car -1 -1 3.1522 0.0000 176.3369 63.9847 219.8327 1.5053 1.6190 3.8915 -22.9919 1.6453 27.1299 2.4539 0.1247
Car -1 -1 1.5195 590.3052 175.6680 616.4711 201.2756 1.6875 1.6044 4.0932 -0.4647 1.8911 50.1002 1.5098 0.1227
Car -1 -1 4.9773 0.0000 189.0365 73.5096 229.3975 1.5079 1.6233 3.5721 -24.1588 2.2357 30.4899 4.3113 0.1181
Car -1 -1 4.2926 867.2576 155.4577 941.6662 192.4584 1.6599 1.7537 4.0971 13.9762 0.8795 34.4497 4.6749 0.1156
Car -1 -1 1.4951 873.0959 167.5892 898.8033 188.0666 1.5536 1.5969 3.8118 21.7198 1.1542 56.7968 1.8584 0.1084
Car -1 -1 1.4068 709.6085 170.1462 742.6430 192.6705 1.5216 1.6436 4.0783 8.1583 1.3387 50.7876 1.5648 0.1079
Car -1 -1 2.2714 0.0000 176.5387 72.4983 219.1286 1.5027 1.6112 3.8234 -22.8764 1.6540 27.7139 1.5859 0.1041
Car -1 -1 0.4417 220.0789 165.9934 279.4406 186.4006 1.7551 1.6992 4.3236 -31.3517 1.1651 62.9457 -0.0189 0.1030
Car -1 -1 4.9749 255.3174 168.3179 287.3043 186.9081 1.6000 1.6362 3.8038 -30.0120 1.2096 64.1155 4.5385 0.0995
Car -1 -1 6.0234 11.3706 179.6709 140.3070 219.5086 1.4503 1.5650 3.8922 -21.3296 1.7428 28.9588 5.3928 0.0979
Car -1 -1 4.6072 558.4219 167.1992 595.4788 196.4017 1.4625 1.5629 3.7840 -1.7679 1.1793 38.1229 4.5608 0.0907
Car -1 -1 0.4385 160.9820 180.3528 234.8711 204.6870 1.4776 1.5375 3.7284 -25.7868 1.9577 45.2825 -0.0768 0.0900
Car -1 -1 4.9405 235.8128 166.5819 270.0882 190.2100 1.9189 1.6943 4.1147 -29.9945 1.4095 60.7942 4.4837 0.0848
Car -1 -1 0.9081 118.0521 173.6631 174.3710 194.6270 1.5037 1.5748 3.6695 -34.1659 1.5649 53.2120 0.3395 0.0826
Car -1 -1 2.8808 722.9704 162.4344 785.1674 185.1460 1.5612 1.6171 3.9882 10.0920 0.8450 50.5353 3.0766 0.0781
Car -1 -1 1.6806 712.1913 171.8680 742.4119 194.7576 1.5039 1.6156 4.0723 8.1281 1.4391 49.5859 1.8417 0.0778
Car -1 -1 1.4954 263.8124 166.2057 289.4399 189.3088 1.9391 1.7363 3.9122 -28.9505 1.3811 62.6924 1.0642 0.0770
Car -1 -1 4.2978 382.5950 156.3028 487.7739 209.5635 1.4291 1.5655 3.9667 -5.2547 0.9850 21.4114 4.0597 0.0753
Car -1 -1 4.6045 786.0339 160.1640 817.2698 185.7972 1.6705 1.6537 3.6745 12.9932 0.8435 48.9630 4.8622 0.0750
Car -1 -1 -0.0116 591.4355 176.9535 648.0605 199.4927 1.4832 1.6059 3.7495 0.6759 1.7638 48.5812 0.0017 0.0727
Car -1 -1 2.7940 796.7189 162.5077 861.3575 184.0681 1.5011 1.6278 4.0735 15.5303 0.7808 51.1592 3.0870 0.0691
Car -1 -1 2.0751 237.0250 158.9440 512.3877 308.1707 1.5167 1.6409 3.8967 -2.7383 1.3753 9.4170 1.7987 0.0630
Car -1 -1 4.8645 189.8818 181.0217 229.2339 206.1121 1.4916 1.6352 3.8476 -25.6343 2.0399 46.3428 4.3615 0.0616
Car -1 -1 4.7373 541.5442 154.3151 589.9557 199.7577 1.4677 1.5630 3.1872 -1.4694 0.8689 24.9232 4.6787 0.0615
Car -1 -1 4.1925 1078.1350 163.5454 1129.1975 183.7107 1.5273 1.6343 3.7803 38.6880 0.8223 56.5962 4.7896 0.0606
Car -1 -1 2.2201 76.0500 184.3724 166.8746 217.6824 1.4596 1.5618 3.9649 -23.5851 2.0514 35.0448 1.6310 0.0606
Car -1 -1 1.5230 732.5281 164.7564 759.5515 187.9532 1.5548 1.6549 4.1377 9.5162 1.0120 50.5238 1.7078 0.0600
Car -1 -1 1.9303 143.4396 135.3255 466.7779 328.7527 1.4658 1.6259 3.8703 -2.7010 1.1814 7.4197 1.5917 0.0599
Car -1 -1 1.2680 783.5878 169.4907 817.8760 189.3103 1.4991 1.5266 3.7929 14.9267 1.2447 56.5044 1.5247 0.0577
Car -1 -1 3.7998 363.1180 157.3311 662.3961 295.7088 1.5135 1.6219 3.6879 -1.3218 1.3437 9.5150 3.6644 0.0572
Car -1 -1 1.5372 726.0283 172.9081 748.3696 193.1627 1.5588 1.6132 4.1674 10.1764 1.5633 57.7171 1.7105 0.0571
Car -1 -1 1.4354 581.0367 175.9988 609.0874 197.4823 1.5129 1.5580 3.9360 -1.1100 1.7550 53.4809 1.4143 0.0566
Car -1 -1 1.2360 685.1544 171.9940 727.5581 193.3311 1.4634 1.6756 4.3396 6.8890 1.4044 51.7799 1.3672 0.0561
Car -1 -1 0.6368 594.0522 176.8984 656.2904 200.4145 1.4806 1.6255 3.9352 1.0125 1.7595 47.9094 0.6574 0.0558
Car -1 -1 3.8718 990.8125 161.8360 1057.3289 181.6510 1.4487 1.6735 4.4064 31.5750 0.6432 55.1088 4.3897 0.0552
Car -1 -1 -0.9015 1084.9922 162.3715 1144.6342 183.2569 1.5623 1.6774 3.9284 38.7440 0.7781 55.3429 -0.2933 0.0550
Car -1 -1 0.4547 209.8020 160.5597 575.8761 305.3380 1.5747 1.7206 4.0660 -2.6005 1.4410 9.0618 0.1819 0.0542
Car -1 -1 -0.4875 768.4766 161.2641 828.9860 183.8320 1.5918 1.6535 3.9121 13.6571 0.7743 52.1473 -0.2329 0.0542
Car -1 -1 4.2995 1071.4160 163.6987 1118.3434 183.5121 1.4846 1.6214 3.8177 37.6584 0.7986 56.0854 4.8882 0.0542
Car -1 -1 4.5205 743.0332 164.5071 779.0694 188.3867 1.5760 1.6710 4.0821 10.3776 1.0251 49.6714 4.7250 0.0538
Car -1 -1 2.8174 879.6767 158.1912 976.7582 191.2437 1.4770 1.6073 3.7699 14.6005 0.8218 33.2066 3.2283 0.0533
Car -1 -1 4.6700 903.2839 160.0984 929.0921 181.5596 1.5884 1.6538 3.9090 23.5569 0.6443 55.5217 5.0693 0.0528
Car -1 -1 -0.6515 901.8149 165.0658 1011.5797 199.8323 1.4717 1.6124 4.2550 15.2585 1.1420 31.7707 -0.2076 0.0521
Car -1 -1 2.0644 19.8406 166.3101 85.0153 195.0110 1.7059 1.6214 3.7346 -34.5490 1.3170 44.8596 1.4108 0.0520
Car -1 -1 1.7898 283.0352 162.0076 332.7746 191.1044 1.4900 1.6426 3.9901 -16.2550 0.9346 39.0547 1.3977 0.0514