Car -1 -1 1.5915 651.1738 181.8566 679.0582 209.1122 1.6112 1.6965 4.1774 3.5991 2.2151 46.2423 1.6681 0.8437
Car -1 -1 1.7620 648.5294 189.8523 682.9175 214.0892 1.5440 1.6804 4.1529 4.0363 2.8051 51.3097 1.8394 0.3858
Car -1 -1 4.6573 697.4882 172.9447 759.7234 230.8820 1.5228 1.5663 3.0461 3.3242 1.5256 20.5646 4.8146 0.3293
Car -1 -1 1.3843 652.9896 176.8674 678.7589 194.0659 1.4578 1.5583 4.0513 4.9793 1.8268 64.2381 1.4609 0.2131
Car -1 -1 1.4885 648.0572 190.2587 676.7590 214.2279 1.5303 1.7137 3.4227 3.6492 2.7847 50.2844 1.5599 0.1631
Car -1 -1 1.5665 668.0884 173.8555 704.7316 207.8968 1.5847 1.7077 4.6792 3.8332 1.6382 36.1440 1.6708 0.1617
Car -1 -1 4.6568 697.9536 173.8991 736.3885 207.1476 1.5518 1.6477 4.3074 5.3150 1.6072 36.0334 4.8015 0.1577
Car -1 -1 3.9965 620.4715 192.3600 671.9599 215.8085 1.4678 1.7171 3.4758 2.5215 2.8767 50.2191 4.0457 0.0934
Car -1 -1 1.9238 0.0000 159.8874 38.8378 375.0000 1.4602 1.6155 3.9617 -4.9756 1.4199 4.3724 1.1042 0.0911
Car -1 -1 5.7083 0.0000 0.0000 120.9127 375.0000 1.5310 1.6039 3.6557 -3.4417 1.4015 2.0377 4.7297 0.0907
Car -1 -1 4.5819 688.7698 173.5553 728.3786 203.6842 1.5559 1.6272 3.9612 5.3436 1.5961 39.3364 4.7154 0.0762
Car -1 -1 0.1445 627.0081 189.7783 691.7770 213.3956 1.5768 1.7435 4.3963 3.5657 2.8127 51.3757 0.2127 0.0759
Car -1 -1 -0.3186 695.4385 174.8178 778.9174 204.0689 1.4796 1.6166 3.9928 6.6446 1.5853 37.7339 -0.1461 0.0741
Car -1 -1 -0.4609 0.0000 133.5597 797.0770 375.0000 1.4749 1.6266 4.1045 -0.8974 1.3580 4.0543 -0.6675 0.0730
Car -1 -1 1.6269 685.1792 176.4009 750.0674 235.1953 1.5687 1.6971 4.2356 3.3457 1.6867 21.7687 1.7766 0.0694
Car -1 -1 -0.0327 639.9801 190.8916 691.6718 213.3903 1.5016 1.6461 3.5502 3.9068 2.7865 50.4985 0.0434 0.0666
Car -1 -1 1.9014 0.0000 0.0000 253.2951 375.0000 1.5140 1.6083 3.6826 -2.0221 1.4290 2.0131 1.1771 0.0657
Car -1 -1 1.6185 0.0000 96.2465 264.3678 375.0000 1.4824 1.6734 4.1567 -3.5111 1.1939 4.9274 1.0242 0.0629
Car -1 -1 0.5211 0.0000 184.1118 99.3646 375.0000 1.4869 1.6141 4.0079 -6.6124 1.5965 5.6243 -0.3213 0.0597
Car -1 -1 1.2356 694.3369 179.5053 757.7218 214.2226 1.4566 1.6324 4.0275 5.2811 1.7824 33.2160 1.3913 0.0579
Car -1 -1 1.9289 682.2460 179.4344 728.5751 202.3101 1.4527 1.7286 4.3723 6.6244 1.9254 49.4986 2.0607 0.0540
Car -1 -1 1.5836 657.7825 174.0427 677.7869 193.2153 1.5592 1.6309 4.0003 4.9467 1.6631 61.0032 1.6638 0.0521
Car -1 -1 2.3595 0.0000 201.7543 168.3806 375.0000 1.4645 1.6527 3.7686 -5.3845 1.7610 5.4891 1.6078 0.0513
Car -1 -1 1.5000 663.6574 187.8664 691.6499 211.5282 1.4845 1.6457 3.7650 4.6422 2.5556 49.5794 1.5922 0.0501