Car -1 -1 4.4812 709.3839 182.1414 897.4245 310.1685 1.5234 1.7058 4.4378 2.7002 1.6952 11.1269 4.7119 0.9829
Car -1 -1 -0.3047 804.9825 181.9009 1015.4670 252.4614 1.4535 1.6978 4.0093 6.5702 1.6681 16.1163 0.0753 0.8742
Car -1 -1 -0.3047 724.4108 180.6737 837.5700 218.4703 1.4002 1.5374 3.9984 6.6110 1.7139 28.0282 -0.0760 0.8452
Car -1 -1 0.3504 151.8192 183.9718 411.2480 274.4187 1.4236 1.4657 3.7873 -5.4890 1.6278 12.4071 -0.0588 0.8292
Car -1 -1 0.7001 0.0000 186.7548 234.0141 350.4352 1.5550 1.6183 3.9827 -6.4974 1.7230 7.8613 0.0258 0.8177
Car -1 -1 3.3876 335.2494 176.4884 472.0927 226.2961 1.5022 1.5059 3.8840 -6.3960 1.6205 22.6819 3.1153 0.7793
Car -1 -1 -0.1890 717.6274 176.4779 809.0289 213.5196 1.5006 1.5346 3.5100 6.3817 1.6562 30.1821 0.0168 0.7686
Car -1 -1 3.6036 0.0000 173.3740 245.7424 288.0932 1.4323 1.5762 3.4983 -7.2069 1.4403 10.0548 2.9940 0.7436
Car -1 -1 -0.2136 678.9647 175.3273 754.8832 203.8013 1.5377 1.6996 3.9015 5.9320 1.6786 40.1183 -0.0684 0.7040
Car -1 -1 0.2928 415.5988 170.0325 517.9291 207.2399 1.4889 1.5189 3.8747 -5.8621 1.3760 29.8226 0.1000 0.6062
Car -1 -1 3.4746 221.5802 141.7585 457.5665 228.2617 1.7094 1.7441 4.3057 -5.5241 1.0949 15.1548 3.1303 0.5100
Car -1 -1 0.2011 439.8565 168.3499 523.8580 198.5530 1.4236 1.5083 3.7644 -6.1213 1.2113 34.8168 0.0280 0.4948
Car -1 -1 -0.3797 771.2208 180.3228 923.6224 232.4746 1.4051 1.5725 3.8255 6.7283 1.6280 20.6187 -0.0691 0.4433
Car -1 -1 4.8117 482.6697 166.3524 522.7849 197.4025 1.4623 1.6003 3.7774 -5.2626 1.1561 35.9042 4.6668 0.4394
Car -1 -1 4.6558 631.1558 177.1210 655.4230 198.1139 1.5028 1.6064 3.8562 2.5098 1.8359 54.3780 4.7012 0.4163
Car -1 -1 0.2242 371.2130 175.5705 487.2321 220.5619 1.5097 1.6117 3.6527 -6.2182 1.6076 25.1482 -0.0162 0.3954
Car -1 -1 3.4556 500.7018 168.8133 561.5151 190.6884 1.5164 1.5882 3.9949 -5.5517 1.2363 51.2038 3.3478 0.3253
Car -1 -1 1.6207 816.5123 171.0341 844.2819 193.6944 1.4831 1.6204 4.1572 15.1685 1.3640 49.4538 1.9163 0.2947
Car -1 -1 1.4136 390.9613 163.3798 423.1783 185.9904 1.5290 1.6160 3.7804 -14.3004 0.8883 50.8473 1.1406 0.2776
Car -1 -1 2.3078 1115.0503 199.0483 1242.0000 375.0000 1.4938 1.6323 4.1246 5.0415 1.6533 3.3612 3.2501 0.2735
Car -1 -1 3.3517 490.0194 176.2169 551.7519 199.8586 1.5374 1.6216 3.8367 -5.8936 1.7665 48.1779 3.2302 0.2497
Car -1 -1 4.5702 438.9255 163.2437 469.8965 186.0038 1.5529 1.6384 3.7446 -11.0562 0.8972 51.2713 4.3587 0.2384
Car -1 -1 0.5552 1109.2618 220.6170 1242.0000 375.0000 1.4908 1.6123 3.9080 3.7407 1.7684 2.2113 1.5340 0.2343
Car -1 -1 4.5205 1112.6378 181.7134 1242.0000 375.0000 1.5134 1.7085 4.1830 4.6051 1.6004 4.8517 5.2492 0.2321
Car -1 -1 4.8647 551.3346 175.0838 574.8839 191.9807 1.5079 1.6143 3.8355 -4.2765 1.7207 66.8953 4.8008 0.2073
Car -1 -1 4.8352 420.7271 176.4251 479.8476 222.1518 1.5032 1.6141 3.7518 -5.6516 1.6413 25.9634 4.6224 0.2042
Car -1 -1 4.8762 471.3911 169.2794 522.9472 206.3862 1.4963 1.5717 3.8619 -4.7656 1.3521 31.0355 4.7247 0.2015
Car -1 -1 4.8725 501.1479 174.2236 540.8112 201.7202 1.4765 1.6205 3.9398 -4.9732 1.5580 40.9434 4.7520 0.1961
Car -1 -1 4.8895 522.6224 175.3874 557.1244 199.2269 1.5421 1.6682 3.9310 -4.6999 1.7217 49.1311 4.7943 0.1707
Car -1 -1 0.3131 426.2632 174.8578 524.4033 208.8937 1.4633 1.5726 4.0142 -5.9523 1.5556 32.1858 0.1313 0.1443
Car -1 -1 3.5524 509.8509 203.8728 1226.2883 375.0000 1.4377 1.6207 4.0584 1.3514 1.7233 4.7488 3.8113 0.1419
Car -1 -1 4.6472 529.2362 164.6005 553.4480 186.6374 1.7508 1.7169 4.2079 -5.6617 1.0951 59.5397 4.5525 0.1355
Car -1 -1 1.6765 707.2188 174.8932 747.6946 207.3840 1.4902 1.5577 3.9457 5.8428 1.5964 35.4671 1.8380 0.1308
Car -1 -1 1.5196 846.0061 219.8840 1242.0000 375.0000 1.4498 1.5896 3.7691 2.3362 1.8161 3.5824 2.0588 0.1255
Car -1 -1 5.5726 48.8327 149.2324 195.1830 200.6535 1.5101 1.5635 3.7872 -15.5299 0.8164 23.2245 4.9884 0.1212
Car -1 -1 4.4163 823.1109 170.5034 860.3754 191.5856 1.5282 1.5872 3.9102 17.4120 1.3578 54.2674 4.7249 0.1154
Car -1 -1 1.6728 417.0915 175.2616 479.1274 224.2575 1.4742 1.5941 3.9929 -5.2781 1.5611 23.9868 1.4580 0.1074
Car -1 -1 4.6156 695.9550 162.9036 729.8458 189.8233 1.5685 1.6689 3.9099 6.2593 0.9887 44.0291 4.7557 0.1060
Car -1 -1 4.0360 0.0000 151.2512 103.1949 187.9001 1.5402 1.6543 4.0318 -24.5633 0.6323 31.6027 3.3793 0.1048
Car -1 -1 1.2538 791.2253 177.4367 891.7149 236.9738 1.4721 1.5684 3.5982 6.2817 1.6102 19.9309 1.5542 0.1037
Car -1 -1 3.8404 63.9589 155.5898 175.6551 190.4171 1.4744 1.5858 3.9534 -21.3670 0.7435 31.5451 3.2489 0.0975
Car -1 -1 4.9743 527.5893 168.1035 563.4280 190.3536 1.5479 1.6200 3.9322 -4.5956 1.2174 52.2727 4.8867 0.0970
Car -1 -1 3.5772 471.3420 174.6490 543.8777 201.9527 1.4643 1.6050 3.6634 -5.6640 1.5675 40.1697 3.4376 0.0970
Car -1 -1 4.6307 705.7604 162.9012 743.7815 194.5051 1.5505 1.6286 3.8012 5.9130 1.0622 37.3542 4.7862 0.0931
Car -1 -1 0.9174 0.0000 0.0000 1242.0000 375.0000 1.5239 1.6272 4.0171 2.7334 1.6251 1.6746 1.8622 0.0915
Car -1 -1 1.1311 751.4036 194.8433 1242.0000 375.0000 1.4627 1.6366 3.9398 2.2807 1.6789 5.0920 1.5292 0.0889
Car -1 -1 2.7165 798.2747 171.4117 863.3727 193.8164 1.4771 1.5876 3.8843 14.8823 1.3820 48.6097 3.0116 0.0839
Car -1 -1 4.0563 12.7813 140.3018 180.9982 198.2722 1.5253 1.6350 4.2583 -14.4788 0.6688 20.4013 3.4452 0.0836
Car -1 -1 -0.2231 633.0389 175.9064 691.2482 196.7110 1.4978 1.6459 4.0309 3.8706 1.7284 53.3926 -0.1516 0.0832
Car -1 -1 1.5131 471.1134 167.6058 506.7367 198.1095 1.3997 1.4993 3.6225 -5.8979 1.1589 35.0405 1.3473 0.0829
Car -1 -1 4.5600 677.2318 172.9975 718.2045 201.5753 1.5488 1.7104 4.0942 4.9765 1.5574 41.1994 4.6789 0.0807
Car -1 -1 1.2358 801.2270 171.6790 843.9878 193.9497 1.4432 1.5800 3.8557 14.3302 1.3670 48.7218 1.5199 0.0781
Car -1 -1 0.0403 681.8728 170.3283 731.2646 186.5128 1.4378 1.6021 4.3678 8.7890 1.2134 65.2656 0.1733 0.0765
Car -1 -1 4.6746 935.6757 156.7398 960.8077 179.2587 1.7364 1.6612 4.0460 27.1039 0.4939 57.8240 5.1109 0.0754
Car -1 -1 5.0076 547.4661 161.7772 585.2897 186.6047 1.8364 1.7493 4.2426 -3.2809 1.0171 55.6364 4.9488 0.0739
Car -1 -1 1.0802 971.9485 200.4481 1242.0000 375.0000 1.4734 1.6000 3.7906 3.4502 1.7029 3.9893 1.7562 0.0712
Car -1 -1 4.4403 694.3311 170.7399 725.1506 188.0085 1.5349 1.6969 4.3502 9.1760 1.3470 66.4019 4.5767 0.0708
Car -1 -1 3.9445 89.3429 154.5057 176.9232 187.2243 1.6401 1.6361 3.7651 -24.6606 0.7203 37.3831 3.3645 0.0696
Car -1 -1 1.6771 498.0861 175.6270 534.8842 204.2950 1.4707 1.5803 3.8913 -5.0266 1.6294 39.3553 1.5505 0.0694
Car -1 -1 4.9679 83.1417 178.8641 284.9715 298.0793 1.4799 1.5740 4.5389 -6.5009 1.5964 11.5912 4.4662 0.0692
Car -1 -1 1.6312 684.7388 169.7299 705.3975 186.3205 1.4682 1.6256 4.2821 7.8623 1.1918 66.1061 1.7488 0.0690
Car -1 -1 1.5685 627.1572 174.4968 650.2859 196.2694 1.5256 1.6304 4.1109 2.1336 1.6509 52.9576 1.6081 0.0687
Car -1 -1 -0.7749 979.9062 237.7030 1242.0000 375.0000 1.4922 1.6186 3.9815 3.8146 1.8317 2.7289 0.1236 0.0680
Car -1 -1 -0.1947 493.2891 166.3779 585.3899 199.0362 1.5127 1.6548 4.1818 -3.4003 1.2127 34.8140 -0.2917 0.0678
Car -1 -1 1.4624 476.0108 169.3739 520.0267 203.9268 1.5077 1.6138 3.8462 -5.2369 1.3559 33.5512 1.3084 0.0677
Car -1 -1 -0.2600 399.3516 161.9496 456.5942 182.4659 1.5572 1.6397 4.0596 -14.1997 0.7295 56.4646 -0.5054 0.0667
Car -1 -1 3.6613 517.7299 164.9638 573.2417 186.2368 1.5690 1.6405 3.8978 -4.8669 0.9870 54.7768 3.5729 0.0660
Car -1 -1 0.1074 406.3966 160.2358 470.2800 183.5231 1.5855 1.6835 4.1672 -11.8683 0.7264 50.2178 -0.1236 0.0657