Car -1 -1 1.7970 443.2831 185.4401 559.9261 265.6763 1.4690 1.6781 3.8212 -2.2172 1.7792 15.8076 1.6590 0.9713
Car -1 -1 1.6260 577.2158 178.8026 618.5415 215.5150 1.5218 1.6473 3.8394 -0.4720 1.8058 32.4929 1.6109 0.8213
Car -1 -1 4.6123 569.6802 174.3611 603.6898 201.0137 1.4996 1.6384 3.8347 -1.4001 1.5933 42.8335 4.5794 0.2223
Car -1 -1 3.2134 569.2554 174.7514 635.6624 201.4025 1.4949 1.6367 3.7145 -0.3765 1.6066 41.5377 3.2039 0.1395
Car -1 -1 -0.2896 531.8539 175.6605 605.1706 202.3435 1.4722 1.6264 3.9124 -2.3682 1.6393 41.5388 -0.3467 0.0758
Car -1 -1 1.2308 566.8389 175.8148 616.5164 203.7039 1.4764 1.6111 3.8340 -1.0607 1.6520 40.7163 1.2044 0.0682
Car -1 -1 1.4267 546.5308 177.1102 586.0003 205.9655 1.4780 1.6326 3.7608 -2.4193 1.7232 39.5571 1.3656 0.0647
Car -1 -1 0.0506 510.4258 177.7886 580.9143 204.5848 1.4954 1.6441 3.9575 -3.6300 1.7852 41.4884 -0.0366 0.0621
Car -1 -1 4.8766 554.1967 175.8627 592.7079 202.5278 1.4598 1.6199 3.8917 -2.0518 1.6433 41.9836 4.8276 0.0620
Car -1 -1 4.5112 437.5763 186.2059 476.1350 213.9572 1.5003 1.5598 3.5528 -9.0963 2.3284 42.8143 4.3026 0.0581
Car -1 -1 1.7438 499.3529 179.8768 523.9515 197.2547 1.5375 1.6209 3.9503 -9.1211 2.2136 67.4632 1.6096 0.0555
Car -1 -1 0.2255 577.4854 174.3636 651.8666 202.1300 1.5099 1.6219 3.9233 0.3054 1.5975 40.6124 0.2325 0.0513