Car -1 -1 1.8963 124.2261 201.4489 402.4822 375.0000 1.4486 1.6298 4.0318 -3.7277 1.8715 8.6009 1.4975 0.9741
Car -1 -1 1.8542 343.4005 174.1004 487.6825 279.7870 1.8322 1.6742 4.1796 -3.7412 1.8612 14.6782 1.6081 0.9591
Car -1 -1 1.6836 506.1320 182.1138 556.4999 218.5948 1.4477 1.7382 4.1602 -3.3738 1.8823 31.7793 1.5781 0.7313
Car -1 -1 3.3992 339.4364 168.7434 447.0055 210.7756 1.5452 1.6053 3.6177 -8.1458 1.3941 27.3806 3.1123 0.1490
Car -1 -1 4.4508 492.0865 174.7195 527.3521 197.2099 1.4985 1.5493 3.6408 -7.0051 1.6339 50.3823 4.3130 0.1174
Car -1 -1 1.7207 497.4432 179.6542 554.6578 224.3785 1.6859 1.7540 4.0835 -3.3812 1.9872 29.9022 1.6085 0.1101
Car -1 -1 -0.1510 399.9431 157.2416 484.6007 187.5504 1.5960 1.6689 4.3218 -9.1722 0.7739 39.5664 -0.3775 0.1085
Car -1 -1 4.5827 440.4869 163.7976 479.1522 192.9464 1.5655 1.6664 3.7824 -8.5102 1.0791 40.8118 4.3781 0.1044
Car -1 -1 3.5764 347.9497 165.6697 426.7919 194.4382 1.5612 1.6116 3.8834 -12.3572 1.1714 40.2231 3.2799 0.0872
Car -1 -1 5.0840 174.8006 196.0481 273.4139 250.4901 1.4874 1.5886 3.5392 -12.2313 2.2903 23.1323 4.6019 0.0849
Car -1 -1 3.1016 420.1548 169.6527 484.7377 196.7064 1.6536 1.6672 3.9029 -9.8969 1.4579 45.3982 2.8879 0.0816
Car -1 -1 1.9155 459.9238 194.1206 511.8823 225.2365 1.4135 1.6185 3.2216 -6.2664 2.5511 36.8677 1.7477 0.0664
Car -1 -1 4.9634 360.8400 168.5651 427.4684 208.8067 1.4818 1.5938 3.8805 -8.4282 1.3239 28.5359 4.6784 0.0660
Car -1 -1 1.9875 482.8608 187.4187 781.9273 375.0000 1.4633 1.5629 4.0716 0.5416 1.6620 7.6781 2.0533 0.0623
Car -1 -1 2.0921 465.5387 191.5564 529.6648 222.8376 1.4655 1.6564 3.8831 -5.8967 2.5164 38.4353 1.9403 0.0616
Car -1 -1 5.2542 345.8387 170.2545 406.6436 197.3329 1.4749 1.6053 3.7410 -13.2879 1.3333 41.3059 4.9446 0.0612
Car -1 -1 0.2158 472.5934 182.5527 578.0074 217.8396 1.4708 1.7362 4.3350 -3.6609 1.9122 31.7526 0.1014 0.0587
Car -1 -1 1.6550 308.0223 181.5815 345.5954 211.4945 1.5449 1.6257 4.0702 -15.9006 2.0639 40.7208 1.2846 0.0584
Car -1 -1 4.3628 190.1671 181.4737 720.3578 375.0000 1.4792 1.5579 3.9674 -1.3260 1.5546 4.2555 4.0758 0.0577
Car -1 -1 4.3082 463.6382 194.6904 581.5083 264.5934 1.4836 1.6419 3.8283 -2.3521 2.1112 18.6714 4.1837 0.0572
Car -1 -1 -0.0417 361.6841 167.0611 443.0327 194.2401 1.4955 1.6213 4.3804 -11.8148 1.1767 41.1599 -0.3198 0.0524
Car -1 -1 1.6580 462.9862 190.3586 514.5286 233.4854 1.4539 1.6235 3.9106 -4.6105 2.1811 27.9672 1.4954 0.0518