Car -1 -1 5.1747 0.0000 192.9628 368.1694 370.0000 1.4363 1.6223 3.8974 -3.2545 1.5694 5.5783 4.6725 0.9635
Car -1 -1 1.7673 452.8936 170.4044 488.7144 194.7733 1.5176 1.5817 3.6876 -8.6033 0.8885 45.8875 1.5850 0.6988
Car -1 -1 -0.8240 1167.2673 153.9990 1224.0000 203.2912 1.4136 1.6166 4.0246 19.5094 0.6534 21.2580 -0.0872 0.6568
Car -1 -1 2.4844 1130.5260 143.6514 1224.0000 174.8311 1.5255 1.6128 4.0187 29.2548 -0.2940 35.7633 3.1674 0.2045
Car -1 -1 4.9251 11.9831 183.7128 77.2055 218.9037 1.5188 1.6072 3.7077 -25.9432 1.6772 32.9033 4.2637 0.2037
Car -1 -1 1.5021 1119.9385 163.8100 1182.0887 205.4756 1.4593 1.5774 3.9079 20.6632 0.8745 26.8298 2.1543 0.1723
Car -1 -1 1.0465 1113.6602 161.4072 1202.3658 194.3966 1.4829 1.5853 3.9043 26.3708 0.6244 33.8236 1.7058 0.1388
Car -1 -1 4.6836 781.2998 164.3705 813.0572 193.7055 1.5846 1.6277 3.9988 10.9653 0.7130 40.3263 4.9489 0.1320
Car -1 -1 2.6471 1151.9845 149.7018 1224.0000 208.2687 1.4784 1.5866 3.8435 17.4090 0.7008 19.0729 3.3803 0.1038
Car -1 -1 3.7135 0.0000 184.0417 75.3435 218.6656 1.5091 1.6493 4.0333 -26.6866 1.6748 32.0832 3.0262 0.1034
Car -1 -1 4.0285 1158.3047 151.5932 1224.0000 207.2449 1.4825 1.5965 3.5994 18.3609 0.7123 20.6625 4.7490 0.1017
Car -1 -1 0.9229 768.8347 160.0765 831.6338 187.8767 1.6204 1.6931 3.9039 11.9566 0.4296 43.3388 1.1920 0.0918
Car -1 -1 0.8821 1151.4650 165.7984 1224.0000 201.0030 1.4488 1.6312 3.9432 26.3871 0.8435 31.0795 1.5826 0.0908
Car -1 -1 1.4804 1165.2317 160.5800 1224.0000 204.1141 1.4698 1.6236 4.1099 21.8632 0.7970 26.0236 2.1747 0.0906
Car -1 -1 4.3991 757.9385 165.7251 808.3475 193.5193 1.4865 1.6124 3.9381 10.0200 0.6960 39.8343 4.6454 0.0893
Car -1 -1 2.2257 1149.0002 160.6049 1224.0000 193.9728 1.4767 1.6559 3.9357 27.4618 0.5959 32.5243 2.9238 0.0893
Car -1 -1 5.3820 100.3739 184.9080 194.2237 219.2618 1.4746 1.5885 3.8695 -21.1134 1.6917 32.8704 4.8170 0.0889
Car -1 -1 1.6299 392.6947 175.8028 417.4054 196.5222 1.5259 1.5663 4.1725 -15.2397 1.1795 54.2752 1.3594 0.0883
Car -1 -1 1.7564 253.2668 178.2946 297.0712 206.5002 1.5631 1.6060 3.8944 -19.1320 1.4405 41.2660 1.3269 0.0875
Car -1 -1 4.1442 1082.2028 153.9587 1224.0000 209.6375 1.4936 1.6028 3.8343 16.1392 0.7814 20.9431 4.7951 0.0811
Car -1 -1 4.5386 790.4296 151.9822 825.3767 181.4912 1.9872 1.7298 3.7462 14.2407 0.0663 49.5680 4.8185 0.0788
Car -1 -1 2.1579 0.0000 178.0148 109.6520 219.0920 1.4729 1.5847 3.7581 -21.0928 1.3835 27.2781 1.5071 0.0763
Car -1 -1 0.2489 782.4914 161.9637 854.1285 188.3390 1.5091 1.6450 3.7984 12.7541 0.4481 42.1402 0.5424 0.0741
Car -1 -1 1.1904 335.6736 200.3085 517.0377 315.1759 1.4853 1.6413 3.8273 -3.1207 1.8746 11.8723 0.9413 0.0735
Car -1 -1 4.8012 0.0000 194.2656 77.1459 249.9237 1.4411 1.6479 3.9731 -17.1797 1.8999 21.4662 4.1351 0.0725
Car -1 -1 1.8381 242.6879 188.5019 298.9196 218.9983 1.4700 1.6396 4.1028 -17.5304 1.9170 37.3729 1.4043 0.0725
Car -1 -1 0.3224 433.7223 170.9606 503.0330 194.7168 1.5210 1.6554 4.1527 -8.8736 0.9098 46.3708 0.1364 0.0717
Car -1 -1 4.1007 1122.9386 150.3988 1224.0000 202.3464 1.4841 1.6712 3.9788 18.5088 0.6239 22.2472 4.7893 0.0706
Car -1 -1 0.8447 1139.2189 175.2533 1224.0000 220.6808 1.4320 1.6128 3.7709 20.5771 1.2664 24.1933 1.5446 0.0695
Car -1 -1 2.7642 1156.5621 163.4263 1224.0000 203.9921 1.4686 1.6231 4.1523 23.9699 0.8503 27.0606 3.4849 0.0689
Car -1 -1 1.0137 1089.4095 165.9503 1180.3235 198.6164 1.4762 1.5757 4.0646 25.4212 0.8184 34.0421 1.6522 0.0688
Car -1 -1 1.8791 233.5044 180.9240 284.7807 205.4450 1.4523 1.6388 4.2741 -21.4737 1.4797 44.1821 1.4312 0.0684
Car -1 -1 5.2700 44.7485 180.6692 150.6522 219.1455 1.5154 1.6498 4.2088 -21.3329 1.5228 30.0111 4.6588 0.0678
Car -1 -1 2.4065 0.0000 184.9222 79.8093 221.4046 1.5180 1.6096 3.5253 -25.8057 1.7279 31.7406 1.7304 0.0674
Car -1 -1 4.2227 776.5521 155.7281 829.1948 182.9307 1.6528 1.6763 3.6976 12.5760 0.1473 44.9448 4.4956 0.0659
Car -1 -1 4.5684 451.3024 167.3773 485.2124 191.5996 1.5461 1.6553 4.1970 -9.1435 0.7080 47.3837 4.3808 0.0656
Car -1 -1 0.3587 432.6825 170.9743 496.0972 195.4264 1.5305 1.6110 3.6570 -8.9385 0.9338 45.3533 0.1672 0.0651
Car -1 -1 1.9843 177.4336 179.1589 244.4877 207.8621 1.4597 1.6267 4.0894 -21.0644 1.3912 38.0652 1.4841 0.0640
Car -1 -1 1.9494 0.0000 177.5410 74.8723 225.5359 1.5375 1.6928 3.9772 -20.3900 1.4425 24.8009 1.2693 0.0632
Car -1 -1 4.7293 4.6728 177.5796 70.6033 225.0504 1.4704 1.6302 3.9852 -19.1187 1.3797 23.9808 4.0645 0.0627
Car -1 -1 3.0381 1161.8663 165.6487 1224.0000 211.2834 1.4636 1.6120 4.0803 21.9866 0.9871 24.5207 3.7642 0.0614
Car -1 -1 2.4356 1151.1302 152.7512 1224.0000 206.3349 1.5065 1.6111 3.8540 18.5954 0.7262 20.7214 3.1610 0.0599
Car -1 -1 4.0599 0.0000 192.4804 72.1888 249.9159 1.5018 1.6705 4.0099 -17.6591 1.8654 20.2377 3.3518 0.0595
Car -1 -1 4.1891 793.9401 165.8999 853.8205 193.9169 1.5317 1.6388 3.7290 12.5689 0.7331 40.6546 4.4885 0.0593
Car -1 -1 0.9682 1137.6838 170.9034 1224.0000 210.7939 1.4202 1.6496 3.6339 22.5010 1.0783 27.0536 1.6578 0.0590
Car -1 -1 2.5374 745.7890 165.1805 825.0508 193.5171 1.5036 1.6283 4.0192 9.9925 0.6904 38.9764 2.7882 0.0589
Car -1 -1 1.3008 794.9258 161.5363 839.8958 187.8460 1.5191 1.6565 3.7476 12.8280 0.4238 42.7160 1.5923 0.0587
Car -1 -1 1.3357 1143.4939 169.2567 1215.3221 204.6548 1.5036 1.6122 4.0882 26.1111 1.0258 32.2262 2.0134 0.0580
Car -1 -1 1.6020 386.5685 176.0038 410.2265 198.0206 1.5646 1.5422 4.0441 -15.2060 1.2446 52.3949 1.3228 0.0570
Car -1 -1 2.2458 1215.2123 140.0438 1224.0000 199.0494 1.5031 1.6057 4.1506 19.1001 0.4723 19.0478 3.0259 0.0548
Car -1 -1 1.4423 512.6420 176.2375 545.4219 200.9753 1.4974 1.5774 3.9984 -4.8094 1.2390 44.9245 1.3381 0.0524
Car -1 -1 1.1724 1153.7557 149.2154 1224.0000 207.3904 1.4856 1.5878 3.7629 17.3832 0.6865 20.0891 1.8796 0.0519
Car -1 -1 0.8582 1168.5309 148.6487 1224.0000 212.4247 1.4436 1.6015 3.5675 16.4118 0.7225 17.8077 1.5957 0.0511
Car -1 -1 1.2448 1087.0277 162.3436 1211.6279 220.6792 1.4881 1.6043 3.9162 15.3505 1.0248 20.1470 1.8899 0.0511