Car -1 -1 1.9657 127.5803 194.7537 404.1036 359.1005 1.4655 1.6178 3.7146 -3.8317 1.7889 8.7925 1.5648 0.9745
Car -1 -1 1.6754 278.1073 175.8622 315.1730 203.6550 1.5218 1.5725 3.8938 -18.1842 1.7059 42.0537 1.2693 0.1679
Car -1 -1 4.7687 674.4570 174.2424 701.6719 197.5736 1.4934 1.6015 3.9254 5.3106 1.5907 48.4967 4.8767 0.1046
Car -1 -1 -0.6871 684.1724 170.3530 750.5101 194.7965 1.5280 1.6705 4.1458 7.0198 1.3717 46.8861 -0.5397 0.0905
Car -1 -1 1.9117 659.2207 169.7626 706.2686 196.5434 1.5937 1.6454 4.1227 4.6292 1.4097 45.1536 2.0128 0.0839
Car -1 -1 4.4602 661.2458 171.6768 701.6279 196.5810 1.5494 1.6582 4.0264 4.6306 1.4761 47.0065 4.5574 0.0823
Car -1 -1 0.6357 330.0108 182.0437 408.0460 210.4812 1.4498 1.5687 3.8163 -12.9893 1.9635 38.9897 0.3158 0.0807
Car -1 -1 4.7350 682.5619 171.8971 709.6632 197.6795 1.5871 1.6472 3.8092 5.6013 1.5282 46.4170 4.8539 0.0777
Car -1 -1 3.1083 656.9559 169.6309 720.6473 195.2308 1.5944 1.6826 3.9584 5.0074 1.3937 45.9246 3.2158 0.0733
Car -1 -1 1.7552 296.9844 175.3397 338.4146 203.7149 1.5765 1.5683 3.8710 -17.1317 1.7300 42.4988 1.3739 0.0625
Car -1 -1 3.2424 680.2394 168.1998 743.6635 193.6617 1.5652 1.6828 3.8220 6.4906 1.2791 45.6264 3.3825 0.0574
Car -1 -1 3.2914 650.6121 172.3243 715.6689 196.8410 1.5528 1.6814 4.0116 4.8083 1.5192 47.0103 3.3923 0.0572
Car -1 -1 4.3003 638.2327 174.2002 687.4993 197.9710 1.4586 1.6402 4.1829 3.3977 1.5501 46.7744 4.3719 0.0520