Car -1 -1 1.9019 320.6330 185.6515 392.0451 222.2868 1.4347 1.6970 4.1394 -11.0483 2.0349 31.7737 1.5694 0.9396
Car -1 -1 4.6851 598.1820 175.3232 626.4373 203.1712 1.6902 1.6946 3.9411 0.1377 1.8549 46.1360 4.6876 0.7701
Car -1 -1 1.3653 760.8631 158.2309 796.0346 180.7262 1.5018 1.6099 3.8989 11.6877 0.5256 50.1377 1.5929 0.2434
Car -1 -1 1.5379 235.8562 197.2550 270.4394 225.8264 1.4309 1.6745 3.7468 -20.6176 2.9096 41.6783 1.0807 0.2428
Car -1 -1 1.8018 457.4185 175.7990 505.0204 205.5854 1.4510 1.5823 3.8816 -6.6118 1.6122 37.5229 1.6282 0.2048
Car -1 -1 4.0588 160.9816 184.1666 265.0568 222.6979 1.5287 1.7185 4.2645 -17.1781 2.0445 31.2465 3.5594 0.1803
Car -1 -1 1.8177 307.9091 190.3275 341.8987 210.6601 1.5067 1.6425 4.0791 -23.3249 2.9931 59.2504 1.4438 0.1714
Car -1 -1 1.6364 489.2771 175.8459 524.5671 206.0463 1.4698 1.5592 3.8497 -5.2838 1.6334 37.4851 1.4970 0.1536
Car -1 -1 4.5264 241.5404 182.8542 297.2861 220.2923 1.5426 1.6155 3.8674 -15.5340 2.0264 32.8619 4.0877 0.1496
Car -1 -1 2.0895 211.8145 199.2906 274.8630 228.2199 1.4453 1.7909 3.2583 -20.6297 3.0008 40.7811 1.6234 0.1351
Car -1 -1 1.8890 264.8000 188.7732 391.4719 260.4309 1.4613 1.6029 4.3245 -6.7818 1.9042 17.8813 1.5308 0.1227
Car -1 -1 1.6375 522.0697 178.4811 543.4516 197.7948 1.5262 1.5346 3.4316 -6.3367 2.0060 59.7771 1.5319 0.1205
Car -1 -1 1.0689 281.9310 190.6501 325.7008 210.8498 1.4840 1.6926 3.6518 -24.5791 2.9582 57.9718 0.6692 0.1045
Car -1 -1 3.7719 489.3065 177.6633 541.7420 197.6582 1.5021 1.6261 3.8657 -7.3887 1.8905 56.6341 3.6424 0.1008
Car -1 -1 4.7023 515.3917 175.6694 537.4490 197.4864 1.6537 1.6813 4.1863 -6.6381 1.8863 57.4358 4.5874 0.0996
Car -1 -1 1.4757 235.6643 200.0161 276.4081 229.3297 1.4262 1.7575 3.0712 -19.6966 3.0043 40.1516 1.0219 0.0956
Car -1 -1 4.0480 86.0659 171.9716 229.1619 225.0211 1.4835 1.6464 3.8061 -13.5225 1.4588 21.6072 3.4941 0.0903
Car -1 -1 1.6088 379.0321 185.2632 403.4444 207.6548 1.4719 1.5256 3.7659 -15.6024 2.3953 51.6775 1.3166 0.0872
Car -1 -1 1.7877 489.6681 178.3978 526.2341 202.6882 1.4737 1.5608 3.7622 -6.5157 1.8466 46.5958 1.6491 0.0871
Car -1 -1 1.6085 363.7826 184.9261 392.8923 209.2576 1.4740 1.6850 4.3586 -15.4445 2.3217 48.3417 1.3005 0.0865
Car -1 -1 -0.6528 766.6323 156.7750 840.7965 184.0462 1.5376 1.6529 4.0131 11.3588 0.6310 42.2123 -0.3919 0.0854
Car -1 -1 1.8443 332.2625 183.1734 451.0359 254.1975 1.4728 1.6848 4.1218 -5.1543 1.7545 17.6303 1.5632 0.0849
Car -1 -1 1.7202 238.4448 192.4636 274.8997 217.6014 1.4956 1.6208 3.8952 -23.5725 2.8655 48.3065 1.2681 0.0845
Car -1 -1 2.5575 145.8982 184.8749 267.7936 226.9128 1.5312 1.6730 4.1536 -16.5000 2.0644 29.7820 2.0551 0.0842
Car -1 -1 1.8574 464.9963 177.2402 513.0017 205.6337 1.4487 1.5656 3.8126 -6.5262 1.7004 39.4158 1.6940 0.0786
Car -1 -1 1.5838 310.1129 175.2287 341.4821 204.3086 1.5005 1.5298 3.4529 -15.4689 1.6364 39.4232 1.2119 0.0780
Car -1 -1 1.6598 519.6794 179.1973 543.9809 198.9357 1.5750 1.6680 4.3119 -6.5497 2.1315 61.1386 1.5531 0.0769
Car -1 -1 1.6185 770.1194 162.3155 802.4199 190.7042 1.5416 1.6198 3.7115 10.1225 0.9693 41.1903 1.8576 0.0764
Car -1 -1 1.7815 483.6157 177.6934 520.8964 203.1098 1.4832 1.5447 3.6800 -6.6028 1.7957 44.7091 1.6353 0.0758
Car -1 -1 4.6785 137.0612 179.6109 193.1154 227.3053 1.5531 1.6103 3.8590 -16.1424 1.8170 26.1313 4.1295 0.0747
Car -1 -1 1.9561 228.0569 197.0706 375.9409 275.9997 1.4102 1.5929 4.0437 -6.6793 2.0203 16.1560 1.5692 0.0745
Car -1 -1 1.8975 9.3349 178.1742 130.6603 236.7852 1.4809 1.6087 3.8138 -15.2799 1.6485 20.6649 1.2668 0.0733
Car -1 -1 1.7433 44.7545 172.0201 143.4032 230.2027 1.4601 1.5896 3.7111 -14.2399 1.4392 20.1252 1.1336 0.0723
Car -1 -1 2.0139 188.7144 183.6154 269.6987 222.2100 1.4992 1.6365 3.6805 -16.2038 1.9884 30.9378 1.5346 0.0720
Car -1 -1 4.9279 225.5110 183.7764 283.3578 221.5213 1.5084 1.5660 3.4675 -15.5691 2.0178 31.7853 4.4755 0.0708
Car -1 -1 1.4617 359.2449 188.8071 397.0855 216.7591 1.5135 1.7388 4.3663 -14.1847 2.5404 44.0967 1.1518 0.0690
Car -1 -1 1.5142 131.5177 197.0111 181.4470 235.2266 1.4737 1.6985 4.1840 -20.6408 2.6456 32.8038 0.9559 0.0667
Car -1 -1 0.7891 496.0853 179.8401 543.7503 199.0493 1.4922 1.6222 3.8764 -7.3759 2.0834 59.2209 0.6654 0.0647
Car -1 -1 1.3420 13.1077 168.4940 116.8640 223.5556 1.5088 1.6291 4.0558 -16.4280 1.3894 21.7013 0.6999 0.0641
Car -1 -1 4.8361 774.4279 162.9922 836.8226 213.1586 1.4859 1.5535 3.1973 6.3404 1.1938 23.1444 5.0998 0.0641
Car -1 -1 1.7026 493.0138 177.4399 531.6017 206.3112 1.4715 1.5884 3.8157 -5.2446 1.7334 39.2897 1.5704 0.0634
Car -1 -1 1.7531 299.9933 191.1781 332.6464 211.6682 1.4681 1.7329 3.8446 -23.2944 2.9788 57.4321 1.3690 0.0627
Car -1 -1 1.7392 307.4665 192.0074 417.0820 271.0131 1.4167 1.6419 3.6302 -5.2642 1.8866 15.7850 1.4216 0.0607
Car -1 -1 1.6031 509.7066 176.4747 537.1368 203.0592 1.5499 1.5565 3.7479 -5.2788 1.7830 44.5263 1.4854 0.0605
Car -1 -1 1.7059 512.5153 177.4684 544.9812 202.0533 1.4973 1.5825 3.7935 -5.1745 1.8074 46.5785 1.5954 0.0585
Car -1 -1 5.0295 479.5178 176.9917 526.5624 205.1444 1.4807 1.5180 3.7334 -5.9230 1.7243 40.4987 4.8848 0.0582
Car -1 -1 1.8084 250.0908 196.5510 297.9554 225.1628 1.4589 1.6433 4.0093 -19.6645 2.9225 42.4383 1.3765 0.0581
Car -1 -1 1.4218 350.1204 185.1476 383.7342 207.7656 1.4465 1.6668 3.9730 -17.0572 2.3457 50.6285 1.0981 0.0580
Car -1 -1 0.7196 59.2245 174.6013 197.0208 223.2590 1.5988 1.6211 3.8395 -16.5300 1.6616 24.8510 0.1374 0.0571
Car -1 -1 1.5416 769.1273 171.3306 804.1437 202.6327 1.5320 1.6356 3.9104 9.1271 1.4575 37.3962 1.7788 0.0556
Car -1 -1 1.7360 64.2104 163.6273 154.3345 216.8820 1.5143 1.6542 4.0322 -15.5991 1.2519 22.6939 1.1391 0.0552
Car -1 -1 1.2618 110.0272 196.5397 169.8664 226.9056 1.4579 1.6569 3.8394 -25.6660 2.8122 39.3979 0.6872 0.0550
Car -1 -1 -0.0595 557.0020 176.4231 625.0385 201.7696 1.5361 1.6584 4.1506 -1.1872 1.7637 45.0158 -0.0862 0.0546
Car -1 -1 -0.3837 494.5679 178.0016 572.8672 206.9754 1.4778 1.6059 3.8908 -4.0883 1.7676 39.0001 -0.4879 0.0542
Car -1 -1 1.6641 228.2933 190.7420 270.2793 222.1582 1.4897 1.6444 3.9539 -19.3072 2.5045 38.7922 1.2047 0.0530
Car -1 -1 4.9137 479.0468 178.2889 517.2161 204.8315 1.4681 1.5195 3.6482 -6.5208 1.8025 42.5304 4.7621 0.0518
Car -1 -1 5.4196 84.5337 168.8619 227.5080 222.2365 1.5115 1.6384 3.8527 -13.9440 1.3984 22.4634 4.8692 0.0512
Car -1 -1 4.8386 502.6662 177.6373 536.2221 204.8271 1.5156 1.5313 3.5173 -5.2796 1.8097 42.6000 4.7156 0.0506
Car -1 -1 5.1033 259.9781 181.8549 330.5325 219.7383 1.5903 1.6035 3.8728 -14.3505 2.0283 33.1626 4.6974 0.0506
Car -1 -1 3.7912 0.0000 172.4233 153.5050 226.7465 1.5460 1.6564 3.9770 -16.0247 1.5338 21.3876 3.1541 0.0503