Car -1 -1 1.3158 713.9443 189.3919 903.9567 317.9998 1.4553 1.6796 3.8230 2.6749 1.7420 10.5840 1.5555 0.9743
Car -1 -1 1.8514 298.2115 188.6981 471.1624 301.1339 1.4180 1.5998 3.6552 -3.3477 1.7095 11.4441 1.5721 0.9395
Car -1 -1 4.5696 681.7679 182.4256 774.5609 256.5912 1.4761 1.5765 3.6437 2.6213 1.7214 16.6621 4.7220 0.9310
Car -1 -1 1.3965 656.7118 180.5910 733.8820 237.1384 1.4787 1.5899 3.9590 2.4457 1.7304 21.4484 1.5077 0.9149
Car -1 -1 2.8663 732.9489 169.6165 831.1119 206.4774 1.7188 1.6741 4.2796 8.2146 1.5679 34.5768 3.0972 0.8763
Car -1 -1 0.4957 414.0476 183.7129 477.9417 207.1514 1.5560 1.5598 4.1068 -11.4198 2.3343 50.4150 0.2736 0.1809
Car -1 -1 -0.2421 659.7053 167.6216 726.2587 190.8445 1.5186 1.6357 4.1501 5.5548 1.1765 48.2617 -0.1285 0.1725
Car -1 -1 3.7117 696.8561 164.5698 765.7649 192.3463 1.5240 1.5900 3.6088 6.9541 1.0695 41.3880 3.8767 0.1298
Car -1 -1 4.8095 662.9295 169.0447 692.5294 192.0985 1.5016 1.6198 4.0830 4.6822 1.2535 49.1567 4.9036 0.1244
Car -1 -1 1.4998 409.8496 183.1318 434.5732 203.7080 1.5115 1.6227 3.9890 -14.9055 2.3583 57.2982 1.2461 0.0998
Car -1 -1 -0.0962 731.9532 168.7454 788.3011 189.8125 1.5300 1.6495 3.9421 11.1102 1.2316 53.4341 0.1074 0.0975
Car -1 -1 4.5894 704.9015 173.5174 735.0035 196.5432 1.5204 1.5955 3.7202 7.5544 1.5678 49.6325 4.7392 0.0915
Car -1 -1 4.5807 652.6847 178.8310 692.0383 207.2427 1.4483 1.6413 3.9365 3.3967 1.7932 39.6291 4.6650 0.0793
Car -1 -1 4.5498 737.6476 167.5731 769.2326 190.6460 1.6810 1.6990 4.0823 10.8497 1.2963 54.6364 4.7445 0.0646
Car -1 -1 1.5763 452.3784 195.2569 503.6170 243.8612 1.4480 1.6381 3.7006 -4.5887 2.2935 25.2693 1.3977 0.0552
Car -1 -1 4.9891 690.5498 175.5365 734.6908 201.8095 1.4837 1.6223 3.8880 6.2266 1.6525 43.2832 5.1305 0.0552
Car -1 -1 3.3801 659.7175 178.7906 728.6946 205.3279 1.4894 1.6028 3.7669 4.9941 1.8509 42.5299 3.4956 0.0548
Car -1 -1 1.5553 450.9190 182.4725 474.6846 205.0841 1.4870 1.5942 3.9041 -10.4608 2.1984 51.2939 1.3548 0.0534
Car -1 -1 4.4076 680.3710 169.3272 723.2169 193.6594 1.5996 1.7193 4.2611 6.2935 1.3677 49.6840 4.5326 0.0502