Car -1 -1 1.7705 415.2941 195.0691 522.8748 272.4810 1.4474 1.6513 3.8885 -3.0829 2.0180 16.5740 1.5885 0.9813
Car -1 -1 4.3923 746.3845 188.8967 1041.9304 375.0000 1.4529 1.6526 4.0540 2.7261 1.6750 7.9627 4.7095 0.9521
Car -1 -1 4.4412 671.6155 193.4085 816.6475 284.5920 1.3096 1.5998 3.7707 2.2827 1.7415 13.2044 4.6074 0.8901
Car -1 -1 4.2071 859.5532 140.6785 1242.0000 375.0000 1.5613 1.4827 3.4578 2.2423 1.5072 3.0009 4.8024 0.8417
Car -1 -1 4.6728 629.5291 179.1503 660.3674 206.0288 1.5103 1.6884 4.3534 2.0991 1.9111 43.7495 4.7199 0.7943
Car -1 -1 5.2898 0.0000 212.3739 328.4642 375.0000 1.4259 1.5463 3.5960 -2.6977 1.7117 3.3776 4.6528 0.7433
Car -1 -1 1.7153 523.9916 185.9313 563.0120 216.6980 1.4720 1.5277 3.6840 -3.4305 2.1949 38.0020 1.6252 0.7056
Car -1 -1 4.6874 552.5281 181.7864 573.9050 202.6004 1.5213 1.5702 3.7736 -3.6468 2.2432 56.3613 4.6226 0.3991
Car -1 -1 1.7618 335.6065 212.5275 479.8420 328.6566 1.4459 1.5919 4.0060 -3.2730 2.2422 12.4326 1.5084 0.3586
Car -1 -1 4.9242 395.4039 186.7745 449.3259 220.1812 1.4660 1.6973 4.3210 -9.1753 2.1967 35.6817 4.6738 0.3520
Car -1 -1 1.9121 522.0979 177.8059 553.7820 194.6926 1.5261 1.6854 4.2297 -6.7871 2.0137 68.7871 1.8137 0.1687
Car -1 -1 1.4098 671.4819 181.6106 705.8658 206.7198 1.4759 1.5744 3.7529 4.9633 2.0533 45.6644 1.5169 0.1566
Car -1 -1 1.7582 560.7503 182.3738 585.3845 199.1055 1.4585 1.6001 3.8599 -3.3688 2.3720 67.2180 1.7079 0.1249
Car -1 -1 4.5620 614.7895 173.8491 641.8939 193.4842 1.5393 1.6385 3.9011 1.4964 1.6232 58.8082 4.5870 0.1198
Car -1 -1 1.5536 520.2728 180.7653 538.3961 198.7851 1.5110 1.5384 4.0213 -7.1879 2.2405 64.4337 1.4426 0.1086
Car -1 -1 1.8286 381.1703 188.1192 441.3895 223.4137 1.4583 1.6766 4.2480 -9.1951 2.2181 33.7844 1.5644 0.0994
Car -1 -1 2.9840 802.4810 143.1576 996.8256 220.6134 1.5718 1.6345 3.7303 6.2042 0.9692 15.8291 3.3510 0.0888
Car -1 -1 3.5788 531.9911 181.9565 584.5419 203.0337 1.5479 1.6044 3.7105 -3.9510 2.2674 55.6220 3.5077 0.0888
Car -1 -1 1.6810 544.9321 178.4581 573.6379 202.4041 1.6685 1.6632 4.2240 -3.6809 2.1000 53.4216 1.6121 0.0861
Car -1 -1 -0.1268 613.9859 175.4542 667.6545 194.4446 1.4886 1.5918 4.1252 2.4807 1.7003 57.7897 -0.0845 0.0818
Car -1 -1 1.4101 496.6152 188.9339 526.2641 211.4561 1.4904 1.5338 3.9949 -7.2322 2.7174 52.9280 1.2745 0.0776
Car -1 -1 1.7129 499.4034 190.5907 546.0416 226.7041 1.4849 1.6150 3.8493 -3.9728 2.3567 33.5216 1.5952 0.0751
Car -1 -1 1.5469 480.0832 204.2952 529.1720 247.9271 1.4065 1.7413 3.1514 -4.0204 2.6750 27.4093 1.4017 0.0739
Car -1 -1 1.5672 623.6122 184.1066 645.5663 206.2189 1.4799 1.5281 3.7666 1.7998 2.3227 52.1358 1.6010 0.0723
Car -1 -1 1.6332 606.9498 182.7431 631.1663 204.8349 1.4826 1.5168 3.7526 0.7160 2.2227 52.0764 1.6463 0.0721
Car -1 -1 1.0305 469.4769 186.1448 518.1857 208.1905 1.4616 1.6586 4.0248 -8.4402 2.4652 52.4111 0.8711 0.0700
Car -1 -1 1.1085 658.8066 179.8914 712.9960 205.7220 1.5531 1.7327 4.3792 4.9096 2.0347 47.0219 1.2114 0.0676
Car -1 -1 1.4099 682.2859 179.4608 722.6914 208.1604 1.4619 1.5991 3.8050 5.0442 1.8419 39.5721 1.5352 0.0659
Car -1 -1 2.4161 0.0000 196.1423 152.9904 346.2397 1.5008 1.6849 4.2807 -8.8238 1.9006 10.1476 1.7132 0.0657
Car -1 -1 4.4008 674.3971 139.0404 1242.0000 375.0000 1.6359 1.6048 3.5654 1.1818 1.5799 3.0003 4.7416 0.0654
Car -1 -1 4.8192 670.7426 180.7016 705.1143 208.1694 1.4993 1.6213 3.8069 4.6648 1.9845 42.5783 4.9270 0.0638
Car -1 -1 1.5647 510.9214 179.7811 529.1824 198.6040 1.5922 1.5762 4.2386 -8.0575 2.2360 64.8571 1.4412 0.0630
Car -1 -1 4.8320 560.7059 182.7192 586.9019 203.2155 1.5004 1.5948 3.9915 -2.7815 2.3055 56.8380 4.7828 0.0611
Car -1 -1 1.5953 483.6241 191.5170 521.8644 227.7543 1.4722 1.6532 4.0057 -4.9117 2.3941 33.5524 1.4504 0.0584
Car -1 -1 1.5085 656.2032 175.8056 679.8239 195.8643 1.5627 1.6976 3.3134 4.7019 1.8084 58.3765 1.5880 0.0583
Car -1 -1 1.5694 500.9329 194.3649 543.5369 234.5900 1.4530 1.6645 4.0031 -3.6763 2.4210 30.3831 1.4493 0.0576
Car -1 -1 0.2048 500.6281 185.7612 575.3843 215.5150 1.4788 1.5321 3.6453 -3.7038 2.1693 37.6458 0.1068 0.0569
Car -1 -1 1.3199 502.6407 202.1698 569.0223 245.8500 1.4473 1.7446 3.7617 -3.0047 2.6992 28.7477 1.2158 0.0565
Car -1 -1 1.6269 508.6546 187.6369 533.0499 209.1687 1.4620 1.5825 4.0092 -6.5872 2.6075 53.8617 1.5053 0.0559
Car -1 -1 2.1503 519.7338 181.1578 558.2667 199.2607 1.5049 1.5330 3.8613 -6.2168 2.2646 63.9429 2.0534 0.0548
Car -1 -1 -0.4089 610.4050 179.0982 688.6514 205.9035 1.5452 1.6622 4.4569 2.4298 1.9383 43.8704 -0.3544 0.0548
Car -1 -1 1.4730 512.1954 187.1858 550.4907 218.2752 1.4759 1.6269 4.1771 -4.2236 2.2846 38.5026 1.3639 0.0544
Car -1 -1 2.0389 531.0080 178.4628 576.6010 202.3495 1.6262 1.6531 4.0304 -3.9942 2.0498 52.3226 1.9627 0.0540
Car -1 -1 1.5296 546.4010 180.1161 569.8976 202.1695 1.5695 1.6118 4.1418 -3.9448 2.1439 54.9152 1.4578 0.0534
Car -1 -1 4.4708 676.5934 181.3927 719.9149 209.7062 1.4906 1.6035 3.6885 4.9975 1.9996 41.0785 4.5904 0.0530
Car -1 -1 1.5699 519.4368 182.8532 554.6638 217.4534 1.5907 1.6717 3.8594 -3.6507 2.1220 36.3335 1.4699 0.0515