Car -1 -1 -0.0421 545.2477 174.1543 717.6349 236.7168 1.6229 1.7382 4.4913 0.5609 1.6600 19.6572 -0.0148 0.9080
Car -1 -1 2.4435 388.9384 182.8412 520.1528 232.8298 1.4531 1.6406 4.1787 -5.0490 1.8148 23.9816 2.2376 0.7503
Car -1 -1 -0.5317 608.6342 173.5448 721.2413 213.9026 1.5306 1.5861 4.3185 2.2509 1.5601 29.0849 -0.4559 0.6645
Car -1 -1 1.4633 349.1226 173.7220 378.6513 195.5065 1.4817 1.5812 3.9176 -17.5151 1.5460 51.3548 1.1359 0.1698
Car -1 -1 4.6712 352.8008 184.8500 383.3204 213.5611 1.5847 1.5983 3.6339 -14.5777 2.3403 43.4651 4.3491 0.1647
Car -1 -1 0.4377 312.5793 184.7111 385.2301 212.5709 1.5775 1.6333 3.6983 -15.3859 2.2951 42.6801 0.0933 0.1445
Car -1 -1 4.4326 626.3455 162.6153 664.2583 185.7000 1.5343 1.6228 3.8399 2.4332 0.8538 50.0119 4.4807 0.0975
Car -1 -1 1.5645 354.3511 175.1848 380.5723 198.3446 1.5209 1.6577 4.3167 -16.8361 1.6904 50.1576 1.2420 0.0861
Car -1 -1 1.2282 323.3663 186.8809 399.0872 228.5123 1.5150 1.6651 4.1522 -10.3287 2.1367 29.8421 0.8973 0.0817
Car -1 -1 1.3834 707.8057 187.4496 780.9007 237.5014 1.4287 1.6081 4.1403 4.3579 1.9540 23.8864 1.5608 0.0778
Car -1 -1 4.6331 340.4258 179.7261 382.3548 212.3627 1.4062 1.5800 3.7219 -11.7214 1.7489 33.9617 4.3028 0.0764
Car -1 -1 5.5997 353.5847 186.0430 424.8354 214.4872 1.5602 1.6961 3.9292 -13.2671 2.3961 43.6301 5.3058 0.0757
Car -1 -1 4.4723 435.6629 172.0039 477.5426 197.7307 1.4721 1.6171 3.7395 -9.2222 1.4234 43.3212 4.2634 0.0703
Car -1 -1 1.7319 653.0983 192.4460 718.9453 243.2223 1.4386 1.5831 3.8980 2.6348 2.1509 24.1438 1.8384 0.0696
Car -1 -1 3.8277 260.7372 177.7910 361.3671 212.9739 1.4878 1.6375 4.0395 -13.3379 1.7181 32.2722 3.4384 0.0675
Car -1 -1 3.2409 702.0464 184.4208 796.1699 220.1806 1.4711 1.6596 3.9451 6.1881 2.0045 31.9164 3.4300 0.0593
Car -1 -1 5.0461 342.6216 184.5784 389.5556 212.5252 1.5240 1.5896 3.3851 -14.2778 2.2418 42.4751 4.7233 0.0589
Car -1 -1 3.9367 299.6969 182.9238 373.3748 210.5541 1.5414 1.6833 4.1646 -16.3099 2.1656 43.0878 3.5765 0.0580
Car -1 -1 4.6506 469.6053 169.1807 540.2123 232.0697 1.4415 1.5564 3.7320 -2.7683 1.3573 18.5252 4.5038 0.0572
Car -1 -1 -0.0320 505.5140 172.8328 671.8343 238.8673 1.5099 1.6223 3.8308 -0.5176 1.5094 17.4266 -0.0621 0.0571
Car -1 -1 1.5417 380.8259 191.7912 424.7692 232.6189 1.4825 1.6658 4.1280 -8.7858 2.3406 30.4777 1.2628 0.0563
Car -1 -1 3.3227 666.2054 166.2540 726.9374 189.6913 1.4948 1.6029 3.7287 5.7174 1.0739 47.3364 3.4419 0.0509