Car -1 -1 1.6689 268.2837 192.1302 401.3983 298.5488 1.4154 1.6991 4.0461 -4.5786 1.8086 12.5511 1.3251 0.9626
Car -1 -1 0.3879 228.9409 178.1811 366.4491 221.6781 1.4834 1.7142 4.1581 -11.0280 1.6798 25.7099 -0.0139 0.9141
Car -1 -1 2.5945 475.4258 176.6122 577.9749 212.5714 1.5007 1.6400 4.3749 -3.6848 1.6804 32.5161 2.4821 0.7715
Car -1 -1 2.6216 625.2462 176.1768 723.4505 207.9477 1.4941 1.6824 4.6665 3.2501 1.6681 36.0354 2.7103 0.7585
Car -1 -1 4.5548 367.7253 187.7923 401.4707 212.5737 1.5425 1.6422 3.7320 -15.4333 2.6074 49.4025 4.2531 0.3963
Car -1 -1 3.0465 343.8324 187.5408 406.3950 212.5315 1.5527 1.6768 3.8310 -15.6483 2.5641 48.1585 2.7336 0.2973
Car -1 -1 4.4877 349.2779 180.2745 397.2793 212.4258 1.5096 1.5540 3.6385 -12.0708 1.9077 36.7432 4.1720 0.2102
Car -1 -1 0.6207 469.4528 189.3697 554.4958 219.8176 1.4934 1.7346 4.3766 -5.3058 2.4298 39.1195 0.4862 0.1469
Car -1 -1 0.1574 301.4908 166.9826 358.1146 186.2374 1.6805 1.7194 4.4875 -24.8721 1.1680 64.2818 -0.2106 0.1414
Car -1 -1 1.4735 139.2604 192.2622 189.0853 228.8132 1.5062 1.6301 3.9634 -21.0289 2.4767 34.0064 0.9229 0.1404
Car -1 -1 4.6624 315.6299 171.8926 349.9528 199.6945 1.4761 1.6047 3.9786 -15.5528 1.4251 40.4535 4.2974 0.1346
Car -1 -1 1.5453 717.3779 180.0426 744.0555 204.9413 1.4751 1.5681 3.6242 7.6465 1.9498 45.7474 1.7094 0.1224
Car -1 -1 0.7355 567.5562 183.8060 643.1473 211.8572 1.5097 1.7137 4.4670 -0.2929 2.1889 42.6186 0.7281 0.1187
Car -1 -1 4.3088 421.8012 188.3029 478.7880 217.9169 1.4544 1.6676 3.8814 -8.7959 2.3477 39.6538 4.0915 0.1123
Car -1 -1 4.9762 475.3567 189.0861 521.6978 218.0308 1.4620 1.6496 3.7542 -6.1905 2.4194 40.5989 4.8253 0.1063
Car -1 -1 1.5955 372.1552 179.3612 404.6085 207.1262 1.4301 1.6255 4.0919 -12.3285 1.8140 40.3793 1.3006 0.1056
Car -1 -1 4.2140 308.7387 180.6665 378.6824 212.3439 1.4615 1.6157 3.9117 -13.3425 1.8732 36.1230 3.8622 0.1021
Car -1 -1 4.9416 334.2936 168.2525 365.3930 188.0895 1.7453 1.7264 4.3005 -23.6062 1.3404 65.7159 4.5979 0.0987
Car -1 -1 1.5187 369.4316 183.0533 399.2685 210.3966 1.6158 1.6272 4.0456 -14.5293 2.3031 46.4427 1.2168 0.0879
Car -1 -1 0.2655 360.1087 189.6853 422.7491 213.3734 1.5440 1.6589 3.7813 -14.8233 2.7113 49.1590 -0.0264 0.0823
Car -1 -1 2.1442 123.6277 198.2300 197.5526 230.6633 1.4429 1.5985 3.3514 -22.5899 2.7840 36.4407 1.5922 0.0818
Car -1 -1 3.5765 522.3786 192.1873 600.0002 223.5888 1.4992 1.6331 3.6951 -2.5174 2.5457 37.6312 3.5094 0.0816
Car -1 -1 4.8014 378.2566 176.9487 417.8468 210.7683 1.6204 1.6009 3.9518 -10.8386 1.8432 37.1705 4.5192 0.0801
Car -1 -1 4.7740 124.3061 167.3979 157.3948 193.7204 1.7743 1.6996 3.9859 -32.9439 1.4065 50.7904 4.2009 0.0730
Car -1 -1 1.0059 253.8721 170.3879 307.1178 190.5645 1.5253 1.6351 4.5090 -25.7713 1.3389 56.4641 0.5793 0.0689
Car -1 -1 3.1781 517.3318 168.4989 578.3452 187.9371 1.4719 1.6303 4.6158 -4.7177 1.1421 55.5620 3.0935 0.0671
Car -1 -1 -0.0240 472.8690 172.0180 529.2615 191.6730 1.4748 1.6148 4.2136 -8.3202 1.4121 55.2992 -0.1729 0.0630
Car -1 -1 4.3674 287.7446 173.1494 555.8058 354.0682 1.4911 1.5829 3.9687 -2.3054 1.4952 8.0298 4.0954 0.0625
Car -1 -1 -0.2258 369.1445 190.0199 433.7309 215.5833 1.5931 1.6295 3.9393 -14.0860 2.7955 48.8720 -0.5054 0.0622
Car -1 -1 1.6390 444.8537 186.4682 482.0316 218.3254 1.4856 1.6169 4.0227 -7.5482 2.2336 37.5408 1.4414 0.0621
Car -1 -1 1.8249 130.8474 197.2746 190.6690 233.9543 1.4386 1.5338 3.0745 -19.9896 2.5875 32.2502 1.2735 0.0600
Car -1 -1 5.2582 505.2204 157.8632 641.6031 220.7759 1.3949 1.6066 3.9021 -0.7815 1.0626 18.0950 5.2151 0.0584
Car -1 -1 4.8106 703.3534 171.3531 726.7903 191.2612 1.6025 1.5669 3.8294 8.8196 1.4817 60.1264 4.9552 0.0577
Car -1 -1 1.6531 369.5977 178.2166 408.5986 209.1890 1.5240 1.6449 4.0721 -11.6795 1.8256 38.4168 1.3596 0.0568
Car -1 -1 4.7767 538.9525 179.6214 577.9577 213.5687 1.5231 1.6381 3.9799 -2.4366 1.8716 35.1628 4.7074 0.0568
Car -1 -1 0.4211 188.6004 179.4101 318.7180 222.9049 1.4869 1.6121 3.8493 -12.6440 1.7291 25.7920 -0.0310 0.0566
Car -1 -1 4.5389 674.8448 165.0024 703.9929 186.6041 1.6437 1.6220 3.9539 6.2619 1.0463 56.9276 4.6476 0.0562
Car -1 -1 1.1306 452.1789 178.6035 522.7975 212.3106 1.3950 1.5525 4.1066 -5.5956 1.6726 32.7158 0.9621 0.0561
Car -1 -1 5.0755 394.4838 189.3214 439.1842 213.2252 1.4890 1.6785 3.9645 -13.2543 2.6735 49.8408 4.8164 0.0552
Car -1 -1 4.2200 135.5664 165.6977 187.9501 187.3075 1.6462 1.7189 4.2140 -35.2401 1.1010 56.7638 3.6664 0.0549
Car -1 -1 3.2993 276.3569 177.6253 371.9676 210.1758 1.4982 1.6205 4.0795 -13.6815 1.7364 34.7948 2.9270 0.0540
Car -1 -1 1.5301 366.9998 183.6497 394.4989 207.7838 1.5508 1.6721 4.2787 -16.1157 2.3440 50.7160 1.2236 0.0532
Car -1 -1 1.0148 516.9132 186.8000 573.5623 213.5635 1.4652 1.6401 3.8203 -3.9295 2.3475 43.6256 0.9250 0.0515
Car -1 -1 -0.5725 409.7416 175.0199 722.3640 314.3779 1.4860 1.5786 3.8699 -0.4687 1.5199 9.5175 -0.6218 0.0514
Car -1 -1 0.2267 345.6422 177.8876 435.7823 210.4952 1.6125 1.6051 4.1558 -11.1355 1.8765 36.9064 -0.0647 0.0507