Car -1 -1 4.8572 545.2233 177.0346 650.8915 257.7956 1.4720 1.6608 4.1787 -0.1048 1.5748 15.5604 4.8495 0.9749
Car -1 -1 4.5566 811.2172 175.6710 965.6332 290.0465 1.5465 1.7112 3.8656 4.3852 1.6011 11.9163 4.9003 0.9644
Car -1 -1 4.9372 587.3594 178.3756 681.5148 238.7215 1.4935 1.7271 4.4570 0.8383 1.6699 20.6694 4.9763 0.9260
Car -1 -1 4.6107 778.1154 172.3926 822.3328 207.2845 1.4848 1.5397 3.8517 8.5856 1.4652 32.7251 4.8646 0.8207
Car -1 -1 4.7988 687.6069 174.8054 719.3009 199.7706 1.5469 1.6995 4.2950 6.2029 1.6811 47.3431 4.9278 0.7913
Car -1 -1 4.6527 806.5333 179.1743 887.4615 248.7669 1.4394 1.5814 3.6351 5.5617 1.6075 17.2344 4.9591 0.3944
Car -1 -1 4.3893 759.0961 171.3846 805.9904 196.3723 1.4978 1.6295 4.1335 10.8158 1.4097 45.3830 4.6214 0.2532
Car -1 -1 1.6358 705.6482 171.8573 728.1569 192.0465 1.6502 1.6265 4.0952 9.1257 1.5687 61.1488 1.7829 0.2403
Car -1 -1 -0.6379 595.2836 161.8280 670.2702 189.2767 1.5630 1.6859 4.3109 1.4116 0.9352 43.0073 -0.6057 0.2349
Car -1 -1 4.6838 758.1454 171.2343 782.8450 194.9379 1.6177 1.5934 3.9867 11.4176 1.5072 51.3512 4.9010 0.2185
Car -1 -1 3.4208 594.5921 164.8558 661.5030 187.2751 1.4661 1.5995 4.2265 1.2508 0.9430 48.5806 3.4462 0.1987
Car -1 -1 4.6529 762.5810 166.2470 785.7917 186.6860 1.6845 1.6846 4.1071 14.0269 1.1400 61.6304 4.8754 0.1643
Car -1 -1 1.6230 646.2604 183.3441 687.1824 219.2423 1.4475 1.6245 4.0453 2.6238 1.9499 32.4403 1.7023 0.1008
Car -1 -1 4.6859 792.8723 164.9727 813.7339 185.7195 1.8408 1.7305 4.3286 17.7765 1.1415 66.3271 4.9465 0.0860
Car -1 -1 4.9073 659.7496 171.1833 688.1224 192.2763 1.7006 1.6455 3.8543 5.4077 1.5659 60.2534 4.9960 0.0835
Car -1 -1 -0.5154 660.6697 162.2354 727.5991 188.4636 1.8081 1.7873 4.4334 6.0298 1.0761 51.4268 -0.3996 0.0774
Car -1 -1 4.6682 673.5934 178.3831 743.0865 240.0688 1.5319 1.7380 4.2484 2.7012 1.7058 20.5013 4.7965 0.0770
Car -1 -1 4.6909 603.6166 161.9092 633.6330 190.0924 1.5681 1.6627 3.9625 0.4884 0.9592 42.1367 4.7021 0.0757
Car -1 -1 1.3068 854.9264 162.2786 975.6274 232.2357 1.5448 1.6797 4.2984 7.5109 1.3112 18.1681 1.6926 0.0755
Car -1 -1 4.6195 859.7967 152.8363 909.7132 193.2583 1.6174 1.6402 3.7102 11.7072 0.8165 30.8770 4.9786 0.0728
Car -1 -1 -0.0158 754.2568 166.5654 803.5137 184.5249 1.4743 1.6036 3.9650 14.1533 0.9581 60.4330 0.2130 0.0728
Car -1 -1 1.4235 803.6179 177.4917 913.5080 262.2266 1.5595 1.6064 4.1535 5.2520 1.6744 15.7003 1.7398 0.0712
Car -1 -1 1.4517 677.7461 185.1603 729.6114 224.3174 1.4105 1.6052 3.9912 3.7434 1.9434 29.2485 1.5770 0.0709
Car -1 -1 1.3482 609.1847 178.6900 685.2388 228.0424 1.4491 1.6068 4.2151 1.1466 1.6605 23.9258 1.3948 0.0694
Car -1 -1 4.7553 624.2153 163.6756 653.6851 189.7087 1.5029 1.6112 4.0551 1.8217 0.9730 43.7423 4.7964 0.0689
Car -1 -1 1.3142 590.4900 166.4057 661.5903 212.1802 1.5139 1.5977 3.9359 0.5081 1.3007 25.9648 1.3330 0.0577
Car -1 -1 4.7959 620.3089 165.3071 641.4717 181.6134 1.4878 1.6558 4.1036 2.0378 0.7992 67.9660 4.8255 0.0550