Car -1 -1 -0.6142 955.2407 188.1227 1242.0000 338.3682 1.4535 1.6279 3.9854 6.2305 1.6417 8.0254 0.0275 0.9617
Car -1 -1 3.6718 0.0000 200.2259 319.7504 315.7892 1.4351 1.5755 4.0008 -6.4056 1.8527 10.1802 3.1214 0.9291
Car -1 -1 3.4792 227.1413 189.1570 413.0224 260.9982 1.5856 1.6301 3.7837 -6.7880 1.9941 17.2015 3.1080 0.9119
Car -1 -1 3.8640 0.0000 190.1405 184.1148 346.6818 1.4835 1.6100 3.6281 -6.9175 1.6918 7.8585 3.1588 0.9080
Car -1 -1 -0.3114 724.1211 190.4839 872.6418 241.6741 1.3998 1.5032 3.9507 5.4849 1.9393 21.2056 -0.0625 0.9060
Car -1 -1 0.4875 90.4262 193.9801 355.3872 283.9031 1.4265 1.5871 3.7997 -6.6359 1.8207 12.6471 0.0124 0.8947
Car -1 -1 -0.3950 830.4653 197.6964 1066.9381 284.7963 1.4473 1.5026 3.6308 6.0947 1.9309 13.2455 0.0268 0.8603
Car -1 -1 4.5434 629.1323 184.9978 674.6152 216.1476 1.4208 1.6370 4.0654 2.0897 2.0735 36.6696 4.5993 0.8342
Car -1 -1 -0.5620 889.0114 194.2645 1209.9496 308.1796 1.4694 1.5165 3.7565 6.2185 1.8041 10.4492 -0.0385 0.8222
Car -1 -1 -0.3524 808.6859 194.1216 1013.5601 266.3550 1.4351 1.5190 3.8031 6.4169 1.9198 15.6305 0.0296 0.7514
Car -1 -1 3.2736 408.4443 187.7217 498.0930 222.5423 1.4159 1.5198 3.5932 -6.6602 2.0733 31.0052 3.0632 0.7450
Car -1 -1 -0.4071 754.9639 193.7227 942.0286 257.5269 1.4867 1.5786 4.2678 6.0356 2.0491 18.4530 -0.0967 0.6991
Car -1 -1 0.8176 0.0000 231.2179 139.7940 375.0000 1.4482 1.5852 4.1402 -6.0477 1.9431 5.3105 -0.0076 0.5614
Car -1 -1 3.4445 255.8329 174.7002 446.4446 244.9795 1.8284 1.7172 4.6077 -6.9512 1.8813 19.7520 3.1097 0.5462
Car -1 -1 1.1154 605.1295 183.2077 647.9440 205.8379 1.5056 1.5781 3.7710 1.1806 2.2799 51.9165 1.1375 0.5373
Car -1 -1 3.4983 433.1224 188.7701 518.2023 223.3567 1.5185 1.5970 3.5848 -6.2421 2.2881 33.7881 3.3164 0.5116
Car -1 -1 2.9131 728.8130 181.6999 850.1889 228.8192 1.4621 1.5144 3.5739 5.7839 1.7591 23.4537 3.1513 0.4364
Car -1 -1 3.9415 941.3907 207.2997 1242.0000 375.0000 1.4841 1.5651 3.6147 2.8361 1.6967 2.6418 4.7072 0.3633
Car -1 -1 4.9000 493.4763 179.7295 529.5853 204.8741 1.4840 1.5599 3.8968 -6.1555 1.9380 45.6577 4.7663 0.3206
Car -1 -1 4.8687 474.3464 186.7088 520.5538 222.0246 1.5284 1.6114 3.7987 -5.3189 2.2298 34.6234 4.7168 0.2546
Car -1 -1 0.1904 399.2523 177.5337 466.7731 202.4304 1.4974 1.6187 3.8181 -10.8788 1.7927 44.6333 -0.0477 0.1828
Car -1 -1 2.8819 889.1171 177.7419 975.9515 206.8138 1.4859 1.6208 3.9262 17.1030 1.7533 38.3575 3.2980 0.1438
Car -1 -1 4.8018 727.2753 174.8518 748.1936 192.5719 1.5554 1.5583 3.6710 11.7033 1.7429 65.7535 4.9768 0.1221
Car -1 -1 5.0114 414.4342 167.2531 447.6987 188.2516 1.6735 1.6785 3.5540 -14.6366 1.2272 59.3278 4.7703 0.1049
Car -1 -1 3.4675 461.0523 183.4760 525.4745 208.2776 1.4633 1.5201 3.6286 -7.1561 2.1342 44.5228 3.3086 0.1031
Car -1 -1 1.2547 615.1659 181.9237 655.0359 205.8065 1.5546 1.6434 3.9689 1.7492 2.2190 50.7227 1.2885 0.0992
Car -1 -1 4.3982 915.6271 177.1608 969.0072 206.0030 1.4714 1.5584 3.7026 18.0584 1.7175 39.3117 4.8255 0.0992
Car -1 -1 5.5641 0.0000 228.5308 129.8888 375.0000 1.4547 1.5901 3.9940 -5.0048 1.9411 4.2909 4.7329 0.0980
Car -1 -1 5.2571 0.0000 214.7277 445.9591 375.0000 1.4546 1.6168 3.9939 -3.0059 1.9628 6.6700 4.8472 0.0974
Car -1 -1 1.5266 483.6362 177.9455 512.3662 204.0721 1.5433 1.6135 4.1775 -7.1017 1.8813 45.6890 1.3729 0.0951
Car -1 -1 4.7350 317.0843 157.4978 350.5814 187.0502 1.5901 1.6762 3.8298 -15.5841 0.7638 40.9080 4.3731 0.0886
Car -1 -1 0.1942 0.0000 226.9972 602.1921 375.0000 1.4790 1.6174 3.9989 -2.1594 1.9662 5.3503 -0.1743 0.0884
Car -1 -1 0.3908 207.1431 161.8051 381.6707 219.5531 1.5310 1.6354 4.1149 -8.6213 1.2381 19.9716 -0.0121 0.0860
Car -1 -1 4.6943 414.3185 178.0381 441.9856 203.3764 1.5054 1.6341 3.8896 -11.5498 1.8496 45.8135 4.4484 0.0842
Car -1 -1 4.4581 710.2281 180.3816 739.9114 200.5528 1.5811 1.5687 3.6024 9.5411 2.2246 59.8190 4.6151 0.0835
Car -1 -1 1.4211 660.5526 179.1138 687.8287 201.5540 1.6654 1.5772 3.7870 5.0322 2.1729 56.5678 1.5089 0.0820
Car -1 -1 1.2296 1009.4219 167.5433 1067.3169 195.7800 1.4581 1.5260 3.7467 23.2422 1.1838 39.2424 1.7608 0.0810
Car -1 -1 -0.9281 975.6479 189.3748 1242.0000 375.0000 1.4927 1.6130 4.2007 4.2101 1.5930 3.4083 -0.0800 0.0789
Car -1 -1 3.3732 490.7130 180.5564 559.9075 205.5568 1.4811 1.6232 3.9638 -5.1590 1.9663 44.4202 3.2578 0.0776
Car -1 -1 1.6467 400.3511 183.9499 436.8702 216.4292 1.5166 1.5198 3.8125 -9.7612 2.1177 37.0769 1.3906 0.0766
Car -1 -1 3.4723 0.0000 187.8604 301.1488 290.9457 1.4939 1.6092 4.3138 -7.6306 1.7715 12.0855 2.9187 0.0765
Car -1 -1 4.2964 717.9355 179.1744 776.6850 210.7868 1.4914 1.5812 3.6791 6.9603 1.8311 36.8012 4.4813 0.0733
Car -1 -1 0.0089 806.0652 189.2240 1005.1979 259.6196 1.5161 1.5781 4.3616 7.1933 1.9554 17.8134 0.3861 0.0702
Car -1 -1 1.2672 490.5798 188.2008 537.9350 216.3886 1.4749 1.6410 3.9389 -5.6219 2.4180 42.2066 1.1350 0.0694
Car -1 -1 2.4554 508.6760 179.4940 576.2412 205.5920 1.4992 1.6375 4.0148 -4.0955 1.9266 44.4544 2.3636 0.0680
Car -1 -1 1.8806 403.6364 170.9798 447.8342 196.4447 1.5990 1.6650 3.9945 -12.0047 1.4814 47.3535 1.6334 0.0642
Car -1 -1 4.3061 751.7629 185.1162 1242.0000 375.0000 1.5480 1.6355 3.8577 1.4292 1.6194 2.1984 4.8228 0.0635
Car -1 -1 0.1954 262.5217 158.5243 350.8382 188.6858 1.6172 1.6859 4.2573 -16.6860 0.8489 39.9320 -0.1982 0.0630
Car -1 -1 1.3811 656.7884 180.7529 684.0631 199.8731 1.4874 1.5716 3.7054 4.9985 2.1615 59.6486 1.4639 0.0614
Car -1 -1 2.0342 372.7377 184.6115 437.5537 216.8619 1.4460 1.6204 3.6428 -10.0434 2.0596 35.7102 1.7615 0.0613
Car -1 -1 1.6918 489.1030 180.3700 523.4724 206.8464 1.4981 1.6019 3.9497 -6.2426 1.9766 43.9467 1.5511 0.0609
Car -1 -1 2.3662 0.0000 223.8834 230.4016 375.0000 1.4158 1.5267 3.4298 -4.7431 1.9380 5.5926 1.6858 0.0602
Car -1 -1 -0.1501 261.0107 157.2927 328.6471 182.0889 1.5747 1.6030 3.8903 -20.7169 0.5865 47.5325 -0.5592 0.0594
Car -1 -1 1.5380 618.0515 180.4412 644.2275 205.0450 1.5636 1.6429 4.2347 1.4357 2.1042 49.2845 1.5664 0.0591
Car -1 -1 2.0631 0.0000 199.6581 58.6300 330.9898 1.4082 1.6487 3.5256 -9.7872 1.8666 10.4284 1.3221 0.0581
Car -1 -1 4.4689 424.8022 172.2576 455.4058 191.7192 1.6148 1.6483 3.9902 -14.5956 1.5654 62.0215 4.2385 0.0571
Car -1 -1 1.1103 623.9464 178.0716 672.8232 202.5256 1.5125 1.6093 4.0054 2.5157 1.8731 47.7068 1.1622 0.0567
Car -1 -1 4.5834 1071.4340 169.5673 1131.3214 210.4067 1.4874 1.5036 3.2002 19.0433 1.3677 28.0457 5.1747 0.0566
Car -1 -1 1.6322 617.4167 178.3242 641.6556 197.9370 1.4812 1.6856 4.2835 1.6385 1.9372 57.9332 1.6599 0.0559
Car -1 -1 4.8220 225.1706 167.3596 296.5045 217.8957 1.4378 1.5784 3.7569 -10.8035 1.2815 22.5613 4.3798 0.0559
Car -1 -1 -0.9060 726.0555 183.0980 790.9719 209.2315 1.4903 1.6758 4.2571 9.2700 2.1542 44.7433 -0.7036 0.0534
Car -1 -1 5.1039 505.9413 180.6343 552.8234 205.4943 1.4583 1.6036 3.8372 -5.0240 1.9732 45.6856 4.9945 0.0533
Car -1 -1 3.0019 410.8190 190.1225 508.4325 225.1354 1.4534 1.6386 4.1682 -6.8366 2.2755 32.8779 2.7979 0.0531
Car -1 -1 2.8079 901.7761 192.8222 1242.0000 375.0000 1.5056 1.5987 4.0224 3.2887 1.6223 2.5123 3.6706 0.0529
Car -1 -1 2.4104 1147.3578 169.0020 1242.0000 198.9731 1.5023 1.6345 3.8668 30.1467 1.3092 37.0841 3.0889 0.0528
Car -1 -1 2.0104 530.0825 181.5041 583.8353 207.8975 1.4548 1.6381 4.0880 -3.1050 2.0017 43.4166 1.9389 0.0519
Car -1 -1 2.6009 0.0000 218.1295 94.0297 375.0000 1.4576 1.6095 4.3740 -5.9692 1.8978 4.7291 1.7279 0.0518
Car -1 -1 1.4636 648.6487 178.4645 674.2988 200.7853 1.6548 1.5908 3.8754 4.0275 2.1090 56.4472 1.5340 0.0517
Car -1 -1 3.9909 305.2534 158.5110 379.8069 187.5443 1.5393 1.6562 3.9807 -14.7893 0.7789 39.9314 3.6382 0.0515