Car -1 -1 2.1050 0.0000 207.4346 272.6834 374.1285 1.4623 1.6055 3.9330 -5.9427 1.9958 9.1440 1.5415 0.9755
Car -1 -1 1.9510 207.9488 199.9592 369.9847 294.4672 1.4440 1.5615 3.6507 -5.9784 2.0361 13.9201 1.5515 0.9640
Car -1 -1 1.8176 416.8018 190.3979 486.6457 233.5653 1.4091 1.6049 4.1506 -5.8872 2.1256 27.3653 1.6071 0.9589
Car -1 -1 1.8471 332.6431 193.8183 435.3355 257.0812 1.4435 1.6146 4.0807 -6.0685 2.0808 19.8791 1.5538 0.9501
Car -1 -1 2.6422 914.7786 147.1581 1149.3062 218.5561 1.4799 1.6104 4.1779 9.1112 0.9473 15.7931 3.1573 0.9313
Car -1 -1 4.5759 680.0437 173.9389 756.2870 228.7074 1.4885 1.6838 4.2871 3.1744 1.5246 21.8434 4.7176 0.8620
Car -1 -1 1.9309 484.3998 181.5386 536.1135 210.9295 1.5856 1.6421 4.1761 -5.7766 2.1233 42.4552 1.7960 0.7858
Car -1 -1 4.5679 663.8170 173.5093 724.3196 216.5978 1.5072 1.6729 4.2481 3.1278 1.5341 27.4553 4.6796 0.7759
Car -1 -1 2.5975 895.9943 144.1706 1064.1210 208.2595 1.5534 1.5574 3.5224 9.3764 0.8582 18.4047 3.0621 0.7610
Car -1 -1 2.9068 792.6657 161.6451 948.5391 211.8203 1.5449 1.6788 4.4563 8.3082 1.1998 23.2823 3.2452 0.6961
Car -1 -1 1.7570 454.7389 186.8897 504.1873 220.9615 1.4087 1.5696 3.7330 -5.9317 2.0920 33.2517 1.5813 0.6599
Car -1 -1 -0.4200 842.3929 159.7980 1006.3969 213.6408 1.4798 1.5609 4.0157 8.9238 1.1209 20.6456 -0.0175 0.5745
Car -1 -1 1.4063 462.2322 177.4406 488.2400 196.2885 1.5088 1.5500 3.8261 -11.3511 1.9085 60.8257 1.2223 0.4058
Car -1 -1 5.0925 664.6118 166.1644 699.0988 185.5123 1.6132 1.6424 3.8710 6.2698 1.0554 62.2560 5.1922 0.3243
Car -1 -1 1.4681 652.0969 174.4113 690.5858 207.5702 1.5804 1.5638 3.5989 3.0670 1.6628 36.3741 1.5510 0.2275
Car -1 -1 1.7542 420.9088 180.3756 455.3331 205.9927 1.5108 1.4796 3.5524 -10.7499 2.0032 45.4252 1.5227 0.1883
Car -1 -1 1.8954 621.9469 171.4754 661.9506 197.0671 1.7545 1.6438 4.0862 2.3639 1.6600 51.6684 1.9404 0.1701
Car -1 -1 1.3786 517.2812 183.0604 545.9487 203.0443 1.4765 1.5663 3.8287 -6.2405 2.3187 57.4753 1.2705 0.1661
Car -1 -1 4.5477 312.7019 189.9413 357.0225 221.0557 1.4317 1.5789 3.5737 -14.2261 2.3604 37.2746 4.1851 0.1612
Car -1 -1 1.5270 732.3759 175.3827 766.0266 208.3182 1.7518 1.6774 4.2548 7.8724 1.9031 40.9452 1.7151 0.1373
Car -1 -1 4.2752 497.9292 168.6057 540.4600 189.7128 1.5259 1.6405 3.9864 -6.8355 1.2188 54.2859 4.1503 0.1222
Car -1 -1 4.5115 782.6237 148.2138 846.2587 190.0042 1.6124 1.7376 4.0951 8.4095 0.6617 29.9427 4.7826 0.1209
Car -1 -1 -0.2713 649.0934 176.7658 726.0123 206.2015 1.4801 1.6070 3.6959 4.0458 1.6903 37.6694 -0.1657 0.1182
Car -1 -1 2.8371 789.4474 144.3291 899.7644 183.2972 1.5035 1.6187 3.8563 9.2730 0.4029 28.6584 3.1470 0.1158
Car -1 -1 1.8731 455.8438 175.0355 489.4290 196.1566 1.6253 1.5577 3.8953 -10.9571 1.8067 57.9663 1.6868 0.1138
Car -1 -1 1.6625 485.7234 173.6579 507.1263 190.9749 1.5116 1.5677 3.7472 -10.1757 1.5862 65.0788 1.5078 0.1118
Car -1 -1 5.1949 680.0936 166.8434 716.6725 184.4941 1.6278 1.7409 4.1320 8.4924 1.0735 68.7375 5.3171 0.1084
Car -1 -1 1.8106 401.4575 180.7522 443.8454 207.7169 1.4983 1.5922 3.7762 -11.1090 1.9908 43.1002 1.5594 0.1065
Car -1 -1 3.7724 0.0000 194.0641 87.2929 225.6751 1.5504 1.6498 3.6925 -29.5786 2.6778 37.4666 3.1074 0.1060
Car -1 -1 3.2354 710.3030 172.5185 758.1004 190.5643 1.4846 1.6172 3.8250 10.4846 1.4570 60.6401 3.4055 0.1057
Car -1 -1 0.4300 409.4469 181.0132 467.1950 203.3206 1.5022 1.5479 3.6182 -11.9731 2.0860 50.5185 0.1981 0.1027
Car -1 -1 5.2488 325.1553 189.7419 390.9679 221.9407 1.4916 1.5912 3.6069 -12.9539 2.4115 37.3742 4.9169 0.0957
Car -1 -1 4.6116 726.6729 176.1199 758.6267 202.7410 1.5008 1.4959 3.7648 7.9049 1.7046 43.0879 4.7914 0.0955
Car -1 -1 5.1300 23.8364 192.5517 96.6370 224.5967 1.5072 1.6275 3.9429 -29.3028 2.6192 38.6288 4.4842 0.0938
Car -1 -1 1.2707 632.4395 167.3756 666.7452 189.0723 1.6534 1.6556 3.7945 3.1250 1.2359 57.0265 1.3249 0.0901
Car -1 -1 5.0527 513.3032 168.2986 554.1744 191.7811 1.7066 1.7344 4.3294 -5.6990 1.3755 54.7462 4.9492 0.0901
Car -1 -1 4.6294 663.1419 166.0068 703.3007 199.4153 1.4934 1.5892 3.5088 3.4240 1.1873 34.0209 4.7284 0.0891
Car -1 -1 1.7925 0.0000 193.7508 59.3618 228.2341 1.5181 1.6373 3.8580 -29.2420 2.6327 36.3938 1.1191 0.0851
Car -1 -1 1.6318 432.0797 176.7903 459.0670 199.3966 1.5373 1.6413 4.1360 -11.7770 1.8329 51.9977 1.4098 0.0828
Car -1 -1 4.8510 651.8038 175.0981 691.0809 204.7523 1.4959 1.6063 3.6600 3.3592 1.6222 38.6573 4.9366 0.0818
Car -1 -1 2.0203 0.0000 184.2816 44.7123 218.8244 1.5010 1.5985 3.9974 -29.2799 2.0875 34.8982 1.3258 0.0805
Car -1 -1 1.8330 476.0792 181.3898 522.9723 211.2930 1.5726 1.6637 3.9888 -6.2225 2.0846 41.2059 1.6836 0.0796
Car -1 -1 1.0763 83.6834 191.3902 180.0883 232.7001 1.4388 1.5820 3.6851 -18.6230 2.2014 28.1124 0.4953 0.0756
Car -1 -1 1.4385 639.5961 178.1801 673.9978 205.4766 1.5384 1.5804 3.6907 2.7922 1.8720 43.2996 1.5020 0.0737
Car -1 -1 4.6689 0.0000 189.4635 403.1857 375.0000 1.4981 1.5723 3.9476 -2.6300 1.6513 4.5600 4.1694 0.0725
Car -1 -1 4.9393 738.1531 171.6337 788.3907 203.7003 1.4776 1.5802 3.8627 7.5761 1.4213 35.3313 5.1484 0.0700
Car -1 -1 4.9905 427.1120 181.7772 466.9849 206.2641 1.5064 1.5800 3.8257 -10.7077 2.1214 47.7703 4.7707 0.0699
Car -1 -1 4.7443 410.6625 181.9990 439.4761 207.8688 1.4715 1.5943 3.7267 -11.3232 2.0600 44.4403 4.4959 0.0681
Car -1 -1 3.0544 468.2451 181.6675 544.8579 209.3792 1.5548 1.6847 4.3512 -6.1038 2.0916 42.6334 2.9126 0.0666
Car -1 -1 1.4051 375.9310 182.2883 416.1939 208.8151 1.4575 1.6731 4.0895 -12.8879 2.0540 43.4174 1.1178 0.0643
Car -1 -1 -0.6850 728.0615 176.9408 793.3351 204.1097 1.5238 1.4822 3.6414 8.8934 1.7725 42.4174 -0.4802 0.0637
Car -1 -1 0.8885 835.3245 138.8474 922.0791 178.7850 1.6853 1.6894 3.7073 12.0248 0.2503 32.4753 1.2402 0.0632
Car -1 -1 4.1581 480.6791 170.2810 530.9315 192.0712 1.5962 1.7107 4.4531 -7.9651 1.4077 55.1115 4.0150 0.0626
Car -1 -1 2.5953 703.8820 176.5651 779.6417 207.9481 1.7365 1.6249 4.0617 7.6506 1.9590 41.7642 2.7746 0.0614
Car -1 -1 1.4594 623.5923 178.0906 657.5732 206.2590 1.5801 1.6101 3.8161 1.8124 1.9076 43.1631 1.5006 0.0614
Car -1 -1 1.6447 401.5768 179.0656 435.8155 208.3133 1.5704 1.6101 4.1210 -11.0153 1.9493 41.8370 1.3884 0.0611
Car -1 -1 1.0629 490.6289 182.0041 533.3666 202.2484 1.4825 1.6359 3.9086 -7.7054 2.2283 56.7519 0.9282 0.0609
Car -1 -1 0.5773 436.7399 177.3792 488.1115 196.4508 1.5236 1.6365 3.9154 -12.1981 1.9081 59.8259 0.3767 0.0598
Car -1 -1 1.3084 617.1151 182.0408 647.0065 201.1672 1.4853 1.5678 3.7143 1.8352 2.2736 59.9281 1.3384 0.0586
Car -1 -1 -0.5038 205.4045 179.1841 717.3461 375.0000 1.4811 1.5948 4.1327 -1.0723 1.5535 6.3446 -0.6663 0.0573
Car -1 -1 1.7899 431.7134 181.2085 470.8738 206.5815 1.5142 1.6054 4.0899 -10.1346 2.0758 46.4566 1.5758 0.0562
Car -1 -1 4.7908 717.0215 172.1671 755.6933 202.7662 1.4225 1.5824 3.8988 6.3062 1.3905 35.6270 4.9642 0.0556
Car -1 -1 1.4723 708.9798 173.5214 731.9852 191.1980 1.4667 1.5675 3.9569 9.5050 1.5259 62.0378 1.6233 0.0550
Car -1 -1 1.3939 883.1697 157.0832 970.2335 213.5502 1.4652 1.5867 3.9907 9.0340 1.0560 20.8447 1.7975 0.0544
Car -1 -1 3.0134 677.1177 173.9353 799.6953 217.9576 1.5373 1.6507 4.1920 4.5933 1.5779 26.1574 3.1847 0.0538
Car -1 -1 1.7301 474.7787 180.7102 509.9092 205.4774 1.4718 1.5930 4.0397 -7.4525 1.9965 46.1778 1.5706 0.0531
Car -1 -1 1.7771 435.9903 182.3114 497.0675 223.7980 1.5775 1.6674 4.3766 -5.9815 2.0079 30.6391 1.5854 0.0526
Car -1 -1 2.0913 211.9266 198.6965 321.0079 252.5286 1.4335 1.5426 3.5245 -10.7059 2.3147 22.7836 1.6560 0.0525
Car -1 -1 1.5945 445.9182 179.9026 469.6298 203.2536 1.5603 1.5598 3.8419 -10.7942 2.0830 51.4705 1.3884 0.0522
Car -1 -1 3.3935 20.2441 192.5742 118.4225 224.0802 1.4901 1.6578 3.7829 -27.9446 2.5543 37.4579 2.7558 0.0522
Car -1 -1 2.0962 448.6410 181.3431 508.8928 208.4304 1.4648 1.6371 4.1502 -7.6608 1.9928 42.6468 1.9191 0.0513