Car -1 -1 1.9924 58.3370 195.5266 401.4727 375.0000 1.5743 1.6478 4.0562 -3.6938 1.8875 7.9375 1.5685 0.9723
Car -1 -1 4.7045 619.2405 181.0803 670.0159 230.3618 1.4559 1.5453 3.7694 1.1399 1.7498 23.8673 4.7508 0.8326
Car -1 -1 4.6571 615.5820 174.0417 638.2195 192.5238 1.4342 1.6022 4.0810 1.3701 1.5336 58.3213 4.6801 0.5610
Car -1 -1 4.5284 642.6454 171.7209 672.3601 192.6534 1.5605 1.5986 3.9231 3.6717 1.4760 55.8318 4.5934 0.3088
Car -1 -1 4.6603 613.3248 180.6620 644.2753 208.5379 1.4873 1.5806 3.6369 1.0646 1.9549 41.3677 4.6853 0.2847
Car -1 -1 4.6449 661.0946 177.7734 694.5068 206.4586 1.5030 1.6047 3.7025 3.7699 1.7906 40.3178 4.7370 0.2117
Car -1 -1 5.0093 414.3503 156.7312 457.6977 183.8182 1.6127 1.6535 3.5101 -10.7147 0.6528 44.7626 4.7756 0.1769
Car -1 -1 0.1434 593.3964 182.5567 664.3912 209.8347 1.4495 1.6235 3.7662 1.1023 2.0058 40.2542 0.1700 0.1495
Car -1 -1 0.0826 531.9258 176.6187 671.9836 226.1655 1.4918 1.6760 4.2920 -0.1858 1.6163 22.8696 0.0738 0.1391
Car -1 -1 1.6435 444.0880 174.6945 495.4842 218.3666 1.5491 1.6492 3.9348 -5.3154 1.6253 27.8160 1.4560 0.1314
Car -1 -1 5.0039 444.9976 179.8768 530.3735 233.1139 1.6009 1.7470 3.9972 -4.0016 1.8583 24.3455 4.8421 0.1234
Car -1 -1 1.4575 612.3011 182.4221 650.3854 213.1922 1.5326 1.6249 3.9715 1.1349 2.0804 39.2601 1.4856 0.1173
Car -1 -1 5.0601 620.7242 177.6175 669.0151 206.1961 1.5162 1.5766 3.6816 2.0506 1.7997 40.9490 5.1092 0.1104
Car -1 -1 1.6416 489.1669 177.6358 538.9550 220.0182 1.5307 1.6619 4.0533 -3.7136 1.7340 28.5983 1.5130 0.1099
Car -1 -1 2.9697 619.9749 171.7275 676.2618 192.7090 1.5596 1.6486 4.0369 2.9002 1.4758 54.6922 3.0220 0.1037
Car -1 -1 -0.1029 596.3600 179.3613 667.4410 206.6946 1.5147 1.6154 3.9280 1.2489 1.8965 41.3853 -0.0735 0.0964
Car -1 -1 3.1871 622.9372 177.4259 690.4702 205.9255 1.5342 1.6080 3.6805 2.6513 1.7951 40.1663 3.2520 0.0844
Car -1 -1 4.4847 640.7082 174.8927 674.3640 197.9790 1.5397 1.5428 3.7152 3.3132 1.6877 50.4267 4.5495 0.0841
Car -1 -1 1.6178 658.2089 174.6391 687.4382 201.4397 1.4993 1.5482 3.6170 3.7617 1.6091 42.5124 1.7050 0.0768
Car -1 -1 1.5352 533.3785 189.4086 572.7691 226.6350 1.4904 1.6380 3.9642 -2.6178 2.2899 32.7854 1.4555 0.0748
Car -1 -1 1.8297 469.3573 179.3488 540.5833 226.2302 1.5574 1.6292 3.9395 -3.7626 1.8152 26.5905 1.6899 0.0736
Car -1 -1 1.8858 410.0244 157.3528 459.3992 188.6394 1.7944 1.7387 3.9588 -10.4577 0.9053 43.4244 1.6506 0.0722
Car -1 -1 3.2811 631.4484 172.3273 684.8031 192.6803 1.5346 1.5911 3.9181 3.7552 1.4949 55.5823 3.3478 0.0707
Car -1 -1 4.3969 639.5646 175.5443 668.7216 193.9990 1.6441 1.6107 3.7482 4.1004 1.9010 66.8864 4.4575 0.0702
Car -1 -1 3.1993 431.1760 179.2216 542.4668 221.1250 1.4947 1.6349 4.0012 -4.5388 1.7428 27.0771 3.0343 0.0686
Car -1 -1 3.4184 437.5776 173.2986 549.1143 217.0389 1.6665 1.7195 4.0487 -4.5603 1.6848 28.6072 3.2612 0.0675
Car -1 -1 4.8102 645.9164 176.3441 680.9793 204.9170 1.5277 1.6121 4.0208 3.1229 1.7373 41.2139 4.8848 0.0652
Car -1 -1 1.6103 646.1846 176.6104 671.8231 202.8881 1.6600 1.5549 3.9735 3.3385 1.9218 48.2277 1.6785 0.0649
Car -1 -1 4.9005 439.5862 158.6029 478.2433 185.5163 1.6183 1.6638 3.9443 -9.4196 0.7614 45.3717 4.6968 0.0643
Car -1 -1 4.5818 508.4260 183.5160 543.0872 210.5614 1.4398 1.5282 3.7291 -4.9146 2.0896 41.9795 4.4655 0.0631
Car -1 -1 1.6639 623.3066 176.1524 661.6730 205.8424 1.4662 1.6594 4.0506 1.7948 1.6506 38.2240 1.7099 0.0630
Car -1 -1 4.6037 535.1276 173.9278 585.9611 215.3677 1.5649 1.6530 3.8193 -2.0568 1.6116 29.3786 4.5338 0.0624
Car -1 -1 1.5113 656.7790 174.3441 685.9454 200.0300 1.5186 1.5751 3.7774 3.7977 1.6151 44.7876 1.5949 0.0604
Car -1 -1 1.3062 502.7994 192.9717 557.0870 226.3870 1.4395 1.6775 4.0616 -4.0236 2.5024 35.9253 1.1948 0.0590
Car -1 -1 3.4238 401.5639 180.9951 527.3220 231.5403 1.5582 1.6093 3.7155 -4.6743 1.8345 23.5183 3.2291 0.0564
Car -1 -1 4.5930 631.2181 174.0294 658.9032 194.3340 1.5226 1.6693 4.2277 2.7420 1.6183 56.5274 4.6408 0.0561
Car -1 -1 3.5453 372.6310 173.1101 492.5296 216.4221 1.5174 1.6344 3.9392 -6.4413 1.5271 26.4235 3.3081 0.0553
Car -1 -1 4.9155 436.6211 175.6840 502.7755 220.5929 1.5113 1.6182 3.8802 -5.0446 1.6228 26.4807 4.7286 0.0552
Car -1 -1 1.6755 640.8848 169.2212 670.0389 194.5083 1.7552 1.6846 4.1348 3.3631 1.5030 52.2614 1.7390 0.0544
Car -1 -1 1.5025 642.1650 171.3275 667.4935 193.2948 1.5910 1.6224 4.0816 3.3714 1.4804 54.3047 1.5638 0.0529
Car -1 -1 0.1685 517.9858 182.5914 584.2535 209.6471 1.4605 1.6075 3.4951 -3.2580 2.0212 40.5916 0.0884 0.0525
Car -1 -1 4.7154 657.0238 171.5598 678.8682 192.6334 1.5796 1.6340 4.0711 4.5497 1.4825 56.1785 4.7955 0.0525
Car -1 -1 3.1753 621.9805 172.8100 678.3837 193.0445 1.5543 1.6803 4.3434 3.1990 1.5509 56.4565 3.2312 0.0515
Car -1 -1 2.2640 392.5492 187.7884 831.6265 375.0000 1.4937 1.5664 4.0524 0.3179 1.6676 6.3747 2.3092 0.0509