Car -1 -1 2.0200 75.7949 115.9839 479.9101 372.7163 1.8641 1.8458 4.5991 -2.7941 1.3883 7.5971 1.6726 0.7064
Car -1 -1 5.4400 3.1233 142.3814 136.3219 197.2471 1.6780 1.6817 3.4291 -17.3989 0.4812 23.7561 4.8083 0.5538
Car -1 -1 1.7930 413.8044 154.5006 542.9830 266.3976 1.8350 1.5851 3.9290 -2.1703 1.3920 13.7909 1.6343 0.5264
Car -1 -1 4.6931 662.7654 160.2093 691.6621 187.3929 1.5452 1.6151 3.7435 4.5347 0.3343 42.7640 4.7933 0.3748
Car -1 -1 3.2060 635.7657 160.3839 702.1177 187.0353 1.5124 1.6386 3.7585 4.0192 0.3134 41.8637 3.2963 0.2212
Car -1 -1 3.5157 206.4442 111.6799 398.2378 179.8854 1.5870 1.6317 4.0210 -7.1885 -0.0418 17.5961 3.1286 0.2014
Car -1 -1 3.8879 0.0000 142.2777 120.2822 193.2161 1.6232 1.6872 4.1283 -18.5521 0.3730 23.9102 3.2286 0.1683
Car -1 -1 4.6920 642.9557 178.1539 667.9095 201.7219 1.4972 1.5484 3.6847 3.6081 1.2839 47.5129 4.7623 0.1317
Car -1 -1 1.6665 742.1541 163.8793 780.7549 196.5965 1.5226 1.5390 3.5698 7.9689 0.7020 35.3651 1.8816 0.1261
Car -1 -1 1.3962 661.7960 161.5126 706.5490 193.1438 1.5273 1.5996 3.8434 4.2172 0.5616 36.6551 1.5051 0.1197
Car -1 -1 5.3722 0.0000 138.4514 122.4401 199.9980 1.7304 1.6854 4.2458 -17.1189 0.5197 22.3241 4.7189 0.1164
Car -1 -1 1.8040 318.4440 114.0994 415.0839 179.9153 1.5145 1.5561 3.5968 -5.8829 -0.0452 18.4714 1.4953 0.1161
Car -1 -1 4.5515 417.1680 135.7673 478.7893 181.4186 1.5577 1.6288 3.7815 -5.7016 -0.0037 26.5771 4.3376 0.1080
Car -1 -1 4.7733 572.2448 163.5961 599.9080 189.2440 1.6301 1.6200 3.7580 -0.9121 0.4914 47.5620 4.7494 0.0954
Car -1 -1 4.4823 443.8362 140.8275 503.4382 179.1318 1.5086 1.6443 3.8912 -5.4716 -0.1086 30.6664 4.3026 0.0918
Car -1 -1 4.7050 649.9454 170.2943 670.5411 191.8136 1.5961 1.5240 3.7658 4.5746 0.7641 55.2107 4.7823 0.0878
Car -1 -1 4.5618 675.9341 167.0651 726.0352 204.5871 1.5007 1.5580 3.6190 4.2162 0.9229 30.5539 4.6928 0.0761
Car -1 -1 4.2755 638.5654 164.2248 677.4381 184.8927 1.7069 1.6775 4.2171 4.8947 0.2792 61.5939 4.3497 0.0750
Car -1 -1 0.4555 0.0000 140.4711 117.1126 198.6116 1.7667 1.7039 3.8133 -18.0252 0.5196 23.0536 -0.2074 0.0715
Car -1 -1 4.4315 642.6565 163.1494 688.1226 190.1676 1.5723 1.6640 4.1537 3.9225 0.5037 44.0038 4.5150 0.0676
Car -1 -1 3.2970 540.2108 163.2460 600.4071 187.9376 1.5695 1.6419 3.7030 -1.9289 0.4084 46.6786 3.2511 0.0675
Car -1 -1 -0.0896 661.2891 158.5654 736.7379 185.9990 1.5613 1.6586 4.2091 5.6904 0.2554 41.7957 0.0401 0.0668
Car -1 -1 3.3149 531.8732 182.7338 599.9636 208.3806 1.4779 1.5827 3.8126 -2.0135 1.5519 42.5071 3.2628 0.0653
Car -1 -1 -0.3639 650.9795 165.0047 711.5972 187.8162 1.6909 1.7082 4.2496 6.1385 0.4673 54.6133 -0.2573 0.0646
Car -1 -1 0.2794 145.1878 109.0747 366.9450 184.1575 1.5816 1.6873 4.2304 -7.6311 0.0557 16.2951 -0.1569 0.0639
Car -1 -1 5.2154 448.4617 149.5559 518.1810 185.0896 1.5968 1.7021 3.7347 -5.5222 0.1608 34.3242 5.0524 0.0623
Car -1 -1 2.5108 654.6201 173.2480 718.1233 197.6708 1.5196 1.6127 3.8670 5.5595 1.0054 46.3524 2.6245 0.0598
Car -1 -1 4.4653 574.8571 160.6406 606.0456 181.7426 1.7566 1.7371 4.0381 -0.8947 0.0192 61.9743 4.4461 0.0593
Car -1 -1 -0.4675 644.4508 160.3599 699.9492 180.6010 1.6880 1.6901 4.4588 6.1639 -0.0802 61.6489 -0.3731 0.0585
Car -1 -1 1.4168 643.3297 168.9064 690.5126 200.6784 1.4490 1.6301 4.1923 3.1663 0.8741 34.9076 1.5016 0.0585
Car -1 -1 4.4775 648.0952 161.9944 690.7944 189.8244 1.5399 1.6153 3.7645 3.9594 0.4599 41.7263 4.5667 0.0581
Car -1 -1 4.6436 640.1830 172.3008 684.6431 210.9001 1.5528 1.6115 3.8485 2.6021 1.1822 30.8292 4.7220 0.0580
Car -1 -1 3.4748 30.9844 134.2850 511.8425 333.8021 1.8172 1.7533 4.2354 -3.1181 1.3871 7.5307 3.0884 0.0567
Car -1 -1 5.3963 0.1655 141.0026 153.2887 197.2351 1.5872 1.6575 4.0340 -16.0757 0.4438 22.3388 4.7733 0.0566
Car -1 -1 1.0089 744.7276 181.3137 825.9826 217.8468 1.4306 1.5418 3.7028 7.6722 1.4228 30.1288 1.2510 0.0563
Car -1 -1 3.1982 639.8237 175.3893 697.0120 199.5123 1.5225 1.5782 3.5995 4.4131 1.1361 46.3806 3.2875 0.0559
Car -1 -1 3.6088 444.6725 140.4945 547.7377 178.5462 1.4923 1.6036 3.9237 -4.3067 -0.1286 29.7655 3.4618 0.0553
Car -1 -1 5.0190 194.2820 107.4435 332.4255 186.8367 1.5918 1.7056 3.9992 -7.5361 0.1068 16.4899 4.5918 0.0543
Car -1 -1 1.4316 668.8781 164.9884 713.5671 196.6859 1.4634 1.5965 4.0615 4.3897 0.7005 35.2105 1.5498 0.0539
Car -1 -1 1.6968 634.7510 168.5656 668.0961 195.9616 1.6342 1.6207 3.8823 3.2312 0.8619 44.9092 1.7633 0.0522
Car -1 -1 3.1665 648.3269 159.0286 700.4088 179.3315 1.6606 1.6830 4.2742 6.1955 -0.1857 60.0869 3.2641 0.0514
Car -1 -1 4.5586 645.5650 168.1508 706.9154 211.2744 1.5059 1.6607 4.1372 2.7858 1.0393 27.1982 4.6546 0.0513
Car -1 -1 3.5928 284.3456 124.7909 444.0993 180.1056 1.5612 1.6318 4.2394 -6.9852 -0.0441 21.4234 3.2766 0.0512
Car -1 -1 -0.4254 741.2971 159.4567 828.5432 190.7212 1.5194 1.6247 3.9226 9.2372 0.4476 36.0634 -0.1813 0.0503