Car -1 -1 2.0559 190.4857 184.6359 271.5213 218.7648 1.5730 1.7961 4.4558 -19.3041 2.2141 37.0319 1.5780 0.9212
Car -1 -1 1.8373 344.7054 181.4781 387.2469 206.5105 1.5435 1.6938 3.9204 -16.1032 2.1397 47.8758 1.5141 0.8367
Car -1 -1 1.5816 336.1350 185.4718 356.9697 204.8491 1.4970 1.5930 3.8520 -22.0358 2.5919 60.5328 1.2335 0.1503
Car -1 -1 1.6175 681.0764 177.2170 700.2781 194.5927 1.5567 1.6192 3.6572 7.6161 1.9768 67.5457 1.7289 0.1005
Car -1 -1 1.9429 256.8909 184.8914 317.6032 214.7888 1.4968 1.6451 4.1948 -17.7659 2.1992 39.9720 1.5268 0.0777
Car -1 -1 1.9014 211.6132 186.4503 273.1432 217.7867 1.5091 1.6866 4.1184 -19.6389 2.2803 38.7723 1.4350 0.0762
Car -1 -1 1.7751 690.2839 176.6583 715.7953 193.8216 1.5377 1.6118 3.9311 8.8001 1.9059 67.7070 1.9034 0.0734
Car -1 -1 1.6443 345.1006 181.3461 377.3527 209.1083 1.6469 1.6547 4.0474 -15.8854 2.2173 46.2961 1.3152 0.0725
Car -1 -1 1.6714 257.2865 191.8811 292.5663 218.1590 1.4880 1.6468 3.9261 -21.3090 2.7586 46.0586 1.2399 0.0695
Car -1 -1 1.5254 163.6165 188.5005 200.1291 219.2500 1.5927 1.6407 4.1068 -24.7776 2.5450 41.7474 0.9923 0.0667
Car -1 -1 1.9963 387.8204 180.1969 438.8776 205.2797 1.4855 1.6043 4.0716 -12.4760 1.9767 46.1234 1.7333 0.0629
Car -1 -1 1.4627 157.0108 191.0716 203.4006 223.1562 1.4945 1.6744 4.2820 -22.8540 2.5185 38.3412 0.9279 0.0599
Car -1 -1 1.3890 327.7602 180.7447 359.4691 201.5304 1.5253 1.6445 4.0052 -20.9332 2.1690 56.7164 1.0366 0.0553
Car -1 -1 2.9340 383.2225 185.5348 437.8663 208.0736 1.4582 1.6539 3.3745 -13.7583 2.3615 49.8865 2.6659 0.0534
Car -1 -1 1.6079 197.1381 171.2309 228.3035 197.3464 1.6216 1.6160 4.0792 -25.7957 1.5208 46.9880 1.1081 0.0513
Car -1 -1 1.4351 347.7767 178.4503 384.5859 205.3350 1.5229 1.6178 3.8265 -14.8117 1.8788 43.8096 1.1106 0.0513
Car -1 -1 3.5939 90.7046 191.6255 195.7240 222.9499 1.4673 1.6371 4.1141 -23.2632 2.4341 36.1118 3.0248 0.0507