Car -1 -1 4.6812 577.9449 175.5158 638.4053 232.6842 1.6195 1.7161 3.4433 -0.0275 1.3447 22.1126 4.6795 0.9471
Car -1 -1 5.1593 195.2550 188.8732 334.2506 250.8032 1.3736 1.5917 3.9190 -8.4578 1.4760 18.1497 4.7286 0.9377
Car -1 -1 4.8224 472.9201 175.3472 527.4283 217.2098 1.5019 1.6253 4.2204 -4.0765 1.1478 27.9261 4.6785 0.9356
Car -1 -1 5.3554 0.0000 202.1701 265.6812 376.0000 1.4758 1.6509 4.1796 -4.6237 1.6643 5.9041 4.7127 0.8696
Car -1 -1 4.8456 500.2372 175.5267 537.9271 203.7896 1.5086 1.6222 3.5982 -4.8779 0.9914 40.1789 4.7252 0.7105
Car -1 -1 5.1666 212.2462 183.6598 302.3738 225.3235 1.4768 1.6284 3.6413 -13.1775 1.4217 27.3076 4.7205 0.2685
Car -1 -1 1.6479 532.6740 175.1432 554.9646 194.9445 1.5893 1.5533 3.7673 -5.2240 0.7809 59.5890 1.5605 0.2164
Car -1 -1 1.5570 461.1598 173.2292 484.1784 194.9899 1.5102 1.5753 3.7785 -9.7352 0.6783 51.8959 1.3722 0.1897
Car -1 -1 2.0081 155.3018 187.3857 239.5942 220.8658 1.4211 1.6021 4.4877 -18.7371 1.5280 33.1087 1.4963 0.1881
Car -1 -1 2.3684 155.4882 187.0772 283.2740 232.6237 1.4976 1.6050 4.1002 -13.8823 1.5707 26.0135 1.8821 0.1874
Car -1 -1 4.9723 316.7390 132.2737 471.7353 238.7320 1.9781 1.9945 4.9004 -4.4202 0.9944 15.8157 4.7040 0.1775
Car -1 -1 4.7258 576.2238 178.2578 615.5099 214.1614 1.4802 1.6197 3.6199 -0.4702 1.1933 31.4479 4.7106 0.1551
Car -1 -1 1.8730 281.8759 176.0751 326.9209 200.7274 1.5085 1.5514 3.9181 -19.3172 0.9492 46.0109 1.4773 0.1392
Car -1 -1 0.1944 203.6582 182.6764 335.7592 225.8517 1.5133 1.6528 4.1594 -12.3166 1.4243 26.4879 -0.2373 0.1329
Car -1 -1 2.2098 0.0000 186.0451 122.1831 231.3542 1.4446 1.5909 3.8257 -18.8839 1.4756 24.9067 1.5660 0.1148
Car -1 -1 3.2648 522.3488 164.3518 565.3472 181.8693 1.6220 1.6844 3.8628 -5.9532 -0.3200 67.8207 3.1773 0.1100
Car -1 -1 1.9359 273.0604 181.5372 328.8314 209.3626 1.4394 1.5995 3.5845 -16.5466 1.2491 39.0055 1.5368 0.1031
Car -1 -1 4.9139 182.5368 182.2468 256.2593 225.5257 1.5031 1.6691 3.9216 -14.5018 1.4000 27.0833 4.4261 0.0945
Car -1 -1 4.4595 571.8453 165.1743 610.4158 190.2407 1.5926 1.6410 3.8753 -1.1112 0.3193 47.7619 4.4361 0.0939
Car -1 -1 1.6828 249.4860 180.6888 276.5624 200.0428 1.5765 1.5954 4.2314 -29.0739 1.2077 60.8149 1.2382 0.0851
Car -1 -1 2.0953 124.5021 185.4695 223.0260 221.7166 1.4661 1.6527 4.4462 -18.7424 1.4779 31.3385 1.5598 0.0837
Car -1 -1 1.9494 159.0927 180.7413 210.9318 204.6635 1.5772 1.6355 4.2028 -29.0469 1.2822 49.5938 1.4216 0.0816
Car -1 -1 2.2074 528.5904 175.2503 572.0125 194.5137 1.5271 1.5593 3.8691 -4.6356 0.7371 59.0421 2.1291 0.0791
Car -1 -1 2.2539 0.0000 186.7670 80.9652 238.8927 1.4961 1.5802 3.9329 -18.8550 1.5494 22.7189 1.5668 0.0779
Car -1 -1 3.0305 505.7999 175.1936 554.7812 194.6715 1.5458 1.6232 3.7897 -6.2445 0.7504 58.2498 2.9238 0.0772
Car -1 -1 1.9107 56.5407 180.3341 120.0616 209.8565 1.5390 1.5485 4.0989 -28.5295 1.2845 39.6576 1.2899 0.0756
Car -1 -1 1.8985 334.1992 175.5740 388.6910 203.2515 1.4409 1.5567 4.1889 -13.4310 0.9390 39.5202 1.5727 0.0716
Car -1 -1 1.6996 525.8738 172.9705 553.5018 194.1405 1.6065 1.6495 4.1142 -5.2796 0.6773 56.6368 1.6067 0.0707
Car -1 -1 4.7528 554.7699 175.3375 594.9948 210.5820 1.4553 1.6060 3.8635 -1.3670 1.0474 31.6164 4.7096 0.0691
Car -1 -1 2.4875 111.6722 187.8307 254.1080 235.3365 1.4929 1.6588 4.1002 -14.6264 1.5920 25.0448 1.9632 0.0663
Car -1 -1 2.2197 173.3518 186.9673 295.9013 233.4808 1.4874 1.6573 4.1257 -12.9674 1.5545 25.3297 1.7505 0.0642
Car -1 -1 1.6782 524.8772 174.6979 550.0720 194.6486 1.5694 1.6179 4.0299 -5.6454 0.7420 58.5718 1.5822 0.0640
Car -1 -1 2.3843 0.0000 200.7155 160.6891 376.0000 1.5331 1.6387 4.4116 -4.6318 1.6666 3.9738 1.5557 0.0602
Car -1 -1 0.8822 0.0000 185.7723 81.8453 232.3443 1.4716 1.6436 4.0879 -19.9634 1.4911 23.9408 0.1925 0.0587
Car -1 -1 1.9866 102.3818 183.8979 188.9163 222.0578 1.4784 1.5891 3.8446 -19.0559 1.4274 29.8688 1.4225 0.0572
Car -1 -1 4.7231 473.0967 172.2156 496.3577 194.3608 1.5516 1.6107 4.0096 -8.9132 0.6407 52.4715 4.5554 0.0545
Car -1 -1 2.1192 138.6690 180.8246 199.1520 204.3132 1.4942 1.5669 3.9954 -29.0178 1.2149 47.7317 1.5751 0.0531
Car -1 -1 1.3076 569.9395 186.6936 639.2176 227.6959 1.4778 1.6737 4.2355 -0.1906 1.5407 28.3362 1.3005 0.0530
Car -1 -1 1.8977 73.9180 180.1471 128.5819 205.4715 1.5222 1.5578 4.1629 -31.8859 1.2175 45.4240 1.2881 0.0509
Car -1 -1 2.1347 319.9271 178.5685 390.2704 207.8218 1.4627 1.5745 4.0748 -13.2756 1.1303 38.1077 1.8014 0.0507
Car -1 -1 1.8980 368.7036 175.0249 486.3048 247.3984 1.5977 1.6452 3.8717 -4.3163 1.3727 17.8735 1.6641 0.0501