Car -1 -1 1.5734 658.5363 185.0600 687.6385 214.4096 1.5576 1.6050 3.6809 3.6797 2.2966 41.7810 1.6600 0.8985
Car -1 -1 4.6230 722.0113 176.9577 808.9260 256.3184 1.5594 1.5742 3.2375 3.3659 1.6603 16.0504 4.8251 0.5811
Car -1 -1 1.5078 671.0561 175.0183 700.5607 201.4363 1.6308 1.6440 4.1675 4.9237 1.7781 47.0018 1.6111 0.1559
Car -1 -1 1.4988 667.1811 180.1925 689.3033 199.0623 1.4729 1.5485 3.7984 5.6558 2.0998 59.7242 1.5923 0.1471
Car -1 -1 1.5004 681.7112 177.8098 713.2664 203.6703 1.4818 1.6289 4.0457 5.3406 1.7995 44.1937 1.6193 0.0746
Car -1 -1 2.4523 681.7289 173.5881 746.5544 198.0074 1.4848 1.6413 3.9139 6.6374 1.5331 45.6951 2.5952 0.0657
Car -1 -1 1.3100 652.6358 182.0286 679.4409 199.1601 1.5082 1.5369 3.9708 5.2778 2.3976 67.8553 1.3869 0.0624
Car -1 -1 1.6004 663.7244 180.3199 692.5613 207.5480 1.5744 1.6724 4.2112 4.3280 2.0639 45.1160 1.6949 0.0595
Car -1 -1 2.6454 655.9669 174.1251 725.5663 200.4026 1.6455 1.6797 4.2037 5.2793 1.7309 46.9023 2.7563 0.0580
Car -1 -1 1.5849 679.5771 176.7184 706.7863 201.5730 1.4846 1.6423 3.8995 5.3290 1.7406 45.7710 1.6996 0.0564
Car -1 -1 5.0776 633.2266 181.6528 757.5278 258.8124 1.5231 1.6137 3.7788 2.1044 1.7524 16.7572 5.1993 0.0556
Car -1 -1 1.5874 685.1044 193.8558 733.3334 240.9081 1.4712 1.6268 4.0172 3.6940 2.3054 26.5517 1.7232 0.0531
Car -1 -1 1.8060 690.8836 177.8258 720.8450 196.9654 1.4726 1.5921 3.7110 7.8488 1.8901 58.5800 1.9381 0.0528
Car -1 -1 1.3491 718.2156 192.3538 789.5996 239.5775 1.4986 1.7061 4.0938 5.2377 2.2756 26.6802 1.5400 0.0518