Car -1 -1 3.0046 478.2852 192.0373 557.7748 218.9737 1.4502 1.6112 4.4255 -5.3551 2.6062 42.1274 2.8784 0.8638
Car -1 -1 1.3949 461.4958 193.6820 489.2531 213.3247 1.5595 1.7484 4.0132 -11.9522 3.4731 64.1068 1.2108 0.2579
Car -1 -1 1.4126 478.7101 180.5846 507.0735 201.2823 1.5007 1.5876 3.8174 -9.0720 2.1219 55.9163 1.2521 0.2523
Car -1 -1 2.7387 460.6747 193.2043 511.8460 214.0101 1.6774 1.4971 4.1776 -10.8116 3.5143 63.3724 2.5699 0.1758
Car -1 -1 1.7735 470.1235 193.1756 496.7544 213.7901 1.6375 1.5081 4.1148 -11.0608 3.4843 63.4939 1.6012 0.0974
Car -1 -1 4.6286 535.1214 186.3974 574.2613 221.9247 1.5397 1.5830 3.3293 -2.6563 2.2185 34.3903 4.5514 0.0882
Car -1 -1 2.8132 482.6951 184.3360 562.4144 219.9485 1.5203 1.6181 3.2933 -4.0013 2.0712 33.1758 2.6935 0.0879
Car -1 -1 3.2628 452.9999 195.0377 499.4474 213.6116 1.5524 1.7187 3.8461 -11.7232 3.5381 63.6094 3.0808 0.0876
Car -1 -1 1.4690 474.4383 193.0960 510.3380 219.2671 1.3672 1.7105 4.2416 -7.1055 2.6505 43.4757 1.3074 0.0867
Car -1 -1 0.1904 466.5114 180.4436 516.8344 201.0974 1.5345 1.5598 3.5575 -8.9688 2.1223 55.0498 0.0293 0.0782
Car -1 -1 1.3757 550.9974 192.2999 586.9994 216.7708 1.4336 1.7259 3.3282 -2.6769 2.7495 46.9995 1.3185 0.0651
Car -1 -1 0.0091 531.3469 186.9154 613.3362 221.2648 1.5172 1.6509 3.7097 -1.7166 2.1879 33.5134 -0.0424 0.0650
Car -1 -1 1.6376 517.9294 187.4075 557.1054 222.7130 1.5061 1.6109 3.0922 -3.3166 2.2163 33.6446 1.5394 0.0603
Car -1 -1 2.7565 481.6244 182.1218 535.2175 202.8430 1.4933 1.5729 3.7325 -7.7083 2.2213 55.0592 2.6176 0.0600
Car -1 -1 2.0697 461.7406 190.1658 496.8041 208.0848 1.5478 1.7115 3.6746 -12.2844 3.2332 68.2300 1.8918 0.0590
Car -1 -1 1.6603 479.2194 180.1134 505.3976 201.1915 1.4958 1.6023 4.0032 -8.8470 2.0665 54.6719 1.5003 0.0555
Car -1 -1 1.6709 526.5632 192.0676 561.2836 218.5135 1.4344 1.7062 4.2448 -3.9847 2.6725 44.3632 1.5812 0.0552
Car -1 -1 0.5848 450.6521 181.5630 504.1046 202.2760 1.4947 1.6120 3.7204 -10.0348 2.1737 54.7789 0.4041 0.0542
Car -1 -1 1.4231 541.0415 195.2253 574.2259 219.9458 1.5065 1.7262 3.9186 -3.6289 3.1181 49.8754 1.3502 0.0542
Car -1 -1 2.0020 486.0847 189.5041 519.7463 209.3371 1.5961 1.5519 3.6118 -9.3199 3.1018 63.2959 1.8559 0.0540
Car -1 -1 0.3964 476.5107 193.5795 550.1690 219.6489 1.5223 1.6115 4.3291 -6.0718 2.8711 45.6130 0.2642 0.0540
Car -1 -1 1.7646 526.3500 193.9418 564.9427 218.8335 1.4264 1.7784 3.8621 -4.0944 2.8523 46.7748 1.6772 0.0528