Car -1 -1 5.0340 218.1286 189.1031 479.8458 367.2079 1.5181 1.5921 3.9402 -2.7146 1.7542 8.4980 4.7326 0.9752
Car -1 -1 3.4283 327.9050 175.6077 471.8116 224.5329 1.4295 1.5699 3.9228 -6.3107 1.5164 21.9765 3.1514 0.9319
Car -1 -1 4.5618 692.5153 186.4850 783.2768 261.8658 1.4469 1.5066 3.0438 2.7384 1.7770 15.9380 4.7279 0.9251
Car -1 -1 1.7396 518.3679 172.6482 579.1476 220.5970 1.7338 1.7173 3.9072 -2.2901 1.7264 28.1115 1.6584 0.8242
Car -1 -1 4.7132 687.8127 186.2263 750.5522 247.2579 1.5151 1.6230 3.6712 3.1339 1.9345 20.6948 4.8605 0.6579
Car -1 -1 1.4550 649.0152 179.7523 678.5627 202.0628 1.5337 1.7082 3.9409 3.9323 2.0581 52.8463 1.5284 0.6300
Car -1 -1 4.6485 556.5907 179.2777 593.7988 212.9964 1.5512 1.5984 4.0248 -1.7676 1.8910 36.0790 4.5993 0.3843
Car -1 -1 1.4291 691.1438 175.7022 722.0723 197.7143 1.4762 1.6069 3.9978 6.8054 1.6851 50.9137 1.5608 0.2303
Car -1 -1 0.8264 1023.5214 200.5597 1242.0000 375.0000 1.4549 1.5585 4.0538 5.6778 1.7796 6.3981 1.5286 0.1861
Car -1 -1 4.4525 498.9997 165.4635 546.6227 194.1582 1.5260 1.6577 4.1037 -4.9322 1.1330 40.5853 4.3320 0.1472
Car -1 -1 1.2363 0.0000 198.8389 82.4509 375.0000 1.4224 1.5286 3.8416 -7.0101 1.7286 6.9577 0.4663 0.1340
Car -1 -1 4.7172 576.3934 179.6433 609.7686 213.5323 1.5600 1.5734 3.9405 -0.8124 1.9173 35.9928 4.6942 0.1191
Car -1 -1 4.6206 524.2029 165.1124 553.7994 187.6364 1.5001 1.6832 4.0545 -4.9471 0.9845 50.2051 4.5227 0.1154
Car -1 -1 1.4842 652.1211 178.1779 681.2332 202.7530 1.6301 1.6858 4.1441 3.9830 2.0206 50.8409 1.5614 0.0939
Car -1 -1 -0.4163 655.4076 185.2744 807.0010 244.7559 1.5275 1.6342 3.8860 3.3978 1.8997 20.3428 -0.2541 0.0769
Car -1 -1 2.4779 0.0000 0.0000 1242.0000 375.0000 1.5124 1.5884 3.6964 -2.7882 1.4771 1.3972 1.4485 0.0763
Car -1 -1 3.6047 499.9076 180.4014 589.5579 213.7598 1.5209 1.6528 4.0274 -3.1499 1.9036 35.0825 3.5152 0.0751
Car -1 -1 4.9030 415.1909 176.3876 490.2165 228.1565 1.5397 1.6463 4.1234 -5.0702 1.6665 23.8193 4.6950 0.0739
Car -1 -1 -0.0678 515.1463 165.3197 575.5275 187.5085 1.4974 1.6715 4.0496 -4.4568 0.9889 49.8331 -0.1568 0.0718
Car -1 -1 1.4888 696.9818 173.4934 726.7058 197.9764 1.5675 1.6316 4.1583 6.8216 1.6123 48.4291 1.6275 0.0689
Car -1 -1 1.4105 688.7368 173.7938 720.5540 196.9498 1.6151 1.6639 4.0551 6.8803 1.6862 52.5439 1.5396 0.0670
Car -1 -1 3.6012 522.5392 178.5687 609.3398 211.9868 1.5648 1.6187 3.9994 -2.1680 1.8607 35.8303 3.5407 0.0669
Car -1 -1 -0.0303 641.1404 179.8854 695.1741 201.7605 1.5422 1.6843 3.8509 4.2257 2.0621 52.4075 0.0492 0.0642
Car -1 -1 4.4783 509.5429 166.4980 545.5125 188.8996 1.5175 1.6299 4.0622 -5.8460 1.0869 51.0631 4.3647 0.0614
Car -1 -1 4.1889 0.0000 98.8762 111.4687 375.0000 1.5173 1.6259 3.9224 -4.1600 1.3631 2.4173 3.1930 0.0598
Car -1 -1 1.5673 682.9964 172.9189 705.8810 196.5163 1.6972 1.6380 4.0560 6.3430 1.7023 54.0146 1.6832 0.0598
Car -1 -1 -0.3030 708.6082 181.4570 927.2140 268.7752 1.7406 1.7176 4.1846 4.3564 1.9365 15.4983 -0.0351 0.0595
Car -1 -1 -0.0228 686.4041 185.6939 853.3286 247.3233 1.5150 1.6555 4.2103 4.2494 1.8826 19.4475 0.1882 0.0594
Car -1 -1 4.6714 681.4847 174.8419 707.1461 197.4373 1.5295 1.6368 4.1793 5.9952 1.6769 51.3623 4.7865 0.0571
Car -1 -1 1.6932 601.7523 181.3626 630.8729 202.7710 1.4328 1.6290 3.9362 0.5238 2.0701 51.9846 1.7027 0.0562
Car -1 -1 0.0060 543.7740 178.7211 623.8810 211.1769 1.5499 1.5422 3.8627 -1.2613 1.8460 35.5844 -0.0298 0.0557
Car -1 -1 5.3892 0.0000 224.9341 85.2352 372.2990 1.4527 1.5963 3.6414 -9.5265 2.3301 10.2929 4.6553 0.0552
Car -1 -1 1.3733 684.5229 173.7544 719.5222 197.2955 1.5473 1.6122 4.0852 6.3185 1.6119 49.6810 1.4986 0.0549
Car -1 -1 3.0980 673.7710 175.7724 733.2932 197.4536 1.4941 1.6283 4.0996 6.5978 1.7042 50.9703 3.2255 0.0543
Car -1 -1 2.4053 0.0000 208.7071 105.1863 375.0000 1.4563 1.5428 3.9017 -5.9704 1.8242 5.4340 1.5974 0.0510