Car -1 -1 1.9770 100.6004 199.2062 159.6265 228.8555 1.4601 1.6198 3.1490 -26.6645 2.9913 40.2326 1.3945 0.8854
Car -1 -1 2.7600 931.4393 179.9454 1008.4666 202.4952 1.4456 1.6454 4.2653 23.8534 1.9257 47.8620 3.2195 0.7272
Car -1 -1 1.7809 911.9077 175.2701 956.5604 204.5148 1.6177 1.5777 4.1123 19.1117 1.7668 42.3904 2.2015 0.3812
Car -1 -1 2.4760 0.0000 201.6666 59.0970 259.0046 1.4110 1.6150 3.7684 -19.0564 2.3604 21.7729 1.7630 0.3611
Car -1 -1 1.5863 408.3914 176.8055 428.2379 194.9470 1.4574 1.5554 3.8755 -16.1225 1.8025 60.9349 1.3285 0.2733
Car -1 -1 4.7951 970.7036 175.8018 1008.9896 204.5620 1.4880 1.5689 3.7958 20.9913 1.6587 39.7682 5.2773 0.2172
Car -1 -1 1.6865 25.1836 198.5697 67.0115 224.9863 1.4731 1.6892 3.5941 -35.9094 3.1850 46.0569 1.0269 0.2170
Car -1 -1 0.6250 0.0000 200.0080 62.4161 250.7385 1.4676 1.6394 3.9608 -20.0340 2.3675 22.9227 -0.0876 0.1925
Car -1 -1 5.7619 9.4218 195.2638 172.7086 248.3549 1.4966 1.6990 4.2148 -17.4473 2.3287 24.5241 5.1484 0.1785
Car -1 -1 2.3440 42.8301 201.6585 116.9477 228.4665 1.5243 1.7311 3.8374 -34.7025 3.4972 47.3973 1.7145 0.1726
Car -1 -1 1.4521 1191.0525 175.8548 1242.0000 209.7635 1.4816 1.5422 4.0355 28.6591 1.6319 34.0131 2.1477 0.1678
Car -1 -1 2.4798 0.0000 194.4919 69.4075 222.7092 1.5349 1.6969 3.9563 -35.9804 2.9366 44.6210 1.8040 0.1381
Car -1 -1 1.7749 76.3638 203.1988 119.7592 229.2540 1.5193 1.6516 3.8352 -34.6908 3.6689 49.0247 1.1614 0.1379
Car -1 -1 2.0727 1148.0676 172.7136 1238.9386 205.9715 1.4878 1.6356 3.9196 27.3418 1.4815 33.7847 2.7485 0.1367
Car -1 -1 1.8596 0.0000 196.5521 74.2613 249.9317 1.4495 1.6339 3.8882 -19.0784 2.2931 23.5745 1.1846 0.1289
Car -1 -1 1.8632 395.2023 174.5997 431.3047 195.5476 1.6238 1.6573 4.2623 -15.8475 1.7704 58.4425 1.5993 0.1243
Car -1 -1 4.3936 477.4617 177.6006 518.9706 201.3121 1.4908 1.5728 4.0038 -7.5040 1.8230 48.3624 4.2401 0.1223
Car -1 -1 1.1298 1191.8696 172.5884 1242.0000 207.5299 1.4748 1.6640 3.9815 28.3055 1.4636 32.5952 1.8401 0.1214
Car -1 -1 5.0840 0.0000 197.7115 60.1285 270.3853 1.4781 1.6265 3.8359 -15.5701 2.1758 18.1743 4.3828 0.1204
Car -1 -1 4.5029 1149.4224 155.3161 1233.3336 200.6450 1.5572 1.6155 3.9829 21.5903 0.9547 26.9295 5.1732 0.1037
Car -1 -1 1.3324 972.6681 174.1628 1020.0323 201.1026 1.4803 1.5582 3.7822 22.3775 1.5599 41.8681 1.8200 0.0994
Car -1 -1 2.2416 888.6372 177.2271 955.6950 204.7077 1.5021 1.6334 3.6476 17.9991 1.7634 41.5287 2.6475 0.0966
Car -1 -1 2.1819 0.0000 193.6750 18.5433 280.6349 1.4774 1.6033 4.1010 -14.8898 1.9847 15.4326 1.4230 0.0961
Car -1 -1 2.5271 942.9671 176.0595 1022.5759 203.3467 1.5046 1.6522 3.7704 21.2399 1.6921 41.1224 3.0005 0.0929
Car -1 -1 -0.7085 1197.8292 169.8639 1242.0000 201.9068 1.4653 1.6425 3.9853 30.2732 1.3286 33.8501 0.0166 0.0868
Car -1 -1 1.3101 1161.8341 165.5468 1242.0000 221.4260 1.4959 1.5565 3.7189 17.8053 1.3003 21.3305 1.9987 0.0854
Car -1 -1 2.3583 0.0000 210.0282 128.9718 375.0000 1.4297 1.5946 3.2747 -6.5464 1.8723 6.9167 1.6195 0.0794
Car -1 -1 1.4254 945.0627 176.1444 988.8733 204.8923 1.5125 1.6409 3.9126 20.0271 1.7072 40.5603 1.8808 0.0783
Car -1 -1 5.0295 495.3289 176.7348 536.9945 200.9993 1.5383 1.6186 3.9635 -6.2280 1.8105 48.5140 4.9022 0.0777
Car -1 -1 3.8927 1094.8571 160.6430 1230.7321 203.8853 1.4805 1.6136 3.9511 20.3701 1.0624 26.7887 4.5374 0.0775
Car -1 -1 2.5268 963.2703 175.2076 1047.8124 203.5968 1.5462 1.6627 3.9267 22.2073 1.6819 40.5286 3.0247 0.0756
Car -1 -1 4.9077 0.0000 201.0198 99.9575 271.6403 1.4813 1.5980 3.7769 -14.6143 2.2956 18.8140 4.2539 0.0752
Car -1 -1 1.6753 0.0000 195.5992 52.5192 254.5791 1.4559 1.6207 3.9998 -17.8576 2.2023 21.5599 0.9895 0.0749
Car -1 -1 2.0769 379.4525 174.2548 425.2721 196.1189 1.6646 1.6798 4.1919 -16.4394 1.7805 57.4527 1.7991 0.0730
Car -1 -1 1.4301 409.7222 176.6340 438.5381 197.4560 1.5762 1.6514 4.2729 -14.8719 1.8907 57.7402 1.1788 0.0714
Car -1 -1 3.9069 1105.5864 173.5366 1211.2125 205.7384 1.4483 1.6387 4.0091 26.2231 1.4831 34.6520 4.5503 0.0708
Car -1 -1 3.7734 51.4013 204.1593 123.9375 228.3502 1.5142 1.6957 3.6334 -34.8656 3.6455 48.2612 3.1502 0.0706
Car -1 -1 1.9218 38.2568 197.2034 93.1079 222.9978 1.4961 1.6862 3.8063 -35.9633 3.1794 47.8151 1.2794 0.0703
Car -1 -1 5.3845 0.0000 198.6461 45.5768 274.8823 1.4490 1.6080 3.8031 -15.4805 2.1254 16.9770 4.6529 0.0702
Car -1 -1 2.5674 1159.2042 158.2574 1242.0000 202.2103 1.4920 1.6074 3.7252 21.9839 0.9965 25.5326 3.2725 0.0681
Car -1 -1 3.7883 0.0000 201.7877 84.7038 251.3566 1.4110 1.6459 3.6041 -18.7796 2.3490 22.4907 3.0982 0.0677
Car -1 -1 -0.2082 40.1074 187.7990 450.6542 357.3073 1.4410 1.6288 3.9484 -4.0126 1.6510 8.2981 -0.6469 0.0669
Car -1 -1 1.4778 140.3063 193.3329 171.5196 215.0178 1.5548 1.7442 4.3333 -36.6397 3.2715 58.2355 0.9181 0.0657
Car -1 -1 3.3373 0.0000 189.4339 46.9390 375.0000 1.4819 1.6115 3.9641 -7.8596 1.6808 6.8283 2.5013 0.0651
Car -1 -1 1.7446 0.0000 195.9600 146.4112 375.0000 1.4229 1.6280 3.5054 -5.2575 1.6907 6.4320 1.0793 0.0650
Car -1 -1 3.7607 1088.7620 162.7725 1242.0000 213.3087 1.4450 1.5612 3.8343 17.4489 1.1567 22.6932 4.4098 0.0634
Car -1 -1 1.8023 75.0438 198.2367 167.1324 249.9308 1.4350 1.6896 3.8479 -16.2403 2.3596 24.1868 1.2158 0.0625
Car -1 -1 1.6998 918.3394 176.3534 960.6479 205.2197 1.4980 1.6312 4.1468 18.4058 1.7034 40.1666 2.1263 0.0606
Car -1 -1 4.0663 0.0000 187.3300 179.0513 344.2603 1.4771 1.6026 4.0554 -7.2729 1.6668 8.2360 3.3588 0.0603
Car -1 -1 5.3244 14.4832 187.3583 340.2948 338.0773 1.4474 1.5989 3.8346 -5.1679 1.6747 9.3108 4.8292 0.0603
Car -1 -1 2.4739 0.0000 191.0185 43.7172 221.4815 1.6240 1.6423 3.9049 -36.3099 2.7595 43.0244 1.7758 0.0597
Car -1 -1 4.0543 937.5761 179.0836 1002.6470 202.6249 1.4571 1.6340 4.2096 23.9307 1.8913 48.0618 4.5134 0.0589
Car -1 -1 -1.1300 987.2473 174.8322 1053.4674 203.9508 1.4778 1.5796 3.8944 22.0148 1.5886 38.6288 -0.6157 0.0578
Car -1 -1 1.3548 982.8897 175.5441 1034.7136 205.0722 1.5400 1.6650 4.1279 22.1915 1.6983 40.2497 1.8551 0.0572
Car -1 -1 -0.6150 920.7455 175.9684 1002.1714 202.9005 1.5186 1.6531 4.0648 20.5048 1.7053 42.0990 -0.1649 0.0556
Car -1 -1 1.6939 94.4620 194.0061 129.4885 217.3907 1.5015 1.6096 3.9107 -35.9792 3.0949 52.2469 1.0930 0.0555
Car -1 -1 1.5059 968.3953 172.5729 1010.7316 203.8813 1.5259 1.6579 4.1040 19.6206 1.5122 37.3781 1.9856 0.0543
Car -1 -1 2.1004 0.0000 198.7125 97.1802 254.0353 1.4424 1.6398 3.8827 -18.1466 2.3307 22.7513 1.4326 0.0540
Car -1 -1 1.6397 0.0000 193.8785 80.3839 271.5645 1.4833 1.6751 3.6985 -13.4821 2.0328 16.8592 0.9727 0.0533
Car -1 -1 2.1295 73.2878 200.4131 189.8737 249.7781 1.4732 1.6635 3.8030 -16.7954 2.5237 25.5874 1.5531 0.0531
Car -1 -1 2.0137 477.3518 179.3246 526.9230 204.1794 1.5043 1.6336 3.9874 -6.9301 1.9445 46.9335 1.8674 0.0530
Car -1 -1 0.7624 0.0000 194.3873 77.2495 219.7237 1.5276 1.6893 4.0448 -36.7227 2.9399 46.2897 0.0944 0.0525
Car -1 -1 1.5084 372.2921 177.1430 395.4623 196.5070 1.5070 1.5703 4.0448 -18.5689 1.8723 59.2848 1.2059 0.0505
Car -1 -1 0.7245 0.0000 193.0053 65.0696 218.4124 1.5087 1.7022 4.0069 -36.7799 2.7994 45.2762 0.0450 0.0502