Car -1 -1 2.0810 99.9348 197.1673 265.8885 273.1287 1.4205 1.5846 3.8300 -9.6203 2.0460 16.6433 1.5635 0.9519
Car -1 -1 2.0030 220.1548 188.3804 314.6387 234.7274 1.4653 1.6075 3.8093 -12.2032 2.0657 25.9969 1.5676 0.9507
Car -1 -1 1.8245 455.2226 183.0073 491.5892 204.3111 1.5192 1.7421 4.2554 -10.4616 2.3339 55.7162 1.6394 0.6796
Car -1 -1 4.6993 602.8922 176.6112 630.0854 202.9051 1.5967 1.6724 3.8708 0.4173 1.8479 46.3089 4.7078 0.6586
Car -1 -1 1.5730 335.7214 178.6553 365.9530 207.1909 1.6178 1.6578 3.8434 -15.7072 1.9871 43.8447 1.2306 0.2285
Car -1 -1 1.5693 269.6885 178.3130 288.9438 195.8302 1.5131 1.5513 3.8132 -30.0502 2.0255 65.6644 1.1414 0.2050
Car -1 -1 1.7545 218.8226 191.9318 252.1847 213.2312 1.5074 1.6454 3.8935 -29.4654 3.0683 56.9312 1.2785 0.1609
Car -1 -1 1.7765 447.5835 181.4915 482.8200 206.2342 1.7100 1.6890 4.4567 -10.6824 2.3792 53.6642 1.5806 0.1549
Car -1 -1 1.5406 54.4578 204.1668 108.1160 244.9575 1.4248 1.7175 3.7657 -22.2276 2.8276 30.3105 0.9118 0.1476
Car -1 -1 1.3499 521.1557 178.4060 549.5164 197.3978 1.5251 1.5829 3.8739 -6.3317 2.0124 61.2490 1.2469 0.1384
Car -1 -1 1.1654 196.0128 191.4421 240.9045 212.4360 1.4787 1.6771 3.8652 -30.3529 2.9683 55.9667 0.6702 0.1378
Car -1 -1 1.7704 500.0653 178.8767 532.0768 201.8220 1.4733 1.4765 3.5886 -6.3285 1.8989 49.1402 1.6426 0.1328
Car -1 -1 1.6451 240.9993 180.2944 293.2476 220.6421 1.5868 1.7331 4.1721 -14.8521 1.9345 31.4668 1.2071 0.1310
Car -1 -1 5.2456 0.0000 181.7666 283.9048 310.0538 1.5820 1.7126 4.2759 -6.9290 1.7485 11.3377 4.7071 0.1225
Car -1 -1 1.7110 50.9253 203.0356 111.9511 241.5130 1.4447 1.6845 3.7157 -23.5714 2.8819 32.3217 1.0846 0.1158
Car -1 -1 3.1413 597.2864 176.6666 661.6772 201.3648 1.5121 1.6248 3.9693 1.2478 1.7561 45.3069 3.1682 0.1139
Car -1 -1 1.7582 428.6528 183.8848 480.5340 220.6680 1.4513 1.5387 3.6960 -6.6877 1.9606 31.4508 1.5498 0.1053
Car -1 -1 1.6830 289.0915 174.9585 332.0260 205.1170 1.4770 1.6213 4.0485 -15.6035 1.5936 37.8094 1.2938 0.1049
Car -1 -1 1.7584 515.5410 177.5257 548.2354 200.9667 1.5101 1.5556 3.6534 -5.2474 1.8403 49.1161 1.6521 0.1001
Car -1 -1 1.9269 28.7621 202.2272 108.6326 240.8627 1.4169 1.6906 3.3008 -23.1735 2.7550 31.0490 1.2896 0.0970
Car -1 -1 1.3986 446.0963 183.6440 477.4630 203.3352 1.4058 1.7152 4.0983 -11.5387 2.2790 56.1687 1.1966 0.0867
Car -1 -1 1.3190 456.9137 180.7116 494.2189 204.3628 1.6023 1.6684 4.2602 -9.8241 2.2009 52.6818 1.1352 0.0864
Car -1 -1 3.9963 293.7591 181.4287 363.6765 209.3387 1.5530 1.6761 3.9718 -16.6837 2.0819 42.8408 3.6267 0.0858
Car -1 -1 1.9090 249.9306 174.0944 319.1440 208.2906 1.5094 1.6683 4.2115 -15.2891 1.5719 34.1719 1.4909 0.0849
Car -1 -1 1.7507 520.0644 179.0648 551.0319 201.5977 1.5021 1.5472 3.6507 -5.1951 1.9574 51.0154 1.6493 0.0832
Car -1 -1 1.7890 421.4740 184.4781 480.3445 222.2639 1.4100 1.5956 3.7850 -6.5166 1.9236 29.9879 1.5763 0.0801
Car -1 -1 5.8557 7.2907 182.2453 176.8934 238.6422 1.5068 1.6316 3.8863 -15.6738 1.8211 22.0618 5.2435 0.0793
Car -1 -1 3.3170 561.2011 177.8598 631.3920 202.4030 1.4847 1.6660 4.1759 -0.8079 1.8067 45.2659 3.2988 0.0779
Car -1 -1 2.2237 0.0000 189.7515 226.5665 337.0414 1.4838 1.5851 3.7469 -6.9442 1.7534 9.6091 1.6108 0.0746
Car -1 -1 3.3159 439.1532 183.0831 497.4749 204.2471 1.5627 1.6750 4.1335 -10.7303 2.3547 54.9951 3.1237 0.0742
Car -1 -1 2.0384 430.8275 179.9782 478.0549 202.8640 1.5250 1.6468 4.0532 -11.0358 2.0559 51.6000 1.8284 0.0736
Car -1 -1 1.5518 482.9529 175.2196 519.0311 208.6283 1.4810 1.6031 3.9827 -5.2085 1.6006 34.3796 1.4021 0.0695
Car -1 -1 1.7487 203.4649 187.5303 239.3326 210.0968 1.5279 1.6550 4.0746 -28.9408 2.6688 53.8983 1.2577 0.0689
Car -1 -1 1.8264 319.2927 178.2494 366.5215 207.0941 1.5812 1.6467 3.9431 -15.5871 1.9132 42.3580 1.4755 0.0668
Car -1 -1 1.9379 254.7338 184.8133 297.6450 207.1578 1.6013 1.6695 4.0628 -25.8191 2.5643 56.0161 1.5075 0.0657
Car -1 -1 1.5851 266.0500 179.1243 286.6130 196.8354 1.4784 1.5908 4.3436 -29.6023 2.0560 64.1690 1.1542 0.0640
Car -1 -1 3.4438 406.8865 183.8710 495.4170 214.2232 1.4477 1.6300 4.0255 -7.8913 2.0143 36.1216 3.2297 0.0625
Car -1 -1 1.8524 437.9574 177.7114 494.2551 210.7904 1.4577 1.5741 4.0137 -6.7783 1.7037 34.4720 1.6592 0.0607
Car -1 -1 1.7518 457.3215 177.3847 503.0169 207.9738 1.4721 1.6200 4.0295 -6.6326 1.7192 37.3414 1.5768 0.0574
Car -1 -1 1.6912 505.9724 179.4538 534.0039 201.8304 1.4840 1.5231 3.6880 -6.2689 1.9655 50.7878 1.5686 0.0573
Car -1 -1 3.3086 442.1411 183.2823 501.7957 203.6689 1.5291 1.7830 4.3113 -10.6420 2.3521 56.0102 3.1213 0.0560
Car -1 -1 1.8149 82.9437 201.4915 151.3941 239.5038 1.4589 1.7177 3.6402 -22.2312 2.8369 32.7163 1.2216 0.0530
Car -1 -1 1.7751 412.2737 183.1199 444.9095 203.3503 1.4305 1.6395 3.9705 -13.7693 2.2428 55.0815 1.5309 0.0516
Car -1 -1 0.5465 72.7529 204.3060 187.7646 238.9799 1.4197 1.7558 3.9400 -21.3163 2.8646 32.2030 -0.0347 0.0512