Car -1 -1 4.4212 728.4161 184.0655 918.4393 300.5664 1.3899 1.6323 3.8462 2.9905 1.5900 10.9313 4.6803 0.9564
Car -1 -1 1.8714 351.7586 195.0455 449.6729 253.1144 1.4365 1.6451 4.0439 -6.0745 2.1593 21.4553 1.5980 0.9277
Car -1 -1 4.6249 697.7947 180.2054 779.0964 248.5536 1.4248 1.5760 3.6388 2.9884 1.6204 17.3215 4.7920 0.9238
Car -1 -1 4.1336 831.1993 178.3239 1242.0000 375.0000 1.4964 1.6535 4.2632 2.9118 1.5466 4.4652 4.6808 0.7432
Car -1 -1 1.7170 486.7006 185.3078 521.9344 212.6301 1.5392 1.5966 3.8186 -6.4150 2.3368 44.3008 1.5735 0.6629
Car -1 -1 1.6216 639.2516 175.9394 667.3104 200.8988 1.5658 1.6541 4.1027 2.9417 1.7798 47.9219 1.6821 0.5934
Car -1 -1 1.9005 502.1883 186.7378 543.2509 210.7754 1.5074 1.5687 4.1197 -5.9582 2.5103 49.9427 1.7819 0.4133
Car -1 -1 1.5665 762.2609 172.2768 781.5350 190.4183 1.5392 1.5999 3.9171 14.2289 1.4903 63.3041 1.7863 0.3453
Car -1 -1 5.2117 387.1624 186.1543 445.3286 217.1080 1.6070 1.6195 3.7123 -10.9653 2.4027 41.1698 4.9525 0.3267
Car -1 -1 1.1962 404.6604 186.2610 453.5542 216.7263 1.6504 1.6011 3.6047 -10.7181 2.4801 42.7203 0.9514 0.3104
Car -1 -1 3.4810 339.2381 188.3082 395.5593 209.2186 1.5464 1.7421 3.7476 -18.6274 2.7566 55.5993 3.1588 0.2536
Car -1 -1 3.3278 404.5293 185.9200 451.9435 203.5345 1.4927 1.5643 3.8137 -15.8939 2.6563 63.3632 3.0826 0.1846
Car -1 -1 0.3036 449.4712 187.2408 519.0045 213.3385 1.4875 1.6646 3.7950 -7.5083 2.3741 43.3882 0.1327 0.1378
Car -1 -1 2.0842 484.4272 184.6376 522.4938 202.1478 1.5303 1.7367 4.1815 -10.0097 2.6837 68.3663 1.9389 0.1364
Car -1 -1 0.9871 597.8716 184.7518 641.6215 205.6229 1.5274 1.5403 3.9614 0.7705 2.5059 57.2604 0.9999 0.1330
Car -1 -1 1.4833 498.5494 186.2055 528.3974 210.9463 1.5222 1.6614 3.9088 -6.5257 2.4626 48.7356 1.3504 0.1241
Car -1 -1 4.7710 424.4755 186.6202 446.9966 204.5813 1.4713 1.7229 3.9233 -15.4767 2.7393 64.3785 4.5356 0.1202
Car -1 -1 1.0622 679.7864 172.9666 721.7416 192.8328 1.5855 1.5976 4.2159 7.5190 1.5952 59.8651 1.1861 0.1096
Car -1 -1 -0.1903 731.4866 176.3397 811.7335 204.8360 1.4740 1.5739 3.9342 8.5704 1.6634 38.3684 0.0274 0.1060
Car -1 -1 4.4203 459.5021 184.2625 507.6891 213.6404 1.5185 1.6601 3.8431 -7.2040 2.2000 41.0084 4.2470 0.1002
Car -1 -1 0.2016 701.8924 178.4845 785.2709 208.2467 1.5075 1.6064 4.1545 7.1763 1.8210 38.6452 0.3833 0.0922
Car -1 -1 4.9618 355.7729 187.4265 390.2744 208.3556 1.4963 1.6689 3.7741 -18.3842 2.6709 56.2211 4.6468 0.0911
Car -1 -1 1.2097 725.5199 172.6615 779.3495 201.8038 1.5275 1.5655 4.1019 7.8447 1.5174 39.9726 1.4017 0.0896
Car -1 -1 4.4752 1069.9445 147.7229 1242.0000 274.1309 1.4370 1.4865 3.2537 7.5713 1.1513 9.9902 5.1095 0.0878
Car -1 -1 1.1436 478.9581 187.9854 526.7504 211.5578 1.4621 1.6964 4.1416 -7.4036 2.5521 49.7768 0.9962 0.0850
Car -1 -1 -0.7146 1076.8195 145.6361 1242.0000 269.5894 1.4829 1.5185 3.7754 8.4663 1.1573 9.3971 0.0031 0.0816
Car -1 -1 3.3738 388.8969 188.4918 459.7258 216.2034 1.5241 1.6465 3.6639 -10.6132 2.4421 41.5016 3.1245 0.0800
Car -1 -1 1.7082 470.4855 187.2383 509.4548 216.7097 1.4758 1.6120 3.8455 -6.5724 2.3114 39.9711 1.5457 0.0789
Car -1 -1 0.0923 475.9714 185.1854 546.4478 212.8964 1.4816 1.5950 3.7609 -5.4410 2.1841 40.2315 -0.0418 0.0785
Car -1 -1 0.1367 441.6501 187.1241 515.1353 215.3927 1.5059 1.6568 3.8422 -7.2724 2.3200 40.2589 -0.0414 0.0738
Car -1 -1 1.2910 417.6188 188.6337 463.5869 218.0434 1.5365 1.6424 3.6878 -9.8416 2.4961 41.8648 1.0610 0.0738
Car -1 -1 0.2788 484.1749 187.2628 548.3482 210.4793 1.5230 1.5716 4.1158 -6.4142 2.5385 49.7661 0.1508 0.0727
Car -1 -1 1.7927 415.2207 180.7016 450.4167 203.7456 1.4694 1.5343 3.7625 -12.0032 2.0250 49.1913 1.5542 0.0726
Car -1 -1 1.6183 757.2838 171.2905 779.2153 190.5882 1.5938 1.6416 4.1995 13.6266 1.4647 61.8323 1.8339 0.0694
Car -1 -1 4.5505 635.8171 172.1143 672.1224 198.6019 1.5899 1.6713 3.8429 2.7427 1.5455 45.3070 4.6101 0.0692
Car -1 -1 1.5382 315.8917 201.1178 370.7765 249.2576 1.4168 1.7141 3.8088 -9.5610 2.5081 25.7724 1.1858 0.0687
Car -1 -1 1.5378 529.6760 182.3125 548.4827 200.6857 1.5435 1.5495 3.9956 -6.3582 2.4208 64.8414 1.4400 0.0683
Car -1 -1 4.9887 480.8052 184.2949 525.9778 213.3669 1.5142 1.5782 3.7419 -5.9899 2.1967 41.0812 4.8443 0.0673
Car -1 -1 1.2020 753.4101 173.5674 809.9614 202.4962 1.5027 1.6271 4.1624 9.4085 1.5441 39.7598 1.4322 0.0670
Car -1 -1 1.6407 618.6877 186.3020 641.4976 206.1464 1.4653 1.5664 3.8818 1.6801 2.5839 58.0091 1.6690 0.0651
Car -1 -1 3.2582 471.1379 187.4510 531.9202 210.6414 1.4875 1.6496 3.8553 -7.1913 2.4821 48.2795 3.1106 0.0647
Car -1 -1 1.6089 486.1903 184.0554 516.8660 212.3051 1.5182 1.6303 4.0236 -6.3222 2.2108 42.5223 1.4617 0.0638
Car -1 -1 1.8262 723.3019 170.1190 770.6416 198.8581 1.6015 1.6971 4.3609 8.1547 1.4491 42.5428 2.0139 0.0635
Car -1 -1 -0.0483 623.6246 175.9162 680.8912 199.6131 1.5194 1.6035 3.6718 2.7663 1.7236 47.2944 0.0093 0.0634
Car -1 -1 1.5387 466.5382 180.7882 486.4637 199.7389 1.5687 1.5999 4.0734 -11.7712 2.2928 63.6958 1.3563 0.0629
Car -1 -1 -0.6694 499.5530 179.1829 575.4088 208.0533 1.4850 1.6129 4.0543 -3.9497 1.8531 39.9739 -0.7678 0.0617
Car -1 -1 0.8308 322.4883 186.8396 378.1184 209.7771 1.6376 1.7074 4.0847 -19.8813 2.7429 55.3103 0.4869 0.0613
Car -1 -1 1.7360 489.2474 182.2357 524.9936 207.9672 1.5230 1.6145 4.0862 -6.5197 2.1516 46.2751 1.5964 0.0606
Car -1 -1 1.7317 419.0367 178.8247 448.4644 200.0340 1.5728 1.5951 4.2044 -13.8148 2.0613 56.8778 1.4942 0.0600
Car -1 -1 5.0826 650.3322 172.6040 697.3779 198.4203 1.5204 1.6084 3.8576 4.0173 1.5057 44.5804 5.1715 0.0597
Car -1 -1 -0.5703 944.3459 139.5922 1242.0000 256.9301 1.4614 1.5752 3.7700 6.8059 1.0471 9.8150 0.0219 0.0591
Car -1 -1 2.8524 706.2786 173.8142 791.3848 202.6164 1.5472 1.5867 4.3406 7.6555 1.6016 39.8358 3.0405 0.0588
Car -1 -1 4.8739 383.6266 184.6351 423.9589 214.0102 1.5576 1.6472 3.8282 -11.8805 2.2736 41.8554 4.5985 0.0580
Car -1 -1 1.9724 410.5106 179.9129 449.2205 201.3450 1.7076 1.6782 4.1771 -15.1720 2.3271 61.1292 1.7298 0.0569
Car -1 -1 1.1348 526.0475 187.7804 559.9301 204.9455 1.4725 1.6460 3.9608 -6.2783 2.9174 67.7186 1.0422 0.0555
Car -1 -1 1.5591 650.8647 182.6944 672.4904 201.7824 1.4127 1.6609 3.9934 4.1301 2.2254 57.5485 1.6299 0.0553
Car -1 -1 1.4797 333.6202 197.0920 376.0949 230.7377 1.4603 1.6761 4.0648 -12.9917 2.7663 36.6790 1.1411 0.0542
Car -1 -1 1.7767 1179.7120 168.3878 1242.0000 295.3783 1.5002 1.6649 4.1195 9.9732 1.4474 10.3916 2.5270 0.0540
Car -1 -1 1.5660 762.5599 170.2543 783.3489 190.8709 1.6552 1.6328 4.0570 13.5906 1.4465 60.0850 1.7871 0.0539
Car -1 -1 1.7997 455.5773 185.6868 502.1469 215.9892 1.4733 1.6254 3.8182 -6.9462 2.1959 38.6797 1.6226 0.0528
Car -1 -1 4.9722 497.9062 181.4071 544.0421 210.3601 1.5214 1.6305 4.0406 -5.0075 2.0358 41.2780 4.8517 0.0526
Car -1 -1 0.1708 476.5130 186.6182 544.9595 212.5666 1.4868 1.6068 3.8361 -5.8735 2.3263 43.1382 0.0357 0.0515
Car -1 -1 1.6811 533.4900 179.0988 571.0765 208.8836 1.4713 1.5659 3.9779 -3.0049 1.8219 38.4988 1.6032 0.0508