Car -1 -1 4.8189 392.2906 164.9245 466.8886 222.5295 1.4233 1.5778 3.6171 -4.8216 1.2274 19.7239 4.5818 0.9397
Car -1 -1 4.8756 437.2180 161.2236 493.2525 198.9827 1.4088 1.5870 3.7961 -5.6943 0.9748 28.8413 4.6821 0.5250
Car -1 -1 4.5032 462.4872 168.0458 501.1474 193.6001 1.5077 1.6148 3.7230 -7.9338 1.2240 44.5980 4.3279 0.2768
Car -1 -1 3.3666 358.4938 156.7914 482.4076 198.9882 1.5712 1.7062 4.3401 -7.2021 0.9731 27.7778 3.1150 0.2170
Car -1 -1 4.4043 460.8478 162.4702 502.0361 187.0938 1.6304 1.6861 3.9523 -8.9020 0.9429 49.9164 4.2285 0.1662
Car -1 -1 4.7559 408.7821 150.7296 443.3221 181.1808 1.5293 1.6058 3.6004 -9.6593 0.4182 38.1607 4.5095 0.1388
Car -1 -1 -0.1277 439.3651 168.1807 508.2409 193.6480 1.4870 1.6132 3.9077 -8.1921 1.2141 43.4985 -0.3131 0.1245
Car -1 -1 4.7375 471.1559 172.4242 502.5280 201.6409 1.5251 1.5986 3.7154 -6.6952 1.5026 39.6150 4.5708 0.0875
Car -1 -1 -0.5388 703.8203 135.8063 904.3652 221.6829 1.6956 1.6065 3.9106 4.1644 0.9641 15.5629 -0.2824 0.0867
Car -1 -1 4.2728 651.1636 127.5402 807.9081 222.1900 1.8807 1.8335 4.4042 2.5776 0.9803 16.7090 4.4227 0.0690
Car -1 -1 1.6563 456.8193 163.6350 501.8289 198.4953 1.4776 1.6429 4.2392 -5.8462 1.0868 32.7673 1.4808 0.0637
Car -1 -1 1.5931 473.9173 170.9566 508.6069 202.3041 1.4916 1.6303 4.2647 -5.9403 1.4014 36.5579 1.4328 0.0608
Car -1 -1 -0.6999 963.2899 158.1446 1242.0000 250.7597 1.5256 1.6398 4.3310 8.8682 1.2833 12.9379 -0.1100 0.0597
Car -1 -1 2.9707 442.5212 163.1012 507.5172 186.8466 1.5540 1.6388 4.0941 -9.0832 0.9157 48.6989 2.7871 0.0592
Car -1 -1 5.2616 473.7078 166.5838 529.3021 192.9066 1.5596 1.6279 3.8793 -6.6606 1.1881 44.8537 5.1147 0.0584
Car -1 -1 5.0464 418.0822 162.5277 493.9107 200.7624 1.4601 1.6885 4.4429 -6.2461 1.0657 29.8652 4.8417 0.0550
Car -1 -1 1.7444 470.2707 163.6356 504.6147 186.7600 1.5100 1.6383 3.9659 -8.2635 0.9080 49.1037 1.5783 0.0534
Car -1 -1 4.9752 285.8044 173.4385 396.4580 240.6721 1.4955 1.5981 3.9247 -6.5806 1.5118 18.1052 4.6308 0.0507
Car -1 -1 1.8715 457.5165 171.5241 505.2643 197.9689 1.5045 1.6420 4.1893 -7.6143 1.4289 43.2328 1.6979 0.0507