Car -1 -1 2.2403 123.6939 190.9589 204.8469 221.4849 1.5022 1.6539 4.0879 -24.6760 2.5633 40.1604 1.6920 0.8973
Car -1 -1 1.8757 268.9350 184.9178 321.1263 215.6020 1.5842 1.6056 3.8832 -17.7343 2.3009 40.8501 1.4682 0.7697
Car -1 -1 2.2252 15.9559 198.0370 100.3781 229.6431 1.4757 1.6843 3.6623 -29.2789 2.8819 38.4534 1.5776 0.4777
Car -1 -1 1.0920 0.0000 199.5962 74.8865 231.3484 1.4938 1.6933 3.5051 -30.1077 2.9559 37.9550 0.4246 0.3103
Car -1 -1 4.6434 548.3742 174.5688 570.7999 193.1833 1.5156 1.6330 3.8347 -4.2615 1.6656 61.1294 4.5737 0.2930
Car -1 -1 1.2977 60.9523 188.4034 108.7220 210.8655 1.4383 1.6940 4.0618 -36.9595 2.5745 50.7952 0.6709 0.2287
Car -1 -1 1.4897 146.2845 180.2308 173.5480 199.1956 1.4705 1.5976 4.0449 -37.2136 2.1021 59.6815 0.9340 0.1887
Car -1 -1 1.4403 177.9066 181.3845 205.6897 200.4131 1.5308 1.5592 4.0320 -35.9076 2.2881 61.9805 0.9168 0.1882
Car -1 -1 1.8637 100.0201 205.1303 202.6060 261.9696 1.4384 1.6650 3.7761 -14.2182 2.5413 22.6157 1.3075 0.1653
Car -1 -1 5.2514 66.0357 203.6351 156.7994 241.0775 1.4582 1.7174 3.8091 -22.8408 2.9604 33.2617 4.6531 0.1395
Car -1 -1 -0.1787 539.5953 174.4499 590.2697 192.6763 1.4816 1.6159 3.9914 -3.7302 1.6174 60.1351 -0.2408 0.1164
Car -1 -1 4.6952 169.5969 207.9101 233.2020 263.0197 1.4384 1.6779 3.7735 -13.3010 2.6797 23.4962 4.1846 0.1075
Car -1 -1 2.3282 0.0000 190.0408 67.4116 222.4571 1.8573 1.5124 3.7987 -36.3792 2.9847 45.3720 1.6551 0.1041
Car -1 -1 0.9942 58.4813 203.1639 148.6579 240.9125 1.5099 1.7176 3.5013 -22.8894 2.9426 32.6522 0.3864 0.1040
Car -1 -1 1.5582 98.9080 198.6989 133.1893 226.6705 1.5249 1.7205 4.1365 -31.1794 3.2353 45.5653 0.9606 0.0975
Car -1 -1 1.9520 7.4016 195.7961 84.1114 230.9056 1.5600 1.6713 4.1613 -28.9519 2.8138 37.2035 1.2940 0.0937
Car -1 -1 2.1473 51.5607 202.8137 193.6344 261.0309 1.4092 1.6271 3.8500 -14.2398 2.3771 21.3807 1.5652 0.0847
Car -1 -1 1.7719 49.7693 195.0069 107.9032 226.2078 1.4837 1.7473 4.3211 -29.2879 2.7816 39.9456 1.1422 0.0826
Car -1 -1 1.2831 129.9447 201.4828 236.9413 259.7109 1.4474 1.7084 4.1588 -13.0462 2.4011 21.9909 0.7526 0.0783
Car -1 -1 2.2813 87.2755 201.9672 221.2977 255.1413 1.4424 1.6306 3.8049 -14.8397 2.4827 23.7764 1.7280 0.0738
Car -1 -1 2.2208 67.3519 202.1100 135.9167 229.4651 1.4591 1.8181 3.1999 -30.6315 3.2940 43.6193 1.6112 0.0736
Car -1 -1 2.0068 145.3365 183.1315 197.8413 206.9532 1.5772 1.6007 4.1700 -31.3602 2.3457 51.7939 1.4644 0.0730
Car -1 -1 1.7584 59.1277 205.6934 123.2364 246.4248 1.5109 1.6852 3.2355 -22.5673 3.0286 31.5244 1.1409 0.0723
Car -1 -1 1.5398 189.0476 191.2378 223.2160 219.2728 1.4881 1.6730 4.0882 -24.2669 2.6481 43.3457 1.0318 0.0691
Car -1 -1 1.8959 100.9926 188.4034 170.0887 224.5979 1.6680 1.6998 4.3031 -24.5387 2.5260 37.5194 1.3197 0.0682
Car -1 -1 0.1135 523.9540 174.9307 574.6068 192.9927 1.4725 1.5723 4.0355 -4.9760 1.6473 59.8666 0.0306 0.0677
Car -1 -1 1.6291 171.8075 182.8085 200.0614 203.9263 1.4510 1.5722 4.0592 -31.5353 2.2229 53.7845 1.1008 0.0676
Car -1 -1 1.5811 98.6930 186.7896 130.9595 214.4771 1.6888 1.7278 4.4693 -33.3474 2.6746 48.7033 0.9831 0.0662
Car -1 -1 1.2469 115.0886 182.7800 158.1837 202.3647 1.4661 1.6210 4.2892 -38.0175 2.2907 57.9717 0.6684 0.0636
Car -1 -1 1.7706 102.0341 196.1595 144.6124 222.1606 1.5298 1.6515 3.6324 -32.3022 3.1453 48.0213 1.1808 0.0625
Car -1 -1 0.6587 11.9015 200.3199 108.9333 230.3922 1.5093 1.7324 3.9053 -29.4186 3.0174 38.7286 0.0122 0.0575
Car -1 -1 1.5617 546.9672 174.1303 567.1322 193.5058 1.5303 1.5981 4.1083 -4.3400 1.6391 59.3805 1.4887 0.0568
Car -1 -1 1.6517 168.4153 196.9793 205.8342 223.9078 1.4658 1.6988 4.0125 -26.4957 3.0550 45.3523 1.1252 0.0555
Car -1 -1 1.3642 0.0000 189.3225 33.1291 215.3350 1.4786 1.6245 4.0584 -37.7962 2.5563 45.3170 0.6717 0.0549
Car -1 -1 1.9759 169.9578 181.5500 214.9367 202.9279 1.6333 1.6859 4.1311 -34.0549 2.3706 59.0254 1.4543 0.0548
Car -1 -1 1.7059 592.4600 177.6635 618.3702 196.9355 1.4901 1.5966 3.9472 -0.3049 1.8964 58.8794 1.7003 0.0546
Car -1 -1 1.5085 7.9935 196.8114 55.6357 229.2787 1.5073 1.7526 4.2418 -31.1396 2.8690 38.8492 0.8360 0.0534
Car -1 -1 0.6535 252.4793 185.0351 332.4727 215.1644 1.6070 1.6041 3.9854 -17.8942 2.3163 40.7571 0.2419 0.0529
Car -1 -1 0.7284 49.6195 203.5940 206.4741 255.8623 1.4230 1.6409 3.8877 -14.6446 2.4083 22.0304 0.1471 0.0509
Car -1 -1 2.1593 218.1549 194.9345 305.7233 233.1120 1.3994 1.5799 3.6318 -14.6257 2.3934 30.5697 1.7161 0.0504