Car -1 -1 4.7051 597.7321 176.9492 625.3465 203.1361 1.5657 1.6761 4.1440 0.1089 1.8378 45.8659 4.7069 0.7990
Car -1 -1 1.9201 378.6552 183.2489 430.6345 212.0563 1.5279 1.6215 3.9848 -11.8002 2.1595 41.7948 1.6462 0.6427
Car -1 -1 1.5614 498.8490 180.1932 517.7346 198.0821 1.5120 1.6292 4.0506 -9.1199 2.1933 64.8533 1.4219 0.4360
Car -1 -1 1.8522 332.3125 176.9900 428.2313 232.1817 1.4622 1.5982 4.1825 -6.7039 1.5978 21.5366 1.5534 0.4089
Car -1 -1 2.7472 438.8189 181.5871 509.2412 209.6186 1.4748 1.5370 3.5780 -7.6084 1.9857 40.5934 2.5626 0.3224
Car -1 -1 1.7718 439.7690 182.1207 481.4113 211.2266 1.5326 1.5936 3.7733 -8.4275 2.0845 41.0827 1.5703 0.3016
Car -1 -1 1.8999 302.1321 179.0809 411.0090 241.2102 1.4650 1.5309 3.9547 -6.6496 1.6495 19.3902 1.5732 0.2054
Car -1 -1 1.7038 479.5291 179.1238 513.7402 205.4825 1.4443 1.5129 3.5559 -6.5593 1.8264 42.1827 1.5500 0.1970
Car -1 -1 4.9302 0.0000 185.9210 47.7835 214.6881 1.5284 1.5443 3.3951 -34.0041 2.3208 41.8925 4.2513 0.1823
Car -1 -1 4.5454 0.0000 172.9816 32.5462 235.7320 1.4588 1.6329 4.1554 -16.5542 1.4624 18.7309 3.8286 0.1688
Car -1 -1 1.9836 364.5607 182.8107 409.7179 206.1556 1.4840 1.5301 3.8855 -15.2345 2.1965 49.6082 1.6868 0.1553
Car -1 -1 3.2856 0.0000 172.6935 17.0032 242.2040 1.4860 1.5272 3.8045 -16.6078 1.4825 17.1487 2.5240 0.1520
Car -1 -1 4.9486 2.3774 171.5708 118.9552 230.7941 1.4418 1.6074 3.9748 -14.8205 1.4106 19.7097 4.3102 0.1508
Car -1 -1 1.9138 0.0000 172.9231 43.9026 240.1065 1.4737 1.5109 3.7151 -15.5911 1.4756 17.8359 1.2028 0.1344
Car -1 -1 3.3046 558.1480 176.3688 627.6961 201.3296 1.4954 1.6588 4.0871 -1.0037 1.7183 44.6470 3.2818 0.1315
Car -1 -1 1.9343 484.0036 178.5518 520.5180 198.5893 1.6179 1.6722 4.3000 -9.1468 2.1242 61.8351 1.7877 0.1312
Car -1 -1 4.9182 269.0167 168.5451 321.7633 200.3582 1.4910 1.6012 4.0466 -15.5784 1.2890 35.9580 4.5119 0.1301
Car -1 -1 1.7594 404.0763 174.1891 483.1221 224.4160 1.4306 1.6503 4.1897 -5.1244 1.4767 22.7837 1.5402 0.1138
Car -1 -1 1.7371 500.7081 178.3434 537.3122 205.1186 1.4657 1.5138 3.7879 -5.2501 1.8015 42.2113 1.6136 0.0924
Car -1 -1 5.3465 0.0000 175.3446 164.2568 237.2990 1.4553 1.5724 4.1345 -13.9274 1.5287 19.1932 4.7252 0.0923
Car -1 -1 1.8449 496.9387 180.1425 527.0190 198.9584 1.5647 1.5946 4.0502 -8.5831 2.2301 63.7575 1.7112 0.0918
Car -1 -1 1.7333 381.0709 181.3741 464.9708 239.7133 1.4197 1.6125 4.0816 -5.1189 1.6839 20.2726 1.4885 0.0906
Car -1 -1 1.7176 419.3260 172.9237 488.0074 220.0296 1.4564 1.6572 4.1989 -5.1825 1.4589 24.4594 1.5105 0.0889
Car -1 -1 1.8674 357.0144 178.5562 446.1188 228.6996 1.4660 1.6145 4.2602 -6.7106 1.6705 23.7314 1.5942 0.0823
Car -1 -1 0.4778 402.0777 182.1505 481.9525 210.6093 1.5130 1.6714 4.0568 -9.3945 2.0521 40.5306 0.2511 0.0807
Car -1 -1 1.2069 499.7245 178.4924 536.0097 197.4044 1.5156 1.6545 4.2641 -7.8462 2.0135 61.4479 1.0800 0.0794
Car -1 -1 1.7165 0.0000 183.3660 41.1685 215.4625 1.6159 1.6394 4.1539 -32.8612 2.2304 39.9732 1.0315 0.0779
Car -1 -1 1.7322 493.4787 177.9290 525.0069 202.1229 1.4993 1.4945 3.5196 -6.5294 1.8441 47.2371 1.5952 0.0752
Car -1 -1 0.0254 0.0000 175.6513 184.3138 237.1130 1.4390 1.5401 4.1152 -13.5412 1.5189 18.8417 -0.5912 0.0749
Car -1 -1 0.6682 0.0000 173.6174 102.8623 234.9254 1.4954 1.5510 4.0324 -15.5287 1.5158 18.4451 -0.0245 0.0725
Car -1 -1 1.6246 538.0376 179.9276 558.6116 197.6943 1.4687 1.5858 3.9205 -5.3361 2.1078 63.2093 1.5404 0.0711
Car -1 -1 4.6781 276.9304 168.6701 302.3223 193.9283 1.9094 1.6968 3.8037 -25.1321 1.5931 56.6266 4.2619 0.0685
Car -1 -1 3.0310 371.7777 183.4783 448.2705 211.8777 1.5283 1.5848 4.0856 -11.4586 2.1605 41.4392 2.7624 0.0669
Car -1 -1 1.6890 487.2648 180.7104 523.8911 208.0966 1.4523 1.6211 3.9303 -5.9137 1.9245 41.3849 1.5475 0.0665
Car -1 -1 1.7224 506.4733 179.6785 540.8466 205.7701 1.5094 1.5660 3.6906 -5.2654 1.9489 44.5916 1.6051 0.0663
Car -1 -1 1.5345 480.3908 179.7590 513.1776 209.1221 1.4818 1.6287 3.9837 -6.2172 1.8802 39.5161 1.3790 0.0657
Car -1 -1 1.9822 484.0651 179.5601 534.0710 205.7653 1.4537 1.5529 3.8326 -5.9505 1.8736 43.1319 1.8454 0.0651
Car -1 -1 1.8479 0.0000 174.3619 28.4468 247.9760 1.4615 1.5860 4.0239 -14.9255 1.5007 16.5705 1.1226 0.0648
Car -1 -1 1.8625 414.0673 175.6870 479.8963 214.1748 1.4493 1.5655 3.8503 -6.5483 1.5726 29.4391 1.6451 0.0648
Car -1 -1 1.4131 496.1392 180.8536 535.7396 209.0417 1.4503 1.6542 3.4868 -5.2440 1.9162 40.1121 1.2835 0.0646
Car -1 -1 4.9259 293.4814 169.0148 345.1267 201.6926 1.5528 1.6000 3.9515 -14.5550 1.3704 36.3670 4.5474 0.0645
Car -1 -1 5.1556 250.5133 169.2675 322.6607 203.5233 1.5403 1.6079 3.9045 -15.3092 1.3790 34.4172 4.7397 0.0645
Car -1 -1 1.7469 452.6540 175.2801 507.3918 213.8339 1.4427 1.5325 3.7216 -5.1531 1.5468 29.0965 1.5727 0.0644
Car -1 -1 1.7826 466.8987 175.8524 521.0474 211.4561 1.4623 1.5941 3.7809 -5.0399 1.6029 31.8928 1.6267 0.0632
Car -1 -1 3.2917 575.1985 176.4565 640.9183 201.8921 1.5522 1.6583 3.9367 -0.0704 1.7847 45.4577 3.2897 0.0629
Car -1 -1 1.9082 391.3117 177.0235 466.2755 219.7765 1.4571 1.5590 3.6929 -6.6419 1.6234 26.8771 1.6678 0.0622
Car -1 -1 0.3557 484.2619 180.7153 532.0096 198.3044 1.5073 1.5681 3.8967 -8.9953 2.2183 64.0749 0.2164 0.0601
Car -1 -1 1.6708 440.9328 174.6791 495.2439 217.6828 1.4654 1.5911 3.7442 -5.1596 1.5378 26.6869 1.4812 0.0596
Car -1 -1 1.9941 282.4420 182.5245 345.1992 212.7317 1.4548 1.5518 3.9841 -15.5163 1.9921 38.0645 1.6091 0.0585
Car -1 -1 -0.0519 239.7103 167.0520 331.0381 201.2636 1.5689 1.6462 3.9279 -15.5845 1.3028 34.7136 -0.4713 0.0568
Car -1 -1 1.6790 513.2448 176.6499 542.8386 202.1315 1.5824 1.5365 3.6233 -5.2911 1.8401 47.1625 1.5675 0.0546
Car -1 -1 0.3521 365.2213 182.6494 445.4985 210.8338 1.6088 1.7059 4.2669 -12.1059 2.2051 42.9105 0.0784 0.0543
Car -1 -1 2.7612 505.4956 179.8691 575.5452 205.2262 1.4513 1.6108 3.9146 -4.1821 1.8928 43.7994 2.6661 0.0541
Car -1 -1 1.7822 489.6638 180.0243 527.1393 205.9527 1.5094 1.5534 3.7749 -6.2638 1.9760 45.0163 1.6443 0.0537
Car -1 -1 1.8277 431.8866 180.7104 488.0205 216.6477 1.4545 1.5408 3.6547 -6.5424 1.8221 31.8875 1.6265 0.0525
Car -1 -1 2.0020 296.1561 181.0667 353.1622 209.3283 1.4361 1.4991 3.6890 -15.5835 1.9089 39.6465 1.6295 0.0523
Car -1 -1 2.8534 461.5239 180.4379 538.1735 207.3894 1.4469 1.6408 4.0307 -6.2637 1.8971 41.2338 2.7031 0.0517
Car -1 -1 2.3652 510.3058 179.4538 558.5252 197.7117 1.4839 1.5993 4.2349 -6.4540 2.0736 62.3322 2.2621 0.0515
Car -1 -1 0.2143 416.8681 182.2513 498.6373 210.6001 1.5799 1.6632 4.3613 -8.7122 2.1332 41.6279 0.0088 0.0511
Car -1 -1 1.8747 378.8968 179.8503 420.3651 203.6474 1.5233 1.6684 3.7280 -14.2550 2.0184 49.1774 1.5936 0.0508