Car -1 -1 4.8348 517.5361 178.7303 560.5591 209.8013 1.4003 1.6609 3.4204 -3.3609 1.6987 34.9060 4.7390 0.9666
Car -1 -1 4.7234 578.5704 179.9869 623.0793 219.1678 1.3888 1.6197 3.7380 -0.3196 1.6853 28.1263 4.7114 0.9175
Car -1 -1 1.7410 377.9075 179.1202 418.0515 206.5307 1.4676 1.5836 3.8220 -12.1227 1.8456 41.5298 1.4584 0.7572
Car -1 -1 4.7708 539.8221 173.6619 559.4313 190.3748 1.5023 1.5901 3.8674 -5.5387 1.5795 67.0000 4.6883 0.2678
Car -1 -1 4.6868 377.1408 172.0989 398.0757 191.2682 1.6188 1.6503 4.0040 -19.4317 1.5550 63.0929 4.3890 0.2130
Car -1 -1 1.4946 452.0461 180.1355 473.1367 196.4141 1.4116 1.5993 4.1918 -13.6327 2.1082 66.8005 1.2938 0.2072
Car -1 -1 4.6501 400.3311 172.5768 452.8446 216.4200 1.4368 1.5789 3.8039 -6.5737 1.4277 25.6977 4.4017 0.1607
Car -1 -1 0.4408 334.5005 181.7621 414.6084 209.5007 1.4928 1.6358 3.9653 -13.1854 2.0069 40.5785 0.1282 0.1100
Car -1 -1 4.7110 604.5784 163.4346 627.3782 186.3906 1.6760 1.6648 3.5427 0.4812 0.9883 54.4576 4.7195 0.1065
Car -1 -1 3.6826 453.1832 177.4155 522.3123 201.4371 1.5126 1.6765 4.2368 -8.0319 1.8232 47.5779 3.5159 0.1049
Car -1 -1 4.6551 441.4352 169.4246 483.4796 204.7584 1.4526 1.5925 3.8713 -6.5191 1.3116 31.7382 4.4538 0.1028
Car -1 -1 4.5863 503.9482 173.3625 534.7542 196.2374 1.4996 1.6043 4.0199 -6.2311 1.5360 49.5418 4.4615 0.0856
Car -1 -1 1.6036 456.3900 178.0527 475.9302 195.3367 1.4856 1.5988 4.3377 -13.0174 1.9750 65.6540 1.4083 0.0776
Car -1 -1 1.8383 535.9999 173.0592 565.8873 190.1820 1.5045 1.6189 4.3523 -5.2994 1.5238 65.7403 1.7579 0.0673
Car -1 -1 1.5254 457.8187 179.2909 478.4537 197.0040 1.4819 1.6127 4.2383 -12.6197 2.0751 64.2492 1.3319 0.0606
Car -1 -1 1.8506 496.8479 174.8335 538.9048 199.7922 1.5400 1.6709 3.9995 -5.9132 1.6746 46.9600 1.7257 0.0592
Car -1 -1 4.7319 333.0656 173.2102 395.0980 227.3234 1.4578 1.6043 3.8631 -7.2691 1.4695 21.5488 4.4099 0.0590
Car -1 -1 1.9025 364.0518 165.4515 454.4166 214.3470 1.4870 1.6430 4.0597 -6.5465 1.2618 24.0237 1.6388 0.0582
Car -1 -1 0.5977 360.5505 179.3893 432.9488 206.2683 1.4625 1.5643 3.7355 -12.1484 1.8478 41.2184 0.3125 0.0577
Car -1 -1 1.9749 458.3141 180.2435 492.9927 196.3547 1.3960 1.6064 4.2688 -12.3606 2.1038 66.8504 1.7925 0.0568
Car -1 -1 1.0469 324.3966 183.5819 390.4897 212.0490 1.4637 1.6555 4.1538 -14.2121 2.0965 40.5784 0.7116 0.0538
Car -1 -1 1.6660 538.1787 172.3409 561.1428 190.9861 1.6055 1.6469 4.1607 -5.2984 1.5613 64.2211 1.5837 0.0505
Car -1 -1 3.3337 582.5267 163.7129 637.2057 185.4617 1.5824 1.6670 3.8200 0.0400 0.9173 53.6813 3.3341 0.0503