Car -1 -1 1.7550 371.4298 181.1409 428.0482 216.8865 1.4910 1.7374 4.3090 -9.6122 1.8996 33.3551 1.4761 0.8626
Car -1 -1 2.3244 0.0000 205.0360 116.9139 347.0747 1.4075 1.5381 3.5021 -8.6605 1.9212 9.7373 1.6109 0.7120
Car -1 -1 4.6226 584.9625 173.6005 615.9975 198.5712 1.5519 1.6543 4.1771 -0.6360 1.6029 47.1350 4.6088 0.6517
Car -1 -1 4.5816 546.4659 178.6578 573.3724 198.0641 1.4542 1.6369 3.9068 -3.9809 1.9326 57.3892 4.5122 0.4546
Car -1 -1 1.5541 459.7905 176.0078 481.6328 196.9515 1.5912 1.6454 3.9781 -11.1053 1.8520 57.5702 1.3640 0.4096
Car -1 -1 1.7494 2.3283 190.5644 60.8844 225.0515 1.5066 1.6254 3.5577 -28.3384 2.4253 35.4776 1.0789 0.2638
Car -1 -1 1.7345 425.0179 175.2444 475.1506 208.8693 1.4387 1.6118 3.9845 -7.2656 1.5554 33.1922 1.5203 0.2558
Car -1 -1 1.6979 22.2296 197.6919 97.1787 244.9268 1.4972 1.7162 4.3289 -20.9144 2.5268 27.6017 1.0539 0.1807
Car -1 -1 4.6927 184.1390 178.5327 215.0031 205.2955 1.5635 1.6085 3.7457 -25.6137 1.9338 45.0323 4.1779 0.1520
Car -1 -1 1.6396 38.9974 202.9983 98.0425 246.0283 1.4846 1.6741 3.7260 -22.2224 2.8118 29.7464 1.0021 0.1376
Car -1 -1 4.7247 109.7004 174.3127 167.0622 219.9050 1.5039 1.6219 3.8088 -16.9032 1.5605 25.9750 4.1523 0.1260
Car -1 -1 1.5121 416.4894 180.7079 437.2348 197.2141 1.4260 1.6195 4.1246 -16.9006 2.1755 66.6490 1.2644 0.1208
Car -1 -1 1.8425 0.0000 189.8285 50.0160 226.9305 1.5210 1.5909 3.9137 -27.6558 2.3617 33.6238 1.1579 0.1168
Car -1 -1 1.6818 481.4774 174.2377 510.5227 198.6549 1.5699 1.5308 3.6152 -7.5866 1.6663 48.4390 1.5270 0.1109
Car -1 -1 1.5165 463.4309 175.9592 502.3964 209.5416 1.4238 1.5456 3.9553 -5.8538 1.5752 33.0814 1.3423 0.1087
Car -1 -1 1.6700 0.0000 191.6475 22.5905 226.7517 1.4833 1.6559 3.5911 -29.3369 2.4333 34.5235 0.9693 0.1084
Car -1 -1 4.0407 384.2807 173.2457 429.7383 191.9586 1.6305 1.7008 4.1847 -18.2255 1.6667 64.8639 3.7675 0.1079
Car -1 -1 3.8032 0.0000 208.8254 104.7928 329.5874 1.4691 1.6735 4.1282 -9.9706 2.0384 10.4026 3.0518 0.1059
Car -1 -1 1.5255 549.2289 173.0199 574.0344 196.4943 1.7082 1.6860 4.1921 -3.6685 1.7213 54.7131 1.4585 0.0911
Car -1 -1 1.6787 496.9217 172.9397 526.5682 198.4442 1.6468 1.5823 3.6799 -6.5315 1.6528 48.4617 1.5450 0.0888
Car -1 -1 1.7006 450.7011 177.6425 490.0127 206.6523 1.4286 1.5431 3.8955 -7.3114 1.6952 38.1785 1.5122 0.0845
Car -1 -1 1.4481 359.5883 187.1244 393.7871 211.7571 1.4759 1.6620 4.3029 -15.5942 2.4747 48.2000 1.1364 0.0805
Car -1 -1 1.9672 24.4598 191.5257 98.3770 225.2319 1.5069 1.6169 3.8282 -27.6897 2.5069 36.5875 1.3227 0.0798
Car -1 -1 1.8022 396.0240 178.6930 472.1095 226.9872 1.4247 1.5691 3.8235 -5.6540 1.6317 23.6609 1.5696 0.0761
Car -1 -1 4.2368 146.4072 178.6696 206.7205 205.0698 1.5175 1.5950 3.7865 -26.3524 1.8848 43.8907 3.6985 0.0732
Car -1 -1 1.5182 481.8532 177.6297 516.3723 207.1257 1.4477 1.5964 4.0359 -5.8974 1.7150 38.2438 1.3658 0.0724
Car -1 -1 1.8921 312.0078 184.4759 412.3684 243.2771 1.4753 1.5736 3.8414 -6.9915 1.8409 20.7826 1.5709 0.0724
Car -1 -1 5.6129 0.0000 198.1946 143.4694 375.0000 1.5479 1.6249 3.8989 -6.9474 1.8744 7.2466 4.8669 0.0707
Car -1 -1 2.2130 0.0000 201.3229 102.9060 245.1165 1.4432 1.6523 3.7821 -21.9051 2.6292 28.1555 1.5563 0.0696
Car -1 -1 1.6417 75.8243 194.5321 138.9951 238.8694 1.4729 1.7216 4.2476 -19.7037 2.3960 28.4548 1.0402 0.0686
Car -1 -1 1.1445 552.7208 173.9196 596.2693 196.4547 1.5935 1.6509 4.1500 -2.6419 1.6757 53.4536 1.0949 0.0674
Car -1 -1 1.3890 489.4637 176.8743 518.7228 198.7637 1.5421 1.5332 3.5171 -7.8408 1.8505 53.4454 1.2437 0.0663
Car -1 -1 5.3376 0.0000 196.2907 184.4593 320.3339 1.4485 1.7440 4.2184 -8.7712 1.8865 11.3568 4.6911 0.0661
Car -1 -1 2.0680 0.0000 201.6813 98.1165 251.7457 1.4459 1.6489 3.8681 -19.8322 2.5357 25.2341 1.4069 0.0653
Car -1 -1 1.6300 470.5789 175.5751 508.7596 207.7550 1.4874 1.6262 3.9629 -5.8864 1.6300 35.7534 1.4675 0.0629
Car -1 -1 4.7220 467.4918 180.1185 496.7635 207.5611 1.4536 1.5731 3.6675 -7.2506 1.8878 41.1831 4.5484 0.0628
Car -1 -1 4.8390 516.0200 173.9507 538.5941 191.5763 1.5577 1.5722 3.8672 -7.4881 1.6608 65.9514 4.7261 0.0625
Car -1 -1 1.5269 587.7269 172.7186 616.5503 198.4541 1.5411 1.6292 3.9751 -0.5040 1.5330 45.2361 1.5154 0.0606
Car -1 -1 2.0166 58.1311 173.2440 167.1865 219.9931 1.4721 1.6088 3.7120 -16.8680 1.4865 24.7081 1.4224 0.0567
Car -1 -1 5.0489 98.2119 197.3221 180.8728 237.3506 1.4654 1.7154 4.1388 -20.2821 2.6028 31.3302 4.4780 0.0560
Car -1 -1 4.8628 0.0000 179.8996 173.2699 375.0000 1.4637 1.6132 3.9200 -4.9415 1.5468 6.4019 4.2251 0.0556
Car -1 -1 1.6720 446.2268 182.0464 468.8425 199.4113 1.4482 1.5830 3.9122 -13.5266 2.2939 64.3508 1.4653 0.0551
Car -1 -1 1.6280 35.2640 190.6219 85.6477 226.2234 1.4876 1.6671 3.9509 -26.0722 2.3854 34.3563 0.9824 0.0544
Car -1 -1 2.7359 464.0885 175.7911 556.4052 207.6140 1.4442 1.6353 4.1019 -4.7710 1.5932 34.8281 2.6003 0.0535
Car -1 -1 1.5100 425.9424 179.7553 471.2656 218.4546 1.4741 1.6207 4.0680 -6.8447 1.7861 30.4400 1.2902 0.0531
Car -1 -1 1.8587 368.8994 180.7542 463.9444 237.5587 1.4552 1.5789 4.0193 -5.5139 1.7084 21.0867 1.6054 0.0526
Car -1 -1 1.6463 592.0811 179.0824 616.3322 199.6039 1.4732 1.5535 4.0007 -0.3760 1.9664 55.0888 1.6390 0.0520
Car -1 -1 1.6776 499.0430 177.3611 526.1659 200.2867 1.5410 1.5292 3.5236 -6.8170 1.8706 50.9811 1.5450 0.0514
Car -1 -1 1.8819 63.4610 199.7005 145.3185 240.4689 1.4618 1.6671 4.1695 -21.6150 2.7005 31.0540 1.2776 0.0513
Car -1 -1 0.6444 23.6723 176.7229 169.5272 221.6946 1.4744 1.5990 3.8913 -17.4625 1.6113 24.6674 0.0333 0.0512
Car -1 -1 3.2882 478.3065 179.0229 551.3844 206.3395 1.4649 1.6238 3.8112 -5.2009 1.8135 39.9214 3.1590 0.0506
Car -1 -1 3.7540 0.0000 192.0153 36.1834 225.3846 1.4867 1.6800 4.1554 -30.1524 2.4282 34.4024 3.0381 0.0501