Car -1 -1 4.5927 1121.6854 167.6387 1242.0000 265.2762 1.5321 1.6471 4.2832 10.8413 1.4502 13.5809 5.2554 0.9369
Car -1 -1 1.7297 861.3240 178.8076 942.3628 235.0584 1.4380 1.6154 3.7184 8.5245 1.6269 20.8804 2.1117 0.8995
Car -1 -1 4.7475 941.3757 168.7365 982.9466 202.0599 1.5286 1.6919 4.4141 17.3657 1.3397 35.4442 5.1995 0.7617
Car -1 -1 4.6118 1066.1692 158.3941 1121.3363 197.4906 1.6614 1.6722 3.9417 21.9263 1.0470 32.7958 5.1968 0.7553
Car -1 -1 3.9870 921.4326 160.7076 968.0094 180.0872 1.6074 1.6168 3.6250 28.6648 0.5999 61.8142 4.4193 0.1774
Car -1 -1 1.5387 1034.3425 173.9117 1064.5880 198.8611 1.5708 1.5669 3.9615 29.0488 1.6439 47.7186 2.0825 0.1516
Car -1 -1 4.3384 843.0001 169.6096 899.2286 198.0295 1.4798 1.5908 3.8344 14.2488 1.3109 39.5109 4.6818 0.1344
Car -1 -1 1.5732 990.7204 174.8057 1017.1353 197.1398 1.5011 1.5815 3.7792 27.8065 1.6443 50.8893 2.0705 0.1106
Car -1 -1 4.8084 980.6815 168.8052 1004.5679 185.7818 1.4973 1.5686 3.8098 34.8792 1.1402 65.6620 5.2946 0.1018
Car -1 -1 1.0240 991.8210 173.9998 1056.1448 198.9239 1.5773 1.6837 4.3558 27.5122 1.6572 48.0675 1.5408 0.0798
Car -1 -1 4.6328 880.9772 170.0765 915.4838 196.7699 1.4834 1.5587 3.8280 16.8166 1.3291 42.1565 5.0096 0.0778
Car -1 -1 4.9278 943.4745 157.2728 974.0344 177.5487 1.8607 1.7578 4.1926 33.1293 0.4308 68.4062 5.3771 0.0744
Car -1 -1 4.3180 896.2770 167.4718 938.6253 188.9033 1.6052 1.6083 3.9844 23.8540 1.2021 56.0385 4.7183 0.0663
Car -1 -1 2.2468 1037.1263 173.4419 1104.5605 198.3226 1.5599 1.6117 3.8777 29.8447 1.5991 46.6929 2.8123 0.0606
Car -1 -1 -0.6328 856.8280 169.1456 939.2548 197.9048 1.4779 1.6241 3.8580 15.3170 1.2873 38.3528 -0.2558 0.0601
Car -1 -1 1.3012 926.2693 161.6978 961.5228 181.9398 1.6412 1.6763 3.9864 28.0311 0.7367 60.6053 1.7324 0.0593
Car -1 -1 4.8277 903.8595 168.9402 938.6339 196.9933 1.7230 1.6264 3.8666 20.0739 1.4827 46.3990 5.2334 0.0591
Car -1 -1 4.7501 913.0129 168.5630 940.8111 192.1589 1.5152 1.5742 3.6800 21.2826 1.2396 48.3309 5.1624 0.0582
Car -1 -1 1.3656 883.2646 168.8430 930.5459 197.5446 1.5114 1.6263 4.0395 16.4667 1.3001 40.1277 1.7521 0.0518
Car -1 -1 2.3834 996.0690 175.7152 1065.5851 198.5556 1.5155 1.6579 4.1065 28.8708 1.7168 49.4766 2.9087 0.0509