Car -1 -1 4.3731 831.7883 189.7793 1147.3595 375.0000 1.4397 1.6313 3.9208 3.6816 1.6708 7.8299 4.7970 0.9493
Car -1 -1 1.3614 742.9161 185.7516 867.5874 274.7038 1.4252 1.5597 3.5529 3.6111 1.7058 13.8897 1.6096 0.9469
Car -1 -1 1.8225 560.3778 170.5111 615.5383 205.2589 1.6315 1.7378 4.3151 -1.0099 1.5215 36.1744 1.7943 0.9070
Car -1 -1 1.7936 601.7975 175.2289 642.8198 202.7059 1.5591 1.6013 4.1154 0.8202 1.7095 43.5101 1.8119 0.4814
Car -1 -1 4.9028 663.0178 174.5352 691.3112 193.9978 1.5317 1.6108 3.8665 5.5812 1.6745 59.2254 4.9959 0.3575
Car -1 -1 4.5908 806.3932 166.9310 847.9467 195.4366 1.4374 1.6261 4.0874 11.5599 1.1388 38.5350 4.8799 0.2307
Car -1 -1 1.4878 805.6599 164.8387 843.5677 195.0241 1.6131 1.7021 4.1158 12.0872 1.1848 40.7470 1.7739 0.1111
Car -1 -1 2.7289 1014.7682 167.7441 1147.6967 210.4608 1.5575 1.6199 3.9068 17.8204 1.3712 27.4168 3.3001 0.1099
Car -1 -1 1.2933 769.8359 172.4844 802.4570 190.0686 1.5024 1.6536 4.4063 15.5854 1.4708 63.8823 1.5312 0.0909
Car -1 -1 3.4127 600.1921 166.6168 651.0118 185.7069 1.5372 1.6523 3.8861 1.3300 1.0350 59.4543 3.4347 0.0737
Car -1 -1 1.4502 753.8614 170.4229 782.8885 192.2177 1.5463 1.6207 3.9420 11.6750 1.3738 53.2284 1.6647 0.0711
Car -1 -1 1.6635 615.7910 176.8032 646.4334 202.0936 1.5397 1.6113 4.0796 1.4363 1.8070 46.7135 1.6936 0.0696
Car -1 -1 1.8458 580.2083 173.5729 629.1384 203.1001 1.5100 1.6194 4.0265 -0.2067 1.5512 39.1600 1.8401 0.0688
Car -1 -1 3.2327 751.0398 171.2137 811.6858 194.6974 1.6276 1.6532 4.0744 12.2536 1.5139 51.4383 3.4649 0.0578
Car -1 -1 1.8323 656.0709 173.0643 688.6586 193.7390 1.5904 1.6073 4.0424 5.0613 1.6079 57.7243 1.9190 0.0565
Car -1 -1 5.2042 578.5551 162.3436 624.6811 187.4168 1.7182 1.6872 3.8231 -0.5255 0.9980 51.5311 5.1938 0.0551
Car -1 -1 1.3182 812.4965 171.9253 882.2550 209.2956 1.4389 1.6585 4.5234 9.8053 1.4031 30.0878 1.6299 0.0542
Car -1 -1 1.5858 638.1400 176.4040 664.2276 201.6521 1.5388 1.6108 4.0747 2.7205 1.7786 46.6528 1.6432 0.0541
Car -1 -1 4.6781 784.3940 169.4239 817.0951 198.1758 1.5456 1.6432 4.0259 10.7968 1.3612 40.9307 4.9339 0.0531
Car -1 -1 5.2077 523.4905 156.4684 579.9281 190.2469 1.9300 1.7285 3.9052 -3.4204 0.9938 43.3616 5.1292 0.0520
Car -1 -1 -0.1112 586.4321 176.6290 654.6770 202.5655 1.5069 1.6004 3.9302 0.6296 1.7380 43.1948 -0.0973 0.0517
Car -1 -1 1.9592 578.3516 173.6302 633.2868 203.1761 1.5917 1.6842 4.1654 -0.1523 1.6385 41.2364 1.9551 0.0508
Car -1 -1 -0.0260 884.7126 170.0894 1087.6761 238.9999 1.4827 1.5836 4.0920 8.7734 1.4232 17.1125 0.4402 0.0506