Car -1 -1 2.1723 41.7479 198.7687 170.1040 246.5166 1.5485 1.8490 4.5084 -19.4159 2.6389 28.1036 1.5719 0.9462
Car -1 -1 1.9823 270.5931 192.1225 332.5134 223.2688 1.4528 1.6002 3.7870 -16.1036 2.5161 37.9139 1.5828 0.8832
Car -1 -1 1.9120 247.5283 188.7746 288.2125 212.1016 1.6063 1.6459 3.5829 -25.5634 2.8409 54.0926 1.4721 0.2935
Car -1 -1 0.4980 224.2595 191.4529 281.2385 213.2819 1.5322 1.6610 3.3737 -26.2163 2.9234 53.0750 0.0409 0.2069
Car -1 -1 1.6076 131.0824 184.9034 167.2566 214.7611 1.5578 1.5940 3.9160 -26.3812 2.2846 41.4277 1.0433 0.1984
Car -1 -1 1.7260 0.0000 207.1931 54.3072 249.6318 1.4667 1.7327 3.8265 -24.7993 3.0133 30.4078 1.0460 0.1467
Car -1 -1 1.2693 400.8991 185.5880 433.4291 203.7397 1.4964 1.6406 4.2393 -17.3212 2.6802 64.8449 1.0089 0.1383
Car -1 -1 1.5657 258.3829 195.9066 286.0611 221.0535 1.5168 1.6526 3.6622 -23.0088 3.1533 49.2136 1.1300 0.1375
Car -1 -1 1.7349 26.4890 190.6295 80.1873 225.6095 1.5979 1.6028 3.5287 -28.3420 2.5535 36.8591 1.0828 0.1259
Car -1 -1 2.0569 96.5087 181.5728 166.3030 212.0985 1.5105 1.5543 3.7166 -25.5704 2.0017 38.7262 1.4763 0.1258
Car -1 -1 3.8065 0.0000 195.6067 79.1237 228.2416 1.5386 1.6879 3.5893 -28.9359 2.7031 36.0706 3.1339 0.1188
Car -1 -1 1.4279 297.3494 195.8629 338.8754 223.9658 1.4783 1.8144 3.6465 -17.5284 2.9244 43.3152 1.0451 0.1183
Car -1 -1 1.5335 260.5789 195.1089 292.5121 222.4049 1.4997 1.6791 4.0282 -20.9696 2.9661 45.3666 1.1024 0.1128
Car -1 -1 2.1611 58.1965 187.2151 134.9185 216.0827 1.4763 1.5928 3.9698 -28.9697 2.3302 40.8957 1.5477 0.1126
Car -1 -1 1.3644 271.0220 191.1033 336.4461 233.6395 1.5153 1.6671 4.1946 -12.6828 2.3243 29.7891 0.9647 0.1108
Car -1 -1 1.6356 32.2893 188.6590 79.1484 223.3409 1.5278 1.5867 3.4635 -27.0979 2.3441 35.3825 0.9855 0.1100
Car -1 -1 1.6488 10.5491 202.0280 67.8387 240.9186 1.4810 1.7137 4.2156 -26.0399 2.9077 33.0537 0.9853 0.1066
Car -1 -1 1.4624 289.9347 191.5999 332.0420 223.9988 1.5911 1.7244 4.3506 -16.7791 2.7021 40.4435 1.0710 0.1011
Car -1 -1 4.9398 690.8206 163.3251 718.5322 181.9494 1.6964 1.7647 3.8344 8.9699 0.8285 67.8275 5.0705 0.0835
Car -1 -1 1.7702 510.8506 187.2137 544.4497 210.8935 1.4381 1.5494 3.4877 -5.3889 2.4256 47.8136 1.6580 0.0803
Car -1 -1 1.9225 312.5143 187.2391 345.8905 204.2618 1.4504 1.6335 3.8883 -25.8893 2.8202 66.7462 1.5535 0.0778
Car -1 -1 1.7508 257.1969 185.4113 288.1499 209.7358 1.9031 1.6655 4.0124 -28.3530 2.9991 60.8249 1.3160 0.0712
Car -1 -1 0.8715 263.3714 195.1277 337.6768 221.9418 1.4597 1.8180 4.3200 -18.8682 2.8742 44.0339 0.4685 0.0705
Car -1 -1 1.9032 266.8241 194.9418 341.9120 237.4860 1.4289 1.6250 3.4125 -11.6704 2.3338 27.8070 1.5088 0.0676
Car -1 -1 -0.4151 328.6411 190.8241 442.6065 231.2821 1.4413 1.6714 4.1159 -9.0804 2.2238 29.4391 -0.7123 0.0664
Car -1 -1 1.0709 315.5814 195.5381 377.3327 224.1562 1.4726 1.7809 3.8080 -15.3800 2.8570 42.1090 0.7223 0.0649
Car -1 -1 1.6439 31.7845 208.1793 91.9851 249.7899 1.4695 1.7721 3.8564 -23.5564 3.0974 31.1500 1.0003 0.0638
Car -1 -1 1.5780 290.2477 195.1084 324.2736 224.1399 1.4751 1.7395 3.5197 -17.4116 2.8192 41.6212 1.1837 0.0630
Car -1 -1 5.0113 677.9697 173.6625 713.6934 196.2365 1.6478 1.6368 3.8606 6.6014 1.7116 54.9140 5.1299 0.0620
Car -1 -1 2.1342 0.0000 193.5030 68.9912 228.7053 1.5438 1.6871 3.7138 -28.9485 2.6255 35.8589 1.4585 0.0617
Car -1 -1 1.5074 288.1966 190.7690 341.7418 236.3818 1.4577 1.6028 4.0087 -11.0387 2.1792 26.9045 1.1211 0.0605
Car -1 -1 1.5552 275.4756 183.7300 295.5105 200.8018 1.5161 1.6870 3.7930 -30.9173 2.5843 68.7956 1.1340 0.0586
Car -1 -1 3.4798 0.0000 192.8528 64.0557 227.0941 1.5095 1.7046 4.1316 -29.3207 2.5242 35.0948 2.7874 0.0585
Car -1 -1 2.1350 312.2847 195.4646 374.0244 223.1882 1.4728 1.7115 3.8513 -16.0838 2.9087 43.7589 1.7843 0.0579
Car -1 -1 1.6180 0.0000 205.0333 46.9562 250.8847 1.4303 1.7259 4.1786 -22.8239 2.7670 27.7796 0.9348 0.0575
Car -1 -1 1.7871 48.0246 189.2915 105.3656 221.0968 1.5331 1.6519 4.1053 -28.9196 2.4783 39.2783 1.1555 0.0573
Car -1 -1 1.8433 468.9355 188.1802 504.7875 210.8089 1.4456 1.5765 3.5204 -8.5307 2.5552 50.4094 1.6760 0.0548
Car -1 -1 1.9712 17.2487 190.4877 87.4968 221.3039 1.4890 1.6104 3.9470 -30.3182 2.5034 39.3941 1.3183 0.0547
Car -1 -1 1.9940 93.7843 204.7022 172.5762 242.3413 1.4400 1.7241 3.3275 -21.2863 2.9480 32.3877 1.4160 0.0542
Car -1 -1 1.4290 245.8162 187.7881 281.7412 211.9924 1.5135 1.6534 4.4194 -24.1164 2.6012 50.2518 0.9833 0.0532
Car -1 -1 1.2540 268.1436 196.5764 321.1656 225.0270 1.4664 1.7565 3.8637 -18.6221 2.9335 42.5963 0.8437 0.0530
Car -1 -1 1.5885 504.8938 179.8841 524.4049 199.0141 1.5272 1.5686 4.1748 -8.0412 2.1461 61.3538 1.4583 0.0530
Car -1 -1 2.1144 238.4432 189.7632 289.0030 213.1239 1.5559 1.6266 3.7496 -25.2539 2.8393 52.8192 1.6700 0.0519
Car -1 -1 1.4739 449.4337 182.1299 471.7059 200.1592 1.4885 1.5543 3.9777 -13.2184 2.3372 63.8902 1.2704 0.0510
Car -1 -1 3.0262 678.7587 163.3075 725.9407 182.0665 1.7442 1.7106 4.2381 8.7121 0.8566 67.9685 3.1529 0.0501