Car -1 -1 4.9539 382.6665 182.5726 474.0772 238.7237 1.3988 1.5354 3.8892 -4.8161 1.3329 19.8565 4.7187 0.9723
Car -1 -1 5.1242 161.4159 190.6614 392.4232 315.7975 1.4133 1.5434 3.6106 -4.3489 1.5035 10.0930 4.7267 0.9617
Car -1 -1 4.8747 462.4727 180.3009 515.1539 215.1539 1.3341 1.5412 3.6495 -4.7655 1.1460 29.3438 4.7148 0.9251
Car -1 -1 4.7378 573.4277 175.4318 607.3542 205.9015 1.4883 1.6462 3.9126 -0.8204 1.0104 37.0709 4.7155 0.7560
Car -1 -1 5.1296 200.6259 180.0828 330.1471 244.0923 1.4633 1.5939 3.6571 -8.5229 1.3460 18.2730 4.6985 0.5950
Car -1 -1 5.1835 244.6297 167.2650 331.8693 206.5967 1.4392 1.5773 3.7640 -12.4141 0.7824 28.2302 4.7726 0.5142
Car -1 -1 5.4356 0.0000 154.3026 144.7681 260.7377 1.9612 1.7586 4.4247 -12.3686 1.3916 15.5054 4.7706 0.4792
Car -1 -1 5.0276 332.1968 178.1412 408.2379 219.0367 1.4253 1.5697 3.8704 -8.7956 1.1787 26.9912 4.7152 0.4235
Car -1 -1 1.6265 382.2032 173.6625 404.5864 192.9899 1.5331 1.5482 3.7930 -17.5298 0.6167 59.0466 1.3388 0.3587
Car -1 -1 3.5440 274.5064 178.5263 399.1672 219.5883 1.4360 1.6343 3.8997 -9.7339 1.2020 26.0482 3.1895 0.3422
Car -1 -1 4.6525 388.1861 177.0697 417.9460 201.8903 1.4964 1.5815 3.8932 -12.9351 1.0053 45.4375 4.3764 0.2993
Car -1 -1 4.9044 0.0000 203.4599 76.3910 344.2573 1.4841 1.6720 4.2193 -9.0445 1.8054 10.4093 4.2015 0.2938
Car -1 -1 0.6467 0.0000 214.3055 63.2552 355.3616 1.4781 1.6230 4.0518 -9.6019 1.8910 9.0969 -0.1513 0.2306
Car -1 -1 4.5392 433.6197 175.0912 460.4801 194.2728 1.5504 1.5666 3.7794 -13.4268 0.7321 60.1496 4.3202 0.2240
Car -1 -1 3.3185 445.6698 170.3179 510.2071 193.2300 1.4851 1.6707 3.9574 -8.4909 0.5195 47.4312 3.1421 0.2125
Car -1 -1 2.0661 0.0000 211.3730 79.0234 372.1487 1.4515 1.6054 3.6556 -8.4724 1.8540 9.0959 1.3305 0.2084
Car -1 -1 1.9355 144.5727 165.5780 195.7894 193.6278 1.8460 1.6821 4.0015 -29.9728 0.5536 49.4274 1.3926 0.2067
Car -1 -1 1.8541 415.7596 179.0261 470.3946 212.7634 1.6523 1.6413 4.2276 -8.4526 1.3491 37.3664 1.6327 0.1633
Car -1 -1 4.8895 453.7584 168.4433 488.3464 192.7112 1.5718 1.6326 3.8569 -9.1373 0.4855 48.4933 4.7040 0.1499
Car -1 -1 3.4287 443.9844 179.0555 522.6390 207.7329 1.5132 1.6545 3.8935 -6.6855 1.1882 38.9826 3.2596 0.1365
Car -1 -1 5.2138 251.8535 166.4556 319.9763 199.3642 1.6943 1.5898 4.1171 -17.3943 0.7284 39.1298 4.7979 0.1326
Car -1 -1 1.7767 61.4263 169.3272 145.6438 217.7199 1.4854 1.5658 3.6586 -16.7373 0.9977 24.0550 1.1740 0.1314
Car -1 -1 3.5063 424.9179 171.2620 487.4890 194.3722 1.4893 1.5795 3.7187 -9.9346 0.5901 47.3989 3.3006 0.1184
Car -1 -1 2.0496 390.6121 178.1038 455.2807 210.5822 1.5865 1.6269 3.8806 -9.4553 1.2391 37.1894 1.8020 0.1142
Car -1 -1 4.8447 510.8653 164.3210 542.8322 190.9772 1.5973 1.5971 2.8973 -4.9465 0.3452 44.5421 4.7346 0.0946
Car -1 -1 2.1565 271.1745 169.7412 339.3764 198.8454 1.5712 1.5334 4.1565 -17.1281 0.7358 40.9953 1.7629 0.0938
Car -1 -1 1.6906 482.0121 180.3757 523.3942 211.1896 1.5186 1.6642 3.9452 -5.3815 1.2800 37.4173 1.5483 0.0904
Car -1 -1 2.1927 12.8070 168.7980 152.4575 220.6332 1.5278 1.6077 3.9560 -16.7143 1.0439 23.1682 1.5731 0.0901
Car -1 -1 4.7552 485.8203 165.6737 506.8307 185.1938 1.6719 1.6741 3.7196 -9.7673 -0.0020 63.5140 4.6030 0.0884
Car -1 -1 2.1518 220.4026 169.9333 321.5124 212.7372 1.4703 1.5404 3.8191 -12.3623 0.9454 26.6965 1.7218 0.0873
Car -1 -1 4.9177 486.0913 176.7415 531.1727 206.5536 1.5724 1.6964 4.0005 -5.4197 1.1255 39.9709 4.7834 0.0871
Car -1 -1 2.3195 0.0000 200.7656 38.7105 376.0000 1.4830 1.5909 4.1791 -8.2449 1.6907 7.4644 1.5022 0.0841
Car -1 -1 1.9092 376.0151 179.8960 426.3480 205.6900 1.4737 1.6373 4.0696 -12.2977 1.1698 43.1537 1.6329 0.0834
Car -1 -1 0.4447 387.3960 184.9089 473.8703 215.8233 1.5024 1.6474 3.8920 -8.8514 1.4874 36.1383 0.2058 0.0814
Car -1 -1 3.4755 387.0491 177.2690 454.0332 202.1737 1.4959 1.5949 3.6581 -11.4261 1.0186 44.1214 3.2233 0.0809
Car -1 -1 1.8207 373.9661 177.3452 418.3917 202.7862 1.4866 1.6474 4.0749 -12.8723 1.0267 44.0691 1.5378 0.0773
Car -1 -1 5.0049 306.8503 178.0052 385.1544 219.9095 1.4225 1.6222 3.9095 -9.4818 1.1777 26.3946 4.6630 0.0771
Car -1 -1 3.6853 260.9687 173.3285 341.1733 199.4373 1.5365 1.6843 4.1945 -18.4684 0.8369 43.4386 3.2853 0.0738
Car -1 -1 3.3966 466.8504 167.6791 515.3232 185.7404 1.5421 1.6218 3.8674 -10.0528 0.0448 62.3706 3.2372 0.0689
Car -1 -1 1.9256 389.6788 176.7099 437.4946 201.7341 1.4929 1.6092 3.9393 -12.0363 0.9855 44.9235 1.6650 0.0684
Car -1 -1 0.0826 321.1697 178.0776 438.6104 219.9340 1.4517 1.5850 3.9458 -8.1651 1.2042 26.1324 -0.2176 0.0646
Car -1 -1 4.9989 0.0000 201.3584 185.8399 328.3485 1.5038 1.6520 4.3479 -8.1540 1.8125 11.4268 4.3898 0.0631
Car -1 -1 -0.3370 399.7178 177.2035 468.7829 203.0664 1.5163 1.5920 3.7817 -10.5298 1.0466 43.8389 -0.5717 0.0624
Car -1 -1 3.1661 362.6635 176.5916 431.0399 201.9920 1.5163 1.6111 3.9650 -12.8855 1.0014 44.1962 2.8837 0.0619
Car -1 -1 0.6380 256.2115 170.1083 383.9769 213.0316 1.5142 1.6629 4.2620 -10.6465 0.9812 26.7133 0.2620 0.0618
Car -1 -1 3.5560 0.0000 209.6991 73.8277 376.0000 1.4814 1.6042 4.1091 -8.8187 1.8130 8.2127 2.7510 0.0615
Car -1 -1 4.8904 436.4097 176.4534 478.5493 205.1530 1.5048 1.6136 3.8276 -8.1958 1.0454 39.6245 4.6874 0.0596
Car -1 -1 3.6342 0.0000 169.6712 149.3995 218.7832 1.5363 1.6198 3.8465 -17.4753 1.0500 23.5573 3.0013 0.0593
Car -1 -1 4.4119 344.5649 173.3160 382.0681 193.3783 1.5559 1.6885 4.2326 -19.6950 0.6330 57.9597 4.0854 0.0580
Car -1 -1 1.8847 242.2570 168.4543 300.9329 200.0497 1.5502 1.5824 4.0276 -17.3577 0.7278 37.3635 1.4523 0.0576
Car -1 -1 3.5317 318.8600 179.8425 442.7137 218.9036 1.4295 1.6037 4.1907 -8.5434 1.2329 27.2933 3.2308 0.0575
Car -1 -1 0.5364 420.9375 183.6525 502.9668 213.6449 1.5264 1.6378 3.9739 -7.6745 1.4468 38.0161 0.3381 0.0569
Car -1 -1 1.8567 410.7549 178.3498 462.4746 208.7013 1.5358 1.6263 3.9646 -9.0421 1.1884 38.3987 1.6266 0.0566
Car -1 -1 3.5279 208.6146 169.5461 329.7266 208.8105 1.4387 1.5504 3.8474 -12.7198 0.8646 27.2057 3.0942 0.0544
Car -1 -1 3.7019 221.7674 178.3204 334.6031 214.1974 1.4278 1.6053 3.9963 -13.5393 1.1533 29.6724 3.2769 0.0529
Car -1 -1 4.4957 559.7032 173.7301 585.3121 189.9783 1.4862 1.5889 4.0094 -3.3067 0.4356 67.8942 4.4469 0.0529
Car -1 -1 1.5523 310.3984 208.2429 408.3455 296.6329 1.4473 1.7017 4.0804 -5.2266 2.0026 15.1285 1.2245 0.0529
Car -1 -1 4.3315 263.2532 182.8004 620.4174 376.0000 1.4821 1.5882 3.8557 -1.6911 1.4681 6.1881 4.0753 0.0513
Car -1 -1 2.5637 446.3304 184.1850 528.8564 214.1288 1.4884 1.6421 4.0238 -6.2284 1.4372 37.6955 2.4006 0.0510
Car -1 -1 2.0520 315.3340 184.3256 377.1867 212.9066 1.5131 1.5862 3.9525 -14.4838 1.4659 40.1215 1.7073 0.0506
Car -1 -1 2.1444 379.5052 173.8861 425.3261 193.5789 1.5351 1.6362 4.0346 -16.5268 0.6519 58.2051 1.8686 0.0506