Car -1 -1 4.5101 793.3130 185.0597 912.7210 263.5873 1.4570 1.6493 4.4125 5.3374 1.7726 16.3779 4.8189 0.9560
Car -1 -1 3.9369 0.0000 161.9568 345.7690 342.4389 1.6364 1.6557 3.7737 -5.0091 1.5376 7.7932 3.3807 0.8532
Car -1 -1 1.7247 786.4333 174.1832 819.4095 197.6349 1.5336 1.5946 4.0333 13.3258 1.6289 49.5957 1.9853 0.2332
Car -1 -1 1.3084 872.8654 189.9455 986.1491 254.0766 1.4218 1.6737 4.3390 8.4557 1.9367 19.4701 1.7117 0.1454
Car -1 -1 2.2860 0.0000 170.2284 359.6422 375.0000 1.4110 1.5517 3.6991 -4.0597 1.3933 6.8245 1.7658 0.1181
Car -1 -1 0.7832 0.0000 182.8273 289.6689 375.0000 1.3957 1.5838 3.8985 -4.7920 1.4877 5.6651 0.1039 0.1140
Car -1 -1 2.0906 796.9369 173.9108 848.4380 197.2803 1.5068 1.6025 3.9097 14.3921 1.5809 48.6301 2.3763 0.0715
Car -1 -1 0.9892 790.0405 171.4822 847.3311 196.0947 1.5114 1.6511 3.9191 13.3912 1.4272 46.4253 1.2680 0.0559
Car -1 -1 5.2132 0.0000 163.9056 287.2336 371.0284 1.5145 1.6979 4.0506 -4.9170 1.4490 7.3570 4.6403 0.0537
Car -1 -1 4.4611 848.5123 180.2337 911.6033 218.6125 1.4477 1.5635 3.6591 11.1066 1.7724 29.8476 4.8136 0.0527
Car -1 -1 2.1528 0.0000 183.4862 326.0579 375.0000 1.4336 1.5404 3.8546 -3.7320 1.5441 5.5605 1.5830 0.0526
Car -1 -1 2.1495 807.9830 174.7097 864.4006 198.3044 1.4746 1.6080 3.9955 14.8771 1.6011 47.2838 2.4521 0.0502