Car -1 -1 2.1082 16.2431 202.7069 290.2411 341.2953 1.4783 1.5907 3.6403 -6.1761 1.9804 10.3102 1.5793 0.9716
Car -1 -1 4.5624 693.1730 179.0083 789.6404 252.4973 1.4821 1.5909 4.1074 2.9621 1.6445 16.9670 4.7314 0.9422
Car -1 -1 4.9873 350.9819 181.4234 447.3099 239.4419 1.5064 1.6573 4.1175 -6.1036 1.7850 21.4014 4.7122 0.9419
Car -1 -1 -0.6866 1016.3523 157.8505 1242.0000 289.4356 1.6185 1.6758 4.0349 7.9788 1.4340 9.7447 -0.0157 0.8032
Car -1 -1 2.7573 831.3310 157.1284 1036.0936 216.1385 1.4846 1.7133 4.6342 8.4371 1.0890 19.0698 3.1678 0.7734
Car -1 -1 1.7673 446.0377 181.0992 501.0268 219.5012 1.5692 1.6187 4.2941 -6.0585 1.9660 32.5681 1.5843 0.7531
Car -1 -1 1.7475 490.2361 179.1122 525.9582 206.5146 1.5263 1.4888 3.5854 -5.9807 1.9137 42.8412 1.6091 0.7046
Car -1 -1 -0.5657 928.8099 137.7155 1239.8062 234.8501 1.6227 1.7310 4.4384 8.3218 1.0357 12.9282 -0.0042 0.6728
Car -1 -1 5.0339 296.2842 205.7137 411.4859 276.7173 1.4022 1.5731 3.6293 -6.1460 2.2937 17.7549 4.7045 0.5636
Car -1 -1 -0.8311 1162.6753 135.6660 1242.0000 181.3357 1.5484 1.6084 3.6833 21.9045 0.2876 25.4937 -0.1268 0.5225
Car -1 -1 1.2206 436.5992 172.5721 475.6521 192.7176 1.4810 1.6135 4.1026 -11.7760 1.4603 55.2112 1.0111 0.2450
Car -1 -1 1.5495 720.3760 166.6140 745.4319 192.6539 1.5819 1.4806 3.6999 7.7907 1.2028 45.7706 1.7167 0.2224
Car -1 -1 1.7143 472.4499 179.7325 512.8947 209.7108 1.4708 1.5889 3.7064 -6.1233 1.8520 38.1212 1.5556 0.2152
Car -1 -1 1.7268 504.1880 179.0917 535.8104 203.4600 1.5438 1.5103 4.0304 -6.0130 1.9832 48.7945 1.6044 0.2143
Car -1 -1 2.2099 19.4122 189.5567 151.5883 239.8611 1.4201 1.5482 3.7198 -16.8927 2.0073 23.4907 1.5917 0.2129
Car -1 -1 1.8101 465.3520 174.1948 494.8003 192.1755 1.4920 1.6058 3.9421 -11.1209 1.6113 62.1888 1.6336 0.1981
Car -1 -1 1.7397 412.3895 177.4313 450.3829 205.6570 1.5039 1.4941 3.6358 -10.0544 1.7753 40.9157 1.4999 0.1943
Car -1 -1 4.3964 432.5217 177.5652 470.4908 199.9910 1.4790 1.5465 3.5997 -11.0587 1.8204 50.3455 4.1810 0.1884
Car -1 -1 1.6916 523.6135 179.4894 549.6697 201.0925 1.5901 1.5571 3.9443 -5.6562 2.1263 56.3191 1.5915 0.1837
Car -1 -1 4.8106 638.9417 164.2507 663.2104 184.8677 1.7490 1.7254 4.2088 3.6821 1.0192 63.4242 4.8681 0.1630
Car -1 -1 4.5398 479.9762 175.4013 505.4243 192.5948 1.5129 1.6230 4.1428 -10.7789 1.7550 66.3696 4.3791 0.1595
Car -1 -1 1.7870 458.9359 178.8745 508.3103 212.4539 1.5280 1.5658 4.0164 -6.1475 1.8422 35.6076 1.6168 0.1346
Car -1 -1 4.0264 982.4689 151.4504 1049.3728 179.6924 1.7618 1.7042 3.9113 26.4355 0.4266 47.0851 4.5353 0.1296
Car -1 -1 4.2712 757.9666 160.3868 799.6607 183.4807 1.7994 1.7165 4.0412 13.6418 0.8280 58.3763 4.4994 0.1231
Car -1 -1 0.6479 779.3447 175.9637 858.2228 205.3064 1.4629 1.5697 3.8655 11.0814 1.6372 38.4179 0.9263 0.1198
Car -1 -1 -0.3348 942.9561 147.6667 1031.4631 174.9670 1.6246 1.6641 4.4933 23.0029 0.1257 44.0835 0.1435 0.1185
Car -1 -1 1.7009 681.1566 174.4754 702.7584 193.4829 1.6136 1.4260 3.6846 7.2812 1.7608 63.5478 1.8141 0.1016
Car -1 -1 0.5711 378.2492 178.0276 450.5132 207.1660 1.5512 1.5990 3.5912 -10.8586 1.8487 40.1825 0.3084 0.1014
Car -1 -1 2.6221 1003.3421 150.6638 1084.3198 175.3208 1.5541 1.6194 4.2082 27.8343 0.1555 46.3256 3.1604 0.0974
Car -1 -1 1.0518 971.7346 150.3498 1036.3500 180.0632 1.7704 1.7054 4.1312 24.5521 0.4295 45.0751 1.5478 0.0939
Car -1 -1 0.9618 447.9376 174.7251 490.4472 192.6613 1.4719 1.6091 3.9164 -11.9982 1.6365 61.5563 0.7698 0.0934
Car -1 -1 2.7709 863.4250 158.8641 921.2823 177.9722 1.5457 1.6630 4.0953 23.1691 0.4140 59.2001 3.1421 0.0930
Car -1 -1 1.7861 430.0595 182.0231 491.5382 224.8722 1.6476 1.6987 4.1742 -6.2499 2.0649 30.7424 1.5866 0.0926
Car -1 -1 1.7404 446.2756 172.4805 477.4970 193.6166 1.5328 1.6408 4.0427 -11.0835 1.5057 54.3706 1.5399 0.0924
Car -1 -1 4.2626 932.8051 147.1248 989.2891 176.2373 1.7272 1.6924 3.6999 21.6819 0.2007 44.6574 4.7120 0.0919
Car -1 -1 2.1100 196.5003 202.7811 357.7029 279.4891 1.4332 1.6501 3.9433 -7.6922 2.2297 17.1445 1.6934 0.0918
Car -1 -1 3.1795 717.9426 168.2455 787.0900 193.9402 1.5382 1.6334 4.1078 8.8171 1.2623 44.4628 3.3737 0.0894
Car -1 -1 4.8687 833.5247 162.6472 862.2596 184.5914 1.7707 1.6754 4.0752 19.9849 0.9471 60.4168 5.1865 0.0891
Car -1 -1 4.8056 694.1444 161.6863 751.2993 207.6588 1.4681 1.6103 3.8799 4.0063 1.1114 25.1197 4.9615 0.0869
Car -1 -1 0.9146 0.0000 188.8398 113.4669 238.1281 1.4193 1.6133 4.0121 -18.0751 1.9548 22.8895 0.2517 0.0850
Car -1 -1 -0.3990 1186.6448 132.8655 1242.0000 181.4938 1.5573 1.6562 4.2100 22.5580 0.2767 24.5856 0.3377 0.0824
Car -1 -1 0.3742 198.1124 205.8015 396.8613 274.0462 1.4565 1.6699 3.9963 -7.2878 2.2789 17.1306 -0.0231 0.0823
Car -1 -1 2.4764 1162.1172 137.6617 1242.0000 180.8466 1.5292 1.6429 4.0571 22.9503 0.2830 26.4599 3.1856 0.0822
Car -1 -1 4.9073 820.9686 177.2807 866.9400 206.7741 1.4479 1.6170 3.7494 12.4044 1.6938 38.0623 5.2196 0.0806
Car -1 -1 1.9824 245.7097 200.5834 398.0946 285.1082 1.4987 1.6471 4.0562 -6.2543 2.2012 16.2138 1.6190 0.0758
Car -1 -1 1.3700 411.1046 175.0679 452.0457 202.5298 1.5019 1.5395 4.0285 -10.3920 1.6372 41.9572 1.1283 0.0750
Car -1 -1 1.2676 623.9391 178.0420 658.7706 198.4659 1.4978 1.6006 3.9279 2.4308 1.9162 56.0879 1.3102 0.0745
Car -1 -1 -0.6817 912.5409 151.2016 1100.1740 213.3446 1.5373 1.6708 4.2555 10.4305 1.0016 19.0670 -0.1878 0.0739
Car -1 -1 2.6363 632.6575 182.5884 705.3375 210.5612 1.4856 1.5644 3.8233 3.3700 2.0572 40.8641 2.7174 0.0680
Car -1 -1 2.7576 913.0023 153.6014 989.5020 180.9118 1.6311 1.7003 3.8650 20.8095 0.4813 44.0494 3.1963 0.0680
Car -1 -1 3.5733 787.0984 174.4237 870.5941 202.5513 1.5408 1.6476 4.3362 12.6584 1.6362 41.8066 3.8650 0.0678
Car -1 -1 3.3246 824.5271 175.8395 907.2428 205.8175 1.4536 1.6060 3.7646 13.1112 1.6133 36.9460 3.6627 0.0660
Car -1 -1 4.8510 511.6010 174.2011 543.2045 199.6845 1.7026 1.6510 4.0306 -5.7018 1.8006 50.4589 4.7387 0.0652
Car -1 -1 -0.9828 985.8130 150.7612 1057.6866 181.5825 1.8354 1.7524 4.3590 25.5629 0.5198 44.7305 -0.4665 0.0644
Car -1 -1 1.7633 432.2384 173.8528 465.7818 196.6537 1.5976 1.6436 4.0573 -11.6974 1.6735 52.7844 1.5459 0.0635
Car -1 -1 3.9519 1052.3735 156.3084 1242.0000 310.7262 1.6009 1.6881 4.1088 8.1005 1.4294 9.5922 4.6377 0.0635
Car -1 -1 5.1710 697.8685 173.8457 743.2775 196.5985 1.5331 1.6176 3.8715 7.8583 1.6058 50.8457 5.3230 0.0627
Car -1 -1 0.9706 1174.9398 135.5642 1242.0000 183.0173 1.5421 1.6233 3.5949 21.9241 0.3303 25.3220 1.6786 0.0618
Car -1 -1 4.2045 860.6897 160.6104 902.0767 180.6602 1.6149 1.6423 3.6651 22.5742 0.6287 60.0502 4.5623 0.0617
Car -1 -1 0.5528 482.9099 179.3888 545.8040 203.7073 1.5754 1.6168 3.9916 -6.4861 2.0344 49.1320 0.4218 0.0613
Car -1 -1 4.4853 818.1528 162.4887 850.2012 182.3899 1.5488 1.6368 3.8313 18.0504 0.7421 58.1238 4.7848 0.0582
Car -1 -1 0.2137 432.8719 173.0870 488.0853 193.4453 1.5203 1.5968 3.8487 -11.2764 1.5382 54.7206 0.0112 0.0581
Car -1 -1 4.5732 128.7150 175.9722 417.9084 375.0000 1.5070 1.5506 3.8596 -2.9622 1.5411 5.8529 4.1217 0.0568
Car -1 -1 4.8015 497.0885 173.0075 529.4649 199.2881 1.5610 1.6389 4.0557 -5.9509 1.5710 44.9426 4.6703 0.0567
Car -1 -1 0.5941 827.5971 170.4571 893.2862 194.2192 1.4718 1.5367 3.8019 16.1799 1.3233 46.6717 0.9256 0.0562
Car -1 -1 4.3811 1171.5645 135.4779 1242.0000 181.5537 1.5456 1.7112 4.1530 22.4051 0.2918 26.4489 5.0786 0.0553
Car -1 -1 1.4140 635.1333 177.7171 666.9530 201.0208 1.6292 1.7250 4.1281 3.0313 2.0041 53.4776 1.4699 0.0550
Car -1 -1 4.2567 864.6461 158.1649 906.5715 179.7709 1.6418 1.6323 3.6494 21.6505 0.5256 56.7223 4.6195 0.0548
Car -1 -1 -0.0960 626.8287 164.5210 678.1329 182.8012 1.5517 1.6560 4.2714 3.6708 0.8444 62.1551 -0.0375 0.0545
Car -1 -1 4.5464 668.3016 162.9182 732.2227 208.0215 1.4755 1.6024 3.9468 3.1339 1.1504 25.6117 4.6663 0.0542
Car -1 -1 4.8946 768.0333 172.5844 805.1345 197.5372 1.4874 1.5836 3.8546 11.1001 1.4714 45.0930 5.1340 0.0540
Car -1 -1 1.5288 686.4867 185.9512 730.9576 226.1808 1.4758 1.6417 3.9272 4.0358 2.0540 29.8208 1.6613 0.0534
Car -1 -1 3.0371 689.1950 162.5654 809.6960 209.1316 1.4893 1.5781 3.7868 4.5776 1.1602 24.0161 3.2227 0.0524