Car -1 -1 4.5890 635.2404 177.9183 706.9980 230.0416 1.4321 1.6832 4.2616 1.8081 1.6046 22.4116 4.6677 0.9688
Car -1 -1 2.6059 884.9301 163.1840 1242.0000 292.7985 1.4848 1.5629 3.6589 5.5817 1.3741 9.0507 3.1435 0.9371
Car -1 -1 -0.7049 931.8112 191.7705 1242.0000 375.0000 1.5040 1.6302 4.0377 5.3762 1.7043 6.7197 -0.0523 0.7803
Car -1 -1 0.4187 194.9959 183.0999 404.0562 246.9415 1.3710 1.6212 4.1270 -7.0356 1.6194 16.6306 0.0238 0.7693
Car -1 -1 0.3917 322.5618 177.1330 450.4233 228.5333 1.6491 1.6248 3.7806 -7.4584 1.7991 24.3046 0.0965 0.7353
Car -1 -1 3.4327 263.0431 190.8041 437.2439 248.3308 1.4049 1.3775 4.0661 -6.6971 1.8942 18.8894 3.0959 0.7161
Car -1 -1 4.6425 616.8181 176.2173 652.1362 205.4398 1.4241 1.5697 3.7392 1.2499 1.6077 37.4971 4.6750 0.7130
Car -1 -1 0.1846 294.9522 182.5783 437.1711 235.1134 1.4770 1.5204 3.8268 -7.2127 1.7826 21.6672 -0.1336 0.2650
Car -1 -1 3.4388 368.7451 171.8375 480.9134 208.8391 1.4958 1.6235 4.2401 -7.6475 1.4547 30.0843 3.1916 0.2495
Car -1 -1 4.6075 647.8945 173.6370 670.4338 191.3092 1.5248 1.6046 3.8897 4.3977 1.5968 64.4029 4.6751 0.2387
Car -1 -1 3.4677 158.3565 171.2102 258.1857 205.4455 1.4328 1.5408 3.4671 -17.3117 1.3640 31.2596 2.9653 0.2264
Car -1 -1 4.5498 461.7153 175.0000 499.3969 202.4243 1.4902 1.5572 3.6904 -7.4621 1.6197 41.5207 4.3727 0.2183
Car -1 -1 4.3166 633.1844 172.0695 668.6637 192.3995 1.6198 1.5784 3.7943 3.3758 1.5573 59.5395 4.3726 0.2103
Car -1 -1 1.9243 291.1529 180.8686 388.9159 233.7284 1.4382 1.5783 3.7445 -8.1198 1.7043 22.0763 1.5753 0.1962
Car -1 -1 3.4707 241.4851 183.2980 387.8095 235.1004 1.4630 1.5622 3.7508 -8.7428 1.7885 21.6079 3.0901 0.1893
Car -1 -1 4.5987 654.3023 170.5865 682.8374 193.1570 1.5867 1.6203 4.1027 4.2784 1.4273 52.8018 4.6788 0.1778
Car -1 -1 3.3140 457.6154 177.1651 517.3571 200.1929 1.5012 1.6480 3.7047 -8.1183 1.7940 48.1840 3.1476 0.1686
Car -1 -1 3.9259 0.0000 222.1393 70.2094 375.0000 1.4576 1.6008 3.9244 -6.8151 1.9068 5.6365 3.0696 0.1613
Car -1 -1 -0.9963 1118.5441 207.2021 1242.0000 375.0000 1.4704 1.6162 4.0330 5.5216 1.7243 4.2911 -0.1198 0.1462
Car -1 -1 1.3805 515.6539 175.5573 542.6065 193.1554 1.4925 1.6301 4.1068 -7.1744 1.7408 64.0746 1.2692 0.1460
Car -1 -1 1.7826 490.8505 170.9645 523.9015 193.0907 1.5181 1.5653 3.8024 -7.2452 1.3884 51.4573 1.6431 0.1437
Car -1 -1 3.0478 428.1189 176.9189 499.2349 204.6306 1.4807 1.6014 3.7552 -8.1479 1.7148 40.2447 2.8489 0.1425
Car -1 -1 1.6480 464.5487 182.9020 500.4116 211.9911 1.4477 1.6232 3.8654 -6.8705 2.0227 39.2922 1.4755 0.1414
Car -1 -1 5.1141 195.9642 168.4935 272.9503 203.3936 1.4787 1.6317 4.0146 -16.8546 1.2940 32.6325 4.6405 0.1349
Car -1 -1 1.9022 0.0000 217.9517 70.5509 375.0000 1.4482 1.5753 3.6667 -5.9506 1.9494 6.0243 1.1450 0.1347
Car -1 -1 5.0265 441.2719 178.4573 500.9878 211.8451 1.4765 1.6750 3.9282 -6.5719 1.7615 34.6520 4.8400 0.1228
Car -1 -1 3.6559 1170.4677 209.8813 1242.0000 375.0000 1.4959 1.6190 3.9659 4.6854 1.7480 2.8714 4.6311 0.1160
Car -1 -1 4.5201 487.8046 176.6008 521.0494 199.8864 1.4990 1.5775 3.5917 -7.1777 1.7638 49.0348 4.3752 0.1103
Car -1 -1 4.7508 514.1295 170.1342 536.5115 189.4199 1.6020 1.7403 4.6064 -7.2366 1.3761 62.2983 4.6354 0.1088
Car -1 -1 5.1367 330.0265 167.6724 383.3727 193.5843 1.5178 1.6282 3.8774 -15.4448 1.2143 44.2678 4.8026 0.0956
Car -1 -1 4.2654 1127.0034 158.0680 1242.0000 210.1543 1.5010 1.5673 3.6924 18.1047 1.0749 22.7646 4.9308 0.0955
Car -1 -1 3.6270 404.3352 179.3887 495.2907 212.1816 1.4528 1.6356 3.8387 -7.4617 1.7705 33.7818 3.4108 0.0954
Car -1 -1 1.5870 613.0480 176.4655 643.7027 207.0831 1.6033 1.6275 4.1501 1.0863 1.8160 40.3881 1.6132 0.0939
Car -1 -1 4.8130 416.3852 179.1537 460.3431 212.4478 1.4691 1.6456 4.1129 -8.1903 1.7916 34.7952 4.5831 0.0919
Car -1 -1 4.8637 603.9512 169.8269 640.3188 197.2164 1.5443 1.6005 3.7576 0.7869 1.3736 42.6686 4.8816 0.0914
Car -1 -1 4.8887 436.6570 174.4335 490.8144 211.8396 1.5075 1.6202 3.9344 -6.2370 1.5802 31.2287 4.6927 0.0901
Car -1 -1 2.2340 246.7491 184.7118 382.4669 243.5544 1.4709 1.5743 3.8776 -8.4132 1.8496 20.9581 1.8562 0.0893
Car -1 -1 1.8889 169.6533 170.7340 233.2924 203.9391 1.6199 1.6647 4.0624 -21.0304 1.5164 37.3517 1.3789 0.0861
Car -1 -1 -0.1061 471.9002 176.1934 541.6949 203.2738 1.4670 1.6100 3.7418 -5.8024 1.6608 40.6320 -0.2474 0.0859
Car -1 -1 5.2651 0.0000 216.3283 40.6139 375.0000 1.4736 1.6002 3.8985 -5.5530 1.8819 4.6794 4.4228 0.0847
Car -1 -1 4.1376 441.7578 178.2632 500.3241 202.8532 1.4901 1.6787 4.2661 -9.0188 1.8566 46.7759 3.9478 0.0805
Car -1 -1 3.7418 464.4916 171.8132 521.6792 193.2869 1.4713 1.5754 3.7530 -8.2280 1.4000 50.9494 3.5822 0.0735
Car -1 -1 4.9697 0.0000 215.7894 277.7955 375.0000 1.4735 1.6233 3.4239 -4.3009 1.9921 6.8436 4.4252 0.0726
Car -1 -1 4.7703 652.6852 168.4754 676.2100 190.8333 1.7917 1.7098 4.2440 4.5997 1.4408 60.0390 4.8460 0.0722
Car -1 -1 3.7896 90.3760 175.1761 216.1913 220.3184 1.5060 1.5351 3.4821 -15.8119 1.5898 25.0882 3.2318 0.0719
Car -1 -1 0.1751 188.7594 171.1761 295.3649 205.9331 1.4606 1.5473 3.9503 -16.0128 1.3901 31.6288 -0.2904 0.0714
Car -1 -1 4.0682 452.7274 174.8484 511.9729 199.3094 1.5827 1.7205 4.3248 -8.6974 1.7243 49.1343 3.8936 0.0710
Car -1 -1 2.1310 487.0971 172.9877 538.7085 196.5215 1.6283 1.6119 4.3989 -6.9446 1.6385 52.2862 1.9992 0.0700
Car -1 -1 -0.0067 638.4724 173.4881 684.4196 190.5123 1.4664 1.5262 3.9599 4.5281 1.5226 63.1049 0.0642 0.0674
Car -1 -1 4.8730 0.0000 206.7830 214.3940 375.0000 1.4667 1.6317 4.0283 -5.2025 1.9217 7.5054 4.2829 0.0665
Car -1 -1 1.4267 694.0991 191.6721 756.0944 237.5813 1.4386 1.6609 3.8428 4.0996 2.1701 26.1199 1.5797 0.0651
Car -1 -1 2.3572 126.3897 177.1352 226.2490 212.8699 1.5518 1.6252 4.0676 -20.3083 1.7666 34.0260 1.8224 0.0633
Car -1 -1 2.2222 382.4613 167.7337 432.2491 188.6106 1.5816 1.6876 4.0081 -15.8742 1.1937 56.8354 1.9509 0.0628
Car -1 -1 3.9760 483.9372 168.3451 533.6663 187.6676 1.5954 1.7105 4.3769 -8.6325 1.2231 61.6344 3.8372 0.0625
Car -1 -1 4.4833 663.7746 171.4195 700.0474 196.0634 1.5449 1.5643 3.6479 4.6842 1.4549 47.1417 4.5813 0.0624
Car -1 -1 1.7527 395.4222 176.7694 449.5637 212.2227 1.4555 1.6275 3.9655 -8.2470 1.6407 32.1041 1.5029 0.0610
Car -1 -1 4.4303 692.7404 183.9672 778.3179 236.5288 1.4380 1.6041 3.8625 3.8378 1.8171 22.6022 4.5955 0.0600
Car -1 -1 1.7567 640.6354 173.8784 670.7407 193.5502 1.5102 1.6483 4.2824 3.7411 1.5956 57.9076 1.8205 0.0582
Car -1 -1 3.7301 151.2718 184.2247 240.2493 212.5836 1.4660 1.6199 3.9391 -22.3293 2.0956 39.0071 3.2129 0.0578
Car -1 -1 4.8279 488.3734 177.0480 519.3547 201.0226 1.4951 1.5859 3.8449 -6.9342 1.7832 47.6217 4.6837 0.0572
Car -1 -1 0.9481 1070.7992 227.1934 1242.0000 375.0000 1.4652 1.5744 3.5991 4.0203 1.8834 3.6463 1.7413 0.0557
Car -1 -1 1.6587 364.1229 177.2247 423.8608 230.7585 1.6451 1.6006 3.7403 -7.2337 1.8055 24.4882 1.3739 0.0556
Car -1 -1 2.0501 440.9023 182.1035 502.6975 212.6526 1.4673 1.6284 3.7722 -7.1752 1.9798 37.9336 1.8640 0.0556
Car -1 -1 0.9669 386.0620 180.1322 466.2475 214.6146 1.4855 1.6482 4.0332 -8.6442 1.8466 33.8528 0.7183 0.0552
Car -1 -1 1.5512 411.1461 170.3716 430.0981 186.6370 1.4827 1.6484 4.1394 -17.8267 1.2564 67.9902 1.2955 0.0550
Car -1 -1 3.2370 479.0117 171.5121 534.3516 193.3891 1.5147 1.5417 3.7269 -7.2119 1.4218 50.8109 3.0964 0.0530
Car -1 -1 4.9909 471.4869 176.4866 511.8275 200.7131 1.4916 1.5869 3.8741 -7.6361 1.7386 47.0448 4.8305 0.0529
Car -1 -1 4.5424 366.7461 170.7561 398.7628 192.4687 1.5360 1.6057 3.9656 -16.7459 1.3876 53.1752 4.2385 0.0528