Car -1 -1 4.8213 545.5839 173.9438 581.2750 202.8486 1.5791 1.6208 4.0441 -2.6125 1.6451 41.6301 4.7586 0.8159
Car -1 -1 4.5618 668.7000 178.1870 739.2753 228.6809 1.4244 1.6161 3.8954 2.8817 1.6070 22.7386 4.6855 0.7079
Car -1 -1 4.5518 689.3545 145.6225 800.2445 236.0548 1.8832 1.8482 4.6142 3.0726 1.3161 17.3429 4.7235 0.6739
Car -1 -1 4.6286 654.6966 176.3746 696.2559 209.2811 1.4452 1.6117 4.0922 3.0633 1.6220 34.1779 4.7167 0.5283
Car -1 -1 4.6789 635.8798 172.7519 656.1771 191.7915 1.5639 1.5874 3.8517 3.0662 1.5555 61.2044 4.7283 0.2672
Car -1 -1 4.6517 666.1831 176.2188 713.8168 218.0360 1.4944 1.5980 3.7575 3.0592 1.6339 28.0068 4.7587 0.2344
Car -1 -1 3.3634 501.6185 175.5766 576.9523 203.6827 1.5326 1.5756 3.9664 -3.9239 1.6896 40.5748 3.2671 0.1866
Car -1 -1 4.2829 627.0588 169.4663 671.2642 193.9679 1.6462 1.5964 3.9367 2.7302 1.4185 50.6007 4.3361 0.1700
Car -1 -1 4.4689 632.0468 164.0433 660.4114 182.0296 1.6247 1.6957 4.1296 3.3869 0.8288 67.3640 4.5187 0.1121
Car -1 -1 -0.2872 681.5558 157.3605 843.8228 220.5586 1.5235 1.6170 3.7299 3.8236 1.1500 18.3587 -0.0856 0.1056
Car -1 -1 4.7033 627.0898 181.8171 683.8290 233.9715 1.4432 1.6248 3.9608 1.4177 1.7500 22.6801 4.7641 0.0887
Car -1 -1 4.5978 630.8889 174.8749 682.8008 216.7093 1.5124 1.5788 3.9169 1.7841 1.5972 28.2750 4.6596 0.0878
Car -1 -1 1.4296 651.6899 177.8806 696.8030 209.9418 1.4658 1.6471 4.1605 3.1439 1.7298 35.7761 1.5160 0.0822
Car -1 -1 4.5452 622.8315 177.6295 670.7616 210.9710 1.4541 1.6099 4.0143 1.6996 1.6940 34.1546 4.5940 0.0821
Car -1 -1 1.6632 649.2617 176.8920 701.4849 220.7186 1.4910 1.5907 3.8786 2.5244 1.6534 26.9768 1.7549 0.0811
Car -1 -1 -0.0581 719.2137 149.6600 813.1783 183.5672 1.5994 1.6596 4.3820 7.5645 0.5053 35.1868 0.1519 0.0791
Car -1 -1 3.2680 529.6699 167.8617 576.7352 183.7814 1.4859 1.6261 4.2676 -5.3085 1.0199 68.2609 3.1905 0.0776
Car -1 -1 -0.2454 643.9294 170.0379 708.0494 193.3105 1.5630 1.6940 4.1007 4.5446 1.3739 49.6124 -0.1549 0.0753
Car -1 -1 -0.3273 676.0436 176.0237 824.0906 229.1487 1.5239 1.6747 4.0978 4.2182 1.6252 21.9471 -0.1406 0.0741
Car -1 -1 1.2592 627.4871 181.6139 670.9302 206.9043 1.4608 1.5795 3.9476 2.4351 2.0358 45.2490 1.3121 0.0700
Car -1 -1 2.8497 623.5535 171.9922 674.2408 190.7395 1.5232 1.6120 3.9003 3.2527 1.4532 59.8692 2.9034 0.0671
Car -1 -1 -0.1577 664.4982 173.9156 775.2789 214.7978 1.4861 1.5964 3.9050 4.0826 1.5272 27.0899 -0.0103 0.0664
Car -1 -1 0.0737 649.1437 181.2575 716.5878 206.4557 1.4587 1.6788 3.9538 4.4644 1.9815 43.7190 0.1742 0.0634
Car -1 -1 4.8424 614.5860 165.2312 701.2968 237.6783 1.5863 1.6474 3.7752 1.2957 1.4194 17.8128 4.9130 0.0615
Car -1 -1 -0.2804 656.8954 177.2941 753.4580 210.1481 1.4353 1.5856 4.0858 4.3293 1.6446 32.9095 -0.1513 0.0594
Car -1 -1 1.1550 644.9132 181.5825 695.5638 208.0735 1.4518 1.6551 3.6592 3.5534 1.9945 42.8613 1.2366 0.0571
Car -1 -1 1.5629 651.7596 181.4378 679.2280 206.8002 1.4585 1.6263 3.7366 3.4473 2.0132 44.7106 1.6388 0.0570
Car -1 -1 2.9724 716.1781 149.0044 803.5442 180.1572 1.6586 1.6754 4.4403 8.1367 0.3888 39.3257 3.1749 0.0565
Car -1 -1 1.6199 625.3412 180.8752 659.3013 212.3093 1.4734 1.5422 3.9377 1.7195 1.9061 36.8913 1.6655 0.0563
Car -1 -1 1.7205 646.5440 181.9478 685.5150 210.8860 1.4664 1.6099 3.6950 3.1578 1.9929 39.7898 1.7985 0.0561
Car -1 -1 1.3237 670.0342 175.7707 738.9685 221.2519 1.5062 1.5720 3.8200 3.3538 1.6199 26.1418 1.4492 0.0553
Car -1 -1 4.8472 757.0587 153.5648 811.4041 193.9797 1.5284 1.6375 3.9795 7.1851 0.7989 29.4381 5.0840 0.0539
Car -1 -1 3.3194 604.6530 170.8763 665.8096 193.8341 1.5423 1.6225 3.9848 1.7836 1.4094 49.6867 3.3547 0.0532
Car -1 -1 3.0953 638.5380 177.0665 782.6733 226.9237 1.4914 1.6640 4.3474 3.1273 1.6303 22.7751 3.2293 0.0514