Car -1 -1 4.5014 725.7170 173.9943 826.0008 239.6138 1.4388 1.5587 4.1283 3.9957 1.4705 17.9599 4.7161 0.9528
Car -1 -1 4.3036 832.5573 173.8541 1242.0000 375.0000 1.4892 1.6051 4.0666 2.9617 1.4996 5.3745 4.7834 0.9440
Car -1 -1 4.8257 520.3103 175.3026 598.5067 240.8518 1.5690 1.6641 3.6548 -1.2431 1.6408 19.2763 4.7614 0.9395
Car -1 -1 3.9396 0.0000 203.7797 195.8296 327.9709 1.4485 1.6642 3.7750 -8.0603 1.9245 10.0283 3.2754 0.9263
Car -1 -1 4.5936 710.9297 175.7333 774.9538 225.4451 1.4970 1.6306 3.7127 4.3243 1.5997 23.8485 4.7702 0.8401
Car -1 -1 4.5917 693.5734 170.3340 739.0526 208.8175 1.7393 1.6653 4.1172 5.0666 1.6254 34.6873 4.7350 0.7145
Car -1 -1 4.8199 580.3020 178.8657 621.0887 214.0606 1.5016 1.5123 3.4409 -0.3613 1.7929 33.1799 4.8084 0.5814
Car -1 -1 4.7923 540.7695 179.4720 599.8637 230.6849 1.5634 1.6919 3.7637 -1.2524 1.8049 24.4247 4.7409 0.5787
Car -1 -1 5.0016 518.1320 165.3035 555.3167 189.7106 1.5345 1.5588 3.2181 -4.7167 1.0598 47.0915 4.9020 0.3978
Car -1 -1 4.9301 618.1516 170.6436 644.9203 187.8255 1.5415 1.6480 4.0338 2.0699 1.3432 66.8921 4.9606 0.3408
Car -1 -1 3.3663 529.6194 164.2427 594.0375 186.4399 1.5288 1.6604 4.2671 -3.3425 0.9357 50.8524 3.3008 0.3231
Car -1 -1 1.7645 582.4747 177.0223 624.9514 207.2152 1.4416 1.4756 3.7758 -0.2492 1.6668 36.9929 1.7572 0.2431
Car -1 -1 1.5462 584.1009 179.5460 620.0854 214.7911 1.5653 1.6333 4.2053 -0.4137 1.9095 34.9855 1.5338 0.2217
Car -1 -1 0.3399 522.0087 159.8827 591.4408 184.8788 1.5475 1.6458 4.1011 -3.3566 0.7445 46.0059 0.2672 0.1792
Car -1 -1 1.3961 551.7462 159.6313 586.5372 184.9668 1.5720 1.6149 3.7986 -2.6619 0.7516 46.8040 1.3394 0.1524
Car -1 -1 5.0090 533.1098 164.6522 572.5488 187.5598 1.5825 1.6771 4.2098 -4.0438 1.0159 52.0830 4.9316 0.1498
Car -1 -1 1.5762 689.0254 175.9031 733.0648 218.1572 1.5292 1.6031 3.9198 4.0069 1.6582 28.4636 1.7141 0.1045
Car -1 -1 0.0138 519.9283 178.7368 616.1264 214.9112 1.5536 1.6635 4.1771 -1.8362 1.8238 32.2101 -0.0433 0.1026
Car -1 -1 4.3718 744.9337 167.1045 800.2050 201.7448 1.7207 1.6548 3.7534 8.4734 1.4351 37.8049 4.5902 0.1011
Car -1 -1 0.0447 527.6016 162.7065 592.1153 185.4510 1.6325 1.7166 4.6277 -3.5894 0.9042 52.7019 -0.0233 0.0990
Car -1 -1 4.5279 684.9224 163.2059 723.0643 191.8361 1.7175 1.6545 4.0456 5.8832 1.1387 45.3497 4.6557 0.0942
Car -1 -1 1.7314 528.8865 182.4257 605.6151 239.1265 1.4747 1.6324 4.1979 -1.1646 1.7911 21.6742 1.6775 0.0820
Car -1 -1 3.3661 474.7037 182.0365 600.6084 233.0439 1.5554 1.6753 3.7938 -2.2865 1.8676 23.4604 3.2693 0.0784
Car -1 -1 3.6773 569.3929 168.9410 627.4640 190.6730 1.5555 1.6686 4.0029 -0.8341 1.2754 53.3622 3.6614 0.0769
Car -1 -1 1.5696 713.7844 174.5838 759.8828 216.3161 1.4889 1.6390 3.8337 4.9159 1.5607 27.9388 1.7414 0.0743
Car -1 -1 -0.4935 151.2031 180.0525 544.4999 352.2162 1.4700 1.5627 3.9722 -2.7672 1.5726 8.3008 -0.8068 0.0735
Car -1 -1 1.5125 595.9357 178.4234 660.6023 236.3036 1.5293 1.6702 4.2997 0.4669 1.7133 21.6638 1.5329 0.0708
Car -1 -1 4.9435 4.0846 184.0841 101.0218 242.2146 1.5278 1.5484 3.2741 -16.4550 1.8902 21.4731 4.2954 0.0702
Car -1 -1 -0.5076 708.9745 164.8110 816.8945 203.4364 1.4975 1.6370 4.0046 6.2248 1.1857 29.3499 -0.3010 0.0694
Car -1 -1 1.4631 680.4536 165.9742 710.3454 191.1424 1.6833 1.6485 3.9090 5.9338 1.2231 50.2188 1.5797 0.0683
Car -1 -1 4.6857 718.0927 165.4165 760.2944 203.9182 1.4955 1.6131 3.6822 5.3269 1.2066 29.9649 4.8596 0.0658
Car -1 -1 4.7578 676.2517 169.9146 701.0104 193.5761 1.6842 1.6441 4.0418 5.8930 1.4750 53.4813 4.8665 0.0656
Car -1 -1 4.8467 589.9480 174.9139 630.1649 205.0942 1.5577 1.6611 4.2272 0.0826 1.6775 39.7492 4.8482 0.0618
Car -1 -1 -0.1711 700.4178 166.6866 791.5412 204.4159 1.7027 1.6635 3.9175 6.2644 1.4244 33.4188 0.0121 0.0609
Car -1 -1 -0.7185 216.5768 191.6989 519.6494 329.0431 1.4291 1.6071 3.9253 -3.1437 1.7493 10.1714 -1.0119 0.0602
Car -1 -1 4.6402 599.6537 171.4714 624.3120 193.7070 1.5964 1.5726 3.6386 0.1502 1.4971 53.6711 4.6427 0.0592
Car -1 -1 4.5719 518.0069 181.9928 585.8881 235.1961 1.5416 1.6842 3.8816 -1.9726 1.8681 23.7002 4.4890 0.0563
Car -1 -1 4.6564 742.5499 158.2148 774.4443 185.2194 1.5294 1.6325 3.8944 8.8117 0.7003 42.9076 4.8574 0.0538
Car -1 -1 4.7716 0.0000 177.0071 213.9645 375.0000 1.4943 1.5943 3.8680 -4.4993 1.5432 6.4221 4.1793 0.0533
Car -1 -1 4.6576 513.1292 167.4971 552.9122 202.6089 1.4604 1.5541 3.5229 -3.4257 1.2376 31.8746 4.5510 0.0514
Car -1 -1 0.5121 57.9370 178.2524 202.7977 224.3022 1.4920 1.5629 3.8258 -16.1780 1.6820 24.4969 -0.0667 0.0504