Car -1 -1 4.3567 763.7997 188.8290 1039.7408 366.0602 1.5517 1.6837 3.7866 3.1124 1.7838 8.5712 4.6926 0.9530
Car -1 -1 4.6050 666.7806 182.4568 720.5877 225.9024 1.4630 1.5886 3.7959 3.0816 1.8482 27.0392 4.7165 0.9216
Car -1 -1 1.6225 463.7489 181.6832 527.6997 239.1051 1.4642 1.6231 3.6714 -3.2116 1.7432 20.8924 1.4712 0.8763
Car -1 -1 4.0957 920.1340 207.9530 1242.0000 375.0000 1.3821 1.5450 3.5890 3.0209 1.6451 3.5799 4.7558 0.8464
Car -1 -1 1.4372 642.8224 181.3107 679.6721 209.0034 1.4921 1.6314 3.9008 2.9673 2.0090 42.0976 1.5065 0.5984
Car -1 -1 1.5336 517.5864 177.9327 556.7074 212.0426 1.4374 1.6333 4.1973 -3.3902 1.6869 33.2501 1.4322 0.5850
Car -1 -1 4.4613 689.5512 148.7116 838.6119 262.1726 2.0575 1.9009 4.9350 3.0932 1.6197 15.6044 4.6525 0.5250
Car -1 -1 1.2340 528.7100 176.6416 575.3493 204.5238 1.5106 1.5599 3.6505 -3.3619 1.7395 41.6164 1.1534 0.3900
Car -1 -1 1.7407 562.1083 180.4810 589.1904 201.5252 1.5008 1.4772 3.4912 -2.5354 2.0973 54.6039 1.6941 0.1420
Car -1 -1 1.7105 565.5508 174.2251 590.2794 195.0470 1.7380 1.5920 4.0621 -2.7121 1.8609 62.6000 1.6670 0.1353
Car -1 -1 1.6072 645.8953 179.2131 680.0564 212.2876 1.6887 1.7300 4.2416 3.0007 2.0596 39.8896 1.6811 0.1179
Car -1 -1 1.4608 517.6218 177.6317 565.1211 215.6449 1.5319 1.6373 4.1030 -3.0659 1.7569 31.8006 1.3649 0.0936
Car -1 -1 4.7751 465.2284 167.2011 496.1657 194.1073 1.4854 1.5323 3.5894 -7.4080 1.1734 41.7040 4.6001 0.0929
Car -1 -1 4.3164 673.8224 135.2361 742.9183 174.6124 1.6428 1.6864 3.8556 4.3288 0.0734 32.1837 4.4489 0.0906
Car -1 -1 0.2989 471.4895 180.0172 565.4784 213.4963 1.4336 1.6039 3.9015 -4.0740 1.7675 32.5087 0.1747 0.0774
Car -1 -1 3.2485 683.7314 139.3937 784.6324 176.2808 1.5353 1.6368 4.1761 5.4368 0.1426 31.3904 3.4184 0.0753
Car -1 -1 1.1665 650.9328 178.4556 710.0850 209.8459 1.5497 1.6458 4.1423 3.7289 1.8670 38.6393 1.2614 0.0747
Car -1 -1 4.0470 1040.8623 158.5517 1242.0000 326.8689 1.4399 1.6648 4.1460 6.9800 1.3176 8.2605 4.7308 0.0693
Car -1 -1 1.5204 558.1678 176.0974 584.4841 199.3305 1.5577 1.6463 4.3354 -2.7531 1.7981 51.2433 1.4666 0.0625
Car -1 -1 1.6774 635.0773 184.7621 665.8926 210.4459 1.5268 1.5893 3.9419 2.6983 2.3348 46.8884 1.7340 0.0616
Car -1 -1 2.0007 650.1150 181.1097 706.2060 209.2546 1.4871 1.6265 4.1849 4.0138 1.9889 41.6426 2.0955 0.0600
Car -1 -1 4.5392 526.5178 170.3883 564.1050 197.8656 1.5643 1.5919 3.8782 -3.8862 1.4239 43.1569 4.4496 0.0588
Car -1 -1 1.8631 628.3592 178.4019 679.9971 209.6140 1.5133 1.6114 4.0423 2.4035 1.8217 37.9325 1.9253 0.0575
Car -1 -1 0.5494 0.0000 0.0000 1242.0000 375.0000 1.5782 1.6778 4.1707 3.0498 1.6127 1.8100 1.5147 0.0533
Car -1 -1 1.7807 692.1514 179.5667 735.6621 208.7867 1.4799 1.5707 3.9986 5.7865 1.8690 39.6779 1.9239 0.0506
Car -1 -1 2.4137 596.1501 185.1715 660.9052 211.8042 1.5062 1.6545 3.8640 1.1954 2.2966 44.4220 2.4398 0.0503