Car -1 -1 4.5232 718.0864 172.5307 905.3475 308.8021 1.5810 1.7269 4.3703 2.6802 1.5772 10.5973 4.7632 0.9600
Car -1 -1 3.4352 273.4770 175.9201 445.3156 247.0721 1.6535 1.6478 3.6633 -6.0401 1.7325 17.7236 3.1107 0.9088
Car -1 -1 1.6863 543.7455 174.6228 571.9692 196.0742 1.5594 1.6858 4.0108 -3.8903 1.6988 54.8280 1.6154 0.3627
Car -1 -1 4.5076 633.0858 167.6810 669.6602 194.4484 1.7432 1.6622 4.2057 2.8012 1.4063 49.1926 4.5637 0.3072
Car -1 -1 4.9700 390.1119 156.8083 447.0966 191.0534 1.5671 1.6522 4.1980 -9.2118 0.8328 35.1203 4.7152 0.2887
Car -1 -1 4.8453 577.4019 172.3261 601.0475 189.8108 1.5349 1.6250 4.0110 -1.8124 1.4885 65.4189 4.8173 0.2561
Car -1 -1 4.5164 695.8095 136.0788 807.4719 211.0971 1.4719 1.6465 4.1115 3.0366 0.7503 16.2240 4.6979 0.2447
Car -1 -1 4.6631 660.2654 162.9076 713.3532 212.4372 1.6242 1.6628 4.2340 2.6849 1.2981 25.8194 4.7650 0.2098
Car -1 -1 1.4804 654.7509 165.6098 695.9707 199.8661 1.5046 1.5620 3.8391 3.0106 1.1864 33.6131 1.5686 0.2008
Car -1 -1 4.2891 823.9911 165.8998 905.6827 207.1604 1.4477 1.5406 3.5982 9.5180 1.2037 27.1779 4.6222 0.1463
Car -1 -1 2.5685 830.5742 162.5940 941.3395 206.1384 1.5257 1.5291 3.5210 10.0838 1.1662 26.3992 2.9293 0.1364
Car -1 -1 3.6892 359.0040 156.7898 448.7548 190.0154 1.5144 1.6038 3.8116 -9.7250 0.7822 34.1727 3.4138 0.1147
Car -1 -1 1.6238 623.7828 165.1940 661.9468 200.1167 1.5285 1.5699 3.8495 1.5983 1.1933 33.5743 1.6705 0.1123
Car -1 -1 1.3648 626.3047 178.5529 654.2800 198.7148 1.5130 1.5188 3.5181 2.3990 1.9783 57.0563 1.4061 0.1075
Car -1 -1 4.5285 644.6693 170.8698 691.9542 203.0793 1.4760 1.6044 3.8434 2.7950 1.3851 35.0605 4.6069 0.0825
Car -1 -1 4.8781 574.6126 183.5134 615.3817 213.7936 1.4967 1.6156 3.6647 -0.7383 2.1007 38.9537 4.8587 0.0773
Car -1 -1 1.5595 395.6549 202.7508 454.6638 260.2354 1.4498 1.6242 3.7287 -5.7089 2.4570 22.2987 1.3109 0.0746
Car -1 -1 5.1742 402.8482 156.9550 473.6310 191.3279 1.5540 1.6339 4.1521 -8.1801 0.8352 34.8301 4.9450 0.0660
Car -1 -1 -0.4381 649.8235 173.8486 739.4287 205.8241 1.4906 1.6200 4.0259 4.1334 1.5409 35.1286 -0.3225 0.0636
Car -1 -1 4.4552 563.1095 173.8471 591.9487 191.2767 1.5260 1.6115 4.1694 -2.9495 1.6194 65.6555 4.4101 0.0628
Car -1 -1 1.4314 437.1530 200.2940 505.8159 253.6236 1.4477 1.6971 3.9727 -4.6610 2.4408 23.9583 1.2405 0.0624
Car -1 -1 -0.0833 361.5589 156.0502 455.0241 193.5130 1.7893 1.7301 4.3689 -10.0537 0.9867 36.0293 -0.3537 0.0606
Car -1 -1 3.1580 571.9746 182.4613 649.3845 211.8275 1.4897 1.6161 3.9903 0.0701 2.0069 37.9971 3.1592 0.0602
Car -1 -1 1.6250 620.0051 180.5676 640.8785 199.7320 1.5034 1.5364 3.7851 1.7664 2.1669 60.1211 1.6537 0.0554
Car -1 -1 2.3059 866.8774 168.4118 980.1896 211.1106 1.4690 1.6554 3.8437 11.4815 1.3162 26.3769 2.7120 0.0529
Car -1 -1 4.3149 831.7400 173.0397 973.0153 239.8714 1.4399 1.6228 4.3048 6.9878 1.4450 17.7321 4.6840 0.0527
Car -1 -1 2.8375 565.8171 172.7674 612.7194 189.6743 1.4758 1.5679 3.8907 -1.8133 1.4682 64.3567 2.8092 0.0522
Car -1 -1 1.9710 386.2561 158.7916 447.9330 192.5191 1.4824 1.5773 3.3469 -8.8651 0.8643 33.4819 1.7139 0.0519
Car -1 -1 1.2986 853.8958 164.7775 922.7869 207.8575 1.4674 1.4926 3.2893 10.0733 1.1923 26.2823 1.6605 0.0501