Car -1 -1 1.2225 811.7106 194.9751 1062.1580 339.1356 1.4118 1.6136 4.2915 4.1170 1.7820 9.9046 1.6047 0.9542
Car -1 -1 4.5319 745.0632 187.3995 855.7796 264.5975 1.4031 1.6056 4.1316 4.0763 1.7687 16.0227 4.7757 0.9300
Car -1 -1 4.5525 726.4239 181.9820 800.1606 240.2617 1.5318 1.5702 3.4741 4.4452 1.8235 21.2875 4.7547 0.9299
Car -1 -1 1.7235 381.1855 159.7996 529.1476 283.5420 1.7142 1.7159 4.4057 -2.3877 1.5334 12.2285 1.5338 0.8494
Car -1 -1 1.6056 551.2734 173.8006 590.1556 207.7842 1.4956 1.6794 3.9495 -1.7690 1.5426 33.8537 1.5533 0.8438
Car -1 -1 4.6460 694.2432 177.9752 735.4642 215.2245 1.5603 1.6003 3.4438 4.6905 1.8035 32.4900 4.7875 0.7023
Car -1 -1 4.5006 701.7269 180.4974 762.5934 224.1938 1.5454 1.6034 3.5268 4.6763 1.8606 27.9491 4.6640 0.7002
Car -1 -1 1.7495 464.2816 178.9887 556.4114 246.2574 1.4486 1.5707 3.8672 -2.3361 1.6173 17.8679 1.6206 0.6447
Car -1 -1 4.7537 428.1561 138.4422 477.8293 183.4500 1.4880 1.5716 3.5102 -5.5163 0.3503 25.7173 4.5444 0.5035
Car -1 -1 4.4388 1029.2334 173.5942 1242.0000 375.0000 1.5591 1.4572 3.1256 3.3614 1.5649 3.9371 5.1084 0.4513
Car -1 -1 1.7749 499.4112 181.0242 530.5197 200.9867 1.4252 1.5864 3.9649 -7.1977 2.0735 55.2175 1.6455 0.2326
Car -1 -1 5.0219 594.2917 179.1360 640.2492 206.8816 1.5166 1.6381 3.7362 0.5013 1.9033 42.3898 5.0331 0.1845
Car -1 -1 1.2361 650.5241 179.5565 683.5598 197.9885 1.5034 1.6169 4.0307 4.9453 2.1047 62.5754 1.3141 0.1790
Car -1 -1 4.7231 462.5432 142.0997 500.8739 178.7249 1.4968 1.5492 3.5276 -5.5292 0.2399 31.3537 4.5499 0.1655
Car -1 -1 1.8431 490.7293 179.6650 528.8040 202.5582 1.5633 1.6574 4.3214 -7.2581 2.0836 52.8658 1.7070 0.1227
Car -1 -1 -0.9017 1035.0031 147.1288 1242.0000 375.0000 1.4981 1.5905 3.8648 4.2275 1.4164 3.1023 -0.0085 0.1201
Car -1 -1 -0.4611 708.4089 182.4082 821.6804 225.4824 1.5089 1.6017 3.8475 5.8144 1.8843 27.0895 -0.2526 0.1092
Car -1 -1 4.7173 674.2311 175.5935 697.8569 197.8600 1.4682 1.5681 3.8833 5.3157 1.6660 50.0877 4.8220 0.0999
Car -1 -1 1.4778 682.3693 175.6225 721.8983 208.4634 1.6264 1.6852 4.1495 4.8420 1.7810 38.1875 1.6024 0.0966
Car -1 -1 4.9455 511.3252 163.0091 549.9891 189.3519 1.6119 1.6187 3.8017 -4.9974 1.0095 46.1366 4.8379 0.0926
Car -1 -1 4.1039 1040.5688 169.1940 1242.0000 323.8923 1.4847 1.6369 3.9907 7.2759 1.4496 8.9637 4.7693 0.0875
Car -1 -1 4.9612 496.7814 151.6627 541.5266 188.0833 1.9672 1.6577 3.6718 -5.0711 0.8226 40.8981 4.8384 0.0860
Car -1 -1 1.8024 480.6002 178.8508 517.6494 203.0328 1.6183 1.6874 4.2195 -7.8354 2.0647 51.5352 1.6518 0.0858
Car -1 -1 4.0170 629.4297 183.3288 686.9911 208.5913 1.4715 1.6063 3.7421 3.0373 2.1632 45.6606 4.0824 0.0817
Car -1 -1 0.5828 0.0000 0.0000 1242.0000 375.0000 1.4959 1.5865 4.0630 3.0699 1.4493 2.0208 1.5065 0.0787
Car -1 -1 1.5432 661.6555 178.0009 694.9232 209.4211 1.5360 1.6238 4.2427 3.5841 1.8236 38.1519 1.6356 0.0729
Car -1 -1 1.5487 688.5162 174.3289 724.4291 209.9633 1.6305 1.6396 4.1689 4.6950 1.7072 35.3555 1.6791 0.0727
Car -1 -1 1.6725 491.9678 179.9781 520.0229 201.2693 1.4918 1.6491 4.3633 -7.7436 2.0493 54.2496 1.5310 0.0726
Car -1 -1 4.7468 678.6934 195.6605 1242.0000 375.0000 1.5397 1.6142 3.9062 1.8106 1.7208 3.6199 5.1768 0.0722
Car -1 -1 4.5044 657.1344 173.4265 692.0594 196.0954 1.4943 1.6094 3.9527 4.4371 1.5354 49.7267 4.5925 0.0722
Car -1 -1 3.0435 594.2826 181.7161 645.0158 201.0390 1.4959 1.4659 3.9223 0.7853 2.2140 57.5764 3.0566 0.0609
Car -1 -1 1.5384 504.3235 179.9495 530.0126 203.3623 1.5510 1.6754 4.3288 -6.6231 2.0792 51.4448 1.4106 0.0583
Car -1 -1 1.5393 594.8540 176.8385 625.9210 205.3362 1.4843 1.6001 3.7029 0.0066 1.7155 39.9830 1.5389 0.0568
Car -1 -1 2.7596 643.9224 179.3770 693.2630 197.6966 1.5022 1.6135 3.8663 5.0221 2.0700 61.4652 2.8403 0.0554
Car -1 -1 1.8266 647.8641 183.8710 700.8250 219.0929 1.4487 1.5585 3.5164 2.9957 1.9788 32.7963 1.9162 0.0543
Car -1 -1 0.7195 0.0000 0.0000 1189.2183 375.0000 1.5174 1.6002 4.0174 2.0660 1.4638 1.5355 1.5637 0.0541
Car -1 -1 -1.1336 1058.3655 156.2258 1242.0000 375.0000 1.4789 1.6518 4.2811 4.8679 1.4198 3.9510 -0.2807 0.0541
Car -1 -1 4.7944 669.2893 171.1088 696.7631 196.1635 1.7233 1.6401 3.9826 5.3021 1.6032 51.7353 4.8956 0.0522
Car -1 -1 2.4235 1177.3741 0.0000 1242.0000 375.0000 1.5571 1.6341 4.0839 4.4757 1.3483 2.1394 3.4962 0.0517
Car -1 -1 3.6564 385.0980 135.1711 504.8314 180.6453 1.4979 1.5641 3.7753 -5.7002 0.2566 25.0620 3.4349 0.0516
Car -1 -1 4.7298 588.3433 178.7731 616.9185 205.9715 1.5110 1.6213 3.8610 -0.3775 1.8785 42.8646 4.7205 0.0507
Car -1 -1 3.7158 1079.3823 79.2078 1242.0000 375.0000 1.5247 1.6004 4.0942 3.9893 1.4472 2.6953 4.6427 0.0506
Car -1 -1 4.5673 674.9409 183.6111 712.4247 211.3628 1.4539 1.6115 3.5424 4.7336 2.0918 40.9896 4.6808 0.0503
Car -1 -1 3.3127 300.8628 165.2219 522.9020 260.1268 1.6245 1.6100 3.7155 -3.4983 1.4939 13.3048 3.0598 0.0503