Car -1 -1 4.6756 589.4922 176.2449 625.1899 209.6089 1.6524 1.7321 4.3939 -0.1715 1.8434 38.4191 4.6706 0.8682
Car -1 -1 5.1860 78.5556 187.3500 164.5841 225.5592 1.4853 1.5531 3.7502 -21.1744 2.1569 31.4804 4.5976 0.3998
Car -1 -1 4.3140 726.7001 159.9752 763.5616 179.5191 1.6603 1.7104 4.1411 11.8842 0.5662 63.5003 4.4980 0.3014
Car -1 -1 2.0871 45.0149 187.9559 146.6977 228.7608 1.4775 1.6167 4.0305 -21.0339 2.1437 29.7499 1.4757 0.2006
Car -1 -1 -0.4626 750.0518 163.6114 798.6596 180.5024 1.5129 1.6237 4.0266 15.0390 0.6850 65.8920 -0.2394 0.1679
Car -1 -1 1.9373 97.1588 185.3759 178.1406 227.0493 1.5375 1.5498 3.7179 -19.3709 2.0888 29.7874 1.3645 0.1668
Car -1 -1 3.3017 45.2063 186.3006 162.8014 228.6625 1.5417 1.6006 3.6162 -19.9942 2.1047 28.7105 2.6976 0.1218
Car -1 -1 4.7047 535.3575 172.6411 554.1889 190.7047 1.5884 1.6514 3.5904 -5.8776 1.5697 65.3135 4.6150 0.1174
Car -1 -1 3.5493 13.0777 188.5864 138.1311 226.7716 1.4878 1.6186 3.9058 -22.3471 2.1760 30.3408 2.9185 0.1048
Car -1 -1 4.4902 759.6610 161.1009 788.7195 179.0470 1.6114 1.7036 4.3615 15.2359 0.5561 66.9679 4.7128 0.0970
Car -1 -1 3.2990 708.2751 158.1651 784.4942 186.1336 1.5248 1.6382 4.0275 7.7395 0.7240 40.7877 3.4850 0.0919
Car -1 -1 0.8550 36.6461 188.0571 153.0269 227.2673 1.4874 1.6324 4.0674 -21.1167 2.1387 29.6363 0.2400 0.0793
Car -1 -1 3.8859 57.2444 187.9974 167.0734 224.5699 1.4706 1.5431 3.8561 -21.2781 2.1414 30.9198 3.2869 0.0772
Car -1 -1 4.3450 706.0663 163.5887 756.2527 191.7366 1.5478 1.5802 3.8359 6.9703 1.0383 41.7144 4.5091 0.0754
Car -1 -1 3.2786 712.2431 159.0811 793.9439 189.3540 1.4954 1.5856 3.9348 7.3731 0.8151 37.0333 3.4733 0.0636
Car -1 -1 4.9334 748.1693 158.2550 795.8643 188.8667 1.5059 1.6286 3.8144 8.5039 0.7877 37.5670 5.1541 0.0619
Car -1 -1 5.1765 117.9913 191.1564 210.4207 231.3829 1.4557 1.6210 4.0437 -18.4362 2.2716 30.0853 4.6304 0.0605
Car -1 -1 4.9770 116.3222 185.9943 189.6621 225.0941 1.4942 1.6497 4.0914 -19.6600 2.1032 31.2463 4.4190 0.0565
Car -1 -1 4.4316 749.1367 164.3855 779.2717 182.5604 1.6337 1.6535 4.1145 14.3114 0.8725 66.9679 4.6410 0.0552
Car -1 -1 2.0211 144.6579 190.3808 237.0930 230.0743 1.4378 1.6582 4.2088 -17.3843 2.2237 30.1971 1.5023 0.0537