Car -1 -1 4.9024 333.1087 182.8500 484.2446 288.1793 1.3929 1.5960 4.1713 -3.1389 1.5897 12.0757 4.6525 0.9555
Car -1 -1 4.5601 670.6209 172.5349 771.3926 242.3000 1.4427 1.6798 4.2766 2.4876 1.4361 17.0682 4.7016 0.9436
Car -1 -1 2.2084 0.0000 221.0113 328.6551 375.0000 1.3746 1.5606 3.8253 -2.8011 1.7275 3.3605 1.5510 0.8376
Car -1 -1 4.2420 801.7626 178.9250 1242.0000 375.0000 1.4607 1.6871 4.1091 2.6307 1.5179 4.7259 4.7227 0.8344
Car -1 -1 1.5067 634.8594 169.6902 672.2033 202.1408 1.4525 1.5338 3.4163 2.0284 1.3109 34.0081 1.5653 0.7834
Car -1 -1 4.9776 670.2919 160.7010 700.3742 179.8431 1.7391 1.7406 4.3325 7.1649 0.6350 67.8873 5.0821 0.3927
Car -1 -1 4.7395 662.7122 164.6030 685.7219 188.4434 1.7571 1.6519 3.6975 4.9662 1.1490 55.1102 4.8286 0.2709
Car -1 -1 4.7895 686.6336 153.4221 720.3130 181.6569 1.5870 1.6837 3.8089 5.5833 0.4948 42.5932 4.9188 0.2255
Car -1 -1 4.6421 671.0258 163.5783 691.4882 180.7714 1.5546 1.6318 3.7503 6.6444 0.7159 67.1378 4.7402 0.1437
Car -1 -1 3.1807 670.9097 155.0254 739.2570 181.7820 1.5083 1.6355 3.8529 5.5508 0.5033 41.8051 3.3117 0.1345
Car -1 -1 5.3784 0.0000 152.8481 142.4185 373.7146 1.5220 1.5518 3.6978 -6.3328 1.3841 6.8641 4.6525 0.1321
Car -1 -1 4.2444 639.6057 171.6426 691.8723 198.4393 1.5534 1.5813 3.8904 3.3660 1.4831 43.9262 4.3199 0.0637
Car -1 -1 2.7331 665.9318 177.1858 724.4204 200.4045 1.5164 1.5769 3.6041 5.7894 1.8174 48.8716 2.8499 0.0623
Car -1 -1 1.2138 662.4156 176.1290 699.5283 195.9580 1.5025 1.6169 4.0827 5.6531 1.7738 57.5759 1.3108 0.0579
Car -1 -1 4.8552 667.3165 161.3266 704.9673 188.3536 1.5405 1.6584 4.2886 4.6562 0.8834 43.4088 4.9611 0.0544
Car -1 -1 -0.9963 917.2448 127.4477 1242.0000 375.0000 1.5081 1.6563 4.2648 4.0811 1.3416 3.9386 -0.2300 0.0544
Car -1 -1 4.6914 612.4839 210.4853 983.1727 375.0000 1.4329 1.5620 3.7708 1.1309 1.7972 4.9875 4.8992 0.0541
Car -1 -1 1.3601 665.1420 176.8368 699.2634 199.4464 1.4744 1.5617 3.8632 4.9670 1.7601 49.7651 1.4586 0.0526
Car -1 -1 1.4855 759.8566 187.7478 832.4452 250.7411 1.4734 1.5772 3.8761 5.0381 1.9258 19.8783 1.7293 0.0511