Car -1 -1 4.8880 395.3974 175.9498 492.8289 247.7103 1.5930 1.6560 4.0952 -3.9507 1.3873 18.0351 4.6751 0.9608
Car -1 -1 4.7107 577.9694 175.9037 643.7872 236.3988 1.5886 1.7285 3.3678 0.1013 1.3440 20.5630 4.7151 0.9382
Car -1 -1 4.8153 470.0633 179.1452 516.8656 217.3455 1.4872 1.5481 3.5763 -4.6570 1.2509 29.8119 4.6613 0.8666
Car -1 -1 5.0814 268.2770 182.0217 369.9675 234.5000 1.4031 1.5614 3.5342 -8.2861 1.3177 20.9895 4.7095 0.7916
Car -1 -1 4.9313 362.5237 179.3615 421.3275 216.7928 1.4583 1.5766 3.6263 -8.8682 1.2302 29.8686 4.6448 0.6532
Car -1 -1 1.8412 323.4600 178.6695 375.8563 208.6169 1.4342 1.5270 3.7882 -12.9586 1.1207 36.3690 1.5010 0.4994
Car -1 -1 5.2788 0.0000 59.2049 335.7425 376.0000 2.1860 1.8717 4.7970 -4.2495 1.4873 6.3855 4.7108 0.4508
Car -1 -1 4.8616 494.8859 178.4974 531.2443 206.4082 1.5149 1.5273 3.5776 -5.3004 1.1503 40.8216 4.7329 0.4276
Car -1 -1 4.7169 574.8516 176.2116 616.0660 213.0311 1.4536 1.6275 3.7077 -0.4850 1.0982 30.2439 4.7006 0.2871
Car -1 -1 1.6752 519.8046 179.1490 548.0924 201.6965 1.4909 1.5461 3.7828 -4.9988 1.0897 49.4253 1.5745 0.2861
Car -1 -1 4.7224 544.6015 175.9938 585.2435 211.3676 1.3925 1.5994 3.7426 -1.7547 1.0295 30.2060 4.6646 0.1989
Car -1 -1 4.4480 424.8534 176.2943 466.9446 201.8744 1.4605 1.5451 3.7059 -9.6952 0.9511 43.0428 4.2275 0.1975
Car -1 -1 0.0907 508.9983 165.4557 557.4431 186.4044 1.6514 1.6915 3.7180 -5.8912 0.0937 57.5343 -0.0111 0.1846
Car -1 -1 1.5333 621.6284 180.6407 646.4779 203.3092 1.4967 1.5559 3.9295 1.8130 1.1947 49.4299 1.5693 0.1834
Car -1 -1 4.5185 435.4850 163.9429 464.1051 185.0074 1.7957 1.7024 4.1656 -13.9512 -0.0191 63.5739 4.3031 0.1656
Car -1 -1 1.7923 628.6870 181.0691 664.5538 204.1980 1.5105 1.6167 3.9458 2.7330 1.2397 49.0654 1.8472 0.1253
Car -1 -1 1.0723 626.7882 181.9087 675.0049 205.2868 1.4711 1.7294 3.4178 2.8269 1.2630 47.1485 1.1313 0.1123
Car -1 -1 1.6045 640.1078 185.3709 670.9971 211.9843 1.4368 1.6225 3.7720 2.7827 1.4460 40.7906 1.6717 0.0969
Car -1 -1 -0.3660 425.8120 176.4104 494.7462 202.9061 1.4973 1.5578 3.6553 -8.6215 0.9997 42.2614 -0.5663 0.0947
Car -1 -1 1.7405 618.3143 188.4454 654.9271 214.6072 1.4291 1.5379 3.5707 1.7452 1.6248 41.6453 1.7815 0.0926
Car -1 -1 1.6386 618.6828 181.7146 648.1870 206.0296 1.5017 1.6438 3.8900 1.7324 1.2855 46.4181 1.6752 0.0918
Car -1 -1 -0.8285 634.9418 181.7191 690.0937 204.6668 1.4827 1.6914 3.6230 3.7412 1.2568 48.3015 -0.7521 0.0912
Car -1 -1 4.7305 530.5544 164.4140 552.8281 186.1547 1.7137 1.7378 3.8460 -5.3129 0.0740 58.6443 4.6403 0.0896
Car -1 -1 1.6862 354.6819 180.4050 410.0573 221.3742 1.5032 1.6327 3.9283 -8.8195 1.3267 28.4559 1.3879 0.0836
Car -1 -1 1.6167 253.0860 226.2246 365.8000 330.4128 1.3949 1.6651 3.6652 -5.3268 2.2626 13.2055 1.2395 0.0831
Car -1 -1 5.4252 0.0000 0.0000 259.8737 376.0000 1.7448 1.6598 4.1756 -4.0899 0.9729 4.6039 4.7285 0.0761
Car -1 -1 1.4585 613.4849 184.3417 644.5182 207.8876 1.5121 1.6279 4.0973 1.4219 1.4560 48.2732 1.4872 0.0737
Car -1 -1 3.4274 290.1420 181.8816 409.4226 219.7223 1.4784 1.6354 4.2418 -10.3125 1.3482 29.0145 3.0885 0.0707
Car -1 -1 0.6472 300.8775 179.0525 386.3048 208.7910 1.4414 1.5404 3.8950 -13.2468 1.1427 36.1513 0.2980 0.0688
Car -1 -1 3.2228 494.9839 177.7577 552.4651 200.8584 1.5257 1.6063 3.7206 -5.5787 1.0332 48.3437 3.1081 0.0682
Car -1 -1 4.7868 262.0654 215.1608 365.4375 304.5371 1.4124 1.6402 3.7879 -5.8883 2.1138 14.7862 4.4133 0.0677
Car -1 -1 4.7228 516.6864 163.6950 538.8297 184.0532 1.5962 1.7360 4.2246 -6.4724 -0.0986 58.7992 4.6135 0.0672
Car -1 -1 4.9179 330.7632 156.5682 371.5124 183.2989 1.6370 1.6649 4.1254 -16.4981 -0.1297 46.4887 4.5786 0.0655
Car -1 -1 1.8025 517.8171 165.0165 548.6974 186.6894 1.6828 1.6865 3.5775 -5.8987 0.1144 57.6991 1.7009 0.0652
Car -1 -1 0.0888 601.8298 184.0525 662.2133 207.0696 1.5158 1.6249 3.9339 1.6950 1.4392 48.3889 0.1231 0.0630
Car -1 -1 -0.3746 564.2027 177.4914 665.3514 215.2697 1.4715 1.5938 3.8222 0.3060 1.1707 29.4269 -0.3647 0.0620
Car -1 -1 1.9238 501.3270 174.8571 547.2592 200.6974 1.5852 1.6576 3.9749 -5.2756 0.9498 46.2270 1.8105 0.0615
Car -1 -1 1.9933 336.4964 178.5422 399.8817 208.4251 1.4356 1.5646 3.9571 -12.0806 1.1150 36.5851 1.6762 0.0615
Car -1 -1 0.2162 425.6686 167.7624 475.4611 184.7942 1.4597 1.5735 3.9803 -13.5778 -0.0371 62.4405 0.0027 0.0600
Car -1 -1 1.7809 509.1776 176.3887 546.3641 200.5736 1.5383 1.6481 4.0385 -5.2331 0.9769 47.8159 1.6721 0.0598
Car -1 -1 1.4727 419.6041 175.9607 456.5382 204.2696 1.4951 1.6291 3.9212 -9.4711 1.0063 40.0832 1.2418 0.0577
Car -1 -1 3.7848 335.5466 179.9025 440.6669 217.6077 1.4790 1.5969 3.9860 -9.0254 1.2706 29.6298 3.4914 0.0570
Car -1 -1 1.3381 583.9210 182.1090 620.6445 204.7643 1.4641 1.6420 3.7951 -0.3733 1.2633 48.4945 1.3299 0.0552
Car -1 -1 2.0397 297.3715 176.8288 370.8569 210.5527 1.5160 1.6110 4.0690 -12.9787 1.1390 34.4253 1.6815 0.0541
Car -1 -1 1.5622 613.1167 186.8943 650.0837 220.2866 1.4651 1.6325 3.9622 1.1254 1.5486 33.7417 1.5948 0.0526
Car -1 -1 3.5950 514.6703 175.5983 614.0859 211.5046 1.4231 1.6024 3.8208 -1.7842 1.0419 29.9643 3.5357 0.0514