Car -1 -1 1.9465 243.0566 193.1016 361.2982 252.6484 1.3777 1.6713 3.8818 -8.3503 1.9931 19.9770 1.5548 0.9552
Car -1 -1 4.7526 564.9178 182.3703 609.4417 227.4530 1.6587 1.6477 4.5288 -0.8541 2.0814 29.7802 4.7235 0.8871
Car -1 -1 1.8465 356.7061 187.3012 426.5465 229.8972 1.5109 1.6249 4.0713 -8.6680 2.1330 29.0260 1.5583 0.8801
Car -1 -1 2.3258 0.0000 192.3898 142.8786 328.7826 1.4073 1.5336 3.6197 -8.3740 1.7236 9.8302 1.6335 0.8504
Car -1 -1 1.7998 417.0675 183.4849 464.8811 214.2988 1.5249 1.6452 4.0164 -9.0698 2.1306 39.1031 1.5729 0.6544
Car -1 -1 1.7859 357.9908 179.4069 434.4264 229.2567 1.5052 1.6236 4.0813 -7.1119 1.7461 24.4263 1.5050 0.2006
Car -1 -1 1.7737 228.2310 196.6655 271.0963 224.3285 1.4514 1.6296 3.3239 -21.2917 2.9235 42.7947 1.3141 0.1849
Car -1 -1 5.0720 28.9398 206.1413 144.3649 261.6817 1.4284 1.6883 3.9828 -16.6879 2.6004 23.2632 4.4550 0.1743
Car -1 -1 1.6493 198.8764 196.2271 254.0268 238.6615 1.5128 1.7101 4.3047 -16.1529 2.5787 30.5887 1.1666 0.1710
Car -1 -1 2.1439 72.4831 198.1623 148.6934 228.8753 1.4073 1.6342 3.4975 -26.0110 2.7934 37.7484 1.5436 0.1655
Car -1 -1 1.1749 588.2144 189.6949 628.1550 211.3852 1.5077 1.6894 3.9304 -0.1470 2.8557 55.6151 1.1716 0.1479
Car -1 -1 1.6197 340.6926 188.5340 360.9946 207.5910 1.6317 1.5849 4.1835 -24.2379 3.1511 67.6852 1.2767 0.1275
Car -1 -1 2.1402 0.0000 185.1958 66.5172 218.0153 1.4172 1.6993 4.2779 -28.6532 2.0546 35.0474 1.4585 0.1208
Car -1 -1 1.7480 447.3404 179.3848 492.5899 210.7831 1.5911 1.7052 4.2519 -7.5918 1.9687 39.5867 1.5593 0.1120
Car -1 -1 1.8638 33.1741 206.9391 139.6197 264.4138 1.4240 1.6298 3.7101 -16.0122 2.5723 22.2891 1.2463 0.1072
Car -1 -1 1.7046 107.0964 190.7956 149.9779 217.8037 1.4295 1.6060 3.9661 -28.7108 2.5559 43.1616 1.1203 0.1060
Car -1 -1 1.5709 578.4704 192.6534 616.8865 228.5837 1.4486 1.6635 3.8630 -0.5471 2.4124 33.1788 1.5537 0.1046
Car -1 -1 3.9964 67.3771 190.6753 147.2772 217.2368 1.4729 1.6717 4.0528 -29.9692 2.5693 43.0802 3.3913 0.1038
Car -1 -1 1.6989 49.1247 205.4406 127.2947 257.4858 1.4142 1.6291 3.7930 -17.4026 2.6018 24.2391 1.0811 0.1033
Car -1 -1 2.1052 60.3493 192.0368 132.8164 219.9518 1.4039 1.7542 3.5509 -28.8100 2.5336 40.6532 1.4916 0.1033
Car -1 -1 1.6562 223.0543 196.1065 266.2079 229.0814 1.4708 1.6543 3.7209 -18.6959 2.7315 37.0859 1.1918 0.0934
Car -1 -1 1.5545 481.5837 175.6631 513.3876 207.1181 1.6302 1.6512 3.9280 -6.2178 1.7934 39.8409 1.4003 0.0893
Car -1 -1 2.9410 607.0631 189.6699 664.5574 211.0911 1.5206 1.7841 4.0515 1.9551 2.8152 54.3373 2.9761 0.0885
Car -1 -1 1.8342 127.4740 189.7745 178.4104 216.3557 1.4362 1.6281 3.9546 -27.6582 2.5138 43.8237 1.2737 0.0858
Car -1 -1 1.3553 568.0718 187.9496 601.0348 209.4252 1.4757 1.7165 3.7769 -1.9255 2.6586 54.4959 1.3195 0.0841
Car -1 -1 2.1707 0.0000 202.7537 80.8858 247.0943 1.4506 1.5927 3.6713 -22.5898 2.6909 28.0421 1.4970 0.0812
Car -1 -1 1.8003 405.5769 182.1319 457.2479 217.7396 1.6884 1.7257 3.9442 -9.1201 2.1926 37.2257 1.5612 0.0795
Car -1 -1 5.4255 0.0000 201.1821 168.1628 375.0000 1.4703 1.5507 3.6597 -6.6492 1.8462 7.7292 4.7319 0.0783
Car -1 -1 4.7077 382.1263 191.9566 422.7898 230.2619 1.4664 1.6180 3.7507 -9.0895 2.3585 31.6696 4.4299 0.0763
Car -1 -1 3.2575 402.0803 184.3537 481.1346 214.2773 1.5379 1.6149 3.9874 -8.9965 2.1740 38.8903 3.0311 0.0761
Car -1 -1 1.5781 117.0072 206.4212 188.4185 262.8499 1.4420 1.7860 3.7400 -14.4776 2.6055 22.9507 1.0202 0.0753
Car -1 -1 1.8671 452.6683 186.9510 493.1818 211.6595 1.5089 1.6122 3.8342 -9.1017 2.4922 48.3332 1.6815 0.0735
Car -1 -1 1.5050 605.8961 192.0523 648.1214 227.4869 1.4291 1.6809 3.9796 0.7487 2.3696 33.3198 1.5265 0.0734
Car -1 -1 1.8492 375.0639 181.4774 450.6035 228.7185 1.5567 1.6158 4.0341 -7.1338 1.8983 26.5495 1.5887 0.0728
Car -1 -1 1.8216 393.8012 184.5784 460.6622 227.8087 1.5330 1.6056 4.0668 -7.1666 2.0330 28.7326 1.5788 0.0703
Car -1 -1 1.7682 0.1632 224.5683 159.3421 332.8259 1.4553 1.6685 3.7724 -9.8560 2.5874 13.7326 1.1546 0.0685
Car -1 -1 1.1002 318.2001 185.6177 354.5374 203.3855 1.5508 1.6446 3.7900 -25.5993 2.7793 67.5671 0.7390 0.0674
Car -1 -1 1.8623 60.2814 203.1842 148.5948 251.3038 1.4362 1.6003 3.6692 -18.1062 2.6145 26.0378 1.2592 0.0621
Car -1 -1 1.6254 475.4404 178.9062 511.1147 209.7387 1.4586 1.5836 3.9749 -5.9119 1.7862 36.9998 1.4676 0.0587
Car -1 -1 0.4332 0.0000 219.6152 172.6251 312.5517 1.4678 1.6819 3.9935 -10.9620 2.4527 13.9323 -0.2244 0.0569
Car -1 -1 4.9879 482.1255 183.5931 525.7490 210.8115 1.4791 1.5970 3.7228 -6.1979 2.1437 42.6995 4.8441 0.0554
Car -1 -1 2.0744 287.3058 185.4945 357.7745 217.3850 1.4808 1.6326 4.0210 -14.7321 2.1704 37.2668 1.7000 0.0548
Car -1 -1 3.0648 593.8062 188.8575 641.9931 210.3754 1.5499 1.6976 3.5091 0.6040 2.7770 54.3657 3.0753 0.0543
Car -1 -1 4.7072 128.8396 206.9467 193.0081 259.7840 1.4402 1.7198 3.7692 -15.1340 2.6888 24.3725 4.1561 0.0540
Car -1 -1 2.0161 104.7235 190.9244 177.7417 220.5069 1.4819 1.7794 4.3549 -26.6215 2.5704 41.1921 1.4451 0.0537
Car -1 -1 1.5385 605.0257 188.4584 628.9652 210.6281 1.5313 1.6788 3.5553 0.5291 2.7416 54.1643 1.5476 0.0536
Car -1 -1 1.8482 199.8251 199.3710 266.5338 237.2315 1.4360 1.6947 3.5565 -16.5795 2.6805 31.9530 1.3726 0.0534
Car -1 -1 4.2423 252.4656 187.2095 292.3724 204.4054 1.4773 1.7417 4.0029 -31.3744 2.8508 67.1141 3.8063 0.0528
Car -1 -1 1.5852 241.3214 194.2005 277.4005 226.1029 1.4831 1.6586 4.1274 -18.7510 2.6948 38.7359 1.1367 0.0518
Car -1 -1 1.5795 219.4226 182.9117 242.8556 202.5801 1.4995 1.6584 4.1418 -31.1755 2.3599 59.5021 1.0985 0.0512
Car -1 -1 3.6777 60.4630 192.3378 149.1476 219.3727 1.4852 1.7395 3.8999 -29.3849 2.6490 42.0935 3.0710 0.0511
Car -1 -1 0.5986 174.7186 196.5755 265.7626 227.4493 1.4441 1.6656 3.7546 -19.5789 2.6733 36.3595 0.1074 0.0500