Car -1 -1 2.1706 0.0000 207.6295 325.5149 375.0000 1.4008 1.6446 4.0426 -4.3258 1.8225 6.6948 1.6143 0.9581
Car -1 -1 4.4317 799.6617 182.1195 1065.8934 359.5213 1.5576 1.7097 3.9058 3.4653 1.6936 8.5686 4.8028 0.9537
Car -1 -1 4.6117 765.4842 177.1528 846.7393 240.3428 1.4213 1.6122 3.5592 4.8977 1.5420 18.3685 4.8676 0.9098
Car -1 -1 1.5082 743.8066 179.4575 797.0466 224.9889 1.3991 1.5305 3.5841 5.4161 1.6415 24.6051 1.7217 0.7701
Car -1 -1 1.7998 631.0737 170.4221 671.4066 198.0435 1.7201 1.7030 4.3015 2.7796 1.5686 47.2358 1.8578 0.7697
Car -1 -1 5.4003 137.8879 180.6341 334.3846 265.8357 1.6053 1.6021 4.1610 -8.1360 1.8039 16.2059 4.9412 0.1669
Car -1 -1 4.8947 751.3314 163.8979 790.6709 192.3238 1.6400 1.6403 3.9655 9.8351 1.1233 43.7731 5.1140 0.1543
Car -1 -1 1.4717 728.4427 175.6165 770.2574 208.6564 1.5218 1.6330 3.9046 6.8363 1.6658 35.5877 1.6594 0.1481
Car -1 -1 1.5933 665.6637 176.3593 687.2159 197.5572 1.5118 1.5253 3.7343 5.0357 1.7838 54.0426 1.6853 0.1472
Car -1 -1 1.2710 814.2592 166.0262 855.1888 188.6516 1.4685 1.5645 3.8465 15.1597 1.0253 48.7540 1.5706 0.1380
Car -1 -1 4.4820 718.0564 167.5902 764.5497 197.0895 1.4873 1.5974 3.7758 6.9346 1.2219 38.3049 4.6594 0.1222
Car -1 -1 5.0524 645.1959 161.0911 680.1198 185.2885 2.0093 1.7898 3.9254 4.6027 1.0325 62.0717 5.1258 0.1007
Car -1 -1 1.4216 847.9112 166.2395 915.3988 209.3671 1.4172 1.6286 4.2430 9.6822 1.1999 25.9531 1.7746 0.0909
Car -1 -1 4.3805 784.7071 167.6689 818.0723 186.4534 1.6015 1.6334 3.9568 16.8511 1.1594 63.5491 4.6383 0.0883
Car -1 -1 1.3558 854.4216 164.1481 931.3194 210.3935 1.4258 1.5772 3.9469 9.4373 1.1574 24.3158 1.7216 0.0844
Car -1 -1 2.9358 816.0743 165.0769 879.9682 189.0155 1.5468 1.6444 3.7466 15.7011 1.0443 47.6456 3.2521 0.0827
Car -1 -1 1.7737 704.6512 178.4376 755.4431 211.5736 1.4739 1.6521 4.0389 5.9021 1.7617 35.0103 1.9388 0.0753
Car -1 -1 -0.3347 722.3787 169.8972 799.5328 198.8548 1.4578 1.5466 3.5969 7.8033 1.3090 37.3252 -0.1306 0.0743
Car -1 -1 1.5762 715.6631 172.0681 733.1394 188.7697 1.5164 1.5701 4.1885 10.7844 1.4451 67.7062 1.7332 0.0742
Car -1 -1 -0.2223 955.7186 180.7745 1067.7218 217.8342 1.4456 1.5243 3.8129 16.5906 1.7881 29.9413 0.2790 0.0724
Car -1 -1 3.1191 923.0430 174.2153 1017.2267 207.3557 1.4927 1.5726 3.9071 16.9930 1.5600 34.1614 3.5769 0.0695
Car -1 -1 2.5146 655.8809 176.8085 706.5344 198.1407 1.5112 1.5133 3.4956 5.2928 1.8113 53.2205 2.6127 0.0682
Car -1 -1 4.7614 980.2416 174.8928 1021.6235 208.2995 1.4970 1.5749 3.6997 18.7836 1.6003 34.5672 5.2552 0.0651
Car -1 -1 1.0839 964.0978 179.6920 1047.5200 217.1256 1.4428 1.5205 3.6549 16.5418 1.7475 30.3142 1.5788 0.0576
Car -1 -1 5.4485 0.0000 176.4610 159.7681 315.2289 1.5373 1.6357 3.8360 -8.3571 1.5973 10.0556 4.7680 0.0562
Car -1 -1 2.9728 639.6064 176.7112 692.3602 198.2972 1.5490 1.5887 3.6528 4.1281 1.8379 53.0803 3.0495 0.0553
Car -1 -1 4.5221 834.3569 171.3757 891.3475 208.4618 1.4801 1.5772 3.8486 10.7373 1.4211 30.8134 4.8540 0.0543
Car -1 -1 4.7668 989.0591 175.7377 1036.2296 211.7680 1.4277 1.5698 3.9991 17.3816 1.5601 31.0390 5.2728 0.0534
Car -1 -1 1.5697 911.5875 167.3500 958.4570 207.4510 1.4791 1.5951 3.9029 12.9321 1.2761 28.7212 1.9886 0.0534
Car -1 -1 3.9274 930.5854 178.6842 1034.2335 216.6645 1.4597 1.6167 3.8652 15.6265 1.7228 30.4609 4.3969 0.0513
Car -1 -1 -0.6310 761.4597 163.9613 834.2432 191.2100 1.5491 1.6248 3.9532 11.0905 1.0435 42.5039 -0.3777 0.0501