Car -1 -1 2.7382 852.2742 170.6023 985.8644 216.2139 1.4335 1.5301 3.6860 9.9899 1.3627 23.4515 3.1359 0.8863
Car -1 -1 2.5356 997.0223 163.4133 1167.9781 212.7421 1.5367 1.7309 4.4588 15.2570 1.2426 23.4190 3.1070 0.8556
Car -1 -1 3.7010 102.8457 177.0652 281.8283 247.4270 2.0941 1.7737 4.6189 -12.9580 2.2317 22.5781 3.1847 0.7342
Car -1 -1 1.4218 269.5433 187.0937 324.4126 224.2617 1.4653 1.7008 3.7824 -13.9393 2.1388 32.0748 1.0145 0.6735
Car -1 -1 1.6645 119.2280 190.8264 168.4761 227.3321 1.4325 1.4973 3.6030 -20.6984 2.2822 32.1716 1.0963 0.4017
Car -1 -1 3.8669 0.0000 207.1308 31.1689 257.5240 1.4444 1.5970 3.6987 -20.6137 2.5569 22.6028 3.1333 0.3600
Car -1 -1 1.5553 48.7012 196.4456 99.0480 235.3419 1.4292 1.6591 4.1168 -23.2128 2.5209 31.2490 0.9203 0.3321
Car -1 -1 2.3980 290.0565 183.7358 382.5417 217.7251 1.4863 1.5816 4.2785 -13.2575 2.0524 35.2685 2.0405 0.3251
Car -1 -1 1.9314 232.1703 170.0502 287.6943 197.3818 1.4894 1.5225 4.0525 -19.9825 1.3366 41.4041 1.4841 0.3068
Car -1 -1 -0.5221 1138.6780 155.8995 1242.0000 233.0320 1.4338 1.6211 4.0787 13.4487 1.1186 14.6319 0.2111 0.3057
Car -1 -1 -0.8947 1107.5276 148.3154 1191.2375 176.0181 1.5563 1.6498 4.1705 31.3031 0.1778 41.8613 -0.2559 0.2577
Car -1 -1 1.1455 0.0000 191.3496 47.8815 221.8927 1.5507 1.5879 4.1003 -33.3400 2.6227 40.2059 0.4563 0.2267
Car -1 -1 4.5738 336.0909 184.3724 378.6786 216.1698 1.5068 1.6036 3.7250 -13.2077 2.1407 37.6816 4.2385 0.2157
Car -1 -1 4.2536 1107.8008 147.9110 1178.4138 177.6312 1.6715 1.6953 4.1334 31.5136 0.2687 42.7614 4.8855 0.1996
Car -1 -1 4.6561 195.6799 174.6714 230.5584 201.4903 1.5296 1.6360 3.8467 -23.9276 1.6443 43.4964 4.1556 0.1904
Car -1 -1 1.6527 42.1388 195.4793 103.8776 238.3710 1.5192 1.7102 4.1286 -22.2817 2.5320 30.0907 1.0193 0.1849
Car -1 -1 -0.7406 1070.0934 141.1441 1183.5150 174.6568 1.4766 1.6055 4.2294 23.5055 0.0794 32.8481 -0.1236 0.1844
Car -1 -1 1.6371 180.0130 175.3626 210.0876 198.8114 1.6152 1.6198 3.9818 -30.0025 1.8045 52.3034 1.1183 0.1791
Car -1 -1 2.1129 116.8397 187.2684 200.1181 222.4561 1.4373 1.4691 3.7780 -20.4724 2.1328 32.9223 1.5600 0.1612
Car -1 -1 2.8468 849.6495 144.6432 960.1432 180.4375 1.5905 1.6743 4.3910 13.4654 0.3370 33.0897 3.2302 0.1508
Car -1 -1 1.6576 0.0000 195.1685 49.1625 235.1387 1.4497 1.6342 3.7065 -24.7920 2.4512 30.3895 0.9775 0.1450
Car -1 -1 -0.5524 989.7717 167.6878 1068.6559 194.0261 1.5450 1.5982 3.8116 25.0732 1.2419 43.1796 -0.0295 0.1436
Car -1 -1 -0.3633 910.3810 161.9596 1078.1597 213.9278 1.5991 1.6831 4.4748 12.2947 1.2638 23.2982 0.1167 0.1424
Car -1 -1 4.5648 356.7551 173.2548 407.2209 208.1199 1.4913 1.6566 3.8419 -10.4559 1.5108 33.0000 4.2599 0.1384
Car -1 -1 1.8630 272.8987 186.4764 338.8044 222.6078 1.4769 1.6191 4.3159 -13.9581 2.1496 33.4031 1.4696 0.1367
Car -1 -1 2.2205 0.0000 207.9799 36.3713 266.2802 1.4551 1.6261 3.5971 -19.7040 2.6209 22.0945 1.4981 0.1340
Car -1 -1 4.5800 314.1255 174.2463 353.5845 201.9708 1.5290 1.6565 3.8858 -16.1251 1.6143 42.1064 4.2161 0.1327
Car -1 -1 1.6570 1033.0914 174.2930 1171.1965 281.4191 1.4650 1.5845 3.7801 8.2097 1.4927 11.8891 2.2492 0.1284
Car -1 -1 -0.9428 1082.0623 163.4679 1218.7994 213.2604 1.5523 1.6367 3.9306 17.8726 1.2597 23.8663 -0.3062 0.1274
Car -1 -1 3.7820 309.6004 172.9864 382.4826 199.0550 1.4423 1.4814 3.7720 -15.0332 1.4501 41.1852 3.4338 0.1188
Car -1 -1 -0.0953 705.3275 157.1526 824.7552 199.9056 1.5272 1.5791 4.1976 5.6893 0.9663 26.7931 0.1114 0.1154
Car -1 -1 -0.5401 934.5223 148.9060 1046.9832 184.2797 1.5619 1.6741 4.2744 17.2836 0.5045 32.8197 -0.0590 0.1099
Car -1 -1 5.1243 323.8959 170.2811 379.1820 197.5019 1.5078 1.5882 3.9040 -14.9363 1.3653 41.9708 4.7842 0.1021
Car -1 -1 4.5658 356.8783 173.6713 392.6995 199.6232 1.5301 1.5808 3.7608 -14.5789 1.5830 44.7048 4.2520 0.1011
Car -1 -1 1.1448 991.6312 166.2346 1049.2126 191.9606 1.4912 1.5882 3.8193 24.8591 1.1075 43.7946 1.6580 0.0993
Car -1 -1 4.3268 0.0000 202.4358 30.3743 256.0258 1.4696 1.7184 4.2854 -20.9459 2.5000 23.4106 3.6025 0.0958
Car -1 -1 1.3646 1008.7047 184.2848 1215.1342 311.1221 1.4579 1.6344 4.0945 7.2701 1.6654 10.8949 1.9398 0.0913
Car -1 -1 1.9991 172.6724 170.2115 234.0719 199.8329 1.6018 1.6507 3.6623 -22.9492 1.4589 40.9092 1.4905 0.0890
Car -1 -1 2.2582 0.0000 192.2265 81.4586 221.7042 1.4802 1.6637 3.9121 -32.1572 2.6287 40.8020 1.5937 0.0840
Car -1 -1 5.0650 340.7137 172.0606 392.4998 199.2840 1.5029 1.5852 3.8982 -14.0075 1.4591 41.8054 4.7433 0.0806
Car -1 -1 -0.3617 758.3206 176.1763 883.2114 217.4922 1.4690 1.5459 4.1661 7.7777 1.5965 26.7480 -0.0822 0.0794
Car -1 -1 4.2375 996.5532 165.5724 1058.6744 192.0535 1.5597 1.6363 4.0485 25.7271 1.1308 44.5566 4.7581 0.0774
Car -1 -1 5.1999 110.2748 178.7819 251.3319 255.7282 2.1089 1.7951 4.5876 -13.1180 2.3125 22.4583 4.6761 0.0771
Car -1 -1 1.0927 994.2811 167.0966 1059.8990 196.8571 1.6690 1.6530 4.0552 24.5145 1.3461 42.5256 1.6124 0.0765
Car -1 -1 -0.2939 750.0540 149.9093 849.3879 181.9107 1.5344 1.6428 4.4400 9.3068 0.4342 35.5046 -0.0396 0.0747
Car -1 -1 3.5672 0.0000 207.4709 31.3397 264.7010 1.4774 1.6335 3.9549 -20.1308 2.5853 21.7010 2.8254 0.0746
Car -1 -1 0.6275 1138.0906 155.0186 1242.0000 245.6313 1.4459 1.5746 3.8185 12.3433 1.1613 13.5469 1.3555 0.0743
Car -1 -1 1.4063 270.3242 187.0190 329.2358 228.3150 1.5598 1.6885 3.9970 -13.2992 2.2076 30.8597 1.0021 0.0742
Car -1 -1 4.0682 1116.5535 147.1787 1200.3823 177.7707 1.6603 1.7296 4.0172 31.2027 0.2668 41.1692 4.7133 0.0728
Car -1 -1 4.6545 774.2271 172.4009 823.1132 214.1588 1.4759 1.5683 3.7398 7.1372 1.4599 27.4881 4.9055 0.0710
Car -1 -1 1.5731 116.9523 187.1471 165.1970 229.1212 1.5777 1.6298 4.1903 -19.9838 2.2321 30.8266 1.0017 0.0700
Car -1 -1 4.9113 255.8956 171.7322 298.6431 198.7899 1.5925 1.6462 3.9110 -20.4582 1.5265 44.5577 4.4829 0.0690
Car -1 -1 0.3339 152.2039 174.9463 231.7598 201.1497 1.4873 1.5918 3.7156 -24.3963 1.6131 42.2621 -0.1871 0.0664
Car -1 -1 2.9167 326.4648 186.0488 411.0553 218.9398 1.5385 1.5335 3.8403 -12.2366 2.2403 36.7257 2.5968 0.0643
Car -1 -1 1.5627 54.8834 193.7986 108.6395 237.1551 1.5054 1.6562 3.9157 -21.2901 2.4107 29.1178 0.9355 0.0624
Car -1 -1 5.0530 68.9862 192.2538 149.2752 229.3590 1.4219 1.6082 4.2253 -22.2419 2.3495 32.2497 4.4529 0.0624
Car -1 -1 4.4378 1111.4401 160.7005 1242.0000 233.3728 1.4169 1.6123 3.8521 12.7169 1.1799 16.1554 5.0956 0.0616
Car -1 -1 4.8314 148.1004 177.9628 189.0887 206.2699 1.5691 1.6127 3.9057 -26.1403 1.8876 42.8707 4.2864 0.0615