Car -1 -1 2.2706 0.0000 186.0339 100.5577 327.3084 1.5032 1.5640 3.6321 -8.9822 1.7168 9.8556 1.5449 0.7939
Car -1 -1 1.8231 372.5864 173.1504 433.5645 207.6689 1.6158 1.8203 4.6406 -10.2476 1.6316 36.1548 1.5485 0.6354
Car -1 -1 4.6545 586.2547 170.7668 615.7535 196.2666 1.5867 1.6714 4.3730 -0.6023 1.4569 47.1382 4.6414 0.4975
Car -1 -1 4.9523 3.9662 172.0643 71.9809 207.3520 1.4907 1.5710 3.5914 -25.6067 1.4574 32.4410 4.2880 0.2335
Car -1 -1 1.6462 468.4017 177.7722 490.3309 195.8857 1.4713 1.5510 3.9412 -11.1120 1.9062 61.7554 1.4686 0.2260
Car -1 -1 4.6386 535.4654 176.2362 566.5908 202.9793 1.5647 1.6420 3.8490 -3.6690 1.7840 44.7571 4.5568 0.2171
Car -1 -1 1.4651 268.6805 178.0644 292.8911 196.2642 1.5458 1.5814 3.7914 -29.4030 2.0261 64.4834 1.0386 0.1516
Car -1 -1 1.6122 471.3081 173.2753 496.3824 196.3748 1.5673 1.5801 4.0279 -8.8722 1.5983 51.1312 1.4410 0.1455
Car -1 -1 4.6678 254.3934 169.0356 279.7264 192.5376 1.9056 1.7389 4.4555 -28.9264 1.5960 60.8810 4.2257 0.1187
Car -1 -1 0.4872 0.0000 169.1363 72.7866 205.4005 1.5185 1.6015 3.8103 -25.9145 1.3629 31.3755 -0.1991 0.1131
Car -1 -1 4.9584 503.5859 168.1583 537.6918 191.1236 1.6440 1.6244 3.8530 -6.5705 1.3078 53.6634 4.8369 0.1084
Car -1 -1 1.6847 469.4848 177.2980 510.7759 208.0284 1.4344 1.5897 4.0843 -5.9584 1.6711 36.3574 1.5230 0.0976
Car -1 -1 3.3890 469.1050 171.6902 528.8589 192.9261 1.5210 1.6426 4.0331 -8.0490 1.4376 52.6897 3.2379 0.0968
Car -1 -1 -0.0216 533.3868 177.6377 588.8204 203.3583 1.5126 1.5813 3.2913 -2.9474 1.8086 43.7135 -0.0890 0.0966
Car -1 -1 1.2139 45.9150 191.3078 110.5157 221.7132 1.4629 1.5962 3.6724 -28.3130 2.4886 38.4267 0.5820 0.0930
Car -1 -1 1.7329 73.7581 184.2921 115.3945 209.2401 1.5417 1.6324 4.1581 -34.8063 2.3515 48.8568 1.1163 0.0906
Car -1 -1 4.7469 587.1751 171.2125 612.9177 195.1391 1.4591 1.5147 3.3319 -0.5729 1.3590 45.6836 4.7340 0.0879
Car -1 -1 1.7387 443.2895 181.8199 487.0901 212.5984 1.4192 1.5433 3.7684 -7.2022 1.8938 36.2846 1.5437 0.0805
Car -1 -1 5.3541 0.0000 168.7780 69.3411 205.5911 1.4954 1.5917 3.8226 -25.5710 1.3299 31.2520 4.6724 0.0800
Car -1 -1 1.6871 81.8645 190.7238 126.5889 220.9133 1.4600 1.5512 3.8235 -27.5138 2.4861 39.3763 1.0802 0.0781
Car -1 -1 1.8837 456.3492 175.5465 492.4597 197.1287 1.6883 1.6622 4.3161 -11.0476 1.9178 59.2505 1.6998 0.0770
Car -1 -1 3.7981 0.0000 182.7276 100.9292 305.6500 1.6121 1.7126 4.2163 -10.2963 1.7729 10.6906 3.0439 0.0694
Car -1 -1 1.3627 478.2501 179.7062 507.6660 199.8931 1.4809 1.5210 3.7695 -9.1355 2.0353 56.3438 1.2023 0.0686
Car -1 -1 1.5377 476.6815 179.2915 509.5753 209.0520 1.4510 1.5868 3.9157 -6.1965 1.8099 38.1506 1.3773 0.0641
Car -1 -1 1.8270 315.8173 186.0480 409.4892 245.0991 1.4577 1.5587 3.9935 -6.9738 1.8748 20.7672 1.5063 0.0620
Car -1 -1 1.9226 376.9575 194.3770 445.4298 233.3531 1.4324 1.6703 3.4650 -8.2524 2.3900 30.3025 1.6583 0.0615
Car -1 -1 4.8629 113.6199 177.2140 148.9877 200.7010 1.6272 1.6152 3.6532 -34.9001 1.9579 52.7272 4.2804 0.0610
Car -1 -1 1.6043 453.4278 182.7043 490.7073 217.2319 1.4827 1.5976 4.1670 -6.5006 1.9822 34.4096 1.4185 0.0602
Car -1 -1 0.8684 0.0000 187.6459 101.9809 319.7488 1.5304 1.6035 3.9398 -9.2134 1.7487 9.6183 0.1183 0.0601
Car -1 -1 2.0801 471.1226 177.7599 511.3579 195.4835 1.4435 1.6363 4.0818 -10.1506 1.8812 62.1798 1.9186 0.0594
Car -1 -1 4.9712 463.3950 172.0341 498.5872 194.2698 1.5837 1.6247 3.8617 -9.4668 1.5253 53.3825 4.7962 0.0584
Car -1 -1 1.5445 59.3373 185.8919 103.3979 220.5520 1.5451 1.6739 4.1854 -26.3643 2.2342 35.9671 0.9153 0.0568
Car -1 -1 5.3059 0.0000 184.6098 176.4625 353.4469 1.4998 1.6130 3.9553 -7.1124 1.6751 8.7256 4.6367 0.0567
Car -1 -1 5.1048 33.1207 182.2129 116.7429 219.3614 1.5318 1.6479 3.9971 -24.3025 1.9871 32.9660 4.4732 0.0565
Car -1 -1 3.4486 564.6116 171.1221 627.6757 195.5708 1.5206 1.5597 3.7367 -0.8487 1.4128 46.1540 3.4300 0.0546
Car -1 -1 1.7742 580.7130 171.3445 620.5855 198.8159 1.5837 1.6475 3.9506 -0.4903 1.4967 43.6918 1.7626 0.0534
Car -1 -1 5.5510 0.0000 180.9194 104.5161 226.9150 1.4836 1.6070 3.9793 -20.6837 1.7989 26.1077 4.8858 0.0527
Car -1 -1 1.8147 52.8039 183.5753 102.6907 209.5529 1.5110 1.6275 3.9856 -33.7546 2.2250 45.8976 1.1832 0.0521
Car -1 -1 4.1101 0.0000 186.7953 38.4971 351.6892 1.4961 1.5965 4.1381 -8.7399 1.6682 7.8188 3.2862 0.0520
Car -1 -1 1.3141 463.8810 175.7874 498.2762 197.5085 1.6568 1.6859 4.2878 -10.3579 1.9017 57.9558 1.1377 0.0520
Car -1 -1 2.3015 107.7156 189.3537 204.4599 224.7495 1.4832 1.6370 3.9928 -21.4401 2.3159 34.3086 1.7463 0.0513
Car -1 -1 -0.2944 617.2046 165.4144 675.1917 186.9425 1.5715 1.6903 4.0140 2.7273 1.0284 53.9747 -0.2445 0.0503