Car -1 -1 5.1909 125.8980 185.6608 333.1731 286.9824 1.4279 1.5938 3.6929 -6.3202 1.6827 12.4994 4.7308 0.9752
Car -1 -1 4.8665 489.4674 178.8136 555.2761 225.8748 1.4704 1.6868 3.7638 -2.9294 1.6922 24.9407 4.7502 0.9080
Car -1 -1 4.7084 510.8467 167.5310 534.1520 189.8007 1.5974 1.6630 4.1139 -6.5099 1.2156 53.9013 4.5885 0.3994
Car -1 -1 4.7845 555.1895 172.0773 581.0211 193.4902 1.5396 1.6325 4.1336 -3.0633 1.4838 53.9586 4.7277 0.3693
Car -1 -1 5.3740 123.9884 180.0016 198.3675 208.4942 1.5294 1.5977 3.8847 -25.8555 1.9630 41.7598 4.8223 0.2855
Car -1 -1 4.1929 976.4924 147.1921 1119.2894 203.1501 1.3672 1.5599 3.8697 11.6985 0.7402 19.5737 4.7249 0.1334
Car -1 -1 4.5625 485.0244 168.5464 511.7027 188.6015 1.6397 1.6579 3.9820 -9.4529 1.2875 61.1405 4.4095 0.1320
Car -1 -1 3.8155 460.1328 164.5295 524.4350 189.3396 1.6304 1.6882 4.1886 -8.0063 1.0833 49.1784 3.6548 0.1257
Car -1 -1 4.4212 1033.2025 141.1181 1149.1833 199.9222 1.4023 1.5300 3.6969 12.6529 0.6455 19.1949 4.9970 0.1196
Car -1 -1 5.3074 491.1843 165.1294 542.5347 189.1979 1.5809 1.6864 3.7294 -6.3058 1.0735 49.4371 5.1809 0.1149
Car -1 -1 5.0794 241.9342 178.2421 283.7450 200.5989 1.5983 1.5848 3.7857 -26.1192 2.0197 54.4726 4.6340 0.1121
Car -1 -1 0.3307 186.7762 183.8288 241.9584 199.6611 1.4444 1.5650 4.3228 -37.4918 2.5040 68.5313 -0.1685 0.1095
Car -1 -1 -0.8913 1054.1376 139.5624 1229.9717 199.2244 1.4296 1.5743 3.8681 13.6615 0.6319 18.5536 -0.2641 0.1082
Car -1 -1 3.8636 217.2799 181.0867 276.5060 202.1360 1.4984 1.6076 3.8275 -26.9378 2.1246 53.6172 3.3998 0.0990
Car -1 -1 -0.3573 541.6176 180.1478 662.1993 224.0152 1.4710 1.6403 4.0591 -0.2805 1.7509 26.1897 -0.3687 0.0791
Car -1 -1 1.8543 107.3491 183.0493 163.5956 213.9699 1.5241 1.5467 3.6970 -25.4635 2.1015 38.8724 1.2773 0.0778
Car -1 -1 4.7153 597.6188 167.3494 617.8218 187.5956 1.6817 1.6781 3.5313 -0.1525 1.2244 61.6967 4.7125 0.0759
Car -1 -1 1.7144 274.8826 188.6300 331.9726 227.7045 1.4507 1.6516 4.0858 -12.9541 2.1705 30.7359 1.3182 0.0733
Car -1 -1 1.5972 314.3728 181.1374 339.8503 204.2252 1.4965 1.5451 3.9944 -19.7091 2.1002 50.4451 1.2263 0.0715
Car -1 -1 -0.7140 337.7966 192.6016 598.7933 313.4643 1.4640 1.5865 3.9686 -2.0530 1.8332 11.4472 -0.8887 0.0659
Car -1 -1 1.5436 551.6085 176.0141 597.5798 218.8881 1.5145 1.6467 4.1418 -1.4124 1.6461 27.9296 1.4929 0.0612
Car -1 -1 1.6295 509.7318 175.0986 561.4056 218.7701 1.5352 1.7156 4.3171 -2.7704 1.6285 27.7816 1.5305 0.0599
Car -1 -1 1.0470 998.0061 135.1123 1170.4053 207.5628 1.5570 1.6452 4.0720 11.3134 0.7459 17.5736 1.6114 0.0566
Car -1 -1 0.4968 262.5678 191.5890 355.4486 225.3541 1.4572 1.5959 3.6260 -13.7974 2.3453 33.2167 0.1056 0.0548
Car -1 -1 1.7188 534.2196 176.7536 567.1804 200.0868 1.4981 1.6458 4.1091 -3.9627 1.7751 49.1359 1.6383 0.0545
Car -1 -1 4.0779 93.3340 182.5277 168.0442 210.6690 1.5030 1.5955 3.7962 -27.1446 2.0703 40.9074 3.4949 0.0528
Car -1 -1 1.6349 471.6617 174.6923 499.5094 197.9817 1.5481 1.6541 4.0877 -8.6216 1.6820 50.4166 1.4661 0.0524
Car -1 -1 0.8287 476.4540 191.5583 566.3566 230.2088 1.4377 1.6699 3.7564 -3.7613 2.2761 30.4884 0.7063 0.0518
Car -1 -1 0.7950 136.6222 185.0450 204.4018 210.6620 1.5815 1.6100 3.7473 -28.5688 2.3962 46.9747 0.2509 0.0511
Car -1 -1 3.7528 483.0276 166.3794 548.2012 190.8890 1.5819 1.6916 4.0940 -6.2934 1.1640 48.2668 3.6236 0.0510