Car -1 -1 2.1289 33.8685 193.9334 243.2525 290.5992 1.4696 1.5790 3.6006 -8.5889 1.9184 13.5574 1.5727 0.9638
Car -1 -1 1.8002 420.7563 179.0291 467.9407 211.2207 1.5773 1.5753 3.8795 -8.6481 1.9196 38.0458 1.5777 0.7850
Car -1 -1 4.6279 594.7972 176.8176 625.9250 202.6792 1.5274 1.6199 3.9541 0.0093 1.7873 45.2768 4.6276 0.7696
Car -1 -1 2.1551 13.6842 193.9518 194.6848 265.5459 1.4215 1.5988 4.0469 -12.0409 1.9942 17.5549 1.5608 0.7588
Car -1 -1 1.6078 34.6310 185.0511 81.1889 220.7502 1.5697 1.6421 4.1134 -26.9613 2.2038 35.3554 0.9598 0.4456
Car -1 -1 1.8209 366.5902 187.6690 448.1946 238.3633 1.4391 1.6206 3.9680 -6.5129 1.9657 23.6476 1.5544 0.2987
Car -1 -1 1.5733 170.9174 185.2351 197.0609 207.9722 1.4929 1.5593 3.7546 -30.4066 2.4126 51.5831 1.0427 0.2751
Car -1 -1 1.6517 192.9333 192.0113 252.5224 237.9977 1.5223 1.6860 4.0368 -14.8649 2.3210 27.8953 1.1657 0.2151
Car -1 -1 4.7233 223.2207 184.4537 267.9563 224.0210 1.4817 1.5788 3.6050 -15.1616 1.9978 30.1387 4.2605 0.2040
Car -1 -1 2.2501 0.0000 189.9097 110.4110 253.0051 1.4729 1.5867 3.8093 -15.8183 1.9860 19.7922 1.5823 0.1983
Car -1 -1 2.4576 0.0000 194.4971 84.8076 263.3023 1.4397 1.6125 3.9630 -15.9263 2.0578 18.5107 1.7542 0.1347
Car -1 -1 5.4009 0.0000 165.8333 220.9188 333.6598 1.5122 1.6350 4.0919 -6.6155 1.4490 8.5833 4.7590 0.1276
Car -1 -1 1.7804 0.0000 203.2414 41.8576 256.6950 1.4449 1.7114 4.2230 -20.7001 2.5657 24.3463 1.0810 0.1273
Car -1 -1 1.6438 423.6066 186.3859 481.3247 235.6223 1.4193 1.5744 3.8743 -5.1311 1.9063 23.9395 1.4343 0.1151
Car -1 -1 1.8333 380.1660 180.4290 458.5142 227.8912 1.4874 1.6093 4.1993 -6.5810 1.7761 25.3934 1.5817 0.1069
Car -1 -1 5.2815 17.7753 188.8862 160.1422 247.4029 1.4924 1.6155 3.7725 -15.2324 2.0100 21.3742 4.6680 0.1028
Car -1 -1 1.4717 142.9626 186.5528 177.2781 209.7042 1.4788 1.6691 3.9263 -31.5421 2.4786 50.5983 0.9164 0.0837
Car -1 -1 1.8130 409.3391 180.6262 471.3092 219.9763 1.4212 1.5439 3.6810 -6.6399 1.7497 28.6441 1.5868 0.0832
Car -1 -1 1.5514 165.8942 182.0282 195.9955 207.5673 1.5921 1.6762 4.1342 -28.9924 2.2401 48.7600 1.0171 0.0808
Car -1 -1 0.6066 153.1570 185.2890 265.6699 224.3087 1.4890 1.6150 3.7256 -16.1289 2.0089 29.1688 0.1051 0.0789
Car -1 -1 2.1901 35.7152 187.5189 187.7072 247.3140 1.4864 1.5944 3.9642 -14.2298 1.9524 20.9225 1.5985 0.0780
Car -1 -1 1.7794 259.4100 183.9508 291.6907 205.1164 1.6071 1.6076 3.9559 -27.3119 2.5485 59.1019 1.3480 0.0760
Car -1 -1 1.4770 0.0000 194.8099 20.1047 226.6875 1.4684 1.6346 3.7757 -32.1711 2.6755 37.7653 0.7748 0.0708
Car -1 -1 1.7208 415.3131 183.0524 480.2255 230.3057 1.4539 1.6091 3.9828 -5.5411 1.8378 25.1209 1.5054 0.0703
Car -1 -1 3.0051 117.3447 185.1139 235.6068 227.5536 1.4837 1.6168 3.7658 -16.8058 1.9914 28.0729 2.4696 0.0696
Car -1 -1 1.9796 130.1755 181.8177 185.2712 207.1994 1.5615 1.6422 3.9919 -29.9562 2.1834 47.9649 1.4236 0.0693
Car -1 -1 1.6889 451.3249 181.4973 502.2334 220.4631 1.4213 1.5761 3.7464 -5.2849 1.7927 29.0862 1.5102 0.0680
Car -1 -1 1.4858 193.0257 187.0421 233.4294 217.6094 1.5716 1.6828 4.2913 -22.8004 2.4308 41.4415 0.9852 0.0676
Car -1 -1 2.0439 0.8906 162.5121 318.6340 319.5868 1.4814 1.6028 3.7409 -5.0076 1.3839 8.7035 1.5345 0.0669
Car -1 -1 1.8910 0.0000 208.2836 56.7755 257.8872 1.4357 1.7190 3.5551 -21.3304 2.7925 25.6630 1.2025 0.0669
Car -1 -1 1.6922 13.5072 204.0894 83.6508 249.3548 1.4813 1.7130 3.9354 -22.1960 2.8152 28.6819 1.0379 0.0663
Car -1 -1 0.6729 202.1775 193.4969 317.0893 233.2934 1.4579 1.6772 3.9844 -14.0374 2.3239 29.0058 0.2254 0.0641
Car -1 -1 1.7642 0.0000 208.9199 77.1285 255.7985 1.4483 1.6824 3.5910 -21.5607 2.9131 27.3228 1.1006 0.0625
Car -1 -1 5.1529 76.3431 186.1095 193.5797 241.3573 1.4929 1.5641 3.7481 -14.5737 1.9404 22.3987 4.5813 0.0623
Car -1 -1 1.5228 596.5389 173.7752 626.7552 200.7074 1.5536 1.6454 3.7502 0.0879 1.6117 43.6634 1.5243 0.0609
Car -1 -1 3.0701 356.4986 187.0101 482.4737 235.3848 1.4701 1.5663 3.9548 -6.3519 1.9701 24.1097 2.8146 0.0592
Car -1 -1 5.1091 74.4643 192.9122 207.1744 258.8563 1.4589 1.5677 3.8288 -12.2926 2.0489 19.2078 4.5458 0.0569
Car -1 -1 1.7147 214.2377 183.2825 248.7044 206.8913 1.5294 1.5899 3.9260 -26.5308 2.2932 50.7273 1.2347 0.0538
Car -1 -1 1.7391 648.2021 178.8360 686.2701 205.3627 1.4739 1.6335 3.9330 3.4940 1.8491 43.1477 1.8189 0.0532
Car -1 -1 1.6513 68.2500 185.9174 115.2122 220.2016 1.5432 1.5878 3.8587 -25.8514 2.2344 36.1148 1.0333 0.0528
Car -1 -1 2.1740 172.4541 184.4543 237.2328 210.8278 1.4919 1.5938 3.8184 -24.8969 2.2397 44.5328 1.6666 0.0520
Car -1 -1 4.1495 0.0000 188.5611 91.7908 248.4170 1.4845 1.6158 4.0103 -16.6265 1.9510 20.0302 3.4632 0.0516
Car -1 -1 1.5461 424.8541 173.9816 443.7757 190.2980 1.4797 1.6314 4.1383 -16.5269 1.5893 67.9500 1.3082 0.0516
Car -1 -1 3.3505 405.8095 178.7267 487.4109 209.6186 1.5840 1.6052 3.9583 -8.5656 1.9011 38.1348 3.1306 0.0512
Car -1 -1 0.9866 36.0089 194.3305 101.2826 220.3626 1.6243 1.6491 3.9262 -36.6079 3.1208 48.8388 0.3458 0.0512