Car -1 -1 1.7769 522.7373 180.5934 601.4120 234.5600 1.4295 1.6222 3.6516 -1.3286 1.6817 21.5878 1.7154 0.9541
Car -1 -1 2.0530 0.0000 208.7580 430.4404 375.0000 1.4644 1.6105 3.8746 -2.4229 1.7853 4.5011 1.5820 0.9417
Car -1 -1 1.5693 520.1921 183.0347 542.4698 205.1865 1.4902 1.5466 3.6834 -5.6626 2.2540 52.2161 1.4613 0.4876
Car -1 -1 1.3966 516.0454 177.9695 541.0283 195.6339 1.4774 1.5489 3.8139 -7.1673 1.9426 63.5796 1.2844 0.1319
Car -1 -1 5.1250 531.0405 176.3210 592.3477 207.8535 1.5124 1.6713 4.0499 -2.4042 1.7021 37.2782 5.0606 0.1252
Car -1 -1 3.5694 427.3081 172.0476 543.9097 211.3039 1.4259 1.6177 4.0789 -4.7055 1.3966 27.5132 3.4011 0.1247
Car -1 -1 4.1955 539.2282 172.9433 582.6957 194.0834 1.5491 1.6024 3.8599 -3.7355 1.5561 54.9400 4.1276 0.1124
Car -1 -1 4.7503 552.8862 171.6016 585.8782 202.1739 1.5351 1.5949 3.7750 -2.0797 1.4722 38.1300 4.6957 0.0951
Car -1 -1 1.7193 518.0540 183.2956 549.0101 206.6716 1.5158 1.5620 4.1878 -5.3101 2.2820 50.8146 1.6153 0.0852
Car -1 -1 1.7262 575.5388 177.5033 600.3600 195.7061 1.4767 1.5431 3.8164 -1.8123 1.8861 61.5418 1.6965 0.0837
Car -1 -1 0.2611 500.0816 182.6028 556.6661 204.8368 1.5290 1.5251 3.7513 -5.7828 2.2396 51.5599 0.1495 0.0813
Car -1 -1 3.2733 541.4058 173.7975 622.5651 204.5098 1.5322 1.6513 3.9832 -1.3809 1.5820 37.0685 3.2359 0.0726
Car -1 -1 1.5151 550.6579 176.6782 577.2278 199.3817 1.5604 1.7088 3.7938 -3.3358 1.8478 52.2457 1.4512 0.0686
Car -1 -1 2.6605 524.4602 177.3649 612.8414 210.0974 1.5339 1.6636 4.1067 -2.0242 1.7704 36.0652 2.6043 0.0679
Car -1 -1 1.4052 535.8251 177.8776 583.8367 210.6780 1.4620 1.6790 3.9928 -2.4670 1.7202 34.9523 1.3347 0.0642
Car -1 -1 1.9445 500.8683 182.1927 545.1877 206.2138 1.5238 1.6133 4.1821 -5.9080 2.1962 49.7292 1.8264 0.0611
Car -1 -1 3.0528 509.5670 180.3093 567.9307 201.7702 1.5136 1.6263 4.1297 -5.2077 2.0723 52.8935 2.9547 0.0586
Car -1 -1 4.8380 538.8552 169.9485 590.4139 208.1781 1.4243 1.5908 3.7325 -1.7283 1.3161 28.7968 4.7781 0.0583
Car -1 -1 5.0651 121.8267 185.9836 248.6197 258.4520 1.5572 1.5476 3.6337 -10.4874 1.9218 18.1196 4.5464 0.0558
Car -1 -1 1.7805 481.4702 185.3440 516.1837 207.7108 1.4551 1.6396 3.9840 -7.8190 2.3776 51.2531 1.6294 0.0548
Car -1 -1 1.6747 545.2311 175.9732 572.8435 198.3071 1.5741 1.6301 4.0225 -3.7055 1.8140 53.4619 1.6054 0.0545
Car -1 -1 1.5644 507.2281 186.2181 543.0789 220.1238 1.4444 1.6012 3.9148 -4.0330 2.1192 34.3881 1.4479 0.0540