Car -1 -1 4.6768 588.9921 181.9940 631.9699 220.1795 1.4891 1.7044 4.1966 -0.0216 1.9123 31.2842 4.6755 0.8926
Car -1 -1 1.7793 425.5231 188.7387 458.8060 209.5316 1.5275 1.7364 4.5220 -13.5800 2.8713 58.7617 1.5527 0.6603
Car -1 -1 1.9103 414.0225 186.8689 453.9152 209.0578 1.5705 1.6541 4.3605 -13.6117 2.7053 56.1701 1.6732 0.1557
Car -1 -1 1.1314 426.4378 185.7067 471.1322 207.6669 1.5272 1.6707 4.2537 -12.2779 2.5449 54.9390 0.9121 0.0857
Car -1 -1 1.4452 419.0305 189.6927 447.2911 210.9539 1.5280 1.6994 3.9943 -14.0780 2.9195 57.4594 1.2055 0.0710
Car -1 -1 4.5815 357.8310 181.6969 381.6723 200.8490 1.6443 1.5982 3.6866 -21.8935 2.4754 65.8085 4.2613 0.0671
Car -1 -1 1.8301 356.4461 185.4633 386.1392 203.4584 1.5949 1.7254 3.9667 -22.6861 2.8332 68.8265 1.5125 0.0629
Car -1 -1 1.8537 463.7404 183.5038 498.0414 203.2016 1.4384 1.6135 3.9924 -10.1194 2.3103 56.9998 1.6784 0.0605
Car -1 -1 2.1349 397.0918 184.4429 446.3954 206.6420 1.5479 1.6269 4.2119 -14.2350 2.4661 54.9175 1.8820 0.0586
Car -1 -1 3.2317 443.1533 183.3923 499.4856 203.9167 1.5334 1.6199 4.1602 -10.6808 2.3654 55.9540 3.0435 0.0571
Car -1 -1 1.9085 379.3190 185.4526 416.6581 205.3978 1.4523 1.6356 3.8713 -16.6681 2.4822 57.0114 1.6249 0.0555
Car -1 -1 5.3103 363.0416 181.3303 401.9623 198.8989 1.5222 1.6186 3.6919 -20.8690 2.3263 66.4482 5.0068 0.0503