Car -1 -1 4.5201 641.4902 174.5552 727.7657 234.2626 1.5101 1.6424 4.1844 2.0165 1.5636 20.5334 4.6158 0.9665
Car -1 -1 1.7404 424.5481 182.5199 519.1893 253.1291 1.4053 1.5425 3.4964 -3.0520 1.6511 16.5967 1.5606 0.9461
Car -1 -1 3.7010 0.0000 191.7253 222.3532 358.0324 1.5018 1.6471 3.7429 -6.4999 1.7328 7.7919 3.0224 0.8514
Car -1 -1 4.5832 605.2847 172.8928 634.2036 196.0516 1.6737 1.6739 3.9444 0.7279 1.6767 54.2093 4.5961 0.6954
Car -1 -1 3.3444 305.0100 179.2641 452.9073 225.2800 1.4074 1.6399 4.3192 -7.3683 1.6243 23.3855 3.0420 0.6054
Car -1 -1 3.9282 0.0000 224.7686 49.9794 375.0000 1.4397 1.5558 3.8731 -6.6875 1.8878 5.2766 3.0503 0.3880
Car -1 -1 0.1434 457.8078 160.6107 525.4888 182.8254 1.5277 1.6703 4.4803 -8.2107 0.6857 50.4944 -0.0171 0.3694
Car -1 -1 0.8999 920.6289 253.3207 1242.0000 375.0000 1.4589 1.6178 3.5735 2.4289 1.9177 2.2656 1.6553 0.3653
Car -1 -1 2.2848 289.4457 175.9451 382.7120 213.8224 1.4562 1.5021 3.8103 -11.3183 1.5940 30.1213 1.9280 0.3202
Car -1 -1 1.5798 352.2848 168.9722 378.3685 190.7643 1.4949 1.7040 3.7744 -17.4246 1.2286 51.5555 1.2553 0.3086
Car -1 -1 2.1273 446.7957 167.9839 516.9465 203.1974 1.7205 1.6689 4.0935 -6.5529 1.4826 37.4641 1.9550 0.3003
Car -1 -1 2.4243 29.9194 174.8019 174.7401 223.6351 1.4214 1.5281 3.6922 -16.1054 1.4892 23.1383 1.8214 0.2871
Car -1 -1 4.6133 703.2550 167.3131 728.7339 187.0075 1.5078 1.6164 3.8887 8.4058 1.0836 57.2210 4.7582 0.2614
Car -1 -1 4.8362 410.8105 178.9772 463.3810 219.6283 1.5048 1.6220 3.5852 -6.8974 1.7680 29.1414 4.6054 0.2344
Car -1 -1 2.2265 0.0000 185.5946 108.1780 231.4395 1.4552 1.5963 4.0614 -20.3182 1.9513 26.0641 1.5692 0.2229
Car -1 -1 4.9073 514.0007 168.7457 541.1314 187.4352 1.5887 1.6427 3.8829 -7.1623 1.2395 63.3366 4.7949 0.2189
Car -1 -1 1.5804 516.2750 176.8956 538.3074 197.8154 1.5969 1.6998 4.2840 -6.6075 1.9351 58.1540 1.4674 0.1518
Car -1 -1 1.2245 873.0604 246.6657 1242.0000 375.0000 1.3785 1.5782 3.7713 2.4831 1.9646 3.7227 1.7747 0.1465
Car -1 -1 4.7830 3.9034 176.7316 49.7875 206.4752 1.5013 1.6366 4.0456 -31.5134 1.7229 39.1049 4.1079 0.1432
Car -1 -1 2.5990 0.0000 183.0785 142.3960 226.9814 1.4477 1.6067 4.0445 -19.9979 1.8609 26.9824 1.9658 0.1423
Car -1 -1 2.2851 59.2913 186.5066 234.6816 256.4260 1.4049 1.5037 3.5739 -10.7740 1.7645 17.1175 1.7301 0.1330
Car -1 -1 -0.6244 935.4081 233.9132 1242.0000 375.0000 1.5042 1.6181 4.0397 3.5518 1.8396 2.6866 0.2459 0.1308
Car -1 -1 1.6695 476.9447 175.5091 518.1044 208.3745 1.5572 1.6445 4.3117 -5.6419 1.7005 36.7392 1.5178 0.1280
Car -1 -1 1.9940 334.4608 173.0206 404.6006 207.3192 1.4507 1.5407 3.8549 -10.7342 1.4586 32.5356 1.6774 0.1157
Car -1 -1 3.2591 439.7769 173.8446 520.1934 205.6702 1.6536 1.6803 4.0525 -6.8618 1.7078 38.5067 3.0835 0.1118
Car -1 -1 2.7612 44.8371 183.1329 159.3473 218.2975 1.5144 1.6328 4.1770 -24.1956 2.0378 34.5484 2.1537 0.1052
Car -1 -1 4.6562 293.8474 171.9009 322.8898 195.9034 1.5791 1.6286 3.9273 -20.7294 1.5164 49.5917 4.2619 0.1046
Car -1 -1 0.6184 0.0000 188.4064 107.4875 222.0580 1.4713 1.5825 3.7448 -25.5340 2.2051 33.1904 -0.0337 0.1010
Car -1 -1 3.7017 0.0000 184.3552 135.9865 225.4066 1.4526 1.5967 3.9748 -20.2763 1.8984 27.0178 3.0625 0.0978
Car -1 -1 5.1608 0.0000 190.6181 275.4016 364.4608 1.5276 1.6278 3.8438 -5.5809 1.7921 8.7460 4.6061 0.0973
Car -1 -1 0.9820 0.0000 0.0000 1242.0000 375.0000 1.5124 1.6757 4.1434 1.7869 1.7412 1.3517 1.8046 0.0973
Car -1 -1 4.2484 636.2145 164.2445 683.8579 189.5602 1.6919 1.6840 4.0442 3.4758 1.1165 50.4120 4.3166 0.0959
Car -1 -1 3.2680 585.3879 167.4487 631.5012 182.9238 1.4440 1.6302 4.1992 -0.0882 0.9396 68.3963 3.2664 0.0959
Car -1 -1 1.4045 371.9485 170.3368 402.3821 190.8551 1.4860 1.5707 3.8897 -16.7804 1.3037 54.3476 1.1062 0.0936
Car -1 -1 1.8619 399.9507 182.5205 468.7964 226.0278 1.4810 1.5035 3.7616 -6.5495 1.8730 27.3359 1.6284 0.0930
Car -1 -1 1.3415 480.3680 174.3607 523.2183 202.3174 1.5350 1.6056 3.9619 -6.3166 1.6271 41.9848 1.1927 0.0900
Car -1 -1 0.5472 435.9616 179.5751 526.6829 210.5285 1.4442 1.6690 4.1837 -6.3742 1.7927 35.8709 0.3722 0.0899
Car -1 -1 5.1018 382.4475 170.2578 424.2384 190.7985 1.4983 1.6193 4.0680 -15.5902 1.3090 54.7447 4.8254 0.0891
Car -1 -1 1.6588 579.1395 235.0519 1242.0000 375.0000 1.4476 1.5498 3.6132 1.5156 1.8605 2.8402 2.1047 0.0879
Car -1 -1 -0.2348 0.0000 213.0678 539.9260 375.0000 1.4669 1.6507 4.0999 -2.8318 1.9386 6.5916 -0.6274 0.0844
Car -1 -1 3.0441 0.0000 175.5541 146.4093 228.2117 1.4528 1.6031 4.0036 -16.6562 1.5426 22.0467 2.4027 0.0831
Car -1 -1 2.5294 0.0000 193.0921 159.4881 375.0000 1.4796 1.6638 3.9816 -7.0281 1.7497 7.5023 1.7943 0.0805
Car -1 -1 4.2192 658.3011 155.6222 710.0090 183.0190 1.7389 1.7164 4.0202 4.9058 0.6452 47.9825 4.3203 0.0792
Car -1 -1 3.4714 468.0955 173.3195 531.1907 196.3477 1.5044 1.5925 3.8691 -7.3405 1.5363 48.3122 3.3211 0.0756
Car -1 -1 5.1042 95.9924 185.1333 195.4094 234.0057 1.4885 1.5777 3.6774 -15.8731 1.9453 24.8993 4.5413 0.0725
Car -1 -1 1.9823 325.6905 174.6827 401.8534 211.5211 1.4636 1.5995 4.0266 -10.4407 1.5473 30.9496 1.6592 0.0721
Car -1 -1 1.4717 514.4637 192.0178 567.2100 235.8173 1.4361 1.6210 3.8210 -2.6788 2.2196 27.4672 1.3746 0.0717
Car -1 -1 1.9220 7.4332 184.6165 91.7740 223.8011 1.5354 1.6422 3.9669 -24.4714 2.0869 31.6940 1.2684 0.0708
Car -1 -1 4.5054 405.3589 167.7646 443.9713 193.7382 1.6001 1.6518 3.8848 -11.9676 1.2866 46.5588 4.2549 0.0696
Car -1 -1 1.5273 179.6998 178.2565 214.3351 205.9017 1.5500 1.6440 4.0297 -24.8653 1.8913 43.4362 1.0098 0.0695
Car -1 -1 4.9609 84.1780 180.7765 158.5689 221.7751 1.5003 1.6069 3.7236 -19.6583 1.8432 29.2091 4.3726 0.0694
Car -1 -1 -0.1017 478.9725 168.2364 542.2847 190.4133 1.5104 1.6507 4.2396 -6.9295 1.1959 50.4425 -0.2378 0.0694
Car -1 -1 3.5603 286.5214 176.9662 388.9663 211.6713 1.4594 1.5885 3.8705 -11.8082 1.6440 31.4717 3.2038 0.0691
Car -1 -1 2.3456 735.7642 263.4493 1242.0000 375.0000 1.4892 1.6036 3.7659 2.6576 2.0472 3.3386 2.9735 0.0685
Car -1 -1 4.2774 4.5486 189.6943 106.1008 232.2702 1.4642 1.5898 3.9505 -21.3100 2.1491 27.7228 3.6266 0.0685
Car -1 -1 2.2566 710.7115 266.5835 1242.0000 375.0000 1.4860 1.6378 3.8892 2.4177 1.9070 2.1979 3.0231 0.0673
Car -1 -1 1.9035 41.2308 182.0103 162.4766 238.4862 1.4747 1.6476 4.3176 -15.2073 1.7816 21.8869 1.3018 0.0671
Car -1 -1 2.1161 2.1085 188.6917 126.4908 235.6103 1.4503 1.6070 4.1715 -19.3923 2.0662 25.9070 1.4783 0.0664
Car -1 -1 4.5068 468.1065 172.4091 506.6459 198.1215 1.5175 1.5963 3.8659 -7.6055 1.4913 44.6754 4.3388 0.0658
Car -1 -1 4.1528 676.3500 168.0454 732.0306 194.5824 1.6019 1.6311 3.9719 5.9372 1.3116 45.7002 4.2808 0.0656
Car -1 -1 1.7260 360.9060 175.5927 406.8491 208.6031 1.5196 1.5833 3.7680 -11.0472 1.6619 35.5209 1.4263 0.0656
Car -1 -1 5.9494 0.0000 177.7167 91.5611 207.6833 1.4891 1.6201 3.8184 -30.2350 1.7628 38.5605 5.2876 0.0621
Car -1 -1 0.6305 0.0000 178.3666 79.9028 207.0004 1.4841 1.5920 3.7585 -30.8229 1.7857 38.6040 -0.0401 0.0619
Car -1 -1 1.4461 340.5299 170.7329 373.4854 192.3889 1.4986 1.7096 4.5262 -18.3572 1.3518 52.3390 1.1101 0.0610
Car -1 -1 0.0978 419.5023 183.2630 527.7664 223.2308 1.4901 1.6122 4.0426 -5.2736 1.9136 28.3820 -0.0849 0.0602
Car -1 -1 3.4213 358.8301 169.7766 417.1729 189.7549 1.4804 1.5776 3.9121 -16.6367 1.2524 54.2880 3.1251 0.0596
Car -1 -1 1.7168 475.4008 191.2988 530.7936 234.3783 1.4426 1.5751 3.5570 -3.9846 2.1903 27.4671 1.5734 0.0591
Car -1 -1 4.8105 459.8159 161.3081 488.4211 184.8268 1.6148 1.6294 3.8949 -9.6369 0.8221 51.5514 4.6264 0.0590
Car -1 -1 1.9831 385.5526 177.6533 421.1638 193.7259 1.4325 1.5942 4.3903 -19.3692 1.8997 67.9552 1.7062 0.0579
Car -1 -1 1.7869 492.0681 179.4594 541.5487 212.1162 1.5221 1.6247 4.1891 -4.6438 1.8774 36.6620 1.6613 0.0576
Car -1 -1 0.9294 0.0000 188.2465 111.1571 232.8043 1.4611 1.5937 4.2395 -20.2963 2.0424 25.9149 0.2699 0.0576