Car -1 -1 0.6380 544.3787 171.6230 673.1020 218.0887 1.4824 1.6920 4.3031 0.1056 1.1990 24.5262 0.6440 0.9331
Car -1 -1 5.4859 0.0000 181.1491 296.6753 370.0000 1.5210 1.5654 3.8659 -3.2328 1.5259 3.4605 4.7809 0.5473
Car -1 -1 4.5738 551.3735 166.9762 582.6578 190.0801 1.4787 1.5780 3.8502 -2.5178 0.6127 47.2931 4.5228 0.3037
Car -1 -1 4.4379 565.2075 161.9183 601.9521 184.2176 1.5601 1.6635 4.0021 -1.5401 0.2596 51.6238 4.4102 0.2214
Car -1 -1 4.6984 586.2786 164.9576 607.7192 185.2661 1.5444 1.6311 4.1277 -0.5851 0.3619 55.8497 4.6898 0.2111
Car -1 -1 4.0413 861.2939 147.7628 921.8013 174.7170 1.7025 1.7039 3.9296 19.3225 -0.4080 47.6985 4.4258 0.1490
Car -1 -1 2.1989 0.0000 194.6494 79.7834 243.2277 1.4999 1.6162 4.2817 -21.0525 2.0494 25.2870 1.5124 0.1413
Car -1 -1 1.6269 247.7654 182.8069 286.1068 211.8890 1.5129 1.6750 4.0876 -18.6989 1.6481 39.3403 1.1880 0.1404
Car -1 -1 5.1213 0.0000 197.5905 356.2513 370.0000 1.5203 1.7003 4.2754 -3.1505 1.6967 5.0740 4.5945 0.1200
Car -1 -1 1.6205 0.0000 194.6651 22.8300 224.5300 1.5405 1.6317 4.0189 -34.4895 2.3944 40.5490 0.9210 0.1076
Car -1 -1 4.8383 583.4063 160.4619 613.0378 184.1201 1.6582 1.6573 4.0700 -0.3880 0.2533 51.6764 4.8327 0.1059
Car -1 -1 -0.0967 605.5438 178.0729 680.5510 207.5867 1.4684 1.6183 3.6811 1.9487 1.3473 36.0635 -0.0415 0.1016
Car -1 -1 4.0826 0.0000 197.1013 22.0787 258.6562 1.4483 1.6228 3.9773 -17.6299 1.9084 18.4348 3.3296 0.0929
Car -1 -1 4.2263 831.8424 156.9903 904.9922 189.4799 1.5012 1.6514 4.0702 12.9098 0.4146 34.7955 4.5804 0.0910
Car -1 -1 0.2653 616.9568 179.0426 680.3871 204.6523 1.4716 1.5936 3.4576 2.6539 1.3875 41.9434 0.3296 0.0893
Car -1 -1 4.4543 0.0000 196.0536 21.8431 251.1379 1.4491 1.6082 3.7052 -19.1957 1.9537 21.2535 3.7287 0.0873
Car -1 -1 4.6984 580.7846 160.9271 604.0332 183.8511 1.6461 1.6701 4.3644 -0.9015 0.2402 52.9771 4.6834 0.0862
Car -1 -1 -0.1608 652.9994 177.4172 717.0216 203.2072 1.4929 1.5951 3.5517 4.7532 1.3141 41.8091 -0.0468 0.0852
Car -1 -1 -0.1594 651.1776 178.3544 725.8057 207.9586 1.4738 1.6173 3.5695 4.2687 1.3667 36.0810 -0.0411 0.0845
Car -1 -1 1.5200 644.4233 177.9295 677.8754 207.3995 1.4621 1.5497 3.9183 2.9444 1.3343 37.0607 1.6002 0.0835
Car -1 -1 1.6636 657.8339 182.7074 704.2054 218.9617 1.4274 1.6057 3.8663 3.3368 1.5276 30.1431 1.7742 0.0828
Car -1 -1 3.2121 871.4968 148.1942 942.1633 173.4840 1.5767 1.7095 4.1863 20.0078 -0.4814 46.7498 3.6159 0.0816
Car -1 -1 1.6006 518.8239 185.5945 559.8984 221.1847 1.4294 1.6591 4.0077 -2.7810 1.6675 31.0309 1.5137 0.0753
Car -1 -1 1.6413 652.7426 178.2506 682.8876 204.1815 1.5022 1.5501 3.8689 3.9134 1.3715 42.9931 1.7330 0.0750
Car -1 -1 4.4153 516.2688 170.0019 559.2698 195.6665 1.5169 1.6084 3.8362 -4.1592 0.8961 43.8712 4.3232 0.0728
Car -1 -1 5.0480 561.7548 163.2653 605.6088 187.3552 1.5426 1.6793 4.0921 -1.3174 0.4386 47.4817 5.0223 0.0722
Car -1 -1 1.6392 525.8864 180.9530 565.9379 213.2309 1.4626 1.6338 4.1382 -2.7525 1.4855 34.1719 1.5612 0.0701
Car -1 -1 4.7175 556.7382 164.6372 583.5435 189.5527 1.5376 1.6536 4.1991 -2.1801 0.5583 45.7648 4.6721 0.0701
Car -1 -1 5.2137 7.2637 188.5800 75.6071 214.9584 1.4975 1.6203 3.8393 -34.4423 2.0162 43.4049 4.5481 0.0675
Car -1 -1 2.0437 186.2263 188.5206 254.6352 216.8714 1.4468 1.6689 4.0246 -21.2012 1.9146 39.2534 1.5534 0.0668
Car -1 -1 5.6376 247.7550 186.5453 333.1870 215.4689 1.4726 1.6469 4.1625 -17.2758 1.8258 39.1407 5.2265 0.0662
Car -1 -1 1.0362 230.6385 184.7262 288.4234 208.1716 1.4543 1.6249 3.9471 -22.5615 1.7409 46.2634 0.5868 0.0635
Car -1 -1 -0.9964 870.9913 147.4827 940.2383 177.4751 1.5233 1.6077 3.8190 16.2239 -0.1703 37.9963 -0.5940 0.0632
Car -1 -1 4.3536 0.0000 193.3923 48.0826 252.6839 1.4627 1.7001 4.0284 -17.6513 1.8563 19.8895 3.6372 0.0628
Car -1 -1 1.5454 640.0225 182.1371 681.0760 218.6200 1.4480 1.6383 4.1542 2.3689 1.5229 30.3692 1.6240 0.0621
Car -1 -1 1.6420 652.6576 180.2766 693.1443 213.0978 1.4616 1.6227 4.0648 3.3264 1.4513 33.6265 1.7412 0.0615
Car -1 -1 4.7860 576.2339 161.1905 604.0620 184.3983 1.5571 1.6338 4.2240 -0.9367 0.2611 49.5932 4.7691 0.0601
Car -1 -1 0.4962 657.0233 179.3598 764.8664 217.1533 1.4159 1.6327 3.9749 4.2414 1.3729 28.3362 0.6448 0.0597
Car -1 -1 5.2975 16.6124 189.3177 137.9104 229.9706 1.4686 1.7115 4.5450 -21.2985 1.8569 28.8506 4.6685 0.0589
Car -1 -1 0.1794 661.8981 174.5444 748.5751 205.2846 1.4786 1.6401 4.0718 5.0772 1.1918 35.4310 0.3222 0.0575
Car -1 -1 1.1822 866.2615 151.8063 922.6010 181.7210 1.5293 1.5950 3.4545 15.4840 0.0621 37.8736 1.5693 0.0570
Car -1 -1 2.2365 597.2673 178.8695 673.4212 210.0049 1.4438 1.6252 3.9887 1.5926 1.3679 34.8279 2.2834 0.0551
Car -1 -1 4.6670 592.2621 164.8093 616.6046 186.5103 1.5690 1.6507 4.1546 -0.0086 0.4341 53.2319 4.6687 0.0550
Car -1 -1 1.7873 0.0000 194.2107 55.7028 227.5354 1.4798 1.6562 4.1057 -29.0033 2.2090 35.4179 1.1070 0.0544
Car -1 -1 1.6081 0.0000 194.3373 19.8060 231.6879 1.4812 1.6534 4.2003 -27.4137 2.1456 31.8011 0.9031 0.0535
Car -1 -1 3.3874 0.0000 193.0643 8.5663 252.9249 1.4900 1.5966 3.9305 -19.5325 1.8742 19.9669 2.6226 0.0533
Car -1 -1 1.9753 650.1307 177.4566 707.7963 207.4599 1.4715 1.5902 3.8415 3.9435 1.3219 36.7407 2.0829 0.0530
Car -1 -1 0.6331 0.0000 185.7464 373.1467 370.0000 1.5123 1.5418 3.8078 -3.3016 1.5453 3.5564 -0.0700 0.0516
Car -1 -1 5.1569 0.0000 189.7312 501.7614 370.0000 1.5023 1.5605 3.9170 -1.6601 1.5749 3.5728 4.7560 0.0507