Car -1 -1 1.8359 486.3144 185.8243 567.8936 239.9610 1.4274 1.5497 3.5946 -2.4010 1.8539 21.8290 1.7269 0.9633
Car -1 -1 2.1559 0.0000 200.1496 302.7943 375.0000 1.4188 1.6295 3.9374 -4.2368 1.7238 6.0911 1.5679 0.9244
Car -1 -1 1.8258 626.0428 179.4387 668.1507 206.2356 1.5605 1.6666 4.0657 2.4050 1.9937 45.2837 1.8780 0.6853
Car -1 -1 1.7678 833.3768 175.8784 865.2237 197.4691 1.5458 1.5476 3.8973 18.0762 1.7821 54.3159 2.0871 0.0878
Car -1 -1 3.0878 809.3073 161.6564 866.4661 185.2992 1.6119 1.6479 3.7233 15.9152 0.8485 50.4513 3.3915 0.0871
Car -1 -1 4.5376 814.9055 160.8591 849.8591 185.0751 1.6622 1.7242 3.9075 15.8762 0.8388 51.5700 4.8344 0.0851
Car -1 -1 1.2460 505.0121 171.0321 552.5954 197.2315 1.4586 1.5830 3.9797 -4.7834 1.3571 42.3069 1.1338 0.0831
Car -1 -1 1.7604 607.2643 172.1956 640.7585 194.8203 1.5553 1.6295 4.2737 1.0833 1.5100 51.8606 1.7807 0.0749
Car -1 -1 2.3893 0.0000 210.3969 240.6999 375.0000 1.4984 1.6499 4.4404 -4.3737 1.8495 4.4728 1.6445 0.0689
Car -1 -1 1.0061 569.7676 181.8497 622.4042 205.7379 1.4958 1.6643 4.0364 -0.9584 2.1326 48.9361 0.9861 0.0685
Car -1 -1 0.1772 476.2657 170.8537 549.4497 196.8618 1.4591 1.6004 3.9369 -5.5080 1.3468 41.3670 0.0453 0.0630
Car -1 -1 1.5890 629.1021 168.8714 651.5489 193.2351 1.8097 1.6569 4.0157 2.4033 1.5139 55.6492 1.6316 0.0628
Car -1 -1 1.7387 603.5582 175.1405 636.3350 200.8502 1.7040 1.6198 4.1337 0.7682 1.8706 50.3905 1.7534 0.0625
Car -1 -1 1.7720 635.3071 173.7090 672.9904 199.9546 1.6146 1.6498 4.0960 2.9334 1.6726 46.7230 1.8338 0.0594
Car -1 -1 3.3874 496.0630 172.6257 571.1523 198.1086 1.5078 1.6700 4.2562 -4.5852 1.4942 43.8187 3.2834 0.0571
Car -1 -1 4.4736 279.3737 207.3690 464.6216 349.3777 1.4752 1.6736 4.0603 -3.6890 2.0910 10.7099 4.1484 0.0537
Car -1 -1 4.2972 800.8584 165.2154 845.4771 187.7248 1.5257 1.6223 3.7802 15.0095 1.0079 50.8846 4.5822 0.0508
Car -1 -1 1.5025 832.4695 174.2559 858.5678 195.5311 1.5080 1.5820 3.6112 17.4097 1.6155 53.3444 1.8159 0.0505