Car -1 -1 1.9688 241.2590 180.3143 341.3784 227.6870 1.5090 1.7132 4.3158 -11.2426 1.7984 25.8307 1.5617 0.8921
Car -1 -1 4.6635 548.4300 182.8175 716.8207 337.0429 1.5329 1.7468 4.1613 0.1736 1.6940 9.5525 4.6794 0.8381
Car -1 -1 1.8617 378.0719 179.6107 429.6671 208.2353 1.4786 1.6516 4.1142 -11.4208 1.8756 40.3192 1.5870 0.8338
Car -1 -1 2.0643 212.6240 176.3592 280.6698 203.6028 1.5355 1.7830 4.3888 -21.7576 1.7575 43.4611 1.6024 0.3701
Car -1 -1 1.7075 579.1642 161.5835 643.5184 207.6828 1.3694 1.5869 3.6953 0.1343 1.0346 23.3752 1.7126 0.3354
Car -1 -1 0.0573 566.8745 166.9080 692.9656 214.4483 1.4130 1.4662 3.7809 0.6584 1.2363 22.3386 0.0858 0.1685
Car -1 -1 4.2388 633.1530 157.1814 685.5037 189.4070 1.9983 1.7720 3.9777 3.1828 1.0265 46.9205 4.3058 0.1635
Car -1 -1 5.4746 228.3427 172.4587 290.4775 196.9668 1.6014 1.6321 3.8042 -23.8132 1.5756 49.2090 5.0259 0.1430
Car -1 -1 1.6865 570.9066 169.7098 633.6656 220.9113 1.4271 1.4855 3.7399 -0.1449 1.3394 22.0501 1.6794 0.1322
Car -1 -1 2.0636 289.6344 173.0108 331.9122 192.6510 1.5979 1.6511 3.8642 -25.0987 1.6115 60.7408 1.6731 0.1170
Car -1 -1 2.1151 0.0000 179.6981 43.0893 230.1649 1.5141 1.6045 4.0138 -21.2181 1.7649 24.3325 1.4033 0.1155
Car -1 -1 4.1979 621.0629 157.5613 677.2226 184.2066 1.5629 1.6246 4.1501 2.3854 0.6659 44.5432 4.2508 0.1092
Car -1 -1 1.5671 415.6816 187.4937 440.8025 211.4425 1.4814 1.5974 3.7775 -12.3507 2.5196 49.1396 1.3217 0.0982
Car -1 -1 3.6924 0.0000 178.0205 42.7128 222.7081 1.4897 1.6060 3.8798 -22.6376 1.6799 25.4346 2.9703 0.0891
Car -1 -1 4.5565 696.4740 209.9688 826.6684 320.8643 1.4929 1.6411 3.9655 2.5715 2.2683 13.0660 4.7449 0.0872
Car -1 -1 3.8692 291.0405 175.7988 342.2132 196.2272 1.6411 1.6643 3.7814 -24.2694 1.8909 59.7920 3.4849 0.0854
Car -1 -1 3.8496 771.9612 150.6741 867.4619 195.6720 2.1031 1.8231 4.4671 10.4213 1.0665 36.0897 4.1283 0.0852
Car -1 -1 1.8971 396.8283 185.6572 450.3568 216.8931 1.4801 1.5649 3.8096 -9.6630 2.1849 37.7563 1.6477 0.0811
Car -1 -1 2.7592 530.1910 170.1254 663.8317 220.5110 1.4415 1.4950 3.8044 -0.3790 1.3634 22.0717 2.7416 0.0776
Car -1 -1 1.4682 203.9086 191.1477 261.8407 232.2732 1.4405 1.6751 4.3781 -15.5076 2.2490 29.5995 0.9890 0.0771
Car -1 -1 4.9923 658.1832 169.4465 706.2611 198.7096 1.4998 1.5894 3.8432 3.9831 1.3251 39.0594 5.0927 0.0748
Car -1 -1 4.8051 630.4553 165.4446 652.9691 183.4904 1.6261 1.7200 4.1185 3.0234 0.9585 67.1757 4.8496 0.0727
Car -1 -1 4.8519 643.2687 157.7626 678.9925 185.8083 1.5489 1.5899 3.4893 3.0201 0.7154 41.7206 4.9235 0.0719
Car -1 -1 4.2712 697.4899 151.3771 756.4476 181.6837 1.5422 1.5875 3.9524 6.2509 0.4493 38.8355 4.4294 0.0697
Car -1 -1 4.1250 192.8297 174.9510 255.3561 199.1851 1.5425 1.6670 4.1156 -25.6170 1.6867 47.9316 3.6363 0.0696
Car -1 -1 3.0064 274.6891 187.5979 587.5520 314.0285 1.4580 1.5847 3.9774 -2.4484 1.6944 10.1144 2.7737 0.0660
Car -1 -1 5.0583 0.0000 176.6983 57.8979 235.6820 1.5535 1.6388 3.8145 -18.0222 1.6782 21.3459 4.3632 0.0647
Car -1 -1 4.7403 318.7797 178.3089 341.6784 199.1132 1.6333 1.6581 3.7689 -23.1086 2.1007 59.7760 4.3727 0.0642
Car -1 -1 1.3127 382.8552 188.0047 424.2111 212.4957 1.4697 1.6839 4.0171 -13.7784 2.5255 48.1240 1.0349 0.0618
Car -1 -1 4.6604 645.3609 168.2589 678.5857 197.2262 1.4941 1.5919 3.8693 2.8001 1.2571 39.1642 4.7308 0.0596
Car -1 -1 4.6931 654.2606 156.2395 683.2842 185.1931 1.7073 1.7037 4.2662 3.6266 0.7276 44.7264 4.7732 0.0596
Car -1 -1 4.2308 641.3908 189.3225 887.5732 332.2311 1.4859 1.6152 4.0278 1.8957 1.7672 10.1639 4.4085 0.0581
Car -1 -1 0.7393 721.4262 174.8556 805.3733 206.1003 1.4392 1.6242 3.9928 7.5233 1.5437 35.5974 0.9455 0.0577
Car -1 -1 -0.2842 640.7102 158.9919 711.7175 184.7461 1.6438 1.6862 4.3356 4.3491 0.7590 47.2978 -0.1933 0.0562
Car -1 -1 1.7188 541.9210 177.5540 574.8810 201.9575 1.5451 1.6023 4.2848 -3.4076 1.8768 48.7281 1.6490 0.0558
Car -1 -1 4.8162 327.8976 192.9622 387.0597 239.6274 1.4487 1.6223 3.8004 -9.0654 2.2352 26.1868 4.4855 0.0556
Car -1 -1 2.3424 0.0000 171.1883 50.5184 234.4326 1.5936 1.6210 3.6747 -17.8334 1.5516 20.0574 1.6221 0.0537
Car -1 -1 5.2855 0.0000 177.1276 85.5370 220.4062 1.4644 1.5904 3.8443 -21.5115 1.6350 26.7994 4.6138 0.0524
Car -1 -1 4.3782 682.1995 161.0108 736.2827 191.2861 1.5200 1.6232 3.9729 5.2288 0.9254 38.3326 4.5125 0.0515
Car -1 -1 -0.6877 434.1979 184.8463 496.6019 209.0836 1.4761 1.6662 3.8964 -9.5458 2.3075 47.9897 -0.8835 0.0502