Car -1 -1 0.2126 504.6516 180.7337 696.9489 267.0226 1.5038 1.5610 3.4475 -0.1132 1.6676 13.8901 0.2034 0.9522
Car -1 -1 4.5528 583.4615 170.8672 609.6003 191.3589 1.6934 1.6334 3.8943 -1.1460 1.5292 61.6887 4.5339 0.1611
Car -1 -1 4.6717 601.4360 168.8475 640.9127 205.7479 1.5143 1.5659 3.6410 0.4571 1.3499 31.4507 4.6856 0.1135
Car -1 -1 1.5846 580.5087 190.4200 617.0405 222.7942 1.4130 1.6840 3.2547 -0.4991 2.3021 34.8885 1.5696 0.1050
Car -1 -1 1.3962 490.3800 185.8597 530.1941 215.1698 1.4919 1.5830 3.7824 -5.6265 2.2602 40.5824 1.2588 0.1043
Car -1 -1 0.3381 456.3034 187.3146 530.9750 215.7249 1.4694 1.6491 3.7116 -6.3412 2.2864 39.6250 0.1799 0.0976
Car -1 -1 1.4398 683.4860 195.0698 776.8428 269.9481 1.4565 1.6534 3.9559 2.7485 2.0480 17.2164 1.5943 0.0674
Car -1 -1 4.6333 579.7793 168.0774 624.7675 204.8500 1.5077 1.6436 4.1899 -0.3832 1.3118 31.7444 4.6208 0.0641
Car -1 -1 4.8622 614.2443 168.8992 664.3442 206.2500 1.5204 1.6099 3.9298 1.3578 1.3594 31.4527 4.9044 0.0515
Car -1 -1 4.8562 585.9847 166.8633 634.9839 204.1867 1.4721 1.5687 3.4963 0.0937 1.2358 30.3032 4.8588 0.0506
Car -1 -1 1.3764 483.3821 186.7344 530.4968 219.0421 1.4637 1.6105 4.1131 -5.2876 2.2140 36.7933 1.2341 0.0502