Car -1 -1 1.9053 205.1411 192.0945 439.6301 329.3094 1.3774 1.6182 4.0188 -3.5824 1.6931 9.8237 1.5634 0.9605
Car -1 -1 1.3558 663.6735 183.9469 767.3387 251.0534 1.4662 1.7499 4.2323 2.5940 1.7866 18.6641 1.4908 0.9330
Car -1 -1 1.7416 418.9542 177.0026 508.9775 244.2183 1.4849 1.5715 3.7020 -3.5230 1.5993 18.0363 1.5508 0.9072
Car -1 -1 4.6089 652.3263 184.0904 704.7264 226.0979 1.4296 1.5853 3.8488 2.5614 1.8884 27.5244 4.7000 0.8660
Car -1 -1 0.8997 884.1832 211.4712 1242.0000 375.0000 1.3818 1.5855 3.7294 2.8746 1.6701 3.5024 1.5455 0.7795
Car -1 -1 1.6533 490.8602 176.8379 539.6071 219.3790 1.4670 1.5119 3.5804 -3.4739 1.6263 27.0443 1.5262 0.7731
Car -1 -1 1.6529 525.4224 176.5452 559.1904 205.8300 1.4750 1.5069 3.5538 -3.5538 1.6815 38.5754 1.5612 0.6845
Car -1 -1 1.4429 612.1832 178.9081 653.6880 211.3788 1.5744 1.6555 4.1527 1.1718 1.9107 37.9322 1.4729 0.3875
Car -1 -1 1.2729 556.3689 181.0600 587.9422 198.7602 1.4715 1.6495 4.1952 -3.3715 2.2286 64.3251 1.2203 0.3276
Car -1 -1 4.6567 487.5543 167.4086 513.6486 190.1046 1.6009 1.6747 4.0250 -8.0415 1.2168 53.0368 4.5067 0.3118
Car -1 -1 4.8004 481.2441 166.0327 511.3917 190.9839 1.6123 1.6641 3.9199 -7.5910 1.1715 48.6353 4.6461 0.1267
Car -1 -1 4.7795 631.9214 176.4447 662.4957 202.9400 1.5274 1.6086 3.9610 2.3467 1.7576 44.2149 4.8317 0.1232
Car -1 -1 5.0635 463.3729 161.9580 513.4904 189.2879 1.4956 1.5543 4.0212 -6.9208 0.8993 41.6047 4.8995 0.0890
Car -1 -1 3.8879 497.8990 167.3630 565.5905 193.1965 1.5852 1.6834 4.3168 -5.0152 1.2483 46.2380 3.7802 0.0888
Car -1 -1 3.4519 567.3280 184.5677 652.4064 214.9117 1.4427 1.6164 4.0339 0.0247 2.0620 36.7616 3.4519 0.0863
Car -1 -1 3.6601 444.8905 167.9510 511.5224 191.7259 1.5325 1.6549 4.0738 -8.7274 1.2164 47.9669 3.4808 0.0806
Car -1 -1 1.5069 634.9189 179.2109 670.7689 211.4743 1.5744 1.6241 3.9834 2.2298 1.9267 37.9926 1.5645 0.0804
Car -1 -1 4.9306 532.3247 170.9091 571.6084 198.3293 1.6849 1.6897 4.0023 -3.6558 1.5654 46.4360 4.8521 0.0795
Car -1 -1 0.2616 458.1339 167.1481 517.4039 189.0439 1.5545 1.6279 3.9426 -8.7896 1.1494 52.2246 0.0954 0.0771
Car -1 -1 1.3135 623.7710 177.6996 659.8206 201.4115 1.5075 1.5434 3.6512 2.1316 1.8471 48.6158 1.3566 0.0751
Car -1 -1 2.0050 291.7674 180.2348 400.9897 237.9261 1.4913 1.5746 3.6565 -7.5385 1.7258 21.0300 1.6643 0.0748
Car -1 -1 1.9484 595.6820 183.5459 653.7089 216.2028 1.4501 1.5144 3.9197 0.8058 2.0075 35.5147 1.9702 0.0743
Car -1 -1 0.7716 542.2673 181.6726 586.1675 199.6940 1.4853 1.6139 3.7755 -3.9846 2.2791 63.1106 0.7084 0.0712
Car -1 -1 5.1600 491.6931 162.2247 541.9451 187.7606 1.6500 1.7532 4.1359 -6.2215 0.9632 48.8613 5.0337 0.0706
Car -1 -1 1.3277 726.7410 172.3249 789.8330 209.8399 1.4949 1.6807 4.1231 6.2703 1.4738 30.8487 1.5259 0.0705
Car -1 -1 1.6099 567.9835 180.6273 588.0074 198.7317 1.4967 1.6010 4.0189 -2.7452 2.2014 63.3926 1.5664 0.0695
Car -1 -1 1.5105 709.3268 169.2940 743.4041 199.5103 1.4863 1.5226 3.4843 5.9956 1.3112 37.3000 1.6683 0.0675
Car -1 -1 4.0792 899.8007 180.9966 1158.8695 295.8711 1.5154 1.6056 3.9152 6.5710 1.6724 11.8587 4.5738 0.0662
Car -1 -1 1.4926 521.4570 177.4721 557.5598 207.6767 1.5482 1.6516 4.3436 -3.9299 1.8186 39.9650 1.3948 0.0628
Car -1 -1 1.5758 532.1720 169.5572 561.2769 200.0180 1.7356 1.6548 4.0256 -3.7485 1.5478 43.1857 1.4894 0.0605
Car -1 -1 4.5123 996.0514 168.5997 1242.0000 341.7682 1.5125 1.5661 3.7358 5.5910 1.4754 8.3270 5.0866 0.0602
Car -1 -1 3.3839 478.0968 178.0860 561.1545 207.6501 1.4968 1.6609 4.0571 -4.6998 1.7799 37.9752 3.2611 0.0563
Car -1 -1 2.1889 569.5583 180.6802 610.1285 198.3312 1.4619 1.5897 3.9403 -1.7066 2.1752 63.6823 2.1618 0.0525
Car -1 -1 1.3479 742.4437 197.4354 827.2994 253.9933 1.4532 1.6791 3.9492 5.2873 2.2783 22.2402 1.5773 0.0523
Car -1 -1 4.7784 613.0032 187.9292 659.2559 229.9332 1.4292 1.5403 3.6994 1.0819 2.0511 27.8474 4.8160 0.0512
Car -1 -1 1.8829 592.6691 180.0200 624.1641 197.6632 1.4393 1.5871 4.0002 -0.0631 2.0839 62.7527 1.8814 0.0509
Car -1 -1 1.5987 566.8082 179.2106 587.3890 198.4281 1.5485 1.6395 4.1252 -2.7411 2.1093 61.5875 1.5540 0.0507
Car -1 -1 0.3969 579.6467 179.1603 668.4451 211.6812 1.6170 1.6711 4.3916 0.7587 1.9650 38.1678 0.4161 0.0505