Car -1 -1 2.0183 142.2501 199.9460 434.5575 375.0000 1.5026 1.5175 3.5627 -3.2892 1.8783 8.1724 1.6458 0.9695
Car -1 -1 3.5232 354.9917 179.0693 473.2264 219.2047 1.4495 1.5694 4.0394 -7.3771 1.6942 27.3960 3.2621 0.9061
Car -1 -1 1.7859 577.2917 182.3472 633.8253 219.0474 1.4489 1.6494 4.0896 -0.1047 1.8956 31.7822 1.7820 0.8319
Car -1 -1 1.7116 641.0928 179.9623 674.5529 206.6425 1.5401 1.5489 3.8367 3.0346 2.0012 44.7719 1.7783 0.7033
Car -1 -1 4.6571 757.2801 176.4919 788.9615 203.3825 1.5140 1.6271 3.9129 9.7579 1.7424 43.2459 4.8771 0.6298
Car -1 -1 1.7508 607.9792 177.2036 653.7241 210.7170 1.5518 1.5971 3.9762 1.1207 1.7819 36.0687 1.7810 0.4671
Car -1 -1 -0.0885 755.8574 175.8473 830.8129 203.5895 1.5644 1.6532 4.1008 10.6567 1.7437 42.0724 0.1574 0.1923
Car -1 -1 -0.2987 906.0785 163.3979 1033.6627 205.1034 1.5019 1.6342 3.9799 13.4349 1.1614 27.1019 0.1569 0.1921
Car -1 -1 4.5991 753.2488 170.7166 783.6326 194.7026 1.5705 1.6058 3.6959 10.7848 1.4305 49.1613 4.8134 0.1864
Car -1 -1 1.4628 667.8888 175.0797 696.2982 198.7018 1.5548 1.5401 3.8251 4.9660 1.7142 49.7726 1.5612 0.1804
Car -1 -1 -0.2326 838.9672 156.5211 932.9005 193.4865 1.8721 1.7758 4.2858 14.3646 1.0449 37.6983 0.1286 0.1604
Car -1 -1 4.5036 824.2997 159.4115 872.0806 192.3409 1.6922 1.6593 3.9733 12.8772 1.0014 39.1428 4.8190 0.0986
Car -1 -1 1.9170 579.3639 178.6952 646.2376 215.9297 1.5776 1.6934 4.4992 0.2358 1.8701 33.7291 1.9232 0.0940
Car -1 -1 1.6564 581.7050 170.3159 613.5899 195.8366 1.5251 1.6387 4.2867 -0.7021 1.3735 45.3151 1.6406 0.0808
Car -1 -1 1.7380 630.3984 182.4665 670.1945 211.4063 1.5551 1.6657 4.1797 2.4489 2.1505 42.4701 1.7946 0.0793
Car -1 -1 2.8168 575.0576 174.9797 664.8091 208.3483 1.6277 1.6859 4.2665 0.5204 1.7405 36.8369 2.8303 0.0766
Car -1 -1 1.6451 758.4416 174.3159 790.1609 202.2665 1.7073 1.6855 4.3366 10.6879 1.8064 46.6350 1.8686 0.0756
Car -1 -1 0.9377 871.0879 173.1736 967.6721 213.3678 1.4565 1.5237 3.7555 11.9902 1.4698 28.1807 1.3358 0.0729
Car -1 -1 4.6531 618.6251 172.8143 655.0934 204.5137 1.5550 1.6454 4.0482 1.3658 1.5531 37.4378 4.6888 0.0687
Car -1 -1 4.9722 414.7117 175.6937 484.2248 217.5181 1.5181 1.6556 4.1766 -6.2475 1.6390 28.6025 4.7586 0.0659
Car -1 -1 1.9603 538.9814 173.6441 594.3638 203.8859 1.4547 1.5622 3.6020 -2.1298 1.4971 36.7670 1.9024 0.0647
Car -1 -1 2.8532 621.4454 180.0726 689.7949 206.0199 1.5369 1.5782 3.9311 2.8329 1.9954 44.6202 2.9156 0.0597
Car -1 -1 1.6667 630.1079 181.8378 669.8992 214.7650 1.4796 1.5903 3.9329 2.0465 1.9487 35.6128 1.7230 0.0577
Car -1 -1 2.9921 754.6815 171.4165 814.7098 194.4996 1.5047 1.5920 3.6808 11.6076 1.4110 47.9848 3.2277 0.0572
Car -1 -1 4.4692 595.1463 174.2090 643.4914 204.6584 1.5054 1.6386 3.9256 0.4557 1.5806 37.9566 4.4806 0.0571
Car -1 -1 4.4425 571.6318 174.2362 622.4818 204.7313 1.4945 1.6402 4.0133 -0.7130 1.5709 37.7139 4.4232 0.0545
Car -1 -1 4.3079 858.8029 159.9129 923.3686 192.7106 1.6874 1.7384 4.2168 15.2261 1.0216 39.2616 4.6751 0.0541
Car -1 -1 1.8848 547.2781 172.3524 601.1800 203.3992 1.5591 1.6621 4.1550 -1.8164 1.5339 38.4574 1.8374 0.0538
Car -1 -1 1.3739 901.7699 165.2793 966.8939 205.7457 1.4980 1.5956 4.0072 12.8845 1.2176 28.8386 1.7900 0.0521
Car -1 -1 4.8407 805.8528 160.3479 839.8004 191.6001 1.9754 1.6857 3.7826 14.1249 1.1849 47.6775 5.1268 0.0504
Car -1 -1 4.4813 898.0607 146.1658 975.5029 193.5168 1.5670 1.6690 3.8562 11.6485 0.6838 25.9279 4.8992 0.0503