Car -1 -1 1.8674 289.9754 184.9540 463.0093 295.9373 1.5192 1.6374 4.0046 -3.7409 1.7595 12.3225 1.5778 0.9764
Car -1 -1 2.0843 0.0000 219.2057 339.7180 375.0000 1.3844 1.4790 3.6129 -3.7038 1.8967 6.1602 1.5610 0.9683
Car -1 -1 4.6922 617.5666 175.7590 661.3918 216.1495 1.4576 1.5992 4.0171 1.1293 1.5799 28.3529 4.7310 0.8658
Car -1 -1 4.5439 636.6465 170.7936 663.4612 190.4970 1.5861 1.6024 3.8499 3.3383 1.4202 60.0848 4.5988 0.3521
Car -1 -1 4.5980 606.9326 167.1917 631.2635 187.0136 1.6682 1.6541 4.1447 0.7978 1.1917 62.8705 4.6103 0.2133
Car -1 -1 1.6609 521.8819 170.9959 559.9541 204.0103 1.5877 1.5870 3.7143 -3.4289 1.4983 36.5588 1.5676 0.2053
Car -1 -1 0.1941 473.0169 171.8285 562.1415 203.3147 1.4940 1.6470 4.0701 -4.4449 1.4453 35.1981 0.0690 0.1315
Car -1 -1 4.9343 465.1312 166.3791 497.1850 187.7443 1.6296 1.6764 3.8806 -10.1036 1.1358 57.0132 4.7594 0.1261
Car -1 -1 4.9376 487.6647 177.0524 545.7442 215.9789 1.5873 1.7392 3.7331 -4.0193 1.7836 31.7862 4.8123 0.1120
Car -1 -1 1.2174 636.4135 172.3486 674.5726 193.4464 1.5305 1.6094 3.9277 3.4231 1.4939 54.4562 1.2794 0.1053
Car -1 -1 4.8025 547.8680 177.2039 585.4138 208.3692 1.4682 1.5574 3.7319 -2.1178 1.6991 36.4093 4.7443 0.0792
Car -1 -1 4.5702 469.7014 174.7400 504.6306 200.6938 1.4489 1.5309 3.6248 -7.2493 1.5651 42.5237 4.4020 0.0752
Car -1 -1 4.7869 479.7436 165.4629 505.3793 188.9412 1.7791 1.7018 3.8406 -9.1522 1.2190 56.6600 4.6273 0.0704
Car -1 -1 4.8483 638.7747 172.7921 669.2268 194.7945 1.4421 1.5721 3.8416 3.0749 1.4381 49.3301 4.9098 0.0636
Car -1 -1 1.7894 460.0322 164.4412 493.7259 190.2908 1.9135 1.7415 3.8664 -10.1386 1.2908 55.3766 1.6089 0.0629
Car -1 -1 3.3256 615.5490 167.5128 672.9082 187.0363 1.6035 1.6722 4.5837 2.9233 1.1648 60.6011 3.3733 0.0540
Car -1 -1 4.8490 478.5173 162.9897 508.7040 187.6387 1.8134 1.7462 3.9732 -8.8104 1.0877 55.0870 4.6909 0.0528
Car -1 -1 1.4938 494.1601 169.3353 533.9634 203.2243 1.6276 1.7060 4.0052 -4.9184 1.4586 36.7900 1.3615 0.0525
Car -1 -1 2.1544 432.1221 170.4170 507.2924 204.3085 1.5143 1.6335 3.8881 -6.5805 1.4054 34.3482 1.9661 0.0523
Car -1 -1 2.9407 448.9556 163.4109 505.7247 187.6163 1.8258 1.7691 4.0632 -10.2647 1.1135 56.0020 2.7600 0.0522
Car -1 -1 0.2983 444.3143 175.8434 540.4210 214.0028 1.5824 1.6274 3.7844 -5.0244 1.7160 31.1574 0.1392 0.0518
Car -1 -1 2.8773 625.1581 170.5163 673.9749 189.5419 1.5301 1.5880 3.7120 3.2687 1.3421 59.1899 2.9319 0.0518
Car -1 -1 -0.2085 577.7623 176.5761 693.9570 216.3717 1.4930 1.6147 4.3384 1.0037 1.6459 28.4604 -0.1743 0.0517
Car -1 -1 1.9199 496.9772 161.6215 560.3613 195.7784 1.5118 1.6393 4.1880 -3.7493 1.0146 34.1637 1.8111 0.0503