Car -1 -1 4.6401 570.1799 177.3267 614.6456 214.1255 1.5308 1.6960 4.4971 -0.8482 1.7491 32.8996 4.6139 0.9019
Car -1 -1 1.9164 303.7663 188.6329 373.1372 221.4661 1.4087 1.7403 4.5227 -13.1950 2.2327 35.4080 1.5617 0.8898
Car -1 -1 1.8841 399.5395 179.6932 442.0950 205.7971 1.4767 1.5141 3.3485 -11.3136 1.9047 43.4337 1.6304 0.2130
Car -1 -1 1.9112 306.8097 199.0535 377.1044 238.5788 1.4299 1.6602 3.5476 -11.1310 2.5929 30.2467 1.5609 0.2018
Car -1 -1 1.5170 396.6135 184.2714 421.3642 206.5826 1.4929 1.5327 3.7608 -14.5866 2.3538 52.3795 1.2463 0.1813
Car -1 -1 1.8832 307.1162 185.4776 347.4170 205.9696 1.4469 1.7637 3.8929 -21.6179 2.4510 55.3976 1.5124 0.1394
Car -1 -1 1.4767 288.1676 195.5289 328.0486 225.8375 1.4674 1.6926 4.0137 -16.8952 2.8036 40.3486 1.0821 0.0984
Car -1 -1 1.5225 297.8031 185.2591 324.7710 207.1791 1.5342 1.7278 3.2754 -22.5278 2.5021 54.4456 1.1316 0.0980
Car -1 -1 1.6193 355.1693 190.8499 382.8397 214.3346 1.4859 1.6612 3.7335 -16.8881 2.8026 50.7715 1.2994 0.0920
Car -1 -1 1.5811 293.9561 192.4829 324.5320 219.8687 1.5315 1.7203 4.2669 -19.0884 2.8441 45.9485 1.1891 0.0904
Car -1 -1 1.7782 320.7082 198.9811 377.9591 237.7285 1.4597 1.6435 3.5825 -11.3253 2.6725 31.6093 1.4363 0.0881
Car -1 -1 2.4308 315.2424 185.5404 374.4834 206.3111 1.4515 1.6958 4.1693 -20.2603 2.4646 55.3847 2.0813 0.0815
Car -1 -1 1.8605 339.8691 181.1649 379.1610 203.7495 1.5445 1.6043 4.1353 -18.3058 2.1790 52.9890 1.5291 0.0777
Car -1 -1 2.7820 356.3188 186.6793 423.2654 210.7878 1.5579 1.6511 4.1934 -15.4346 2.5676 50.7690 2.4879 0.0756
Car -1 -1 1.7238 263.7852 197.0371 310.1015 228.2568 1.4170 1.6839 3.4445 -16.7284 2.7386 37.5484 1.3069 0.0713
Car -1 -1 1.1280 255.1428 197.8233 314.7982 227.3535 1.4197 1.7426 3.2529 -17.7023 2.8397 39.3147 0.7071 0.0680
Car -1 -1 2.0441 296.2353 193.5935 360.2343 223.5090 1.4801 1.7068 4.0214 -15.7783 2.7096 40.6852 1.6759 0.0628
Car -1 -1 0.5114 250.4368 189.9217 347.9686 222.9477 1.4525 1.6256 3.9036 -14.5014 2.2763 33.8076 0.1087 0.0539
Car -1 -1 2.8566 273.6377 198.2573 384.3328 238.3237 1.4417 1.6789 4.0157 -11.7168 2.5728 30.2403 2.4895 0.0539
Car -1 -1 2.1892 328.0282 196.7075 411.7289 234.4538 1.4589 1.6236 3.9012 -10.7521 2.6079 32.6511 1.8729 0.0532