Car -1 -1 1.6600 395.1111 183.9970 434.7860 213.9904 1.4271 1.6579 3.9938 -10.1931 2.0466 38.0070 1.3993 0.9097
Car -1 -1 4.4673 377.7314 178.5925 414.7461 202.8508 1.5928 1.6004 3.8275 -14.9338 2.0100 50.4044 4.1803 0.2883
Car -1 -1 1.1798 577.2166 180.9168 611.2984 199.0481 1.4684 1.6044 3.8279 -1.3562 2.1884 62.3555 1.1577 0.2121
Car -1 -1 1.4766 577.1207 170.0713 608.1940 197.5498 1.6785 1.6297 3.7871 -1.1171 1.5085 46.0507 1.4521 0.1144
Car -1 -1 1.5632 596.0554 181.1271 620.4207 204.9523 1.4971 1.5751 3.7153 -0.1043 2.0745 48.4992 1.5605 0.0803
Car -1 -1 2.1407 587.3201 180.5914 627.1649 199.4642 1.5226 1.5552 3.9156 -0.1649 2.2094 61.9759 2.1376 0.0795
Car -1 -1 4.6112 592.3646 173.1898 623.7514 200.1305 1.6684 1.6392 3.9547 -0.1383 1.6911 46.7869 4.6078 0.0736
Car -1 -1 3.4040 591.7268 180.9061 654.8106 205.1435 1.5141 1.6446 3.8375 0.9095 2.0564 47.2749 3.4226 0.0708
Car -1 -1 4.3094 348.5193 180.4816 395.7154 204.2694 1.5150 1.6346 3.9807 -16.2527 2.0576 49.2936 3.9922 0.0594
Car -1 -1 1.5068 584.1064 177.3620 612.9200 202.0690 1.5360 1.6510 3.8762 -0.7657 1.8457 47.5833 1.4903 0.0565
Car -1 -1 1.6053 472.4236 180.9310 506.1977 212.0970 1.4725 1.5756 4.0024 -6.1603 1.9129 37.2569 1.4420 0.0541
Car -1 -1 1.3229 550.8046 177.2101 591.3306 202.3018 1.5323 1.6788 4.1021 -2.5572 1.8296 47.0369 1.2684 0.0507