Car -1 -1 1.7848 405.1074 185.3684 544.9936 289.5912 1.5595 1.6777 3.9441 -2.2898 1.8248 13.2873 1.6164 0.9726
Car -1 -1 1.6896 566.9352 181.1998 615.2289 219.7844 1.4629 1.5973 3.4880 -0.7114 1.8303 29.9519 1.6654 0.8219
Car -1 -1 5.1950 541.8891 183.3107 600.3898 211.8353 1.4573 1.6342 3.9503 -2.1010 2.0761 40.5651 5.1430 0.1349
Car -1 -1 1.8948 548.6594 179.9956 585.1459 202.4492 1.6744 1.6841 4.0787 -3.3485 2.2641 57.3872 1.8363 0.1295
Car -1 -1 4.7702 572.6870 179.0276 605.2585 206.3035 1.4562 1.6422 3.8987 -1.1375 1.8272 41.3887 4.7424 0.1059
Car -1 -1 4.6849 406.1115 192.3502 445.7479 231.0845 1.4841 1.5822 3.6086 -8.0744 2.3897 31.5630 4.4358 0.0972
Car -1 -1 1.5669 606.8359 182.5080 622.9011 198.8312 1.4309 1.4579 3.7556 0.4871 2.3573 67.3553 1.5736 0.0910
Car -1 -1 0.0944 540.8728 181.9030 620.2376 209.7077 1.4653 1.6306 4.2121 -1.5518 1.9731 39.5598 0.0549 0.0890
Car -1 -1 1.6690 563.8331 182.1145 600.4600 211.9745 1.4934 1.6118 3.9831 -1.4472 2.0251 39.3875 1.6319 0.0889
Car -1 -1 3.9904 480.0061 184.2826 543.2308 209.4387 1.4210 1.6302 3.9841 -6.0600 2.1551 44.4229 3.8551 0.0756
Car -1 -1 4.7709 551.9898 178.9899 584.1651 206.4805 1.4713 1.6154 3.9318 -2.3399 1.8406 41.4624 4.7143 0.0726
Car -1 -1 3.3970 564.9534 177.6083 636.4055 204.7561 1.4633 1.6216 3.7274 -0.4824 1.7386 40.5587 3.3846 0.0724
Car -1 -1 0.0651 502.2980 181.0340 549.9435 200.0163 1.4762 1.6560 3.6919 -6.6559 2.1421 57.8195 -0.0494 0.0670
Car -1 -1 4.1624 523.8813 188.7162 669.3849 265.3383 1.4884 1.6221 3.8458 -0.4213 1.9056 16.9213 4.1367 0.0661
Car -1 -1 1.9279 533.7720 178.3947 572.9720 200.2802 1.5818 1.6572 4.1496 -4.2737 2.0250 55.4975 1.8510 0.0659
Car -1 -1 1.4075 431.6823 184.5105 469.2160 210.7578 1.5377 1.6787 4.4069 -10.3482 2.3306 46.7227 1.1903 0.0649
Car -1 -1 1.5289 451.9162 182.0278 480.7481 209.0111 1.5069 1.5546 3.8406 -8.7159 2.0891 43.7388 1.3329 0.0613
Car -1 -1 1.8594 581.9832 177.3398 616.9032 197.7694 1.5166 1.6460 4.0946 -0.7530 1.8828 56.7196 1.8458 0.0590
Car -1 -1 2.7911 532.0985 182.6404 602.4232 207.9596 1.4619 1.6399 4.0008 -2.6011 2.0852 44.4065 2.7324 0.0576
Car -1 -1 -0.4922 525.3732 178.3885 578.5507 199.1925 1.5607 1.6925 3.8279 -4.5227 2.0099 56.8067 -0.5717 0.0566
Car -1 -1 0.2985 403.2212 188.6959 464.6611 212.0590 1.5169 1.5979 3.7491 -11.8965 2.6127 48.9970 0.0611 0.0557
Car -1 -1 1.9497 473.5446 179.2308 503.8945 195.0968 1.4195 1.5303 3.7982 -11.3852 2.0400 68.1938 1.7845 0.0538
Car -1 -1 4.7914 522.6841 179.6450 546.7271 199.3291 1.4805 1.6187 3.6125 -5.9195 2.0375 57.3527 4.6886 0.0526
Car -1 -1 3.1125 546.6616 180.7564 636.6201 218.2242 1.4818 1.5906 3.6177 -0.7580 1.8181 29.8070 3.0866 0.0517
Car -1 -1 1.8053 551.6370 179.2719 585.4993 200.9035 1.5409 1.6415 4.1926 -3.0749 2.0490 54.9168 1.7492 0.0514
Car -1 -1 1.7234 523.4823 184.2155 556.9402 209.9475 1.4739 1.5071 3.8513 -4.2844 2.2139 45.0307 1.6286 0.0506