Car -1 -1 2.1589 84.8340 188.3842 238.1790 254.4331 1.5686 1.6563 4.0136 -12.2968 2.0461 20.1392 1.6163 0.9672
Car -1 -1 5.4229 0.0000 203.3055 130.3476 317.5132 1.4103 1.5480 3.4161 -9.6189 1.9712 11.5608 4.7401 0.8583
Car -1 -1 1.8220 434.8307 181.3165 474.5722 206.1234 1.5843 1.6624 4.2692 -10.6147 2.1929 49.7270 1.6123 0.8318
Car -1 -1 4.6086 597.3666 177.1565 628.4034 203.8445 1.6136 1.5987 3.7972 0.1742 1.9010 46.2284 4.6118 0.6125
Car -1 -1 1.8419 235.7694 195.0062 286.3174 224.6570 1.5055 1.6779 3.7124 -20.0050 2.8421 41.5598 1.3954 0.4296
Car -1 -1 1.9192 0.0000 197.9575 58.3110 228.1425 1.4916 1.6836 3.9709 -33.4170 3.0062 41.3832 1.2429 0.2410
Car -1 -1 4.5373 316.6700 178.4920 357.7811 209.4488 1.6521 1.5713 3.7662 -15.6093 1.9904 41.2643 4.1775 0.2071
Car -1 -1 2.4678 0.0000 191.1399 134.4209 253.9926 1.4248 1.6566 3.8484 -15.2881 1.9746 19.6257 1.8124 0.1415
Car -1 -1 2.2256 71.5700 177.7096 207.5995 228.6313 1.4582 1.5810 3.8833 -14.8359 1.6267 23.0470 1.6587 0.1414
Car -1 -1 4.6829 734.7862 166.4906 774.5002 203.2301 1.4972 1.5729 3.2780 6.2154 1.2379 31.1494 4.8776 0.1392
Car -1 -1 5.3667 0.0000 195.8262 196.9315 366.6180 1.5022 1.5915 3.7734 -6.8777 1.8407 8.7427 4.7146 0.1300
Car -1 -1 2.3159 15.7000 175.9586 180.1671 230.5732 1.4638 1.6293 4.1669 -15.2104 1.5669 21.7642 1.7115 0.1193
Car -1 -1 0.8711 0.0000 197.7938 40.4498 226.4760 1.4791 1.6716 3.5735 -34.0989 2.9111 40.3009 0.1720 0.1158
Car -1 -1 3.2267 225.9613 194.8474 294.0992 221.3779 1.5753 1.5596 3.8372 -22.5028 3.0384 46.5902 2.7786 0.1101
Car -1 -1 -0.0265 728.2068 167.0836 818.9617 203.9105 1.4750 1.5789 3.5885 6.7778 1.2439 30.0191 0.1931 0.1052
Car -1 -1 1.9005 198.6406 176.7235 267.7822 214.5955 1.4625 1.5435 3.3095 -15.5486 1.6326 29.9707 1.4253 0.0994
Car -1 -1 1.6400 595.5458 179.6401 627.4583 207.8098 1.5726 1.6498 3.7882 0.1567 1.9969 43.1668 1.6431 0.0982
Car -1 -1 1.7065 720.2692 178.4898 749.6301 201.0064 1.5320 1.5648 4.0797 9.1347 1.9580 52.3641 1.8778 0.0925
Car -1 -1 4.8275 731.5543 166.1808 757.2680 185.7071 1.5268 1.6212 3.8406 10.9607 1.0050 58.4941 5.0116 0.0914
Car -1 -1 1.8048 390.6640 180.1187 458.3333 223.8774 1.4656 1.5705 3.8056 -6.7619 1.7538 26.7137 1.5587 0.0882
Car -1 -1 1.5688 745.1851 173.6897 770.2842 197.6756 1.5171 1.5651 3.8350 9.8085 1.5748 47.8118 1.7695 0.0878
Car -1 -1 -0.2985 599.6781 178.8585 662.7000 204.3039 1.5349 1.6212 3.6466 1.3477 1.9231 45.3878 -0.2695 0.0868
Car -1 -1 2.3234 155.1911 181.1628 273.8640 225.2031 1.5595 1.6636 4.2539 -15.5483 1.9159 28.6761 1.8301 0.0830
Car -1 -1 2.5460 0.0000 194.1557 93.1207 263.2389 1.4286 1.6203 4.1719 -15.8813 2.0412 18.5220 1.8442 0.0829
Car -1 -1 3.8340 0.0000 186.6128 103.4687 243.2360 1.4536 1.6383 4.1804 -16.5144 1.8459 19.7478 3.1441 0.0818
Car -1 -1 1.8726 438.9870 174.5358 480.6501 198.5432 1.6361 1.7073 4.3327 -10.6752 1.7619 51.7276 1.6698 0.0743
Car -1 -1 1.6875 435.4315 179.1835 493.9659 222.5779 1.4379 1.6370 4.0672 -5.2575 1.6897 26.6097 1.4938 0.0738
Car -1 -1 4.3847 729.4691 171.1419 769.1224 194.7708 1.5592 1.5857 3.6145 9.5428 1.4463 49.5132 4.5737 0.0726
Car -1 -1 4.4572 717.0881 166.1741 772.0179 203.2353 1.4766 1.5444 3.0272 5.6162 1.2104 30.3137 4.6383 0.0717
Car -1 -1 1.4930 0.0000 192.7249 5.4500 222.6012 1.4827 1.6822 3.7574 -35.0460 2.6448 40.2803 0.7801 0.0692
Car -1 -1 2.1993 0.0000 197.3899 67.8773 228.0827 1.5033 1.6379 3.8305 -32.5317 2.9438 40.4105 1.5245 0.0670
Car -1 -1 1.8782 410.7779 178.8048 478.4718 217.5306 1.4423 1.5641 3.9540 -6.6625 1.7027 29.5368 1.6578 0.0669
Car -1 -1 1.8372 380.5127 188.3099 457.0312 235.3656 1.4357 1.6024 3.8911 -6.5756 2.0186 25.2562 1.5845 0.0663
Car -1 -1 0.6766 183.2905 195.7705 263.4043 224.5504 1.4831 1.6873 3.6996 -21.5064 2.7982 40.2292 0.1881 0.0644
Car -1 -1 1.6659 418.6020 188.4139 477.0348 234.8595 1.4122 1.6270 3.7489 -5.5718 1.9981 25.2099 1.4500 0.0632
Car -1 -1 1.8233 228.4674 195.2566 277.8702 225.9458 1.5132 1.6747 3.2882 -19.6738 2.8090 39.9543 1.3680 0.0624
Car -1 -1 4.6351 719.3993 176.5237 744.6342 198.0929 1.5398 1.5716 3.7902 9.1530 1.8250 54.1323 4.8013 0.0597
Car -1 -1 1.3324 602.1280 180.5433 646.6122 209.0028 1.5284 1.6638 4.1175 0.8084 2.0007 42.1253 1.3508 0.0591
Car -1 -1 3.3736 456.7202 179.1093 558.3740 214.9512 1.4576 1.6288 4.0129 -4.2951 1.7323 30.6902 3.2352 0.0581
Car -1 -1 3.4962 223.0623 196.5211 302.9487 224.7045 1.4959 1.6403 3.7486 -19.6077 2.8710 40.9376 3.0517 0.0577
Car -1 -1 1.6572 454.3850 176.8607 503.4417 215.9164 1.4455 1.6032 3.9542 -5.2114 1.6188 29.1649 1.4814 0.0574
Car -1 -1 0.5835 251.1081 187.4752 341.5435 217.1070 1.5113 1.6922 4.2868 -16.9902 2.3302 39.2030 0.1767 0.0572
Car -1 -1 4.4886 706.6758 167.6849 761.0377 203.0975 1.4587 1.5703 3.6043 5.3715 1.2458 31.5650 4.6552 0.0557
Car -1 -1 1.8383 705.7624 172.9074 743.9636 195.9517 1.5536 1.6424 4.0720 8.1660 1.5576 50.8494 1.9962 0.0557
Car -1 -1 4.7007 729.0001 169.0875 772.5035 209.0311 1.4887 1.5997 3.8115 5.6231 1.3483 28.9082 4.8905 0.0555
Car -1 -1 1.7834 488.2708 179.4736 524.9089 202.4275 1.4732 1.6321 4.2684 -7.0485 1.9498 49.7590 1.6430 0.0545
Car -1 -1 1.5007 594.3915 177.8679 624.1569 203.6505 1.5001 1.5817 3.6805 -0.0543 1.8233 44.6096 1.4990 0.0544
Car -1 -1 1.6754 727.6443 172.2202 759.0209 196.5653 1.5258 1.6224 3.9655 8.8157 1.4861 47.3537 1.8579 0.0532
Car -1 -1 3.4314 138.7939 178.8504 261.3724 218.4345 1.5194 1.6711 4.0208 -16.5382 1.7736 29.3296 2.9216 0.0531
Car -1 -1 3.0542 687.9577 166.6488 778.2060 203.5627 1.5007 1.6098 3.6008 5.1242 1.2484 30.2766 3.2198 0.0528
Car -1 -1 3.9877 0.0000 184.8281 125.7077 239.6174 1.4619 1.6309 4.1622 -16.5276 1.8293 20.9526 3.3259 0.0521
Car -1 -1 4.9541 461.3654 180.5374 519.2151 216.9555 1.4654 1.6366 3.8445 -5.1908 1.8256 31.8511 4.7934 0.0511
Car -1 -1 4.7686 607.3588 178.1886 635.4373 203.8590 1.5171 1.5699 3.2968 0.7700 1.8627 45.0502 4.7851 0.0508