Car -1 -1 0.0359 269.3374 165.3725 602.3558 287.2940 1.7236 1.7771 4.7864 -2.4828 1.4955 11.4547 -0.1786 0.8467
Car -1 -1 3.0324 411.5453 134.2205 578.4336 199.7945 1.6973 1.7471 4.4290 -2.9675 0.4732 20.0057 2.8822 0.2102
Car -1 -1 3.2474 385.0997 146.7219 486.8950 184.2496 1.5625 1.6576 4.1279 -7.0134 0.1140 30.9771 3.0218 0.1669
Car -1 -1 4.7965 441.1152 149.0740 484.6911 184.8447 1.5056 1.6074 3.8591 -6.1096 0.1403 32.2391 4.6060 0.1443
Car -1 -1 3.3712 223.2741 154.3306 326.5437 197.4225 1.4365 1.5440 2.9987 -11.2490 0.5304 24.9925 2.9473 0.1392
Car -1 -1 3.0984 356.6843 139.5775 526.8843 205.2401 1.6538 1.6928 4.3192 -4.2704 0.5976 19.4682 2.8804 0.1266
Car -1 -1 0.0260 216.7593 170.8402 328.0325 211.5365 1.5104 1.6036 3.8646 -12.7729 1.1143 28.1538 -0.4014 0.1218
Car -1 -1 -0.0706 267.7310 171.8707 369.4690 211.7433 1.5193 1.5818 3.7037 -11.3247 1.1519 28.8844 -0.4462 0.1204
Car -1 -1 4.4293 512.8642 152.4590 600.5705 208.5861 1.4838 1.5694 3.6685 -1.3642 0.7157 20.9822 4.3603 0.1085
Car -1 -1 2.7664 425.7018 148.7211 521.3986 184.4994 1.4804 1.5607 3.8108 -5.5199 0.1236 31.3879 2.5890 0.1064
Car -1 -1 4.8013 276.5607 150.7888 330.3488 193.7822 1.4525 1.5426 2.8132 -10.6228 0.4145 25.8407 4.4100 0.1002
Car -1 -1 3.2690 171.1376 175.9010 470.1151 289.5455 1.5694 1.6475 4.0668 -4.1292 1.4920 11.1764 2.9169 0.0726
Car -1 -1 4.6360 270.5182 172.6841 320.3806 212.3192 1.5145 1.5910 3.7448 -12.5576 1.1771 29.4759 4.2314 0.0679
Car -1 -1 4.8062 615.1106 150.2250 826.3795 356.0081 1.5099 1.6000 4.0344 1.4288 1.2803 7.4286 4.9841 0.0630
Car -1 -1 1.8406 413.5209 130.7751 515.4518 199.3717 1.6986 1.7348 4.0778 -3.6251 0.4422 19.8945 1.6579 0.0624
Car -1 -1 -0.6065 720.6844 128.4190 861.4961 180.2163 1.5449 1.6294 4.1806 6.0995 -0.0442 22.9897 -0.3546 0.0559
Car -1 -1 1.8774 404.2404 163.6919 483.1166 211.9450 1.6002 1.6606 3.9369 -5.5379 1.0092 25.8586 1.6634 0.0550
Car -1 -1 2.9413 441.8399 187.3748 609.1623 257.8007 1.4752 1.5749 3.5906 -1.7501 1.6210 16.5600 2.8321 0.0540
Car -1 -1 4.7462 417.1995 145.8610 458.7319 183.6369 1.5381 1.6385 4.0375 -7.0347 0.0865 31.3849 4.5228 0.0513
Car -1 -1 3.0494 379.7475 161.6770 496.5198 203.8809 1.4932 1.6219 4.1182 -6.0702 0.7914 26.8279 2.8241 0.0506