Car -1 -1 2.1012 0.0000 190.2084 271.5935 354.8843 1.4997 1.6581 3.8242 -5.8466 1.7609 8.9212 1.5343 0.9685
Car -1 -1 4.1765 826.1329 190.0110 1242.0000 375.0000 1.3725 1.5667 3.5265 3.0451 1.5462 5.5037 4.6584 0.9516
Car -1 -1 1.2167 462.2726 178.2582 518.3691 212.6980 1.5448 1.5042 3.6550 -5.8211 1.8211 34.9393 1.0523 0.8461
Car -1 -1 0.6487 338.3777 177.9351 415.4207 205.4288 1.5042 1.6255 4.0558 -13.3600 1.8062 41.4481 0.3384 0.7200
Car -1 -1 1.8909 152.2212 183.4982 236.9468 227.7131 1.4204 1.5680 3.6230 -14.8611 1.8329 26.0367 1.3764 0.4447
Car -1 -1 4.6615 671.8222 171.7263 709.1754 205.8438 1.4918 1.5369 3.2440 3.6826 1.4425 33.2127 4.7705 0.3970
Car -1 -1 0.4228 30.0419 183.4710 163.2163 225.6576 1.4111 1.5463 3.5567 -18.2229 1.8064 25.7758 -0.1879 0.3523
Car -1 -1 0.3613 79.4721 183.3950 220.2580 225.3869 1.4180 1.5230 4.0127 -16.5052 1.8157 26.0815 -0.1985 0.3394
Car -1 -1 3.8303 982.4283 179.1768 1125.5706 226.9618 1.4135 1.5419 3.9709 14.6446 1.6427 24.0351 4.3716 0.3076
Car -1 -1 2.7805 646.4794 172.2697 709.6565 192.1059 1.4711 1.6264 4.5002 5.2033 1.4277 54.8890 2.8742 0.3021
Car -1 -1 -0.2174 668.3430 171.8687 755.6464 205.6045 1.4747 1.6054 3.6283 4.5721 1.4316 32.4847 -0.0793 0.2801
Car -1 -1 1.4319 576.7639 176.6268 605.1544 198.0083 1.5011 1.5807 3.8384 -1.4111 1.7909 53.3932 1.4052 0.2685
Car -1 -1 1.4416 646.9409 171.9059 675.8282 193.7151 1.6227 1.6932 4.2335 3.9701 1.5522 55.8493 1.5119 0.2576
Car -1 -1 1.8082 193.9357 188.6587 276.5985 240.8335 1.4509 1.4864 3.8271 -11.9855 2.0064 23.3295 1.3379 0.2398
Car -1 -1 4.6533 666.5316 171.2444 704.7656 204.9263 1.4373 1.5297 2.7595 3.3584 1.3686 32.2020 4.7558 0.2019
Car -1 -1 1.0757 527.2778 176.0979 573.2880 197.7977 1.4736 1.5855 3.9780 -4.2886 1.7155 51.7235 0.9930 0.1911
Car -1 -1 4.7208 432.7043 178.6920 451.3458 195.8739 1.5124 1.6373 3.7492 -15.5098 2.0698 66.8849 4.4935 0.1693
Car -1 -1 4.7626 542.0618 171.4554 562.7669 190.4031 1.5950 1.5988 3.8867 -4.9378 1.4772 62.7030 4.6841 0.1539
Car -1 -1 3.5993 84.5747 186.6239 232.5892 229.5003 1.4009 1.5637 4.1138 -15.6314 1.8997 25.1686 3.0481 0.1435
Car -1 -1 -0.9604 1108.6556 148.1506 1242.0000 249.8976 1.3846 1.5951 4.0121 10.0017 1.0484 11.0682 -0.2387 0.1422
Car -1 -1 -0.4437 669.7606 171.6858 726.4290 191.5809 1.4876 1.6088 4.0131 6.7869 1.4003 55.3517 -0.3227 0.1326
Car -1 -1 4.5348 392.5052 174.2524 439.8008 206.7400 1.4934 1.6004 3.7744 -9.5319 1.5660 35.3931 4.2732 0.1285
Car -1 -1 1.8664 376.0412 178.5863 423.1206 206.3594 1.5128 1.5830 3.8069 -12.1630 1.8617 42.0071 1.5858 0.1271
Car -1 -1 4.7049 549.4305 179.9576 577.3220 205.5638 1.3987 1.5637 3.7380 -2.7275 1.8350 42.3979 4.6406 0.1176
Car -1 -1 1.5218 422.0588 178.5108 449.2394 201.6108 1.5183 1.6555 4.2473 -12.2802 1.9345 50.8083 1.2855 0.1111
Car -1 -1 5.0921 71.8036 185.2240 166.6449 229.2183 1.3920 1.5372 3.6814 -17.4665 1.8695 25.8919 4.5032 0.1074
Car -1 -1 4.9638 677.2647 170.4972 733.6499 205.3879 1.5071 1.6295 4.0352 4.4926 1.4053 33.3421 5.0961 0.1008
Car -1 -1 2.8029 1005.8358 177.7190 1135.0739 218.5230 1.6051 1.6611 4.2085 19.0238 1.8157 29.9605 3.3636 0.1003
Car -1 -1 -0.5254 541.1921 176.1956 602.9587 199.1379 1.5709 1.6699 4.1475 -2.6710 1.8192 51.7703 -0.5771 0.0949
Car -1 -1 3.2462 622.3083 171.0362 707.2741 204.4782 1.4564 1.5993 3.6742 2.5178 1.3773 32.5404 3.3222 0.0909
Car -1 -1 1.3246 496.1558 178.0050 524.9006 195.4783 1.5264 1.6539 4.2022 -9.1761 2.0181 66.6186 1.1879 0.0908
Car -1 -1 4.4961 361.2095 166.7378 398.7569 191.6792 1.6852 1.7021 4.0315 -16.2366 1.2719 50.9222 4.1887 0.0900
Car -1 -1 2.0326 583.6005 176.8320 626.2640 198.1071 1.4960 1.5853 3.9305 -0.3021 1.8034 53.6395 2.0265 0.0863
Car -1 -1 4.4919 390.5716 172.1216 422.2509 193.6058 1.6516 1.6263 3.8744 -16.2344 1.5953 57.5581 4.2180 0.0858
Car -1 -1 4.9264 89.8523 181.9002 167.2725 223.7418 1.3962 1.5876 3.9874 -17.9838 1.7635 27.1500 4.3457 0.0807
Car -1 -1 1.5226 598.6047 180.5207 617.4429 198.3552 1.5294 1.5124 4.3070 -0.1679 2.2533 65.9460 1.5196 0.0783
Car -1 -1 3.3624 128.6089 188.0424 269.2646 233.1277 1.4351 1.6155 4.0106 -14.2204 1.9943 25.2181 2.8532 0.0735
Car -1 -1 3.2463 555.8933 164.2467 610.6976 182.7493 1.5541 1.6969 4.5232 -2.2162 0.8311 61.6061 3.2102 0.0734
Car -1 -1 1.8911 202.9111 185.1891 289.3061 232.0581 1.4144 1.5632 3.5909 -12.3053 1.8681 24.6532 1.4321 0.0728
Car -1 -1 2.0467 117.2733 182.4252 226.3506 226.8851 1.4319 1.6457 4.1662 -15.7856 1.8088 26.2846 1.5101 0.0718
Car -1 -1 1.9562 122.7195 190.6226 227.1265 240.4731 1.4402 1.6014 4.0464 -14.5897 2.0951 24.4749 1.4232 0.0705
Car -1 -1 4.6343 436.3580 174.3212 460.7706 194.5579 1.5550 1.6080 3.9627 -12.9434 1.6771 57.8830 4.4150 0.0690
Car -1 -1 0.6666 533.4929 176.9408 591.2025 200.0595 1.5420 1.6319 3.8447 -3.3214 1.8381 50.5083 0.6009 0.0643
Car -1 -1 3.5150 505.6098 180.6909 550.5308 197.7637 1.4844 1.5834 3.7064 -7.3457 2.2053 65.1209 3.4027 0.0620
Car -1 -1 1.6188 659.2983 172.8784 682.7228 192.4520 1.4431 1.6003 3.9739 4.7382 1.4451 55.2790 1.7035 0.0607
Car -1 -1 0.3549 559.6249 176.5749 615.5060 198.2651 1.5238 1.5945 3.7439 -1.5943 1.8016 52.5069 0.3242 0.0597
Car -1 -1 3.4997 458.0633 183.3441 533.6765 213.5180 1.5298 1.6134 3.6564 -6.0514 2.1070 38.5456 3.3445 0.0596
Car -1 -1 3.6343 594.3624 172.3871 689.9868 205.9463 1.4370 1.6252 4.0288 1.4527 1.4170 32.6228 3.6779 0.0595
Car -1 -1 4.6669 682.6174 170.7056 706.7172 190.8949 1.5027 1.6643 3.9718 6.5413 1.3428 55.7449 4.7828 0.0590
Car -1 -1 1.8820 508.7035 182.9837 538.9965 199.4511 1.4161 1.6488 3.9531 -7.8888 2.3823 66.7258 1.7643 0.0584
Car -1 -1 4.8391 674.2616 161.6996 716.8944 193.9496 1.5296 1.6640 3.7689 4.3699 1.0006 36.2528 4.9578 0.0573
Car -1 -1 0.3373 389.4845 179.9983 452.3275 202.9651 1.5281 1.6508 3.8497 -12.9397 2.0289 49.6006 0.0830 0.0568
Car -1 -1 3.5102 342.0460 176.0768 435.5883 208.0540 1.4682 1.5951 3.9368 -10.4392 1.6254 34.2599 3.2162 0.0565
Car -1 -1 0.7596 57.7480 191.6482 294.0850 273.2667 1.4786 1.5851 4.2915 -8.9128 1.8997 14.9081 0.2283 0.0564
Car -1 -1 4.4657 644.6536 171.0655 699.1549 204.4844 1.4577 1.5879 3.9944 2.8314 1.3797 33.5730 4.5487 0.0564
Car -1 -1 -1.0275 572.3129 177.6097 633.3255 204.6406 1.4419 1.6048 4.1149 -0.3295 1.7294 41.4356 -1.0359 0.0531
Car -1 -1 -0.3541 700.7532 164.0493 791.1956 196.3523 1.5361 1.6416 4.0493 6.6752 1.1174 35.4617 -0.1699 0.0531
Car -1 -1 0.1432 207.1202 181.3017 348.0044 228.4531 1.4431 1.6143 4.0412 -10.8645 1.7385 23.8951 -0.2797 0.0527
Car -1 -1 0.5809 132.2147 187.2350 277.8750 233.4390 1.4512 1.5958 4.0578 -13.5047 1.9525 24.2039 0.0764 0.0524
Car -1 -1 -0.5145 540.0245 178.3589 587.8116 196.0581 1.5232 1.6282 4.0133 -4.0967 2.0325 64.9805 -0.5776 0.0514
Car -1 -1 4.7497 535.5299 174.3599 556.7714 193.5988 1.6333 1.7076 4.3791 -5.5769 1.7712 63.8336 4.6626 0.0512
Car -1 -1 4.5725 534.3195 163.2621 576.1306 194.9915 1.4948 1.5787 3.6596 -2.7539 1.0429 35.9487 4.4962 0.0512
Car -1 -1 4.5120 686.3341 170.8213 717.7811 192.2173 1.6161 1.6840 3.9565 7.2060 1.4626 56.5354 4.6378 0.0511
Car -1 -1 4.1489 409.3515 179.5559 448.2881 197.4989 1.5633 1.6186 3.9330 -16.6185 2.1968 66.2602 3.9037 0.0510
Car -1 -1 4.5462 419.7738 172.6479 450.5136 194.9306 1.6008 1.6225 3.8297 -13.0639 1.5860 53.9167 4.3093 0.0509
Car -1 -1 0.1319 63.6034 178.4809 182.2344 218.0990 1.5720 1.6552 3.9958 -20.5803 1.8242 30.7117 -0.4546 0.0506