Car -1 -1 4.9350 569.2227 171.2667 616.1100 202.3290 1.4820 1.5953 3.7234 -0.3358 0.9932 36.2595 4.9208 0.8611
Car -1 -1 2.0670 324.9238 177.4987 391.7786 207.0007 1.4790 1.6475 4.0267 -12.7633 1.2778 38.1345 1.7411 0.7845
Car -1 -1 5.4149 418.7577 173.1657 533.3726 217.9968 1.5545 1.7139 4.6235 -4.6067 1.2651 27.3353 5.2444 0.7794
Car -1 -1 4.8708 560.0416 168.0678 586.8771 188.9560 1.6604 1.6361 3.8382 -2.1819 0.5917 59.1029 4.8292 0.3303
Car -1 -1 -0.3630 318.8367 164.3977 390.8635 188.4790 1.4681 1.6511 4.0119 -15.5923 0.4247 45.7112 -0.6948 0.2761
Car -1 -1 4.6902 384.0359 170.6843 405.0944 190.1640 1.6233 1.6422 4.0682 -17.8031 0.7210 62.0469 4.4070 0.2396
Car -1 -1 4.6856 637.8333 168.5844 667.8503 194.0041 1.3964 1.6000 3.8033 2.9822 0.6862 41.3934 4.7522 0.1800
Car -1 -1 1.6859 513.9663 178.0999 539.7839 197.9392 1.4992 1.5797 3.9853 -5.7241 1.2413 56.2812 1.5800 0.1689
Car -1 -1 4.5223 561.6168 181.6029 600.2462 208.2524 1.5038 1.6188 3.5687 -1.1923 1.5094 42.4672 4.4893 0.1670
Car -1 -1 3.1624 563.2864 181.4154 628.1428 207.8706 1.5005 1.6440 3.6806 -0.2582 1.4950 41.5831 3.1511 0.1650
Car -1 -1 1.7543 479.2308 176.5727 538.0501 215.4980 1.5240 1.6852 4.4820 -3.7941 1.3306 30.4079 1.6261 0.1626
Car -1 -1 4.4953 316.7320 164.7070 357.9938 189.9400 1.5466 1.6676 3.9345 -16.9276 0.5166 46.1355 4.1407 0.1540
Car -1 -1 3.4786 522.5906 173.9937 609.9077 204.7601 1.4659 1.6403 4.0035 -1.6772 1.1077 35.5772 3.4268 0.1473
Car -1 -1 4.6346 370.0738 177.1888 415.0050 212.6004 1.4206 1.5559 3.6725 -8.9601 1.2472 30.8109 4.3488 0.1191
Car -1 -1 3.5614 419.4123 182.2050 531.7798 219.9884 1.4544 1.6242 4.1675 -5.0145 1.4836 28.9918 3.3865 0.1179
Car -1 -1 1.5877 515.0446 182.1268 538.7371 204.7303 1.4814 1.5506 3.7664 -5.0013 1.5251 49.1294 1.4817 0.1102
Car -1 -1 0.1352 504.9424 184.2250 571.1717 210.3930 1.4625 1.6028 3.6066 -3.5429 1.6215 41.2119 0.0448 0.1079
Car -1 -1 1.6549 497.8249 183.6392 539.5995 216.0557 1.4461 1.6543 4.1938 -3.8549 1.5544 34.4461 1.5391 0.1075
Car -1 -1 5.0495 640.4554 164.2823 671.0131 181.8344 1.6176 1.6914 3.9864 5.2992 0.0297 68.3679 5.1217 0.1066
Car -1 -1 4.6007 630.5207 158.1296 661.1185 182.4996 1.5290 1.5609 3.8229 2.9340 0.0619 47.0197 4.6579 0.1011
Car -1 -1 1.6942 637.4726 165.8742 675.1793 193.7948 1.4726 1.6179 4.1225 3.1688 0.6478 40.0654 1.7677 0.0816
Car -1 -1 4.4080 518.7722 182.9960 565.1819 209.8344 1.4840 1.6318 3.7706 -3.4616 1.5750 42.0016 4.3211 0.0812
Car -1 -1 4.9906 399.8268 187.3052 442.6909 213.7422 1.5118 1.5982 3.6553 -10.8541 1.8795 43.7418 4.7436 0.0805
Car -1 -1 4.4494 601.8614 167.6327 631.5919 187.4247 1.6697 1.6042 3.9511 1.3907 0.4988 62.7133 4.4666 0.0728
Car -1 -1 0.2933 482.1202 181.6405 541.3516 204.7924 1.5144 1.6261 3.6230 -5.9156 1.5231 48.1001 0.1665 0.0673
Car -1 -1 2.0150 307.1882 177.4200 377.0858 210.1958 1.5765 1.6785 4.3131 -13.1225 1.3796 36.7798 1.6695 0.0648
Car -1 -1 3.2576 310.2767 176.6357 397.6802 205.7056 1.4961 1.6597 4.2381 -13.0383 1.2451 38.2335 2.9260 0.0630
Car -1 -1 4.6348 348.7186 171.4797 397.3847 210.3368 1.4798 1.5937 3.8353 -9.3647 1.0977 29.4327 4.3243 0.0616
Car -1 -1 4.4581 589.1579 163.8201 623.7352 187.6351 1.7992 1.7229 4.0963 0.4336 0.4626 56.4675 4.4608 0.0613
Car -1 -1 4.4865 409.7769 163.8492 440.5553 183.8161 1.6707 1.6683 4.2628 -15.2497 0.1928 62.3830 4.2430 0.0612
Car -1 -1 1.1484 486.8124 180.4979 527.2908 200.1151 1.4515 1.6288 3.8684 -7.2095 1.3764 55.2225 1.0141 0.0606
Car -1 -1 5.0435 414.4832 174.5023 445.9944 192.1308 1.5735 1.6135 4.0338 -15.6384 0.9478 66.2005 4.8075 0.0576
Car -1 -1 2.2827 461.0501 184.7216 538.3285 215.5250 1.4131 1.6431 3.8865 -4.9076 1.5808 35.4655 2.1410 0.0574
Car -1 -1 3.0130 513.0324 181.2017 568.7976 204.4515 1.5178 1.5165 3.5445 -3.9894 1.4975 48.0155 2.9255 0.0573
Car -1 -1 1.6352 508.6422 184.2287 542.7253 213.6944 1.4571 1.5593 3.6778 -3.8801 1.6068 37.7364 1.5283 0.0564
Car -1 -1 -0.3579 632.4995 156.2334 704.1528 181.2478 1.5628 1.6541 4.2875 4.3652 -0.0175 46.2754 -0.2692 0.0561
Car -1 -1 5.2235 641.2016 167.1845 700.9807 193.2198 1.4293 1.6458 4.1341 4.1462 0.6427 41.6041 5.3173 0.0558
Car -1 -1 0.3665 480.7964 183.3825 554.8458 209.6807 1.4582 1.6384 3.9005 -4.7292 1.5690 41.2852 0.2480 0.0557
Car -1 -1 3.3659 539.6712 168.6172 591.2859 187.9566 1.5315 1.5968 3.9087 -2.8027 0.5103 58.0053 3.3130 0.0553
Car -1 -1 1.7127 504.9785 183.4675 541.8904 210.1125 1.4578 1.6191 3.7310 -4.3953 1.5758 41.4687 1.6026 0.0550
Car -1 -1 4.1832 607.1281 160.1840 657.8110 185.1888 1.5457 1.5295 3.8413 2.0279 0.2273 46.4606 4.2218 0.0531
Car -1 -1 2.1232 456.6982 180.6643 540.6229 216.5874 1.4599 1.6651 4.2420 -4.3623 1.4254 31.4689 1.9814 0.0527
Car -1 -1 1.5222 631.7601 166.2189 666.6453 195.9892 1.5326 1.6653 4.1825 2.6048 0.7453 39.0830 1.5834 0.0515
Car -1 -1 1.4003 538.8552 179.9961 580.3232 207.3621 1.4367 1.6268 3.9502 -2.3118 1.3571 39.8212 1.3376 0.0512