Car -1 -1 3.6823 0.0000 188.8903 239.9187 298.1589 1.5226 1.6111 3.5575 -7.9527 1.7928 11.2415 3.0774 0.9314
Car -1 -1 4.5286 537.4206 180.7057 598.5038 224.4766 1.5465 1.6728 4.1160 -1.7179 1.8804 28.4814 4.4683 0.9086
Car -1 -1 0.3987 44.9369 172.8623 305.4731 273.7026 1.8613 1.7118 4.1223 -8.4837 1.8615 14.4248 -0.1252 0.7127
Car -1 -1 3.2352 341.2078 166.6262 412.1275 190.2434 1.4995 1.6585 4.2640 -15.1332 1.1041 47.0782 2.9256 0.7056
Car -1 -1 0.7351 0.0000 190.2076 134.1711 353.0852 1.5593 1.6478 3.7116 -7.6344 1.7707 7.9386 -0.0140 0.6060
Car -1 -1 1.4178 340.6085 174.6944 403.2263 216.5676 1.4366 1.6227 4.1912 -9.0193 1.5117 27.1871 1.1000 0.3302
Car -1 -1 1.4464 482.7814 178.0776 506.5483 195.7663 1.5110 1.6202 4.1157 -10.4010 1.9985 65.1372 1.2884 0.3127
Car -1 -1 4.5774 585.7406 180.0488 632.6910 214.9971 1.4347 1.6135 3.7122 -0.0716 1.7770 32.3729 4.5746 0.2721
Car -1 -1 3.4936 212.4840 161.3266 302.7304 190.6732 1.4791 1.5862 3.8893 -18.1555 0.8981 37.3461 3.0437 0.2459
Car -1 -1 1.6036 360.2153 170.6276 389.7544 196.4526 1.4907 1.5696 3.7324 -14.1526 1.3622 43.6590 1.2916 0.2329
Car -1 -1 4.5713 337.5837 167.2766 364.5464 188.1530 1.8123 1.7151 4.1762 -23.2717 1.3281 64.8831 4.2280 0.2127
Car -1 -1 4.8064 338.0168 177.7201 401.9940 232.6565 1.5148 1.5116 3.5851 -7.2687 1.6771 22.1490 4.4924 0.2071
Car -1 -1 3.6625 90.8493 157.3220 194.6169 191.2991 1.5608 1.6177 3.8141 -21.9625 0.8473 34.0458 3.0930 0.1854
Car -1 -1 0.1875 247.4890 181.4557 364.8319 221.7365 1.4702 1.5540 3.9725 -11.6778 1.8179 27.9972 -0.2046 0.1484
Car -1 -1 4.9168 257.9294 158.1065 305.6389 189.8633 1.6063 1.5760 3.7508 -17.4221 0.8603 38.4974 4.4943 0.1446
Car -1 -1 4.8318 203.8686 194.2541 313.4493 281.4292 1.5015 1.6128 4.0719 -7.4631 2.0316 15.6873 4.3938 0.1361
Car -1 -1 4.7589 130.2625 155.6512 165.4223 183.8593 1.7521 1.7324 3.9766 -30.0067 0.6836 46.9744 4.1929 0.1309
Car -1 -1 1.5992 344.6882 174.2798 396.8901 220.9758 1.5181 1.6335 4.2174 -8.4723 1.5737 25.8488 1.2851 0.1190
Car -1 -1 1.5514 539.9101 179.5863 560.9745 199.9475 1.4885 1.5543 3.7141 -4.6097 2.0285 55.9469 1.4692 0.1163
Car -1 -1 5.0930 54.5480 172.4652 140.3766 211.5399 1.4742 1.5566 3.6805 -20.6005 1.4595 29.1908 4.4826 0.1113
Car -1 -1 4.9470 23.2552 169.5668 101.9072 209.4135 1.4823 1.6148 3.9710 -21.8549 1.3600 28.9836 4.3053 0.1086
Car -1 -1 4.4046 545.5089 170.5074 590.2625 197.4007 1.5018 1.5697 3.6968 -2.4878 1.3707 42.2986 4.3458 0.1082
Car -1 -1 4.8275 162.8652 157.4913 200.3250 185.5818 1.7707 1.7134 3.5374 -28.0914 0.8023 47.4474 4.2952 0.1079
Car -1 -1 4.5792 274.2278 168.4485 340.5329 215.3949 1.4656 1.5996 3.7818 -10.3427 1.3280 24.5612 4.1842 0.1056
Car -1 -1 5.1410 0.0000 173.5927 85.1211 216.0715 1.4864 1.5858 3.7435 -21.6486 1.5164 27.3229 4.4756 0.1055
Car -1 -1 2.4461 0.0000 187.2379 115.6643 375.0000 1.5480 1.6554 3.8544 -7.2515 1.7327 7.2600 1.6797 0.0951
Car -1 -1 1.4897 484.0190 177.2024 506.5987 196.2029 1.5824 1.6113 4.3870 -10.0814 1.9789 63.4761 1.3325 0.0876
Car -1 -1 3.8256 97.0495 157.0009 178.8294 182.6681 1.5871 1.6820 4.2258 -29.8237 0.6069 45.6804 3.2498 0.0784
Car -1 -1 5.2073 0.0000 192.3247 105.5392 375.0000 1.5287 1.6434 3.9478 -7.7231 1.8135 8.4461 4.4822 0.0778
Car -1 -1 4.6214 237.4609 163.9944 275.7132 195.0949 1.7634 1.6989 4.0245 -21.1053 1.2611 43.0734 4.1681 0.0772
Car -1 -1 4.6053 338.7877 173.4306 393.3339 213.3909 1.4501 1.6151 4.0506 -9.6490 1.4746 28.4240 4.2806 0.0769
Car -1 -1 4.8668 231.8669 169.0744 261.7309 189.1152 1.6020 1.6460 3.7317 -29.9761 1.2999 59.7065 4.4032 0.0716
Car -1 -1 3.9564 126.8528 156.7178 210.9004 187.2439 1.6303 1.6674 4.0179 -24.3379 0.7685 39.8745 3.4113 0.0714
Car -1 -1 -0.2463 588.8855 180.1442 685.4781 216.2013 1.4911 1.6414 3.9370 1.1813 1.8221 31.5425 -0.2098 0.0712
Car -1 -1 3.3996 234.1424 170.8007 400.3097 225.3123 1.5076 1.6266 4.2043 -8.3908 1.4508 21.0100 3.0236 0.0698
Car -1 -1 1.6069 361.2599 172.0548 393.3362 199.2899 1.5149 1.6289 4.3530 -13.6127 1.4704 42.4488 1.2981 0.0692
Car -1 -1 3.9651 0.0000 169.8644 103.4684 208.7897 1.4841 1.6285 4.1906 -22.6217 1.3701 28.6470 3.3011 0.0687
Car -1 -1 5.1439 320.1586 170.0629 394.7666 207.0734 1.5376 1.6371 3.8766 -11.0803 1.4216 31.9866 4.8127 0.0685
Car -1 -1 3.2433 189.3696 184.9266 305.7712 226.8897 1.4647 1.5690 3.8016 -13.6275 1.9463 27.3880 2.7851 0.0635
Car -1 -1 1.8301 371.4796 170.2250 415.8144 196.9944 1.5527 1.5993 4.0079 -13.0679 1.4002 43.8783 1.5421 0.0635
Car -1 -1 3.9687 0.0000 173.9621 73.4510 214.9917 1.4943 1.6518 4.0106 -22.8837 1.5381 27.4283 3.2780 0.0633
Car -1 -1 0.1821 118.6864 155.6508 204.6010 182.4378 1.6612 1.7184 4.4479 -28.6779 0.5943 46.3504 -0.3695 0.0615
Car -1 -1 3.5145 108.6788 154.5301 212.3081 186.5829 1.6560 1.6869 4.3810 -23.8727 0.7093 38.4982 2.9624 0.0607
Car -1 -1 0.2639 180.3330 162.6129 266.7929 190.5716 1.5608 1.6443 4.0995 -22.1442 0.9891 41.5345 -0.2234 0.0605
Car -1 -1 4.8367 255.1516 183.1527 311.8888 224.9964 1.4910 1.5888 3.7273 -12.8965 1.9296 28.7158 4.4177 0.0601
Car -1 -1 1.8829 237.4963 187.1512 315.8459 231.7255 1.4546 1.4968 3.9209 -12.2925 2.0276 26.8832 1.4574 0.0592
Car -1 -1 1.9191 0.0000 171.4040 75.7466 215.5158 1.4719 1.5791 3.9629 -21.0807 1.4235 26.2060 1.2466 0.0586
Car -1 -1 2.0512 352.9892 167.0736 406.5872 190.9872 1.4903 1.6712 3.9868 -14.9236 1.1301 47.0758 1.7456 0.0585
Car -1 -1 5.1834 290.0247 170.3081 391.1260 216.0812 1.4439 1.6024 3.9917 -9.1280 1.3636 24.8395 4.8344 0.0579
Car -1 -1 0.0968 284.5042 171.5961 417.0683 218.3519 1.4557 1.6121 3.9552 -8.3907 1.4165 23.7169 -0.2401 0.0577
Car -1 -1 5.1347 126.6330 155.4214 185.2397 182.1051 1.6350 1.6871 3.9855 -29.0227 0.5668 46.2988 4.5773 0.0553
Car -1 -1 1.9223 530.8489 174.9436 586.0445 205.2204 1.5249 1.6505 4.0909 -2.6849 1.6437 38.8382 1.8533 0.0552
Car -1 -1 1.3237 583.0367 175.0692 631.4991 206.1663 1.4924 1.5897 3.8227 -0.1729 1.6122 36.9685 1.3185 0.0551
Car -1 -1 1.5718 393.8657 183.9645 424.5497 212.4099 1.4255 1.5567 3.8874 -11.0599 2.0714 39.8652 1.3025 0.0549
Car -1 -1 5.3513 30.7875 168.4226 271.5589 282.0876 1.8833 1.7257 4.2669 -8.6572 1.8098 14.1626 4.8106 0.0545
Car -1 -1 3.7694 185.9296 163.0512 331.1983 210.5536 1.4813 1.6221 4.1255 -11.4711 1.1756 23.6693 3.3223 0.0534
Car -1 -1 2.5643 543.0446 178.2057 594.9323 199.1123 1.4999 1.6170 3.6049 -3.0419 1.9159 54.3638 2.5082 0.0533
Car -1 -1 0.3682 469.7375 177.7628 517.9605 196.0942 1.5880 1.5837 3.9388 -10.3035 2.0337 64.3255 0.2097 0.0526
Car -1 -1 1.6895 479.4056 175.5710 504.3811 195.7460 1.6610 1.6363 4.1600 -10.0883 1.9028 62.0865 1.5288 0.0520
Car -1 -1 3.5121 331.5266 171.7548 406.5845 196.0114 1.4832 1.6088 4.1422 -14.9725 1.4160 45.0281 3.1926 0.0519
Car -1 -1 5.3396 343.1497 167.0850 387.5753 187.1222 1.7482 1.7011 4.1226 -22.0042 1.2448 65.1725 5.0150 0.0515
Car -1 -1 4.1314 210.2061 172.7259 262.5504 192.2493 1.5842 1.7156 4.4855 -31.2503 1.5738 60.3968 3.6556 0.0508
Car -1 -1 3.6236 311.3107 167.5083 366.7404 186.3305 1.6340 1.6759 4.2984 -23.8762 1.1699 63.7378 3.2664 0.0501