Car -1 -1 4.9248 403.7173 176.6882 508.5711 247.7338 1.4723 1.6168 3.6576 -3.3172 1.3932 16.4964 4.7319 0.9785
Car -1 -1 2.6162 976.8616 160.1196 1086.3981 191.8422 1.4116 1.6254 4.0108 19.4693 0.5044 32.3047 3.1560 0.7522
Car -1 -1 -0.6496 1072.6060 144.1603 1197.7811 178.8969 1.5505 1.6685 4.5165 24.3369 -0.0759 32.4945 -0.0097 0.7259
Car -1 -1 1.5461 480.5405 174.3824 501.5827 193.5473 1.4922 1.5906 3.9165 -9.1575 1.0154 57.1230 1.3897 0.3872
Car -1 -1 4.1466 1126.5410 143.0591 1190.9204 169.9681 1.6928 1.6457 3.8123 37.5671 -0.7450 48.0040 4.8092 0.1324
Car -1 -1 4.5071 969.4513 157.3842 1026.2507 191.2027 1.4361 1.5101 3.6982 17.7492 0.4542 32.0138 5.0108 0.1258
Car -1 -1 -0.5865 1136.0746 146.4585 1219.7251 170.5793 1.5423 1.6253 4.1099 38.1093 -0.6744 47.0306 0.0929 0.1194
Car -1 -1 4.2983 950.1626 150.7722 1002.0963 177.3944 1.7052 1.7104 3.7997 25.0272 -0.2186 47.6987 4.7806 0.1168
Car -1 -1 1.5109 952.3826 161.9596 1030.5798 223.2349 1.4674 1.5758 3.9591 10.3252 1.0232 19.0595 2.0021 0.1098
Car -1 -1 1.9398 496.9138 176.1271 533.1345 195.8184 1.4970 1.5897 3.7205 -6.9809 1.1641 55.7505 1.8176 0.0952
Car -1 -1 1.1383 1001.2799 152.1617 1180.6610 234.8663 1.5469 1.6460 3.9234 10.2655 1.0167 15.2874 1.7218 0.0920
Car -1 -1 1.6109 390.3468 186.7376 424.8780 216.7374 1.4857 1.6108 4.0134 -10.5177 1.8397 38.0387 1.3448 0.0883
Car -1 -1 -0.5509 955.8188 150.1818 1035.3068 174.1323 1.5418 1.6580 4.4019 25.9513 -0.4316 46.9439 -0.0469 0.0824
Car -1 -1 0.8425 1077.3962 148.4178 1224.0000 232.2475 1.4958 1.6157 3.8433 11.9212 0.9233 14.5773 1.5191 0.0810
Car -1 -1 1.7139 480.3005 173.3639 508.4191 193.3261 1.5193 1.6157 4.0942 -8.6288 0.9757 55.8674 1.5632 0.0797
Car -1 -1 1.1970 480.5445 179.7341 527.4205 204.7308 1.4884 1.5805 3.9308 -6.3017 1.4424 44.2020 1.0580 0.0791
Car -1 -1 1.3845 497.3999 174.1507 531.3801 196.4887 1.5691 1.7126 4.3310 -6.6383 1.1226 51.9895 1.2599 0.0741
Car -1 -1 1.3687 374.0091 187.7931 428.4655 221.5667 1.4642 1.6889 4.3286 -9.8014 1.8379 33.9588 1.0917 0.0679
Car -1 -1 1.4215 1078.0485 154.0709 1221.2867 244.2465 1.5160 1.6150 3.8845 10.5757 1.0716 13.9804 2.0599 0.0676
Car -1 -1 0.5714 339.3069 188.9160 420.6766 218.7386 1.4667 1.6742 3.7276 -11.6482 1.9199 36.8090 0.2689 0.0673
Car -1 -1 4.3192 966.9615 159.7233 1041.4843 191.6149 1.4270 1.6352 4.1038 18.9999 0.4971 33.7714 4.8294 0.0669
Car -1 -1 0.7302 951.7036 164.2122 1119.4897 224.4408 1.4726 1.5663 3.8359 11.6216 1.0742 19.3521 1.2655 0.0666
Car -1 -1 3.7196 493.5422 181.8248 556.0148 207.4374 1.4882 1.6092 3.4312 -4.7949 1.5706 42.7280 3.6102 0.0649
Car -1 -1 1.1567 1044.4039 146.6497 1124.2623 180.3169 1.5217 1.6204 4.2144 23.1046 -0.0098 34.2000 1.7483 0.0646
Car -1 -1 -0.4688 991.9640 151.1228 1074.2981 174.6814 1.5150 1.6484 4.4048 28.4281 -0.3949 46.9425 0.0745 0.0639
Car -1 -1 4.4831 930.9420 169.5074 1025.2098 225.2020 1.4552 1.5728 3.7389 10.6986 1.1678 20.4789 4.9598 0.0638
Car -1 -1 0.9148 1134.3159 153.4086 1224.0000 251.3410 1.5051 1.5799 3.7018 11.6566 1.0886 12.7699 1.6440 0.0629
Car -1 -1 1.8640 526.7803 175.8201 561.3824 195.9421 1.4912 1.5929 3.8797 -4.5793 1.1439 54.4613 1.7823 0.0595
Car -1 -1 2.5240 1064.7137 148.4672 1183.4510 184.2681 1.5031 1.6127 3.9236 22.3725 0.1579 30.5148 3.1535 0.0595
Car -1 -1 0.3296 454.8179 174.3005 508.3745 193.7359 1.5081 1.5858 3.8707 -9.6758 1.0265 55.9573 0.1610 0.0587
Car -1 -1 2.3218 1044.9762 148.8978 1146.5129 181.5664 1.5330 1.5733 4.2681 23.9011 0.0497 34.4039 2.9264 0.0574
Car -1 -1 1.8782 486.1577 173.6192 520.9446 193.0148 1.4987 1.6184 4.0002 -8.0223 0.9665 56.7402 1.7402 0.0552
Car -1 -1 1.6273 470.0861 172.5771 494.8430 193.3367 1.5634 1.6614 4.2718 -9.5011 0.9662 55.4622 1.4603 0.0542
Car -1 -1 -0.7501 858.9843 163.1127 1008.9810 216.9925 1.4487 1.5811 3.8894 9.4896 0.9810 20.3707 -0.3183 0.0525
Car -1 -1 2.1450 506.9212 175.8604 550.0003 195.8915 1.4938 1.5660 3.6700 -5.8134 1.1473 54.7194 2.0415 0.0513
Car -1 -1 1.7322 475.4350 171.8107 506.8229 193.9897 1.6291 1.6903 4.2862 -8.5926 0.9904 54.0844 1.5773 0.0503
Car -1 -1 1.6466 502.3620 174.5778 529.0556 195.6085 1.5197 1.6634 4.2753 -6.6165 1.0913 53.2657 1.5254 0.0500