Car -1 -1 2.1209 0.0000 196.1200 272.5827 364.4424 1.5736 1.5192 3.7239 -5.8795 1.9282 9.1308 1.5616 0.9864
Car -1 -1 1.9016 231.6782 196.0652 374.8731 287.7098 1.4632 1.4996 3.4772 -5.8501 1.9771 14.1969 1.5166 0.9701
Car -1 -1 4.2883 758.9429 186.3414 1038.3396 351.7840 1.4363 1.5970 3.5020 3.0316 1.6268 8.3752 4.6232 0.9562
Car -1 -1 4.4625 714.6351 185.7141 851.5670 272.2653 1.3800 1.6288 3.8530 3.1956 1.6650 14.0358 4.6808 0.8890
Car -1 -1 4.0695 916.3677 189.0398 1242.0000 375.0000 1.4486 1.5274 3.4327 2.9475 1.5655 3.4795 4.7306 0.7445
Car -1 -1 1.2376 294.8093 186.6189 342.6545 210.4169 1.4373 1.7762 3.9072 -19.3831 2.3926 48.0157 0.8555 0.5097
Car -1 -1 2.0148 236.3880 189.2377 300.8767 218.8902 1.4628 1.6350 4.0311 -18.7387 2.4135 39.8486 1.5775 0.4497
Car -1 -1 -0.1200 729.1992 173.7469 798.1647 197.4332 1.5432 1.7025 4.3226 10.2301 1.6040 48.1252 0.0878 0.4447
Car -1 -1 1.4222 261.5254 188.9979 299.9249 213.6174 1.4493 1.7311 3.9801 -21.6453 2.5583 47.4247 0.9958 0.3295
Car -1 -1 1.4469 973.1505 164.6175 1014.1428 192.9212 1.4693 1.5144 3.7294 20.9522 1.0417 39.4677 1.9316 0.2951
Car -1 -1 3.5150 334.4353 177.2310 426.1491 209.1030 1.6471 1.7033 4.3497 -12.2082 1.8871 38.5612 3.2100 0.2824
Car -1 -1 1.6247 284.9189 184.4731 310.1339 204.5821 1.4702 1.6194 4.0381 -24.8018 2.4301 57.4389 1.2185 0.2669
Car -1 -1 2.0206 0.0000 198.6732 74.5418 269.0420 1.4360 1.5269 3.6231 -15.1625 2.1527 18.0897 1.3301 0.2431
Car -1 -1 4.6363 312.2011 187.2262 386.9379 254.2064 1.4945 1.5758 3.6151 -6.8852 1.9106 18.9174 4.2912 0.2038
Car -1 -1 0.7704 0.0000 199.5920 68.4099 264.7829 1.4684 1.5530 3.7333 -15.7959 2.1621 17.8447 0.0531 0.2035
Car -1 -1 5.1347 343.1039 177.6169 403.6422 207.7446 1.5387 1.6447 4.0178 -12.8817 1.8139 39.5974 4.8219 0.1906
Car -1 -1 3.7782 203.3679 191.8641 285.6000 220.5319 1.4434 1.6354 3.7189 -19.6747 2.4989 38.9403 3.3128 0.1819
Car -1 -1 4.5352 977.6840 158.8876 1015.6075 183.2334 1.5976 1.6527 3.6744 26.4225 0.6811 49.3503 5.0242 0.1757
Car -1 -1 1.6001 238.0748 192.0357 281.4874 230.1386 1.4291 1.5584 3.6788 -15.0020 2.3082 31.0708 1.1533 0.1642
Car -1 -1 -0.5240 961.3871 164.7768 1049.6036 193.0683 1.4859 1.5905 3.8798 21.2135 1.0617 38.7414 -0.0265 0.1591
Car -1 -1 1.4757 717.0516 176.9095 745.7540 200.1485 1.4872 1.5540 3.7785 8.2004 1.7723 48.7896 1.6408 0.1491
Car -1 -1 3.6771 299.4108 179.0050 385.3362 208.6009 1.5192 1.6364 4.0564 -14.3049 1.8591 38.7003 3.3249 0.1408
Car -1 -1 1.3130 972.5044 169.1595 1032.5602 201.0537 1.5574 1.6671 4.3592 20.3534 1.3770 37.5477 1.8061 0.1269
Car -1 -1 4.6714 730.1449 177.8738 760.2556 204.1578 1.4773 1.6116 3.8217 8.1028 1.7926 43.3250 4.8546 0.1261
Car -1 -1 2.9765 211.6344 193.2758 386.0735 265.2897 1.4842 1.6542 3.6723 -7.5042 2.0273 17.5067 2.5765 0.1255
Car -1 -1 4.5009 744.6308 173.5540 781.3174 196.8291 1.5182 1.6553 3.8888 10.3971 1.5678 49.1315 4.7079 0.1246
Car -1 -1 1.4983 268.6346 187.3459 302.8358 214.3029 1.5363 1.6785 4.4030 -20.6681 2.5066 45.9707 1.0776 0.1233
Car -1 -1 4.1870 177.1603 193.6553 267.6016 232.3714 1.4265 1.6139 3.8636 -16.1842 2.3440 30.1216 3.6973 0.1165
Car -1 -1 5.1906 333.4042 181.7248 454.7217 245.7192 1.4992 1.5797 3.6962 -5.6596 1.7621 19.4161 4.9101 0.1158
Car -1 -1 4.5483 381.5458 171.9886 408.7985 190.1841 1.5068 1.6187 3.9517 -18.4138 1.4351 61.8826 4.2600 0.1117
Car -1 -1 1.6518 334.1612 178.2934 358.7334 197.4001 1.4614 1.5520 3.9239 -21.2894 1.9181 58.4804 1.3039 0.1113
Car -1 -1 1.5448 917.1959 162.8592 958.7499 196.7184 1.3553 1.5041 3.6117 13.9792 0.9552 30.8367 1.9666 0.1072
Car -1 -1 4.7428 408.6908 170.4676 431.1268 190.5216 1.5615 1.6296 3.8588 -15.2776 1.3757 58.2468 4.4872 0.1042
Car -1 -1 1.4530 315.1284 183.1278 351.5929 210.8114 1.5969 1.6670 4.2464 -17.4821 2.2780 45.5713 1.0883 0.1024
Car -1 -1 1.7971 327.3083 180.2871 360.2769 200.2323 1.4734 1.5490 4.1430 -20.9668 2.0833 57.0568 1.4461 0.0969
Car -1 -1 3.9696 939.9994 153.7302 1001.8807 179.2456 1.6589 1.6493 3.7438 24.4438 0.4156 48.9392 4.4304 0.0954
Car -1 -1 -0.1366 915.1978 167.7635 1021.8676 204.9582 1.4763 1.4794 3.7896 14.7968 1.2742 29.9341 0.3183 0.0938
Car -1 -1 1.3704 301.8113 185.5673 342.4920 212.6563 1.5942 1.6593 4.1363 -18.6377 2.4556 46.6996 0.9922 0.0924
Car -1 -1 2.0377 238.6731 186.8647 299.2802 213.9066 1.5285 1.6772 4.2735 -21.2394 2.4479 45.1844 1.6003 0.0920
Car -1 -1 1.4406 713.1718 176.0791 747.3049 202.0599 1.6092 1.6793 4.0935 7.8586 1.8298 47.2796 1.6039 0.0911
Car -1 -1 5.0205 387.8195 180.5559 439.5384 211.3075 1.5570 1.6250 3.8712 -10.6530 1.9996 39.4912 4.7583 0.0903
Car -1 -1 -0.8617 991.1907 169.3747 1242.0000 375.0000 1.5049 1.6228 4.1641 4.2982 1.4925 3.3780 0.0011 0.0887
Car -1 -1 1.1829 944.2023 155.9854 1037.6523 203.0881 1.4587 1.5527 3.4437 12.6379 0.9363 24.1292 1.6602 0.0871
Car -1 -1 2.1323 255.0527 184.6569 312.3800 211.8148 1.5117 1.4730 3.5842 -19.6564 2.2569 43.6736 1.7113 0.0866
Car -1 -1 1.4064 915.3889 163.9198 973.5592 202.6970 1.4725 1.5276 3.8090 13.5819 1.1333 29.4377 1.8346 0.0835
Car -1 -1 1.9026 294.2369 190.1562 404.2903 259.2502 1.4753 1.5162 3.4344 -6.3579 1.9478 17.9876 1.5668 0.0832
Car -1 -1 2.0675 220.2340 189.3073 289.0459 221.0853 1.5085 1.6251 3.8439 -18.7162 2.4249 38.2320 1.6147 0.0829
Car -1 -1 2.8312 951.5412 155.8961 1023.0484 181.0592 1.6579 1.6364 3.9623 25.4273 0.5406 48.6781 3.3100 0.0825
Car -1 -1 2.6437 884.8480 166.4505 992.0874 203.6711 1.4956 1.5425 3.7674 13.5852 1.2383 29.9046 3.0661 0.0821
Car -1 -1 2.7271 943.5972 154.0877 1075.9790 198.6297 1.4744 1.5701 3.6601 13.6811 0.8532 24.8193 3.2258 0.0805
Car -1 -1 2.7907 932.8427 164.5736 1022.1922 193.7772 1.5253 1.6338 3.9505 19.6847 1.0928 38.7265 3.2577 0.0800
Car -1 -1 3.3472 723.5974 184.8408 817.7484 218.9451 1.4712 1.6513 4.0581 7.5477 2.0594 33.8250 3.5642 0.0796
Car -1 -1 1.6027 283.1619 182.0563 307.7095 203.5293 1.5324 1.5945 4.2314 -24.2069 2.2715 55.6912 1.1941 0.0792
Car -1 -1 4.4242 713.4236 191.7623 1242.0000 375.0000 1.5164 1.5891 3.7381 1.4097 1.6549 3.3593 4.7890 0.0786
Car -1 -1 4.6291 987.9372 152.0539 1043.1248 191.4969 1.4702 1.5918 3.8692 16.2285 0.6949 28.9852 5.1351 0.0786
Car -1 -1 1.5411 238.2941 188.6101 268.8079 214.0844 1.4685 1.6479 3.9897 -22.9232 2.5287 46.4005 1.0842 0.0770
Car -1 -1 4.5672 752.5143 174.1432 786.6230 198.4040 1.5098 1.6039 4.0091 10.4134 1.5977 47.1767 4.7827 0.0758
Car -1 -1 4.4644 940.3815 152.4333 1017.0214 197.8553 1.4853 1.5729 3.5052 12.9330 0.8175 25.4746 4.9294 0.0734
Car -1 -1 4.4306 439.4549 176.3568 470.4490 195.9488 1.5747 1.5446 3.8477 -13.0541 1.8798 60.7892 4.2196 0.0733
Car -1 -1 2.3354 279.9687 186.7101 379.3797 225.9747 1.4634 1.5870 4.0027 -11.7496 2.0916 30.5627 1.9708 0.0733
Car -1 -1 1.6639 237.3237 188.5470 279.6174 219.0490 1.5043 1.7075 4.4688 -19.6069 2.4359 40.4390 1.2147 0.0712
Car -1 -1 1.7066 767.6848 176.6003 806.8818 205.2154 1.4740 1.6101 3.7280 9.8247 1.6908 39.7284 1.9468 0.0703
Car -1 -1 1.6073 256.5550 184.3180 288.5921 212.3197 1.5573 1.6151 4.1219 -20.5720 2.2940 44.1530 1.1733 0.0689
Car -1 -1 2.1137 411.3791 182.6204 462.0975 207.2119 1.5352 1.5570 3.8636 -11.6254 2.2235 48.7718 1.8805 0.0685
Car -1 -1 5.2361 248.4544 193.2106 331.3604 231.3939 1.4508 1.5801 3.8672 -13.8800 2.3982 31.5684 4.8246 0.0682
Car -1 -1 4.7934 909.5809 161.2661 938.1821 183.1899 1.5374 1.6110 3.9074 22.9851 0.7248 52.7020 5.2025 0.0681
Car -1 -1 1.3247 249.3290 185.3764 294.4740 209.8191 1.4816 1.7038 4.4819 -22.6614 2.3601 48.3446 0.8882 0.0673
Car -1 -1 4.2147 942.5679 163.6324 1013.8132 193.8033 1.5424 1.6514 4.1059 19.8062 1.0710 38.9634 4.6817 0.0642
Car -1 -1 4.8779 433.5140 171.8378 462.2556 192.1584 1.5735 1.6242 3.8974 -12.9254 1.4948 57.8615 4.6589 0.0638
Car -1 -1 1.6248 327.9130 179.4726 353.5872 200.5214 1.5102 1.6104 4.3756 -20.6577 2.0412 55.5607 1.2701 0.0638
Car -1 -1 3.5038 394.4165 170.8760 454.9736 189.7571 1.4694 1.6264 4.3574 -14.6331 1.3155 57.2062 3.2542 0.0637
Car -1 -1 4.8920 0.0000 193.6742 81.2563 259.0260 1.4465 1.5969 3.8412 -15.4952 2.0650 19.3610 4.2236 0.0635
Car -1 -1 1.5856 729.2678 181.6431 758.2214 209.4961 1.4870 1.5777 3.9186 7.8174 2.0228 41.9078 1.7682 0.0634
Car -1 -1 1.7599 719.5466 186.7093 767.0240 219.2740 1.4229 1.6023 3.8113 6.6008 2.1414 35.3522 1.9423 0.0634