Car -1 -1 4.6963 646.7988 174.2764 686.5400 208.8383 1.4013 1.6177 3.6746 2.4415 1.4667 31.2921 4.7730 0.8718
Car -1 -1 1.7541 550.8625 178.1534 596.7925 210.0645 1.4609 1.5789 3.9297 -1.7127 1.7387 35.7684 1.7061 0.8321
Car -1 -1 4.7551 550.6267 168.8750 573.2355 188.8104 1.5865 1.6874 3.9843 -3.8915 1.2698 59.4309 4.6897 0.3410
Car -1 -1 4.4395 586.2151 172.4018 620.9747 194.9543 1.6442 1.6128 4.0104 -0.4936 1.6113 54.7552 4.4302 0.1745
Car -1 -1 0.6404 612.5718 173.9237 660.6595 190.1843 1.4702 1.6133 4.4033 2.5064 1.5732 67.5082 0.6770 0.1034
Car -1 -1 0.3434 504.3143 178.6514 589.9470 211.1067 1.4906 1.6389 3.7925 -2.9987 1.7810 34.8702 0.2577 0.0955
Car -1 -1 4.8373 670.1367 173.6543 692.6013 190.6828 1.4983 1.5622 3.9248 6.5726 1.5736 65.7692 4.9361 0.0893
Car -1 -1 0.5641 610.0239 176.9965 658.1500 195.5591 1.4677 1.4704 3.7591 2.0062 1.8186 59.4574 0.5973 0.0835
Car -1 -1 3.4418 532.9971 179.5549 603.7548 205.7962 1.4633 1.5898 3.8223 -2.3875 1.8657 42.0967 3.3850 0.0686
Car -1 -1 0.2349 529.8569 169.6187 580.7444 188.3751 1.4846 1.5812 3.8298 -4.3596 1.2285 58.1966 0.1602 0.0675
Car -1 -1 4.8423 524.5244 174.2841 557.3339 199.2259 1.5188 1.5974 3.8571 -4.3432 1.6140 46.1162 4.7485 0.0595
Car -1 -1 4.5300 567.0444 177.9346 605.9189 204.7121 1.4782 1.6036 3.9658 -1.4145 1.7939 42.7386 4.4966 0.0529