Car -1 -1 4.5124 583.4015 176.4606 657.0790 230.3633 1.6287 1.6935 4.0039 0.2662 1.7604 24.2123 4.5225 0.9452
Car -1 -1 4.0492 0.0000 195.0930 150.9540 368.8086 1.5276 1.6332 4.0144 -7.3567 1.8023 7.7752 3.3085 0.8408
Car -1 -1 0.5183 0.0000 175.6528 278.0105 302.2294 1.6943 1.6877 3.9838 -7.2869 1.7395 10.6810 -0.0691 0.7307
Car -1 -1 3.2891 376.6671 164.6473 456.3225 190.9353 1.5501 1.6887 4.4508 -11.6151 1.0662 43.6330 3.0302 0.3188
Car -1 -1 1.4538 531.5746 174.2680 556.3224 192.7897 1.5157 1.6313 4.1193 -5.6298 1.6407 61.5644 1.3626 0.3150
Car -1 -1 5.2101 348.7959 164.5277 434.8466 206.0235 1.5221 1.6031 3.8383 -8.5019 1.2167 28.5114 4.9225 0.2531
Car -1 -1 4.7020 387.5346 168.6366 418.3900 196.3173 1.4711 1.5858 3.9060 -11.5943 1.2470 40.4442 4.4243 0.2352
Car -1 -1 1.7362 349.0711 173.8695 424.9948 228.5688 1.4829 1.5351 3.8658 -6.5709 1.5162 21.6497 1.4444 0.2319
Car -1 -1 3.5849 366.5902 174.8175 445.4954 201.6917 1.5061 1.6197 4.0959 -11.7511 1.6228 41.7492 3.3118 0.1382
Car -1 -1 1.2278 569.6127 176.5031 604.3590 196.9381 1.6229 1.6298 4.0533 -1.9237 1.9388 60.2686 1.1957 0.1138
Car -1 -1 4.6320 379.3081 161.5263 404.8301 183.8137 1.8460 1.7658 4.2970 -18.7441 0.9078 62.0862 4.3398 0.1138
Car -1 -1 3.8564 9.2806 148.9852 124.4881 184.4459 1.6417 1.6718 4.3716 -25.8203 0.5367 34.4018 3.2162 0.1023
Car -1 -1 1.6313 533.9373 174.3540 556.0787 192.8924 1.4806 1.5800 4.2692 -5.3465 1.6101 60.1313 1.5427 0.1015
Car -1 -1 1.6150 427.4107 178.8848 463.4094 210.0677 1.4328 1.5708 3.9371 -8.1454 1.7513 36.0319 1.3938 0.1008
Car -1 -1 1.5614 407.9982 178.2135 442.4391 209.6320 1.4319 1.5636 3.9801 -9.1413 1.7131 35.7321 1.3123 0.0983
Car -1 -1 1.8923 48.0090 148.2508 138.4388 193.8386 1.5318 1.5393 3.7753 -18.6742 0.7051 26.2734 1.2791 0.0981
Car -1 -1 3.0106 518.4602 174.8287 566.4427 193.1131 1.4949 1.5910 3.8276 -5.6341 1.6636 60.4515 2.9177 0.0941
Car -1 -1 -0.0820 425.2794 179.7430 507.4797 210.9413 1.4402 1.5922 3.8126 -6.9919 1.7882 35.1647 -0.2773 0.0902
Car -1 -1 3.6652 0.0000 149.4348 107.8628 194.4080 1.4800 1.5652 3.7309 -19.6913 0.7093 24.7845 2.9990 0.0887
Car -1 -1 1.6719 330.7189 166.5634 415.2564 233.2028 1.5008 1.6155 3.9475 -5.8927 1.3592 18.3473 1.3649 0.0848
Car -1 -1 4.9562 122.7449 199.9672 304.0911 322.4416 1.4912 1.6053 3.9905 -6.2403 2.0165 11.8529 4.4802 0.0846
Car -1 -1 2.0841 0.0000 157.2474 75.4737 207.6845 1.5017 1.5809 3.7247 -19.2817 1.0370 23.4516 1.4015 0.0824
Car -1 -1 1.5983 392.2982 176.8046 433.1319 213.3837 1.4383 1.5667 3.8447 -8.3626 1.6185 30.8661 1.3355 0.0804
Car -1 -1 5.0751 135.7898 157.4184 191.6550 184.2067 1.5511 1.6629 3.7098 -26.9601 0.6573 43.7557 4.5255 0.0788
Car -1 -1 3.9931 191.0673 161.2295 273.7659 191.9569 1.5823 1.6649 4.0691 -20.2108 0.9837 38.6705 3.5142 0.0786
Car -1 -1 1.3448 564.6270 184.2246 601.0712 209.1733 1.4960 1.5652 3.7974 -1.7869 2.2712 47.1588 1.3066 0.0782
Car -1 -1 0.5273 164.4071 150.3232 271.2692 185.4508 1.6835 1.6655 4.3788 -19.2093 0.6037 35.4862 0.0341 0.0740
Car -1 -1 5.1294 407.1610 178.7330 462.0198 206.8117 1.5203 1.6466 3.9298 -10.1217 1.8796 42.0194 4.8941 0.0727
Car -1 -1 1.9387 1.9343 145.3946 108.8300 193.8365 1.6051 1.6328 4.2295 -19.9297 0.6953 26.1662 1.2926 0.0719
Car -1 -1 4.1563 230.4245 163.6590 283.6815 184.5397 1.5805 1.6827 4.3985 -27.6186 0.8845 56.4973 3.7033 0.0718
Car -1 -1 1.5612 571.7071 183.5834 600.6786 211.1032 1.4936 1.6393 4.1688 -1.4114 2.1634 42.9288 1.5279 0.0707
Car -1 -1 1.6082 574.7219 177.5608 611.1755 211.2768 1.5164 1.6183 3.7868 -0.7557 1.7565 34.8902 1.5861 0.0675
Car -1 -1 5.3989 0.0000 171.8923 230.7230 326.9528 1.7250 1.7055 4.2960 -7.4619 1.7143 10.2279 4.7807 0.0662
Car -1 -1 0.5543 50.1055 149.3989 172.4692 186.3369 1.7200 1.7185 4.6141 -23.7844 0.6278 34.5599 -0.0449 0.0658
Car -1 -1 3.1597 292.7836 172.5587 431.2267 225.2268 1.5062 1.6199 3.8515 -7.4671 1.4978 21.9876 2.8356 0.0652
Car -1 -1 1.5107 526.2473 173.9103 549.4788 193.8375 1.5658 1.6406 4.2699 -5.9115 1.6557 59.1715 1.4112 0.0644
Car -1 -1 0.0850 392.6768 178.8216 463.9504 206.2397 1.5143 1.6095 3.8432 -10.3522 1.8661 41.4280 -0.1587 0.0622
Car -1 -1 4.8154 0.0000 175.8491 145.5738 375.0000 1.4970 1.6126 3.7785 -3.8730 1.5241 4.5094 4.1344 0.0622
Car -1 -1 4.5166 636.3120 176.2976 695.7895 217.6783 1.4586 1.5784 3.6595 2.0949 1.5997 27.6625 4.5907 0.0618
Car -1 -1 4.1727 0.0000 146.2370 92.8313 184.5885 1.7505 1.6867 4.3762 -27.0569 0.5356 34.5113 3.5115 0.0612
Car -1 -1 4.9102 207.4236 151.8823 263.4752 187.4065 1.6705 1.6865 4.1896 -18.6693 0.6843 36.1752 4.4366 0.0611
Car -1 -1 4.1904 223.5268 155.1905 302.4245 190.1478 1.6425 1.6823 4.1593 -17.2105 0.8126 35.7743 3.7448 0.0606
Car -1 -1 3.6232 0.0000 162.6620 43.3145 203.1074 1.5908 1.6566 4.1519 -26.1220 1.1899 29.6701 2.9057 0.0601
Car -1 -1 3.6557 0.0000 155.8147 86.3104 206.0077 1.5556 1.6380 4.0363 -19.7465 1.0275 23.5269 2.9629 0.0595
Car -1 -1 1.5370 616.4971 167.3237 650.7472 199.7305 1.5245 1.5655 3.8226 1.1505 1.2643 35.8560 1.5684 0.0583
Car -1 -1 2.0664 0.0000 148.6870 87.3544 195.5076 1.4735 1.5669 3.6286 -19.6756 0.7129 24.6297 1.3976 0.0573
Car -1 -1 3.2212 378.6775 180.4037 460.3151 212.0717 1.4602 1.5588 3.6999 -9.1257 1.8365 34.8779 2.9668 0.0562
Car -1 -1 0.1502 353.5414 167.2973 428.9686 194.9708 1.4690 1.5558 3.7423 -11.8471 1.1741 39.3352 -0.1407 0.0555
Car -1 -1 1.6448 374.1187 173.0439 409.0273 201.4233 1.5566 1.6310 4.0127 -12.5584 1.5681 41.7393 1.3539 0.0552
Car -1 -1 5.1564 30.8604 150.7843 129.2436 197.7780 1.6899 1.6056 3.7227 -20.3558 0.8962 27.9216 4.5309 0.0552
Car -1 -1 0.8450 537.2175 184.5500 593.7691 209.5094 1.4735 1.6175 3.6181 -2.8478 2.2520 46.1789 0.7832 0.0551
Car -1 -1 1.3414 577.6259 180.3395 618.0932 206.1622 1.4619 1.6671 3.6895 -0.7578 1.9390 43.9953 1.3237 0.0543
Car -1 -1 1.7485 523.4728 175.1331 552.7114 195.9654 1.5761 1.6289 3.9311 -5.6128 1.7627 57.0547 1.6505 0.0541
Car -1 -1 3.4887 362.8812 170.2304 444.6904 197.6953 1.5143 1.6154 4.1387 -11.5801 1.3696 40.7360 3.2132 0.0540
Car -1 -1 3.5708 325.1470 177.6514 437.7955 213.7382 1.4190 1.5935 4.1344 -9.3480 1.6235 29.7026 3.2680 0.0537
Car -1 -1 -0.8453 592.0928 182.3022 651.0965 207.7056 1.5016 1.6220 3.8491 0.8042 2.1308 46.0798 -0.8285 0.0536
Car -1 -1 3.8624 152.3233 160.4183 251.1387 192.8859 1.6484 1.7322 4.5084 -21.4245 1.0171 37.9503 3.3513 0.0526
Car -1 -1 4.5584 278.5192 176.6274 309.5456 196.9452 1.5465 1.6758 4.1060 -25.3532 1.8608 57.9137 4.1472 0.0525
Car -1 -1 4.4097 644.5956 181.8081 726.0347 231.7837 1.5064 1.6502 3.9042 2.4815 1.8371 24.5726 4.5083 0.0522
Car -1 -1 4.5388 603.8903 168.7570 646.5264 199.1538 1.5133 1.6142 3.7140 0.7710 1.3093 37.8800 4.5586 0.0515
Car -1 -1 0.2846 0.0000 152.9262 131.3092 192.8265 1.6080 1.6875 4.4169 -23.1195 0.8049 30.6416 -0.3577 0.0513
Car -1 -1 0.1477 348.9345 162.5015 406.7364 183.2709 1.7153 1.7190 4.4304 -19.4765 0.8603 60.7959 -0.1612 0.0508
Car -1 -1 1.9319 212.1395 163.5817 271.5856 193.7256 1.5419 1.6187 3.7521 -19.7215 1.0676 38.8575 1.4648 0.0507
Car -1 -1 4.7356 606.3051 164.7795 642.5521 198.4449 1.5126 1.6306 3.9835 0.7568 1.1498 34.4454 4.7570 0.0506