Car -1 -1 2.1700 0.0000 190.6353 143.0930 257.8130 1.4306 1.6275 4.2542 -14.1870 1.9440 18.6707 1.5269 0.9416
Car -1 -1 1.8789 327.9007 180.9675 373.2863 207.9685 1.4753 1.4654 3.6389 -15.1501 1.9725 42.3732 1.5372 0.5214
Car -1 -1 1.8807 304.9570 174.2274 351.5862 202.0320 1.8231 1.7475 4.3307 -19.3201 1.9220 49.7418 1.5118 0.4949
Car -1 -1 4.6985 589.7461 171.1451 611.0472 190.8452 1.5276 1.6525 3.8813 -0.7635 1.3951 57.9123 4.6850 0.3409
Car -1 -1 1.8105 109.8386 192.1633 150.4834 215.3180 1.5099 1.6360 3.6083 -34.7048 2.9628 52.3175 1.2269 0.1853
Car -1 -1 5.1474 233.9960 162.8812 302.2261 203.2864 2.1015 1.7397 4.2678 -18.6686 1.5828 39.6633 4.7099 0.1524
Car -1 -1 4.0820 87.0766 183.4306 145.7972 203.9008 1.4853 1.6291 4.0804 -37.7968 2.3174 55.3092 3.4846 0.1506
Car -1 -1 2.5790 1034.5046 178.3645 1188.3884 224.7154 1.4597 1.6345 3.9076 16.4750 1.6484 23.8213 3.1778 0.1392
Car -1 -1 1.4091 1005.5817 186.3556 1083.0645 236.2835 1.4638 1.5956 3.9775 14.6211 1.9616 24.4563 1.9420 0.1232
Car -1 -1 1.5863 94.9439 190.6885 138.0547 225.5616 1.4801 1.6421 4.0837 -23.8463 2.3982 34.9886 0.9914 0.1163
Car -1 -1 1.5946 276.2445 187.5363 327.2265 231.4001 1.4030 1.6171 4.1701 -11.3615 1.9941 26.8118 1.1969 0.1153
Car -1 -1 1.4170 973.4128 183.9239 1013.7124 209.6187 1.4707 1.6496 3.7884 23.9616 2.1947 45.1316 1.9019 0.1131
Car -1 -1 4.2916 0.0000 188.9559 24.9997 228.7984 1.4537 1.6091 3.8278 -25.5905 2.1373 29.0990 3.5747 0.1128
Car -1 -1 4.6191 1025.3137 183.2611 1091.0421 230.8411 1.4694 1.5765 3.7566 15.5799 1.8623 25.2069 5.1669 0.1051
Car -1 -1 1.3525 49.4670 199.4984 134.5508 247.7559 1.4581 1.6804 3.9377 -18.6111 2.4859 25.8894 0.7339 0.0989
Car -1 -1 2.3199 980.6983 184.6188 1055.9504 210.8106 1.5021 1.7327 4.0243 24.9790 2.2448 44.1115 2.8317 0.0971
Car -1 -1 1.8333 191.1105 197.8652 278.5180 248.2569 1.4254 1.6545 3.9179 -12.6348 2.3495 24.5706 1.3623 0.0970
Car -1 -1 4.5126 342.7420 167.9581 371.3373 188.2037 1.7311 1.6676 3.7943 -22.3355 1.3125 63.7521 4.1768 0.0966
Car -1 -1 1.6249 124.4922 190.8722 169.8086 225.7106 1.5135 1.6576 4.0008 -22.8249 2.4593 35.7211 1.0594 0.0954
Car -1 -1 -0.2443 578.2548 171.0220 629.8073 190.4881 1.5029 1.5936 3.7959 -0.4470 1.3614 56.9516 -0.2525 0.0905
Car -1 -1 1.0272 953.7679 181.5483 1064.1918 228.1991 1.4691 1.5853 3.9202 13.9485 1.8000 25.4628 1.5229 0.0884
Car -1 -1 1.9890 48.4779 204.9318 154.0262 255.1746 1.4235 1.6668 3.4612 -17.2424 2.6027 24.6681 1.3838 0.0834
Car -1 -1 1.1756 1034.4683 186.6264 1140.5099 237.1711 1.4257 1.6113 3.4500 15.2297 1.9036 23.1968 1.7501 0.0833
Car -1 -1 1.4360 254.7977 186.0219 291.8041 210.5163 1.4554 1.6837 3.9791 -22.0703 2.3573 47.2909 1.0012 0.0821
Car -1 -1 1.5508 172.9953 183.9511 199.2635 206.9784 1.5401 1.5741 4.1699 -30.8685 2.3822 52.5585 1.0218 0.0816
Car -1 -1 1.5005 1011.7492 183.2589 1080.7937 234.6332 1.4551 1.6139 3.7684 14.0114 1.8208 23.3115 2.0355 0.0807
Car -1 -1 2.2254 338.5023 181.3235 404.3690 209.2536 1.5130 1.5779 3.9884 -13.9618 2.0374 42.5295 1.9097 0.0767
Car -1 -1 1.5757 278.7525 194.3395 325.9391 236.9751 1.4230 1.5861 3.5816 -11.9002 2.3154 28.0127 1.1770 0.0766
Car -1 -1 1.6701 108.6973 189.7451 143.4677 212.1317 1.4710 1.6958 4.3593 -35.6168 2.7716 53.2378 1.0825 0.0755
Car -1 -1 1.8766 214.1434 190.2792 298.4212 235.6653 1.4179 1.5814 4.0723 -12.7542 2.1045 26.3031 1.4287 0.0738
Car -1 -1 4.9261 0.0000 188.0388 49.1754 226.7966 1.4184 1.5762 3.6676 -24.6843 2.0909 29.9590 4.2412 0.0737
Car -1 -1 3.7177 76.1243 189.7993 145.5758 211.3474 1.4782 1.6575 3.8126 -35.7314 2.7144 51.7577 3.1156 0.0711
Car -1 -1 1.7836 109.9910 199.4020 189.0636 246.1994 1.4585 1.6603 4.0883 -17.2167 2.5401 27.1931 1.2233 0.0690
Car -1 -1 1.5240 251.1452 197.3334 310.3077 246.9062 1.4063 1.6665 3.8678 -11.2868 2.3137 24.6451 1.0982 0.0672
Car -1 -1 1.6906 198.1680 193.9913 271.9527 246.9689 1.4259 1.6173 4.0102 -11.9857 2.1719 23.3054 1.2199 0.0656
Car -1 -1 3.7810 201.6958 166.6059 286.5930 200.8145 1.7746 1.6845 3.7988 -19.5136 1.4505 38.5892 3.3153 0.0651
Car -1 -1 1.8583 250.2887 186.0450 299.0859 213.0466 1.5134 1.6358 4.0937 -20.6626 2.3693 44.6772 1.4270 0.0637
Car -1 -1 3.3817 931.8810 181.4390 1067.6670 229.1447 1.4840 1.5901 3.8775 13.4587 1.8040 25.0075 3.8700 0.0628
Car -1 -1 0.9987 984.2353 183.1609 1051.9445 209.8001 1.4378 1.6506 3.8116 23.9242 2.0715 42.4077 1.5088 0.0588
Car -1 -1 3.8682 76.2534 182.6461 145.6672 203.3972 1.5007 1.6208 4.3108 -37.4721 2.2517 54.2643 3.2660 0.0579
Car -1 -1 4.7262 336.8302 165.3272 359.2198 191.1367 2.1324 1.7410 4.0894 -22.3777 1.5106 61.8321 4.3801 0.0570
Car -1 -1 1.9159 71.5356 178.9984 120.0449 200.5331 1.4580 1.6152 3.9216 -37.0683 1.9201 52.1582 1.3003 0.0559
Car -1 -1 1.1370 923.5425 180.4137 979.3546 205.7452 1.4487 1.6313 3.8202 20.9265 1.9331 44.3204 1.5751 0.0558
Car -1 -1 0.9507 1051.8960 172.8862 1201.3304 226.9476 1.4675 1.5727 4.0021 15.2716 1.4686 21.5990 1.5593 0.0537
Car -1 -1 1.1967 948.7974 182.5862 1002.0244 208.2346 1.4853 1.6722 3.8602 22.8944 2.1232 45.2981 1.6615 0.0519
Car -1 -1 1.4706 580.4579 171.4114 605.9124 191.6940 1.5385 1.6103 3.9785 -1.3221 1.4291 56.8040 1.4471 0.0518
Car -1 -1 3.5218 186.8515 198.5881 328.7727 244.2933 1.4504 1.6112 4.0966 -12.0443 2.3719 24.8962 3.0749 0.0515
Car -1 -1 5.3417 125.3113 197.0862 240.1365 243.7324 1.4649 1.6702 3.9138 -15.7083 2.4334 26.8042 4.8156 0.0506
Car -1 -1 0.4615 314.8301 168.0697 370.2172 187.5862 1.6670 1.6678 4.2113 -23.1767 1.2583 62.6864 0.1085 0.0503