Car -1 -1 1.9516 216.6516 190.5646 378.3204 287.2574 1.5302 1.5527 3.7005 -5.8279 1.9183 13.9555 1.5622 0.9853
Car -1 -1 4.3119 772.8206 181.6320 1080.4764 368.2990 1.4929 1.5985 3.6613 3.0488 1.6105 7.8084 4.6702 0.9641
Car -1 -1 1.7970 340.3006 188.9034 433.1782 252.6017 1.4442 1.5678 3.5324 -5.7771 1.9090 19.0854 1.5063 0.9523
Car -1 -1 4.3496 706.3215 179.5621 864.2248 277.0883 1.5068 1.6018 3.6061 3.0580 1.6482 13.3077 4.5696 0.8959
Car -1 -1 4.5236 698.7515 178.0065 789.7438 238.6980 1.3962 1.6125 3.8381 3.3996 1.5446 18.8566 4.6985 0.8342
Car -1 -1 3.4788 371.7575 177.3397 452.1175 203.8049 1.5447 1.6624 4.3608 -11.8584 1.8208 43.4331 3.2135 0.5638
Car -1 -1 4.9220 433.0899 166.7961 463.1338 187.2962 1.7426 1.7271 4.2504 -14.1562 1.2276 63.4653 4.7032 0.5386
Car -1 -1 1.0481 326.7129 182.4504 375.7071 204.7356 1.5226 1.6338 3.9342 -18.9377 2.2504 52.8287 0.7052 0.4322
Car -1 -1 4.5651 707.0750 159.9382 736.4058 181.7260 1.6561 1.7064 4.0183 8.7992 0.6744 56.8586 4.7177 0.3536
Car -1 -1 4.7464 411.6438 167.7995 431.8712 185.5672 1.5950 1.6745 4.0481 -17.3906 1.1413 66.9312 4.4929 0.2974
Car -1 -1 1.5154 318.9233 181.2495 340.9883 199.9598 1.5162 1.5705 3.8964 -24.2232 2.2673 62.4524 1.1465 0.2848
Car -1 -1 4.7769 729.4951 170.2776 756.6956 194.5840 1.5461 1.5449 3.6476 8.8861 1.3822 47.8537 4.9591 0.2569
Car -1 -1 1.9165 0.0000 195.7832 115.0292 259.0568 1.3856 1.5654 3.8765 -14.8899 2.0681 19.3942 1.2682 0.2285
Car -1 -1 3.2631 856.5002 147.8386 955.0650 187.2794 1.5460 1.6100 3.6097 12.2482 0.5654 29.8629 3.6488 0.2193
Car -1 -1 4.9934 81.7987 186.1297 150.8881 224.7072 1.5040 1.5738 3.4032 -21.2872 2.1136 31.2719 4.3995 0.2070
Car -1 -1 3.8491 23.0026 190.0250 162.8328 237.7390 1.4107 1.5337 3.4507 -16.3543 1.9782 22.9220 3.2346 0.1974
Car -1 -1 3.4919 0.0000 196.2113 125.8908 252.7554 1.3892 1.5809 3.5401 -15.7753 2.0812 20.0856 2.8324 0.1829
Car -1 -1 4.3262 872.2711 155.5778 914.9315 178.0908 1.7322 1.7129 4.1794 22.6207 0.4029 57.6182 4.6985 0.1737
Car -1 -1 1.5774 360.4034 181.8876 380.4224 200.1837 1.4806 1.5976 3.7874 -20.6830 2.2883 62.4608 1.2586 0.1698
Car -1 -1 3.5130 7.2769 183.3351 141.5383 221.5293 1.4912 1.6281 4.2143 -22.2957 1.9495 30.2276 2.8815 0.1646
Car -1 -1 5.1249 377.1700 176.2455 429.4026 202.3338 1.5175 1.6489 3.9520 -12.6773 1.7368 44.5784 4.8491 0.1583
Car -1 -1 4.9426 37.7179 185.9914 119.1474 230.5322 1.4419 1.6077 3.5875 -19.3831 1.9599 26.4827 4.3154 0.1492
Car -1 -1 -0.8614 849.5876 156.4601 904.4785 178.2381 1.5531 1.6355 3.9177 19.7023 0.3840 53.1245 -0.5082 0.1452
Car -1 -1 2.9896 701.6058 161.6316 760.3906 181.5259 1.5128 1.6559 4.2737 9.3435 0.6594 55.7221 3.1547 0.1447
Car -1 -1 4.4101 910.4518 156.5869 949.9448 178.2267 1.5549 1.6290 3.7878 23.8627 0.3861 53.8201 4.8253 0.1431
Car -1 -1 1.7379 41.7416 186.1915 135.3059 241.8039 1.4105 1.5478 4.2637 -15.4802 1.8523 21.6398 1.1225 0.1425
Car -1 -1 3.2590 691.7406 168.0954 755.1388 193.7960 1.6285 1.6202 3.9200 7.4334 1.3270 47.0272 3.4144 0.1419
Car -1 -1 1.6080 691.1645 181.2956 729.1843 216.3262 1.4754 1.6031 3.9281 4.7134 1.8911 33.4624 1.7461 0.1399
Car -1 -1 2.9238 883.4907 154.6427 953.6104 178.0847 1.6835 1.7273 4.4716 22.6675 0.3756 53.0746 3.3254 0.1383
Car -1 -1 2.2284 751.7448 144.8732 864.2317 194.8453 1.4924 1.5185 3.7672 6.4461 0.6568 23.2897 2.4950 0.1361
Car -1 -1 4.2966 853.9188 152.9439 917.1058 185.3713 1.5208 1.6048 3.5563 13.5618 0.5870 35.6585 4.6572 0.1276
Car -1 -1 1.6878 353.5768 185.7747 383.3653 209.9286 1.4974 1.4839 3.6695 -16.2519 2.4054 48.7596 1.3674 0.1263
Car -1 -1 1.1614 874.6851 141.6920 951.1681 181.9224 1.6227 1.6402 3.7901 12.9393 0.3658 31.0123 1.5534 0.1184
Car -1 -1 2.8768 830.2180 152.5265 932.0539 183.9891 1.4619 1.6186 4.2842 12.9244 0.5174 34.5255 3.2322 0.1133
Car -1 -1 1.3806 336.9922 180.3401 375.0697 206.3635 1.6500 1.6783 4.2898 -17.3725 2.1855 49.3343 1.0434 0.1106
Car -1 -1 5.1099 59.5362 187.6183 165.2037 237.6540 1.4251 1.5634 3.5549 -16.0990 1.9460 23.5648 4.5156 0.1065
Car -1 -1 -0.2385 744.5807 157.0574 807.7002 177.7387 1.4893 1.6262 4.2352 12.1560 0.3518 52.8017 -0.0135 0.1042
Car -1 -1 5.1097 420.4714 173.9340 469.9811 200.4939 1.5601 1.6166 3.8386 -10.0927 1.6298 44.5774 4.8880 0.0970
Car -1 -1 2.8611 871.2347 158.0023 968.1609 189.9565 1.4858 1.5915 3.9805 14.7939 0.7952 34.5788 3.2622 0.0959
Car -1 -1 1.3237 695.1847 165.1646 728.2070 186.3284 1.5172 1.5712 3.6865 7.5535 0.9660 53.6436 1.4625 0.0956
Car -1 -1 3.6156 227.7993 176.1089 334.4695 214.1683 1.4954 1.5950 3.6280 -13.3268 1.6320 29.3926 3.1930 0.0947
Car -1 -1 4.5822 716.7822 167.8033 745.5629 188.4427 1.4972 1.6266 3.9927 9.1226 1.1308 54.3642 4.7473 0.0927
Car -1 -1 1.8481 389.0045 178.2522 466.0344 227.1740 1.4720 1.5368 3.5855 -5.9433 1.6646 23.9304 1.6068 0.0920
Car -1 -1 1.0060 871.4066 153.5945 960.9041 193.5090 1.5005 1.5922 3.6575 12.2452 0.7765 29.0611 1.4011 0.0901
Car -1 -1 3.7372 20.9416 190.6111 188.4854 238.3802 1.3885 1.5020 4.1195 -15.5191 1.9563 22.3072 3.1347 0.0897
Car -1 -1 4.7959 688.2374 164.8723 718.2153 191.8820 1.7191 1.6604 3.8900 6.2669 1.2110 47.9990 4.9246 0.0890
Car -1 -1 3.6725 391.5537 168.8365 440.2614 185.6075 1.5028 1.6132 4.0411 -17.6971 1.1428 65.9687 3.4112 0.0856
Car -1 -1 3.3867 3.6583 191.2026 186.6953 246.0183 1.3817 1.5617 3.9861 -14.4931 1.9417 20.5854 2.7792 0.0837
Car -1 -1 2.3078 0.0000 195.1823 120.8277 255.5704 1.3956 1.6109 3.8054 -15.7956 2.0777 20.0832 1.6477 0.0836
Car -1 -1 1.7122 660.0291 187.6158 708.3183 225.1767 1.4361 1.5956 3.3667 3.2383 2.1046 30.8488 1.8151 0.0828
Car -1 -1 5.2502 254.9802 177.3175 340.7122 218.9637 1.5784 1.5727 3.6557 -12.7184 1.7738 29.6743 4.8482 0.0815
Car -1 -1 1.4983 717.7369 161.6808 743.2650 182.1134 1.5229 1.6541 4.0455 9.3272 0.6901 55.8667 1.6627 0.0789
Car -1 -1 2.0572 0.0000 186.3508 96.3562 236.4306 1.4553 1.6323 3.8486 -19.0579 1.9443 24.1041 1.3934 0.0763
Car -1 -1 4.1862 752.2308 157.1199 798.7260 179.0036 1.5679 1.6831 3.8148 12.3134 0.4406 53.7679 4.4101 0.0761
Car -1 -1 3.0844 705.7621 173.9103 766.1911 196.7059 1.5164 1.6231 3.9631 8.5639 1.5898 49.1257 3.2556 0.0755
Car -1 -1 1.5480 317.5955 179.0836 339.4990 199.1539 1.5744 1.6125 4.2639 -23.5077 2.1147 60.2946 1.1775 0.0743
Car -1 -1 3.6132 349.6573 177.3116 421.6751 202.9597 1.4921 1.6084 3.8340 -13.4713 1.7677 43.4883 3.3142 0.0726
Car -1 -1 0.3374 418.8491 167.3914 470.6634 184.9472 1.4876 1.6075 4.0483 -14.1795 1.0248 62.1700 0.1139 0.0709
Car -1 -1 4.5610 388.5050 169.8325 414.0877 188.2093 1.5410 1.5840 3.7563 -18.0769 1.2877 62.5438 4.2805 0.0705
Car -1 -1 4.1823 702.1578 169.2621 754.9772 194.2168 1.5974 1.6428 4.0963 7.9226 1.3674 48.3925 4.3432 0.0697
Car -1 -1 3.1228 708.5154 166.8312 768.4775 187.1037 1.4653 1.6388 4.2949 9.4933 1.0300 53.2984 3.2979 0.0684
Car -1 -1 4.7533 639.4770 182.5523 705.5186 246.4652 1.4674 1.5759 3.7802 1.7458 1.7513 19.1419 4.8420 0.0668
Car -1 -1 1.8275 436.7771 181.3413 469.0206 202.3960 1.4522 1.4942 3.3884 -11.4451 2.0946 52.8841 1.6150 0.0667
Car -1 -1 1.0845 961.5542 162.1411 1108.1857 216.9314 1.4385 1.7206 4.6147 12.3051 1.1573 21.2777 1.6026 0.0666
Car -1 -1 1.1706 678.1752 165.9890 719.7377 186.6552 1.4874 1.6196 4.0978 6.6554 0.9933 54.1230 1.2920 0.0663
Car -1 -1 0.7733 0.0000 195.0283 125.5538 254.7753 1.4446 1.5462 4.0789 -15.3326 2.0636 19.1579 0.1050 0.0650
Car -1 -1 1.3913 342.6586 180.8161 377.8228 206.7518 1.7119 1.6430 4.1714 -17.7298 2.3015 51.2109 1.0592 0.0643
Car -1 -1 1.4696 865.3724 147.3405 916.5366 185.7483 1.5339 1.6246 4.0563 12.0077 0.5150 30.9867 1.8360 0.0637
Car -1 -1 4.6371 413.0771 165.4581 437.5811 186.6114 1.7742 1.7487 4.3297 -16.0775 1.1539 62.8497 4.3874 0.0627
Car -1 -1 2.1718 358.3799 186.0602 412.5726 210.2040 1.4952 1.5724 3.9252 -15.1863 2.4324 49.0976 1.8729 0.0611
Car -1 -1 2.4931 859.6053 153.2860 975.0856 193.7197 1.5194 1.6312 4.0161 12.0911 0.7841 28.4000 2.8917 0.0602