Car -1 -1 1.8634 387.6007 180.3671 440.9047 209.7798 1.5233 1.6737 4.4889 -10.9616 1.9718 40.7989 1.6022 0.8900
Car -1 -1 4.7267 599.0813 175.3629 625.5889 201.9593 1.6079 1.6172 4.0156 0.2057 1.7749 46.0239 4.7306 0.5665
Car -1 -1 1.6813 0.0000 202.1566 31.4369 249.7256 1.4279 1.6572 3.8474 -22.3084 2.5779 26.2563 0.9819 0.4227
Car -1 -1 3.2085 568.1118 174.3388 632.8839 199.2036 1.5148 1.6531 3.9371 -0.5329 1.6093 45.0002 3.1963 0.2079
Car -1 -1 4.9037 0.0000 180.4824 59.9975 253.5032 1.6373 1.7164 4.1060 -15.8152 1.8600 18.8540 4.2126 0.1957
Car -1 -1 4.7246 750.4040 162.1850 796.5846 205.3850 1.5286 1.6051 3.6343 6.2572 1.1511 27.4844 4.9458 0.1952
Car -1 -1 4.5982 273.8688 176.3235 318.2521 209.9905 1.6021 1.6378 4.0616 -16.0960 1.7902 36.9503 4.1897 0.1461
Car -1 -1 1.8226 339.9581 174.6570 429.3151 228.1874 1.4779 1.6292 4.0473 -6.7665 1.5383 22.1150 1.5285 0.1367
Car -1 -1 1.3539 424.0249 178.2190 451.0337 196.6329 1.5553 1.5609 3.7778 -15.3258 2.0477 64.1736 1.1200 0.1340
Car -1 -1 1.5354 293.6473 188.9016 320.0152 212.0616 1.4972 1.6085 3.9644 -21.7353 2.6955 51.7414 1.1392 0.1328
Car -1 -1 4.6544 742.7534 162.1004 767.4324 182.7695 1.4991 1.5962 3.8249 10.9257 0.7192 54.3384 4.8516 0.1271
Car -1 -1 1.7712 477.6451 176.1641 518.1454 202.1844 1.4495 1.5691 4.1844 -6.5757 1.6559 42.8624 1.6195 0.1267
Car -1 -1 5.4053 0.0000 182.2770 86.1711 249.3316 1.5831 1.6334 3.5764 -16.1401 1.8590 19.3301 4.7163 0.1259
Car -1 -1 4.5794 756.1525 159.4042 794.3806 188.8589 1.6628 1.6891 3.9489 9.7694 0.9035 42.7743 4.8022 0.1162
Car -1 -1 1.7398 0.0000 208.1159 37.3657 252.4160 1.4108 1.6656 3.1858 -23.2574 2.8489 27.6324 1.0448 0.1137
Car -1 -1 1.7493 9.2690 196.4081 72.0120 233.3287 1.4962 1.6293 3.9798 -26.8033 2.6796 34.1117 1.0869 0.1106
Car -1 -1 2.2206 0.0000 185.0858 49.8143 263.1115 1.4839 1.5589 3.8513 -14.8254 1.7942 16.3246 1.4914 0.1105
Car -1 -1 3.1751 0.0000 183.1290 51.5861 248.8753 1.5039 1.6110 3.9429 -17.2027 1.8009 18.9753 2.4455 0.1092
Car -1 -1 1.3729 0.0000 194.1953 30.5295 227.3212 1.4809 1.6498 3.8720 -30.8629 2.6152 36.4971 0.6744 0.1059
Car -1 -1 4.0360 225.4075 180.1943 310.0740 212.4717 1.4930 1.6524 4.0030 -16.9361 1.8730 35.7333 3.5960 0.1050
Car -1 -1 0.9574 0.0000 197.7684 53.2235 233.6988 1.4856 1.6477 3.8766 -27.7022 2.6674 32.9295 0.2618 0.1019
Car -1 -1 4.8418 197.8204 181.1551 254.3553 220.9949 1.5037 1.5987 3.6989 -15.9096 1.8729 30.0836 4.3587 0.0988
Car -1 -1 2.0875 0.0000 184.7420 66.4534 256.9706 1.5102 1.6505 3.6529 -15.2416 1.8335 17.6759 1.3833 0.0967
Car -1 -1 1.8327 0.0000 192.9197 60.5571 225.7016 1.4836 1.5578 3.7053 -29.7516 2.5719 37.1247 1.1605 0.0946
Car -1 -1 1.5198 211.6163 188.2400 238.3333 210.0828 1.5686 1.6670 3.8894 -30.3330 2.8259 56.8661 1.0314 0.0945
Car -1 -1 -0.1037 594.2516 176.1792 662.4713 201.1012 1.5119 1.6473 4.1046 1.1419 1.7239 45.0167 -0.0790 0.0897
Car -1 -1 1.3632 416.1865 182.7957 447.0944 202.7277 1.5410 1.6736 4.2271 -14.9050 2.4032 60.3124 1.1216 0.0893
Car -1 -1 1.7830 372.8854 178.1272 443.7750 225.4183 1.4600 1.5619 3.7111 -6.7657 1.6536 24.5932 1.5168 0.0828
Car -1 -1 4.7903 0.0000 184.9740 61.3004 244.6513 1.4753 1.5757 3.7814 -16.8059 1.8560 20.6578 4.1136 0.0788
Car -1 -1 3.5733 129.1038 179.1128 250.5655 219.4306 1.5319 1.6459 3.8427 -16.6194 1.7895 28.7133 3.0524 0.0782
Car -1 -1 4.8869 397.6038 175.1491 475.9849 227.3051 1.4479 1.6575 3.9923 -5.2164 1.5252 22.2480 4.6587 0.0767
Car -1 -1 1.5753 0.0000 190.9458 39.0089 226.8679 1.4902 1.7017 4.3293 -28.3047 2.4079 34.3833 0.8902 0.0766
Car -1 -1 2.3918 18.3684 196.5601 127.9385 232.9111 1.4753 1.6886 4.1295 -25.3726 2.6747 34.3206 1.7587 0.0733
Car -1 -1 2.0766 0.0000 199.6426 29.9481 253.1185 1.4662 1.6310 3.8861 -21.2711 2.4317 23.9323 1.3555 0.0731
Car -1 -1 1.6910 0.6494 203.7240 75.8706 250.6857 1.4472 1.7262 4.1173 -21.5384 2.7117 27.3479 1.0285 0.0728
Car -1 -1 3.0476 736.5234 162.9936 842.2518 204.6751 1.4726 1.5831 3.6336 6.5372 1.1242 26.5369 3.2862 0.0715
Car -1 -1 4.5553 736.9298 162.1957 793.3983 204.8653 1.4805 1.5582 3.0920 5.6786 1.1107 26.6190 4.7628 0.0710
Car -1 -1 4.7517 587.2892 176.2816 615.4397 202.2060 1.5851 1.6600 4.2192 -0.4910 1.8176 46.8134 4.7408 0.0703
Car -1 -1 1.4323 739.0546 159.6688 777.3207 188.0690 1.6159 1.6900 4.0210 8.8262 0.8657 43.1130 1.6326 0.0691
Car -1 -1 2.4646 145.1638 176.3116 259.9896 218.2704 1.5158 1.6286 3.7395 -15.9288 1.6619 28.4410 1.9578 0.0662
Car -1 -1 2.0591 0.0000 200.0729 48.1517 237.6966 1.4310 1.6637 3.4337 -26.7804 2.7069 31.9713 1.3657 0.0659
Car -1 -1 3.6704 0.0000 185.2934 59.3284 253.9464 1.5052 1.6541 3.9799 -16.0343 1.8275 17.4772 2.9356 0.0657
Car -1 -1 1.1758 262.2642 189.2659 309.4247 212.3045 1.4692 1.6829 3.8267 -22.7602 2.6657 50.6800 0.7553 0.0627
Car -1 -1 4.7975 23.6430 185.9937 122.4571 253.8211 1.4556 1.6465 4.0467 -13.5919 1.8314 18.4782 4.1700 0.0624
Car -1 -1 1.9323 313.0602 182.7882 422.3490 242.3116 1.4582 1.6198 3.8801 -6.6647 1.7650 20.3121 1.6186 0.0606
Car -1 -1 3.9361 272.0764 176.4067 412.7790 231.9467 1.4908 1.6246 3.8686 -7.8327 1.6026 21.1314 3.5848 0.0603
Car -1 -1 1.9595 248.1170 183.7136 290.9829 204.4736 1.5121 1.5903 4.1631 -26.7455 2.4003 56.8903 1.5216 0.0597
Car -1 -1 -0.0579 376.4255 178.6300 523.2852 231.7983 1.4314 1.6210 4.0319 -4.6471 1.6104 21.0378 -0.2732 0.0595
Car -1 -1 3.2755 0.0000 200.1634 27.3787 247.3076 1.4763 1.6911 4.3685 -24.4805 2.5627 26.7689 2.5396 0.0588
Car -1 -1 2.2227 0.0000 192.3287 42.0296 226.4280 1.4522 1.5750 3.7669 -29.6085 2.4444 34.8404 1.5220 0.0585
Car -1 -1 4.6492 617.2052 176.7221 646.2979 201.9700 1.5223 1.6075 3.9204 1.3789 1.7800 46.0984 4.6784 0.0583
Car -1 -1 1.6790 424.6223 179.5287 484.9647 225.6166 1.4383 1.6243 3.9116 -5.3055 1.6895 25.1299 1.4725 0.0572
Car -1 -1 4.8353 512.5585 176.9090 538.5833 198.8006 1.5668 1.5032 3.6297 -6.2690 1.8813 54.1369 4.7202 0.0559
Car -1 -1 1.8496 468.5418 176.3129 516.7099 205.4144 1.5513 1.6239 4.1486 -6.6005 1.7588 41.1322 1.6911 0.0553
Car -1 -1 3.8501 0.0000 186.5650 106.2510 246.6613 1.5589 1.6039 3.7053 -16.3224 1.9546 19.9641 3.1712 0.0552
Car -1 -1 0.2420 236.0456 190.3156 325.2423 219.1397 1.4729 1.6961 4.1608 -17.9527 2.4592 39.5468 -0.1820 0.0551
Car -1 -1 1.5769 509.2761 175.7948 537.0627 201.6330 1.4826 1.6043 3.9163 -5.2413 1.6699 43.9021 1.4584 0.0541
Car -1 -1 4.8396 488.8676 175.7007 522.5178 200.6874 1.4527 1.5553 3.9481 -6.3434 1.6357 44.3875 4.6981 0.0537
Car -1 -1 1.5636 285.3235 181.1092 313.1994 205.6671 1.5073 1.6340 3.9161 -20.5757 2.0788 47.8322 1.1591 0.0534
Car -1 -1 4.7013 585.2076 174.0410 612.8821 199.3647 1.5115 1.6600 4.0789 -0.6843 1.5894 45.3193 4.6859 0.0527
Car -1 -1 1.8352 326.4873 184.2242 365.7951 208.1019 1.5476 1.6196 3.9178 -18.4574 2.3785 50.7079 1.4875 0.0524
Car -1 -1 4.8916 748.5734 170.0739 817.8469 218.0695 1.4661 1.6096 3.7352 5.8604 1.3812 24.0742 5.1270 0.0523
Car -1 -1 1.6971 528.0219 175.2258 550.5157 193.6493 1.5836 1.5278 3.8311 -6.2497 1.8019 64.4567 1.6005 0.0522
Car -1 -1 1.6142 0.0000 192.9243 36.0333 233.8058 1.4749 1.6864 4.3336 -25.3620 2.3846 30.4656 0.9242 0.0518
Car -1 -1 2.1043 485.1639 171.5637 540.6555 199.7239 1.5631 1.5450 3.6783 -5.5785 1.4915 42.0456 1.9729 0.0517
Car -1 -1 1.8200 492.9361 175.9692 530.1799 200.9921 1.5387 1.5182 3.7203 -6.3092 1.7491 46.7864 1.6863 0.0515
Car -1 -1 1.6975 0.0000 184.6168 99.7511 261.8007 1.5214 1.6528 3.9265 -13.2156 1.8327 16.9790 1.0436 0.0514
Car -1 -1 2.2628 44.0014 187.2207 135.6484 219.4180 1.4624 1.6035 3.9632 -26.2585 2.2321 36.6232 1.6440 0.0511
Car -1 -1 5.3551 28.2636 180.8364 193.3784 244.2002 1.4950 1.6176 3.9240 -13.2795 1.7332 19.5292 4.7640 0.0511
Car -1 -1 3.2442 0.0000 194.4192 26.6937 232.8742 1.4734 1.6102 4.0885 -28.1777 2.4718 31.5604 2.5194 0.0510
Car -1 -1 3.2545 574.7481 175.6778 644.6763 201.7690 1.6434 1.6590 4.3716 0.0379 1.8306 46.7502 3.2548 0.0502