Car -1 -1 5.1120 179.5048 185.9709 321.6503 254.8515 1.4155 1.6029 3.7013 -8.0980 1.4350 16.6995 4.6665 0.9633
Car -1 -1 5.2196 71.5173 182.6422 230.1993 243.5401 1.3897 1.6434 4.0401 -11.4909 1.3310 18.4586 4.6691 0.8967
Car -1 -1 5.2807 0.0000 200.4258 303.5908 376.0000 1.4883 1.7141 4.6139 -4.8315 1.6885 7.1461 4.7032 0.8904
Car -1 -1 4.7932 477.4120 182.7656 520.4777 216.8281 1.4137 1.5749 3.7428 -4.7243 1.3121 31.7549 4.6463 0.8326
Car -1 -1 5.0377 291.8431 188.3156 391.1058 240.7692 1.4885 1.6603 4.2066 -8.2699 1.5958 22.7686 4.6927 0.8285
Car -1 -1 4.6996 572.7587 182.2007 602.0164 208.6829 1.4515 1.6045 3.7194 -1.1623 1.2862 41.2906 4.6712 0.7929
Car -1 -1 1.7518 501.2299 180.2708 536.8849 207.0241 1.5283 1.4856 3.5915 -5.2166 1.2458 42.9014 1.6311 0.3304
Car -1 -1 1.6694 530.0876 181.4078 552.4534 199.1807 1.4928 1.5683 3.7219 -5.6793 1.1730 62.2455 1.5784 0.3194
Car -1 -1 1.9065 258.5775 176.0766 331.0153 213.9153 1.4839 1.5734 3.9051 -13.0201 1.1255 30.1927 1.5024 0.2656
Car -1 -1 4.7481 326.2723 184.8710 360.9674 213.1658 1.4169 1.5823 3.5624 -13.8630 1.3997 37.9368 4.3997 0.2558
Car -1 -1 1.6008 138.3403 174.1718 162.2713 192.9057 1.5611 1.6155 3.9897 -39.3903 0.6408 62.0316 1.0368 0.2374
Car -1 -1 1.7650 515.6873 179.4700 553.7572 208.1863 1.6446 1.5508 3.8803 -4.3034 1.3156 43.1749 1.6658 0.2297
Car -1 -1 1.3554 509.9225 183.3702 542.5869 203.9928 1.4607 1.6067 3.8444 -6.0024 1.3300 52.9956 1.2428 0.2188
Car -1 -1 1.8434 388.2384 136.1718 496.9305 212.3299 1.8587 1.7519 4.4257 -4.3717 0.6617 19.8042 1.6289 0.2123
Car -1 -1 0.8235 321.0957 181.1967 388.0016 206.8360 1.5159 1.5491 4.0327 -15.5210 1.2782 44.1282 0.4868 0.1596
Car -1 -1 2.0735 277.4506 176.5537 363.0770 214.3479 1.4852 1.5751 4.0741 -12.0081 1.1448 30.3709 1.6997 0.1382
Car -1 -1 1.8654 518.0176 180.3361 552.6039 199.9567 1.5682 1.6529 4.3969 -5.9290 1.1782 59.7726 1.7666 0.1375
Car -1 -1 2.1931 265.5999 183.7214 333.8756 208.8918 1.4949 1.6602 4.4160 -19.1656 1.4061 45.0297 1.7924 0.1313
Car -1 -1 2.0105 300.8226 175.7747 349.6415 198.5621 1.4564 1.5668 3.7621 -18.7159 0.8530 47.8737 1.6395 0.1045
Car -1 -1 2.7747 470.2666 181.8654 541.3669 208.7350 1.5042 1.6355 3.7647 -5.8949 1.3166 41.8697 2.6353 0.1027
Car -1 -1 1.6080 349.6898 172.1173 375.2469 195.1258 1.6273 1.6207 4.3154 -18.0500 0.7009 53.1402 1.2818 0.1026
Car -1 -1 5.1080 408.8170 150.2210 506.1150 207.1731 1.5612 1.5544 3.6726 -4.3996 0.6019 21.6584 4.9099 0.0879
Car -1 -1 1.2652 521.1553 178.7583 562.3122 201.9567 1.5418 1.6795 4.1452 -4.5996 1.1126 50.0129 1.1736 0.0831
Car -1 -1 1.0986 483.4287 184.2044 528.7951 205.4111 1.4715 1.6413 3.9226 -7.3416 1.4013 51.9566 0.9585 0.0816
Car -1 -1 1.1855 528.7298 179.7909 566.6600 198.7893 1.4965 1.6389 4.1883 -4.9115 1.0692 58.8633 1.1022 0.0807
Car -1 -1 1.7303 273.0698 189.6936 332.8808 228.1597 1.3984 1.6156 3.6089 -11.9922 1.5882 28.5282 1.3353 0.0797
Car -1 -1 1.7404 529.9984 180.7693 557.1949 199.8461 1.5577 1.5994 4.2388 -5.3468 1.1946 60.8754 1.6527 0.0790
Car -1 -1 1.5818 361.9335 172.3505 383.5669 192.6711 1.5414 1.5670 3.8148 -18.4253 0.5655 56.5843 1.2681 0.0782
Car -1 -1 1.8333 487.5652 178.3083 534.6966 206.9057 1.5124 1.6149 4.0080 -5.2983 1.1471 40.1096 1.7025 0.0760
Car -1 -1 2.9009 206.6234 181.4544 327.9532 220.8685 1.4744 1.6112 4.1347 -13.5684 1.3337 28.8148 2.4641 0.0753
Car -1 -1 1.6135 564.5806 180.2634 585.6736 198.3143 1.4628 1.6015 3.8037 -2.6555 1.0615 60.1567 1.5692 0.0734
Car -1 -1 1.6098 557.1885 180.3128 581.3379 201.5027 1.4626 1.5788 3.8464 -2.6875 1.1242 51.5509 1.5576 0.0693
Car -1 -1 1.5462 330.0672 184.7211 364.9528 215.5640 1.4836 1.5829 3.8603 -13.2812 1.4598 36.6634 1.2006 0.0681
Car -1 -1 -0.9763 348.4066 190.4394 759.0630 376.0000 1.4907 1.5479 4.0441 -0.1169 1.5530 6.4622 -0.9942 0.0644
Car -1 -1 1.8722 526.7692 184.2090 562.3665 205.1999 1.4942 1.5664 3.7920 -4.5921 1.4226 53.1907 1.7861 0.0635
Car -1 -1 3.7976 269.5750 178.1077 336.5411 200.7077 1.4373 1.6014 3.8569 -19.8649 0.9853 46.9841 3.3994 0.0634
Car -1 -1 2.9986 254.3643 179.1402 363.8913 217.3869 1.4780 1.5326 3.9702 -12.1836 1.2432 29.4475 2.6093 0.0617
Car -1 -1 5.3881 350.6944 181.8548 413.8590 206.1470 1.4447 1.6294 3.9786 -13.9809 1.2449 44.9025 5.0876 0.0614
Car -1 -1 1.9496 280.2125 183.9673 335.1996 210.0758 1.5348 1.6806 4.2220 -18.4078 1.4614 44.3788 1.5581 0.0601
Car -1 -1 1.9189 214.6757 174.5863 277.4640 208.2045 1.5137 1.4892 3.6996 -17.1415 1.0351 34.2892 1.4582 0.0591
Car -1 -1 1.3594 292.9319 186.8467 338.0024 215.2416 1.5971 1.6747 4.0738 -17.4224 1.6992 42.8374 0.9749 0.0578
Car -1 -1 1.3904 515.7252 181.7015 556.8459 209.4927 1.4769 1.6474 3.7107 -4.0111 1.2902 40.2128 1.2912 0.0569
Car -1 -1 1.5473 515.5766 181.6002 540.3433 204.0179 1.5069 1.6297 4.1475 -5.5978 1.2638 50.4833 1.4370 0.0561
Car -1 -1 3.1022 502.7824 179.8556 567.8623 206.9152 1.5518 1.5667 3.7400 -4.2445 1.2444 42.2598 3.0023 0.0560
Car -1 -1 -0.0590 328.9376 182.7229 405.9145 212.0537 1.4804 1.6256 3.7458 -12.5880 1.3546 37.7307 -0.3792 0.0553
Car -1 -1 5.0228 0.0000 202.0616 308.0092 376.0000 1.4926 1.7324 4.4613 -4.9200 1.7470 8.4951 4.5111 0.0553
Car -1 -1 5.0137 75.8251 215.0427 400.9440 376.0000 1.4483 1.6093 3.9423 -3.2529 1.8337 7.2423 4.6046 0.0547
Car -1 -1 1.9142 389.3156 180.5418 438.6540 207.0264 1.4861 1.5655 3.9370 -11.3209 1.2238 42.3631 1.6542 0.0531
Car -1 -1 2.6577 293.1574 180.9260 405.1366 219.3609 1.4502 1.5920 3.9849 -10.3832 1.2883 29.1252 2.3179 0.0519
Car -1 -1 1.9954 127.6505 176.2170 172.3950 194.4784 1.4889 1.5786 4.2423 -38.6104 0.7552 60.8193 1.4315 0.0517
Car -1 -1 1.6120 499.0412 182.4397 520.1279 200.1385 1.4590 1.6196 3.8983 -8.2904 1.2301 61.2738 1.4776 0.0513
Car -1 -1 1.6555 528.0781 183.7670 555.5581 205.1521 1.4710 1.6205 4.0392 -4.6423 1.3714 51.4721 1.5656 0.0508
Car -1 -1 3.0971 456.0251 182.3427 525.8008 209.1922 1.4834 1.6262 3.8469 -6.6340 1.3247 40.9041 2.9369 0.0506