Car -1 -1 2.0537 202.0927 191.3603 294.3796 233.0231 1.4037 1.6153 3.7501 -13.8473 2.1676 27.8888 1.5963 0.8905
Car -1 -1 1.7967 389.8798 180.1672 428.6633 203.9573 1.5569 1.6821 4.3976 -14.0484 2.0947 50.8255 1.5280 0.6811
Car -1 -1 1.6648 168.3088 196.4914 213.8678 228.3448 1.4654 1.7245 4.0158 -22.3298 2.8021 38.6205 1.1433 0.2966
Car -1 -1 4.7854 182.1574 185.4340 213.3646 208.6766 1.4794 1.6002 3.8771 -28.6550 2.3927 50.2875 4.2695 0.1256
Car -1 -1 1.9806 162.6103 190.9740 225.7324 221.1601 1.4894 1.6469 3.7770 -22.9004 2.5415 39.9280 1.4624 0.1250
Car -1 -1 1.6793 387.3520 181.0354 419.4677 206.9941 1.6311 1.6468 4.1267 -13.9167 2.2100 48.8788 1.4030 0.0979
Car -1 -1 1.5590 258.1709 181.3562 277.4627 198.2540 1.4750 1.5818 3.9379 -31.8607 2.2921 67.2295 1.1177 0.0931
Car -1 -1 1.6297 231.6659 188.2005 283.5649 230.8717 1.5097 1.6339 4.2073 -14.2625 2.1831 29.4066 1.1813 0.0840
Car -1 -1 2.0553 303.6162 185.1865 352.5343 207.9950 1.5276 1.6499 3.9899 -20.4742 2.4629 52.6463 1.6858 0.0800
Car -1 -1 1.5802 279.4331 188.8553 304.0079 211.0864 1.4917 1.6155 3.9841 -23.6068 2.7294 53.6593 1.1673 0.0798
Car -1 -1 1.7713 199.0981 192.6579 250.8614 223.1282 1.4473 1.6888 4.1314 -20.9091 2.5891 39.3784 1.2857 0.0716
Car -1 -1 2.0803 219.0035 190.0083 291.5830 220.1439 1.4511 1.6401 4.3461 -19.2789 2.4425 39.4830 1.6284 0.0653
Car -1 -1 4.8758 391.8502 177.1684 425.5820 200.4530 1.5870 1.6756 4.2395 -14.4755 1.9122 52.1882 4.6062 0.0652
Car -1 -1 1.7612 155.4472 197.0645 208.0230 229.5617 1.4530 1.6719 3.5476 -21.9380 2.7639 37.1189 1.2302 0.0650
Car -1 -1 1.4817 210.3567 181.8029 239.8115 201.7608 1.4385 1.6697 4.0957 -29.9330 2.1616 56.1265 0.9935 0.0641
Car -1 -1 1.4672 208.1933 180.5030 239.3157 205.9779 1.7450 1.6113 3.9715 -28.2474 2.3267 52.7804 0.9777 0.0638
Car -1 -1 1.7385 251.2724 184.2366 288.1546 208.2305 1.5215 1.6385 4.1287 -23.5200 2.3459 50.0560 1.3010 0.0634
Car -1 -1 1.5506 264.8147 191.6102 309.3963 230.9716 1.5025 1.6892 3.9371 -14.2051 2.3828 31.7231 1.1324 0.0615
Car -1 -1 1.3985 157.0598 185.4220 196.3421 209.0005 1.4757 1.6668 3.8917 -29.6180 2.3701 49.3284 0.8600 0.0591
Car -1 -1 0.4000 372.4993 180.3857 440.5780 203.2428 1.5342 1.6343 4.2617 -14.1059 2.0697 50.2231 0.1272 0.0589
Car -1 -1 1.7675 445.6378 177.9776 482.2757 202.4186 1.5210 1.6006 4.1155 -9.5984 1.8752 47.8242 1.5701 0.0569
Car -1 -1 1.7663 243.6730 179.2635 273.1154 197.8959 1.5065 1.5124 4.0253 -30.1058 2.0758 61.9478 1.3154 0.0548
Car -1 -1 1.7163 188.2647 190.0083 225.9267 216.4981 1.6208 1.6594 4.0612 -27.3743 2.8421 49.1794 1.2104 0.0547
Car -1 -1 3.7597 365.5591 176.6478 425.2339 199.1823 1.5653 1.6864 3.8635 -15.4349 1.8464 52.0256 3.4723 0.0538
Car -1 -1 1.4884 260.9641 193.7313 308.3043 230.8963 1.4668 1.6631 3.8637 -14.8681 2.4800 32.9225 1.0669 0.0537
Car -1 -1 3.4588 107.3207 195.6086 209.2027 226.9846 1.4739 1.6843 4.1182 -23.1034 2.6845 37.0848 2.9046 0.0520
Car -1 -1 0.5411 181.9738 192.6943 294.3109 231.8494 1.4744 1.6343 3.7164 -14.9131 2.2999 29.0745 0.0705 0.0516
Car -1 -1 1.4842 171.6450 194.4604 226.4578 234.8100 1.4585 1.6779 4.1345 -17.4531 2.4399 30.5946 0.9692 0.0504