Car -1 -1 4.4895 699.9363 177.5700 822.5609 268.7119 1.4728 1.5103 3.3040 2.7012 1.5720 13.5070 4.6817 0.9563
Car -1 -1 4.1860 817.3144 194.9198 1242.0000 375.0000 1.3850 1.6528 4.1807 2.7701 1.5894 4.5837 4.7004 0.9295
Car -1 -1 0.5228 98.6285 184.8772 392.0260 278.3756 1.4291 1.6066 4.2110 -6.0398 1.6487 12.2264 0.0720 0.9265
Car -1 -1 4.6272 657.1228 180.0008 705.5779 219.3560 1.3640 1.5342 3.3238 2.6586 1.6508 27.2842 4.7226 0.9010
Car -1 -1 0.2814 382.7562 178.0664 503.0371 221.1295 1.4229 1.5401 3.7684 -5.7039 1.6093 24.9319 0.0583 0.8958
Car -1 -1 0.4741 205.9271 181.1830 417.5663 257.3702 1.4532 1.5554 3.7527 -6.0701 1.6364 14.9195 0.0933 0.8884
Car -1 -1 3.3922 335.6705 182.9601 482.7270 231.5375 1.4482 1.5802 4.1884 -6.2120 1.7772 22.6717 3.1272 0.7897
Car -1 -1 3.4880 234.6769 155.6026 414.2857 218.3882 1.4319 1.5971 3.6767 -6.7274 1.0385 17.2903 3.1218 0.7481
Car -1 -1 2.9703 702.6457 172.7694 795.2584 209.2056 1.5987 1.6036 3.8746 6.2235 1.5950 32.4912 3.1573 0.7075
Car -1 -1 1.6508 483.5861 168.5072 521.2347 204.6233 1.6906 1.5412 3.7358 -5.2500 1.4871 35.6895 1.5054 0.5298
Car -1 -1 3.6938 0.0000 173.3236 289.0060 327.1561 1.4216 1.4722 3.8915 -5.6291 1.4270 7.5473 3.0695 0.4623
Car -1 -1 4.6004 626.4632 175.1747 650.1901 193.7310 1.5065 1.5895 3.7650 2.4020 1.7089 60.9979 4.6391 0.3859
Car -1 -1 4.7242 519.1413 166.7405 538.7409 186.5721 1.7179 1.6897 4.0915 -7.1938 1.1883 64.6234 4.6135 0.3796
Car -1 -1 0.5838 271.5800 179.0048 431.3588 234.8212 1.4482 1.6084 4.0075 -7.2170 1.6318 20.2674 0.2453 0.3302
Car -1 -1 0.8745 1164.6517 186.7265 1242.0000 212.5267 1.4846 1.6569 4.0655 37.6102 2.4036 45.7566 1.5588 0.3126
Car -1 -1 0.3757 404.0489 173.7558 511.5721 210.6237 1.4678 1.5709 4.0679 -6.2567 1.5066 29.9011 0.1707 0.3038
Car -1 -1 -0.3122 664.6096 169.1133 731.0438 193.0919 1.5561 1.6473 4.0797 5.8555 1.3134 48.0235 -0.1920 0.2411
Car -1 -1 0.1379 440.1895 159.4488 516.6962 183.7491 1.4639 1.5895 4.4489 -8.0126 0.6564 44.3513 -0.0400 0.2228
Car -1 -1 3.4957 406.5374 172.3317 496.1106 204.3868 1.3988 1.5424 3.6316 -7.0967 1.3760 32.5045 3.2821 0.2035
Car -1 -1 4.8847 506.9001 173.5428 542.5737 199.5750 1.5668 1.6041 3.7776 -5.2987 1.6120 45.4601 4.7689 0.1755
Car -1 -1 3.2904 504.0797 172.1915 557.4657 191.6787 1.4776 1.5391 3.9007 -6.0411 1.4274 55.5584 3.1823 0.1643
Car -1 -1 4.4221 381.1544 164.0043 416.9251 185.2985 1.5663 1.6200 3.7432 -16.0997 0.9154 55.0842 4.1389 0.1477
Car -1 -1 1.2906 1186.7728 189.1584 1242.0000 220.5098 1.4861 1.7364 3.9318 32.5855 2.4066 38.5864 1.9876 0.1440
Car -1 -1 3.2661 430.7052 173.8986 517.4186 204.6838 1.4377 1.5914 3.9247 -6.4554 1.4892 34.6666 3.0830 0.1429
Car -1 -1 4.7723 435.3702 163.0220 457.9353 184.0876 1.8594 1.7480 4.4008 -14.8651 0.9916 66.0000 4.5514 0.1290
Car -1 -1 1.3075 1189.8359 184.9014 1242.0000 211.4856 1.5119 1.6956 3.5561 37.6312 2.2926 44.7902 2.0026 0.1274
Car -1 -1 5.0496 534.8530 173.1534 568.5027 192.1535 1.5051 1.5673 3.8524 -4.7169 1.5305 59.2836 4.9703 0.1266
Car -1 -1 5.1246 358.2256 162.8826 398.8749 184.3955 1.5738 1.6109 3.6238 -17.4550 0.8443 54.6703 4.8168 0.1262
Car -1 -1 0.4390 379.9005 179.7816 495.3280 220.4895 1.4610 1.5030 4.0121 -6.5125 1.7355 27.4366 0.2076 0.1216
Car -1 -1 4.3880 679.6220 164.0184 724.0264 191.2678 1.7745 1.7334 4.2514 6.2380 1.1991 49.2432 4.5129 0.1165
Car -1 -1 3.6481 645.4719 181.3281 726.0098 214.6106 1.5271 1.6308 3.6239 3.7467 1.9662 35.6812 3.7512 0.1157
Car -1 -1 1.3443 1189.9880 178.5982 1242.0000 204.2757 1.5216 1.6698 4.4538 38.7893 1.9081 46.1798 2.0394 0.1107
Car -1 -1 5.0595 55.5234 168.9318 346.0461 326.4620 1.4638 1.6262 4.1559 -4.5871 1.4273 8.8643 4.5936 0.1028
Car -1 -1 0.8692 991.6687 191.0472 1242.0000 360.1703 1.3913 1.6692 4.2260 6.5892 1.6617 8.5621 1.5078 0.0968
Car -1 -1 0.0731 468.1162 168.8676 537.8116 194.6402 1.5416 1.6333 4.1056 -6.4718 1.3032 44.1216 -0.0720 0.0963
Car -1 -1 1.5902 449.9130 170.9016 486.0249 202.3801 1.3722 1.5516 3.8648 -6.5256 1.2871 33.4902 1.3989 0.0955
Car -1 -1 1.2663 447.0595 177.0647 514.1171 214.7858 1.4769 1.6244 4.2873 -5.6181 1.6713 31.0350 1.0882 0.0950
Car -1 -1 4.3997 663.0446 166.6638 705.2793 192.3510 1.6707 1.7009 4.0040 5.0211 1.2681 49.0659 4.5007 0.0945
Car -1 -1 1.7631 411.8379 175.1821 472.7708 215.2662 1.4579 1.6171 3.8481 -6.5051 1.5559 28.4180 1.5397 0.0920
Car -1 -1 4.9269 292.3005 142.9188 362.4465 186.2775 1.5406 1.6848 3.9522 -10.7390 0.4770 27.7179 4.5604 0.0912
Car -1 -1 -0.6429 1168.3126 187.1251 1242.0000 212.5764 1.5086 1.7190 3.4647 37.0765 2.4124 44.7567 0.0451 0.0900
Car -1 -1 3.4009 716.1975 163.4294 772.7706 183.3736 1.5278 1.6321 4.1040 10.6328 0.8059 56.8908 3.5845 0.0897
Car -1 -1 3.9973 362.2980 171.8025 465.4349 212.8654 1.4936 1.6092 4.0500 -7.6386 1.4554 28.0426 3.7334 0.0867
Car -1 -1 0.1294 415.9964 166.3722 467.5112 182.4836 1.4208 1.5865 4.3246 -14.9955 0.8492 64.6318 -0.0978 0.0833
Car -1 -1 4.8004 484.6645 171.7276 521.2181 201.7405 1.5115 1.5907 3.6942 -5.6007 1.4548 38.2266 4.6555 0.0804
Car -1 -1 1.4825 358.5250 176.0578 429.1147 231.2568 1.4090 1.6000 4.0937 -6.3187 1.5114 20.8702 1.1916 0.0781
Car -1 -1 3.6384 289.2302 143.5545 416.4099 185.9924 1.5273 1.6368 4.2369 -9.6054 0.4728 27.1119 3.3009 0.0779
Car -1 -1 4.5339 652.9169 169.6890 687.6983 195.1023 1.6405 1.6694 3.8529 4.0454 1.4362 48.5758 4.6161 0.0775
Car -1 -1 1.4188 1197.3236 187.0561 1242.0000 219.4182 1.5124 1.7111 3.5668 31.8795 2.2876 37.4147 2.1201 0.0770
Car -1 -1 1.2790 1096.1453 209.1039 1242.0000 312.5345 1.4299 1.5904 3.6157 10.4260 2.1986 13.3295 1.9310 0.0761
Car -1 -1 1.7795 105.9737 179.1405 164.8918 213.1133 1.4512 1.5675 3.5463 -21.9167 1.7597 33.4737 1.2033 0.0758
Car -1 -1 0.8929 56.8184 184.1634 162.2967 220.7653 1.4185 1.5593 3.8367 -20.8175 1.9100 30.0618 0.2912 0.0754
Car -1 -1 4.9493 310.2706 140.7705 382.5459 185.1436 1.5507 1.6636 3.9499 -9.8418 0.4295 27.2672 4.6059 0.0738
Car -1 -1 0.3201 376.1949 168.6138 485.2814 206.3302 1.4835 1.5618 4.0143 -7.2197 1.3167 29.3196 0.0804 0.0735
Car -1 -1 3.8719 1146.3920 189.9270 1240.3539 220.2295 1.4655 1.7136 3.7769 31.5714 2.4395 39.1577 4.5462 0.0715
Car -1 -1 3.4401 452.6957 172.8794 530.7878 199.1060 1.4813 1.6166 4.1785 -6.8047 1.4828 41.8433 3.2796 0.0706
Car -1 -1 4.8663 526.3242 170.2396 556.4268 191.5422 1.6158 1.7100 4.3878 -5.3388 1.4175 56.9685 4.7730 0.0702
Car -1 -1 3.2495 497.8762 166.3612 549.0411 183.9825 1.5278 1.6442 4.3113 -7.5357 0.9648 63.4011 3.1314 0.0698
Car -1 -1 3.0795 699.4572 174.8084 786.3669 207.6398 1.5240 1.6525 4.0068 6.3446 1.6208 34.6726 3.2585 0.0697
Car -1 -1 3.6536 247.7141 151.0867 340.4944 182.3333 1.5291 1.6589 3.9812 -15.8483 0.4639 36.3409 3.2449 0.0696
Car -1 -1 4.8977 691.9979 179.7033 738.4651 212.3983 1.4969 1.6178 3.8168 5.3173 1.8579 35.9679 5.0427 0.0692
Car -1 -1 1.7576 448.7661 172.4856 498.7719 206.8054 1.4458 1.5041 3.8354 -6.0154 1.4302 32.3163 1.5747 0.0691
Car -1 -1 3.7318 355.7401 161.7361 412.3003 183.1973 1.5694 1.6079 3.7938 -16.8938 0.7564 54.0751 3.4302 0.0680
Car -1 -1 4.9410 702.3322 165.6291 733.8539 184.6952 1.5237 1.6681 4.2654 9.0550 0.9463 59.9546 5.0900 0.0676
Car -1 -1 4.5043 511.3574 170.5525 543.3094 191.1196 1.5543 1.6729 4.1586 -6.5066 1.3803 56.7644 4.3904 0.0659
Car -1 -1 4.7099 233.7714 171.0670 261.8700 196.0179 1.6017 1.6252 3.9213 -24.2769 1.4870 48.4358 4.2472 0.0656
Car -1 -1 4.8532 495.3115 170.8385 532.2539 197.7101 1.5184 1.6303 3.9107 -5.6227 1.4045 42.7343 4.7228 0.0652
Car -1 -1 1.7990 512.0325 175.5652 550.0430 200.2248 1.5202 1.5980 3.9830 -5.0665 1.7047 47.0113 1.6918 0.0647
Car -1 -1 3.5284 512.0725 172.2597 563.7159 191.5663 1.5230 1.6077 3.8235 -5.7756 1.4761 58.2314 3.4296 0.0626
Car -1 -1 4.4108 750.0004 167.2433 783.0923 186.8080 1.5692 1.6229 3.7897 12.9758 1.1192 59.8301 4.6231 0.0616
Car -1 -1 0.4378 158.9538 163.7319 245.0389 188.1156 1.5193 1.6607 4.4944 -25.8951 0.9509 45.9488 -0.0730 0.0615
Car -1 -1 0.1912 420.5291 175.2703 520.1458 208.9245 1.4464 1.5151 4.1074 -6.1005 1.5558 31.8852 0.0033 0.0606
Car -1 -1 1.6344 626.7131 173.8061 649.1462 192.5580 1.4811 1.5841 4.1323 2.3640 1.5622 59.3418 1.6737 0.0600