Car -1 -1 1.2103 539.5014 167.7451 591.3557 194.5905 1.5689 1.7231 4.4771 -2.7861 1.2703 44.5617 1.1479 0.7532
Car -1 -1 4.3404 581.5031 169.9748 627.5034 194.5321 1.5061 1.6317 3.9418 -0.3737 1.3295 46.3850 4.3320 0.7431
Car -1 -1 4.1829 623.6282 166.9243 680.3018 192.3043 1.5670 1.7220 4.3214 2.6941 1.2009 46.8633 4.2396 0.7113
Car -1 -1 3.9539 759.2574 165.0452 819.3549 188.2841 1.5133 1.6108 4.0682 12.1873 1.0048 49.1510 4.1953 0.6805
Car -1 -1 0.4586 0.0000 167.4329 92.1108 215.7838 1.4853 1.5102 3.4713 -19.0258 1.3188 23.2821 -0.2210 0.4077
Car -1 -1 4.3611 1038.8491 167.2683 1078.5769 186.7796 1.5787 1.6135 3.7740 37.5373 1.1267 60.3903 4.9148 0.3424
Car -1 -1 4.2715 795.8660 167.1641 840.7006 189.1642 1.5105 1.6070 3.7853 14.8542 1.1198 51.5362 4.5503 0.3358
Car -1 -1 4.2387 903.3708 169.9209 947.3839 189.3326 1.4726 1.6265 3.7509 24.7451 1.2501 56.6610 4.6483 0.3061
Car -1 -1 4.1364 706.3361 161.9467 801.5283 201.9835 1.4844 1.6768 4.2899 5.7030 1.0800 29.0539 4.3280 0.2584
Car -1 -1 4.6439 944.0369 170.5996 971.0527 189.3403 1.4199 1.6389 3.9448 27.3548 1.2491 56.8024 5.0905 0.2454
Car -1 -1 -0.8559 885.7332 155.1724 933.5148 173.2354 1.5895 1.6530 4.1788 27.1070 0.0336 65.1661 -0.4633 0.2359
Car -1 -1 0.9352 1005.8897 167.0826 1058.5372 186.0952 1.5026 1.7432 3.8885 34.5238 1.0465 59.0521 1.4619 0.2292
Car -1 -1 0.6987 827.4644 164.6225 883.5802 185.4758 1.4681 1.6357 3.6983 17.9542 0.8886 52.8009 1.0245 0.1987
Car -1 -1 5.2317 0.0000 168.5827 90.6659 217.0118 1.4629 1.4952 3.4649 -18.7822 1.3339 23.6186 4.5653 0.1814
Car -1 -1 4.7205 745.4459 155.0523 770.8022 179.1460 1.5616 1.6155 3.8354 10.0607 0.4078 48.8094 4.9225 0.1750
Car -1 -1 1.0489 863.6959 169.0257 910.2475 188.9217 1.4534 1.5864 3.8374 20.9846 1.1738 54.7286 1.4130 0.1509
Car -1 -1 4.0867 953.6196 169.6971 1004.5963 189.3756 1.4937 1.6413 3.8130 29.0179 1.2541 56.7781 4.5568 0.1483
Car -1 -1 4.9983 0.0000 179.4500 54.6516 211.8421 1.4866 1.5821 3.8322 -29.3007 1.8349 36.0313 4.3190 0.1444
Car -1 -1 5.0757 538.9867 178.4760 580.5486 201.4870 1.4904 1.6064 3.8210 -3.3907 1.8944 49.8006 5.0076 0.1320
Car -1 -1 -0.4708 775.9048 164.2684 843.0989 187.3854 1.5679 1.7230 4.1793 13.8918 0.9856 50.2028 -0.2026 0.1184
Car -1 -1 4.4759 888.9109 160.6847 927.0760 186.1935 1.7078 1.6504 3.5851 20.7140 0.8931 50.2025 4.8650 0.1161
Car -1 -1 1.9534 0.0000 179.8829 53.5251 214.2834 1.5121 1.6013 4.0981 -28.6677 1.8726 34.8071 1.2680 0.1144
Car -1 -1 -0.6340 886.0161 170.2790 947.7593 190.0433 1.4859 1.6289 4.2321 23.6391 1.2923 55.5295 -0.2337 0.1117
Car -1 -1 2.7981 936.6055 169.7708 998.7334 189.1075 1.4721 1.6300 4.0011 27.7340 1.2374 55.9698 3.2559 0.1106
Car -1 -1 4.6800 590.3306 156.1308 614.6802 179.2257 1.6438 1.6720 3.8870 -0.5536 0.4535 53.3334 4.6695 0.0966
Car -1 -1 3.2719 0.0000 168.0796 56.4440 220.9791 1.5062 1.5862 4.0440 -19.7226 1.3703 22.3251 2.5542 0.0905
Car -1 -1 1.1039 1037.7670 168.9065 1083.7969 188.1037 1.5246 1.6255 3.8823 37.0255 1.2111 59.3088 1.6595 0.0865
Car -1 -1 4.5566 652.7990 168.0265 687.6832 192.0883 1.4992 1.6354 4.1629 3.9119 1.1985 47.0937 4.6386 0.0852
Car -1 -1 2.3058 0.0000 168.2508 67.1585 218.4704 1.4708 1.5419 3.8681 -19.6315 1.3360 23.0923 1.6069 0.0790
Car -1 -1 0.0193 1.7401 164.7070 156.9829 213.5808 1.5091 1.6359 4.0649 -17.5616 1.2575 24.1080 -0.6052 0.0769
Car -1 -1 2.7236 1025.4734 168.1439 1085.0317 186.8089 1.5335 1.6409 3.9089 37.2344 1.1465 60.3507 3.2740 0.0744
Car -1 -1 3.1476 727.2955 155.6020 791.0749 178.8680 1.5278 1.6348 4.1381 10.0648 0.3949 48.6091 3.3504 0.0729
Car -1 -1 0.6823 0.0000 179.1963 77.7680 210.6942 1.5085 1.6304 3.9887 -28.9133 1.8296 35.7133 0.0052 0.0717
Car -1 -1 2.9088 901.4617 170.1774 959.8354 189.1204 1.4470 1.6083 3.8906 24.9910 1.2426 56.2626 3.3246 0.0704
Car -1 -1 5.2937 3.3664 177.3769 91.6484 209.2147 1.4997 1.6087 3.9613 -28.3863 1.7419 36.6010 4.6374 0.0689
Car -1 -1 4.4080 886.9689 170.9186 924.3164 190.3495 1.4575 1.5925 3.8655 22.9741 1.3123 56.1122 4.7945 0.0677
Car -1 -1 4.2786 895.0025 170.5157 940.1705 190.0108 1.4593 1.6341 4.1343 23.8873 1.2843 56.1041 4.6789 0.0673
Car -1 -1 4.3355 890.7059 156.3722 930.6035 176.0223 1.7476 1.7968 4.6584 27.6911 0.2818 66.5134 4.7283 0.0648
Car -1 -1 3.2997 538.9867 178.8314 598.1948 202.1302 1.5180 1.6372 3.7650 -2.7301 1.9284 48.5332 3.2433 0.0631
Car -1 -1 4.3535 984.3123 168.0531 1024.0186 187.8296 1.5611 1.6266 3.7382 32.1695 1.1822 58.9208 4.8509 0.0612
Car -1 -1 -1.1833 683.9739 170.6914 733.3864 195.2146 1.5002 1.6501 4.2915 6.4249 1.3679 46.4091 -1.0470 0.0611
Car -1 -1 3.4598 579.3090 157.7648 638.5731 180.0978 1.5699 1.6553 3.9625 -0.0378 0.5092 52.1266 3.4589 0.0610
Car -1 -1 4.1547 764.8047 168.3891 851.4813 207.0032 1.4513 1.6020 3.7872 7.9315 1.2835 29.1629 4.4173 0.0609
Car -1 -1 -0.5583 803.8826 167.8556 866.2923 189.6879 1.4996 1.6211 3.9383 15.8802 1.1563 50.8451 -0.2575 0.0603
Car -1 -1 4.4966 781.8765 162.6375 821.4240 187.2254 1.6320 1.7309 4.4565 13.2898 0.9539 50.1522 4.7539 0.0598
Car -1 -1 3.9615 812.3392 166.2131 869.8575 186.2284 1.4431 1.6266 4.2904 17.3642 0.9643 54.3090 4.2691 0.0582
Car -1 -1 3.1681 787.1937 167.7365 850.6187 190.1154 1.5664 1.6784 4.3201 15.0677 1.2082 51.9572 3.4486 0.0566
Car -1 -1 4.2820 927.4658 169.6881 971.9001 189.1654 1.4644 1.6307 3.9323 26.4419 1.2264 56.2225 4.7193 0.0563
Car -1 -1 1.3716 873.5734 170.1371 907.5571 189.6883 1.4479 1.6305 4.2113 21.6208 1.2467 55.6495 1.7402 0.0559
Car -1 -1 4.6390 597.1531 158.1165 624.3595 180.8972 1.5891 1.6890 3.8976 0.0513 0.5611 52.3369 4.6398 0.0558
Car -1 -1 1.3825 513.1126 173.1345 553.1198 198.6968 1.4762 1.6789 4.1122 -4.7019 1.4942 43.9293 1.2761 0.0550
Car -1 -1 4.8651 0.0000 172.0654 69.1109 219.6562 1.4604 1.5758 4.2295 -19.5573 1.4362 24.3683 4.1940 0.0550
Car -1 -1 -0.8718 1028.8823 169.0628 1083.5928 187.9461 1.5102 1.6510 3.9665 36.5896 1.2070 59.1145 -0.3200 0.0539
Car -1 -1 3.9881 913.0792 170.3519 968.2706 189.4111 1.4535 1.6637 4.1153 26.2003 1.2627 57.2370 4.4152 0.0538
Car -1 -1 2.4097 957.0775 169.4475 1017.1147 189.4651 1.5322 1.6631 4.1154 29.5760 1.2715 56.5480 2.8892 0.0532
Car -1 -1 1.3545 538.4125 170.7670 578.5039 197.6552 1.6267 1.6775 4.2031 -3.3006 1.5005 45.9063 1.2828 0.0526
Car -1 -1 -0.4716 994.8743 167.1751 1059.4915 185.6744 1.5045 1.7631 4.2936 34.4918 1.0426 59.6687 0.0502 0.0526
Car -1 -1 2.4159 873.0661 170.6360 932.7939 190.9356 1.5039 1.6285 4.1903 22.3298 1.3396 54.9261 2.7999 0.0504