Car -1 -1 1.7935 352.6973 179.0739 419.0579 220.2115 1.6012 1.7845 4.3639 -9.5080 1.8877 31.0027 1.4979 0.8511
Car -1 -1 4.6682 589.2709 177.1997 615.6633 202.0779 1.5339 1.5567 3.6007 -0.4938 1.8279 46.9713 4.6573 0.6824
Car -1 -1 4.7156 548.6074 180.1692 570.6793 201.2047 1.5315 1.6472 3.8912 -3.8613 2.1187 55.9169 4.6465 0.5099
Car -1 -1 1.7442 451.9897 176.3068 485.1682 198.6782 1.6240 1.7736 4.2829 -10.7362 1.8985 55.2020 1.5526 0.4544
Car -1 -1 4.7196 394.8750 176.8679 415.6089 196.0158 1.4942 1.5869 3.9035 -16.7650 1.8356 59.2757 4.4449 0.3109
Car -1 -1 1.8299 156.9508 179.5430 205.1637 206.7244 1.5186 1.5735 3.7299 -25.6524 1.9387 43.3081 1.2976 0.2115
Car -1 -1 1.5777 196.0715 186.8576 217.3665 205.4875 1.5035 1.5867 3.6246 -35.2406 2.7676 63.1631 1.0704 0.1932
Car -1 -1 5.0167 292.6484 189.9360 400.2988 253.2354 1.4395 1.5685 4.0345 -6.9776 1.9508 19.5547 4.6777 0.1665
Car -1 -1 1.8642 474.9800 177.3050 513.3184 202.1075 1.5383 1.5059 3.5829 -7.5215 1.8417 47.3019 1.7069 0.1327
Car -1 -1 4.2927 3.7483 182.4021 123.9127 232.0670 1.4647 1.6455 4.0530 -17.9019 1.8001 23.6397 3.6498 0.1286
Car -1 -1 0.3722 369.4201 176.9102 424.6922 195.6674 1.4791 1.5809 3.9794 -17.1382 1.8120 58.2712 0.0871 0.1261
Car -1 -1 4.5499 343.1573 174.5624 377.0865 199.0153 1.5776 1.5887 3.7509 -16.9213 1.6981 48.8610 4.2179 0.1098
Car -1 -1 1.3523 133.5211 180.8713 181.5003 207.9841 1.4761 1.6070 3.8034 -26.5510 1.9678 42.3372 0.7949 0.1069
Car -1 -1 4.9126 78.1670 181.9203 160.5583 230.4743 1.4657 1.5850 3.7183 -16.5680 1.7997 24.5568 4.3239 0.1062
Car -1 -1 1.5626 348.8717 189.7347 379.7433 217.4196 1.4840 1.6930 4.3362 -14.9108 2.5640 43.8382 1.2361 0.1024
Car -1 -1 1.7003 454.3652 178.7438 503.6557 213.7072 1.4064 1.6207 3.9857 -5.6728 1.6820 31.7360 1.5244 0.1011
Car -1 -1 4.4971 174.6341 185.8271 206.2704 204.5088 1.4975 1.6097 3.7411 -36.2837 2.6547 62.4347 3.9723 0.0999
Car -1 -1 1.8327 383.6752 174.2694 419.5754 196.7430 1.6835 1.6532 4.2305 -16.2138 1.7984 56.4461 1.5539 0.0948
Car -1 -1 1.7273 479.5216 178.3065 510.3919 201.6780 1.5133 1.5513 3.5066 -7.7916 1.8991 49.2923 1.5710 0.0903
Car -1 -1 2.1584 119.4214 179.8263 193.0134 208.8057 1.5202 1.6070 3.9229 -25.5302 1.9335 40.7908 1.6019 0.0897
Car -1 -1 1.3260 437.7380 176.8074 473.5540 198.3670 1.5651 1.7114 4.2686 -11.8803 1.8819 55.5148 1.1158 0.0834
Car -1 -1 1.7251 178.4183 182.7380 209.7744 203.5604 1.6180 1.6518 4.1207 -34.7259 2.4757 60.3925 1.2050 0.0828
Car -1 -1 0.4385 0.0000 182.8410 109.3526 233.6790 1.4552 1.5694 3.9307 -18.0730 1.7816 22.3557 -0.2357 0.0805
Car -1 -1 1.6629 447.6893 178.3939 485.4782 209.2442 1.4634 1.5523 3.6751 -7.2457 1.7607 36.8181 1.4695 0.0790
Car -1 -1 1.6253 475.6522 175.5430 510.6712 206.5473 1.4865 1.5575 3.7681 -5.9033 1.6313 36.8877 1.4673 0.0763
Car -1 -1 5.0157 349.4322 189.0896 453.9776 251.8840 1.4578 1.6161 3.9587 -5.5600 1.9483 19.7918 4.7446 0.0719
Car -1 -1 1.7163 448.6064 177.0960 480.2460 201.1990 1.6821 1.6726 4.3653 -10.6843 2.0089 53.3601 1.5193 0.0681
Car -1 -1 4.5977 461.7386 179.2984 498.7333 207.7536 1.4576 1.5924 3.7744 -7.1954 1.8323 39.9196 4.4201 0.0670
Car -1 -1 1.6536 464.6611 178.0363 505.3347 211.5887 1.4695 1.5758 3.8900 -5.8521 1.7297 34.2262 1.4851 0.0670
Car -1 -1 1.5245 453.6525 182.4649 497.3897 220.2824 1.3949 1.5913 4.0146 -5.5962 1.8208 29.8357 1.3401 0.0667
Car -1 -1 1.6983 491.3002 176.0118 514.1027 194.6674 1.5966 1.5277 3.8872 -9.5021 1.8868 64.3700 1.5520 0.0656
Car -1 -1 1.7158 493.2145 177.4700 520.6170 198.4106 1.5148 1.5802 3.3749 -7.7397 1.8751 54.6316 1.5754 0.0644
Car -1 -1 1.9564 255.8302 193.2668 388.1590 263.1989 1.4201 1.6024 4.0390 -6.9402 1.9834 17.8749 1.5904 0.0641
Car -1 -1 1.8193 430.7778 178.4742 485.6052 211.6124 1.4676 1.6151 4.0943 -7.2123 1.7545 34.7432 1.6157 0.0640
Car -1 -1 1.5989 586.9533 174.3569 614.9355 200.6936 1.5678 1.6395 3.9601 -0.5012 1.6660 45.1728 1.5874 0.0632
Car -1 -1 1.5198 164.4854 179.0532 202.5748 209.3043 1.5890 1.6668 3.9453 -24.1624 1.9582 40.8691 0.9885 0.0617
Car -1 -1 5.2406 104.2920 182.0499 219.1587 231.0819 1.4967 1.5840 3.8702 -15.1784 1.8364 24.7050 4.6942 0.0613
Car -1 -1 2.0893 159.1763 182.1790 206.9207 202.2084 1.5434 1.6303 3.9616 -35.0727 2.3374 59.4447 1.5580 0.0597
Car -1 -1 2.9801 472.8072 178.8482 533.1752 203.7827 1.5452 1.5800 3.6547 -6.8983 1.9436 46.6495 2.8336 0.0594
Car -1 -1 1.7813 539.6311 176.9648 572.9091 199.7780 1.6188 1.6560 4.1573 -3.9548 1.9397 54.1554 1.7083 0.0588
Car -1 -1 5.0331 402.2641 178.5423 437.5690 198.0294 1.5210 1.6319 4.0142 -15.6096 2.0068 59.5716 4.7776 0.0574
Car -1 -1 0.1215 352.1041 187.5231 524.7271 248.7041 1.4627 1.6319 4.1931 -4.3292 1.8652 18.7696 -0.1029 0.0564
Car -1 -1 1.5066 395.1818 176.7463 421.2297 199.2109 1.6345 1.6687 4.1585 -15.5214 1.9460 55.5109 1.2349 0.0563
Car -1 -1 2.5087 174.4477 179.2269 255.6363 207.7028 1.5092 1.6279 3.8540 -22.4853 1.8922 41.2671 2.0123 0.0556
Car -1 -1 1.8455 461.4913 180.4135 502.7971 206.0997 1.5336 1.5806 4.0077 -8.1345 2.0412 46.3750 1.6724 0.0556
Car -1 -1 0.4323 434.8648 176.5260 497.1090 198.1733 1.5942 1.7490 4.3139 -10.9201 1.8808 54.9548 0.2368 0.0551
Car -1 -1 1.8759 317.4676 185.5929 418.4366 242.1116 1.4261 1.5920 4.2382 -6.9802 1.8395 21.2900 1.5622 0.0545
Car -1 -1 1.3680 483.0720 176.3264 523.2664 202.8820 1.5102 1.6469 3.9476 -6.4917 1.7310 43.7298 1.2211 0.0541
Car -1 -1 1.5676 511.4469 177.9985 533.4430 199.3531 1.5239 1.5902 3.7947 -6.5752 1.9260 54.4238 1.4476 0.0531
Car -1 -1 2.8761 445.7621 180.2032 549.3187 215.7082 1.4130 1.6139 4.1088 -4.7962 1.7442 30.9387 2.7231 0.0531
Car -1 -1 3.1676 448.2791 180.9221 509.2551 204.8400 1.4798 1.5303 3.7958 -8.3753 2.0101 46.3880 2.9895 0.0524
Car -1 -1 1.7460 465.1676 176.5259 503.4639 202.8951 1.5063 1.6198 3.9343 -7.5396 1.7389 43.7361 1.5759 0.0522
Car -1 -1 2.2480 444.9225 179.0945 506.2280 205.5265 1.5128 1.5790 3.9498 -8.1882 1.9152 44.4073 2.0663 0.0516