Car -1 -1 5.3439 0.0000 170.7393 216.8649 302.8741 1.7874 1.6259 3.9556 -8.2919 1.5916 11.7225 4.7388 0.9350
Car -1 -1 4.7187 572.6290 179.7263 614.2881 217.9774 1.5081 1.6428 3.4812 -0.5635 1.2917 30.0932 4.6997 0.9090
Car -1 -1 4.8234 467.2314 175.2141 516.4183 213.8710 1.5453 1.6151 4.2221 -4.8827 1.1455 30.8810 4.6676 0.8686
Car -1 -1 4.9725 334.5677 137.6367 477.5727 249.1889 2.1058 1.7925 4.9055 -4.2408 1.2077 16.0277 4.7177 0.6988
Car -1 -1 5.2292 194.3391 190.3010 340.0216 255.5451 1.4642 1.6092 3.9511 -8.5530 1.6094 18.4890 4.8011 0.5995
Car -1 -1 4.6359 502.7664 179.9035 533.8719 207.1338 1.5421 1.5581 3.6084 -5.3058 1.2413 42.6340 4.5124 0.3416
Car -1 -1 3.1948 55.9801 169.5169 189.3233 216.0422 1.5659 1.6174 3.8799 -17.2886 1.0375 25.8738 2.6104 0.2846
Car -1 -1 1.5806 566.1020 175.5418 586.5671 195.1222 1.4849 1.5514 3.9210 -2.4054 0.7513 56.5004 1.5379 0.2264
Car -1 -1 0.3227 190.4120 191.6878 391.8774 256.7274 1.4818 1.6639 4.1946 -7.5863 1.6490 17.5726 -0.0797 0.2060
Car -1 -1 3.2005 88.5153 168.0132 207.7828 207.5926 1.4690 1.5893 3.8612 -17.9411 0.8305 28.3067 2.6397 0.1954
Car -1 -1 4.9231 0.0000 220.5494 90.0215 376.0000 1.4672 1.6214 4.0549 -5.6555 1.8736 6.1047 4.1973 0.1774
Car -1 -1 1.4496 500.4843 175.7356 539.1093 206.3068 1.6215 1.6548 4.1938 -4.9566 1.1187 40.3633 1.3278 0.1531
Car -1 -1 3.7813 78.4955 190.1161 278.6674 255.0511 1.4750 1.6399 4.0176 -10.3665 1.6015 17.5243 3.2535 0.1403
Car -1 -1 5.0113 123.1262 168.6300 203.0202 210.0419 1.4648 1.5599 3.6590 -16.8141 0.8782 27.3921 4.4651 0.1402
Car -1 -1 1.9411 105.1048 176.8657 199.7567 223.1681 1.5109 1.5685 3.7121 -15.9551 1.2384 25.4256 1.3852 0.1348
Car -1 -1 3.3250 396.0728 176.5746 510.3355 218.0771 1.6595 1.7098 4.3664 -6.2794 1.3140 29.6499 3.1178 0.1311
Car -1 -1 5.0894 221.2914 133.8533 415.5075 268.6691 1.7826 1.5906 3.4644 -4.2893 1.1035 11.2535 4.7332 0.1276
Car -1 -1 1.2215 509.1574 176.8654 563.8936 206.9371 1.5642 1.6499 4.2398 -3.9580 1.1299 39.6606 1.1223 0.1065
Car -1 -1 3.6397 95.2333 168.6534 222.9559 209.7966 1.4761 1.5824 3.7215 -16.5515 0.8819 26.6792 3.0888 0.1036
Car -1 -1 1.9473 159.5363 169.0762 239.7211 205.7928 1.4501 1.5956 3.9466 -17.1506 0.8127 30.4528 1.4381 0.0997
Car -1 -1 1.7378 557.1199 179.5762 597.0015 207.5078 1.4886 1.5846 4.0516 -1.6413 1.1880 40.4201 1.6971 0.0947
Car -1 -1 1.7176 492.9742 176.4171 534.7465 207.4109 1.5795 1.6439 4.0722 -4.9641 1.1311 38.6863 1.5905 0.0835
Car -1 -1 4.7264 520.9504 165.9990 544.1664 189.1959 1.6726 1.6676 3.6601 -5.5501 0.2870 53.7297 4.6237 0.0778
Car -1 -1 0.1862 176.5064 189.9124 372.6647 253.3982 1.4903 1.6347 4.3088 -8.3188 1.6187 18.3610 -0.2340 0.0768
Car -1 -1 5.2386 126.6511 168.6837 218.6163 207.3583 1.4641 1.5685 3.5937 -17.4273 0.8383 29.0195 4.7017 0.0748
Car -1 -1 3.5011 110.4816 175.3439 235.2452 217.9450 1.4796 1.5692 3.5430 -15.6463 1.1368 26.0518 2.9646 0.0733
Car -1 -1 5.2655 0.0000 229.7141 113.9069 376.0000 1.4528 1.5766 4.0115 -5.0296 1.8790 4.7529 4.4795 0.0728
Car -1 -1 1.6421 481.0146 188.1842 521.2240 222.4487 1.5016 1.5893 3.9389 -4.9420 1.6498 33.8750 1.4979 0.0717
Car -1 -1 3.4260 498.3378 166.8567 553.7665 189.3710 1.6244 1.6795 3.7406 -5.9643 0.2998 53.0132 3.3142 0.0710
Car -1 -1 2.5939 32.8846 170.3532 186.8246 221.6362 1.5909 1.6083 4.0613 -16.7758 1.1299 24.4823 1.9981 0.0703
Car -1 -1 2.1809 121.9381 167.2789 233.9172 209.9316 1.4761 1.5925 3.9720 -15.9264 0.8553 26.9206 1.6510 0.0702
Car -1 -1 3.6851 462.2792 181.7697 535.1460 209.6185 1.5662 1.6545 3.9125 -6.3290 1.3724 41.9437 3.5359 0.0691
Car -1 -1 3.6773 69.0020 172.6704 211.9969 220.4338 1.6187 1.6051 3.9476 -16.2930 1.1935 25.2293 3.1086 0.0665
Car -1 -1 0.7902 531.3364 173.6616 582.4216 194.7247 1.5671 1.6159 3.9474 -3.9015 0.7075 55.3909 0.7198 0.0638
Car -1 -1 2.2767 0.0000 207.1595 49.6473 376.0000 1.4852 1.6062 4.1612 -4.6760 1.6549 3.3589 1.3665 0.0628
Car -1 -1 0.3171 130.7930 171.5888 262.2203 213.0209 1.4910 1.6254 3.9842 -15.3467 1.0006 27.0518 -0.1948 0.0626
Car -1 -1 1.5061 559.3832 174.4398 584.7809 195.1233 1.5134 1.6595 4.2495 -2.7123 0.7249 54.8023 1.4565 0.0579
Car -1 -1 1.6659 417.0773 193.4376 473.4291 237.1323 1.4431 1.6470 3.9635 -5.9082 1.7708 26.5866 1.4489 0.0574
Car -1 -1 4.6897 228.1859 168.8014 265.1196 200.0230 1.5058 1.6086 3.8145 -18.4565 0.7141 36.7320 4.2269 0.0559
Car -1 -1 1.6850 419.4561 204.3437 484.9348 255.0195 1.4446 1.6991 3.6374 -5.0476 2.1285 23.8092 1.4777 0.0554
Car -1 -1 0.1956 256.0056 137.5911 462.5865 231.8515 1.7440 1.6227 3.6330 -4.7928 0.8628 14.3256 -0.1215 0.0554
Car -1 -1 4.7829 517.0792 178.8260 548.2587 205.0490 1.5006 1.5820 3.9456 -4.4284 1.1350 43.1338 4.6809 0.0541
Car -1 -1 5.0552 156.2956 190.3804 285.1787 256.1785 1.4633 1.6304 3.9362 -9.6916 1.6101 18.3712 4.5755 0.0538
Car -1 -1 5.0592 166.0836 188.9616 290.0823 256.3383 1.4474 1.5455 3.4561 -9.0493 1.5478 17.4553 4.5868 0.0532
Car -1 -1 4.1404 389.5349 175.2382 482.2363 215.1525 1.5444 1.6741 4.3323 -7.1873 1.1583 29.9178 3.9064 0.0531
Car -1 -1 4.6391 38.8077 211.5132 299.7835 376.0000 1.5170 1.6689 4.1169 -4.3662 1.8543 7.0577 4.1014 0.0530