Car -1 -1 4.8604 375.5676 186.1133 511.6156 295.8596 1.5285 1.6559 4.3221 -2.7336 1.8040 12.7886 4.6530 0.9853
Car -1 -1 4.5130 687.6345 174.1294 826.3744 283.5421 1.6395 1.6337 3.7038 2.4227 1.6653 12.7205 4.6959 0.9610
Car -1 -1 1.6695 498.5169 186.7073 553.1101 229.9239 1.3901 1.6072 3.6788 -2.9761 1.9295 26.2448 1.5570 0.9562
Car -1 -1 4.5527 651.9957 185.3941 720.5095 233.7105 1.3445 1.5754 3.7416 2.3568 1.7772 22.9860 4.6527 0.8222
Car -1 -1 1.5954 545.6168 181.0314 572.9744 206.4822 1.5639 1.7033 4.0828 -3.2868 2.1285 47.7477 1.5265 0.7003
Car -1 -1 4.5896 681.9681 179.1960 767.2203 246.6683 1.4555 1.5993 3.7311 2.7272 1.6286 17.8047 4.7382 0.5732
Car -1 -1 4.6437 710.3194 154.7726 751.7075 189.2104 1.5014 1.6149 3.9467 5.5802 0.7131 33.4987 4.8071 0.3923
Car -1 -1 3.2919 437.8515 182.4489 508.3088 211.1492 1.5625 1.6543 3.7039 -7.6679 2.1165 40.7687 3.1067 0.3851
Car -1 -1 1.7292 568.6609 181.6528 592.5925 199.0480 1.4927 1.5720 4.0506 -2.6206 2.3249 66.1465 1.6894 0.3110
Car -1 -1 1.1851 613.6800 177.8218 653.9594 199.0940 1.4711 1.5853 3.9469 1.7386 1.8508 53.0175 1.2173 0.1936
Car -1 -1 2.1757 625.5065 176.2982 676.7919 198.9060 1.5669 1.6662 4.1821 3.0855 1.8294 52.8291 2.2332 0.1395
Car -1 -1 1.7720 472.0612 191.8335 546.3091 245.8164 1.4189 1.5022 3.9881 -3.0219 2.0628 22.4400 1.6388 0.1264
Car -1 -1 1.6643 538.3740 178.6996 571.9149 208.0267 1.7193 1.7114 4.1675 -3.3634 2.1027 45.2357 1.5900 0.1244
Car -1 -1 4.4995 521.0377 180.4712 545.7000 197.2567 1.4785 1.5410 3.7046 -7.1401 2.2109 67.3724 4.3940 0.0988
Car -1 -1 4.8363 446.6738 181.7041 490.6787 215.7992 1.4681 1.5889 3.5677 -6.5539 1.9058 33.8522 4.6461 0.0971
Car -1 -1 1.5834 620.4739 189.5776 661.3506 227.9806 1.4713 1.6680 3.9991 1.3901 2.2479 31.4649 1.6263 0.0907
Car -1 -1 1.7970 471.3850 179.6483 514.6310 208.5235 1.5843 1.6507 4.0459 -6.8286 2.0053 42.6381 1.6387 0.0707
Car -1 -1 1.8540 644.2863 182.4118 687.9586 209.3971 1.4854 1.6159 3.7826 3.4336 2.0853 43.2277 1.9322 0.0690
Car -1 -1 1.6259 518.8305 188.9338 560.5709 226.7179 1.4776 1.6164 3.9214 -3.0312 2.2329 31.9026 1.5312 0.0678
Car -1 -1 4.5571 684.0106 160.8752 724.1349 189.7859 1.5674 1.6397 4.1563 5.3421 0.9180 41.2187 4.6848 0.0664
Car -1 -1 1.4880 567.0835 177.4609 589.9943 196.6495 1.5891 1.6628 4.0524 -2.7337 2.0041 62.8834 1.4444 0.0652
Car -1 -1 0.2678 521.5662 181.7985 589.7350 206.0948 1.5379 1.6916 4.2070 -3.5523 2.1459 47.8141 0.1935 0.0648
Car -1 -1 1.4917 527.5800 190.4328 569.1003 224.3793 1.4494 1.6917 4.1890 -3.0502 2.3631 35.2972 1.4055 0.0644
Car -1 -1 1.6570 669.6386 178.0937 698.1198 201.9648 1.4938 1.5558 3.9831 4.9982 1.8590 48.1782 1.7593 0.0643
Car -1 -1 1.2991 658.4033 177.1687 701.3040 202.8250 1.5077 1.6377 4.0740 4.3553 1.7913 45.2729 1.3939 0.0608
Car -1 -1 1.6846 629.7625 188.2623 673.9943 223.7363 1.5081 1.6641 4.1670 2.0983 2.2977 34.7779 1.7436 0.0592
Car -1 -1 1.7414 569.0249 180.0037 594.8166 198.4315 1.5480 1.6219 4.1383 -2.4339 2.2080 64.4465 1.7034 0.0582
Car -1 -1 1.6146 643.0191 188.9696 684.8402 227.5347 1.4766 1.6427 3.8900 2.4156 2.2222 31.3516 1.6900 0.0573
Car -1 -1 1.0176 548.2213 178.5854 606.4894 205.4462 1.5271 1.6482 4.0951 -2.0177 1.8945 44.0978 0.9716 0.0570
Car -1 -1 0.1056 600.9347 179.0249 652.9662 200.3184 1.4861 1.5326 3.6022 1.2706 1.9387 51.9249 0.1294 0.0554
Car -1 -1 1.7771 622.7856 186.3151 663.9929 213.9000 1.4448 1.6533 3.7305 2.0040 2.2616 41.7690 1.8241 0.0553
Car -1 -1 1.6657 601.1836 179.5574 623.1364 197.0456 1.4671 1.5895 3.8765 0.2591 2.0811 64.0771 1.6693 0.0546
Car -1 -1 1.4831 534.4104 179.5167 566.4282 206.7507 1.6247 1.6821 4.2366 -3.8436 2.0735 46.3670 1.4003 0.0544
Car -1 -1 1.5597 649.2112 177.0562 680.5976 206.0244 1.5285 1.6799 4.0539 3.0986 1.7780 40.7514 1.6345 0.0518
Car -1 -1 0.8988 589.1558 185.3043 653.3115 211.9492 1.4323 1.6145 4.0859 0.6437 2.2084 42.8686 0.9131 0.0506