Car -1 -1 2.1565 115.0320 187.7314 218.8156 230.7890 1.3923 1.5314 3.5075 -16.0416 1.9725 26.3509 1.6139 0.9259
Car -1 -1 5.2500 93.3735 180.5596 172.0241 213.6948 1.4147 1.4399 3.4933 -21.9814 1.7904 33.4064 4.6715 0.5339
Car -1 -1 1.6159 178.6295 175.9882 220.7513 210.2980 1.6502 1.6888 4.3445 -21.2037 1.8229 37.4464 1.1035 0.4719
Car -1 -1 1.8780 0.0000 185.4545 37.0250 227.8409 1.5523 1.6084 3.6341 -25.1058 2.1037 29.5915 1.1788 0.2147
Car -1 -1 5.0086 0.0000 182.5611 54.3139 221.6967 1.5331 1.6279 3.9584 -25.8668 1.9852 31.4671 4.3246 0.1553
Car -1 -1 1.6043 374.7205 177.6879 395.2507 194.7364 1.4866 1.6648 3.8693 -20.5700 1.9440 66.1853 1.3038 0.1519
Car -1 -1 2.0032 273.5762 170.6101 329.8888 201.5167 1.9295 1.8087 4.1335 -20.0315 1.7894 47.1396 1.6031 0.1505
Car -1 -1 1.8907 321.3766 171.4443 360.3414 194.9361 1.6835 1.6142 3.7316 -19.9100 1.5825 53.6012 1.5364 0.1371
Car -1 -1 3.8029 24.0382 182.1281 142.6258 217.2876 1.5159 1.6889 4.1641 -23.6491 1.9456 32.5131 3.1777 0.1345
Car -1 -1 3.6558 0.0000 186.4613 48.2801 225.9839 1.5517 1.6324 3.7628 -26.1580 2.1449 30.2922 2.9477 0.1187
Car -1 -1 4.8402 162.2106 179.5257 225.4191 221.1313 1.4919 1.6483 4.1417 -16.5065 1.7790 28.8171 4.3238 0.1093
Car -1 -1 4.8072 197.8688 181.7041 236.2925 210.4613 1.4938 1.5542 3.6206 -22.0662 2.0167 40.6632 4.3126 0.1012
Car -1 -1 2.8869 0.0000 186.7939 66.4462 237.0240 1.5374 1.6369 3.8347 -21.6084 2.0647 25.2551 2.1843 0.0975
Car -1 -1 2.2323 0.0000 175.5371 66.5146 218.4937 1.5340 1.5741 3.6748 -23.1012 1.6445 27.8556 1.5446 0.0919
Car -1 -1 2.2431 0.0000 186.3983 83.8052 232.5675 1.5159 1.5292 3.4552 -21.2832 2.0445 26.4332 1.5700 0.0863
Car -1 -1 4.3458 158.8595 182.0500 220.3434 211.6160 1.5005 1.6218 3.9425 -23.1043 2.0297 39.6515 3.8209 0.0856
Car -1 -1 1.7322 5.7903 182.7829 76.0334 224.1601 1.5636 1.7044 3.8435 -23.8296 2.0102 30.3659 1.0710 0.0710
Car -1 -1 5.1287 2.7122 181.7653 91.1674 219.6857 1.5409 1.6539 3.9695 -25.1670 1.9678 32.4427 4.4727 0.0626
Car -1 -1 2.0258 162.1354 178.9601 232.2935 210.0681 1.5385 1.6765 3.9375 -21.8988 1.8813 38.4908 1.5113 0.0611
Car -1 -1 1.7538 253.0035 164.1573 290.9945 190.1366 1.7570 1.7088 4.0723 -23.7939 1.1688 50.9826 1.3189 0.0603
Car -1 -1 3.7288 123.9877 180.5106 221.0214 211.7675 1.4954 1.6343 3.8726 -21.6795 1.8857 35.8716 3.1882 0.0579
Car -1 -1 4.8026 306.6820 177.1124 336.6657 199.6849 1.5763 1.6926 4.0738 -21.2639 1.9045 53.4086 4.4252 0.0572
Car -1 -1 4.8778 83.4227 180.0046 142.2478 214.5267 1.4749 1.6178 4.0082 -23.2352 1.8320 33.8791 4.2802 0.0559
Car -1 -1 4.1595 302.1021 164.5029 349.6470 184.7659 1.6572 1.6754 4.4149 -24.0080 0.9742 61.0081 3.7859 0.0527
Car -1 -1 1.6220 203.5797 191.3800 249.9860 229.8705 1.4951 1.6114 3.9845 -17.0342 2.3780 32.2398 1.1390 0.0518
Car -1 -1 1.7611 176.0068 177.9194 229.4791 210.9970 1.5444 1.6359 3.8519 -20.4534 1.8147 36.4136 1.2522 0.0510