Car -1 -1 4.7841 672.3719 172.0630 713.8399 207.7315 1.5039 1.5979 3.4886 3.7833 1.4706 32.2856 4.8992 0.8225
Car -1 -1 1.8420 600.9515 171.5452 643.1094 198.1982 1.4892 1.5208 3.7559 0.7779 1.4161 42.3318 1.8598 0.7791
Car -1 -1 4.7195 600.8723 160.3980 620.1948 179.2481 1.6754 1.7176 4.1584 0.1042 0.5683 66.2156 4.7209 0.4123
Car -1 -1 3.8731 0.0000 177.3813 135.5310 375.0000 1.5226 1.6333 3.8996 -4.9964 1.5531 3.7564 2.9813 0.3918
Car -1 -1 2.3417 0.0000 73.0784 113.9749 375.0000 1.5099 1.5476 3.7489 -3.7930 1.3956 2.7806 1.4492 0.3272
Car -1 -1 4.6312 626.4804 172.1424 655.2061 196.5596 1.6035 1.6404 4.0043 2.1034 1.5567 49.4158 4.6730 0.1521
Car -1 -1 3.1231 595.4303 173.0992 655.6161 196.5318 1.5383 1.6291 3.9527 1.0505 1.5550 48.2044 3.1443 0.1385
Car -1 -1 0.0369 590.5663 161.0546 633.3493 177.9924 1.5137 1.6298 3.8184 0.2392 0.4592 65.3730 0.0404 0.1358
Car -1 -1 5.0615 0.0000 177.9344 169.9668 375.0000 1.4912 1.6224 4.0406 -4.3465 1.5407 4.8584 4.3584 0.1175
Car -1 -1 3.8928 0.0000 85.5462 135.7696 375.0000 1.5866 1.6659 4.2044 -4.5153 1.4085 2.7580 2.9139 0.0950
Car -1 -1 1.8637 591.2148 171.6694 640.9741 201.4602 1.5951 1.6618 4.2476 0.4319 1.5317 40.9082 1.8738 0.0680
Car -1 -1 4.7181 600.5198 175.1259 625.4734 199.1620 1.5583 1.6309 3.9301 0.2446 1.7191 49.1234 4.7226 0.0576
Car -1 -1 2.3303 0.0000 0.0000 1242.0000 375.0000 1.6288 1.6755 4.1940 -3.0570 1.3777 1.7618 1.3479 0.0528