Car -1 -1 1.4818 562.8830 206.2579 600.6725 240.3297 1.5207 1.6548 3.8629 -1.5178 3.3823 38.1905 1.4414 0.7816
Car -1 -1 4.7170 680.2065 197.4797 703.5653 219.4352 1.5324 1.7659 3.7744 6.4825 3.5376 56.7739 4.8293 0.4365
Car -1 -1 -0.0341 671.7663 197.9062 712.5806 219.2799 1.5470 1.8290 3.0650 6.3453 3.5158 55.6734 0.0780 0.2726
Car -1 -1 4.6904 584.4278 197.6351 607.0831 219.8831 1.5517 1.6808 3.5284 -1.1009 3.5412 56.1285 4.6701 0.2660
Car -1 -1 1.5273 543.1464 200.3570 574.3627 227.2688 1.4487 1.7560 3.1282 -3.1209 3.1843 43.8775 1.4559 0.1570
Car -1 -1 2.8320 570.9989 198.3968 618.2710 220.9498 1.5817 1.7586 3.2211 -1.1483 3.5776 55.0269 2.8104 0.1299
Car -1 -1 3.9249 549.1890 194.0201 600.0491 216.1992 1.5217 1.8087 3.6650 -2.6843 3.1917 55.0284 3.8757 0.1153
Car -1 -1 -0.1121 680.0908 194.9285 737.6290 217.6386 1.6485 1.8584 4.1801 7.5648 3.3687 55.2502 0.0225 0.1072
Car -1 -1 0.7240 512.1675 197.7242 580.4058 224.1763 1.4251 1.8073 3.9809 -3.9126 3.0203 44.3719 0.6358 0.0842
Car -1 -1 2.5524 689.4745 188.7222 750.0576 212.1738 1.6657 1.7724 4.3384 8.4524 2.9199 55.3063 2.7026 0.0758
Car -1 -1 4.1352 642.1979 190.8874 688.1829 212.4997 1.5051 1.7831 3.7505 4.2620 2.9510 55.7807 4.2104 0.0697
Car -1 -1 2.6008 560.0914 190.0308 636.4409 216.6070 1.4636 1.7591 4.3870 -0.6685 2.5590 44.1056 2.5850 0.0685
Car -1 -1 2.6369 526.3019 198.2282 584.8430 225.7111 1.4699 1.8161 2.9783 -3.2208 3.0402 43.0758 2.5620 0.0627
Car -1 -1 1.5858 581.7653 196.2911 605.7236 218.8706 1.5364 1.7509 3.4895 -1.1681 3.3629 54.4811 1.5638 0.0625
Car -1 -1 -0.5345 593.1428 193.4093 647.4224 215.8303 1.5582 1.7946 3.7446 0.8230 3.1735 54.9900 -0.5203 0.0623
Car -1 -1 3.1343 553.9449 191.6038 604.4012 213.7578 1.5657 1.7243 3.6820 -2.2591 2.9823 53.5596 3.0917 0.0607
Car -1 -1 1.5496 567.0327 196.5252 597.5145 223.8783 1.4842 1.7913 3.7685 -1.7190 3.0055 44.4356 1.5104 0.0583
Car -1 -1 0.7748 541.6440 188.8225 592.8989 211.0735 1.5162 1.6821 3.6761 -3.1645 2.7442 53.6478 0.7156 0.0539