Car -1 -1 3.8509 818.4175 185.0161 1007.4763 260.8752 1.3772 1.5655 3.6300 6.4389 1.6751 15.7024 4.2326 0.9626
Car -1 -1 4.5020 641.6885 185.7769 700.0823 227.3756 1.4455 1.5630 3.4330 2.3146 1.9792 27.9952 4.5828 0.9195
Car -1 -1 3.4121 340.7205 192.6055 465.7751 238.2218 1.4082 1.4813 3.6798 -6.7026 2.0765 23.6673 3.1385 0.8011
Car -1 -1 3.8422 0.0000 209.9876 265.7521 346.3691 1.4797 1.6234 3.9040 -6.7693 2.0106 9.3381 3.2281 0.7753
Car -1 -1 3.9799 0.0000 195.1880 143.0016 375.0000 1.6219 1.7025 3.9663 -7.1870 1.8775 7.2587 3.2178 0.7679
Car -1 -1 3.4604 397.9090 189.9197 489.6021 225.7656 1.4377 1.5986 3.4905 -7.0414 2.1893 30.8164 3.2370 0.7279
Car -1 -1 1.6658 506.2163 181.4009 532.2655 203.2227 1.4858 1.5439 3.5257 -6.5157 2.1266 52.3098 1.5420 0.6783
Car -1 -1 0.4732 53.1485 175.5329 379.9807 306.5980 1.9469 1.7450 4.3172 -6.1372 1.9933 11.6338 -0.0034 0.6691
Car -1 -1 3.3808 253.2622 197.9227 415.2373 262.5869 1.5229 1.6430 3.6547 -7.0643 2.2123 18.8166 3.0256 0.6484
Car -1 -1 4.5994 623.5551 187.1428 662.8873 219.0272 1.4957 1.6101 3.9191 1.7051 2.2813 37.6589 4.6436 0.6297
Car -1 -1 1.8751 521.7284 187.5182 557.2062 209.0353 1.5862 1.6960 4.1272 -5.6255 2.8172 58.3765 1.7789 0.4917
Car -1 -1 3.5814 188.7030 195.8294 395.1048 270.1046 1.5529 1.6645 4.0074 -7.1764 2.1086 16.5477 3.1774 0.4736
Car -1 -1 3.2318 458.0778 188.8746 523.6614 216.2151 1.4835 1.6163 3.5601 -6.7310 2.4185 41.1768 3.0702 0.3793
Car -1 -1 3.3796 405.4674 186.8761 493.2975 219.0408 1.5206 1.6048 3.9739 -7.8777 2.2307 35.6941 3.1634 0.3091
Car -1 -1 1.1312 666.3358 174.5206 706.0986 196.7153 1.5924 1.5216 3.7166 5.7036 1.7219 54.0745 1.2353 0.3041
Car -1 -1 0.1132 456.8690 176.2739 521.9933 199.8158 1.4730 1.5954 3.9660 -7.6685 1.6967 46.3029 -0.0504 0.3030
Car -1 -1 1.7659 493.3203 187.7389 532.8842 216.8380 1.5496 1.5800 3.8759 -5.6217 2.4661 42.4387 1.6345 0.3027
Car -1 -1 1.2514 411.2769 182.5271 470.7479 217.6684 1.5210 1.5717 4.0792 -8.1287 2.0132 34.5638 1.0216 0.2781
Car -1 -1 4.8826 411.3394 184.5181 456.7502 216.9243 1.4973 1.6461 3.5370 -8.8130 2.1161 36.4652 4.6466 0.2223
Car -1 -1 4.7631 299.4885 194.9417 383.3005 273.1402 1.5594 1.6932 3.9695 -6.4707 2.1683 17.7457 4.4176 0.2158
Car -1 -1 3.8250 17.5417 163.9969 152.2294 207.7896 1.5165 1.5805 3.7630 -18.7626 1.2098 25.8890 3.2026 0.2113
Car -1 -1 4.6808 339.9079 197.4223 409.9344 263.9951 1.4891 1.6635 3.9918 -6.5198 2.2400 19.8931 4.3673 0.1990
Car -1 -1 3.2613 473.2237 182.2395 530.9714 204.6815 1.5476 1.6422 3.8964 -7.6145 2.2270 51.3611 3.1145 0.1824
Car -1 -1 4.8632 409.0586 189.2119 476.2668 240.4985 1.5403 1.6823 3.8597 -5.6720 2.1503 24.9211 4.6411 0.1801
Car -1 -1 1.7672 434.5977 187.1837 490.5222 223.7268 1.4340 1.6556 4.0389 -6.4247 2.1081 31.9198 1.5696 0.1790
Car -1 -1 3.8579 378.9706 191.2576 474.4982 230.8427 1.4136 1.5988 3.4877 -7.2681 2.1830 28.6644 3.6112 0.1485
Car -1 -1 4.9565 369.7874 188.0349 437.4531 230.4104 1.4191 1.6142 3.6546 -7.7160 2.0332 27.3380 4.6834 0.1449
Car -1 -1 0.3287 361.2417 190.6301 471.7032 232.9615 1.4373 1.5044 3.5659 -6.9399 2.1022 26.1118 0.0708 0.1438
Car -1 -1 2.3111 0.0000 200.4561 257.5551 375.0000 1.5448 1.6647 3.8523 -5.8919 1.9311 8.0833 1.6964 0.1180
Car -1 -1 1.5414 315.8441 164.7870 340.2446 185.9553 1.5360 1.6068 3.8507 -21.2653 0.9506 54.4408 1.1705 0.1094
Car -1 -1 4.8298 420.5281 189.6133 472.0551 228.7514 1.4073 1.6121 3.8506 -6.6382 2.1424 29.6516 4.6109 0.1041
Car -1 -1 1.9196 666.6039 175.2353 700.5448 194.5978 1.5633 1.5759 4.0126 6.2850 1.7715 60.9340 2.0215 0.1031
Car -1 -1 1.7701 473.9514 186.1722 515.6428 215.2305 1.5573 1.6369 4.1807 -6.7387 2.3855 42.7407 1.6141 0.1012
Car -1 -1 1.2662 426.4602 180.4868 465.0716 202.4872 1.4679 1.6163 3.8477 -11.7581 2.0362 51.6484 1.0431 0.0953
Car -1 -1 4.9324 427.6591 185.8808 477.2756 219.2551 1.5162 1.6125 3.9151 -7.8310 2.2066 36.2766 4.7207 0.0948
Car -1 -1 0.5712 564.2216 193.7280 630.4890 219.6012 1.5383 1.6568 4.1276 -0.8221 2.9665 47.5766 0.5533 0.0929
Car -1 -1 0.3380 395.9886 180.6485 488.5008 213.6586 1.4559 1.5976 3.8479 -7.6871 1.8267 33.3100 0.1124 0.0882
Car -1 -1 4.8009 478.8239 175.8087 509.0242 199.8678 1.4910 1.6105 3.8547 -7.5199 1.6923 47.1806 4.6433 0.0882
Car -1 -1 3.6026 327.1144 189.6251 440.2823 231.8466 1.4334 1.5822 3.6304 -8.2317 2.0724 26.4197 3.3029 0.0873
Car -1 -1 4.6208 331.3486 152.3724 381.4199 191.6438 1.5470 1.6569 3.8580 -10.7587 0.7402 30.5224 4.2845 0.0867
Car -1 -1 5.3093 249.7066 154.0858 317.8310 190.9945 2.1433 1.7814 4.1111 -19.8151 1.0534 44.0804 4.8889 0.0859
Car -1 -1 4.4623 858.8137 164.7297 906.4966 193.3789 1.5583 1.5949 4.0208 15.5745 1.1164 41.3308 4.8201 0.0843
Car -1 -1 3.8973 275.1158 153.8659 373.4938 188.6541 1.5307 1.6588 4.2460 -13.1699 0.6952 33.3089 3.5234 0.0835
Car -1 -1 4.5786 828.2621 171.1103 871.0090 202.6312 1.5324 1.5783 3.7891 12.2795 1.4476 37.0840 4.8956 0.0800
Car -1 -1 2.5072 0.0000 195.9282 156.2136 375.0000 1.5541 1.6318 3.9939 -6.2753 1.8240 6.3290 1.7470 0.0774
Car -1 -1 2.9895 879.3319 164.4306 959.3146 193.0253 1.5194 1.6251 3.8269 16.9301 1.0718 39.5981 3.3906 0.0766
Car -1 -1 4.5098 348.3043 171.5087 375.9763 189.9451 1.6230 1.6110 4.0056 -22.5377 1.5045 65.6522 4.1801 0.0761
Car -1 -1 5.1079 446.6706 182.6245 507.8247 216.7842 1.4869 1.5742 3.6731 -6.2562 1.9805 34.4925 4.9293 0.0756
Car -1 -1 4.6965 295.4109 151.0903 336.5065 188.3632 1.6611 1.7141 4.0919 -14.0081 0.6912 34.3734 4.3120 0.0714
Car -1 -1 3.1894 386.7354 186.9084 467.1254 218.9904 1.4689 1.5804 3.7201 -8.8409 2.1762 35.1728 2.9445 0.0714
Car -1 -1 1.6027 450.7918 178.1505 474.9551 199.8932 1.4887 1.5941 3.8263 -10.6201 1.8882 52.4059 1.4033 0.0711
Car -1 -1 2.0490 341.5992 189.9576 434.0167 236.4577 1.4347 1.5420 3.8511 -7.8155 2.0944 25.7949 1.7571 0.0703
Car -1 -1 3.8720 99.2648 158.6162 214.5294 198.9910 1.5231 1.5536 3.7609 -17.7270 0.9860 28.3123 3.3167 0.0682
Car -1 -1 2.7491 450.5531 183.5910 516.3225 209.8584 1.4837 1.6122 3.5831 -7.6324 2.1590 43.7370 2.5769 0.0678
Car -1 -1 1.5639 463.6906 187.3366 498.9314 220.7612 1.5212 1.6800 4.2593 -6.5923 2.3095 37.0307 1.3884 0.0670
Car -1 -1 0.5455 463.9701 188.3387 535.5976 217.2078 1.5623 1.6324 3.8474 -6.4108 2.4987 42.1416 0.3948 0.0664
Car -1 -1 1.5960 425.4996 181.8658 463.8424 216.6497 1.4507 1.6142 4.0191 -7.5588 1.8935 33.3241 1.3742 0.0654
Car -1 -1 1.7295 474.1541 188.6670 512.2558 216.8176 1.4501 1.5828 3.5973 -6.5621 2.3878 40.9875 1.5712 0.0649
Car -1 -1 5.0097 229.6858 190.6440 399.9777 316.6348 1.7444 1.6037 3.8709 -4.8864 2.1024 12.5362 4.6443 0.0648
Car -1 -1 0.6020 435.8133 186.4379 511.5065 214.4884 1.4824 1.6739 4.0081 -7.7685 2.2883 41.2333 0.4165 0.0632
Car -1 -1 2.3445 76.1888 161.5856 197.0780 204.5953 1.5026 1.5615 3.8467 -17.7153 1.1089 27.2489 1.7724 0.0619
Car -1 -1 3.5279 487.0356 181.8959 542.4579 203.8428 1.5146 1.5757 3.6362 -6.8245 2.1818 52.0238 3.3977 0.0607
Car -1 -1 0.3140 241.7630 196.9240 431.4498 266.3840 1.5643 1.6981 4.0506 -6.6178 2.1895 17.8150 -0.0375 0.0604
Car -1 -1 1.8135 517.2842 186.9675 549.5784 207.9776 1.5075 1.6114 3.9728 -5.9348 2.6562 56.6438 1.7090 0.0582
Car -1 -1 3.0651 632.1584 187.8873 710.5189 218.6082 1.4801 1.6362 3.8221 3.0721 2.2560 36.4065 3.1479 0.0571
Car -1 -1 4.4388 908.8217 162.5869 958.3264 191.9277 1.5625 1.6012 3.5860 18.0390 1.0158 40.3148 4.8566 0.0566
Car -1 -1 3.2129 505.5512 187.4861 557.5116 207.6079 1.5668 1.6982 4.0731 -6.2872 2.7707 58.4459 3.1057 0.0556
Car -1 -1 1.4885 647.8389 179.5204 668.3329 197.5422 1.5229 1.5133 3.7572 4.2954 2.1341 64.2627 1.5545 0.0552
Car -1 -1 3.9628 495.3616 186.7579 544.2613 206.6753 1.4563 1.6525 3.8756 -7.1423 2.5958 57.2553 3.8388 0.0548
Car -1 -1 4.5806 478.4759 177.0005 513.6520 202.8609 1.5223 1.6662 4.0360 -7.1736 1.7954 45.3422 4.4242 0.0537