Car -1 -1 5.0940 116.1209 189.5142 317.5981 298.8504 1.5695 1.6550 3.9423 -6.5108 1.6565 12.5164 4.6228 0.9795
Car -1 -1 4.7610 667.1259 184.2714 728.2711 239.5167 1.5671 1.7068 3.5975 2.8780 1.5403 22.3106 4.8872 0.9692
Car -1 -1 4.9551 307.4846 189.1927 401.8088 247.2027 1.4976 1.6419 4.0010 -7.2088 1.6247 20.9048 4.6266 0.9604
Car -1 -1 5.1698 0.5562 205.8773 139.2135 262.7344 1.3863 1.6430 3.9909 -15.6171 2.0552 21.1657 4.5397 0.7032
Car -1 -1 1.8072 358.0707 180.8007 400.6109 207.5600 1.5371 1.5752 3.8451 -13.6551 1.2835 43.2649 1.5028 0.6413
Car -1 -1 1.6565 754.0220 181.6325 784.1042 204.5541 1.5324 1.7156 4.0370 11.3481 1.2928 50.2412 1.8770 0.5825
Car -1 -1 1.5031 275.7802 186.0601 312.5486 215.0048 1.4931 1.5906 3.8417 -17.1361 1.5416 39.2736 1.0938 0.4405
Car -1 -1 4.7432 300.6175 195.3935 341.8105 230.9617 1.3955 1.5403 3.4248 -12.3373 1.8630 31.1466 4.3685 0.4167
Car -1 -1 5.1434 82.6236 202.4620 239.5473 276.0348 1.4724 1.6223 4.1416 -10.6499 1.9446 17.5387 4.6039 0.3603
Car -1 -1 1.4560 470.0072 182.4928 493.8556 200.1661 1.5010 1.6177 3.9992 -11.0406 1.2697 63.1998 1.2834 0.3188
Car -1 -1 5.0414 166.1378 191.7543 245.9731 233.6393 1.5198 1.6608 3.6757 -15.8777 1.7982 28.6480 4.5389 0.2741
Car -1 -1 5.1188 207.5515 191.2897 310.2079 239.2541 1.4339 1.6120 3.9994 -11.4994 1.6541 24.0315 4.6764 0.2693
Car -1 -1 3.2394 57.9979 186.6943 154.3680 221.2894 1.4837 1.6481 3.4238 -22.5553 1.5537 32.5117 2.6364 0.2547
Car -1 -1 1.8366 318.7565 181.8493 356.5312 204.5116 1.4925 1.5048 3.6675 -18.4129 1.2708 49.2379 1.4802 0.2313
Car -1 -1 1.5606 816.7042 174.4518 857.3232 211.8609 1.5212 1.5859 4.0996 10.0089 1.0835 31.4234 1.8659 0.2294
Car -1 -1 1.7325 153.1669 192.6278 222.0741 238.5072 1.5365 1.6064 3.7856 -15.5399 1.8340 26.7933 1.2109 0.2130
Car -1 -1 5.1150 117.7833 189.9759 191.4590 224.2080 1.4930 1.5942 3.7129 -21.2130 1.7302 33.8535 4.5584 0.1990
Car -1 -1 2.2519 0.0000 213.2787 92.4121 332.7144 1.4184 1.5713 3.9840 -10.3933 1.9468 11.5111 1.5287 0.1654
Car -1 -1 1.6162 270.9561 182.3025 310.5332 215.1983 1.5851 1.6547 4.2010 -16.1797 1.4447 36.8955 1.2053 0.1618
Car -1 -1 1.7535 747.6718 180.2423 784.5992 205.1263 1.6089 1.6849 4.3769 10.8384 1.2874 48.8229 1.9703 0.1533
Car -1 -1 0.5480 0.0000 205.9807 194.5118 276.0177 1.4418 1.5861 3.3976 -11.4739 1.9362 16.2220 -0.0603 0.1527
Car -1 -1 2.9221 778.4788 171.0751 856.2390 199.6306 1.5015 1.6048 3.7579 11.2695 0.7580 38.7161 3.2030 0.1522
Car -1 -1 3.8301 88.6718 188.5590 190.2492 222.1301 1.5061 1.6287 3.8018 -21.7447 1.6666 33.4833 3.2574 0.1503
Car -1 -1 0.2588 77.4413 205.3223 300.1389 277.3724 1.4637 1.6351 4.1708 -9.4872 1.9661 16.6494 -0.2527 0.1388
Car -1 -1 4.9718 0.0000 180.9814 90.6769 376.0000 1.5271 1.6470 3.9293 -5.6195 1.5047 5.9325 4.2361 0.1325
Car -1 -1 2.7446 821.7972 171.4434 901.2950 199.4575 1.4703 1.5742 3.7065 13.6298 0.7475 38.6259 3.0811 0.1297
Car -1 -1 1.9128 179.2361 191.5483 285.9430 245.9149 1.4701 1.6156 4.0054 -11.3168 1.6824 22.0143 1.4425 0.1279
Car -1 -1 4.6312 306.4844 183.4960 330.8766 202.7451 1.5266 1.5586 3.8162 -23.7292 1.3902 59.0659 4.2503 0.1276
Car -1 -1 1.3811 823.5143 179.9028 883.1340 218.4119 1.4387 1.5462 3.8495 9.8003 1.2402 28.8665 1.7050 0.1269
Car -1 -1 1.7280 0.0000 243.6717 92.9875 376.0000 1.4648 1.6636 3.9740 -6.9388 2.2889 8.0035 1.0295 0.1269
Car -1 -1 1.5068 472.1165 181.3361 495.1903 200.5790 1.5580 1.6436 4.2482 -10.4205 1.2439 60.4601 1.3364 0.1186
Car -1 -1 2.0801 166.7487 176.5742 235.3834 206.1875 1.4824 1.4572 3.8276 -21.3206 1.0498 37.8998 1.5704 0.1128
Car -1 -1 4.0538 0.0000 214.8696 88.3434 311.7471 1.4595 1.6235 3.9773 -11.5843 2.0312 12.6993 3.3243 0.1081
Car -1 -1 1.9609 472.9277 183.3197 507.4513 201.1872 1.5041 1.5839 3.9458 -10.1496 1.3445 62.6151 1.8004 0.1062
Car -1 -1 1.3645 306.7842 183.6225 336.0568 201.4950 1.4970 1.5903 3.9199 -24.7857 1.3636 62.2867 0.9868 0.1002
Car -1 -1 1.6464 445.1801 180.1913 480.4989 208.2531 1.4703 1.6069 4.0322 -7.9333 1.2071 39.7632 1.4504 0.1000
Car -1 -1 1.4313 821.4909 169.7683 862.6123 200.5642 1.6169 1.6039 4.0688 12.9697 0.8059 39.8851 1.7432 0.0956
Car -1 -1 3.9312 772.2929 174.4070 857.0538 206.9680 1.4382 1.5991 3.8166 9.6824 0.9608 33.8088 4.2076 0.0940
Car -1 -1 2.5572 0.0000 0.0000 105.1951 376.0000 1.7077 1.6729 4.0631 -4.9866 1.0006 3.7320 1.6644 0.0921
Car -1 -1 4.7893 417.2933 163.8428 462.9700 202.8372 1.6959 1.7231 4.5200 -7.7396 0.7664 33.6261 4.5646 0.0919
Car -1 -1 1.7876 653.0627 176.8615 683.6706 201.1281 1.8892 1.6201 4.1216 4.9872 1.2388 58.1725 1.8723 0.0888
Car -1 -1 1.7164 0.0000 231.2552 95.5928 376.0000 1.4596 1.6067 3.7130 -7.8541 2.1898 9.3951 1.0335 0.0869
Car -1 -1 1.9631 325.8800 181.4015 386.8463 211.6625 1.4955 1.5920 3.9897 -13.0250 1.3070 37.5646 1.6311 0.0852
Car -1 -1 1.8138 804.5659 182.2535 873.4138 222.9509 1.4581 1.6179 4.0667 9.0620 1.3519 27.9096 2.1243 0.0838
Car -1 -1 2.0041 370.5552 185.3472 438.4938 219.7405 1.5215 1.6154 3.8109 -9.4542 1.5280 33.8268 1.7332 0.0834
Car -1 -1 2.0099 42.4398 202.9711 192.6039 279.0391 1.4448 1.5797 3.0860 -10.7683 1.8820 16.0599 1.4266 0.0813
Car -1 -1 0.5632 324.1639 183.9690 396.3423 210.0983 1.4906 1.5704 3.7501 -14.4825 1.4195 42.2075 0.2342 0.0811
Car -1 -1 1.4938 507.3193 181.6111 529.3802 199.4030 1.4792 1.5899 3.8494 -7.6655 1.1795 61.8097 1.3705 0.0808
Car -1 -1 2.1938 0.0000 204.8934 120.0257 270.8053 1.4795 1.6613 4.2485 -15.4750 2.0745 19.5788 1.5311 0.0804
Car -1 -1 1.8041 107.1902 187.9545 172.0033 221.8901 1.4968 1.6454 4.2149 -22.2300 1.6362 34.3318 1.2326 0.0796
Car -1 -1 3.8587 124.1547 193.2383 244.1790 234.3588 1.4994 1.6580 3.8805 -16.3535 1.8234 27.8532 3.3316 0.0785
Car -1 -1 1.5330 449.0352 183.6926 470.2601 201.5642 1.4939 1.6525 3.8908 -12.7863 1.3666 62.1745 1.3306 0.0781
Car -1 -1 4.8538 427.2799 176.3872 474.3130 210.3428 1.6068 1.7105 4.3357 -7.8115 1.1890 36.2385 4.6426 0.0764
Car -1 -1 0.8126 19.9654 188.3052 129.5487 223.4734 1.4858 1.5866 3.9847 -23.4516 1.6270 31.7063 0.1795 0.0731
Car -1 -1 1.7647 378.6080 182.1667 404.8495 198.0160 1.4484 1.5693 4.3077 -20.3152 1.1698 67.9129 1.4747 0.0728
Car -1 -1 3.6898 0.0000 205.9230 98.3749 266.0159 1.4888 1.6817 4.0147 -16.6087 2.0889 19.7079 2.9958 0.0725
Car -1 -1 1.6132 757.2055 178.8096 785.9040 203.6999 1.5334 1.6399 4.1323 10.6661 1.1387 46.4941 1.8370 0.0705
Car -1 -1 1.5635 471.5346 179.1094 503.1510 208.8380 1.5442 1.6260 4.1772 -6.6034 1.2270 39.5374 1.3987 0.0703
Car -1 -1 2.0965 227.5996 181.6024 304.7145 214.0279 1.5118 1.6223 4.0539 -16.7874 1.3433 35.6059 1.6585 0.0692
Car -1 -1 1.5213 729.8091 191.3976 778.7126 232.9637 1.4579 1.6491 3.8361 5.6256 1.7147 27.8328 1.7183 0.0689
Car -1 -1 1.7094 346.0581 179.6201 387.4278 207.8057 1.4860 1.6335 4.0169 -13.3260 1.1910 40.0224 1.3897 0.0682
Car -1 -1 1.5044 307.5699 181.3530 333.9515 202.1263 1.5676 1.6559 4.1721 -22.5356 1.2761 56.4870 1.1260 0.0677
Car -1 -1 5.2087 0.0000 216.1498 113.0465 323.7652 1.4410 1.6262 3.8650 -10.6844 2.0824 12.8546 4.5250 0.0672
Car -1 -1 4.8559 706.9952 179.1368 731.5884 197.1181 1.6643 1.7675 4.0283 10.7450 1.1017 68.7215 5.0099 0.0666
Car -1 -1 1.9555 187.4445 180.7299 262.5526 215.9095 1.4926 1.5739 4.0799 -17.2265 1.3023 32.6078 1.4726 0.0658
Car -1 -1 -0.0025 837.6975 171.4699 917.2435 200.9082 1.4892 1.5977 3.8354 14.1619 0.7938 37.7782 0.3533 0.0657
Car -1 -1 1.7750 283.0161 187.1063 333.3462 217.0127 1.5010 1.6444 4.3026 -15.9899 1.6086 38.6321 1.3846 0.0655
Car -1 -1 0.3162 114.8363 176.5313 213.2247 207.0823 1.5088 1.6130 3.9749 -22.5663 1.0799 36.7427 -0.2315 0.0648
Car -1 -1 2.4286 712.2206 184.3193 757.4372 203.9120 1.5480 1.5229 3.4613 10.3654 1.4772 58.3371 2.6031 0.0648
Car -1 -1 1.3407 245.8772 186.3745 296.0807 215.8154 1.4752 1.5820 3.8597 -17.8944 1.5400 38.1830 0.9047 0.0646
Car -1 -1 4.4463 802.5448 170.8115 851.8652 199.8828 1.5213 1.5956 3.9815 12.0598 0.7675 39.6289 4.7394 0.0637
Car -1 -1 4.7963 451.0559 179.4999 485.1462 206.8573 1.5396 1.6465 3.9518 -8.1760 1.2179 42.5066 4.6070 0.0634
Car -1 -1 0.4095 160.2397 195.0130 282.7305 235.9185 1.4998 1.6247 3.8413 -14.8209 1.8914 27.7743 -0.0771 0.0625