Car -1 -1 1.9899 147.1143 197.9061 423.0460 368.1814 1.5192 1.5821 3.8251 -3.6662 1.8975 8.9517 1.6105 0.9809
Car -1 -1 4.3985 759.7823 180.9843 984.5983 324.1869 1.4463 1.5660 3.6592 3.1101 1.5720 9.3267 4.7098 0.9451
Car -1 -1 3.0049 775.3720 166.5348 914.3200 214.4475 1.4573 1.6441 4.0333 7.4210 1.2651 23.0976 3.3116 0.9083
Car -1 -1 4.1668 860.1130 193.9472 1242.0000 375.0000 1.3946 1.5924 3.9327 2.9618 1.5800 4.3627 4.7313 0.8943
Car -1 -1 4.3763 643.6323 173.2699 703.4970 210.7604 1.5099 1.5291 3.3422 2.6825 1.5288 30.9085 4.4615 0.8327
Car -1 -1 2.2579 0.0000 207.2439 219.0008 375.0000 1.4262 1.5101 3.3622 -3.8699 1.7053 4.1500 1.5389 0.7663
Car -1 -1 4.4714 589.4183 175.1883 627.3038 200.0888 1.4925 1.5633 3.6474 -0.1172 1.6462 45.5729 4.4684 0.5665
Car -1 -1 1.4488 676.5037 174.5152 703.7650 194.9776 1.5009 1.6025 3.9143 6.1285 1.6325 55.2095 1.5584 0.3302
Car -1 -1 -0.5787 1078.3075 122.3495 1242.0000 193.5584 1.5264 1.5830 3.9462 13.1959 0.4438 16.4315 0.0895 0.2723
Car -1 -1 2.5133 546.9968 174.7277 599.7730 192.5630 1.4418 1.6061 4.3157 -3.0177 1.6046 60.7233 2.4635 0.2140
Car -1 -1 4.2647 695.4620 158.0100 856.6580 247.1832 1.5050 1.5793 3.7362 3.0900 1.2545 14.1794 4.4743 0.1324
Car -1 -1 1.3791 741.3343 173.7960 776.4442 197.8006 1.5190 1.5618 3.8472 9.8337 1.5839 47.7417 1.5807 0.1306
Car -1 -1 5.1414 572.1671 166.8094 608.5593 185.4890 1.6969 1.7545 4.3918 -1.7645 1.1478 67.9118 5.1153 0.1232
Car -1 -1 2.6930 1088.7036 126.9219 1242.0000 175.5628 1.5055 1.5870 4.4763 18.5057 0.0838 23.5774 3.3527 0.0922
Car -1 -1 1.4599 583.2275 173.4254 616.3732 198.7041 1.5530 1.6651 4.3828 -0.6793 1.5918 46.7085 1.4450 0.0922
Car -1 -1 3.8349 0.0000 215.3749 229.1559 375.0000 1.4949 1.6727 4.1264 -5.0425 1.8373 4.7911 3.0516 0.0839
Car -1 -1 3.0841 709.3513 176.2084 780.5914 204.3012 1.4690 1.5956 3.6943 7.2680 1.6551 38.9961 3.2665 0.0718
Car -1 -1 1.3814 744.2624 174.7298 784.7670 203.0074 1.4849 1.5096 3.7330 8.5413 1.5938 40.0179 1.5897 0.0704
Car -1 -1 0.7131 922.5786 177.2130 1242.0000 375.0000 1.4757 1.6111 4.3553 3.0826 1.5059 2.7780 1.4986 0.0697
Car -1 -1 1.6844 688.0477 173.4996 715.1491 194.5482 1.5522 1.6221 4.0379 7.1122 1.6038 55.4953 1.8108 0.0657
Car -1 -1 4.8797 818.3058 156.0397 941.1851 247.5835 1.4879 1.5834 3.8459 5.2711 1.2146 13.7885 5.2372 0.0649
Car -1 -1 1.5555 739.8519 176.1977 772.1255 207.2290 1.4941 1.5480 3.7317 7.4997 1.6754 37.1425 1.7527 0.0625
Car -1 -1 1.7847 675.8565 174.5432 708.1694 195.7188 1.5161 1.6192 3.8910 6.2173 1.6476 54.0967 1.8981 0.0620
Car -1 -1 -0.1016 660.2446 175.1628 710.7128 195.6713 1.5128 1.5739 3.6269 5.6742 1.6887 54.1903 0.0018 0.0596
Car -1 -1 4.9622 603.7621 175.8097 644.1543 200.1920 1.4644 1.5861 4.2170 0.9714 1.6625 46.1230 4.9827 0.0591
Car -1 -1 2.4403 570.1766 175.4166 632.1173 199.7341 1.5252 1.6217 3.9748 -0.5252 1.7009 47.5700 2.4288 0.0590
Car -1 -1 -1.6482 662.9800 177.8833 694.4097 204.6778 1.5133 1.5693 4.0963 4.1312 1.8314 43.5839 -1.5548 0.0579
Car -1 -1 3.8813 0.0000 205.7252 243.8386 375.0000 1.4670 1.5808 3.6330 -4.2794 1.6913 4.0620 3.1023 0.0578
Car -1 -1 4.3251 554.4413 176.4729 605.2121 202.4353 1.5356 1.6931 4.3333 -1.9379 1.7762 45.6476 4.2824 0.0578
Car -1 -1 3.2991 580.7850 175.7185 648.4899 200.3654 1.5116 1.6268 4.0792 0.3433 1.6974 45.6538 3.3061 0.0563
Car -1 -1 1.4876 596.8234 174.2193 628.7877 200.7822 1.5359 1.6186 3.9638 0.1555 1.6230 43.9716 1.4906 0.0540
Car -1 -1 2.4241 0.0000 188.3748 116.5987 375.0000 1.5212 1.6542 4.3097 -4.2938 1.6343 3.0577 1.5136 0.0516
Car -1 -1 1.2485 609.7338 171.8142 676.6290 211.1022 1.5338 1.5963 4.0515 1.3336 1.4932 30.3365 1.2914 0.0515
Car -1 -1 2.8473 748.9655 174.4993 823.0241 202.6697 1.4828 1.5454 3.5886 9.4912 1.5736 38.9550 3.0841 0.0505