Car -1 -1 4.5213 698.8625 169.4684 799.6027 240.3907 1.5690 1.6999 3.9609 3.3376 1.4941 17.9522 4.7014 0.9588
Car -1 -1 1.7483 464.0270 185.1577 534.1751 236.9448 1.4958 1.6137 3.8007 -3.5339 1.9324 23.6794 1.6011 0.9426
Car -1 -1 4.9130 551.9489 176.5348 606.1238 211.8528 1.5544 1.7243 4.5092 -1.3858 1.7430 34.6113 4.8727 0.9219
Car -1 -1 4.9320 681.2721 177.5135 737.0172 214.3414 1.4458 1.5623 3.8717 4.3301 1.6591 30.9418 5.0691 0.7644
Car -1 -1 0.7601 1014.5583 0.0000 1242.0000 375.0000 1.5345 1.6137 3.9554 3.1593 1.2966 2.3760 1.6286 0.6178
Car -1 -1 3.1426 728.6440 163.8849 792.1836 186.1539 1.5160 1.6789 4.2714 10.5125 0.9054 50.3760 3.3470 0.3281
Car -1 -1 1.7630 439.6807 176.6964 496.5981 215.1862 1.5065 1.6104 4.0938 -5.9362 1.6809 30.6985 1.5731 0.1478
Car -1 -1 1.3167 576.1180 173.6648 610.4126 197.1990 1.7758 1.6981 4.1934 -1.3262 1.8422 56.8493 1.2931 0.1149
Car -1 -1 4.7839 468.1967 181.5716 514.2834 220.8225 1.5302 1.6695 3.9746 -5.0335 1.9307 31.0951 4.6242 0.0996
Car -1 -1 1.5024 680.4114 185.8408 720.8510 219.4925 1.4391 1.6295 4.1964 4.3131 2.1012 34.6464 1.6245 0.0960
Car -1 -1 4.6376 454.7436 178.0659 498.3593 214.0158 1.4583 1.6125 3.8719 -5.9398 1.7041 31.9490 4.4548 0.0878
Car -1 -1 0.0206 678.9636 161.6175 744.6382 184.3929 1.5652 1.6977 4.5020 7.1964 0.7930 50.7836 0.1603 0.0824
Car -1 -1 0.1132 682.7507 166.6830 801.9849 215.4456 1.5487 1.6607 3.7814 4.4855 1.3527 24.2580 0.2933 0.0782
Car -1 -1 0.9653 0.0000 0.0000 1242.0000 375.0000 1.5608 1.6281 4.0764 2.1288 1.5127 1.6983 1.7817 0.0707
Car -1 -1 3.6375 368.8274 181.5025 475.9992 218.0347 1.4231 1.6444 4.0154 -7.7575 1.7980 29.9981 3.3861 0.0703
Car -1 -1 -0.2252 596.5154 188.3149 686.7897 219.3958 1.4671 1.6795 4.2922 1.5955 2.2749 36.4835 -0.1826 0.0672
Car -1 -1 -0.8105 870.2145 28.9627 1242.0000 375.0000 1.5826 1.6570 4.0674 3.1661 1.3082 2.3375 0.0662 0.0657
Car -1 -1 -0.8284 1032.9219 146.5836 1242.0000 375.0000 1.5410 1.6428 4.1365 4.5411 1.4534 3.3591 0.0641 0.0586
Car -1 -1 4.0616 1115.7673 82.3481 1242.0000 202.9774 1.7396 1.7459 3.7554 10.7657 0.4344 12.3285 4.7681 0.0566
Car -1 -1 4.6812 585.5146 177.7218 605.8853 196.7238 1.4862 1.5548 3.8263 -1.1670 1.8999 59.3816 4.6612 0.0561
Car -1 -1 2.9919 440.0731 182.3826 541.6135 221.1911 1.5354 1.6640 4.0546 -5.0559 1.9590 30.6568 2.8292 0.0559
Car -1 -1 1.6118 516.3743 185.3335 558.9330 224.3855 1.5015 1.6536 3.8284 -3.0268 2.0707 30.9519 1.5145 0.0557
Car -1 -1 4.5801 673.1358 165.6346 702.6159 187.7090 1.5337 1.6084 3.9130 5.6164 1.0321 52.1084 4.6866 0.0547
Car -1 -1 1.6758 486.5816 169.4880 513.6271 191.2494 1.6214 1.6388 4.1647 -8.4368 1.3706 55.8778 1.5264 0.0526
Car -1 -1 3.7430 356.3193 181.2136 464.1006 219.9127 1.4391 1.5861 3.9486 -7.9579 1.7893 28.8309 3.4756 0.0508
Car -1 -1 1.5507 598.9441 188.1111 631.5623 218.7471 1.4323 1.6117 3.7962 0.2548 2.2665 37.5431 1.5567 0.0501