Car -1 -1 1.7516 401.0180 187.9169 502.7327 255.2325 1.4774 1.8264 4.3633 -4.0025 1.9206 19.0254 1.5463 0.9579
Car -1 -1 1.7366 472.7538 186.4654 526.5912 228.3889 1.4803 1.5210 3.5602 -4.2646 2.0505 28.4346 1.5885 0.9545
Car -1 -1 1.9453 244.8366 197.4478 382.2645 270.5412 1.4019 1.5948 4.1532 -6.9050 2.0629 17.3135 1.5705 0.9340
Car -1 -1 2.8765 730.0604 168.7874 841.2648 206.3757 1.6055 1.7098 4.4581 7.6861 1.4318 31.7405 3.1115 0.7816
Car -1 -1 4.6948 633.1965 178.0328 664.4385 207.3755 1.4728 1.5947 3.5446 2.0677 1.7631 38.6492 4.7473 0.7664
Car -1 -1 2.8823 724.1259 155.8358 820.1591 187.0363 1.4791 1.5797 4.2921 7.8582 0.6723 35.0816 3.1007 0.7432
Car -1 -1 2.2950 0.0000 198.0324 112.8992 375.0000 1.5372 1.5873 3.8287 -6.5791 1.8345 6.5752 1.5295 0.6788
Car -1 -1 4.8273 386.6111 192.5320 434.2635 230.8673 1.5069 1.6362 3.6300 -8.8363 2.4387 32.2486 4.5614 0.3472
Car -1 -1 4.6989 844.7220 162.8273 865.0833 181.6920 1.6993 1.7326 4.1653 22.8324 0.7961 67.2419 5.0248 0.3180
Car -1 -1 1.7714 689.6442 173.3846 715.5372 191.3313 1.6338 1.6443 4.0687 8.7980 1.6854 68.0049 1.8992 0.3032
Car -1 -1 4.2548 905.2275 166.6572 970.7234 194.6113 1.4351 1.5648 4.1044 17.7148 1.1170 39.1217 4.6769 0.2441
Car -1 -1 1.0343 706.8102 172.4784 777.8636 206.6227 1.4448 1.5290 3.5624 5.9058 1.4289 32.4676 1.2121 0.2235
Car -1 -1 4.3038 972.8242 149.7826 1041.9261 183.9695 1.5769 1.6307 3.6175 19.2930 0.5127 35.1554 4.8022 0.1677
Car -1 -1 4.2655 838.1999 163.6048 887.7520 187.9180 1.7779 1.7873 4.5094 19.2800 1.1016 55.1042 4.6002 0.1652
Car -1 -1 1.3396 822.2850 172.4452 860.9343 195.5788 1.4918 1.5966 3.9800 15.5673 1.4655 48.5754 1.6476 0.1491
Car -1 -1 3.0338 468.0789 181.8829 529.3048 204.7927 1.5107 1.6809 4.0328 -7.6889 2.1525 49.9592 2.8814 0.1427
Car -1 -1 1.5359 646.5048 179.8821 687.7956 216.9156 1.4689 1.6412 3.8594 2.4441 1.7931 31.3252 1.6124 0.1190
Car -1 -1 4.6325 797.7936 169.7448 841.3563 205.7429 1.5364 1.5892 3.7685 9.4862 1.4037 32.7988 4.9112 0.1188
Car -1 -1 3.2342 590.8955 177.4793 678.7645 212.0535 1.5124 1.6560 3.8693 1.1878 1.7302 32.9161 3.2694 0.1136
Car -1 -1 -0.5139 634.9656 177.0496 728.2124 211.5525 1.4922 1.6402 3.9679 3.3111 1.6939 33.1345 -0.4158 0.1117
Car -1 -1 4.5512 624.7432 176.1646 672.3179 210.3708 1.4871 1.6100 3.8956 1.7639 1.6514 33.7848 4.6024 0.1116
Car -1 -1 4.3103 922.4098 146.6791 981.5046 179.6209 1.8378 1.7420 3.8535 19.9505 0.3775 42.2107 4.7491 0.1039
Car -1 -1 1.5398 835.8237 172.6066 870.1627 202.7983 1.5254 1.6010 4.0941 12.9863 1.5129 38.6459 1.8613 0.1007
Car -1 -1 2.1828 385.3606 192.5067 469.4235 231.6071 1.4851 1.6071 3.9174 -7.9010 2.4048 31.6493 1.9395 0.0976
Car -1 -1 3.9906 0.0000 188.9994 56.1157 247.8157 1.3697 1.5813 4.0149 -16.6141 1.8044 18.3960 3.2632 0.0961
Car -1 -1 1.6577 827.7952 172.7068 867.9347 204.5260 1.4733 1.5537 3.8381 11.7587 1.4665 35.4798 1.9749 0.0930
Car -1 -1 4.2246 880.3532 159.2564 932.2961 186.7667 1.7873 1.7217 3.6681 20.0044 0.9039 48.7896 4.6114 0.0907
Car -1 -1 4.5215 826.2033 172.3772 856.1515 191.8788 1.5236 1.5963 3.8547 18.6989 1.4864 58.3808 4.8297 0.0894
Car -1 -1 0.3238 240.3233 184.7560 349.0822 226.3082 1.5362 1.5703 3.5713 -12.2080 2.0156 28.1369 -0.0825 0.0837
Car -1 -1 1.3566 406.3877 179.8652 442.1972 203.7655 1.5140 1.5692 3.8760 -12.6197 2.0106 49.0150 1.1056 0.0824
Car -1 -1 1.3368 514.9093 185.7171 572.4543 223.3905 1.4785 1.6478 4.0023 -2.9822 2.0866 31.9506 1.2438 0.0799
Car -1 -1 3.8911 574.2864 177.5787 663.0967 212.7591 1.4966 1.6500 4.0451 0.3715 1.7271 33.2204 3.9016 0.0798
Car -1 -1 1.1525 829.4624 175.1665 880.3690 200.2591 1.5154 1.6885 3.7189 15.5323 1.6685 45.8607 1.4767 0.0790
Car -1 -1 4.7281 1.1348 214.9717 130.1322 324.1704 1.4159 1.6404 4.0984 -9.7976 2.3093 13.1587 4.0975 0.0751
Car -1 -1 1.7760 478.5237 182.7704 536.0967 222.1583 1.5480 1.6618 4.2109 -4.3964 2.0119 31.5994 1.6383 0.0750
Car -1 -1 0.0343 403.2172 183.1380 466.3988 206.4921 1.4918 1.5872 4.0483 -11.6544 2.1973 48.3148 -0.2016 0.0738
Car -1 -1 2.5296 828.0762 172.7155 893.2186 196.1161 1.4927 1.5863 3.8185 16.4551 1.4839 47.3166 2.8620 0.0734
Car -1 -1 4.3796 604.2840 174.6073 634.3553 191.6329 1.5204 1.5809 3.9649 0.8723 1.6884 67.0036 4.3922 0.0730
Car -1 -1 3.7330 0.0000 215.0034 115.4565 375.0000 1.5342 1.6646 4.0618 -7.8029 2.0436 7.5104 2.9462 0.0725
Car -1 -1 0.1300 655.7878 172.7545 758.3680 208.0882 1.5109 1.6674 4.3624 4.3725 1.5067 32.2267 0.2631 0.0721
Car -1 -1 1.5855 832.5168 176.4015 862.7569 204.2351 1.4982 1.5767 3.7630 13.6771 1.7117 41.3917 1.9021 0.0715
Car -1 -1 4.6934 681.7474 174.5691 709.9049 200.9896 1.4683 1.5598 3.8873 5.0265 1.5738 42.3698 4.8102 0.0706
Car -1 -1 1.5149 685.2429 172.1354 705.3867 189.3524 1.5593 1.6437 3.9756 7.9802 1.4942 67.3832 1.6320 0.0700
Car -1 -1 4.7017 650.1426 176.5357 686.6640 210.4615 1.4696 1.6013 3.8279 2.7183 1.6514 33.6474 4.7810 0.0656
Car -1 -1 3.6677 17.4585 193.7585 139.5609 236.2635 1.5276 1.7203 3.4116 -20.5017 2.3679 27.9740 3.0396 0.0639
Car -1 -1 2.3721 0.0000 190.6183 63.9907 259.5303 1.4104 1.5304 3.4295 -15.3533 1.8839 17.4577 1.6583 0.0604
Car -1 -1 2.8232 501.6928 183.5894 559.0314 206.3949 1.4847 1.6884 3.5949 -5.4793 2.2498 49.9119 2.7140 0.0568
Car -1 -1 4.7148 673.9144 175.6769 710.1719 209.4033 1.4857 1.6083 3.8626 3.9014 1.6271 34.1330 4.8271 0.0565
Car -1 -1 5.0341 299.8549 184.4146 370.2133 226.3633 1.5282 1.5751 3.6237 -10.9968 2.0245 29.1387 4.6758 0.0559
Car -1 -1 4.4589 833.4323 164.7120 863.7796 183.9686 1.7210 1.7115 3.9547 21.9932 0.9933 66.5131 4.7768 0.0557
Car -1 -1 1.6453 0.0000 227.6406 124.7291 375.0000 1.4705 1.6768 3.9351 -8.1772 2.4350 10.5939 0.9998 0.0553
Car -1 -1 -0.2291 803.9903 169.6653 905.2305 204.8951 1.4917 1.5961 3.9255 10.6391 1.3567 31.5281 0.0932 0.0552
Car -1 -1 1.7724 614.3492 179.0168 669.2577 216.8414 1.5235 1.6668 3.9207 1.4880 1.8135 31.8526 1.8180 0.0541
Car -1 -1 4.9524 401.7708 188.3623 458.1350 224.7466 1.4870 1.6119 3.9262 -8.1691 2.2412 33.1259 4.7119 0.0523
Car -1 -1 3.5781 361.4363 192.3312 456.8975 228.6788 1.4948 1.6240 3.7414 -8.8498 2.3882 31.9809 3.3097 0.0523
Car -1 -1 3.4056 823.7057 173.6775 921.9476 206.9222 1.4678 1.6309 4.0360 12.2887 1.5084 33.7706 3.7513 0.0519
Car -1 -1 2.4983 801.7061 174.6892 868.6772 199.3877 1.5612 1.6236 4.0186 14.7752 1.6851 47.2621 2.7991 0.0515
Car -1 -1 -0.6522 407.5063 188.5085 503.5518 225.4341 1.4659 1.6340 4.0674 -6.8659 2.2155 32.4768 -0.8595 0.0507
Car -1 -1 1.4322 393.9592 178.5723 423.9836 201.2094 1.5246 1.5631 3.8047 -14.3994 1.9505 51.6889 1.1615 0.0504
Car -1 -1 1.5342 815.1349 174.2386 849.0385 203.8183 1.5174 1.6059 4.0611 12.0956 1.5971 39.3849 1.8296 0.0503
Car -1 -1 -0.8778 837.6666 170.7198 889.3735 190.6057 1.5283 1.6394 4.0845 20.1481 1.3643 57.2080 -0.5411 0.0502