Car -1 -1 4.4861 696.6694 175.7122 851.9111 284.9360 1.6061 1.7110 4.2117 2.7088 1.6654 12.8473 4.6882 0.9669
Car -1 -1 3.4700 245.4918 180.3154 419.1894 248.4823 1.5256 1.5804 3.5351 -6.4969 1.7119 17.1732 3.1129 0.9256
Car -1 -1 4.6208 662.7562 180.1174 722.6042 230.8020 1.5003 1.6092 3.6504 2.6567 1.7576 23.7241 4.7302 0.9144
Car -1 -1 3.8590 0.0000 186.4608 213.9012 355.5356 1.5625 1.6140 3.8376 -6.5565 1.7232 7.6640 3.1683 0.8979
Car -1 -1 3.6228 100.8483 190.4296 369.7716 278.8856 1.3822 1.4625 3.8549 -6.2755 1.7017 12.3482 3.1608 0.8811
Car -1 -1 1.4723 641.9441 174.8457 679.5924 205.8773 1.4490 1.5042 3.6199 2.4912 1.5527 35.7582 1.5408 0.8449
Car -1 -1 0.6097 0.0000 194.2832 339.4457 318.1132 1.5118 1.6410 4.0140 -6.1015 1.8413 10.1213 0.0783 0.8027
Car -1 -1 4.5709 680.1685 184.0194 764.2390 247.1301 1.4058 1.6074 3.6399 2.7883 1.7209 18.5410 4.7169 0.7822
Car -1 -1 3.3102 442.0681 169.1514 529.6508 202.9710 1.7915 1.8209 4.4371 -6.6541 1.5954 39.1347 3.1425 0.6972
Car -1 -1 0.3496 285.4495 172.0310 463.7506 233.3521 1.5844 1.6595 4.2871 -6.2794 1.5632 19.5633 0.0425 0.6259
Car -1 -1 3.3817 159.6609 191.6653 385.8146 274.9102 1.5084 1.5895 3.9049 -6.6933 1.9217 14.7185 2.9611 0.5924
Car -1 -1 3.6049 377.5791 174.7827 492.7434 217.4175 1.5005 1.6283 3.8233 -6.4325 1.5752 26.7318 3.3705 0.5581
Car -1 -1 3.4637 344.9849 183.0227 479.7686 228.0240 1.4109 1.5623 4.0231 -6.4776 1.7608 23.9285 3.2016 0.4867
Car -1 -1 1.3746 466.7915 177.5622 513.7555 209.3611 1.4267 1.5364 3.7976 -5.8395 1.6686 35.0258 1.2102 0.3688
Car -1 -1 4.5285 626.2075 175.6730 661.5928 201.0906 1.5538 1.6025 3.8250 2.1721 1.7435 46.5578 4.5744 0.3435
Car -1 -1 3.2915 423.2423 177.4854 513.1652 209.9428 1.4834 1.5851 3.9758 -6.6258 1.7079 34.0989 3.1005 0.3141
Car -1 -1 0.3084 308.3426 165.7328 450.4150 216.3625 1.4658 1.5926 3.7618 -6.8442 1.2596 21.6965 0.0060 0.2656
Car -1 -1 4.8785 437.8924 175.9607 496.4315 218.4572 1.4898 1.5836 3.6759 -5.3367 1.6158 27.4231 4.6876 0.2613
Car -1 -1 -0.0120 512.2322 168.3079 557.7365 184.5122 1.4465 1.6116 4.0552 -6.7659 1.0407 65.4401 -0.1148 0.2215
Car -1 -1 0.0696 679.2038 169.9840 728.9711 185.7814 1.4432 1.6009 4.4925 8.8085 1.1810 67.1463 0.1992 0.1924
Car -1 -1 4.2490 688.7448 161.0291 731.7772 184.9592 1.7308 1.6614 3.8359 7.5281 0.8756 54.2711 4.3858 0.1819
Car -1 -1 4.6356 538.6633 171.7852 562.4219 194.5305 1.7309 1.6013 3.4419 -4.6663 1.6496 56.7341 4.5536 0.1816
Car -1 -1 4.9305 40.1264 172.4247 130.5190 228.9442 1.6230 1.4982 3.7528 -16.3953 1.6107 22.7400 4.3112 0.1489
Car -1 -1 3.8350 473.3677 180.6268 538.8923 205.6341 1.4543 1.6474 3.8600 -6.4268 1.9546 44.7363 3.6927 0.1469
Car -1 -1 4.6958 828.4627 164.7800 854.7284 187.5099 1.4581 1.6013 4.0736 15.5462 0.9401 48.4658 5.0043 0.1382
Car -1 -1 3.6482 302.9203 149.1002 409.1317 186.6902 1.6817 1.6910 4.3828 -11.7332 0.6190 33.4879 3.3135 0.1381
Car -1 -1 4.7714 524.4770 165.8446 545.9764 183.6205 1.5849 1.7140 4.3886 -6.8240 0.9600 66.5625 4.6694 0.1371
Car -1 -1 4.6889 679.5492 171.5090 697.6400 187.9463 1.5126 1.6087 3.9621 7.4712 1.3888 68.4405 4.7969 0.1225
Car -1 -1 1.6492 0.0000 184.6531 41.6544 224.0126 1.5296 1.4818 3.9486 -25.7394 2.0751 31.3116 0.9652 0.1167
Car -1 -1 4.8402 488.9042 168.8288 527.9047 200.3092 1.6661 1.6489 3.9943 -5.5806 1.4531 40.1928 4.7027 0.1152
Car -1 -1 4.5758 791.2933 167.8543 848.0529 208.7301 1.5100 1.6168 4.0302 8.2930 1.3253 28.7634 4.8534 0.1098
Car -1 -1 4.9557 360.3414 160.7300 392.4065 183.3258 1.8831 1.7621 3.7737 -20.0183 0.8727 62.0754 4.6448 0.1055
Car -1 -1 4.8270 356.5842 158.4072 386.1118 185.0931 2.1553 1.8509 4.4617 -19.9739 0.9885 60.6476 4.5100 0.1035
Car -1 -1 4.7214 511.9145 171.0667 537.6748 195.3114 1.5415 1.6299 3.8328 -5.6031 1.4279 47.8688 4.6052 0.1012
Car -1 -1 5.0734 380.9346 169.2659 474.0056 219.9892 1.4638 1.6140 3.7309 -5.6336 1.3603 22.7719 4.8331 0.1003
Car -1 -1 4.4214 742.3434 165.3612 785.7484 190.7500 1.4883 1.5661 3.8146 9.4220 1.0491 44.2638 4.6295 0.0941
Car -1 -1 4.6885 446.0140 166.0178 465.7495 184.1169 1.6187 1.6906 3.9149 -14.2147 1.0073 66.6305 4.4789 0.0918
Car -1 -1 1.8734 503.0980 174.8447 545.6395 200.1645 1.5066 1.5762 3.8336 -5.2952 1.6371 45.2822 1.7573 0.0914
Car -1 -1 4.7359 370.3314 148.9937 408.7118 184.9154 1.6137 1.6515 3.8094 -10.4569 0.5418 34.4691 4.4434 0.0891
Car -1 -1 5.1308 262.7238 154.7528 317.1859 189.6034 2.0386 1.6965 3.6420 -19.4349 0.9797 44.0310 4.7172 0.0875
Car -1 -1 4.4589 616.0144 170.7786 644.3348 189.9663 1.6006 1.5772 3.6201 1.7440 1.4275 62.1300 4.4865 0.0813
Car -1 -1 3.5043 0.0000 165.0699 132.8280 218.6103 1.5120 1.5834 3.7099 -16.7169 1.2922 21.6640 2.8529 0.0800
Car -1 -1 1.9118 490.6143 177.0788 538.5300 203.7007 1.4929 1.6015 3.9849 -5.6346 1.7585 43.2504 1.7826 0.0796
Car -1 -1 1.4407 378.5897 175.4067 455.9872 235.5233 1.5297 1.6293 4.0887 -5.6132 1.6109 20.7469 1.1791 0.0785
Car -1 -1 4.4701 389.2669 182.2231 465.7760 229.9496 1.4302 1.6031 4.0614 -6.2920 1.7783 24.6423 4.2222 0.0764
Car -1 -1 1.9353 1.8103 186.8225 260.8133 328.1312 1.5189 1.6391 4.0264 -6.4486 1.7596 10.3055 1.3874 0.0747
Car -1 -1 3.5533 485.6122 171.4641 546.4458 195.2346 1.5090 1.5720 3.6075 -6.0903 1.4208 47.0646 3.4249 0.0739
Car -1 -1 1.4457 474.1360 176.3922 519.8905 211.1049 1.4919 1.6233 3.9136 -5.2849 1.6667 33.5452 1.2902 0.0686
Car -1 -1 4.9351 420.8467 177.3474 493.7354 222.8736 1.4394 1.6164 4.0859 -5.2323 1.6097 25.2787 4.7325 0.0684
Car -1 -1 4.0273 0.0000 180.5188 248.4030 303.9502 1.5236 1.6332 3.9377 -7.4435 1.6480 10.3928 3.4177 0.0676
Car -1 -1 1.2399 516.5539 168.6257 551.4834 189.2633 1.7051 1.6785 4.2840 -6.5199 1.3557 61.9090 1.1352 0.0665
Car -1 -1 0.3869 226.6371 161.6865 399.6571 220.5075 1.5203 1.5949 4.0110 -7.8991 1.2316 19.4576 0.0057 0.0659
Car -1 -1 4.7622 616.0750 193.3862 685.0050 261.8931 1.4623 1.5730 3.7790 1.1387 2.0458 18.5421 4.8215 0.0626
Car -1 -1 4.6805 718.7532 163.3330 747.1724 189.4629 1.5246 1.5825 3.8360 7.5038 0.9691 44.1058 4.8477 0.0618
Car -1 -1 4.9209 274.4509 181.4309 392.8990 261.6354 1.4941 1.6281 3.8481 -5.9113 1.7071 15.8938 4.5697 0.0617
Car -1 -1 4.9098 425.8414 161.7776 454.4713 182.5157 1.6964 1.6540 3.7006 -14.2602 0.7903 60.8969 4.6806 0.0604
Car -1 -1 4.8220 744.7158 154.3566 785.1630 186.4647 1.5868 1.6725 3.7000 8.1556 0.6726 37.6782 5.0334 0.0599
Car -1 -1 2.2620 0.0000 165.5054 141.6402 219.5743 1.4854 1.5585 3.6483 -16.1014 1.2835 21.6893 1.6292 0.0591
Car -1 -1 3.4498 59.8334 182.9170 185.9204 223.6562 1.6629 1.6556 4.2629 -21.1378 2.1217 31.5173 2.8628 0.0590
Car -1 -1 4.4100 753.8947 160.0389 795.5236 185.6416 1.6416 1.6359 3.8391 10.9885 0.8199 48.2417 4.6324 0.0589
Car -1 -1 -0.5727 541.2147 172.7413 597.5743 195.2064 1.6999 1.6794 4.1597 -3.1238 1.6913 56.4981 -0.6280 0.0584
Car -1 -1 0.2128 347.4730 160.5198 397.7818 182.4227 1.8577 1.7173 3.8463 -20.4041 0.8116 62.2490 -0.1028 0.0572
Car -1 -1 5.1087 479.5394 178.2181 541.7843 210.7236 1.4631 1.5700 4.0540 -4.7698 1.7420 35.3512 4.9751 0.0557
Car -1 -1 -0.6001 628.9228 175.8629 693.2798 200.4825 1.4895 1.5770 3.8492 3.2782 1.6870 45.7102 -0.5294 0.0553
Car -1 -1 1.3328 696.0300 169.5349 723.3799 186.0922 1.5151 1.6095 4.2044 9.4277 1.2114 68.2002 1.4693 0.0552
Car -1 -1 4.8048 0.0000 180.7370 43.1412 216.1615 1.4498 1.5582 3.7899 -26.6257 1.8260 32.4310 4.1213 0.0551