Car -1 -1 4.7545 555.7646 174.4007 681.6205 294.6037 1.5722 1.6674 4.5231 0.2564 1.6025 11.8058 4.7743 0.9180
Car -1 -1 4.7217 596.0352 169.6005 622.0449 193.2433 1.4802 1.6288 4.0363 -0.0152 1.2765 47.1998 4.7211 0.3834
Car -1 -1 1.4787 589.6078 184.5956 638.6542 228.1572 1.4520 1.4854 3.7954 0.1095 1.9242 27.0616 1.4819 0.3571
Car -1 -1 4.7417 641.9890 169.6027 674.7976 200.3695 1.5658 1.6409 4.2212 2.6789 1.4004 38.9021 4.8095 0.1468
Car -1 -1 1.6123 634.0772 202.2307 693.9039 258.8885 1.4293 1.6806 3.8432 1.7565 2.4185 22.2902 1.6888 0.1406
Car -1 -1 1.7210 519.2162 189.2737 572.0582 229.7151 1.4450 1.5792 3.7984 -2.5289 2.1563 29.3080 1.6350 0.1395
Car -1 -1 4.7527 643.9684 166.9420 673.1483 193.8030 1.5624 1.6203 3.8497 3.0229 1.2185 43.9705 4.8205 0.1100
Car -1 -1 4.4494 623.9994 160.7324 668.7881 187.9544 1.4828 1.5958 3.9164 2.0586 0.8225 41.3848 4.4985 0.1003
Car -1 -1 1.7955 540.0692 182.3602 577.4748 208.6010 1.4931 1.4926 3.7773 -3.0850 2.1052 44.4737 1.7262 0.0985
Car -1 -1 1.6224 668.1205 181.3482 692.2192 203.2817 1.5134 1.5749 4.0499 5.2717 2.1688 53.5473 1.7195 0.0964
Car -1 -1 1.4659 676.2148 203.3728 748.1373 261.9500 1.4785 1.7689 3.9511 3.0712 2.5061 22.2960 1.5998 0.0945
Car -1 -1 1.8099 676.6060 178.8890 708.0633 199.2245 1.5143 1.5905 3.9253 6.5850 2.0096 57.1021 1.9237 0.0890
Car -1 -1 3.2358 579.2815 169.0667 634.9344 192.5031 1.4651 1.5880 3.4175 -0.1319 1.2283 46.0513 3.2326 0.0871
Car -1 -1 1.1573 560.3655 178.8621 594.4631 198.2955 1.5434 1.5253 3.6251 -2.7249 2.0633 60.4806 1.1121 0.0866
Car -1 -1 1.5004 533.3230 189.7251 568.7224 219.2612 1.3982 1.6201 3.4207 -3.1247 2.3301 38.0417 1.4184 0.0840
Car -1 -1 4.7833 630.4056 165.6302 652.7886 185.6392 1.7836 1.7551 4.4259 2.9905 1.1397 66.6182 4.8277 0.0821
Car -1 -1 4.7271 584.6729 170.9533 601.7529 187.1929 1.4991 1.5654 3.7456 -1.5293 1.3236 68.4842 4.7045 0.0753
Car -1 -1 1.6320 670.0956 182.9397 696.9785 207.3740 1.4953 1.5439 3.8186 4.9361 2.1919 47.8243 1.7336 0.0744
Car -1 -1 1.4234 552.7624 188.9691 593.0283 219.2584 1.4396 1.6215 3.5491 -1.9859 2.3355 38.2149 1.3712 0.0681
Car -1 -1 1.3355 662.9720 186.8127 715.5999 220.4642 1.4183 1.6055 3.8543 3.7014 2.1168 34.0953 1.4420 0.0627
Car -1 -1 1.1348 665.9758 203.8755 773.7113 265.3455 1.4403 1.7406 3.4684 3.0659 2.4145 20.7473 1.2782 0.0612
Car -1 -1 3.5812 601.8889 174.9709 855.2974 275.9258 1.4735 1.5634 3.9980 1.9586 1.5149 12.3691 3.7335 0.0610
Car -1 -1 -0.0388 573.9543 184.4761 676.0192 225.1743 1.4693 1.5457 3.7577 0.5552 1.9224 27.3212 -0.0195 0.0572
Car -1 -1 1.7665 626.5582 201.1365 706.6084 261.5183 1.4236 1.6321 3.5358 1.7209 2.3119 20.7371 1.8470 0.0557
Car -1 -1 3.5792 542.7288 185.3679 657.1298 229.0917 1.4847 1.5152 3.9950 -0.3690 1.9770 26.8768 3.5648 0.0532
Car -1 -1 0.6252 570.4904 171.5215 614.0316 187.7922 1.4907 1.5883 3.9022 -1.6405 1.3686 67.8638 0.6008 0.0515