Car -1 -1 4.4526 729.1762 187.5135 935.9374 327.8035 1.4350 1.6345 3.6753 2.7053 1.6676 9.6073 4.7179 0.9740
Car -1 -1 1.6613 510.2799 176.4155 568.7634 220.0911 1.4702 1.7641 4.3268 -2.5143 1.6132 26.8073 1.5681 0.9281
Car -1 -1 1.4245 661.4081 180.7760 732.8043 230.3243 1.3685 1.6382 3.9127 2.6398 1.6377 22.5431 1.5388 0.9022
Car -1 -1 1.4381 549.3655 172.9973 585.6304 202.1396 1.6227 1.6095 3.9497 -2.5101 1.6316 42.2905 1.3788 0.6929
Car -1 -1 4.7033 647.6976 173.9101 675.6309 202.0712 1.5754 1.5654 3.2871 3.0277 1.6396 42.1793 4.7740 0.5060
Car -1 -1 0.0089 645.3133 168.6255 725.7565 198.5221 1.6619 1.7258 4.4752 4.3327 1.4269 41.2184 0.1125 0.2810
Car -1 -1 1.5733 574.9764 176.6199 593.1744 193.7925 1.5204 1.6329 3.9306 -2.3525 1.8792 66.7475 1.5379 0.1942
Car -1 -1 4.7352 504.2206 169.7876 533.4879 196.5141 1.4769 1.5930 3.7356 -5.2166 1.3074 41.8097 4.6115 0.1919
Car -1 -1 -0.2288 639.9590 168.6841 746.6196 208.0658 1.5030 1.6433 3.9241 3.2732 1.3438 28.5813 -0.1165 0.1875
Car -1 -1 5.2849 502.8953 165.2370 558.8636 190.3414 1.5200 1.6009 4.0354 -4.9438 1.0588 45.8505 5.1778 0.1686
Car -1 -1 1.4143 689.0444 168.6346 735.2667 200.8072 1.4580 1.5710 4.1070 4.8782 1.2668 34.7662 1.5521 0.1345
Car -1 -1 1.1724 657.2635 168.8510 732.3887 208.0777 1.4679 1.6231 3.8613 3.3521 1.3181 29.0818 1.2856 0.1333
Car -1 -1 5.3754 0.0000 0.0000 1242.0000 375.0000 1.5169 1.5835 3.5107 -2.4655 1.6248 1.4085 4.4047 0.1217
Car -1 -1 4.4198 691.4200 171.7736 739.7896 199.1176 1.4730 1.6384 3.9423 5.9557 1.4148 40.9395 4.5629 0.1104
Car -1 -1 1.5092 719.0825 167.7652 757.2407 198.7713 1.4329 1.5888 3.9827 6.2571 1.1978 35.4132 1.6823 0.1059
Car -1 -1 1.5461 658.2427 169.7140 702.6714 212.1348 1.5264 1.5950 3.8761 2.6898 1.4134 27.9518 1.6405 0.0933
Car -1 -1 -0.5597 699.2499 171.2938 772.8918 198.4875 1.4653 1.6019 3.7826 7.0708 1.3812 40.3348 -0.3878 0.0891
Car -1 -1 4.4724 632.9419 168.7394 694.4821 207.9438 1.4654 1.6012 3.7680 2.1002 1.3116 28.9616 4.5436 0.0839
Car -1 -1 4.9945 651.0107 172.1854 698.3391 200.5144 1.5723 1.6688 4.1631 3.8699 1.5352 42.2880 5.0847 0.0816
Car -1 -1 3.1404 632.8911 173.2703 682.4959 200.0544 1.5046 1.5668 2.7884 2.7591 1.5290 41.4314 3.2060 0.0783
Car -1 -1 5.1583 0.0000 0.0000 1242.0000 375.0000 1.5485 1.6357 3.7594 -1.4238 1.4661 0.9795 4.3101 0.0749
Car -1 -1 4.2706 498.8356 166.5280 545.6148 191.4878 1.6331 1.6611 3.9077 -6.0072 1.2192 49.3062 4.1497 0.0728
Car -1 -1 5.1960 578.2496 177.8668 615.1355 194.7264 1.4779 1.6564 4.1906 -1.1533 1.9577 66.8267 5.1784 0.0727
Car -1 -1 4.4694 539.3077 169.2146 581.7067 197.0897 1.6020 1.6421 3.9871 -3.0134 1.3928 43.6154 4.4004 0.0719
Car -1 -1 4.6026 485.8796 168.4163 522.1592 194.9477 1.4651 1.6405 4.2140 -6.2028 1.2201 42.0913 4.4569 0.0707
Car -1 -1 1.5009 507.8326 167.8438 539.9012 195.8618 1.6051 1.6413 3.9851 -5.2000 1.3181 43.4470 1.3822 0.0704
Car -1 -1 -0.9277 927.1389 191.1105 1231.6665 310.9202 1.4943 1.6831 4.3124 7.1761 1.8126 11.0265 -0.3639 0.0695
Car -1 -1 3.3542 603.3394 174.3946 675.9689 201.1649 1.4883 1.6233 3.9237 1.7473 1.5797 41.5382 3.3955 0.0692
Car -1 -1 3.7319 0.0000 0.0000 1242.0000 375.0000 1.5485 1.6389 3.9082 -0.1158 1.2375 1.6993 3.6680 0.0689
Car -1 -1 0.1325 0.0000 199.6196 1186.2393 375.0000 1.5088 1.6564 3.9292 -0.4131 1.6425 2.7627 -0.0071 0.0656
Car -1 -1 -0.2528 552.3192 173.5394 598.3700 190.8736 1.5391 1.6309 3.8930 -3.1136 1.6026 65.5254 -0.3004 0.0644
Car -1 -1 0.1608 650.4724 177.5596 742.6847 210.6684 1.4758 1.6354 4.0928 4.1020 1.7056 33.8958 0.2797 0.0638
Car -1 -1 0.3233 533.6176 173.4870 605.6132 201.6698 1.5845 1.5581 3.8791 -2.3070 1.6223 41.8874 0.2681 0.0635
Car -1 -1 4.7722 697.1836 169.1884 743.1358 208.5632 1.4880 1.6192 3.8442 4.5481 1.3494 29.3163 4.9241 0.0608
Car -1 -1 1.0344 501.3500 180.9986 569.9755 212.9023 1.5378 1.6826 4.2155 -3.9578 1.9926 38.0930 0.9310 0.0588
Car -1 -1 1.6950 495.3251 169.6064 533.6702 197.9825 1.5014 1.6211 4.0632 -5.2439 1.3296 40.2129 1.5658 0.0552
Car -1 -1 2.7484 614.3586 168.8138 729.5167 210.1806 1.5140 1.6360 4.1091 2.3920 1.3661 27.8110 2.8327 0.0543
Car -1 -1 4.3642 908.1788 187.8163 1178.6501 345.7055 1.5108 1.6265 3.9186 5.2377 1.7475 9.3522 4.8603 0.0539
Car -1 -1 4.6321 547.8123 168.0151 569.5108 186.8841 1.6473 1.6377 3.9695 -4.6182 1.2248 65.0762 4.5613 0.0532
Car -1 -1 1.4133 918.0529 202.3228 1088.9540 332.1125 1.4674 1.6407 3.8275 5.8543 2.0083 11.1723 1.8838 0.0528
Car -1 -1 1.8115 0.0000 210.4784 462.7247 375.0000 1.4729 1.6037 3.7778 -1.3937 1.7212 2.7545 1.3778 0.0525