Car -1 -1 4.5085 703.1408 188.1798 829.4194 275.9825 1.4415 1.6287 4.2234 3.0092 1.7988 14.7028 4.7054 0.9474
Car -1 -1 4.2624 796.5298 209.7965 1242.0000 375.0000 1.3393 1.5942 4.0690 2.7473 1.7227 5.4490 4.7063 0.9291
Car -1 -1 4.5770 655.1601 175.8495 701.9211 210.6252 1.4877 1.6212 3.8696 3.1101 1.6336 33.1748 4.6691 0.9197
Car -1 -1 1.6262 535.3359 180.1633 578.8309 216.7428 1.3776 1.5838 3.5410 -2.1040 1.6962 29.6688 1.5554 0.9129
Car -1 -1 3.8195 0.0000 163.5648 260.0305 284.3405 1.4249 1.5374 3.5618 -6.6982 1.3153 9.4078 3.2139 0.9055
Car -1 -1 0.4709 107.8162 187.5634 413.7472 288.7005 1.5103 1.6944 4.2778 -5.6277 1.7734 11.9765 0.0396 0.8662
Car -1 -1 0.7865 0.0000 169.8070 253.1866 375.0000 1.6382 1.7205 4.0824 -5.7710 1.6141 6.7446 0.0979 0.8561
Car -1 -1 0.5054 215.6510 186.9627 443.5844 268.7755 1.5041 1.5046 4.1113 -5.6192 1.8112 14.6654 0.1448 0.7672
Car -1 -1 0.0239 464.0442 175.4707 552.6123 206.4447 1.5204 1.6960 4.3593 -5.1109 1.6574 36.6925 -0.1139 0.7082
Car -1 -1 3.3661 325.0536 176.6202 478.4153 228.0902 1.4218 1.5925 4.0221 -5.9411 1.5359 20.9565 3.0927 0.7035
Car -1 -1 3.4306 270.1353 183.7841 453.4089 243.5409 1.4297 1.6195 4.1420 -6.2285 1.7227 18.4611 3.1090 0.6087
Car -1 -1 0.1565 525.0425 164.9342 575.6792 182.0926 1.4913 1.6448 4.2500 -5.2025 0.8030 63.6927 0.0752 0.4041
Car -1 -1 4.5663 487.5346 169.3501 522.1664 194.3089 1.4901 1.6255 3.6508 -6.5754 1.2809 45.0599 4.4220 0.2922
Car -1 -1 1.6315 636.2481 177.4599 656.2148 193.8705 1.4464 1.6142 3.8452 3.4161 1.8850 66.7165 1.6821 0.2475
Car -1 -1 4.6540 255.8529 176.7533 297.4541 210.3947 1.5229 1.6346 3.6561 -16.2415 1.7236 35.1248 4.2235 0.2299
Car -1 -1 1.5392 227.8609 181.7343 277.1080 228.9806 1.7262 1.6770 4.0275 -14.5720 2.1141 29.3501 1.0817 0.1989
Car -1 -1 4.6658 536.3167 165.5155 556.7398 183.7860 1.5846 1.6393 3.9647 -5.6741 0.9481 64.6526 4.5784 0.1797
Car -1 -1 0.2388 333.8528 170.9863 396.4326 191.6803 1.4576 1.5582 3.9964 -17.4956 1.3261 51.7697 -0.0858 0.1720
Car -1 -1 5.0149 230.0877 177.9064 300.1176 215.4257 1.4986 1.6522 3.8788 -14.8926 1.7328 31.4024 4.5750 0.1647
Car -1 -1 1.6338 680.0794 180.0109 705.8879 200.7928 1.3781 1.6091 3.1318 5.8859 1.8976 50.6908 1.7483 0.1575
Car -1 -1 4.9942 0.0000 149.1044 42.7043 194.1777 1.7248 1.6503 3.4950 -24.7827 0.8160 29.5417 4.3005 0.1435
Car -1 -1 1.6728 453.1347 170.7362 481.5173 193.9703 1.5330 1.5264 3.8282 -9.7350 1.3932 49.5820 1.4796 0.1341
Car -1 -1 4.6242 312.4718 162.7988 343.5566 187.0430 1.6105 1.6697 3.9856 -19.5740 0.9425 50.0857 4.2532 0.1292
Car -1 -1 4.0923 0.0000 51.6650 470.7850 375.0000 1.6532 1.6683 3.5933 -2.8074 1.1887 4.2225 3.5334 0.1281
Car -1 -1 5.1593 0.0000 0.0000 107.2927 375.0000 1.6335 1.6542 3.8411 -3.6511 1.0097 3.0780 4.3313 0.1101
Car -1 -1 -0.1298 454.9001 171.2707 523.3410 197.3064 1.5303 1.6341 3.9160 -7.3144 1.4372 43.7596 -0.2948 0.1096
Car -1 -1 4.5074 387.9075 164.8864 419.4949 186.8512 1.7569 1.7107 4.1828 -17.1396 1.1196 59.9629 4.2300 0.1077
Car -1 -1 1.3121 522.3654 174.5344 559.6292 198.1770 1.5148 1.5533 3.8927 -4.6603 1.6329 48.6210 1.2167 0.1034
Car -1 -1 2.9390 720.9877 181.7409 788.8391 207.3470 1.5184 1.5090 3.8369 8.8458 2.0708 44.0838 3.1352 0.1030
Car -1 -1 4.6196 331.2654 169.3441 357.6991 189.2414 1.5168 1.6220 3.7829 -20.9882 1.2493 57.0620 4.2684 0.1004
Car -1 -1 1.6973 222.3977 173.7920 277.4991 211.4775 1.5471 1.6536 4.1550 -15.8465 1.5916 31.9661 1.2401 0.0975
Car -1 -1 1.1346 214.6201 178.6371 264.6434 200.9499 1.4477 1.5857 3.8461 -25.4288 1.8594 49.5607 0.6625 0.0975
Car -1 -1 1.7723 454.4734 166.4789 488.5474 191.0060 1.6866 1.6385 3.9058 -9.8230 1.2482 51.5810 1.5848 0.0873
Car -1 -1 3.8226 0.0000 137.0680 129.2079 186.0461 1.4972 1.5870 4.1595 -17.8390 0.4033 22.9017 3.1664 0.0868
Car -1 -1 0.1682 206.5530 176.6269 307.0177 210.0438 1.4967 1.6419 4.0262 -16.5142 1.6814 33.9687 -0.2814 0.0858
Car -1 -1 0.3116 220.8972 181.4444 328.2085 219.0302 1.5172 1.6406 3.8118 -14.1485 1.8943 30.6395 -0.1180 0.0839
Car -1 -1 4.7712 471.5137 173.3424 495.2017 194.0897 1.5094 1.5464 3.6489 -9.4981 1.5475 54.4821 4.5991 0.0820
Car -1 -1 4.6827 452.0503 172.2205 470.4330 189.1715 1.5477 1.5813 3.9053 -13.9916 1.4898 67.9598 4.4801 0.0801
Car -1 -1 4.7407 550.5248 166.9710 570.1363 184.5597 1.5320 1.6417 4.2053 -4.4046 1.0196 64.9819 4.6731 0.0759
Car -1 -1 4.8645 17.9687 160.2776 66.8136 191.8602 1.7375 1.6320 3.9437 -32.7972 1.0456 41.8150 4.2024 0.0756
Car -1 -1 3.3533 171.5341 181.2953 285.3881 219.9751 1.5081 1.6211 3.9288 -15.7444 1.8744 30.0035 2.8735 0.0751
Car -1 -1 0.6473 0.0000 72.3713 233.6961 375.0000 1.6594 1.6322 3.6917 -4.3169 1.2624 3.9350 -0.1508 0.0744
Car -1 -1 4.3513 473.6857 167.5033 511.0872 189.1313 1.7298 1.7196 4.1235 -9.7663 1.3018 59.9228 4.1902 0.0734
Car -1 -1 4.8149 277.3471 166.5181 305.6160 188.9053 1.7348 1.6952 3.7514 -25.5090 1.2438 57.9562 4.4018 0.0732
Car -1 -1 3.9749 186.5413 167.2122 266.9197 195.2172 1.5115 1.6547 4.1012 -21.4411 1.2070 40.4194 3.4897 0.0717
Car -1 -1 1.7397 684.7435 171.9163 711.8647 191.8617 1.5616 1.5882 3.6746 7.2217 1.4882 58.4814 1.8616 0.0698
Car -1 -1 4.6997 435.2168 170.5528 453.9973 188.1233 1.5388 1.6082 3.4730 -14.8951 1.3373 65.0689 4.4753 0.0694
Car -1 -1 2.7257 1177.6957 198.4251 1242.0000 375.0000 1.5165 1.6382 4.3900 8.3778 1.8203 6.8874 3.5868 0.0682
Car -1 -1 1.4632 358.9751 191.3941 444.1591 262.2253 1.4295 1.5992 3.9775 -5.2295 1.9426 17.8269 1.1812 0.0645
Car -1 -1 2.1171 0.0000 162.9717 159.0377 375.0000 1.6213 1.7075 4.0272 -5.8903 1.5614 6.5016 1.4012 0.0640
Car -1 -1 4.8348 390.0168 168.7474 414.5368 187.6280 1.7142 1.7028 4.2331 -19.4201 1.3413 67.7316 4.5564 0.0638
Car -1 -1 4.7052 359.3023 171.8184 383.4661 193.5181 1.5254 1.6213 3.9675 -17.4573 1.4526 52.8608 4.3875 0.0633
Car -1 -1 1.3035 497.3710 173.7960 544.4510 200.5417 1.4876 1.6655 4.3574 -5.2927 1.5463 42.6286 1.1803 0.0627
Car -1 -1 0.7633 1151.6572 225.6520 1242.0000 375.0000 1.4591 1.6215 3.9804 6.9181 2.0561 6.1592 1.5818 0.0625
Car -1 -1 4.8729 23.8296 176.6976 64.3483 199.3040 1.4499 1.5752 3.7491 -38.3346 1.7216 48.9872 4.2114 0.0623
Car -1 -1 0.6819 241.8784 178.2185 338.3579 213.5989 1.5591 1.6196 3.9655 -14.8134 1.8179 33.4983 0.2681 0.0618
Car -1 -1 0.3047 416.3541 170.2844 481.1011 193.8346 1.5549 1.6014 3.9589 -10.8070 1.3853 48.6094 0.0868 0.0617
Car -1 -1 3.1605 218.1037 176.2517 401.9339 240.5466 1.4705 1.6205 4.0935 -7.4148 1.5630 18.1463 2.7773 0.0613
Car -1 -1 1.9981 244.1642 177.5240 379.2097 245.3892 1.4674 1.6106 3.8101 -7.1783 1.5952 17.8105 1.6197 0.0613
Car -1 -1 0.5632 0.0000 172.4372 65.0566 200.6215 1.6279 1.6946 4.3039 -35.1460 1.6038 42.7766 -0.1217 0.0604
Car -1 -1 1.4692 688.6826 173.2888 710.4831 188.9343 1.4232 1.6000 4.3336 8.4433 1.4654 67.9377 1.5920 0.0599
Car -1 -1 3.7009 358.4450 165.6232 416.5398 186.3681 1.6537 1.6798 4.2957 -18.1126 1.0773 58.8845 3.4036 0.0587
Car -1 -1 4.6044 522.6475 165.8345 545.6136 183.2684 1.5072 1.6224 3.9697 -6.7697 0.9003 64.4882 4.5001 0.0586
Car -1 -1 1.2154 1108.1915 220.4970 1242.0000 375.0000 1.4408 1.5595 3.5276 7.2956 2.1238 8.4213 1.9107 0.0585
Car -1 -1 4.0405 19.4492 136.8929 154.8729 180.3616 1.4616 1.6125 4.2497 -18.5305 0.2524 25.6195 3.4192 0.0573
Car -1 -1 2.0076 285.5148 178.5895 418.1956 242.8351 1.4325 1.5999 4.0925 -6.4589 1.5971 18.5859 1.6770 0.0573
Car -1 -1 1.4742 495.3428 173.8789 528.8853 200.0474 1.5020 1.6242 4.1331 -5.9557 1.5673 43.7848 1.3395 0.0564
Car -1 -1 4.6034 427.5685 165.6397 471.8543 199.8606 1.5222 1.6505 3.7166 -7.6050 1.2013 34.1211 4.3855 0.0556
Car -1 -1 0.1512 472.2480 178.4137 542.5601 205.1877 1.4896 1.6029 3.7861 -5.8105 1.8142 41.3087 0.0119 0.0548
Car -1 -1 4.9446 438.3578 178.9253 479.2027 205.6612 1.5154 1.5765 3.8285 -9.0806 1.8994 43.7106 4.7406 0.0548
Car -1 -1 4.7328 600.6988 210.3632 906.7279 375.0000 1.4532 1.5722 3.8073 1.1018 1.8518 5.6453 4.9133 0.0547
Car -1 -1 1.7887 446.7625 177.9732 487.8888 205.9648 1.5604 1.5904 3.8833 -8.4020 1.8787 42.9004 1.5960 0.0538
Car -1 -1 4.7043 199.9322 176.8205 228.6915 200.6979 1.5038 1.6270 3.9501 -26.4462 1.7808 48.2679 4.2052 0.0537
Car -1 -1 1.5470 341.9546 171.9464 366.5699 193.4755 1.5057 1.6024 3.8417 -18.6166 1.4422 52.5427 1.2079 0.0530
Car -1 -1 2.0624 41.9389 136.5475 150.1676 179.6884 1.4691 1.6080 3.8281 -18.7575 0.2327 26.5668 1.4523 0.0527
Car -1 -1 1.8005 248.6757 177.6436 308.3910 214.6581 1.5768 1.6166 4.0569 -15.2521 1.8130 33.4387 1.3753 0.0526
Car -1 -1 1.8230 151.1431 173.6798 209.0126 204.6266 1.4723 1.6011 3.8012 -21.6341 1.5164 36.4836 1.2908 0.0526
Car -1 -1 1.3227 671.3736 169.8392 706.9200 193.0323 1.6328 1.6500 4.0086 5.7884 1.4205 52.8950 1.4307 0.0522