Car -1 -1 1.9185 225.4533 200.2331 442.3797 334.5547 1.4316 1.6220 3.8158 -3.6847 1.8987 10.3914 1.5848 0.9715
Car -1 -1 4.4128 734.6272 178.3889 921.8325 295.8248 1.4407 1.6117 3.6540 3.0637 1.5384 10.8793 4.6792 0.9665
Car -1 -1 2.1049 0.0000 215.8824 298.0916 375.0000 1.4153 1.4731 3.3715 -3.8654 1.8573 5.6960 1.5295 0.9432
Car -1 -1 4.2237 822.0812 187.1673 1242.0000 375.0000 1.4509 1.6771 4.2943 3.0373 1.5996 5.3418 4.7161 0.9035
Car -1 -1 4.4377 642.1534 177.3242 697.2867 213.1048 1.4872 1.5790 3.4270 2.6333 1.6986 32.2831 4.5178 0.8373
Car -1 -1 4.4768 590.7489 177.5706 626.5159 202.1442 1.5103 1.5583 3.4579 -0.0974 1.8292 46.9248 4.4743 0.6074
Car -1 -1 2.6537 1027.8770 130.3420 1242.0000 195.8172 1.5371 1.6475 4.0366 12.9636 0.5391 18.0143 3.2699 0.3308
Car -1 -1 3.1387 759.6527 172.7625 880.3520 218.1953 1.4687 1.4777 3.8294 7.1119 1.4657 24.5560 3.4168 0.2660
Car -1 -1 2.4805 546.2409 178.9485 597.2797 196.8972 1.4631 1.6716 4.2679 -3.2326 2.0058 62.2226 2.4284 0.2624
Car -1 -1 4.2480 680.2038 159.6942 827.1523 240.2650 1.5145 1.5784 3.7081 2.9494 1.2671 15.5630 4.4312 0.1682
Car -1 -1 1.5963 673.6527 180.4914 701.8334 206.2803 1.4827 1.6412 4.1479 4.9065 1.9812 44.9297 1.7038 0.1422
Car -1 -1 4.3203 897.1197 203.5336 1008.4756 267.4737 1.4870 1.6076 3.3845 9.4556 2.4173 20.1565 4.7522 0.1414
Car -1 -1 4.5426 878.4775 201.3585 969.2471 268.4052 1.4975 1.6487 3.6158 8.4674 2.3535 19.7197 4.9417 0.1326
Car -1 -1 2.6274 1096.3201 129.0289 1242.0000 175.6580 1.5369 1.6412 4.3141 19.5784 0.0924 24.9091 3.2881 0.1210
Car -1 -1 0.1457 290.9169 186.4323 388.9835 223.1170 1.4748 1.6712 3.7518 -11.5399 2.0828 31.1023 -0.2072 0.1046
Car -1 -1 3.8125 322.3624 183.8116 432.7228 223.4966 1.4503 1.6380 4.0326 -9.2138 1.9081 28.6658 3.5037 0.1039
Car -1 -1 1.3774 683.0458 177.9749 712.1791 198.0630 1.4959 1.5647 3.7993 6.8795 1.9120 56.6769 1.4971 0.1025
Car -1 -1 1.9015 584.4907 177.5508 628.8530 202.9036 1.5864 1.6609 4.3019 -0.1389 1.9158 48.3062 1.8981 0.0920
Car -1 -1 4.6889 387.9316 181.6852 431.7329 221.6012 1.4580 1.6104 3.9038 -8.1738 1.8434 29.3867 4.4195 0.0886
Car -1 -1 3.0684 816.9795 165.5704 921.0243 209.6232 1.5583 1.6007 3.5140 9.5320 1.3007 26.7566 3.4068 0.0868
Car -1 -1 4.9298 409.4981 182.7317 469.8404 222.1574 1.4533 1.6049 3.7860 -6.8547 1.8825 29.4500 4.7026 0.0823
Car -1 -1 -0.4175 407.4425 183.2355 520.3797 223.5487 1.4639 1.6490 4.1405 -5.8192 1.9084 29.0292 -0.6141 0.0820
Car -1 -1 3.6583 308.3513 182.3268 427.7400 223.2641 1.4569 1.6566 4.0133 -9.1505 1.8330 27.4414 3.3389 0.0711
Car -1 -1 2.5475 1045.9799 143.3961 1168.5079 182.1659 1.4824 1.5597 3.7392 19.5050 0.3561 28.3749 3.1450 0.0673
Car -1 -1 2.5337 534.1841 172.2678 581.8574 188.8068 1.4647 1.6000 4.1716 -4.6795 1.4127 65.8299 2.4627 0.0623
Car -1 -1 4.4656 724.1151 178.8603 767.6284 206.6679 1.4993 1.5708 3.8420 7.8252 1.8629 41.7188 4.6492 0.0599
Car -1 -1 2.5995 712.1384 180.9754 775.8845 205.7459 1.5656 1.5364 3.9367 8.9322 2.1211 47.9409 2.7821 0.0588
Car -1 -1 4.7595 794.3522 158.2466 881.3953 237.1444 1.4710 1.5801 3.7340 4.9696 1.1986 15.4771 5.0641 0.0529
Car -1 -1 1.6305 612.3937 181.8317 652.0031 218.0141 1.4655 1.5379 3.8355 1.0604 1.8907 32.1881 1.6624 0.0523