Car -1 -1 1.8969 386.5406 192.5375 524.3983 282.1088 1.4323 1.5657 3.5403 -2.8766 1.8706 14.2101 1.6998 0.9522
Car -1 -1 1.7906 609.3599 180.8553 656.9236 211.1010 1.4463 1.6479 4.0383 1.2933 1.8896 37.8080 1.8239 0.8975
Car -1 -1 4.8329 611.2668 170.5697 641.2552 191.9391 1.4492 1.6462 4.0421 1.2208 1.2943 51.0511 4.8563 0.4536
Car -1 -1 4.9245 763.7667 174.4806 799.8216 198.0248 1.5159 1.6005 3.8588 11.6908 1.6307 48.8297 5.1578 0.4523
Car -1 -1 4.9171 480.6665 180.1004 529.8038 212.3364 1.4208 1.6057 3.6806 -4.9330 1.7867 34.5383 4.7758 0.3906
Car -1 -1 4.5884 644.9247 184.3182 680.4762 212.2688 1.4908 1.6014 3.7729 3.0473 2.1886 41.9913 4.6598 0.3202
Car -1 -1 -0.2556 830.7883 157.7924 910.6408 187.7877 1.7565 1.7408 4.2005 15.6153 0.8745 43.3039 0.0881 0.1818
Car -1 -1 4.6856 771.8103 171.8709 805.2728 202.3459 1.4802 1.5588 3.3093 9.0938 1.4324 36.8268 4.9255 0.1813
Car -1 -1 4.6266 625.0499 185.1318 658.3704 213.2854 1.4900 1.6029 3.7771 1.8191 2.2337 41.7837 4.6692 0.1445
Car -1 -1 -0.4332 649.5764 185.0466 722.7793 212.9745 1.4808 1.6567 3.7767 4.3310 2.1950 40.8693 -0.3291 0.1360
Car -1 -1 -0.1496 875.0037 166.4449 981.9642 202.0349 1.5384 1.6718 4.2031 14.2818 1.2614 32.5375 0.2604 0.1239
Car -1 -1 0.3382 588.1141 169.9829 647.0774 191.8780 1.4719 1.6129 3.7557 0.5606 1.2789 49.9057 0.3490 0.1032
Car -1 -1 1.4766 877.0475 168.1596 922.4321 202.9848 1.4663 1.5362 3.6095 12.9401 1.2687 32.3281 1.8538 0.0958
Car -1 -1 4.4073 817.1271 159.3091 864.1599 187.1840 1.6575 1.6785 3.9043 14.3023 0.8521 44.8563 4.7139 0.0830
Car -1 -1 3.1094 820.4208 172.1029 915.8348 206.0073 1.4956 1.6206 4.0409 11.8288 1.4624 33.2106 3.4483 0.0811
Car -1 -1 1.6450 606.9801 169.0778 634.7120 192.5667 1.5429 1.6029 4.0779 0.8119 1.2948 49.4969 1.6610 0.0692
Car -1 -1 1.4121 868.7930 173.8518 917.6583 206.9117 1.4554 1.5262 3.8875 13.2768 1.5052 33.9486 1.7816 0.0678
Car -1 -1 3.8105 720.1926 176.5982 782.9497 200.2039 1.4941 1.5891 3.9996 9.4727 1.7556 48.3498 4.0024 0.0643
Car -1 -1 -0.5347 868.6736 165.6210 966.4615 199.3010 1.5252 1.6424 3.9199 14.3711 1.1976 33.7527 -0.1356 0.0616
Car -1 -1 -0.2727 752.9073 170.0498 822.5975 200.1071 1.4579 1.5512 3.0519 8.8120 1.3218 35.8230 -0.0337 0.0593
Car -1 -1 -0.2227 605.4853 170.7413 664.2485 192.1423 1.4643 1.6067 3.8514 1.7544 1.3197 50.5178 -0.1885 0.0562
Car -1 -1 3.4767 604.2139 185.4951 676.9789 213.5967 1.5077 1.6227 3.8624 1.7871 2.2604 41.4963 3.5188 0.0538
Car -1 -1 4.7415 827.1879 163.0439 851.8429 187.0682 1.7250 1.6464 4.0157 17.2294 1.0206 53.9740 5.0487 0.0527
Car -1 -1 -0.1887 628.2949 185.0448 696.2792 212.4962 1.4967 1.6138 3.6369 2.9871 2.2108 41.2546 -0.1176 0.0526
Car -1 -1 4.7056 626.3381 182.3981 656.8102 212.4658 1.5290 1.6024 3.9084 1.7553 2.0834 39.9314 4.7486 0.0525
Car -1 -1 4.4196 851.7581 161.8873 901.3979 190.5201 1.6921 1.7107 4.3009 16.5173 1.0440 44.8373 4.7703 0.0522
Car -1 -1 4.3311 735.0982 171.8120 794.6713 201.8783 1.4576 1.6093 3.9970 7.9079 1.4070 37.0859 4.5392 0.0509