Car -1 -1 2.0417 128.7720 190.0198 304.7652 276.2905 1.5502 1.6663 4.0841 -8.3676 1.9755 15.8300 1.5619 0.9746
Car -1 -1 1.8333 338.2517 184.5162 409.1452 229.7567 1.4976 1.5896 3.6230 -8.6323 1.9588 26.6854 1.5228 0.9359
Car -1 -1 4.7391 570.0134 179.0154 608.8853 216.7717 1.5718 1.6510 4.2559 -0.8585 1.8705 32.8596 4.7126 0.8815
Car -1 -1 1.8932 418.2453 183.7834 472.5064 215.5201 1.5540 1.6422 4.0520 -8.7729 2.1746 38.8736 1.6722 0.4306
Car -1 -1 1.9022 105.2579 203.0287 187.6050 244.6576 1.4610 1.7278 3.9118 -19.4400 2.8234 30.4738 1.3380 0.2928
Car -1 -1 1.9289 299.5443 177.0850 412.8983 236.6252 1.5079 1.6536 4.2444 -7.1121 1.6420 20.7249 1.6018 0.1640
Car -1 -1 2.0460 66.3732 201.9140 159.7700 241.7868 1.4245 1.7180 3.7602 -20.9408 2.7369 30.6183 1.4500 0.1519
Car -1 -1 1.3924 589.7462 185.8387 618.0964 206.5787 1.5288 1.6028 3.8917 -0.4865 2.6065 57.8269 1.3834 0.1447
Car -1 -1 0.5923 383.4500 186.1001 463.9124 217.1852 1.5294 1.6347 3.8637 -9.8146 2.2553 38.1247 0.3416 0.1431
Car -1 -1 2.0786 404.3170 183.5238 473.1997 217.0584 1.5731 1.6492 4.1839 -8.7940 2.1609 37.5095 1.8493 0.1400
Car -1 -1 1.9558 97.7119 200.3058 178.6894 238.1300 1.4448 1.6924 3.9601 -21.2552 2.7696 32.7173 1.3832 0.1285
Car -1 -1 5.2867 0.0000 184.8175 268.3960 317.4308 1.5117 1.6738 4.2203 -6.9271 1.7247 10.7273 4.7243 0.1162
Car -1 -1 2.0575 73.2149 200.1673 168.9863 243.0188 1.4544 1.6483 3.6084 -19.3466 2.6143 28.7624 1.4694 0.0997
Car -1 -1 4.9672 353.2908 188.8428 432.8285 240.8895 1.4732 1.5798 3.6631 -6.9244 2.0333 23.4179 4.6822 0.0912
Car -1 -1 1.7935 371.4699 178.0724 460.4306 235.0737 1.4818 1.6359 4.0724 -5.5603 1.6500 21.1955 1.5394 0.0880
Car -1 -1 0.8072 298.8924 187.7737 362.1398 210.0386 1.4781 1.7791 4.2828 -20.0822 2.5871 51.9158 0.4394 0.0861
Car -1 -1 1.4023 421.4090 180.8957 472.0582 216.7812 1.5484 1.6604 4.3040 -7.8380 1.9583 34.4726 1.1799 0.0846
Car -1 -1 1.9748 386.7087 182.1809 453.5668 216.8430 1.5765 1.6894 4.2868 -9.4299 2.0744 36.2715 1.7218 0.0748
Car -1 -1 0.8887 57.9473 204.2500 168.5160 244.1191 1.4369 1.6799 3.8523 -20.2711 2.7794 29.4973 0.2905 0.0694
Car -1 -1 1.6643 67.9075 207.8094 149.8397 265.0973 1.4126 1.7079 4.0092 -15.5622 2.6126 22.6040 1.0666 0.0676
Car -1 -1 1.8833 318.9863 185.1970 361.5769 207.2393 1.4724 1.7167 4.1312 -19.5869 2.4090 52.6497 1.5285 0.0666
Car -1 -1 4.8345 410.2817 181.9977 477.4474 232.6210 1.4515 1.6356 4.0031 -5.3021 1.7757 23.5085 4.6145 0.0663
Car -1 -1 1.7855 322.2698 182.6031 356.8558 203.4225 1.4771 1.6220 4.2086 -20.6960 2.2560 55.4488 1.4295 0.0634
Car -1 -1 1.1005 564.1047 185.7751 604.3856 206.5357 1.5023 1.6757 3.6845 -2.0244 2.5546 56.7429 1.0645 0.0633
Car -1 -1 2.1995 116.4435 182.6990 190.0595 210.4303 1.6366 1.7455 4.3899 -29.2534 2.3008 46.4289 1.6396 0.0606
Car -1 -1 4.9739 407.8934 182.4261 467.8176 220.1992 1.5131 1.6201 3.8501 -7.4983 1.9614 31.8410 4.7440 0.0583
Car -1 -1 4.8750 355.4576 175.3052 450.5968 239.9733 1.4685 1.6751 4.2134 -5.2185 1.5396 18.7340 4.6065 0.0579
Car -1 -1 1.7285 629.1383 182.5104 658.3056 203.5452 1.5106 1.6715 3.8206 2.6731 2.2838 55.7308 1.7757 0.0568
Car -1 -1 3.9029 287.2818 191.2636 422.4591 244.8131 1.4770 1.6185 3.9601 -7.9576 2.0913 22.5233 3.5664 0.0559
Car -1 -1 0.7528 52.9177 201.6459 171.9996 239.9697 1.4680 1.7487 4.0674 -21.0249 2.7354 30.5835 0.1544 0.0554
Car -1 -1 3.1412 331.3581 184.0623 518.2106 250.7563 1.4282 1.6173 4.1091 -4.3257 1.7147 17.1635 2.8972 0.0550
Car -1 -1 4.9642 286.9311 181.8757 394.7390 247.1721 1.4673 1.6284 4.1542 -6.8975 1.7310 18.9502 4.6192 0.0532
Car -1 -1 1.5557 273.3859 189.3459 299.2508 212.6170 1.5400 1.6793 4.2389 -23.8814 2.8091 53.2499 1.1357 0.0519
Car -1 -1 1.9224 474.3484 181.2847 531.4732 212.8738 1.4946 1.6335 4.0357 -5.4602 1.9569 37.4252 1.7780 0.0512
Car -1 -1 0.2482 400.5050 184.5562 484.2782 216.2357 1.5945 1.6264 3.9983 -8.7154 2.2217 37.8101 0.0227 0.0511
Car -1 -1 1.5722 428.4201 182.7085 464.4577 218.4796 1.6240 1.6667 4.3689 -8.2059 2.1520 36.3454 1.3513 0.0501
Car -1 -1 1.5467 565.5997 175.0477 606.8683 214.8940 1.6001 1.6727 4.0393 -1.0620 1.7014 31.2665 1.5124 0.0501
Car -1 -1 0.5113 36.7186 200.2955 159.6424 236.9685 1.4745 1.6801 4.0982 -22.3114 2.7160 31.6055 -0.0996 0.0500