Car -1 -1 4.6160 815.8608 184.9790 874.6025 230.1769 1.4419 1.6229 4.1561 8.5341 1.9226 26.4025 4.9247 0.9451
Car -1 -1 4.2735 983.9051 197.1786 1242.0000 375.0000 1.3608 1.6220 3.8603 3.5873 1.5718 4.1911 4.9465 0.8937
Car -1 -1 3.0325 825.0320 180.8376 882.7507 202.8766 1.5494 1.5914 3.8446 17.8226 2.1464 52.7720 3.3560 0.5847
Car -1 -1 1.0733 986.7891 196.6388 1144.3507 272.5451 1.4595 1.5811 3.4951 10.4074 2.0713 16.7757 1.6198 0.0872
Car -1 -1 1.3797 843.4234 187.6103 886.5720 215.2929 1.5535 1.7374 4.3504 15.9330 2.5245 45.1985 1.7159 0.0815
Car -1 -1 1.4176 817.1783 175.2752 852.3149 200.2447 1.5440 1.6003 3.8950 14.6359 1.7087 47.0554 1.7169 0.0670
Car -1 -1 1.5107 846.5659 188.6506 881.0664 216.2145 1.5089 1.7524 3.2424 15.2359 2.4976 43.3590 1.8458 0.0634
Car -1 -1 1.0215 867.8944 191.6108 928.7002 219.1772 1.4505 1.7567 3.4590 16.8800 2.5995 42.3456 1.3977 0.0627
Car -1 -1 1.8050 808.6027 179.6187 852.5599 206.6790 1.5431 1.7099 3.9972 13.6343 1.9795 44.3814 2.1006 0.0621
Car -1 -1 4.3190 832.8913 180.2615 876.4978 202.1379 1.5180 1.6497 3.9864 18.1165 2.0882 53.4964 4.6434 0.0553
Car -1 -1 1.4921 817.6578 177.9577 850.1287 204.8283 1.5943 1.6404 4.0712 14.1904 1.9335 45.7981 1.7903 0.0543
Car -1 -1 1.5688 843.8199 193.0796 882.5455 226.5787 1.4415 1.7263 4.2459 12.6687 2.5176 36.1000 1.9030 0.0535
Car -1 -1 0.8367 1034.6635 186.2268 1242.0000 375.0000 1.5521 1.6429 4.2883 3.3227 1.6401 2.5097 1.7049 0.0532