Car -1 -1 2.2386 0.0000 201.5776 290.5187 375.0000 1.4994 1.6605 4.1926 -5.5729 1.9156 8.2927 1.6612 0.9834
Car -1 -1 4.5226 697.8459 174.0934 797.4586 243.4751 1.4502 1.6078 3.6423 3.1241 1.4825 16.9767 4.7007 0.9576
Car -1 -1 1.8518 386.9962 179.4535 469.7260 230.2244 1.4664 1.5768 3.7948 -5.7370 1.6969 23.2702 1.6121 0.9531
Car -1 -1 4.3332 776.5374 178.3304 1077.8595 345.2650 1.4416 1.6643 4.0418 3.2802 1.5208 8.4017 4.6925 0.9438
Car -1 -1 1.7453 440.9731 178.3961 493.4883 217.9601 1.4363 1.4667 3.2634 -5.5224 1.6663 28.2993 1.5538 0.8678
Car -1 -1 4.5030 679.3229 174.7703 750.3845 228.3269 1.5174 1.5030 3.2758 3.1693 1.5810 22.2511 4.6419 0.6534
Car -1 -1 0.6640 1018.2283 176.6503 1242.0000 375.0000 1.4966 1.5896 3.5475 3.3782 1.5202 2.6613 1.5147 0.5711
Car -1 -1 -0.8133 1037.7609 184.4123 1242.0000 375.0000 1.5060 1.6315 4.0432 4.5474 1.5759 3.4043 0.0736 0.3487
Car -1 -1 4.6016 704.2646 165.9773 730.8770 187.2265 1.6290 1.6550 3.9813 8.5452 1.1018 57.3325 4.7485 0.2695
Car -1 -1 2.8548 675.5388 165.6835 730.7649 182.9424 1.4616 1.6573 4.4389 8.0598 0.8543 62.2735 2.9827 0.1648
Car -1 -1 4.8674 397.1214 170.7887 431.0007 194.1370 1.5541 1.6649 4.0077 -13.5274 1.4166 50.1069 4.6048 0.1581
Car -1 -1 0.1640 393.4854 171.6862 455.4356 194.1329 1.4977 1.6224 3.8700 -12.5580 1.4198 49.1155 -0.0853 0.1550
Car -1 -1 4.7112 457.5939 177.5467 494.6615 212.1968 1.4804 1.5921 3.7944 -6.1696 1.7106 33.3816 4.5294 0.1468
Car -1 -1 1.4912 672.2125 176.4479 729.8729 226.0569 1.5699 1.6564 4.1187 3.1151 1.7060 25.2279 1.6119 0.1276
Car -1 -1 3.6782 369.8257 172.4611 434.6085 195.2167 1.5100 1.6598 3.9522 -14.1207 1.4839 49.1858 3.3998 0.1111
Car -1 -1 1.6474 474.4592 175.8041 497.7675 195.1442 1.5656 1.6412 3.9906 -10.4200 1.8238 61.0993 1.4789 0.1092
Car -1 -1 1.5667 687.1536 166.5078 706.2510 183.7671 1.4519 1.5974 4.0193 7.5713 0.9180 62.7853 1.6859 0.0903
Car -1 -1 4.7565 476.8191 176.8653 515.2188 210.2418 1.4512 1.6017 3.9294 -5.2808 1.6511 33.9041 4.6027 0.0760
Car -1 -1 5.2363 398.2194 171.7815 447.9183 194.3672 1.4833 1.6221 3.7706 -12.7187 1.4129 49.4217 4.9854 0.0737
Car -1 -1 4.4446 672.2824 173.1115 740.0869 215.2699 1.5023 1.6342 3.7367 3.6278 1.5129 27.6998 4.5729 0.0723
Car -1 -1 1.9010 623.5797 176.5259 704.8710 224.6869 1.5333 1.6331 4.0475 2.0173 1.6741 25.4861 1.9784 0.0658
Car -1 -1 1.1742 479.2933 171.0986 549.4527 207.6961 1.4891 1.6297 3.9533 -4.2153 1.4177 31.4756 1.0417 0.0657
Car -1 -1 0.4101 108.7160 185.5513 247.9990 230.3760 1.4459 1.5772 3.8070 -14.7596 1.9012 24.8610 -0.1212 0.0644
Car -1 -1 4.3301 649.1623 156.6006 708.7378 188.7580 1.5154 1.6336 3.8646 3.4036 0.7494 36.0860 4.4231 0.0642
Car -1 -1 0.4512 0.0000 0.0000 1242.0000 375.0000 1.5815 1.6816 4.0229 3.0865 1.4659 1.1723 1.5781 0.0598
Car -1 -1 1.6784 459.5704 173.7380 505.2292 209.0948 1.4799 1.5899 3.9352 -5.6315 1.5220 32.3161 1.5068 0.0596
Car -1 -1 3.1868 700.6814 168.0706 751.4844 185.3939 1.4671 1.6110 4.2652 10.0783 1.0620 62.3293 3.3461 0.0594
Car -1 -1 -0.5401 911.2555 179.9793 1242.0000 375.0000 1.4970 1.5936 3.6511 3.3328 1.5386 2.9899 0.2512 0.0594
Car -1 -1 0.0919 688.8511 165.1583 744.5290 186.2653 1.6022 1.6843 4.1445 8.3393 1.0181 56.0804 0.2385 0.0585
Car -1 -1 2.2355 78.8777 187.9477 223.4318 242.9146 1.4186 1.5626 3.9401 -13.6551 1.9172 21.7886 1.6809 0.0580
Car -1 -1 1.5749 262.9959 204.2997 351.1133 284.7034 1.4071 1.6505 4.0660 -6.8891 2.2234 16.5372 1.1852 0.0574
Car -1 -1 4.5191 691.6468 167.3665 719.8608 184.8715 1.4860 1.6603 4.2896 8.4171 1.0201 63.4417 4.6502 0.0569
Car -1 -1 -0.4943 480.4974 173.4653 576.6739 208.1535 1.4915 1.6515 4.0634 -3.6632 1.5210 32.9240 -0.6047 0.0567
Car -1 -1 1.4051 269.2852 205.4051 389.8104 297.2096 1.4347 1.7037 3.7594 -5.8349 2.1940 14.7812 1.0345 0.0557
Car -1 -1 1.7337 484.1003 174.5111 510.6693 195.2387 1.6958 1.6082 3.9553 -9.4990 1.8412 61.3335 1.5804 0.0551
Car -1 -1 4.6590 642.1799 175.3242 690.8330 218.3989 1.4993 1.6166 3.8200 2.0867 1.5992 27.2617 4.7339 0.0549
Car -1 -1 4.2790 715.1577 164.0829 759.7628 187.6457 1.6967 1.7171 4.1253 9.5473 1.0651 54.1689 4.4523 0.0530
Car -1 -1 4.8564 194.4150 186.3093 259.1468 232.0339 1.4430 1.5355 3.5148 -13.6057 1.9599 25.8085 4.3752 0.0522
Car -1 -1 0.6239 0.0000 0.0000 1175.7487 375.0000 1.4811 1.6227 3.8667 2.0563 1.5404 1.4535 1.4881 0.0513
Car -1 -1 -0.2139 692.3384 172.5600 838.0014 223.9228 1.4819 1.5812 4.0187 4.5855 1.4734 21.6243 -0.0083 0.0500