Car -1 -1 1.7514 373.8772 178.9362 440.0543 230.1484 1.8376 1.7780 4.2020 -7.9241 2.0967 28.5764 1.4828 0.2850
Car -1 -1 1.8597 387.7198 162.7621 456.4478 206.0539 1.7014 1.6427 4.2912 -7.8327 1.3047 30.5327 1.6103 0.1771
Car -1 -1 1.5358 353.4243 193.2175 380.3723 215.6871 1.4457 1.7188 3.6005 -17.5183 2.9697 52.0128 1.2121 0.1699
Car -1 -1 0.1525 363.5722 194.5525 457.9843 228.2157 1.4644 1.7518 4.0541 -9.2685 2.5171 33.9039 -0.1130 0.1010
Car -1 -1 1.5969 371.9509 193.4038 398.0836 216.1030 1.4709 1.7180 4.0850 -16.4336 3.0411 52.9352 1.2968 0.0968
Car -1 -1 4.5557 364.6135 170.9599 390.1096 188.2114 1.5494 1.6510 3.9961 -21.5728 1.3793 66.9585 4.2449 0.0794
Car -1 -1 4.7534 407.6493 177.4717 449.6960 214.3618 1.5471 1.6855 3.9885 -8.1894 1.7713 32.9134 4.5110 0.0715
Car -1 -1 1.7537 357.2793 187.1650 388.3424 208.9175 1.5100 1.5616 3.8315 -17.9125 2.6351 54.7233 1.4384 0.0706
Car -1 -1 4.7135 438.1853 193.7145 475.0860 228.2733 1.4713 1.6737 3.9884 -7.4949 2.5563 35.4060 4.5058 0.0684
Car -1 -1 3.8859 437.2284 187.0258 521.9538 222.5892 1.4974 1.6725 3.7138 -6.0405 2.1877 33.4398 3.7080 0.0662
Car -1 -1 4.1900 332.6317 186.6421 376.6651 207.9997 1.6220 1.7510 3.7831 -20.9120 2.7885 59.1434 3.8512 0.0565
Car -1 -1 1.8067 397.2710 186.9642 432.2682 208.4801 1.4687 1.6342 3.9749 -14.5012 2.5620 53.8955 1.5447 0.0554