Car -1 -1 2.0019 235.9589 192.8187 303.6468 226.7023 1.4353 1.5712 3.5508 -16.1331 2.4374 34.4389 1.5664 0.9489
Car -1 -1 2.2280 0.0000 200.4706 120.9040 253.3119 1.5166 1.7343 4.3734 -19.4174 2.5647 25.1913 1.5763 0.9183
Car -1 -1 1.9071 401.8083 187.4278 436.0266 206.8496 1.5240 1.6841 3.7017 -16.1808 2.8028 61.4004 1.6501 0.5785
Car -1 -1 1.7379 283.3097 184.6716 312.2122 205.5263 1.6831 1.6511 4.0704 -27.1241 2.7484 62.8691 1.3318 0.2760
Car -1 -1 1.5054 220.2976 200.3508 262.4821 232.5540 1.4690 1.7680 4.2057 -19.9564 3.0426 39.0328 1.0351 0.1989
Car -1 -1 1.5155 218.9617 196.8294 250.3406 224.1540 1.5883 1.6329 4.0139 -24.8896 3.2494 47.8469 1.0378 0.1937
Car -1 -1 1.4732 238.5888 183.7477 268.0024 206.1016 1.4982 1.5559 3.8016 -25.8763 2.3192 52.3574 1.0160 0.1343
Car -1 -1 1.5739 0.0000 183.2528 42.9568 218.0614 1.5315 1.6088 4.1226 -28.6298 2.0680 35.1175 0.8935 0.1338
Car -1 -1 1.6087 0.0000 187.7863 48.2805 223.5274 1.4860 1.6024 4.0270 -27.3976 2.2297 33.8432 0.9318 0.1292
Car -1 -1 1.6378 87.6678 184.1268 131.0092 216.5416 1.5074 1.5623 3.7308 -25.5563 2.1160 36.9502 1.0359 0.1249
Car -1 -1 4.8642 679.1047 173.2270 708.5955 195.0085 1.5559 1.6148 3.8690 6.3062 1.5848 53.6924 4.9801 0.1202
Car -1 -1 0.8479 383.2465 187.1673 429.3412 207.1328 1.5673 1.6033 3.8367 -17.1436 2.8077 60.8135 0.5739 0.1185
Car -1 -1 4.3514 674.9487 165.2766 708.1683 184.8157 1.7939 1.7548 4.2120 7.7431 1.0982 68.5041 4.4632 0.1123
Car -1 -1 1.7869 204.0132 198.9003 252.9685 228.2628 1.4796 1.7576 3.6659 -22.0642 3.0645 41.9061 1.3045 0.1116
Car -1 -1 1.7869 206.4503 191.4864 248.0677 217.8977 1.5931 1.6448 4.0446 -25.7665 2.9079 48.7486 1.3027 0.1043
Car -1 -1 3.6496 471.1093 188.7326 531.0900 212.3779 1.4609 1.6470 3.5865 -7.1888 2.5451 47.8633 3.5008 0.1006
Car -1 -1 5.0085 45.3456 201.1154 136.2087 248.0813 1.4877 1.7228 3.9245 -19.6789 2.6506 27.5568 4.3927 0.0963
Car -1 -1 1.7207 0.0000 188.0736 51.6015 226.8501 1.5272 1.6614 4.0807 -26.3543 2.2547 32.3088 1.0404 0.0917
Car -1 -1 2.0046 40.8646 184.4276 124.8876 221.1351 1.5654 1.6696 4.0178 -24.8726 2.1489 34.2445 1.3799 0.0878
Car -1 -1 0.7146 0.0000 187.3422 52.3701 220.7574 1.5067 1.6250 3.8432 -28.8771 2.2085 34.1079 0.0157 0.0866
Car -1 -1 1.7279 494.9408 187.7731 528.4948 212.1413 1.4886 1.6510 3.7901 -6.5105 2.5275 48.3338 1.5942 0.0866
Car -1 -1 -0.3127 4.9637 186.0853 120.3162 220.5175 1.4941 1.6539 4.1762 -26.5608 2.1791 35.1706 -0.9561 0.0824
Car -1 -1 1.9064 184.3367 201.4213 240.7318 230.9527 1.4272 1.7556 3.2551 -21.9426 3.0802 40.0018 1.4072 0.0824
Car -1 -1 1.6746 89.3962 200.0841 150.7161 242.6607 1.4860 1.6898 3.9999 -20.3374 2.7041 30.1133 1.0845 0.0798
Car -1 -1 1.7090 0.0000 187.3795 2.5818 223.3429 1.5138 1.6731 4.0737 -30.2377 2.2474 34.2801 0.9900 0.0774
Car -1 -1 5.3626 29.7335 185.8821 126.2142 219.5536 1.4952 1.6908 4.1062 -26.1748 2.1774 35.7125 4.7335 0.0736
Car -1 -1 1.8434 516.1018 184.8020 555.5564 208.5477 1.4497 1.6427 3.8350 -4.8696 2.2802 48.1227 1.7426 0.0725
Car -1 -1 1.6429 286.8135 183.7227 311.2147 204.6855 1.6642 1.6256 3.9849 -26.5011 2.6253 61.6586 1.2382 0.0677
Car -1 -1 4.0507 167.7786 198.6679 242.2051 227.1157 1.4530 1.7087 3.8435 -23.0861 2.9811 41.1771 3.5422 0.0664
Car -1 -1 5.3841 221.4126 200.0781 296.8889 231.8383 1.4654 1.7220 3.6682 -18.6932 2.9989 38.6639 4.9361 0.0653
Car -1 -1 1.2417 262.7991 186.3574 300.2139 205.1551 1.4874 1.7226 4.0390 -28.2638 2.6884 62.1149 0.8160 0.0630
Car -1 -1 5.2853 98.4671 185.5598 176.0634 216.8427 1.4777 1.5497 3.8064 -24.4658 2.1721 37.5336 4.7107 0.0629
Car -1 -1 2.3338 0.0000 186.1319 99.5799 222.8251 1.5201 1.6777 4.0884 -26.1345 2.1765 33.5479 1.6756 0.0625
Car -1 -1 1.6565 281.0157 181.6722 307.6302 202.4038 1.6006 1.6678 4.1165 -26.0892 2.3586 59.8087 1.2465 0.0623
Car -1 -1 2.7611 516.4807 186.2639 583.8929 210.2312 1.4554 1.6898 4.0721 -3.8886 2.3663 47.3439 2.6790 0.0613
Car -1 -1 1.7436 231.0882 187.4240 262.2577 209.5980 1.6301 1.6108 3.6668 -28.9478 2.8342 57.6431 1.2798 0.0609
Car -1 -1 1.5842 514.4542 186.4007 539.3892 210.5563 1.4909 1.6116 3.9991 -5.5736 2.4483 48.9246 1.4709 0.0607
Car -1 -1 2.2228 0.0000 186.5515 37.8252 222.7485 1.5125 1.6402 3.8978 -28.9520 2.1891 33.6482 1.5160 0.0606
Car -1 -1 2.1626 524.2084 184.3305 578.9899 207.4852 1.4344 1.6539 4.2032 -3.8943 2.2518 49.1528 2.0834 0.0592
Car -1 -1 1.5558 70.6518 180.4254 112.5506 213.9526 1.5896 1.6849 4.2999 -26.8991 2.0059 37.4470 0.9361 0.0574
Car -1 -1 3.6874 0.0000 202.4711 114.8832 247.5694 1.5006 1.6651 3.9883 -20.7423 2.6296 26.4491 3.0270 0.0573
Car -1 -1 1.8580 476.4147 188.0414 506.8108 206.5947 1.5142 1.6317 3.8982 -10.4654 2.9096 64.2582 1.6967 0.0566
Car -1 -1 1.7275 0.0000 181.9729 41.2972 221.7892 1.5331 1.6794 4.0607 -25.7817 1.9518 30.9541 1.0371 0.0551
Car -1 -1 3.9730 225.2477 201.0598 308.1369 233.1591 1.4865 1.7623 3.8780 -17.9076 3.0207 37.6945 3.5318 0.0541
Car -1 -1 1.8759 492.5274 190.0146 532.8403 214.2989 1.4358 1.6736 3.3358 -6.2649 2.5955 46.9737 1.7435 0.0529
Car -1 -1 1.1111 183.7648 194.6037 240.2811 220.5795 1.5194 1.7146 3.8162 -25.9141 2.9905 47.0071 0.6093 0.0512
Car -1 -1 5.3339 0.0000 187.6640 88.9008 222.9902 1.4988 1.6266 4.1135 -27.0961 2.2489 34.4533 4.6711 0.0510
Car -1 -1 1.8451 394.1859 185.3954 428.8539 205.9860 1.5534 1.6344 4.2997 -16.2019 2.6202 59.2178 1.5788 0.0508
Car -1 -1 2.0453 41.6044 181.1139 114.9957 211.3167 1.5417 1.6374 3.9642 -29.3861 2.0241 40.0552 1.4154 0.0505
Car -1 -1 2.1791 454.9953 187.1131 498.3391 206.6272 1.5252 1.6388 4.0250 -11.3260 2.7881 61.7378 1.9979 0.0503
Car -1 -1 1.8663 503.2051 183.5335 535.9518 202.1213 1.4863 1.6674 4.1656 -7.7398 2.4425 62.4116 1.7430 0.0501