Car -1 -1 4.3527 766.2291 168.2029 1137.5820 375.0000 1.5921 1.6883 4.3460 2.8860 1.5594 7.2627 4.7159 0.9739
Car -1 -1 1.7117 481.7000 177.4827 561.1579 237.2044 1.5925 1.7548 4.4385 -2.5453 1.7470 21.8288 1.5963 0.9558
Car -1 -1 4.5237 680.0457 159.2654 770.2639 226.3548 1.8044 1.8256 4.5310 3.3380 1.4389 21.7049 4.6736 0.7470
Car -1 -1 4.5794 662.3759 177.7132 714.8972 218.0895 1.5003 1.6010 3.8809 3.1353 1.7104 29.2448 4.6845 0.6945
Car -1 -1 3.8939 1000.8485 222.7869 1242.0000 375.0000 1.4962 1.5800 3.6963 2.7420 1.7614 1.9347 4.7796 0.4203
Car -1 -1 4.6372 648.6686 178.1300 686.3536 209.6360 1.4251 1.5531 3.5165 2.7641 1.6938 34.9868 4.7148 0.2096
Car -1 -1 4.3510 821.0319 139.0852 968.6274 214.9800 1.4349 1.5315 4.2572 6.0187 0.7965 15.7731 4.7091 0.2008
Car -1 -1 2.4400 990.1739 233.1023 1242.0000 375.0000 1.5116 1.6116 4.0677 3.8985 1.8401 2.7250 3.3498 0.1963
Car -1 -1 4.3573 506.9515 168.8285 544.2894 190.2631 1.6804 1.7158 4.0574 -6.8729 1.3648 58.7638 4.2411 0.1555
Car -1 -1 4.2649 687.6039 147.4680 746.8331 177.6645 1.4994 1.6082 3.7339 5.5840 0.2389 37.8491 4.4102 0.1297
Car -1 -1 4.4920 737.2405 227.0339 1242.0000 375.0000 1.4949 1.5933 3.7325 1.4188 1.8087 2.1604 5.0112 0.1231
Car -1 -1 1.8102 481.4615 172.4339 524.1254 202.6369 1.5280 1.4074 3.6799 -5.6302 1.5068 38.4024 1.6653 0.0805
Car -1 -1 4.1629 936.9091 138.4789 1233.2308 276.5701 1.4788 1.5457 3.5489 5.9023 1.1106 9.5071 4.7045 0.0805
Car -1 -1 0.7991 1077.7394 178.9458 1242.0000 375.0000 1.5237 1.6336 3.5863 5.9656 1.5905 6.0999 1.5488 0.0795
Car -1 -1 3.8350 997.6972 220.7212 1242.0000 375.0000 1.5010 1.6257 3.7676 3.3630 1.8102 2.7431 4.6689 0.0736
Car -1 -1 2.6392 919.9615 213.6779 1242.0000 375.0000 1.5425 1.6241 3.9733 2.9999 1.7383 1.8823 3.5802 0.0730
Car -1 -1 -0.7835 781.7137 258.5379 1242.0000 375.0000 1.5091 1.6179 3.7148 2.8535 2.0146 3.2499 -0.1091 0.0726
Car -1 -1 1.5226 540.7000 180.4084 560.7409 199.2398 1.5066 1.5137 3.8100 -5.0243 2.1693 61.3075 1.4408 0.0703
Car -1 -1 4.8435 588.9183 203.2723 795.2089 375.0000 1.5101 1.6320 3.8964 1.1270 1.9262 7.7768 4.9799 0.0686
Car -1 -1 5.5175 487.1963 166.5892 547.8411 192.2796 1.6585 1.7048 3.9870 -6.1654 1.2541 48.6669 5.3918 0.0645
Car -1 -1 4.1098 514.6898 194.1471 1182.7283 375.0000 1.4633 1.5756 3.8381 0.7774 1.6515 4.3052 4.2740 0.0618
Car -1 -1 4.6853 718.4310 144.8237 753.4911 176.4419 1.5476 1.6736 3.8707 6.4942 0.1756 37.3530 4.8561 0.0597
Car -1 -1 -0.8920 1132.8026 173.4823 1242.0000 366.0434 1.5079 1.6701 3.9780 7.3575 1.5145 6.6441 -0.0780 0.0555
Car -1 -1 -0.5754 877.0712 138.2249 1117.9152 217.8192 1.4763 1.5934 4.0160 7.6248 0.8340 14.3681 -0.0961 0.0543
Car -1 -1 -0.1740 690.2813 146.6591 772.7833 177.1610 1.5330 1.6441 3.9558 6.2261 0.2165 37.1028 -0.0091 0.0531
Car -1 -1 1.5108 658.9068 169.6851 701.7137 207.1555 1.5642 1.6492 3.9833 3.0915 1.4319 32.1389 1.6053 0.0525
Car -1 -1 4.9322 491.5123 165.1934 528.4139 190.8157 1.5681 1.5594 3.7020 -6.3134 1.0993 46.0680 4.7965 0.0521
Car -1 -1 4.1797 517.0551 176.3879 558.8715 195.3281 1.5044 1.6284 4.0749 -6.0102 1.8098 60.2305 4.0803 0.0521
Car -1 -1 -0.2034 128.6167 203.3149 1242.0000 375.0000 1.4960 1.6288 4.1125 0.5986 1.6606 3.0241 -0.0294 0.0512
Car -1 -1 3.9442 0.0000 0.0000 1242.0000 375.0000 1.5852 1.6232 4.0582 1.7017 1.5335 0.4910 5.0818 0.0506