Car -1 -1 4.9737 375.0172 187.8642 513.1302 280.9071 1.4459 1.5908 3.8143 -2.9833 1.7731 13.7855 4.7635 0.9719
Car -1 -1 2.0010 0.0000 160.8244 399.3346 375.0000 1.5498 1.6372 4.0889 -3.0933 1.4850 5.9595 1.5394 0.9514
Car -1 -1 1.4243 629.4353 180.9270 682.8265 221.5830 1.5718 1.7075 3.8667 1.9123 1.9376 30.6891 1.4852 0.8963
Car -1 -1 4.8559 628.6926 169.1866 660.6974 192.7618 1.5282 1.6119 3.9826 2.4203 1.2905 48.8820 4.9048 0.5735
Car -1 -1 1.6365 543.7789 171.8144 572.9077 196.9834 1.6510 1.7186 4.1284 -3.4646 1.5828 49.3984 1.5665 0.4378
Car -1 -1 4.7000 509.1776 177.8682 534.4467 202.1636 1.4594 1.5377 3.6304 -5.6186 1.7925 46.0278 4.5788 0.3526
Car -1 -1 1.7107 563.9266 177.2539 590.1785 196.7178 1.4791 1.5672 3.9212 -2.5687 1.8438 57.7752 1.6660 0.2664
Car -1 -1 3.4498 474.4173 178.2873 538.4044 202.1510 1.4484 1.5469 3.6854 -6.4629 1.7980 45.3504 3.3087 0.2480
Car -1 -1 -0.0584 509.1964 177.8041 573.7291 202.0778 1.4735 1.6061 3.9497 -4.3012 1.7921 45.3407 -0.1529 0.1943
Car -1 -1 0.5280 159.0893 142.4075 289.9079 183.2845 1.5705 1.6669 4.3376 -15.2219 0.4007 28.6486 0.0434 0.1632
Car -1 -1 4.4991 653.3889 174.7714 682.9919 195.2627 1.5750 1.5835 3.8404 4.6635 1.7341 57.8446 4.5787 0.1567
Car -1 -1 4.5812 672.4261 173.0079 707.3815 199.2602 1.4893 1.5800 3.7354 4.7256 1.4989 42.8408 4.6899 0.1550
Car -1 -1 3.5101 475.6187 170.3191 542.4606 192.8833 1.5677 1.6823 4.4112 -7.1537 1.3916 51.4545 3.3724 0.1279
Car -1 -1 0.4263 207.0189 177.0220 392.8953 244.1594 1.4554 1.4150 3.6498 -6.9956 1.5551 16.4990 0.0306 0.1250
Car -1 -1 1.7555 502.0897 165.1956 535.2219 187.9798 1.5180 1.6189 3.7081 -6.2543 1.0077 49.9710 1.6314 0.1213
Car -1 -1 4.9829 509.1125 171.6448 545.4589 194.3944 1.5812 1.6489 3.8113 -5.9037 1.4972 52.1627 4.8704 0.1135
Car -1 -1 -0.1359 620.4361 168.9858 678.2898 191.6025 1.4662 1.5411 3.6418 2.6062 1.2154 47.6933 -0.0820 0.1047
Car -1 -1 5.2388 212.0528 144.6104 297.5856 186.7380 1.5805 1.5941 3.3272 -14.0595 0.5209 28.7896 4.7880 0.1001
Car -1 -1 1.6038 676.9767 181.2769 710.6551 211.0912 1.4946 1.7005 4.1988 4.6718 1.9828 39.6176 1.7197 0.0996
Car -1 -1 1.5389 671.8019 170.9370 700.2075 197.3960 1.5859 1.6384 4.0316 4.7605 1.4710 45.3167 1.6424 0.0926
Car -1 -1 3.0448 630.2601 176.0947 681.9338 197.2121 1.6248 1.6453 3.9083 3.6285 1.8834 56.6773 3.1080 0.0900
Car -1 -1 1.5718 652.1915 181.9057 685.1050 211.4837 1.4993 1.7262 4.2052 3.2789 2.0291 40.0655 1.6522 0.0865
Car -1 -1 3.4058 623.0117 188.4272 695.7430 218.0083 1.4717 1.6703 3.5823 2.6836 2.3370 38.7176 3.4738 0.0836
Car -1 -1 2.5765 669.8238 172.5360 741.0315 197.6827 1.4903 1.6413 4.0998 5.9008 1.4714 44.3678 2.7075 0.0823
Car -1 -1 0.0231 474.3439 165.8446 534.0246 188.1298 1.4860 1.6016 3.9585 -7.1480 1.0186 49.1464 -0.1208 0.0788
Car -1 -1 0.3276 491.1405 177.9652 558.6422 201.6849 1.4531 1.5653 3.9716 -5.3689 1.7865 45.8926 0.2114 0.0725
Car -1 -1 3.0932 133.7849 148.1314 270.0029 190.1439 1.4941 1.6302 4.4132 -15.4769 0.6149 27.5176 2.5849 0.0678
Car -1 -1 4.7038 493.5208 178.2797 520.4120 203.3070 1.4726 1.6052 4.0880 -6.4881 1.8310 45.5236 4.5627 0.0675
Car -1 -1 1.6283 539.3253 174.4485 568.3921 200.8198 1.6587 1.6739 4.2526 -3.6457 1.7691 47.7850 1.5522 0.0672
Car -1 -1 4.5514 621.8234 169.7121 654.2322 192.9338 1.4780 1.5601 3.7704 1.8496 1.2780 47.8901 4.5894 0.0645
Car -1 -1 1.5102 650.8478 171.5643 682.6302 198.6081 1.5311 1.6362 3.9783 3.3519 1.4581 42.8536 1.5873 0.0644
Car -1 -1 1.4033 496.9130 170.2171 533.5571 194.3624 1.4960 1.6479 4.4585 -6.2022 1.3326 47.0772 1.2727 0.0621
Car -1 -1 4.5684 521.2082 169.9230 548.7811 189.6543 1.5008 1.6045 4.0320 -5.9274 1.2779 57.0323 4.4651 0.0606
Car -1 -1 1.4754 620.4424 176.4146 644.8737 196.5021 1.5272 1.5882 3.7827 1.8092 1.8205 57.4843 1.5063 0.0581
Car -1 -1 3.5663 251.4396 148.1571 367.8534 196.2524 1.6863 1.5890 3.5583 -10.8131 0.8204 26.1562 3.1777 0.0542
Car -1 -1 1.5746 504.1949 177.7614 532.1943 203.6660 1.4908 1.6326 3.9667 -5.6086 1.8067 44.3764 1.4492 0.0539
Car -1 -1 3.1049 548.6486 177.7288 599.3922 196.7654 1.4871 1.5958 4.0052 -2.8701 1.8843 57.8268 3.0551 0.0533
Car -1 -1 1.8248 539.0110 173.2224 580.9822 200.7344 1.6654 1.6783 4.1240 -3.0996 1.6899 45.9169 1.7573 0.0524
Car -1 -1 1.7374 558.8218 176.6801 589.4929 198.6029 1.5760 1.6380 4.2954 -2.6492 1.8788 54.8772 1.6889 0.0523
Car -1 -1 1.9946 211.4157 186.2425 404.6214 294.5685 1.5252 1.6174 3.8194 -5.0115 1.7949 12.5894 1.6223 0.0520
Car -1 -1 3.6453 160.5584 155.1012 292.2112 198.1808 1.5249 1.6328 3.9611 -13.9489 0.8965 26.3994 3.1632 0.0512
Car -1 -1 3.5248 258.0479 140.8029 383.3803 182.4195 1.6120 1.6463 4.3423 -11.4542 0.3705 28.7878 3.1492 0.0512
Car -1 -1 1.1666 458.3806 180.5268 509.0693 205.7879 1.4570 1.6228 4.1429 -7.9140 1.9600 45.1188 0.9936 0.0509
Car -1 -1 5.4735 0.0000 154.1514 135.3611 305.9211 2.0081 1.8061 4.2595 -10.1000 1.7606 11.7278 4.7736 0.0508