Car -1 -1 4.5604 727.9169 191.3003 890.5875 331.6949 1.5084 1.5873 3.4190 2.5657 1.8093 9.9932 4.8032 0.9643
Car -1 -1 3.7006 0.0000 177.8269 321.2863 280.3618 1.4678 1.6006 4.3491 -6.9832 1.5510 11.2384 3.1549 0.9384
Car -1 -1 4.3473 807.3867 192.9291 1206.6029 375.0000 1.4312 1.4440 2.7613 2.4476 1.6141 5.1558 4.7673 0.9016
Car -1 -1 1.7486 436.0319 174.0697 538.0165 252.0705 1.6642 1.7173 4.0250 -2.8285 1.6971 17.4860 1.5898 0.8924
Car -1 -1 4.8189 504.2917 180.2719 561.4777 226.5437 1.4621 1.5834 3.8733 -2.6185 1.7428 25.3617 4.7165 0.8455
Car -1 -1 1.5790 645.0599 177.5329 676.0307 205.9992 1.5577 1.7242 4.2424 3.0096 1.8467 42.3834 1.6489 0.7235
Car -1 -1 1.6193 573.4047 171.9420 595.3114 191.5862 1.5987 1.6458 4.1056 -2.0921 1.5245 60.7858 1.5847 0.4706
Car -1 -1 4.5726 540.2048 175.7264 565.9304 195.2263 1.4923 1.5404 3.7932 -4.5580 1.7306 57.8329 4.4940 0.3151
Car -1 -1 4.1733 987.9573 185.5651 1242.0000 375.0000 1.5192 1.6307 4.1003 5.5750 1.6854 7.3231 4.8038 0.2333
Car -1 -1 5.0108 555.0474 157.0312 671.3982 229.4818 1.4678 1.6181 3.8171 0.2113 1.1472 16.6818 5.0226 0.1915
Car -1 -1 1.4996 571.2708 171.7865 596.8514 194.7753 1.7933 1.7679 4.3111 -2.1045 1.7100 58.5236 1.4634 0.1805
Car -1 -1 1.7770 660.5350 174.2860 686.4976 191.2729 1.5159 1.6210 3.9643 5.9584 1.6529 66.8831 1.8651 0.1355
Car -1 -1 4.1678 0.0000 182.7720 95.6652 371.7799 1.4425 1.5943 4.1150 -7.3057 1.5542 6.8834 3.3721 0.1179
Car -1 -1 2.6364 0.0000 181.8567 97.9204 375.0000 1.4331 1.4889 3.6864 -6.2615 1.5272 5.5727 1.8167 0.1090
Car -1 -1 3.5166 495.7171 166.3801 546.8862 184.3477 1.4824 1.6011 3.9695 -7.4276 0.9483 60.8035 3.3953 0.1041
Car -1 -1 0.7869 1067.6637 181.7091 1242.0000 375.0000 1.5139 1.6566 4.0157 5.6157 1.6062 5.4977 1.5557 0.1024
Car -1 -1 1.7626 577.0471 173.5725 606.9991 195.1207 1.6452 1.6836 3.7811 -1.3550 1.7041 57.2259 1.7387 0.1014
Car -1 -1 4.5008 632.8564 171.1750 661.2687 190.7411 1.5794 1.5890 3.8705 3.0980 1.4438 60.2795 4.5516 0.0984
Car -1 -1 4.3673 928.7756 175.3851 1004.6762 215.9114 1.4924 1.5896 3.4957 14.0723 1.5992 28.6222 4.8197 0.0941
Car -1 -1 4.9205 510.7021 167.0877 539.8849 185.4449 1.5255 1.6544 4.2321 -7.2163 1.0463 62.1425 4.8051 0.0891
Car -1 -1 1.6397 493.9016 165.8237 525.7041 194.2733 1.4653 1.4644 3.3724 -5.3392 1.1032 38.8941 1.5039 0.0853
Car -1 -1 5.0908 435.1101 168.9184 506.4796 209.6185 1.5455 1.5849 3.7048 -5.5658 1.3961 29.3693 4.9047 0.0791
Car -1 -1 0.1498 518.1933 175.4969 570.1497 195.1960 1.5213 1.6110 3.8824 -5.1309 1.7331 56.8911 0.0599 0.0781
Car -1 -1 3.3700 443.1013 161.9824 523.2975 191.0427 1.5075 1.6104 3.9345 -6.6770 0.9436 38.3466 3.1985 0.0759
Car -1 -1 1.6026 538.8049 174.2122 562.5315 196.9472 1.6242 1.6330 4.1477 -4.3654 1.7297 53.9105 1.5219 0.0742
Car -1 -1 5.2090 217.7403 162.7389 322.3381 221.4380 1.5383 1.5158 2.7723 -9.4754 1.2733 20.3422 4.7778 0.0727
Car -1 -1 2.9694 621.8781 177.7247 698.8406 205.1397 1.5455 1.6774 4.2540 2.9317 1.8369 42.1062 3.0379 0.0721
Car -1 -1 2.9374 630.5135 172.7329 680.4374 191.3937 1.5045 1.6117 3.8431 3.7518 1.4948 59.2430 3.0000 0.0707
Car -1 -1 3.0614 555.5959 172.5538 606.1144 192.3641 1.6136 1.6424 4.0666 -2.4002 1.5892 59.8312 3.0211 0.0674
Car -1 -1 1.4232 957.9157 179.5574 1022.6390 224.2427 1.4780 1.5388 3.7643 13.8940 1.7431 26.5045 1.9009 0.0673
Car -1 -1 -0.7091 831.1019 181.1884 1242.0000 375.0000 1.4946 1.6588 4.3815 3.8962 1.5598 4.7096 -0.0490 0.0618
Car -1 -1 4.8442 509.9593 172.3560 543.1984 197.3549 1.5159 1.5832 3.9526 -5.2157 1.4857 45.7450 4.7309 0.0610
Car -1 -1 1.4899 545.1412 177.9032 568.4034 197.7555 1.5553 1.6049 3.8998 -4.3910 1.9869 59.6226 1.4163 0.0596
Car -1 -1 1.6602 535.8152 173.3223 562.0677 194.7297 1.5864 1.6429 4.2588 -4.6406 1.6239 55.6969 1.5771 0.0592
Car -1 -1 4.8821 480.5872 164.3317 510.3177 187.0119 1.7004 1.6504 3.8450 -8.8212 1.0614 56.0287 4.7264 0.0587
Car -1 -1 -0.2647 553.7703 161.8697 750.2858 235.4095 1.4804 1.5764 3.9968 0.8768 1.2592 15.7135 -0.2108 0.0580
Car -1 -1 1.5907 641.7211 177.7887 672.6455 207.6460 1.5729 1.6586 4.0643 2.7317 1.8663 40.7997 1.6565 0.0561
Car -1 -1 0.1833 554.7650 172.6654 612.9997 193.3312 1.6413 1.6731 4.4857 -2.0605 1.6263 58.4641 0.1478 0.0557
Car -1 -1 1.6142 508.7063 171.4463 539.3282 198.1851 1.5072 1.6240 3.9645 -5.0199 1.4278 42.7069 1.4976 0.0549
Car -1 -1 1.6897 558.6338 173.7422 584.9553 194.7110 1.6245 1.6454 4.0755 -3.0082 1.6987 58.1638 1.6379 0.0549
Car -1 -1 4.5095 536.0951 167.3519 639.0834 238.0028 1.4896 1.6624 4.1051 -0.6581 1.3736 17.4048 4.4715 0.0538
Car -1 -1 2.3640 0.0000 197.0639 197.7342 375.0000 1.4454 1.5934 3.3686 -5.6997 1.7290 6.6932 1.6780 0.0536
Car -1 -1 0.4182 137.9563 161.1844 308.9935 222.9464 1.6318 1.6350 3.8491 -10.5916 1.3235 20.0021 -0.0636 0.0531
Car -1 -1 -0.9916 981.1265 178.0085 1242.0000 375.0000 1.5548 1.6408 4.1193 5.8594 1.6144 6.9330 -0.3114 0.0526
Car -1 -1 2.5286 824.6516 174.1862 959.3618 223.9902 1.4975 1.5658 3.7901 8.9683 1.5422 22.9815 2.8957 0.0521
Car -1 -1 3.0751 0.0000 0.0000 1242.0000 375.0000 1.6072 1.6331 3.8354 3.7298 1.1371 1.2109 4.2634 0.0518
Car -1 -1 2.8482 951.2734 178.7033 1072.2495 219.5115 1.4681 1.5394 3.7268 15.1895 1.6996 27.4204 3.3490 0.0516