Car -1 -1 4.6319 571.0981 179.7456 601.4978 205.8367 1.5593 1.6420 3.7424 -1.5236 2.0184 46.1066 4.5986 0.6285
Car -1 -1 1.7548 373.4746 180.2964 439.4539 225.4323 1.4322 1.5635 3.7499 -7.0798 1.7148 25.4668 1.4858 0.1893
Car -1 -1 3.1788 538.5416 181.9030 601.7327 207.0328 1.5195 1.6361 3.8745 -2.4314 2.0957 45.0928 3.1247 0.1879
Car -1 -1 -0.1608 574.5682 179.1209 641.0806 203.9758 1.5024 1.6528 3.9638 -0.1316 1.9059 45.3273 -0.1642 0.1514
Car -1 -1 4.6103 615.9777 173.2259 643.3137 196.9524 1.7129 1.6405 4.1038 1.4730 1.7419 54.2636 4.6369 0.1183
Car -1 -1 1.3615 570.6937 179.0283 611.8694 208.6461 1.6527 1.6558 4.0784 -1.1491 2.0423 43.3467 1.3346 0.0969
Car -1 -1 1.8948 411.5116 176.9784 494.4484 221.1880 1.4308 1.6598 4.1365 -5.5089 1.5912 25.9043 1.6869 0.0878
Car -1 -1 1.5663 418.2032 180.8890 471.7140 227.3195 1.3812 1.6170 3.8797 -5.5314 1.6744 24.2539 1.3439 0.0740
Car -1 -1 0.3504 332.9995 184.1850 465.1946 227.7899 1.4312 1.6042 4.1175 -7.2674 1.8406 25.1206 0.0711 0.0734
Car -1 -1 1.8051 354.9682 187.7642 435.1434 237.2317 1.4043 1.6282 3.9544 -6.9371 1.9359 23.7112 1.5230 0.0713
Car -1 -1 2.6396 416.5937 177.7306 545.2336 222.7772 1.4112 1.6386 4.0913 -4.3892 1.5927 24.9368 2.4666 0.0677
Car -1 -1 1.4310 583.4993 177.0553 621.0950 204.5593 1.5035 1.6486 4.0226 -0.4733 1.7616 42.2018 1.4194 0.0625
Car -1 -1 4.6876 629.7944 173.0912 653.3062 196.4206 1.6831 1.6592 3.8798 2.3645 1.7015 54.0493 4.7307 0.0540
Car -1 -1 3.0062 377.1543 183.4823 499.1771 227.9142 1.4200 1.6114 3.9709 -5.9951 1.8131 25.2243 2.7747 0.0533
Car -1 -1 4.8665 582.7075 178.7465 616.9169 204.1115 1.5286 1.6080 4.0165 -0.5845 1.9260 46.5602 4.8535 0.0530