Car -1 -1 4.7437 586.7977 174.2006 621.5825 206.4272 1.5699 1.6700 4.3635 -0.2272 1.6441 37.5359 4.7371 0.8609
Car -1 -1 1.0439 706.5225 160.1210 763.3774 185.8221 1.4980 1.6664 3.9448 7.6187 0.7558 44.1932 1.2133 0.2794
Car -1 -1 4.7850 529.3086 167.6819 552.5587 187.9147 1.7036 1.7437 3.6849 -5.9254 1.2681 62.6159 4.6908 0.1885
Car -1 -1 3.8868 191.9479 175.2391 274.3827 205.9023 1.6062 1.6450 3.9054 -20.4896 1.7405 39.3084 3.4088 0.1871
Car -1 -1 1.6050 707.4926 178.9117 748.5004 217.3161 1.4642 1.5649 3.8279 5.0029 1.7347 30.1801 1.7671 0.1490
Car -1 -1 1.9308 210.9966 174.6196 270.8408 207.5023 1.6931 1.6358 3.8751 -20.0373 1.7944 39.3823 1.4626 0.1071
Car -1 -1 4.8037 725.2511 152.4660 796.3964 210.6722 1.4634 1.6096 3.7617 4.3065 0.9508 20.1750 5.0107 0.0998
Car -1 -1 0.9992 699.4928 161.0617 764.1711 191.3788 1.4684 1.5228 3.6523 6.1959 0.8973 36.9264 1.1639 0.0944
Car -1 -1 1.8864 214.1282 175.1539 265.4292 205.0117 1.6461 1.5952 3.6414 -21.4548 1.7861 41.9972 1.4164 0.0886
Car -1 -1 1.3960 531.7198 177.5771 557.0366 194.9903 1.4878 1.6000 3.9784 -5.8957 1.9267 64.9318 1.3055 0.0879
Car -1 -1 4.8001 768.8062 149.2149 838.0675 207.2174 1.4893 1.5897 3.6700 5.5843 0.8824 20.5234 5.0619 0.0848
Car -1 -1 -0.1245 678.2163 179.3047 776.7974 216.3620 1.4780 1.5779 3.8650 4.8340 1.7532 29.9284 0.0334 0.0731
Car -1 -1 1.4687 723.9374 182.5897 775.7072 222.9633 1.4523 1.6164 4.1459 5.5837 1.8739 29.1173 1.6556 0.0714
Car -1 -1 4.6467 728.0671 179.9795 771.8649 218.1771 1.4773 1.5592 3.9153 5.9128 1.8006 30.7034 4.8345 0.0686
Car -1 -1 2.5186 190.0873 175.3958 277.7367 207.0181 1.5642 1.6166 3.8921 -19.7675 1.7059 38.1284 2.0429 0.0606
Car -1 -1 1.8960 204.5353 174.8859 264.4255 206.8245 1.6864 1.7092 4.2453 -21.0166 1.8070 40.6073 1.4208 0.0604
Car -1 -1 -0.3977 769.7512 151.0950 940.0290 210.5885 1.4933 1.6536 3.9317 6.4115 0.9471 19.0893 -0.0786 0.0601
Car -1 -1 4.4963 776.5034 151.9755 869.4708 213.3091 1.4841 1.6059 3.6771 5.6002 0.9789 19.3431 4.7737 0.0569
Car -1 -1 1.0812 176.1897 177.9065 242.6600 207.3955 1.5755 1.6388 3.9471 -22.7088 1.8744 40.9170 0.5771 0.0546