Car -1 -1 1.3737 439.2085 173.1054 496.7274 208.4948 1.5015 1.7763 4.3289 -6.2935 1.1875 32.3387 1.1851 0.8697
Car -1 -1 5.5133 0.0000 184.2667 299.9244 370.0000 1.5307 1.5760 3.8979 -3.2582 1.5598 3.4643 4.8048 0.5274
Car -1 -1 4.7124 493.2187 169.4429 523.6268 195.8131 1.4167 1.6234 4.1427 -5.4223 0.8223 40.1437 4.5810 0.4246
Car -1 -1 5.3124 0.0000 189.2444 97.7082 235.4075 1.5001 1.6759 4.5200 -21.0726 1.8520 26.1652 4.6420 0.2884
Car -1 -1 4.6938 576.0422 161.9835 599.5699 184.6234 1.5895 1.6502 4.0649 -1.2234 0.2890 51.7037 4.6721 0.1909
Car -1 -1 4.0403 0.0000 198.6415 14.8425 261.2265 1.4474 1.5973 4.0272 -17.5646 1.9373 18.0357 3.2785 0.1821
Car -1 -1 5.0120 0.0000 193.4565 46.8539 255.1411 1.4362 1.6722 3.7206 -16.8920 1.8281 19.3575 4.3043 0.1709
Car -1 -1 -0.4275 487.3766 169.6833 565.9894 196.8058 1.4417 1.6078 4.0402 -4.2837 0.8664 39.3024 -0.5334 0.1634
Car -1 -1 4.5903 470.0526 170.8234 507.7825 196.8487 1.3918 1.6257 4.1175 -6.5644 0.8739 40.0149 4.4308 0.1391
Car -1 -1 4.2112 864.0872 147.3863 917.2480 173.8102 1.6739 1.7068 3.8067 19.3034 -0.4715 47.7903 4.5946 0.1325
Car -1 -1 1.8418 236.6306 183.2531 291.1687 212.3097 1.5075 1.6576 4.1473 -18.8146 1.6686 39.2802 1.3998 0.1101
Car -1 -1 3.0755 867.8403 148.0405 936.2820 173.0289 1.5905 1.6630 4.1186 19.8761 -0.5159 47.3294 3.4726 0.1097
Car -1 -1 1.6395 0.0000 192.4839 19.5082 223.6969 1.5115 1.6507 4.0595 -32.6262 2.1910 37.9913 0.9356 0.1051
Car -1 -1 1.6933 0.0000 194.8811 50.1202 228.5542 1.4911 1.6911 4.1672 -29.0940 2.2562 35.4157 1.0115 0.0950
Car -1 -1 5.1261 0.0000 189.4034 346.8711 370.0000 1.5217 1.7051 4.2666 -3.2822 1.6149 5.1872 4.5907 0.0809
Car -1 -1 1.6847 0.1382 189.7107 42.5453 215.7703 1.4692 1.5635 3.7738 -35.6204 2.0589 43.2921 1.0014 0.0777
Car -1 -1 5.2468 432.8903 177.9339 499.4775 210.4328 1.5120 1.5529 3.6841 -6.7359 1.3923 34.8920 5.0594 0.0777
Car -1 -1 4.6846 872.7035 157.2720 911.8774 190.6853 1.5470 1.6687 4.0027 14.1668 0.4713 34.9019 5.0688 0.0770
Car -1 -1 4.2827 0.0000 194.8578 60.7261 251.3921 1.4473 1.6387 4.0098 -17.8353 1.8955 20.4931 3.5757 0.0741
Car -1 -1 4.1769 845.3995 147.5758 902.1434 173.9310 1.6754 1.7365 4.1534 18.3228 -0.4690 48.2365 4.5397 0.0721
Car -1 -1 1.6555 0.0000 192.6355 32.3212 222.6058 1.5648 1.6565 4.0655 -34.2354 2.3012 40.7905 0.9626 0.0680
Car -1 -1 4.8981 0.0000 195.1419 91.4542 256.4242 1.4631 1.6457 4.0486 -15.9521 1.9242 20.0967 4.2364 0.0603
Car -1 -1 4.8136 475.7939 168.8024 512.9926 197.2399 1.4778 1.6013 4.0255 -5.9642 0.8696 38.7924 4.6641 0.0598
Car -1 -1 1.5900 0.0000 193.0086 20.4636 229.4519 1.4521 1.6682 4.2346 -27.3689 2.0533 31.8286 0.8863 0.0594
Car -1 -1 2.1626 0.0000 194.5509 61.2799 262.2875 1.4577 1.6813 4.1646 -16.2798 1.8641 18.2877 1.4454 0.0558
Car -1 -1 5.4914 0.0000 193.2604 36.8581 251.8954 1.4224 1.6384 3.8513 -18.4315 1.8178 19.9629 4.7554 0.0544
Car -1 -1 1.2462 375.5732 180.7843 436.3067 212.8268 1.4513 1.6028 4.1409 -9.6458 1.4656 34.2261 0.9756 0.0534
Car -1 -1 0.0422 475.1675 170.4010 547.2970 196.5313 1.4187 1.5616 3.9037 -5.1202 0.8701 39.3313 -0.0844 0.0521
Car -1 -1 1.6228 572.7388 162.7225 599.0714 185.1314 1.5182 1.6401 4.0617 -1.2469 0.3133 49.9572 1.5999 0.0507
Car -1 -1 5.1216 247.9528 186.5788 310.8776 215.9232 1.5028 1.6630 4.0631 -17.8629 1.8562 39.0994 4.6977 0.0503
Car -1 -1 5.2285 0.0000 200.9754 494.7406 370.0000 1.5189 1.6334 4.1474 -2.1237 1.7216 4.8388 4.8397 0.0502