Car -1 -1 1.8936 302.3709 183.8973 386.8932 232.9264 1.5359 1.6432 3.8278 -9.2149 1.9543 25.4051 1.5485 0.8831
Car -1 -1 4.9067 545.8753 181.1502 578.9255 202.3012 1.4489 1.6795 4.0461 -3.4336 2.0849 53.2000 4.8421 0.6724
Car -1 -1 4.6400 587.1645 177.3374 615.7606 202.3592 1.5382 1.5938 3.6813 -0.5617 1.8417 46.9398 4.6276 0.6051
Car -1 -1 1.6465 441.0739 176.2016 471.2174 201.6387 1.6818 1.7442 4.1950 -10.6865 1.9261 50.4763 1.4385 0.4908
Car -1 -1 1.3475 366.8365 178.4475 398.5865 198.7000 1.4938 1.5564 3.8479 -17.7630 1.9471 56.4102 1.0434 0.2840
Car -1 -1 4.7573 176.9803 185.7899 200.9325 205.3618 1.5175 1.5681 3.5616 -35.2061 2.6361 60.4508 4.2316 0.2475
Car -1 -1 1.7160 440.3326 176.7424 495.2921 214.8084 1.4108 1.5974 4.0795 -5.6650 1.5795 29.2389 1.5258 0.1912
Car -1 -1 1.7794 403.6283 174.7668 463.9974 213.5019 1.4632 1.6005 3.9194 -7.0858 1.5465 29.4312 1.5448 0.1659
Car -1 -1 1.5707 289.8191 192.8877 332.1993 229.9563 1.4879 1.7257 4.3021 -13.9636 2.4903 33.7853 1.1811 0.1510
Car -1 -1 5.0432 508.1007 174.4511 540.1741 194.6083 1.6631 1.6092 3.7101 -7.2833 1.8043 61.8289 4.9261 0.1469
Car -1 -1 1.7760 286.4591 189.5922 318.1092 209.7687 1.5073 1.6278 3.9177 -25.2652 2.9343 59.4343 1.3753 0.1359
Car -1 -1 1.6962 469.4330 177.0990 503.2005 203.2436 1.5139 1.5688 3.8828 -7.5364 1.7866 44.3927 1.5286 0.1294
Car -1 -1 1.9495 276.2171 185.1728 395.3980 249.2572 1.4357 1.5698 3.8378 -6.9951 1.7906 18.8501 1.5982 0.1102
Car -1 -1 1.7377 485.0290 176.6888 520.8148 203.0427 1.5333 1.5589 3.8540 -6.5276 1.7800 44.4878 1.5924 0.1031
Car -1 -1 1.7797 415.2389 177.6726 471.7474 214.4007 1.4714 1.6109 3.8843 -7.1437 1.6939 31.3708 1.5572 0.1014
Car -1 -1 4.4354 454.6723 171.8399 488.8304 194.0114 1.6147 1.5699 3.7602 -10.4560 1.5409 54.5813 4.2468 0.0988
Car -1 -1 1.4477 433.6948 184.1729 490.7111 227.2051 1.4049 1.5991 3.9470 -5.5372 1.8587 26.8011 1.2453 0.0984
Car -1 -1 1.5041 292.0683 189.7576 326.7870 218.4910 1.4676 1.5916 3.7785 -17.2147 2.4833 41.3078 1.1112 0.0970
Car -1 -1 1.5546 369.2422 191.9483 394.6930 215.9644 1.4698 1.6040 3.7943 -15.6325 2.8334 49.4761 1.2497 0.0948
Car -1 -1 1.6719 486.6506 177.2453 510.3716 196.2984 1.4989 1.5853 3.4522 -9.1039 1.8708 59.3408 1.5200 0.0941
Car -1 -1 5.1175 213.3898 185.3407 366.5918 265.7520 1.5081 1.6308 4.0428 -6.9548 1.8233 16.1865 4.7171 0.0936
Car -1 -1 1.3987 157.3102 185.6732 189.2601 205.8904 1.5425 1.6232 3.8739 -36.0426 2.6364 59.5754 0.8563 0.0929
Car -1 -1 3.4452 485.5640 176.8157 534.9395 195.4699 1.5304 1.6092 3.8134 -8.3488 1.8702 60.7779 3.3089 0.0903
Car -1 -1 2.0219 162.1703 194.1846 337.1710 282.3737 1.4194 1.6377 3.6380 -6.9233 1.8967 14.3213 1.5783 0.0825
Car -1 -1 1.6697 454.3969 175.3446 502.4733 211.5314 1.4461 1.6404 4.0660 -5.6025 1.5610 31.2119 1.4931 0.0824
Car -1 -1 1.2083 266.0340 189.0572 304.8499 209.0448 1.4842 1.6620 3.7340 -26.3352 2.8426 58.5824 0.7873 0.0815
Car -1 -1 1.6513 163.8679 181.6069 192.7835 204.2218 1.6809 1.6389 4.2160 -34.3973 2.4074 57.6289 1.1150 0.0790
Car -1 -1 5.2181 298.2603 192.7819 377.9902 228.7941 1.4532 1.7061 4.0701 -12.5451 2.4410 33.6245 4.8632 0.0756
Car -1 -1 0.2601 458.4078 179.3345 508.8797 198.1715 1.4805 1.5403 3.7457 -10.1499 2.0123 58.2829 0.0881 0.0751
Car -1 -1 4.8602 597.6558 177.2525 630.6069 202.1987 1.5354 1.5854 3.9904 0.3416 1.8361 47.2404 4.8669 0.0743
Car -1 -1 1.6113 299.3576 187.0088 319.3060 205.1473 1.5591 1.5569 3.9911 -28.0581 2.9253 67.5032 1.2185 0.0725
Car -1 -1 1.6482 465.4407 174.3961 504.2382 206.9140 1.4533 1.5358 3.5839 -5.8753 1.5306 34.2785 1.4793 0.0710
Car -1 -1 1.2552 335.0068 189.2838 378.0111 213.0238 1.4452 1.6643 3.7277 -17.0953 2.5985 48.6618 0.9186 0.0702
Car -1 -1 1.6266 586.1233 175.7065 615.5618 201.1730 1.5077 1.6237 3.9368 -0.5063 1.6941 45.1670 1.6150 0.0672
Car -1 -1 -0.1692 589.8232 177.8113 655.4026 202.0002 1.4909 1.6250 3.9646 0.8098 1.8147 46.0271 -0.1522 0.0669
Car -1 -1 1.6036 545.1090 177.6113 570.4396 201.4482 1.6089 1.6710 4.1005 -3.6676 1.9629 51.6107 1.5326 0.0659
Car -1 -1 2.0061 239.3542 199.3626 317.3142 237.8568 1.4181 1.6890 3.5004 -14.0270 2.6128 30.7612 1.5811 0.0651
Car -1 -1 3.2250 424.2074 180.6179 535.2841 219.0008 1.4228 1.6237 4.1389 -4.9872 1.7364 28.1465 3.0508 0.0650
Car -1 -1 0.6641 217.0798 195.4128 320.3934 231.5133 1.4746 1.6601 4.0175 -15.2349 2.5241 32.3072 0.2263 0.0645
Car -1 -1 1.4291 274.2013 188.9308 322.5583 222.5135 1.5251 1.7009 4.3527 -16.1215 2.4068 37.2713 1.0231 0.0633
Car -1 -1 1.7297 330.0655 182.4271 359.4181 203.1303 1.5700 1.6177 4.0674 -21.5575 2.3794 58.8559 1.3797 0.0628
Car -1 -1 -0.0568 304.4886 194.2945 404.4321 231.4151 1.4844 1.7318 4.1175 -11.4084 2.4909 32.2814 -0.3945 0.0626
Car -1 -1 1.4102 297.6355 196.9459 351.7729 234.7319 1.4342 1.7021 3.3189 -12.5214 2.5523 31.6224 1.0355 0.0616
Car -1 -1 1.8017 347.2435 184.7889 442.0459 246.2683 1.4030 1.5631 3.7349 -5.5666 1.7506 19.1088 1.5214 0.0598
Car -1 -1 1.6753 357.6207 188.7067 390.0554 213.1142 1.4696 1.6729 3.6040 -15.6041 2.5645 47.8969 1.3616 0.0594
Car -1 -1 0.2563 544.6609 177.1465 612.7900 202.9658 1.5861 1.6640 4.0479 -1.9468 1.8670 45.9800 0.2138 0.0590
Car -1 -1 -1.1154 622.9930 177.0504 674.3538 202.6452 1.5203 1.6553 4.0066 2.5261 1.7987 45.7155 -1.0610 0.0566
Car -1 -1 1.7465 581.4211 174.2197 619.6584 201.9131 1.5856 1.6370 3.9873 -0.4967 1.6722 43.6202 1.7347 0.0551
Car -1 -1 1.1082 253.8667 191.0630 314.0909 219.9648 1.4536 1.6073 3.6589 -18.2135 2.5160 40.3143 0.6859 0.0548
Car -1 -1 1.7992 259.4110 190.2416 391.1829 277.2182 1.4183 1.6338 3.5449 -5.4931 1.8096 14.3751 1.4397 0.0541
Car -1 -1 1.6271 384.6415 188.5002 412.4026 211.9752 1.4682 1.6257 3.6955 -14.5142 2.5901 49.7545 1.3443 0.0518
Car -1 -1 5.2641 299.9431 190.3776 364.9073 219.8730 1.5026 1.6118 4.0011 -15.8153 2.5592 41.3887 4.9009 0.0511
Car -1 -1 1.8228 300.3472 182.0988 421.6733 258.3314 1.4758 1.6403 3.9596 -5.5099 1.7131 16.4907 1.5045 0.0504