Car -1 -1 5.3619 0.0000 198.6610 326.6862 370.0000 1.4611 1.5440 3.7299 -3.1983 1.6171 4.1854 4.7466 0.7811
Car -1 -1 1.7372 447.0701 169.8690 484.8895 195.3539 1.5279 1.6670 4.0616 -8.6252 0.8902 44.4396 1.5487 0.7131
Car -1 -1 3.8717 1123.6350 153.5633 1224.0000 189.4542 1.4170 1.4355 3.4919 24.0376 0.3533 29.7545 4.5477 0.6933
Car -1 -1 5.3306 0.0000 185.2566 96.2299 227.2581 1.4165 1.5651 3.9156 -21.0018 1.6065 26.2894 4.6642 0.4351
Car -1 -1 -0.8345 1160.4926 153.5548 1224.0000 189.8827 1.4425 1.5337 3.5677 25.1571 0.3723 29.0584 -0.1246 0.3345
Car -1 -1 2.1667 0.0000 189.0330 72.5066 215.8403 1.4835 1.6099 4.0499 -34.1897 2.0215 42.5324 1.4948 0.2356
Car -1 -1 2.1520 106.5335 187.4416 191.9264 220.9495 1.4142 1.6030 3.5120 -20.7014 1.7488 32.3431 1.5887 0.2170
Car -1 -1 2.4925 1129.0050 137.9355 1224.0000 171.9489 1.5686 1.6304 3.8726 27.7510 -0.4213 33.9298 3.1753 0.1854
Car -1 -1 4.1220 737.0537 159.5825 777.9598 180.4914 1.6920 1.6382 3.5662 12.8023 -0.0013 59.1795 4.3358 0.1568
Car -1 -1 1.4571 3.0328 188.4747 46.8791 214.5707 1.4719 1.6439 3.9735 -35.2996 1.9796 43.0665 0.7756 0.1426
Car -1 -1 1.7837 237.1409 179.6917 285.1569 207.6871 1.4843 1.6004 3.9417 -19.1303 1.4411 39.5894 1.3383 0.1421
Car -1 -1 1.8587 28.1718 185.8571 80.9537 210.9958 1.4535 1.5307 3.8598 -33.9946 1.8009 43.8395 1.2043 0.1298
Car -1 -1 2.0366 0.0000 186.6513 56.0691 214.2470 1.4875 1.5922 3.9669 -33.8845 1.8635 41.1591 1.3532 0.1142
Car -1 -1 5.1286 252.4447 182.2035 315.2589 210.8290 1.5109 1.6590 4.1291 -17.8572 1.6110 39.6303 4.7099 0.1049
Car -1 -1 2.1312 44.3587 189.1103 127.3083 222.9736 1.4425 1.4344 3.5259 -23.9652 1.8640 32.8403 1.5070 0.1038
Car -1 -1 2.0975 60.7042 182.9984 131.4452 209.0462 1.4794 1.6236 4.0665 -30.5436 1.6371 42.6569 1.4813 0.0963
Car -1 -1 2.1845 43.8082 183.6800 115.2970 208.4999 1.4712 1.5887 3.9826 -32.8576 1.6796 44.4278 1.5528 0.0739
Car -1 -1 -0.2825 1149.9601 143.2236 1224.0000 175.1525 1.5071 1.6561 3.9250 30.0241 -0.2802 35.4474 0.4176 0.0700
Car -1 -1 4.1081 0.0000 191.2678 78.2488 248.1339 1.4872 1.6680 3.7619 -17.3491 1.8158 20.2866 3.4099 0.0684
Car -1 -1 3.8712 0.0000 191.8880 25.8473 252.6514 1.4752 1.5888 3.9422 -17.6301 1.7839 18.3281 3.1155 0.0631
Car -1 -1 1.7869 240.4155 184.2688 292.3932 214.2386 1.4762 1.6850 3.7850 -17.7725 1.6859 37.3696 1.3478 0.0611
Car -1 -1 1.7509 0.0000 189.4892 21.3178 217.0533 1.4817 1.6818 3.9819 -35.7426 2.0368 41.5488 1.0459 0.0604
Car -1 -1 0.9808 70.8634 187.2882 166.1009 221.9442 1.4576 1.6765 3.8752 -21.8591 1.7774 31.8324 0.3854 0.0599
Car -1 -1 4.0913 1126.2369 135.7155 1223.9756 170.5398 1.5503 1.6649 4.0734 27.9167 -0.5191 34.7446 4.7655 0.0587
Car -1 -1 2.2522 30.1647 183.8636 112.5907 210.7159 1.4694 1.6183 4.0828 -30.9868 1.6752 41.2834 1.6136 0.0580
Car -1 -1 0.2362 430.1536 170.0152 501.4600 194.8372 1.5304 1.6534 4.1314 -8.6692 0.8836 44.5166 0.0470 0.0572
Car -1 -1 0.8614 0.0000 189.3596 74.2950 214.9129 1.4643 1.5369 4.0022 -34.1852 2.0096 42.4277 0.1884 0.0568
Car -1 -1 2.7275 37.3902 186.1229 120.2376 211.7958 1.4602 1.6248 3.7152 -31.9565 1.8186 43.1106 2.0948 0.0565
Car -1 -1 0.7092 225.5975 183.7072 304.8529 211.8032 1.4736 1.6061 3.7783 -18.5068 1.6543 38.6481 0.2674 0.0546
Car -1 -1 1.7221 330.3934 176.9748 372.3678 204.9741 1.4568 1.5700 3.9871 -13.8378 1.2731 38.8925 1.3846 0.0540
Car -1 -1 1.6540 0.0000 185.4957 29.7297 214.9408 1.5153 1.6597 4.2000 -33.2002 1.8083 39.3255 0.9584 0.0537
Car -1 -1 1.8656 70.0160 187.6530 139.2632 221.5125 1.4287 1.6037 3.6195 -22.9544 1.7784 32.6325 1.2587 0.0507
Car -1 -1 1.7604 500.5806 175.2661 539.7861 201.2517 1.4770 1.5822 4.0274 -4.9599 1.1791 42.2548 1.6461 0.0506