Car -1 -1 4.4226 738.0466 183.5351 1002.3824 362.8650 1.5501 1.6921 3.9585 2.6920 1.7047 8.4586 4.7193 0.9681
Car -1 -1 3.7252 0.0000 198.1256 282.4672 336.4411 1.4470 1.5779 3.7207 -6.1508 1.7797 8.6740 3.1225 0.9621
Car -1 -1 4.4829 691.4972 184.1279 821.4572 267.1158 1.3655 1.6203 4.0468 2.7715 1.6240 14.4893 4.6672 0.9583
Car -1 -1 4.5471 661.0325 174.6667 726.3190 225.1132 1.5150 1.5548 3.4479 2.6706 1.5786 23.5598 4.6579 0.9453
Car -1 -1 4.6039 642.6305 177.6052 679.4471 208.3076 1.4895 1.5314 3.3893 2.6161 1.7462 37.2620 4.6729 0.8107
Car -1 -1 4.0863 0.0000 221.9900 185.1232 375.0000 1.4480 1.6283 4.0383 -6.1232 1.9637 6.3737 3.3417 0.7930
Car -1 -1 0.3872 341.4270 183.0999 483.1137 236.0825 1.5228 1.5838 3.8880 -6.0069 1.8522 22.1640 0.1250 0.7694
Car -1 -1 3.6213 0.0000 200.6662 329.6987 308.4928 1.4512 1.6249 4.0600 -6.6439 1.9140 11.0940 3.0917 0.5877
Car -1 -1 3.2956 428.0915 181.8324 515.2524 216.3832 1.4946 1.5681 3.6555 -6.1584 1.9094 32.4921 3.1093 0.4728
Car -1 -1 3.3805 366.0514 166.0058 480.4697 204.0536 1.3924 1.6331 3.9042 -6.9673 1.1418 27.2409 3.1321 0.3968
Car -1 -1 1.6792 473.6735 177.6438 518.5478 214.3772 1.5832 1.6322 4.0437 -5.2334 1.8205 33.6913 1.5258 0.3887
Car -1 -1 3.4534 368.0516 183.8810 493.4798 227.7447 1.4269 1.5324 3.9077 -6.0998 1.8203 24.8343 3.2145 0.3446
Car -1 -1 0.1581 435.9575 177.7300 526.7803 210.3835 1.5254 1.6433 4.1049 -6.1315 1.7664 34.8142 -0.0154 0.3335
Car -1 -1 4.7427 539.2415 172.5596 558.9382 189.9851 1.5608 1.6895 4.1095 -5.5632 1.5344 66.7230 4.6595 0.2464
Car -1 -1 1.8169 534.8291 178.5896 566.2957 198.2681 1.4998 1.6483 3.8100 -4.7190 1.9782 58.1791 1.7359 0.1663
Car -1 -1 4.7044 487.9592 156.3476 511.4395 180.5647 1.7839 1.7143 4.2616 -8.4478 0.5680 55.3894 4.5536 0.1642
Car -1 -1 1.5961 331.4096 171.3734 355.9716 191.6105 1.5075 1.6746 4.2353 -20.6047 1.3972 56.0239 1.2450 0.1608
Car -1 -1 3.4674 471.0502 158.9569 536.4352 179.5926 1.5218 1.6445 4.5957 -7.9648 0.4969 54.4323 3.3227 0.1502
Car -1 -1 4.8450 428.8656 167.0251 483.8679 205.0482 1.3990 1.6289 3.7411 -5.9717 1.1845 28.4724 4.6398 0.1463
Car -1 -1 4.4135 676.5299 170.4385 720.6613 197.2280 1.5400 1.6110 3.7020 5.3092 1.4011 43.4413 4.5339 0.1400
Car -1 -1 5.4746 0.0000 171.5461 125.3969 219.5170 1.4633 1.6035 4.0397 -18.4874 1.4234 24.1078 4.8256 0.1273
Car -1 -1 0.4679 0.0000 172.4103 114.3583 218.4076 1.4877 1.6384 4.1580 -19.5600 1.4734 24.5525 -0.1997 0.1205
Car -1 -1 1.9851 490.3460 171.1537 538.5504 196.5441 1.4493 1.4961 3.6890 -5.6381 1.3523 43.1671 1.8557 0.1176
Car -1 -1 4.7616 384.9910 160.5903 422.2349 191.7871 1.5417 1.6745 3.8232 -10.7101 0.9357 37.7086 4.4865 0.1144
Car -1 -1 4.9368 171.7312 199.4919 341.2743 313.6926 1.4206 1.6217 3.9459 -5.6505 1.9430 12.0513 4.5062 0.0938
Car -1 -1 4.5764 341.9127 170.4305 376.3556 195.1842 1.5612 1.6351 3.9161 -16.5619 1.4084 47.6242 4.2432 0.0917
Car -1 -1 -0.3143 858.6585 156.8115 949.5234 186.1650 1.5315 1.6612 4.1935 15.7032 0.6945 38.6196 0.0691 0.0915
Car -1 -1 0.2271 326.0262 172.8046 385.1797 191.9038 1.4270 1.6210 3.9839 -19.2918 1.4233 54.9309 -0.1093 0.0906
Car -1 -1 1.7315 486.4204 175.3570 525.6066 202.2269 1.4567 1.5960 4.0712 -5.9077 1.6079 41.5489 1.5907 0.0901
Car -1 -1 4.5416 870.3773 170.0945 930.3284 208.8980 1.4902 1.6259 3.9555 11.9275 1.3842 29.8121 4.9183 0.0895
Car -1 -1 0.8169 0.0000 176.8629 65.9434 227.4202 1.5203 1.6312 3.9346 -19.7372 1.6532 22.8894 0.1110 0.0789
Car -1 -1 4.9085 45.8576 172.1401 126.5242 216.3404 1.4593 1.5988 3.8473 -18.6736 1.4358 25.9047 4.2886 0.0784
Car -1 -1 1.5901 467.0846 177.3954 504.6609 211.9631 1.5221 1.6677 4.2818 -5.8813 1.7539 34.5999 1.4225 0.0779
Car -1 -1 0.1567 381.3713 173.2883 489.9821 208.3984 1.3958 1.5892 4.1391 -7.0756 1.4142 29.6571 -0.0759 0.0746
Car -1 -1 1.5928 775.4471 180.7419 837.0095 237.2724 1.4566 1.5981 3.9714 5.8397 1.7129 21.3163 1.8559 0.0740
Car -1 -1 -0.1130 650.6850 170.7819 701.5667 190.2177 1.5379 1.6281 3.9092 5.3192 1.3739 57.9509 -0.0223 0.0739
Car -1 -1 -0.2855 847.9330 156.3557 941.1993 191.7760 1.6455 1.6376 3.8398 13.5646 0.8791 34.5012 0.0860 0.0733
Car -1 -1 0.0139 669.5876 171.7995 739.1531 198.7169 1.5462 1.6298 3.9896 5.5862 1.4857 42.5388 0.1431 0.0732
Car -1 -1 -0.6760 955.1859 180.0912 1242.0000 284.5602 1.4764 1.6332 3.9451 7.7655 1.5998 11.3191 -0.0875 0.0732
Car -1 -1 3.4469 291.5225 186.1620 435.0035 238.1256 1.4969 1.5799 3.8466 -7.4380 1.9184 22.0297 3.1244 0.0707
Car -1 -1 4.7539 353.5778 183.7194 413.4979 237.6865 1.4991 1.6364 3.7153 -7.0760 1.8735 22.8547 4.4564 0.0694
Car -1 -1 5.2023 313.2808 180.3686 447.5940 244.1541 1.4650 1.6326 4.1355 -5.9461 1.6885 19.2738 4.9063 0.0681
Car -1 -1 2.3855 0.0000 177.0569 57.9124 230.5664 1.4657 1.5157 3.3207 -18.7763 1.6026 21.7693 1.6797 0.0678
Car -1 -1 2.9265 843.2703 169.5387 958.5807 209.4039 1.5214 1.6442 3.9844 11.4867 1.3949 28.6698 3.3036 0.0670
Car -1 -1 1.5451 512.4318 172.7314 540.3619 199.4429 1.6131 1.6511 4.0884 -5.3056 1.6057 45.7122 1.4298 0.0634
Car -1 -1 1.7345 408.9495 182.7000 483.1083 234.2673 1.4606 1.6426 4.3531 -5.2123 1.8116 23.5007 1.5180 0.0627
Car -1 -1 1.7322 538.3571 176.9617 565.2960 196.9198 1.5795 1.6075 4.0144 -4.7663 1.9329 60.0196 1.6529 0.0623
Car -1 -1 0.2513 439.6833 176.7560 537.2064 212.9561 1.6316 1.6684 4.2158 -5.6222 1.8197 33.7547 0.0870 0.0622
Car -1 -1 1.7107 681.4611 169.8102 719.3827 200.6275 1.6823 1.6280 3.9709 5.2730 1.5161 41.5175 1.8357 0.0616
Car -1 -1 1.6967 582.1066 178.1839 609.4343 199.2604 1.5932 1.6695 4.2457 -1.0673 2.0367 57.8527 1.6779 0.0611
Car -1 -1 5.1311 52.0695 197.9510 288.8319 316.0278 1.4179 1.6559 4.1038 -6.7652 1.8983 11.6887 4.6158 0.0611
Car -1 -1 3.7712 412.4166 181.5612 510.5021 217.3539 1.5163 1.6781 4.2157 -6.7813 1.9343 33.0011 3.5696 0.0601
Car -1 -1 3.9446 0.0000 167.1958 140.9499 220.7991 1.4586 1.5910 3.6309 -15.6902 1.3046 20.7089 3.3023 0.0589
Car -1 -1 4.5108 940.1599 175.7491 1004.6147 215.6506 1.4869 1.5767 3.8168 14.6070 1.6124 29.2300 4.9697 0.0584
Car -1 -1 4.3556 690.5998 169.8385 748.1634 201.8462 1.4877 1.5806 3.7553 5.3422 1.3475 35.5371 4.5032 0.0582
Car -1 -1 5.0443 465.4313 168.2646 518.2011 198.0221 1.5352 1.6316 3.9502 -6.3486 1.2984 39.3095 4.8849 0.0581
Car -1 -1 -0.2862 913.3115 173.5038 1033.7440 213.1214 1.4771 1.5974 3.8858 14.0613 1.5034 28.0611 0.1737 0.0579
Car -1 -1 2.0871 363.0961 181.8592 472.9211 231.6270 1.4441 1.6137 4.2739 -6.2393 1.7724 24.0330 1.8353 0.0577
Car -1 -1 1.1800 515.3087 180.4883 552.6280 198.7117 1.4093 1.6538 4.0576 -6.3011 2.0651 59.8026 1.0751 0.0559
Car -1 -1 4.6693 498.8718 162.3298 522.9967 182.4313 1.4676 1.6396 4.1649 -7.5327 0.6993 54.8760 4.5334 0.0553
Car -1 -1 3.4766 462.7837 158.6301 525.7578 181.7069 1.7388 1.7085 4.4794 -8.8651 0.6671 55.6044 3.3191 0.0536
Car -1 -1 -0.0350 352.6702 159.3222 437.0258 191.1877 1.5613 1.6410 4.0352 -10.9327 0.8983 36.7699 -0.3222 0.0521