Car -1 -1 -0.4024 1009.1579 154.0780 1186.1433 203.3891 1.5343 1.6757 4.4778 16.0795 0.7120 23.2604 0.1978 0.9554
Car -1 -1 1.8838 201.7354 180.2280 287.3778 228.6341 1.7338 1.6972 4.3088 -13.8877 1.7238 27.5806 1.4236 0.8921
Car -1 -1 1.4385 437.9636 173.5032 482.3657 204.5117 1.4987 1.7106 4.2054 -7.4709 1.1602 36.4400 1.2397 0.8258
Car -1 -1 5.5071 0.0000 183.6935 294.4151 370.0000 1.5025 1.5558 3.8413 -3.2479 1.5269 3.4310 4.7959 0.5943
Car -1 -1 5.0535 231.9155 168.0921 289.6086 195.6935 1.4448 1.6137 3.9605 -18.8844 0.7950 39.0639 4.6083 0.3097
Car -1 -1 4.8673 342.6269 174.3977 385.7512 204.2339 1.5087 1.6031 3.7293 -12.7390 1.1998 37.7238 4.5459 0.2865
Car -1 -1 4.2684 984.9000 160.8975 1115.6987 221.8783 1.4968 1.6142 3.5278 11.9438 1.0155 19.1951 4.8193 0.2342
Car -1 -1 3.5823 304.4606 174.9773 387.0287 205.0549 1.5324 1.6219 3.7238 -13.4847 1.2507 37.0072 3.2373 0.1559
Car -1 -1 5.3400 0.0000 192.7457 97.6911 237.5945 1.4303 1.6427 4.5373 -21.0683 1.9220 26.1074 4.6685 0.1467
Car -1 -1 2.5233 1066.3580 141.7372 1184.8810 175.1230 1.5378 1.6616 4.4038 24.7887 -0.2632 33.7038 3.1547 0.1446
Car -1 -1 4.2826 943.4587 159.9223 1071.1282 220.0895 1.4776 1.6232 3.6243 10.7994 0.9721 19.2331 4.7889 0.1269
Car -1 -1 4.0538 868.0698 147.9688 927.9482 175.1193 1.7071 1.7214 3.8198 19.6140 -0.3765 47.3464 4.4460 0.1181
Car -1 -1 -0.3775 998.6087 142.1038 1114.3925 174.5673 1.4682 1.5863 4.3568 21.4003 -0.2922 33.5965 0.1873 0.1139
Car -1 -1 4.0701 0.0000 197.1187 23.6313 258.3330 1.4422 1.6305 3.9798 -17.6086 1.9024 18.4349 3.3178 0.1110
Car -1 -1 1.6217 0.0000 194.7278 22.8083 224.6119 1.5406 1.6336 4.0267 -34.4921 2.3983 40.5453 0.9222 0.1086
Car -1 -1 5.1323 0.0000 197.1875 357.5017 370.0000 1.5161 1.7057 4.2940 -3.1381 1.6870 5.0152 4.6025 0.1081
Car -1 -1 4.6549 342.7429 167.8091 363.2842 187.1707 1.7762 1.6332 3.6720 -23.7654 0.6113 66.8710 4.3167 0.1013
Car -1 -1 1.4496 362.9185 187.9493 398.8540 214.2485 1.4812 1.6446 3.8659 -13.6453 1.9572 43.1118 1.1467 0.1004
Car -1 -1 4.3395 0.0000 194.2370 47.6181 253.6972 1.4485 1.6988 3.8890 -17.4592 1.8620 19.6404 3.6224 0.0961
Car -1 -1 0.9983 1105.5939 154.8705 1224.0000 243.0667 1.4891 1.6348 3.9998 11.9885 1.0563 14.0244 1.6961 0.0940
Car -1 -1 1.4618 343.5728 173.8494 386.4656 207.5202 1.5923 1.6183 4.1776 -12.1088 1.2775 35.6730 1.1390 0.0760
Car -1 -1 1.6101 0.0000 194.9964 22.0047 232.2410 1.4736 1.6845 4.2461 -27.3951 2.1716 31.8705 0.9065 0.0745
Car -1 -1 1.3623 1068.1342 153.9083 1222.7266 243.0131 1.5358 1.6219 4.0429 10.7587 1.0774 14.3625 1.9963 0.0732
Car -1 -1 2.5796 61.9113 192.6892 171.6463 228.0896 1.4721 1.6097 3.9646 -22.6370 2.0778 33.0130 1.9846 0.0726
Car -1 -1 0.7355 221.0015 168.4562 302.0208 196.0205 1.4548 1.5891 3.9468 -18.7111 0.8188 38.6422 0.2897 0.0721
Car -1 -1 1.7906 222.3753 170.0025 276.8028 200.8269 1.5376 1.6675 4.2594 -18.7322 1.0136 37.5361 1.3330 0.0700
Car -1 -1 1.0656 1073.0837 166.4651 1224.0000 242.2803 1.4574 1.6417 3.9062 12.2585 1.1875 15.6460 1.7220 0.0697
Car -1 -1 4.1788 832.0457 160.2291 904.8448 193.3206 1.5202 1.6210 3.7782 12.8055 0.5887 34.4847 4.5332 0.0696
Car -1 -1 5.2143 7.2670 188.5723 75.6173 214.9299 1.4964 1.6197 3.8385 -34.4422 2.0146 43.4053 4.5486 0.0688
Car -1 -1 -0.8290 1005.3776 144.7047 1099.1281 176.0012 1.4941 1.5993 4.1383 22.4549 -0.2343 35.4493 -0.2666 0.0687
Car -1 -1 4.6723 1042.3596 171.4588 1137.4438 245.1196 1.4712 1.5899 3.8525 10.9788 1.2905 16.1797 5.2610 0.0682
Car -1 -1 1.7820 0.0000 194.5224 54.8437 228.2087 1.4967 1.6500 4.0401 -29.0098 2.2416 35.3996 1.1014 0.0674
Car -1 -1 1.8049 351.3838 169.2400 378.0707 188.0465 1.7393 1.6093 3.5650 -22.7267 0.6973 67.2373 1.4822 0.0671
Car -1 -1 2.0106 183.7923 168.6531 250.4344 197.3039 1.4918 1.6950 3.8859 -21.1422 0.8746 38.8009 1.5170 0.0629
Car -1 -1 0.8970 1111.1705 145.7010 1199.2308 177.7210 1.5330 1.5712 3.6912 27.9720 -0.1493 36.0326 1.5546 0.0605
Car -1 -1 2.9722 951.5718 160.1716 1131.0968 222.1332 1.5005 1.6277 3.7766 11.2981 1.0080 18.5657 3.5130 0.0602
Car -1 -1 1.2217 872.1609 149.1902 926.6229 179.7709 1.5561 1.5992 3.4446 15.7281 -0.0412 37.8189 1.6147 0.0602
Car -1 -1 1.9931 1057.2825 165.6486 1218.3475 231.3281 1.4309 1.6206 4.0193 12.9311 1.1072 17.0895 2.6336 0.0584
Car -1 -1 4.1605 850.9329 148.2452 906.6506 174.5952 1.6793 1.7113 3.9517 18.6178 -0.4197 48.0997 4.5294 0.0584
Car -1 -1 5.1770 242.7341 166.2572 300.6612 196.9415 1.9141 1.8034 3.9998 -21.6063 1.0252 46.1328 4.7434 0.0583
Car -1 -1 2.8919 876.2361 150.0716 949.7241 174.4359 1.5611 1.6418 4.2020 20.4824 -0.4135 47.0193 3.3021 0.0575
Car -1 -1 4.8272 351.8064 170.3836 375.0577 187.6062 1.6224 1.6852 3.9394 -23.3509 0.6688 68.7087 4.5028 0.0568
Car -1 -1 2.2984 1089.0695 165.8319 1224.0000 238.8292 1.4572 1.6398 4.0279 12.9070 1.1643 15.2235 2.9930 0.0564
Car -1 -1 -0.3754 377.8765 185.8894 451.4765 212.1930 1.4637 1.6419 3.8814 -11.1978 1.7965 41.8960 -0.6331 0.0548
Car -1 -1 5.0781 250.9735 169.5526 309.4127 197.8223 1.4928 1.5947 4.0562 -17.9660 0.9144 39.4066 4.6552 0.0541
Car -1 -1 4.3556 0.0000 197.3064 46.4497 254.8049 1.4578 1.6577 4.0091 -18.2199 1.9873 20.5987 3.6406 0.0534
Car -1 -1 4.5900 861.9395 159.8994 908.8666 192.3323 1.5034 1.6571 4.0908 13.8383 0.5482 34.9626 4.9656 0.0526
Car -1 -1 0.4901 330.4413 189.4265 399.1406 215.5133 1.4793 1.6565 3.4945 -14.1762 2.0227 41.9628 0.1681 0.0524
Car -1 -1 3.4660 368.7891 187.7126 437.2975 213.2770 1.4606 1.6652 3.5520 -11.8605 1.8964 41.8395 3.1933 0.0523
Car -1 -1 0.6233 0.0000 186.4550 376.3589 370.0000 1.5126 1.5449 3.8457 -3.2932 1.5502 3.5423 -0.0804 0.0518
Car -1 -1 4.8432 346.1756 175.0999 388.3670 204.7141 1.5473 1.6702 4.1081 -13.0363 1.2648 39.1163 4.5256 0.0505