Car -1 -1 2.1689 15.5511 189.0446 146.9911 241.8071 1.4175 1.5231 3.5403 -16.1420 1.9573 22.2692 1.5471 0.8497
Car -1 -1 1.9422 328.2066 184.6344 383.1329 211.0800 1.4961 1.8013 4.2263 -15.7110 2.2638 44.8746 1.6069 0.7686
Car -1 -1 5.2524 0.0000 162.0217 105.5530 284.4227 1.5171 1.5750 3.4542 -9.3062 1.3829 10.7738 4.5521 0.7073
Car -1 -1 1.8046 393.4670 183.3256 428.5023 204.7575 1.5883 1.7389 4.3580 -15.8630 2.4596 57.8343 1.5377 0.6164
Car -1 -1 1.6545 119.1781 187.2291 156.1257 213.9819 1.5235 1.6193 3.8081 -29.6163 2.4683 45.3635 1.0786 0.4007
Car -1 -1 1.7591 386.6122 181.5470 419.9981 205.9698 1.7549 1.6965 4.2807 -15.8494 2.4517 55.6246 1.4824 0.1361
Car -1 -1 1.7346 456.9630 185.6316 484.0925 204.7105 1.4946 1.6207 4.0525 -11.7754 2.6166 61.3108 1.5452 0.1088
Car -1 -1 0.8637 379.3475 183.9818 432.7845 204.0900 1.4963 1.7337 4.3073 -16.2998 2.4163 57.7327 0.5893 0.0837
Car -1 -1 1.9935 444.5579 188.5695 481.4650 209.4358 1.4580 1.5719 3.1896 -11.0846 2.6881 54.7497 1.7942 0.0796
Car -1 -1 0.5957 88.3700 188.0486 163.1456 213.3744 1.4917 1.5880 3.5305 -29.6487 2.4412 44.2780 0.0083 0.0794
Car -1 -1 1.8312 108.6564 185.1182 160.4674 213.9965 1.6061 1.6598 3.9974 -28.9667 2.3926 44.1191 1.2528 0.0719
Car -1 -1 1.7256 173.6908 180.9330 215.6612 207.8453 1.5139 1.5938 4.1335 -25.3121 2.0328 44.1332 1.2073 0.0680
Car -1 -1 1.5502 406.7608 179.1964 434.8196 204.9084 1.4978 1.6224 4.1642 -11.9001 1.9160 45.3538 1.2947 0.0625
Car -1 -1 1.3041 394.0823 181.6457 431.2954 203.8775 1.5566 1.6682 4.1894 -14.9087 2.2480 54.5103 1.0380 0.0587
Car -1 -1 1.3696 439.9503 181.5463 470.1395 201.4249 1.4561 1.5588 4.0002 -12.2107 2.1670 56.8721 1.1586 0.0563
Car -1 -1 5.4512 122.4883 186.8522 193.7986 213.1939 1.5073 1.5838 3.9195 -28.4159 2.4314 45.5605 4.8960 0.0556
Car -1 -1 1.8757 346.8440 177.8402 381.1328 198.1589 1.7196 1.7235 4.1203 -21.7880 2.1773 64.1627 1.5493 0.0550
Car -1 -1 2.2482 141.1032 180.6299 216.4235 207.9866 1.4892 1.5980 4.0956 -25.3563 1.9718 42.6363 1.7142 0.0541
Car -1 -1 2.0019 87.5857 179.6755 154.2131 210.3420 1.6763 1.7017 4.0507 -28.7025 2.0986 42.5266 1.4109 0.0530
Car -1 -1 1.7972 373.5170 180.9434 408.6306 202.6332 1.5023 1.6487 3.9101 -16.1440 2.1243 53.4760 1.5050 0.0513
Car -1 -1 0.9119 0.0000 209.8005 81.5504 304.6965 1.4846 1.6288 3.9228 -12.1683 2.2272 13.3455 0.1825 0.0502