Car -1 -1 1.9601 351.6625 181.6131 399.5113 207.8691 1.6245 1.6264 4.0060 -15.5263 2.2332 48.0787 1.6490 0.8888
Car -1 -1 5.3944 0.0000 158.5536 156.3395 327.2055 2.0711 1.8009 4.6636 -9.3901 1.8954 11.1962 4.7080 0.3820
Car -1 -1 1.8180 403.0738 182.1259 435.6266 201.0260 1.4954 1.6946 4.1843 -16.0993 2.3095 61.2507 1.5616 0.1563
Car -1 -1 4.9946 187.4788 165.1797 235.7497 193.4913 1.8337 1.7438 4.2505 -26.9465 1.3366 48.9956 4.4939 0.1390
Car -1 -1 0.5773 0.0000 147.1720 199.7896 228.0068 1.5269 1.6748 3.8964 -10.7021 1.0418 14.5589 -0.0480 0.0975
Car -1 -1 2.1581 0.0000 172.3569 213.2110 271.1431 1.5518 1.7228 4.2242 -9.3927 1.5440 13.4578 1.5579 0.0897
Car -1 -1 1.5659 184.4807 196.5714 235.4789 240.4598 1.4606 1.6580 4.1577 -15.8443 2.4748 28.6323 1.0641 0.0770
Car -1 -1 4.8519 379.1469 174.9548 403.9024 191.7933 1.4890 1.6220 4.1179 -20.0584 1.6889 66.5013 4.5598 0.0657
Car -1 -1 5.3006 0.0000 133.3128 124.9009 222.7390 1.5323 1.6495 3.8792 -11.6529 0.8548 14.3658 4.6281 0.0613
Car -1 -1 0.7022 314.7901 184.7108 381.6097 209.5312 1.5195 1.6274 3.9892 -17.0304 2.3162 47.0245 0.3562 0.0594
Car -1 -1 1.6185 380.2378 182.7922 406.0450 205.4603 1.4955 1.5754 3.8103 -15.3884 2.2319 51.4266 1.3288 0.0564
Car -1 -1 1.9634 338.8172 183.8304 388.1211 209.0855 1.4983 1.6198 3.9415 -15.8222 2.2376 46.5822 1.6374 0.0547
Car -1 -1 2.1041 407.5779 182.6022 458.8004 206.1890 1.4802 1.6689 3.8188 -11.9358 2.1709 49.0598 1.8663 0.0539
Car -1 -1 1.7766 492.5615 178.8055 521.6362 199.4785 1.6657 1.6434 4.1096 -8.6863 2.1900 61.4534 1.6364 0.0532
Car -1 -1 2.2346 128.2136 200.0265 238.3848 245.7537 1.4224 1.6471 3.5314 -15.5420 2.4912 26.5196 1.7085 0.0503