Car -1 -1 1.9018 293.1484 159.0407 506.3750 303.0930 1.7640 1.7410 4.3666 -2.7730 1.4888 11.0455 1.6556 0.9459
Car -1 -1 1.4118 443.8570 151.8074 500.1635 192.0020 1.4866 1.5986 3.8815 -5.1841 0.3880 28.6649 1.2297 0.2714
Car -1 -1 0.2963 348.3403 153.0570 503.1015 206.7775 1.5091 1.6113 4.1273 -5.0584 0.7098 21.1053 0.0590 0.2510
Car -1 -1 5.0397 268.5479 166.6644 343.8173 206.8290 1.4575 1.5859 3.7572 -11.3628 0.9187 27.9894 4.6524 0.2484
Car -1 -1 4.8237 495.2240 166.7539 519.0463 185.3815 1.5345 1.6110 3.7975 -7.8991 0.3188 61.0917 4.6908 0.2454
Car -1 -1 4.9843 331.4347 137.9775 400.3639 182.0359 1.5866 1.5929 3.7005 -8.9687 0.0189 27.7514 4.6698 0.1812
Car -1 -1 3.7956 341.0674 155.4249 436.6165 189.2437 1.4374 1.5524 3.9447 -9.4110 0.3286 31.9608 3.5067 0.1744
Car -1 -1 2.0628 338.5724 164.6612 409.9828 197.8641 1.4326 1.5609 3.7054 -10.2911 0.7055 32.9584 1.7575 0.1707
Car -1 -1 3.4782 270.0651 143.0614 393.7136 185.5465 1.5370 1.6316 4.0143 -9.9597 0.1459 26.8430 3.1214 0.1524
Car -1 -1 1.9163 247.6099 159.7182 333.5484 205.2518 1.5465 1.6400 3.9965 -11.2814 0.8063 26.4409 1.5116 0.1313
Car -1 -1 4.4773 518.7442 163.4807 547.0396 182.0994 1.6703 1.6835 4.1184 -6.2967 0.0527 66.6628 4.3787 0.1303
Car -1 -1 1.7208 384.8150 150.5891 463.5020 207.0215 1.5015 1.6394 4.2233 -5.1035 0.6787 21.2879 1.4834 0.1288
Car -1 -1 0.4383 305.4788 163.8127 407.0807 198.3432 1.4900 1.6138 3.9785 -10.8386 0.7263 32.0163 0.1095 0.1274
Car -1 -1 5.1107 364.9067 153.2731 433.3919 187.3892 1.4422 1.5755 3.9291 -8.9926 0.2484 32.4146 4.8375 0.1198
Car -1 -1 1.6434 493.8507 183.5662 532.5707 216.2652 1.4799 1.5910 3.9034 -4.1637 1.5850 34.7501 1.5199 0.0891
Car -1 -1 3.6944 495.2153 179.2529 573.8230 208.8268 1.4624 1.6272 3.7402 -3.4049 1.3506 37.0747 3.5983 0.0876
Car -1 -1 1.4563 494.8111 176.0648 528.6693 202.0774 1.5058 1.5834 3.9498 -5.4325 1.1905 43.6906 1.3283 0.0872
Car -1 -1 3.4343 489.9615 183.0206 576.4350 215.8407 1.4772 1.5832 3.7276 -3.1155 1.5501 33.5745 3.3373 0.0851
Car -1 -1 1.0394 497.3156 174.9750 552.6296 201.4734 1.4535 1.6178 3.4631 -4.3681 1.0949 41.2740 0.9296 0.0832
Car -1 -1 1.6354 305.2026 140.7700 359.1037 185.2607 1.5419 1.6458 3.8902 -10.0012 0.1299 26.9942 1.2791 0.0763
Car -1 -1 0.7956 357.6585 142.1023 457.0799 181.0644 1.5837 1.6571 4.2249 -8.3600 -0.0205 31.0213 0.5299 0.0759
Car -1 -1 2.7323 495.3683 177.5033 563.5054 203.3234 1.4829 1.5782 3.7253 -4.2224 1.2527 42.8566 2.6297 0.0712
Car -1 -1 3.1358 243.9435 154.7655 369.2637 200.0320 1.5415 1.5918 4.0762 -10.5608 0.6307 25.9782 2.7483 0.0699
Car -1 -1 1.9250 495.8499 180.8281 549.0664 209.7457 1.4661 1.6123 3.8347 -4.1123 1.4314 38.4747 1.8141 0.0684
Car -1 -1 4.2086 486.5208 185.3543 657.9473 276.3949 1.4946 1.6974 3.7694 -0.6865 1.5805 14.0141 4.1549 0.0670
Car -1 -1 2.0683 311.0862 163.3354 391.0675 199.7292 1.4956 1.6276 3.9668 -10.8691 0.7486 31.6093 1.7348 0.0664
Car -1 -1 1.2231 478.2444 178.9338 617.7830 261.0046 1.5085 1.6523 4.0667 -1.2680 1.4611 15.3956 1.1368 0.0618
Car -1 -1 1.8645 256.5800 157.0652 340.6888 204.7424 1.5566 1.6328 4.1052 -10.6201 0.7584 25.5775 1.4696 0.0606
Car -1 -1 0.1684 317.8790 136.4016 432.7653 180.8470 1.5986 1.6292 3.8921 -8.3545 -0.0259 26.9373 -0.1342 0.0599
Car -1 -1 1.3649 479.0806 179.8434 524.0655 208.7749 1.4767 1.5996 4.0279 -5.3925 1.3915 38.8314 1.2227 0.0577
Car -1 -1 3.6018 478.6412 166.8841 528.0805 185.7236 1.5446 1.5713 3.8057 -8.1320 0.3453 60.2408 3.4634 0.0564
Car -1 -1 1.8503 420.1729 159.3574 491.4671 202.7288 1.5293 1.6292 3.9764 -5.4145 0.7481 27.3761 1.6519 0.0564
Car -1 -1 4.8682 387.7977 143.8499 440.9608 181.3631 1.5548 1.6769 4.0565 -8.1802 -0.0071 31.8905 4.6145 0.0557
Car -1 -1 3.3037 309.8401 158.3456 413.3782 194.0503 1.4880 1.5996 4.0411 -10.2399 0.5225 31.0458 2.9828 0.0557
Car -1 -1 1.5498 496.8786 184.6619 564.3643 246.5221 1.4675 1.6239 4.1150 -1.9369 1.5620 19.4017 1.4463 0.0519
Car -1 -1 0.2071 396.1632 157.4467 507.8864 198.7613 1.5408 1.5889 3.9610 -5.6370 0.6433 27.5898 0.0025 0.0519
Car -1 -1 1.5414 480.4151 183.4003 517.0645 214.9070 1.4387 1.6373 4.1215 -5.0338 1.5370 35.2328 1.3954 0.0515
Car -1 -1 1.5956 488.3573 162.6100 544.8790 214.7847 1.5086 1.6297 3.8747 -2.6078 0.9621 22.7752 1.4779 0.0507
Car -1 -1 4.7135 320.4008 153.4775 371.9220 201.4549 1.5592 1.5964 3.9629 -9.0082 0.6481 25.4792 4.3720 0.0501