Car -1 -1 4.5521 646.2096 177.6859 735.4592 238.9092 1.4301 1.6804 4.3283 2.0558 1.5748 19.4109 4.6552 0.9738
Car -1 -1 0.3852 299.8156 172.2878 438.3586 229.9305 1.6468 1.5540 3.5982 -7.1074 1.6306 21.5132 0.0693 0.8980
Car -1 -1 0.4786 124.0491 182.9180 374.3920 266.8646 1.4798 1.5965 3.9991 -6.7554 1.6841 13.7832 0.0300 0.8733
Car -1 -1 3.5927 213.8255 185.2868 418.1369 253.4374 1.4179 1.5088 4.0068 -6.5227 1.7132 16.2412 3.2159 0.8515
Car -1 -1 4.6186 627.6211 174.2968 667.4911 206.9059 1.4690 1.5650 3.6056 1.7681 1.5417 34.5019 4.6689 0.8237
Car -1 -1 -0.6875 1018.8018 150.5101 1242.0000 375.0000 1.6666 1.6430 3.6633 5.6957 1.5096 5.9774 0.0489 0.7032
Car -1 -1 3.3936 392.9769 178.4443 495.8238 213.5500 1.4382 1.6161 3.9874 -6.9748 1.6828 30.7040 3.1717 0.4213
Car -1 -1 4.6401 469.3189 171.6438 503.9625 200.6752 1.4787 1.5688 3.7147 -6.6388 1.4171 38.7425 4.4712 0.3109
Car -1 -1 4.9583 493.1646 167.1018 531.4660 190.7431 1.5413 1.6422 4.0574 -6.5730 1.1663 49.1491 4.8258 0.2164
Car -1 -1 4.3533 600.5197 170.8629 640.3805 193.3843 1.5940 1.6233 4.0326 0.7588 1.4531 53.2411 4.3671 0.1930
Car -1 -1 -0.8178 1122.4836 165.7093 1242.0000 375.0000 1.4950 1.5964 3.9430 5.1983 1.4684 3.6740 0.1002 0.1882
Car -1 -1 3.2831 461.8610 173.7585 528.3303 198.5261 1.5271 1.6341 3.9376 -7.1623 1.5850 45.3943 3.1272 0.1865
Car -1 -1 3.2889 423.4465 174.3334 500.5370 203.0587 1.4606 1.5808 3.7492 -7.6562 1.5397 37.6670 3.0894 0.1832
Car -1 -1 1.9709 246.4379 181.2017 364.5430 242.0941 1.3921 1.4684 3.7647 -7.8139 1.6327 18.9058 1.5835 0.1799
Car -1 -1 3.2217 194.1610 183.6915 367.2423 246.3857 1.4404 1.4438 3.8738 -8.2159 1.7359 18.3540 2.8058 0.1642
Car -1 -1 1.6368 527.2375 173.8243 549.4301 192.7175 1.5490 1.6184 3.9635 -6.0272 1.6342 61.3701 1.5390 0.1595
Car -1 -1 1.5488 706.5363 171.0585 728.7215 192.0720 1.5987 1.6375 4.1379 8.5117 1.4621 57.0501 1.6958 0.1579
Car -1 -1 4.5744 654.9790 168.6865 680.1995 188.6995 1.6509 1.6142 3.9276 4.9149 1.3071 61.5272 4.6534 0.1457
Car -1 -1 4.7845 502.5247 160.1460 524.0670 179.3618 1.7550 1.7137 4.1796 -9.0451 0.5944 68.0364 4.6526 0.1453
Car -1 -1 3.4118 247.0097 183.6202 417.8432 243.6826 1.4405 1.4433 3.8418 -7.0041 1.7299 18.5090 3.0543 0.1441
Car -1 -1 3.4702 369.8522 170.0183 480.6918 209.4812 1.4372 1.5715 3.7426 -6.9024 1.3339 27.2141 3.2238 0.1422
Car -1 -1 4.1486 948.9440 152.2319 1242.0000 375.0000 1.7892 1.5616 3.3667 4.6554 1.6484 6.6301 4.7391 0.1342
Car -1 -1 1.1748 501.0951 167.0664 540.0978 187.7533 1.6219 1.6738 4.1715 -7.2873 1.1682 58.7979 1.0518 0.1287
Car -1 -1 4.7534 665.6229 170.2547 690.3554 192.7441 1.5579 1.6157 3.9817 4.9695 1.3778 52.0629 4.8477 0.1263
Car -1 -1 1.5254 456.5530 175.4680 496.5226 210.7997 1.4405 1.5559 3.8670 -5.9065 1.5631 31.7815 1.3427 0.1173
Car -1 -1 4.5414 654.6456 170.2352 683.3793 191.6284 1.6131 1.6030 3.8422 4.6100 1.4157 56.3926 4.6223 0.1170
Car -1 -1 4.5869 383.9821 170.1864 412.9273 192.5368 1.5935 1.6026 3.7697 -15.6784 1.4033 53.4909 4.3029 0.1124
Car -1 -1 1.9415 132.2552 171.1743 212.3828 206.3809 1.5466 1.7060 4.4761 -20.5004 1.4728 34.0451 1.4028 0.1055
Car -1 -1 3.4505 458.5075 167.8822 522.9771 190.5475 1.4754 1.6299 3.9272 -7.8911 1.1517 48.0612 3.2883 0.1039
Car -1 -1 4.9181 385.3816 171.6053 448.2195 211.1705 1.4562 1.6277 3.8721 -7.5360 1.4102 28.5307 4.6617 0.1001
Car -1 -1 1.6612 67.9613 175.1841 124.7810 215.2167 1.4947 1.5301 3.5782 -20.6188 1.5949 29.0967 1.0489 0.0965
Car -1 -1 1.4380 492.6374 172.5177 525.5288 197.5109 1.5351 1.6043 3.7867 -6.4919 1.5144 46.3563 1.2993 0.0957
Car -1 -1 4.3916 606.4401 167.4955 654.9903 195.9845 1.4926 1.5754 3.7334 1.1150 1.2118 39.8170 4.4190 0.0941
Car -1 -1 4.7066 267.1639 176.1124 336.5221 235.6875 1.4296 1.5787 3.8990 -8.3656 1.5278 19.6475 4.3086 0.0879
Car -1 -1 3.8056 363.2341 178.9745 462.2821 215.9251 1.4834 1.6260 3.9405 -8.4522 1.7591 30.9843 3.5410 0.0869
Car -1 -1 5.0030 472.3844 175.4794 516.4390 201.5548 1.4982 1.6101 3.8260 -6.9453 1.6651 43.8628 4.8465 0.0834
Car -1 -1 1.0839 1033.6396 155.0943 1242.0000 375.0000 1.4709 1.5925 3.6216 4.5411 1.3929 5.1096 1.7818 0.0826
Car -1 -1 -0.0917 466.1300 173.1762 544.6166 201.8465 1.4520 1.5777 3.9413 -5.4742 1.4694 37.7953 -0.2349 0.0803
Car -1 -1 4.0185 441.8627 176.9219 507.2052 202.8133 1.4876 1.6825 4.1062 -8.2695 1.7469 44.0298 3.8336 0.0803
Car -1 -1 0.6160 1174.1173 174.0538 1242.0000 375.0000 1.5516 1.6114 3.9727 4.0388 1.5587 2.2437 1.6248 0.0787
Car -1 -1 3.6633 449.2318 171.6959 522.5322 196.8888 1.5577 1.7258 4.3411 -7.9114 1.4861 46.1730 3.4942 0.0785
Car -1 -1 4.4431 695.6853 169.2392 738.1136 198.5147 1.6514 1.5206 3.7882 6.2962 1.4475 42.6760 4.5882 0.0782
Car -1 -1 1.4769 722.1229 192.5891 788.4996 248.2739 1.4570 1.6281 3.8695 4.4135 2.1219 22.3054 1.6687 0.0775
Car -1 -1 3.3689 442.9621 179.2729 512.8283 204.3203 1.4522 1.6101 3.8493 -7.8468 1.8444 43.1902 3.1899 0.0760
Car -1 -1 4.3444 719.2654 189.0775 825.2713 249.6622 1.4369 1.6304 3.7075 4.4117 1.9332 20.1189 4.5562 0.0756
Car -1 -1 1.2167 514.9007 171.8262 551.1761 191.5519 1.5960 1.6395 4.3085 -6.4738 1.5128 60.6722 1.1106 0.0729
Car -1 -1 0.0333 502.4684 165.3352 551.1613 182.0204 1.5273 1.6855 4.4416 -7.6567 0.8391 67.0662 -0.0801 0.0720
Car -1 -1 1.9717 505.5362 171.5371 545.3594 194.5156 1.5703 1.5449 3.5440 -5.9307 1.4803 51.2268 1.8567 0.0712
Car -1 -1 4.7542 421.3206 178.1042 463.5346 214.1021 1.4261 1.6060 4.0023 -7.1916 1.6693 31.3142 4.5299 0.0683
Car -1 -1 1.7246 490.6704 175.2564 524.9752 199.8721 1.4581 1.5472 3.8297 -6.3058 1.6145 45.0426 1.5859 0.0681
Car -1 -1 4.6651 113.7122 171.8251 157.6125 204.8898 1.5203 1.6160 4.0319 -23.2093 1.4730 35.2838 4.0866 0.0671
Car -1 -1 0.7691 209.1545 171.9095 331.2291 215.1921 1.5200 1.6204 4.1472 -12.5895 1.4868 26.7826 0.3333 0.0667
Car -1 -1 4.9336 426.3510 171.1066 490.0487 212.5278 1.5130 1.6120 3.9195 -5.8571 1.4492 28.3303 4.7312 0.0667
Car -1 -1 -0.2654 418.5593 176.8109 517.7605 213.3539 1.4416 1.5874 3.8133 -5.9396 1.6165 30.3542 -0.4575 0.0655
Car -1 -1 2.9133 375.6502 173.9163 496.2711 212.4794 1.4860 1.6397 4.5684 -7.1106 1.5323 29.6531 2.6796 0.0654
Car -1 -1 -0.0400 499.7823 172.8261 563.7111 197.1372 1.5019 1.6066 3.9553 -4.9436 1.5001 45.6593 -0.1476 0.0654
Car -1 -1 3.8101 465.0191 170.5723 529.6622 192.7692 1.4891 1.6631 4.3497 -7.8229 1.3360 50.1993 3.6560 0.0650
Car -1 -1 4.5902 676.8314 171.0629 710.2056 195.7762 1.4905 1.6042 4.0380 5.2529 1.3825 45.5425 4.7040 0.0641
Car -1 -1 3.1981 721.5964 191.3218 874.7544 248.0777 1.4679 1.6670 4.1569 5.4695 2.0421 21.0096 3.4484 0.0627
Car -1 -1 1.4219 466.3888 173.7938 509.8758 203.9066 1.4525 1.6143 4.1036 -6.3016 1.5037 37.1410 1.2546 0.0612
Car -1 -1 2.5813 904.6081 154.7000 1242.0000 375.0000 1.7408 1.5508 3.3089 4.5370 1.6039 6.2883 3.1834 0.0594
Car -1 -1 1.1331 488.0062 170.7011 529.9333 191.0652 1.6195 1.7233 4.4218 -8.3637 1.4483 59.7054 0.9942 0.0576
Car -1 -1 4.0848 99.9075 175.6375 193.7701 209.9084 1.4803 1.6093 3.9260 -21.0812 1.6128 32.8754 3.5181 0.0574
Car -1 -1 3.4752 232.3932 180.0017 397.9025 235.9638 1.4174 1.4784 3.8272 -7.7849 1.6169 19.3109 3.0963 0.0573
Car -1 -1 0.6963 1040.8973 131.4432 1242.0000 375.0000 1.6920 1.6549 3.8507 5.6114 1.4753 5.7935 1.4401 0.0563
Car -1 -1 -0.1536 673.6382 167.4354 744.3126 195.2938 1.5828 1.6115 3.8562 5.7268 1.2749 41.8370 -0.0189 0.0555
Car -1 -1 4.3246 673.9521 169.8495 721.0098 195.8842 1.5238 1.5520 3.7583 5.3396 1.3480 44.2499 4.4435 0.0551
Car -1 -1 5.0470 518.0666 167.6523 554.0086 189.1598 1.6900 1.6678 4.0778 -5.9545 1.2813 58.8747 4.9464 0.0544
Car -1 -1 1.4528 657.7397 170.3252 687.6982 192.8915 1.5299 1.6241 4.1740 4.4241 1.3585 51.0290 1.5385 0.0527
Car -1 -1 -0.1032 114.0454 173.4687 211.5830 205.8140 1.4781 1.5411 3.8695 -21.5263 1.5093 34.8287 -0.6535 0.0519
Car -1 -1 1.7681 466.4604 174.3771 508.3276 202.8468 1.5396 1.6084 3.9516 -6.9248 1.6308 41.2333 1.6024 0.0513
Car -1 -1 -0.0306 702.2284 171.0160 753.2627 191.0077 1.5137 1.6135 3.8326 9.0851 1.3745 55.6801 0.1300 0.0511
Car -1 -1 1.5321 381.7504 171.2027 408.8221 197.2009 1.7916 1.7139 4.0666 -15.4504 1.6778 51.9231 1.2440 0.0505