Car -1 -1 1.9982 66.7049 186.4541 389.4186 375.0000 1.6513 1.6085 4.0919 -3.9851 1.8483 8.4039 1.5667 0.9758
Car -1 -1 1.7052 476.5336 178.2573 536.5537 226.8778 1.5585 1.5876 3.7989 -3.5549 1.7633 25.4530 1.5672 0.9092
Car -1 -1 1.6636 505.1382 173.5221 552.2730 211.9239 1.5738 1.6673 4.2344 -3.4910 1.6052 31.7749 1.5545 0.7609
Car -1 -1 4.8285 476.2354 172.9756 509.1474 197.6143 1.4717 1.5933 3.8014 -7.2530 1.4797 45.0519 4.6695 0.4903
Car -1 -1 2.0667 529.7966 181.6123 578.9037 205.5773 1.4977 1.5433 4.1132 -3.6875 2.1177 48.8876 1.9914 0.2806
Car -1 -1 1.8787 542.5742 177.9610 579.1992 200.2791 1.4685 1.5175 3.6285 -3.3536 1.8384 50.3089 1.8121 0.2257
Car -1 -1 3.1103 479.8948 164.9267 536.4682 184.5536 1.5092 1.6523 4.3387 -7.9732 0.8997 56.6661 2.9709 0.2041
Car -1 -1 3.1490 525.5735 181.2615 582.3808 203.6372 1.4853 1.5474 3.8234 -3.8003 2.0723 49.4779 3.0723 0.1507
Car -1 -1 4.6859 525.8998 161.1791 545.7380 180.7040 1.7537 1.7210 4.1964 -6.8743 0.7051 66.9991 4.5838 0.1139
Car -1 -1 1.7412 491.6227 163.9583 521.4345 184.4220 1.5657 1.6758 4.0445 -8.1340 0.8851 57.2525 1.6005 0.1007
Car -1 -1 0.2744 547.2350 176.9926 603.4319 199.7454 1.5003 1.6436 3.5143 -2.3184 1.7894 49.2085 0.2271 0.0889
Car -1 -1 1.2721 482.1244 172.3946 513.5629 191.3276 1.5378 1.5468 3.8535 -9.4252 1.5005 60.6782 1.1183 0.0847
Car -1 -1 -0.0565 498.6359 161.1270 550.2708 179.1560 1.6153 1.7048 4.5933 -7.7865 0.5646 65.8807 -0.1739 0.0726
Car -1 -1 1.5311 550.8144 180.1454 577.9252 203.2623 1.4360 1.6507 3.6442 -3.0334 1.9394 47.9164 1.4678 0.0718
Car -1 -1 1.9836 475.8539 178.5445 556.1169 222.1884 1.5975 1.6503 4.2503 -3.6962 1.8462 29.2741 1.8585 0.0708
Car -1 -1 -0.7999 353.9371 175.9199 869.5613 375.0000 1.4814 1.6041 4.0796 0.3054 1.5140 5.6973 -0.7513 0.0606
Car -1 -1 4.1525 509.2357 181.4526 561.4658 204.5396 1.4679 1.6550 4.0770 -5.1377 2.0838 49.5680 4.0493 0.0556
Car -1 -1 2.2005 569.2385 176.6277 621.9078 200.0502 1.5040 1.6448 3.8160 -0.9104 1.7710 49.0205 2.1816 0.0550
Car -1 -1 0.1888 461.0703 170.6959 517.8577 191.0971 1.5754 1.6430 4.1581 -9.3889 1.4088 56.5911 0.0249 0.0538
Car -1 -1 0.1984 510.2120 180.0199 571.3752 203.3017 1.5147 1.6120 3.8553 -4.6026 2.0069 48.5616 0.1040 0.0529
Car -1 -1 4.9146 282.3793 165.6116 348.7575 212.8353 1.6452 1.5865 3.6499 -10.9423 1.3929 27.0741 4.5336 0.0526
Car -1 -1 3.1425 455.3790 180.9227 548.9476 219.4912 1.5392 1.6145 3.7863 -4.4929 1.8902 30.3173 2.9961 0.0504