Car -1 -1 2.1128 130.7784 194.2531 232.0359 237.2392 1.4454 1.6301 3.8345 -16.5461 2.3362 28.1095 1.5846 0.8404
Car -1 -1 1.9919 324.7323 184.7219 384.7948 215.3210 1.6851 1.7537 4.4727 -15.3859 2.4438 43.8241 1.6557 0.7589
Car -1 -1 1.8146 422.1879 182.2233 457.1668 201.9681 1.4735 1.7460 4.3088 -13.6205 2.2557 58.0707 1.5849 0.4612
Car -1 -1 1.6605 93.9829 202.3935 146.9359 238.4407 1.4205 1.7134 3.6154 -22.7722 2.8820 33.7025 1.0697 0.2897
Car -1 -1 1.6932 139.0979 185.3908 178.3542 213.2813 1.5794 1.5889 3.9460 -27.9921 2.3963 44.8925 1.1381 0.1660
Car -1 -1 1.6392 126.0097 185.1857 158.9421 211.0541 1.6369 1.6188 4.2600 -32.3575 2.5311 50.0645 1.0676 0.1598
Car -1 -1 4.9803 339.8057 181.1636 384.9309 208.1844 1.5766 1.6413 4.1606 -15.5323 2.1254 45.5321 4.6530 0.1426
Car -1 -1 1.2604 407.7581 182.2789 444.3669 202.2127 1.4770 1.6502 4.1530 -14.7172 2.2599 57.7385 1.0116 0.1363
Car -1 -1 1.7865 414.8107 182.1886 448.2441 204.2895 1.6088 1.6494 4.3307 -13.9037 2.3687 56.5548 1.5462 0.1180
Car -1 -1 1.3752 352.6286 188.5419 400.9273 220.2707 1.4826 1.6451 4.2203 -12.3656 2.3615 38.1790 1.0636 0.0958
Car -1 -1 1.5830 202.8563 182.5011 229.6679 205.9175 1.4805 1.5542 3.8238 -26.8699 2.1680 49.3652 1.0865 0.0957
Car -1 -1 1.9984 114.8046 187.9214 170.0436 213.4159 1.5676 1.6275 3.9866 -31.5939 2.6328 48.9235 1.4272 0.0917
Car -1 -1 1.5609 133.7931 204.1121 180.0076 240.3347 1.4455 1.7795 3.7085 -21.5554 3.0225 34.3602 1.0038 0.0864
Car -1 -1 1.6552 121.9641 198.1465 170.1948 233.4143 1.5244 1.7074 3.8309 -23.2356 2.8695 36.2816 1.0886 0.0815
Car -1 -1 1.6063 130.9826 183.3083 167.1882 213.1446 1.5373 1.5729 3.6479 -25.8161 2.1531 40.5299 1.0419 0.0815
Car -1 -1 1.7650 319.0750 187.0691 362.3833 215.9286 1.5409 1.6983 3.6712 -15.7356 2.4144 42.3911 1.4112 0.0805
Car -1 -1 1.7857 479.0394 175.8044 507.3387 194.8796 1.5462 1.5912 3.7736 -9.8041 1.8036 61.0129 1.6267 0.0779
Car -1 -1 2.1757 144.1973 183.6788 212.1991 209.7839 1.5062 1.6464 4.0666 -27.0763 2.2193 45.4459 1.6408 0.0746
Car -1 -1 3.7375 121.5273 197.2467 239.8386 236.2633 1.4922 1.6614 3.9447 -17.6243 2.5302 29.7478 3.2062 0.0714
Car -1 -1 3.1795 93.8324 187.5065 171.6429 215.3933 1.5429 1.6451 3.8387 -28.5870 2.4586 43.3968 2.5996 0.0703
Car -1 -1 0.5879 62.9575 185.1582 158.3566 214.3215 1.5231 1.6545 4.0322 -27.0884 2.2072 39.2583 -0.0131 0.0679
Car -1 -1 4.6160 169.3727 196.7096 236.7504 249.6416 1.4780 1.6019 3.8378 -13.5807 2.3392 24.0131 4.1057 0.0639
Car -1 -1 2.1282 110.3612 187.0838 176.4066 214.7523 1.5367 1.6228 3.7610 -28.2814 2.4398 43.9074 1.5585 0.0632
Car -1 -1 1.8392 175.2269 191.0429 247.9082 231.9393 1.5053 1.6728 4.0227 -16.7806 2.3313 30.6185 1.3412 0.0623
Car -1 -1 1.5294 127.5881 193.3986 184.6249 237.3424 1.4384 1.7074 4.2549 -17.6148 2.2979 27.9487 0.9711 0.0571
Car -1 -1 5.7269 126.2886 188.1806 217.1238 217.9760 1.4852 1.6658 4.0834 -24.4393 2.3905 40.4226 5.1858 0.0563
Car -1 -1 1.3566 356.8564 185.5384 403.1695 215.9175 1.5778 1.6973 4.1655 -13.2671 2.3476 41.5633 1.0490 0.0560
Car -1 -1 0.4007 309.4543 187.0810 382.9135 214.3297 1.5354 1.6197 3.7293 -15.4816 2.3915 42.5119 0.0531 0.0536
Car -1 -1 1.9104 65.1056 202.4119 144.4391 240.9379 1.4159 1.6985 3.6810 -21.9855 2.7916 31.5829 1.3060 0.0532
Car -1 -1 0.3146 402.1439 181.7669 459.1669 202.7908 1.6009 1.5927 4.0538 -14.0288 2.3127 56.6828 0.0727 0.0526
Car -1 -1 5.4635 165.8343 199.7698 281.0457 248.1582 1.4774 1.6329 3.6376 -13.8934 2.5280 26.1920 4.9796 0.0524
Car -1 -1 1.6753 220.6305 189.0513 257.6974 215.0336 1.5285 1.7264 4.3051 -24.4042 2.6503 47.6559 1.2040 0.0519