Car -1 -1 -0.3939 961.9397 177.0361 1242.0000 290.8692 1.6660 1.6848 4.1109 8.2544 1.7421 11.8862 0.2007 0.9716
Car -1 -1 0.7623 41.3868 181.8598 243.3479 257.1386 1.4961 1.6142 3.5968 -10.1423 1.7071 15.7586 0.1979 0.9526
Car -1 -1 0.8482 1210.8521 192.0533 1242.0000 243.8711 1.4240 1.6674 3.7304 21.6185 2.0891 23.1084 1.5933 0.2194
Car -1 -1 2.1307 28.1790 180.1046 84.9333 204.0107 1.5498 1.5235 3.3865 -37.9427 2.0658 49.5963 1.4801 0.2063
Car -1 -1 1.2634 1188.8242 186.7386 1242.0000 234.2565 1.4539 1.6923 3.8064 22.0776 1.9822 25.3758 1.9731 0.1923
Car -1 -1 -0.2690 1119.5829 151.2932 1242.0000 230.2706 1.5481 1.5564 3.8192 13.5362 1.1255 15.6531 0.4346 0.1764
Car -1 -1 4.5627 1101.7517 160.4071 1214.6896 227.7205 1.4229 1.5718 3.6610 12.9527 1.1598 17.2383 5.1987 0.1549
Car -1 -1 1.6696 45.2766 182.7849 88.5038 211.7585 1.4711 1.5352 3.8032 -30.0599 2.0502 40.0485 1.0288 0.1544
Car -1 -1 1.8631 18.6389 184.9681 94.3592 224.4363 1.5831 1.6016 3.9729 -24.7204 2.1630 32.3975 1.2151 0.1540
Car -1 -1 -0.1316 47.3394 179.5385 149.8140 209.9947 1.5780 1.6966 4.5125 -28.6032 1.9729 40.4800 -0.7438 0.1522
Car -1 -1 2.7448 1201.3220 188.6095 1242.0000 238.3969 1.5003 1.7049 4.1889 22.7903 2.0625 24.2271 3.4930 0.1517
Car -1 -1 4.8227 77.9737 167.1009 119.3625 195.9122 1.7337 1.6847 4.0585 -32.2266 1.3875 45.6024 4.2101 0.1501
Car -1 -1 5.2076 213.1214 171.9723 262.1899 195.0023 1.5753 1.5749 3.5775 -26.3093 1.5150 51.1600 4.7345 0.1445
Car -1 -1 0.8577 1189.4989 189.2855 1242.0000 239.3493 1.4693 1.7340 3.7851 21.9266 2.0667 24.3298 1.5846 0.1172
Car -1 -1 -0.2992 947.7910 156.2816 1043.2122 184.5801 1.5653 1.6845 4.5019 21.9330 0.6486 41.1590 0.1874 0.1148
Car -1 -1 4.6248 959.3334 161.9329 1001.0926 192.7114 1.5516 1.6239 3.9796 19.7276 1.0011 38.5241 5.0948 0.1035
Car -1 -1 3.8178 4.9386 183.0363 92.5736 211.3383 1.4880 1.5571 3.5919 -30.5262 2.0545 39.3335 3.1609 0.1008
Car -1 -1 4.7087 104.7058 172.9655 140.5175 201.2738 1.5637 1.6595 3.8971 -28.3033 1.5705 41.9530 4.1180 0.0994
Car -1 -1 1.5688 234.4229 178.9443 257.2343 199.0484 1.5013 1.5662 3.8084 -28.8185 2.0012 57.1777 1.1036 0.0985
Car -1 -1 3.6707 180.2593 171.1227 248.5872 193.7850 1.5493 1.6103 3.8893 -27.4510 1.4309 50.1913 3.1723 0.0945
Car -1 -1 0.1419 965.0973 159.0309 1055.8416 190.9027 1.5409 1.6202 3.8472 20.3529 0.8726 36.6876 0.6449 0.0899
Car -1 -1 1.2984 1219.4786 183.3549 1242.0000 237.9398 1.4741 1.5938 4.1424 20.7104 1.8343 22.5441 2.0344 0.0838
Car -1 -1 4.2971 940.3387 154.2790 1036.2443 199.9498 1.5081 1.6407 3.7270 13.3811 0.8947 25.7346 4.7718 0.0784
Car -1 -1 2.9427 955.4719 152.5844 1091.1221 198.5855 1.5019 1.6124 3.8121 14.1571 0.8401 24.9111 3.4543 0.0716
Car -1 -1 4.7814 110.2839 173.7235 177.4557 221.7571 1.4672 1.6078 3.7099 -15.4773 1.4987 24.1257 4.2159 0.0700
Car -1 -1 1.8737 1138.9425 186.8674 1239.9095 235.6003 1.4728 1.6259 3.8414 19.7701 1.9839 24.5649 2.5449 0.0670
Car -1 -1 4.6571 229.3104 173.2361 254.0735 193.8876 1.7682 1.7288 4.3675 -32.7506 1.8034 64.1883 4.1868 0.0669
Car -1 -1 1.4443 949.2267 195.5939 1045.4906 265.9547 1.4522 1.6303 3.8964 9.7302 2.0975 18.3658 1.9239 0.0666
Car -1 -1 0.5098 29.5401 167.9633 117.4587 194.2491 1.5813 1.6524 4.0628 -32.9797 1.2871 44.4789 -0.1254 0.0661
Car -1 -1 2.2028 23.4657 180.7110 107.1086 210.9443 1.5123 1.5731 3.9596 -29.3880 1.9599 39.1122 1.5615 0.0627
Car -1 -1 -0.7349 1027.6256 145.6765 1176.9437 191.9268 1.4983 1.6481 4.1662 16.6680 0.6179 24.4870 -0.1428 0.0626
Car -1 -1 4.7033 181.4288 171.5335 218.8190 203.1581 1.5887 1.6523 3.9003 -21.7649 1.5224 38.3496 4.1899 0.0611
Car -1 -1 1.0705 1123.5590 184.7890 1242.0000 230.8703 1.4687 1.6319 3.9784 20.6254 1.9364 26.1763 1.7319 0.0608
Car -1 -1 3.2684 24.3856 172.8697 177.3708 223.5039 1.4772 1.5636 3.7383 -15.7706 1.4777 22.6033 2.6646 0.0608
Car -1 -1 1.6967 30.2365 181.4392 83.4046 213.6089 1.5064 1.6623 4.0006 -28.3270 1.9731 37.0809 1.0477 0.0604
Car -1 -1 1.2822 214.9820 170.5694 249.3271 188.2032 1.5852 1.6710 4.3145 -35.0636 1.3798 66.9920 0.8014 0.0596
Car -1 -1 4.8575 125.4009 169.3555 170.4599 197.6194 1.5958 1.6711 4.0878 -27.4063 1.3982 42.9444 4.2921 0.0583
Car -1 -1 1.7425 60.1494 179.4303 97.5242 202.3293 1.5583 1.5609 3.7038 -38.3865 2.0529 52.2586 1.1112 0.0580
Car -1 -1 4.3545 130.7292 169.2008 207.8680 204.6815 1.4667 1.6177 3.9554 -19.3663 1.3157 31.6874 3.8095 0.0579
Car -1 -1 -0.5859 987.5508 157.3304 1085.1381 188.4781 1.5316 1.6584 3.9922 21.4933 0.7683 36.4190 -0.0564 0.0557
Car -1 -1 1.6627 208.4231 193.8257 267.6031 240.3289 1.4764 1.5995 3.5793 -13.6335 2.3074 26.6321 1.1933 0.0548
Car -1 -1 4.8033 178.0312 168.6255 228.3381 204.1918 1.4989 1.6122 3.8582 -18.2304 1.3207 32.4984 4.2954 0.0538
Car -1 -1 -0.7878 940.5432 159.6147 1019.6561 187.4223 1.5785 1.6510 4.2114 21.7666 0.8270 42.3990 -0.3164 0.0514
Car -1 -1 1.7892 29.8576 187.0611 89.5232 221.7282 1.4711 1.4900 3.5764 -25.9386 2.1815 34.1416 1.1431 0.0510