Car -1 -1 1.7368 373.2320 182.9476 556.3603 323.0920 1.5255 1.7334 4.2021 -1.6139 1.5496 9.9665 1.5745 0.9498
Car -1 -1 4.5266 501.3293 168.7133 541.4534 196.9673 1.4979 1.5667 3.6064 -4.4445 0.8193 40.0362 4.4118 0.1172
Car -1 -1 4.8303 434.0286 173.8853 476.7075 207.0735 1.5151 1.5994 3.7526 -6.9539 1.1669 34.7300 4.6291 0.1162
Car -1 -1 3.5002 482.3618 175.7954 546.3647 200.5040 1.5189 1.5663 3.6984 -5.4165 1.1675 45.3519 3.3770 0.0920
Car -1 -1 4.8705 514.3593 172.8403 548.2461 197.5603 1.5275 1.6101 3.7960 -4.4122 0.9916 46.3294 4.7711 0.0861
Car -1 -1 4.9054 512.8523 168.9406 562.3488 203.0487 1.5298 1.6153 4.0640 -2.9334 0.9660 34.3233 4.8158 0.0701
Car -1 -1 4.8316 470.7478 172.0354 521.9058 213.0506 1.4604 1.5343 3.4127 -3.8938 1.1229 27.3027 4.6862 0.0572
Car -1 -1 3.5089 385.8528 173.8023 477.5099 206.5639 1.4927 1.6292 3.8714 -7.9021 1.1414 33.7949 3.2759 0.0570
Car -1 -1 4.7908 490.5316 175.3642 520.5966 200.3102 1.5184 1.6064 3.9503 -5.9958 1.1442 45.7405 4.6562 0.0562
Car -1 -1 1.9341 344.7784 174.4288 427.2907 217.1868 1.5161 1.6525 4.1972 -8.1269 1.2650 27.6255 1.6455 0.0557
Car -1 -1 0.2040 400.6706 172.4453 478.9634 200.4180 1.4733 1.5820 3.8740 -8.5971 0.9958 38.6616 -0.0184 0.0553
Car -1 -1 4.5454 390.3368 178.0211 444.4359 214.4106 1.4265 1.5884 3.7358 -7.7426 1.2896 30.1879 4.2913 0.0527
Car -1 -1 4.3859 505.5532 168.5266 546.3205 191.3854 1.5173 1.5859 4.0363 -5.2089 0.6554 49.8468 4.2774 0.0521
Car -1 -1 4.7208 450.0152 171.8504 480.7350 201.4434 1.5423 1.5794 3.6658 -7.3898 1.0387 39.3819 4.5315 0.0501