Car -1 -1 1.8708 327.6759 193.6493 432.2578 259.8378 1.4346 1.5534 3.5414 -5.7663 2.0196 18.5246 1.5724 0.9766
Car -1 -1 2.0349 148.1343 197.2375 376.1100 310.0008 1.4884 1.7503 4.3941 -5.7861 1.9939 12.7237 1.6153 0.9659
Car -1 -1 1.8896 422.4019 184.4675 500.3943 229.6034 1.5233 1.6676 4.2486 -5.5792 2.0047 27.6987 1.6921 0.9592
Car -1 -1 4.2870 811.0705 185.4876 1229.8237 375.0000 1.4288 1.6961 4.1060 3.3399 1.5859 6.9140 4.7193 0.9534
Car -1 -1 4.4591 730.1478 177.2211 900.6470 284.3371 1.5017 1.6936 4.3882 3.3040 1.5906 12.4900 4.7109 0.9530
Car -1 -1 1.3924 686.5458 182.7059 758.2466 233.6011 1.3914 1.5586 3.5194 3.3851 1.7188 22.1974 1.5410 0.9529
Car -1 -1 4.5879 653.1642 177.4295 693.0195 209.5805 1.5241 1.5635 3.6454 3.1717 1.7678 36.5823 4.6731 0.8665
Car -1 -1 4.5686 670.1774 182.0359 727.1013 223.7226 1.4476 1.6183 3.9742 3.3728 1.8288 27.9477 4.6868 0.7325
Car -1 -1 1.7208 496.3588 179.8002 533.4882 207.2300 1.5138 1.6181 3.8532 -5.5574 1.9440 42.7464 1.5919 0.7252
Car -1 -1 -0.6913 1087.8080 157.0793 1242.0000 295.2536 1.4532 1.6110 4.2227 8.3319 1.2873 8.5297 0.0650 0.6249
Car -1 -1 3.8311 0.0000 188.7032 75.3018 258.9843 1.4932 1.6030 3.8001 -14.7857 1.8762 16.5774 3.1107 0.3740
Car -1 -1 0.7371 0.0000 184.9728 131.7541 244.1957 1.4541 1.5815 3.8766 -15.0220 1.7895 19.0340 0.0757 0.3521
Car -1 -1 3.8681 0.0000 224.2971 114.9872 375.0000 1.4766 1.6375 3.9569 -7.0343 2.0096 6.5078 3.0644 0.3455
Car -1 -1 2.3779 0.0000 201.4275 105.1993 375.0000 1.4459 1.5688 3.8892 -5.9340 1.7376 5.4204 1.5718 0.3420
Car -1 -1 5.0814 0.0000 208.6894 152.8955 375.0000 1.4606 1.6115 3.8264 -6.2336 1.9351 7.4854 4.4042 0.2212
Car -1 -1 4.5018 647.8683 171.0217 686.9065 197.6302 1.4957 1.5574 3.6382 3.3574 1.3927 42.4646 4.5797 0.2183
Car -1 -1 4.2047 924.5502 159.6322 1114.1173 236.8504 1.4071 1.6158 4.1221 8.3743 1.1662 15.2199 4.6992 0.2052
Car -1 -1 1.8638 749.6689 174.6598 806.8030 207.7047 1.4252 1.5125 3.9189 7.8654 1.5140 33.4213 2.0925 0.2030
Car -1 -1 1.4713 291.4595 176.0177 316.6184 195.5058 1.5748 1.5809 3.9521 -25.8975 1.8520 61.1053 1.0717 0.2026
Car -1 -1 4.4768 679.2045 169.4067 715.5433 192.8293 1.5291 1.5857 3.8874 5.9327 1.3041 49.1274 4.5959 0.1707
Car -1 -1 1.9971 569.4041 174.1126 604.9461 190.8548 1.4872 1.6552 4.2987 -2.0295 1.6076 66.7415 1.9665 0.1653
Car -1 -1 2.4161 0.0000 191.5053 81.9537 276.4803 1.5203 1.6255 3.8844 -13.9665 1.9820 15.8322 1.7015 0.1586
Car -1 -1 -0.8891 688.4851 167.1924 737.4954 190.0711 1.5965 1.6383 3.5485 7.4971 1.2014 52.1568 -0.7474 0.1429
Car -1 -1 5.0101 754.5158 173.0719 788.5659 193.4225 1.5630 1.5794 3.8963 12.9490 1.5810 57.5437 5.2300 0.1389
Car -1 -1 0.9003 308.0369 175.2335 391.6642 210.5728 1.5022 1.5549 3.7569 -11.7338 1.6150 32.5460 0.5566 0.1328
Car -1 -1 4.8051 276.0869 177.9976 320.2570 210.6156 1.4776 1.6250 3.8807 -15.2316 1.7452 35.4429 4.4017 0.1289
Car -1 -1 1.7648 262.2440 182.7083 319.9452 218.5607 1.4763 1.6325 4.1721 -14.5386 1.9591 33.1402 1.3540 0.1237
Car -1 -1 1.6249 436.8983 176.7520 464.3317 201.2217 1.4672 1.4909 3.9143 -10.0873 1.7266 45.9690 1.4098 0.1199
Car -1 -1 -0.2190 281.1449 175.5655 374.1417 209.0241 1.5297 1.6196 3.9519 -13.6655 1.6680 35.0453 -0.5885 0.1193
Car -1 -1 0.2317 228.4160 182.4244 321.9253 215.2103 1.4701 1.5915 3.7499 -15.7623 1.9386 34.1723 -0.1979 0.1143
Car -1 -1 3.9829 1108.6160 116.6320 1242.0000 205.9647 1.5536 1.6888 3.5909 12.0772 0.5758 14.3764 4.6718 0.1088
Car -1 -1 4.7996 59.1234 179.4753 98.5619 206.6974 1.4982 1.5450 3.7614 -31.3511 1.9085 42.6982 4.1691 0.1075
Car -1 -1 3.1447 682.1023 179.1680 749.6069 205.2226 1.4901 1.5981 3.8942 6.3023 1.8746 42.8639 3.2892 0.1046
Car -1 -1 1.7079 488.9223 176.3168 529.3475 208.2018 1.6998 1.7082 4.2275 -5.6527 1.9069 41.0392 1.5715 0.1007
Car -1 -1 1.6222 725.3508 172.1836 747.4352 191.6057 1.4919 1.5448 3.7130 10.1163 1.4404 57.4078 1.7954 0.0984
Car -1 -1 1.9315 0.0000 187.3700 96.7614 257.4761 1.4317 1.5803 3.8575 -14.2027 1.8290 17.6728 1.2617 0.0974
Car -1 -1 1.7662 464.3313 175.3027 495.4525 197.8399 1.5953 1.5276 3.9557 -9.5718 1.7836 53.4984 1.5896 0.0940
Car -1 -1 0.6666 341.0346 178.0383 421.0294 209.3072 1.4691 1.5677 3.5724 -11.3070 1.7355 35.7175 0.3618 0.0925
Car -1 -1 4.5446 760.1487 175.2312 806.0477 207.1058 1.4792 1.5796 3.8257 8.5329 1.6034 35.7372 4.7766 0.0924
Car -1 -1 4.1686 556.0157 174.9792 592.0344 191.3114 1.4430 1.5687 3.7898 -3.2924 1.6441 66.2805 4.1188 0.0913
Car -1 -1 -0.4063 649.5085 168.8206 721.9527 195.9086 1.5191 1.6199 3.8478 4.4038 1.2929 41.8105 -0.3025 0.0904
Car -1 -1 1.8440 309.4436 175.4915 358.4395 205.6140 1.6044 1.5419 4.0674 -15.5486 1.7615 40.8906 1.4825 0.0869
Car -1 -1 5.0652 48.6580 183.7046 155.0641 237.0209 1.4785 1.5940 3.5128 -15.8195 1.8482 22.6816 4.4615 0.0823
Car -1 -1 2.0648 0.0000 184.8190 114.6137 250.2596 1.4553 1.6021 4.0070 -14.8876 1.8041 18.9256 1.4049 0.0807
Car -1 -1 4.7847 337.3202 177.0418 375.5679 208.0710 1.4910 1.5903 3.6137 -12.9802 1.7180 37.1491 4.4505 0.0775
Car -1 -1 -0.3268 768.3092 176.0014 1074.9034 281.9948 1.4931 1.6164 4.0344 4.6218 1.5457 11.1390 0.0563 0.0768
Car -1 -1 1.2422 0.0000 192.0887 114.2856 291.8168 1.4975 1.6311 4.1739 -11.0641 1.9007 13.3264 0.5590 0.0741
Car -1 -1 4.9338 294.8891 176.6361 347.2047 209.1778 1.5033 1.5916 3.8501 -14.2527 1.7017 35.8281 4.5575 0.0730
Car -1 -1 3.0323 724.7532 178.0447 787.5314 203.5840 1.4691 1.5452 3.4988 8.6554 1.7836 42.8033 3.2300 0.0723
Car -1 -1 1.4193 766.9409 182.0085 820.8416 218.3645 1.4483 1.6518 4.4832 8.1440 1.8864 32.2158 1.6641 0.0721
Car -1 -1 3.8267 0.0000 186.3437 105.2993 250.1503 1.4622 1.6446 4.0470 -14.9963 1.8094 17.7323 3.1320 0.0719
Car -1 -1 1.4835 647.1658 175.8966 681.9459 205.1281 1.5637 1.6205 4.0076 3.0794 1.7452 41.0314 1.5574 0.0705
Car -1 -1 1.9631 379.3088 180.4155 435.0884 212.2941 1.4820 1.4463 3.5430 -10.1067 1.8815 36.2668 1.6928 0.0697
Car -1 -1 4.9379 764.7536 170.5609 799.6591 193.1792 1.6220 1.6600 4.1346 12.9480 1.4575 53.9629 5.1718 0.0687
Car -1 -1 2.0075 0.0000 183.4752 27.8396 278.5920 1.4665 1.5503 3.4905 -12.5841 1.6923 13.4458 1.2651 0.0673
Car -1 -1 1.7455 35.7823 176.4000 89.4400 206.9344 1.5799 1.6737 4.0765 -30.2694 1.7874 40.0394 1.1012 0.0661
Car -1 -1 2.0349 393.5782 183.9614 490.3245 234.8920 1.6052 1.6944 4.1372 -5.8993 2.0382 25.9169 1.8127 0.0654
Car -1 -1 1.4837 568.3013 174.8792 590.3430 192.4743 1.5218 1.6182 4.2968 -2.7615 1.7110 65.1570 1.4411 0.0643
Car -1 -1 1.4915 320.8946 172.4618 354.5405 200.3338 1.5766 1.5844 3.7063 -16.1668 1.5544 42.8278 1.1324 0.0642
Car -1 -1 0.6482 17.0401 179.0604 102.3562 206.0597 1.5278 1.5841 3.7583 -31.9501 1.8958 41.9868 0.0006 0.0634
Car -1 -1 4.5499 469.1748 173.8695 510.7346 203.8031 1.5447 1.6348 3.8840 -6.5893 1.6032 39.4775 4.3852 0.0632
Car -1 -1 4.8393 731.0226 177.0011 765.5391 203.2048 1.4987 1.5976 3.8312 8.4953 1.7634 43.9915 5.0284 0.0623
Car -1 -1 0.5826 1144.4237 148.1566 1242.0000 325.2390 1.4605 1.6320 4.3071 8.7536 1.2568 8.2195 1.3816 0.0614
Car -1 -1 2.3513 708.5692 175.0864 798.0126 210.1584 1.4847 1.6093 4.0042 6.5144 1.5909 32.5606 2.5465 0.0614