Car -1 -1 1.8544 317.8055 186.3870 482.5433 294.7805 1.5036 1.6377 3.9144 -3.3994 1.7747 12.4769 1.5928 0.9731
Car -1 -1 4.7600 517.6567 183.2086 546.4309 209.6655 1.4654 1.5453 3.3458 -4.5876 2.1074 43.0213 4.6539 0.8691
Car -1 -1 3.2537 389.1739 175.5186 478.3261 206.7558 1.5350 1.7140 4.2440 -8.8879 1.6749 36.7589 3.0177 0.5903
Car -1 -1 1.4943 526.5161 183.8204 556.4468 208.6094 1.5434 1.7065 4.2422 -4.6764 2.3241 49.1363 1.3994 0.3623
Car -1 -1 4.7096 527.7484 171.6553 551.6015 194.8625 1.5835 1.6227 3.9561 -4.9710 1.5017 51.2817 4.6131 0.2110
Car -1 -1 1.6445 403.1193 167.0453 437.0410 193.9261 1.4514 1.5767 3.8338 -10.7156 1.1378 40.9866 1.3901 0.1452
Car -1 -1 3.8945 427.1063 173.6262 491.8615 200.2289 1.5884 1.5970 3.9089 -9.3502 1.6383 44.8815 3.6899 0.1302
Car -1 -1 0.1793 502.4779 178.0084 565.2256 201.1572 1.5535 1.6373 4.0821 -5.1989 1.9163 49.8235 0.0754 0.1143
Car -1 -1 4.7411 442.3008 177.3733 475.0648 207.5497 1.4866 1.5798 3.7509 -7.9269 1.7378 38.1243 4.5370 0.1076
Car -1 -1 5.0080 420.1980 170.2877 466.1147 197.7178 1.5949 1.6758 3.8202 -10.0698 1.4457 43.9184 4.7836 0.0912
Car -1 -1 0.9137 544.1937 186.1640 603.0107 211.3348 1.4895 1.6899 4.0711 -2.3832 2.3953 47.0085 0.8628 0.0867
Car -1 -1 2.4170 540.0391 185.1521 603.1174 209.0338 1.4760 1.6965 4.1870 -2.5312 2.3431 48.8011 2.3649 0.0836
Car -1 -1 1.8049 450.3793 184.9350 491.6591 212.7481 1.4480 1.5288 3.4618 -7.7971 2.1617 40.8610 1.6171 0.0822
Car -1 -1 -0.0485 398.8972 177.3253 487.7010 209.9629 1.5240 1.6198 4.1571 -8.1624 1.7517 35.4025 -0.2738 0.0786
Car -1 -1 1.5061 541.7421 186.1236 571.0640 210.2517 1.4635 1.7003 3.7177 -3.5622 2.3800 47.8773 1.4317 0.0784
Car -1 -1 1.3333 469.1397 180.6875 516.9847 211.9929 1.5211 1.5935 4.0748 -6.2423 1.9611 38.3405 1.1726 0.0713
Car -1 -1 4.1592 384.6661 169.1351 691.8434 343.3092 1.4879 1.5761 3.9398 -1.0319 1.4561 8.1936 4.0364 0.0669
Car -1 -1 1.8440 410.8099 169.3211 457.5833 196.2070 1.4962 1.6193 4.0414 -10.1928 1.2996 42.2040 1.6081 0.0660
Car -1 -1 3.5593 398.3219 168.4354 471.2314 193.1154 1.5023 1.6292 4.1226 -10.9021 1.2334 45.0957 3.3231 0.0645
Car -1 -1 4.6049 448.0385 180.8015 491.7232 216.3349 1.5175 1.6063 3.8307 -6.5924 1.9126 33.8052 4.4133 0.0636
Car -1 -1 1.7723 473.4708 185.6853 514.2155 213.8811 1.4572 1.5651 3.7008 -6.5059 2.2178 40.8865 1.6150 0.0622
Car -1 -1 1.6235 518.8866 183.1546 547.6620 207.7406 1.4967 1.6766 4.1124 -5.0095 2.2087 47.7774 1.5191 0.0617
Car -1 -1 4.9509 411.9641 177.0157 463.1366 206.4335 1.4503 1.6423 4.4098 -9.0786 1.6846 38.4096 4.7200 0.0617
Car -1 -1 1.4008 475.8059 203.2302 565.5983 271.7119 1.4491 1.7235 3.9729 -2.4828 2.3534 19.3287 1.2737 0.0609
Car -1 -1 2.9922 362.1115 172.4443 439.0897 200.4924 1.4808 1.5869 3.8686 -11.4696 1.4592 39.6202 2.7119 0.0607
Car -1 -1 4.7769 362.5369 180.4504 396.2061 208.7699 1.4572 1.5458 3.5655 -12.7386 1.8992 40.0700 4.4707 0.0554
Car -1 -1 0.1329 534.9699 186.0097 592.1415 209.3250 1.4804 1.6899 3.5928 -3.0238 2.3709 47.8730 0.0696 0.0551
Car -1 -1 -1.1153 530.3655 185.2974 732.3754 305.7956 1.4780 1.5369 4.0393 0.5421 1.7121 11.4333 -1.0706 0.0543
Car -1 -1 2.9634 524.8982 184.3096 587.5666 207.6425 1.4960 1.6809 3.9974 -3.6250 2.2926 48.8628 2.8893 0.0541
Car -1 -1 1.8213 532.0818 178.2908 570.0395 201.4848 1.5059 1.6351 4.1897 -4.0099 1.8999 50.0838 1.7414 0.0507