Car -1 -1 1.8346 405.9651 183.0842 520.7648 256.8633 1.5008 1.6769 4.0019 -3.3527 1.7754 17.3060 1.6453 0.9579
Car -1 -1 4.6073 655.6843 177.6062 739.0153 247.7969 1.4554 1.5544 3.5297 1.9626 1.5788 16.9707 4.7195 0.9374
Car -1 -1 1.4983 604.0656 169.9956 626.6952 189.3664 1.5973 1.6326 4.1505 0.4655 1.3616 61.6204 1.5055 0.5117
Car -1 -1 5.5769 0.0000 210.4948 154.6716 375.0000 1.4784 1.5771 3.6882 -3.7018 1.7213 2.8035 4.7000 0.2028
Car -1 -1 4.5886 688.3754 159.6102 728.6286 188.8918 1.4514 1.5937 4.0194 5.1248 0.7950 37.7826 4.7221 0.1840
Car -1 -1 1.7004 601.4845 170.0655 629.1053 190.8423 1.6454 1.7189 4.4089 0.5121 1.4246 59.4444 1.7086 0.1758
Car -1 -1 4.3982 669.8638 173.8521 700.3931 190.3378 1.5155 1.6847 4.1709 7.1679 1.6138 68.8153 4.5012 0.1376
Car -1 -1 1.5581 653.6749 179.0580 675.1172 200.6550 1.5088 1.5280 3.7547 4.0337 1.9848 53.4332 1.6326 0.1134
Car -1 -1 3.2453 0.0000 191.6391 819.7766 375.0000 1.4591 1.6272 4.1330 -1.1234 1.5942 4.0695 2.9898 0.1076
Car -1 -1 4.8781 0.0000 179.7911 146.9610 375.0000 1.4961 1.6772 4.1877 -4.3158 1.5656 4.9906 4.1910 0.1044
Car -1 -1 1.4609 610.2179 169.9687 634.8365 190.1291 1.6337 1.6191 4.1446 1.0554 1.3999 60.6081 1.4779 0.1021
Car -1 -1 3.6572 332.3583 174.5686 456.8226 220.4726 1.4756 1.6009 3.7485 -7.2663 1.5367 24.4912 3.3713 0.0998
Car -1 -1 5.1223 0.0000 194.2214 372.5505 375.0000 1.4984 1.6028 3.7772 -2.0608 1.6423 2.8608 4.5396 0.0992
Car -1 -1 1.5785 651.6557 181.2157 675.0586 204.7109 1.4991 1.5369 3.8584 3.6984 2.0950 49.4363 1.6522 0.0962
Car -1 -1 1.8471 611.9692 171.7055 644.1553 190.5451 1.5535 1.6239 4.3770 1.6267 1.4588 61.8292 1.8729 0.0947
Car -1 -1 2.1061 677.6469 173.5016 715.1245 190.4463 1.5492 1.6773 4.0743 8.2425 1.6124 68.2579 2.2255 0.0939
Car -1 -1 0.3112 590.3928 169.8295 641.0473 189.4752 1.6262 1.5870 3.9959 0.5262 1.3758 61.1076 0.3195 0.0876
Car -1 -1 1.3814 609.0977 172.1659 638.7845 193.3477 1.6437 1.6470 4.0907 1.1204 1.5903 58.1465 1.4002 0.0858
Car -1 -1 1.7965 594.9586 173.1974 626.4120 193.7442 1.5712 1.6467 4.0014 0.1280 1.5995 57.3801 1.7983 0.0768
Car -1 -1 3.0648 687.8365 158.8775 760.9465 189.2920 1.4978 1.5684 3.5343 5.7549 0.8095 36.4535 3.2199 0.0750
Car -1 -1 3.2450 667.8928 174.0317 708.6080 189.9516 1.4650 1.6044 3.6545 7.3989 1.5775 67.7386 3.3530 0.0745
Car -1 -1 0.0529 602.1792 173.3270 652.6812 192.2228 1.5952 1.6693 4.2532 1.5579 1.6364 61.9583 0.0775 0.0708
Car -1 -1 4.1643 656.8839 164.0819 719.6805 193.8891 1.5769 1.6736 3.9392 4.3360 1.1128 40.3092 4.2704 0.0700
Car -1 -1 0.8060 0.0000 198.8220 158.9694 375.0000 1.4898 1.6054 4.0993 -4.9139 1.6589 3.7357 -0.0802 0.0699
Car -1 -1 2.1742 0.0000 220.9820 122.4595 375.0000 1.4349 1.6041 3.9357 -6.5088 2.0266 6.8109 1.4309 0.0663
Car -1 -1 -0.0050 621.7223 181.1989 676.1847 204.5786 1.5178 1.6120 3.5850 2.6327 2.0875 48.3701 0.0485 0.0659
Car -1 -1 4.3384 598.3760 173.6753 634.2878 192.2858 1.5557 1.6692 4.2952 0.5472 1.6298 62.8226 4.3467 0.0659
Car -1 -1 -0.1200 655.2312 176.5486 731.6105 203.6758 1.5210 1.6526 4.1959 4.7831 1.7379 41.5237 -0.0066 0.0627
Car -1 -1 1.4702 657.5764 182.9427 690.9395 209.8952 1.4715 1.5896 3.7503 3.7848 2.0947 42.6894 1.5574 0.0611
Car -1 -1 0.6206 610.9381 181.6084 669.1451 205.2937 1.4888 1.6087 3.6445 2.0254 2.0974 48.4051 0.6617 0.0606
Car -1 -1 1.2071 577.1758 171.9877 614.3420 190.6875 1.5435 1.6981 4.4991 -1.2306 1.4720 61.9622 1.1870 0.0593
Car -1 -1 1.6816 660.4524 178.9103 690.5251 202.3750 1.5167 1.6383 3.9981 4.5929 1.9529 49.8554 1.7724 0.0590
Car -1 -1 2.8125 651.2937 180.1257 710.2521 203.5565 1.5058 1.5705 3.6120 4.7511 2.0043 48.2825 2.9095 0.0586
Car -1 -1 1.5996 502.8254 179.1600 527.1097 201.6129 1.4907 1.5888 3.9182 -6.6615 1.9548 51.0739 1.4701 0.0581
Car -1 -1 2.2147 0.0000 181.1773 539.0800 375.0000 1.4653 1.6650 3.9678 -1.9807 1.5462 4.8751 1.8459 0.0581
Car -1 -1 3.2577 683.7691 158.1519 768.9537 187.3862 1.4946 1.6412 4.2993 6.2060 0.7429 38.2624 3.4171 0.0569
Car -1 -1 2.7748 586.3858 169.6201 645.1625 190.9248 1.6990 1.6353 4.5293 0.5103 1.4411 59.1030 2.7830 0.0563
Car -1 -1 5.4733 0.0000 0.0000 1242.0000 375.0000 1.5467 1.6225 4.1078 -3.1118 1.5594 1.9914 4.5326 0.0540
Car -1 -1 1.3852 694.1929 172.4771 744.2430 205.9585 1.4421 1.5604 3.9020 4.9575 1.4259 33.0574 1.5322 0.0532
Car -1 -1 1.7330 506.9323 176.8291 549.7133 205.9113 1.4555 1.6327 4.1330 -4.3078 1.6808 38.7937 1.6227 0.0502