Car -1 -1 1.3771 675.8553 188.8821 789.9415 268.3862 1.4102 1.6547 3.9594 2.5159 1.8018 15.6183 1.5328 0.9701
Car -1 -1 1.6888 466.6187 185.7057 548.4078 250.2961 1.5017 1.6977 4.3337 -2.6799 1.8936 19.8223 1.5553 0.9367
Car -1 -1 4.6588 646.1195 181.1201 683.7441 215.9477 1.5784 1.6391 3.6476 2.6698 2.0052 35.4149 4.7328 0.8413
Car -1 -1 1.6481 536.6198 183.5421 572.0074 216.2459 1.4597 1.4541 3.3040 -2.6346 2.0017 34.9383 1.5728 0.8204
Car -1 -1 4.0500 914.3918 213.0271 1242.0000 375.0000 1.4719 1.6219 3.7285 2.7411 1.7380 2.8793 4.7598 0.5768
Car -1 -1 1.8475 512.4706 173.8542 546.1810 194.1193 1.5375 1.6673 3.7998 -6.2926 1.6192 56.9535 1.7376 0.4285
Car -1 -1 1.4327 671.5935 187.7036 744.7323 246.6393 1.4810 1.5752 3.8000 2.7739 1.9524 20.9999 1.5612 0.4154
Car -1 -1 -0.3458 653.4193 186.3294 795.0161 240.9392 1.5005 1.6926 3.8419 3.3898 1.9266 21.6169 -0.1933 0.2745
Car -1 -1 4.1320 1016.1846 167.4655 1242.0000 371.8730 1.4661 1.6884 4.1193 5.9759 1.4274 7.2994 4.7979 0.1512
Car -1 -1 1.3737 534.8965 175.4530 560.0021 193.1294 1.6137 1.6308 3.9754 -5.9375 1.8687 68.6363 1.2874 0.1396
Car -1 -1 1.9964 622.8319 173.7336 660.3278 194.3704 1.6369 1.6056 3.9442 2.6783 1.7121 59.5344 2.0407 0.1395
Car -1 -1 1.4790 670.3705 210.4850 1242.0000 375.0000 1.4663 1.5908 3.7194 1.4961 1.7212 2.8691 1.9168 0.1194
Car -1 -1 2.7511 607.5567 189.8454 763.9948 247.4533 1.5004 1.6542 4.2175 2.1981 2.0279 21.0071 2.8529 0.1117
Car -1 -1 4.7484 712.1697 179.9430 749.4304 214.8422 1.4885 1.5792 3.5818 5.6643 1.8361 33.4647 4.9141 0.1074
Car -1 -1 -0.1178 646.7302 180.6970 739.0197 215.3904 1.5931 1.6636 4.1957 3.9150 1.9758 34.3590 -0.0059 0.1059
Car -1 -1 4.8012 466.3204 179.7469 505.0513 211.8023 1.4319 1.5341 3.4284 -5.9204 1.7809 34.7620 4.6333 0.1026
Car -1 -1 3.9430 448.4631 177.1084 516.9769 207.0810 1.5052 1.5703 3.5393 -6.7670 1.7414 38.3855 3.7693 0.0954
Car -1 -1 1.6212 663.8869 177.1264 689.1794 200.4722 1.4935 1.5121 4.0059 4.5823 1.7961 49.0134 1.7134 0.0952
Car -1 -1 1.5484 643.9397 180.1073 676.8757 211.6805 1.4983 1.5953 3.9232 2.5727 1.8918 37.1532 1.6164 0.0863
Car -1 -1 1.5768 669.5607 171.3812 691.9529 195.7792 1.7436 1.5951 3.9765 5.3005 1.6383 53.6246 1.6743 0.0820
Car -1 -1 1.9220 516.6693 177.4651 554.6151 197.8695 1.5618 1.6682 4.3466 -5.9519 1.9510 58.5866 1.8209 0.0812
Car -1 -1 4.8003 642.2221 180.5908 676.8024 208.8133 1.4546 1.6058 3.6679 2.8227 1.9063 40.1884 4.8694 0.0791
Car -1 -1 1.5097 781.0555 198.2647 861.0663 269.9383 1.4547 1.6621 4.1366 5.2715 2.1800 18.3992 1.7833 0.0787
Car -1 -1 4.5617 664.9103 187.7301 735.3306 241.6675 1.4693 1.6212 3.7612 2.7477 1.9748 22.6125 4.6801 0.0786
Car -1 -1 0.5609 0.0000 0.0000 1218.0968 375.0000 1.5357 1.6663 4.3691 2.4483 1.7179 1.4771 1.5030 0.0726
Car -1 -1 1.5493 622.3015 174.3149 642.5567 193.5750 1.5137 1.5676 3.8077 1.8403 1.6368 58.9087 1.5800 0.0654
Car -1 -1 3.1356 500.8737 173.5194 549.1730 193.6079 1.5380 1.6418 3.6924 -6.5994 1.5910 56.3521 3.0193 0.0641
Car -1 -1 -1.0368 869.0327 212.8320 1242.0000 375.0000 1.4646 1.6545 4.2066 3.6062 1.7395 3.5712 -0.2881 0.0628
Car -1 -1 4.8008 623.5615 181.0787 657.1892 208.9060 1.4375 1.5589 3.6821 1.7630 1.9193 40.3387 4.8436 0.0626
Car -1 -1 4.6643 700.8748 185.5268 765.2113 244.8090 1.5244 1.6732 4.0418 3.5952 1.9399 21.5554 4.8265 0.0613
Car -1 -1 1.3142 722.5820 174.8965 782.8295 212.2754 1.4709 1.5775 3.7840 5.9830 1.5628 30.5443 1.5053 0.0613
Car -1 -1 1.6814 510.4980 172.9739 537.6656 194.4468 1.5916 1.6237 4.1807 -6.5473 1.6012 55.6009 1.5644 0.0589
Car -1 -1 1.5344 643.8309 186.4537 702.1522 243.1660 1.4863 1.5946 3.7803 1.8350 1.9327 21.7580 1.6165 0.0582
Car -1 -1 4.6103 502.8810 174.1611 529.4709 194.2626 1.5242 1.6711 4.2044 -7.4425 1.6320 57.2410 4.4813 0.0571
Car -1 -1 0.8690 1107.3286 154.0680 1242.0000 375.0000 1.4771 1.5739 3.8298 5.9189 1.3803 5.6874 1.6484 0.0550
Car -1 -1 -0.7059 677.6752 173.5447 739.5566 197.0261 1.5279 1.6680 4.0331 6.7223 1.5764 48.8450 -0.5704 0.0549
Car -1 -1 4.2943 529.4489 185.0874 626.4412 238.1956 1.4808 1.6459 3.9502 -1.1118 1.9110 23.2364 4.2462 0.0549
Car -1 -1 0.7329 0.0000 0.0000 1126.7457 375.0000 1.4975 1.6454 3.9616 1.4130 1.5793 1.0400 1.5433 0.0547
Car -1 -1 0.1049 643.9152 179.9520 722.5704 208.5236 1.4597 1.6132 4.0473 3.9689 1.8519 38.6641 0.2059 0.0543
Car -1 -1 -0.6590 723.2227 174.9816 816.4017 209.2668 1.4785 1.6187 3.9955 7.3149 1.5802 32.8993 -0.4426 0.0542
Car -1 -1 1.5584 672.4139 177.4399 699.0045 204.3700 1.6584 1.6594 4.3713 4.9752 1.9743 47.4512 1.6617 0.0540
Car -1 -1 1.7875 481.8951 188.0070 559.1757 241.0654 1.4905 1.6670 3.9685 -2.7982 2.0273 23.5011 1.6695 0.0539
Car -1 -1 3.0224 646.7977 177.7667 712.2244 202.0472 1.5909 1.6022 4.2123 4.6654 1.9267 48.4729 3.1173 0.0539
Car -1 -1 3.1932 501.1931 175.0309 554.7061 195.2916 1.5956 1.7580 4.1913 -6.5279 1.7738 58.0440 3.0814 0.0535
Car -1 -1 2.0829 709.1627 234.9137 1242.0000 375.0000 1.4715 1.5985 4.0861 2.4966 1.7563 2.0430 2.8984 0.0525
Car -1 -1 1.7019 615.6536 180.7659 654.8978 211.1811 1.4533 1.5662 3.6784 1.3799 1.8851 37.4322 1.7378 0.0524
Car -1 -1 3.2037 507.3515 173.9633 560.6579 194.3149 1.5814 1.6946 4.0972 -5.9448 1.6707 57.1007 3.1001 0.0521