Car -1 -1 1.8299 405.2973 181.1100 464.6847 216.2465 1.4753 1.6550 4.1179 -7.9855 1.8807 33.3525 1.5963 0.9450
Car -1 -1 1.6982 487.2482 180.4879 514.9824 200.5243 1.4609 1.6351 4.0133 -8.4040 2.0767 56.1750 1.5499 0.5012
Car -1 -1 4.6798 440.8681 173.7378 466.7489 196.4620 1.4927 1.6139 3.9949 -10.7584 1.5562 49.6953 4.4674 0.2765
Car -1 -1 1.8605 474.6494 178.1545 513.7551 202.3247 1.6851 1.6908 4.3458 -8.5084 2.0953 53.5644 1.7033 0.1910
Car -1 -1 1.4612 396.4453 182.8332 424.0011 204.4541 1.5017 1.5800 3.8768 -14.9862 2.2795 54.1414 1.1921 0.1763
Car -1 -1 1.4571 488.0002 178.2302 517.3676 201.8528 1.6120 1.6524 4.1291 -7.8051 2.0192 52.4494 1.3097 0.1140
Car -1 -1 1.6999 524.4563 179.8318 552.9798 200.7199 1.4583 1.6032 4.0719 -5.2434 1.9986 53.8099 1.6028 0.1101
Car -1 -1 1.8229 485.8152 179.6055 521.1688 201.9060 1.5817 1.6434 4.2331 -7.9910 2.1140 54.6962 1.6781 0.0787
Car -1 -1 1.9486 423.9797 171.8959 473.3750 197.8528 1.6079 1.6411 4.3526 -10.4052 1.5486 46.9756 1.7315 0.0731
Car -1 -1 2.0842 459.0071 177.7130 507.8301 201.4583 1.6141 1.6541 4.1396 -9.0665 1.9805 52.1852 1.9127 0.0699
Car -1 -1 1.4000 527.9042 180.0161 557.1978 200.4854 1.4622 1.5954 3.8284 -5.1446 2.0290 55.0380 1.3068 0.0676
Car -1 -1 5.1405 399.0650 185.6532 459.7863 217.1365 1.5024 1.6396 3.8954 -9.4572 2.2163 38.1784 4.8988 0.0631
Car -1 -1 1.5626 384.2941 182.7121 410.1641 206.1547 1.5013 1.6628 4.2034 -14.8297 2.2200 50.3540 1.2772 0.0592
Car -1 -1 1.4707 440.9651 171.9519 473.7051 198.2878 1.5959 1.6372 4.1067 -9.7282 1.5412 45.9276 1.2628 0.0585
Car -1 -1 2.5587 321.4281 187.1026 410.8558 220.0937 1.4540 1.6080 3.9464 -11.9502 2.1977 35.6165 2.2368 0.0566
Car -1 -1 1.2927 370.5505 183.3372 407.9785 205.2577 1.4927 1.6434 3.8595 -16.2660 2.2953 53.1768 0.9969 0.0561
Car -1 -1 0.2645 471.9773 180.6272 526.2595 200.6773 1.4835 1.6438 3.8088 -8.4296 2.0896 55.2202 0.1133 0.0554
Car -1 -1 2.9737 464.2582 178.3423 527.5013 201.4324 1.6570 1.6914 4.4564 -8.5131 2.0793 54.0078 2.8177 0.0510
Car -1 -1 1.3635 476.6211 179.8992 508.8538 201.4018 1.5364 1.6146 4.1541 -8.9811 2.0976 55.2436 1.2027 0.0501