Car -1 -1 4.4320 695.5343 185.0399 921.2413 338.0981 1.5348 1.6705 4.3533 2.3687 1.7378 9.8051 4.6608 0.9708
Car -1 -1 2.0063 8.9846 210.5788 433.3113 375.0000 1.3507 1.5925 3.6744 -2.7994 1.7715 6.1923 1.5965 0.9592
Car -1 -1 3.5009 245.6362 192.7667 421.8455 254.8966 1.4177 1.5775 3.7357 -6.6965 1.9299 17.7680 3.1448 0.8980
Car -1 -1 4.6292 629.1385 184.8942 661.5187 211.4333 1.4588 1.6151 4.0328 2.1149 2.2198 43.5598 4.6767 0.8904
Car -1 -1 0.3863 386.2162 188.1590 498.9514 227.5418 1.4139 1.5355 3.9466 -6.4027 2.0268 27.8159 0.1615 0.7416
Car -1 -1 3.5809 61.2992 195.3915 355.7991 285.6020 1.4323 1.6438 4.2987 -6.9494 1.8624 12.8438 3.0931 0.6605
Car -1 -1 -0.1628 698.5013 182.4144 773.2285 206.9776 1.4873 1.7596 4.3901 7.8809 2.0993 45.2859 0.0079 0.4565
Car -1 -1 0.1515 428.1433 169.0928 510.5409 195.5900 1.4380 1.6708 4.2872 -7.7354 1.2339 40.0747 -0.0383 0.3842
Car -1 -1 0.1323 418.6626 186.1535 506.8202 219.2046 1.4470 1.5374 3.8026 -6.7008 2.0753 33.1989 -0.0658 0.3712
Car -1 -1 3.4716 410.0001 190.2030 510.3708 226.8985 1.4352 1.5616 3.8130 -6.2152 2.1858 30.2002 3.2697 0.2778
Car -1 -1 1.7673 516.7288 178.6771 548.8872 200.4474 1.4978 1.5954 3.9476 -5.5712 1.9401 52.7708 1.6622 0.2751
Car -1 -1 4.7548 529.7136 168.9194 555.9909 193.9259 1.6540 1.6342 3.9551 -4.5617 1.3937 49.7386 4.6635 0.2719
Car -1 -1 1.4470 507.5607 177.0004 533.6966 196.5709 1.4921 1.5958 4.0836 -7.1945 1.8386 58.1100 1.3240 0.2633
Car -1 -1 1.3371 329.7308 179.7175 372.7064 204.9600 1.4341 1.6049 3.9860 -15.8793 1.8751 44.2479 0.9942 0.2373
Car -1 -1 4.7391 501.5584 181.8077 531.9368 210.3552 1.5058 1.6177 3.8803 -5.2740 2.0436 41.3306 4.6125 0.2357
Car -1 -1 0.1425 444.3401 188.4649 524.6178 218.4406 1.4873 1.6189 3.9257 -6.4636 2.3187 37.5628 -0.0273 0.2289
Car -1 -1 3.3724 33.9460 189.5554 148.7297 226.6835 1.4669 1.5804 3.7716 -22.3266 2.2235 31.2457 2.7558 0.2255
Car -1 -1 0.3926 354.1229 190.7068 475.3439 233.8618 1.4149 1.5887 3.8290 -6.8563 2.0731 25.5585 0.1325 0.2250
Car -1 -1 1.7571 493.7176 185.7910 537.4675 216.2547 1.4762 1.6086 4.0095 -4.9875 2.2077 38.7519 1.6294 0.2009
Car -1 -1 1.6533 360.2590 182.8570 384.2207 201.7946 1.4737 1.5891 3.8135 -19.8133 2.3385 60.3427 1.3371 0.1909
Car -1 -1 3.1608 612.2805 178.0199 661.6449 197.1507 1.4963 1.6693 3.9013 2.2104 1.9175 57.8885 3.1983 0.1809
Car -1 -1 3.4893 486.9889 180.7248 544.2335 202.3834 1.4913 1.6239 3.7419 -6.7231 2.0689 51.7523 3.3604 0.1778
Car -1 -1 4.3458 763.6030 171.8501 812.9900 199.3107 1.5014 1.5705 3.5406 10.1754 1.4465 41.3054 4.5853 0.1765
Car -1 -1 4.7454 94.5381 187.4334 141.9101 224.0608 1.4758 1.6336 3.8155 -22.2371 2.1791 32.7546 4.1526 0.1721
Car -1 -1 4.8417 432.4326 184.4693 477.4568 218.4844 1.4582 1.6139 3.6522 -7.2489 2.0375 34.1026 4.6334 0.1618
Car -1 -1 4.0545 299.9875 186.1648 423.0589 243.4811 1.4572 1.5331 3.4796 -7.1381 1.8683 20.6856 3.7256 0.1591
Car -1 -1 4.6832 624.9767 178.1857 647.4371 197.6319 1.5020 1.7107 3.8532 2.1386 1.9501 58.7210 4.7190 0.1543
Car -1 -1 1.4309 404.9750 186.8434 469.0287 232.6502 1.4218 1.6729 4.2287 -6.3056 1.9711 26.0581 1.1952 0.1536
Car -1 -1 1.2804 789.1508 164.6553 846.8189 198.4363 1.5516 1.5760 4.1108 10.0881 1.1750 35.2062 1.5569 0.1450
Car -1 -1 4.6451 487.1395 163.0458 517.8683 189.8898 1.6549 1.6956 4.0435 -6.9580 1.0502 46.6383 4.4975 0.1364
Car -1 -1 -0.2912 804.7150 168.9496 899.3860 202.2078 1.5132 1.6092 3.8898 11.2655 1.3355 33.6885 0.0286 0.1362
Car -1 -1 3.2243 525.5246 170.1291 581.7546 192.4874 1.4819 1.5834 3.6588 -3.7380 1.3013 48.6247 3.1476 0.1354
Car -1 -1 1.7514 180.2777 185.7353 221.3313 211.9416 1.5422 1.6068 4.0184 -26.4216 2.4154 46.7481 1.2392 0.1284
Car -1 -1 1.2694 685.8000 184.0849 736.4872 212.7560 1.4658 1.6834 4.0930 5.6688 2.1334 40.7338 1.4060 0.1157
Car -1 -1 4.8065 214.6043 182.4428 257.4857 214.2617 1.4385 1.5357 3.7003 -18.4881 1.9412 35.8294 4.3329 0.1135
Car -1 -1 1.3294 838.8548 169.8573 895.7885 203.7326 1.4519 1.5587 3.8224 11.6765 1.3235 32.9036 1.6672 0.1112
Car -1 -1 4.5049 601.9404 181.3520 631.3628 201.2708 1.5302 1.6708 3.7509 0.5472 2.2503 59.1416 4.5136 0.1105
Car -1 -1 1.7054 401.6607 192.5618 467.5014 242.4258 1.4365 1.6044 4.3915 -5.9205 2.1768 24.8394 1.4732 0.1046
Car -1 -1 1.4283 464.3384 185.2442 513.6816 222.9773 1.4486 1.5562 3.9536 -5.2711 2.0210 31.2126 1.2618 0.1001
Car -1 -1 1.8219 669.9536 185.1608 718.2400 215.9572 1.4886 1.6420 3.9644 4.5905 2.1859 38.7364 1.9383 0.0989
Car -1 -1 4.1297 838.4147 169.3548 900.0786 196.2623 1.4752 1.5702 3.6698 14.8780 1.2834 41.5276 4.4711 0.0957
Car -1 -1 4.8518 158.5451 185.3634 206.6705 218.5327 1.5233 1.5954 3.6607 -21.6129 2.1931 36.6377 4.3218 0.0920
Car -1 -1 1.8193 16.5786 196.6283 87.7298 235.2277 1.4483 1.5883 3.6708 -24.2647 2.5534 31.5373 1.1674 0.0909
Car -1 -1 1.2264 692.8586 185.1698 749.5045 215.8378 1.4825 1.7063 4.1299 5.9339 2.1827 38.8297 1.3762 0.0904
Car -1 -1 -0.3929 774.1800 171.5295 848.9312 198.5725 1.4739 1.5686 3.7053 11.2622 1.4017 40.3310 -0.1228 0.0900
Car -1 -1 -0.4778 692.2061 187.1308 769.3611 215.9437 1.4849 1.6586 3.8860 6.7016 2.3028 39.9487 -0.3135 0.0885
Car -1 -1 1.3608 355.0286 180.0973 387.7519 201.8329 1.6208 1.6348 4.2268 -19.0232 2.2209 57.5341 1.0426 0.0871
Car -1 -1 3.6166 0.0000 196.0695 76.9535 234.1883 1.4772 1.6395 3.8254 -25.1889 2.5010 30.6210 2.9324 0.0870
Car -1 -1 0.2715 477.4606 189.7131 580.7498 227.6010 1.4639 1.6252 3.9772 -3.3106 2.1911 29.9997 0.1618 0.0863
Car -1 -1 1.5663 93.5861 187.5387 141.9032 227.5370 1.5035 1.6107 3.9597 -20.9419 2.1717 30.7449 0.9722 0.0851
Car -1 -1 1.7635 701.1696 186.6900 726.6290 202.5289 1.3620 1.6895 3.6772 9.7984 2.6966 67.5808 1.9064 0.0849
Car -1 -1 4.6283 515.7112 169.5379 545.9084 195.7392 1.7311 1.7127 4.4171 -5.4995 1.5120 50.0045 4.5189 0.0843
Car -1 -1 3.7207 470.5578 184.6842 537.3939 211.0033 1.4762 1.6034 3.6967 -6.3427 2.2113 43.3287 3.5757 0.0834
Car -1 -1 1.7710 341.1714 180.7016 382.2805 206.5047 1.4443 1.6172 3.7932 -14.9121 1.9399 43.5793 1.4428 0.0830
Car -1 -1 2.7810 487.7596 186.1972 565.3873 216.3536 1.4641 1.5676 3.7449 -4.3572 2.1948 37.9589 2.6669 0.0827
Car -1 -1 1.2899 675.3147 190.5728 718.1426 216.9743 1.4603 1.6391 3.7641 5.3335 2.6037 44.5710 1.4075 0.0823
Car -1 -1 1.0019 337.5430 183.9742 380.7705 203.3327 1.4886 1.5452 3.8205 -20.6073 2.4306 59.3304 0.6687 0.0806
Car -1 -1 4.2422 803.1030 190.1734 883.0261 229.5822 1.3998 1.6016 3.6100 9.3652 2.1471 29.2212 4.5487 0.0758
Car -1 -1 0.1261 460.8107 180.9479 544.5704 209.6430 1.5292 1.6785 4.3957 -5.8481 1.9859 39.8297 -0.0193 0.0727
Car -1 -1 1.3709 783.0339 164.9050 832.0901 196.5077 1.5334 1.6408 4.0746 10.1087 1.1477 37.0954 1.6346 0.0722
Car -1 -1 4.6047 612.1998 178.0528 636.6630 197.6427 1.5051 1.5952 3.5909 1.1722 1.9385 58.2823 4.6242 0.0698
Car -1 -1 1.7115 483.5694 186.0456 532.8884 224.0018 1.4600 1.5619 3.8960 -4.2958 2.0636 31.0622 1.5747 0.0698
Car -1 -1 3.3835 330.1808 179.6682 397.4508 205.0988 1.4824 1.5688 3.5644 -14.7683 1.9019 43.4891 3.0577 0.0691