Car -1 -1 1.6680 543.9862 184.4186 594.0282 223.1276 1.4823 1.6967 4.1949 -1.2377 1.6122 29.9667 1.6218 0.9340
Car -1 -1 1.4511 551.0599 174.1984 574.0566 191.6034 1.5089 1.5835 3.9004 -3.4166 0.8748 64.3346 1.3934 0.3044
Car -1 -1 -0.1526 531.2321 171.3686 600.3943 196.6182 1.5315 1.6300 4.1022 -2.1741 0.9163 44.7886 -0.2058 0.1773
Car -1 -1 1.9013 520.1151 177.6322 567.8310 203.6560 1.4166 1.5812 3.8191 -3.1767 1.2054 41.1490 1.8197 0.1475
Car -1 -1 4.6663 556.5176 169.9224 585.8826 196.5521 1.6283 1.6673 4.2227 -1.9148 0.9197 46.1036 4.6201 0.1417
Car -1 -1 4.6532 582.8290 184.6051 622.9330 220.0554 1.5145 1.5931 3.8193 0.0626 1.6649 32.9854 4.6499 0.1195
Car -1 -1 1.3601 531.8176 175.1741 562.6716 196.3398 1.5626 1.5572 3.9234 -4.1148 1.0947 55.1365 1.2810 0.1095
Car -1 -1 2.9211 509.0100 174.0077 580.7071 201.4911 1.6383 1.6927 4.1289 -3.4298 1.1909 44.2421 2.8392 0.0998
Car -1 -1 3.9421 481.8944 176.6977 554.2448 202.5905 1.4143 1.6244 4.2323 -4.7568 1.1513 41.2001 3.8229 0.0991
Car -1 -1 4.7230 558.7558 184.0171 596.8147 219.8473 1.5339 1.6441 3.8794 -1.0257 1.6557 32.9856 4.6870 0.0955
Car -1 -1 2.1367 497.1570 176.3272 560.4312 204.1175 1.4507 1.5738 4.0170 -3.8880 1.1801 39.6473 2.0345 0.0871
Car -1 -1 3.2638 483.3769 176.9399 556.0222 203.0429 1.4344 1.5919 3.8871 -4.4854 1.1832 40.2834 3.1486 0.0718
Car -1 -1 1.3470 581.1870 180.8191 642.5165 219.9509 1.5214 1.6502 4.2183 0.4009 1.4944 30.1647 1.3550 0.0705
Car -1 -1 1.7109 534.6112 173.2838 563.7891 196.0421 1.4981 1.4925 3.7960 -3.4706 0.9565 49.2282 1.6360 0.0692
Car -1 -1 -0.4174 584.0358 185.7522 685.6505 221.5337 1.4958 1.6783 4.1947 1.5314 1.6935 31.9463 -0.3751 0.0670
Car -1 -1 1.6490 518.0945 174.2605 551.1786 200.3907 1.4547 1.6201 4.2242 -3.8061 1.0510 42.1153 1.5544 0.0658
Car -1 -1 1.2615 537.7651 184.4522 589.0994 214.5115 1.5672 1.6708 4.1035 -2.1207 1.7403 40.0990 1.2038 0.0621
Car -1 -1 1.8309 515.5369 177.0123 564.3760 206.9288 1.5184 1.6275 4.0981 -3.1850 1.2900 38.6181 1.7440 0.0619
Car -1 -1 0.0832 536.4066 173.7574 582.3138 190.9986 1.4955 1.5871 3.9160 -3.5827 0.8229 63.1459 0.0219 0.0527
Car -1 -1 4.7753 498.5571 179.4467 550.0184 225.1984 1.5317 1.6260 3.6258 -2.6773 1.4625 25.8956 4.6681 0.0510
Car -1 -1 1.7972 521.6999 173.8881 563.9866 201.8744 1.6333 1.6996 4.2119 -3.4773 1.1883 44.1279 1.7140 0.0501