Car -1 -1 4.9899 329.1708 184.7463 457.9713 266.2427 1.4639 1.5827 3.4807 -4.1994 1.4555 14.6554 4.7153 0.9766
Car -1 -1 5.1947 124.2313 186.1095 293.6808 263.5083 1.4398 1.5890 3.6450 -8.2281 1.4610 15.2412 4.7068 0.9742
Car -1 -1 4.8651 466.9037 179.3761 523.9664 219.9746 1.4500 1.6266 3.4971 -4.1942 1.2414 27.4243 4.7144 0.9633
Car -1 -1 4.6199 655.7886 180.2296 697.2831 212.9022 1.3823 1.5295 3.3879 3.0483 1.1714 32.1080 4.7133 0.9380
Car -1 -1 4.7759 592.7155 176.4902 627.7728 206.1458 1.4491 1.5783 3.5319 0.1985 1.0227 36.9422 4.7808 0.8351
Car -1 -1 4.8135 512.9416 177.5250 549.5355 206.3603 1.4589 1.5537 3.8289 -3.9965 1.0698 38.2860 4.7098 0.8062
Car -1 -1 5.0578 297.6893 166.7098 392.3516 217.3229 1.5132 1.6023 4.0619 -8.4469 0.9599 23.5267 4.7165 0.6741
Car -1 -1 1.5742 624.3768 174.1906 643.6025 192.2835 1.5364 1.6323 3.8808 2.3543 0.6002 63.0139 1.6110 0.4246
Car -1 -1 4.9085 443.6303 175.0851 488.1741 204.2006 1.5089 1.6222 4.0445 -7.6582 0.9839 39.2813 4.7169 0.3752
Car -1 -1 4.7631 579.5662 177.1177 607.8529 201.3039 1.4426 1.5719 3.7442 -0.8035 0.9596 44.7723 4.7448 0.3546
Car -1 -1 4.8133 563.1956 176.7342 595.7278 201.2409 1.4524 1.6238 3.9714 -1.6782 0.9497 44.6356 4.7755 0.2810
Car -1 -1 1.6470 494.2008 174.5072 514.7424 191.1938 1.5448 1.6284 4.1587 -9.7831 0.5534 68.6765 1.5057 0.2702
Car -1 -1 1.6100 540.7438 177.1388 561.4127 196.1143 1.5483 1.5824 3.9919 -4.7075 0.8893 60.6787 1.5325 0.2675
Car -1 -1 5.0203 380.3956 165.7912 445.9079 201.5486 1.4728 1.6575 3.9158 -8.4436 0.6727 31.6041 4.7611 0.2563
Car -1 -1 4.9494 653.5463 171.8167 683.4760 190.9930 1.5619 1.6073 4.0805 5.2160 0.4706 60.7390 5.0343 0.2310
Car -1 -1 0.4041 208.7087 165.8986 371.0209 219.9758 1.6252 1.7834 4.2935 -9.8322 1.0447 22.5033 -0.0036 0.1905
Car -1 -1 4.9155 456.3998 161.6285 493.7034 188.1822 1.7608 1.7285 4.1672 -9.0955 0.1967 49.7713 4.7355 0.1829
Car -1 -1 1.8276 683.2598 173.3954 712.2886 193.7347 1.6427 1.5320 3.6419 7.5930 0.6880 60.0332 1.9525 0.1673
Car -1 -1 4.7333 586.6769 161.3366 607.1810 180.3578 1.5293 1.6505 4.2080 -0.8408 -0.4264 60.9850 4.7193 0.1644
Car -1 -1 3.5382 336.2508 168.2296 437.1402 203.5570 1.4455 1.6072 3.7497 -9.2835 0.7505 30.4046 3.2441 0.1436
Car -1 -1 1.6425 350.1823 162.1530 386.6940 191.8184 1.5606 1.6269 4.0886 -13.2292 0.3474 39.9980 1.3250 0.1363
Car -1 -1 1.6413 477.1902 174.9219 527.6049 218.8339 1.7003 1.7614 4.5650 -4.3168 1.3018 30.1745 1.5000 0.1324
Car -1 -1 1.4740 691.9605 182.5331 727.6063 210.4816 1.4826 1.6139 3.5871 5.6576 1.3403 39.9606 1.6132 0.1291
Car -1 -1 3.4420 433.0968 166.4681 494.2306 188.6373 1.4722 1.5952 3.7594 -9.7034 0.2272 48.7261 3.2462 0.1093
Car -1 -1 4.3693 575.1080 164.2695 608.2927 183.2718 1.5192 1.5766 3.8044 -1.3266 -0.1677 59.9524 4.3470 0.1051
Car -1 -1 1.5733 674.7975 183.5660 705.4027 211.5071 1.4823 1.6169 3.5429 4.6123 1.3948 39.9888 1.6869 0.0963
Car -1 -1 1.8156 560.0124 174.4190 603.9288 202.1491 1.5577 1.6484 4.1058 -1.4372 0.9512 42.5597 1.7817 0.0941
Car -1 -1 1.5368 621.0507 171.7741 643.8388 193.7144 1.7815 1.7689 4.2332 2.0912 0.6901 60.4873 1.5708 0.0919
Car -1 -1 4.6386 473.9988 163.4332 501.0811 187.4738 1.7063 1.6898 3.9232 -8.8750 0.1603 53.1264 4.4737 0.0893
Car -1 -1 3.4554 549.6941 176.5091 616.7607 201.2830 1.4777 1.5978 3.8118 -1.4615 0.9584 44.1731 3.4222 0.0884
Car -1 -1 3.3955 650.3967 174.4832 699.7750 193.1188 1.5056 1.6022 3.7866 5.6209 0.6385 59.4747 3.4889 0.0884
Car -1 -1 3.2073 573.5549 162.9588 622.6183 181.3941 1.5072 1.6326 4.0011 -0.7368 -0.3243 60.0745 3.1948 0.0779
Car -1 -1 4.4258 567.8663 163.4856 600.1740 182.3284 1.5252 1.6552 4.0772 -2.0058 -0.2540 61.0559 4.3929 0.0760
Car -1 -1 4.7098 651.3062 171.5187 671.2004 190.1485 1.4965 1.5951 4.1799 4.4956 0.3962 59.8859 4.7840 0.0735
Car -1 -1 1.7886 584.3103 176.5693 623.0113 201.6230 1.4603 1.5754 3.8166 -0.1702 0.9564 43.9328 1.7844 0.0689
Car -1 -1 4.5114 427.5672 168.4565 458.2196 190.3850 1.6466 1.5654 4.0084 -12.8602 0.3882 56.1267 4.2870 0.0666
Car -1 -1 3.4960 395.2982 174.9327 481.3688 204.2618 1.5076 1.6201 4.1249 -8.8968 0.9790 38.0139 3.2673 0.0648
Car -1 -1 -0.0493 374.6001 166.1481 469.1460 202.6040 1.4945 1.6400 3.8295 -7.9479 0.7128 30.8185 -0.2997 0.0642
Car -1 -1 1.3870 530.5489 176.6059 559.0562 195.8535 1.5327 1.6204 4.1207 -5.1943 0.8471 59.4442 1.2998 0.0639
Car -1 -1 1.5451 691.2364 185.9190 724.1956 214.5416 1.4486 1.6389 3.8873 5.3377 1.4882 38.5024 1.6814 0.0621
Car -1 -1 2.1028 544.4372 177.1485 605.3208 205.1664 1.5149 1.6637 4.0102 -1.7859 1.0787 41.0298 2.0592 0.0618
Car -1 -1 1.5367 453.1810 202.9444 512.2100 258.1986 1.4577 1.6568 3.8865 -3.9363 2.0604 22.3659 1.3639 0.0606
Car -1 -1 0.0284 439.4002 174.7448 516.4639 203.5447 1.4820 1.6171 3.9352 -6.8068 0.9432 38.0794 -0.1475 0.0604
Car -1 -1 4.7264 372.4478 166.7747 414.5153 203.6924 1.4676 1.6154 3.8415 -9.0688 0.7345 30.6439 4.4409 0.0576
Car -1 -1 -0.1956 424.6070 160.2460 494.1536 185.3575 1.7132 1.7093 4.5613 -10.4233 0.0097 50.7138 -0.3975 0.0574
Car -1 -1 1.6107 653.4872 170.8829 675.4009 190.3649 1.5211 1.6067 4.1984 4.6740 0.4020 58.3071 1.6899 0.0571
Car -1 -1 1.9613 392.3684 173.8771 460.0907 210.3728 1.5769 1.6255 3.9735 -8.2570 1.0870 33.1454 1.7188 0.0563
Car -1 -1 1.7463 664.8088 189.1023 708.1358 218.8013 1.4660 1.6501 3.7506 4.2432 1.6826 38.0466 1.8560 0.0553
Car -1 -1 0.2603 519.2739 176.2527 570.2841 194.9754 1.5228 1.5863 3.9369 -5.1582 0.7938 59.5897 0.1739 0.0540
Car -1 -1 1.6102 538.6461 176.5062 560.5987 196.0550 1.5268 1.6074 4.2028 -4.6346 0.8466 58.2771 1.5308 0.0534
Car -1 -1 5.5057 169.3960 177.5964 301.2014 228.8906 1.5308 1.5997 3.7756 -12.0156 1.3034 23.4975 5.0374 0.0529
Car -1 -1 1.4899 412.9193 202.5695 479.0673 259.0939 1.4610 1.6591 3.9265 -5.0091 2.0434 22.0040 1.2680 0.0523
Car -1 -1 4.8422 420.6290 169.0251 470.6929 206.1664 1.5593 1.6544 4.1890 -7.1915 0.8796 32.3383 4.6249 0.0512
Car -1 -1 4.7328 685.2552 170.1333 702.7945 187.0018 1.5498 1.5784 3.1243 8.1955 0.1641 67.7026 4.8524 0.0511
Car -1 -1 1.6059 508.9229 170.6491 545.1292 204.7491 1.6286 1.6746 3.9954 -4.0060 0.9329 36.3858 1.4968 0.0511
Car -1 -1 1.7572 255.5518 204.8445 349.0845 268.5834 1.4394 1.6352 3.7154 -8.1164 2.0245 19.4420 1.3661 0.0510
Car -1 -1 1.3866 688.9951 187.5987 734.1406 216.9096 1.4231 1.6636 3.5803 5.3206 1.5519 37.0233 1.5277 0.0506
Car -1 -1 1.0095 532.0703 178.9833 590.3271 204.1912 1.4726 1.6606 4.0586 -2.8702 1.1085 44.1260 0.9446 0.0506