Car -1 -1 5.3521 3.0976 196.9526 129.8788 245.9831 1.4507 1.5813 3.7374 -18.6980 2.3502 25.0605 4.7160 0.8863
Car -1 -1 1.7951 226.1380 184.5018 284.7751 220.9223 1.4119 1.4727 3.7028 -15.2323 1.9474 31.2012 1.3440 0.4330
Car -1 -1 4.5665 305.8505 191.0280 339.8178 214.8459 1.4567 1.6238 3.8178 -19.6328 2.7512 49.3317 4.1892 0.3714
Car -1 -1 1.6238 967.0562 178.4753 991.6826 196.8958 1.5011 1.6897 4.0013 31.9369 2.0030 62.2687 2.0954 0.3134
Car -1 -1 1.6226 245.1552 189.9858 271.4338 211.8083 1.5229 1.6177 3.9609 -27.1514 2.8999 55.8520 1.1717 0.2575
Car -1 -1 1.7203 777.9612 176.9960 812.0681 201.8805 1.5155 1.5928 3.8084 12.0358 1.7954 46.6939 1.9706 0.1844
Car -1 -1 5.4895 0.0000 197.6621 98.1031 259.1027 1.4471 1.6027 3.8572 -16.8940 2.2241 20.6033 4.8090 0.1821
Car -1 -1 2.0926 313.9461 190.5930 364.8359 215.0167 1.5087 1.5523 3.8527 -18.4892 2.7767 49.5460 1.7368 0.1759
Car -1 -1 3.5948 164.2784 185.3903 278.2746 221.1613 1.4281 1.6009 3.9085 -16.2286 1.9694 30.2848 3.1063 0.1748
Car -1 -1 1.5706 957.7183 170.9787 999.3247 207.7104 1.5064 1.5370 4.0572 16.2133 1.4295 31.7475 2.0387 0.1604
Car -1 -1 2.2102 32.3072 185.5705 107.3909 213.3497 1.5365 1.6328 3.8814 -32.5326 2.3396 43.6277 1.5722 0.1575
Car -1 -1 1.1956 754.0038 179.2583 799.7172 203.6219 1.4823 1.5905 3.8509 10.8379 1.9173 46.9854 1.4205 0.1397
Car -1 -1 1.7203 847.1586 179.2010 875.6307 199.9580 1.5263 1.5525 3.8340 19.7024 2.0403 56.3742 2.0544 0.1396
Car -1 -1 4.5532 958.8555 163.8902 1007.9521 196.6065 1.5558 1.5935 3.8266 18.7782 1.1295 36.3784 5.0261 0.1269
Car -1 -1 1.5943 957.2479 168.9044 998.4365 203.7022 1.4842 1.5841 4.0764 16.8521 1.3157 32.9457 2.0632 0.1259
Car -1 -1 1.6533 0.0000 210.0169 48.0801 249.5960 1.4624 1.7616 3.7847 -26.6226 3.2469 32.5875 0.9721 0.1180
Car -1 -1 5.4603 0.0000 195.1343 158.6625 255.1837 1.4468 1.6443 3.9103 -15.2914 2.1565 20.9406 4.8355 0.1147
Car -1 -1 1.4113 838.5435 180.5475 867.9065 201.6065 1.5206 1.5395 3.8728 18.7431 2.1354 55.6244 1.7343 0.1131
Car -1 -1 1.7568 69.8617 188.8784 116.7919 218.5972 1.6535 1.6185 4.1214 -31.9369 2.6962 44.7386 1.1395 0.1129
Car -1 -1 -0.2171 778.9556 176.2185 842.2855 200.8331 1.5081 1.6362 3.5645 12.6016 1.7239 45.3660 0.0518 0.1039
Car -1 -1 1.5661 311.4200 185.1936 339.8568 211.8292 1.5655 1.6430 4.1974 -18.3968 2.4035 46.7498 1.1928 0.1031
Car -1 -1 0.9792 811.9942 180.2562 858.8890 200.6193 1.4748 1.6617 3.7155 17.4000 2.0673 55.7410 1.2798 0.0973
Car -1 -1 1.3541 279.9726 190.0052 319.9516 214.6223 1.4779 1.6576 3.9245 -20.7518 2.6752 48.2916 0.9499 0.0927
Car -1 -1 1.3673 778.1222 176.1543 818.6896 202.2628 1.4987 1.6431 3.7818 11.4188 1.7081 43.8356 1.6201 0.0924
Car -1 -1 3.9683 0.0000 199.0226 88.6444 253.9421 1.4561 1.6274 4.2686 -17.9464 2.2663 21.2528 3.2731 0.0915
Car -1 -1 1.5458 85.9892 187.0837 113.2731 208.7499 1.5164 1.6155 3.8362 -39.0149 2.6444 55.1770 0.9324 0.0899
Car -1 -1 -0.1455 737.2940 180.3269 800.5022 204.7892 1.5027 1.6187 3.7224 10.0802 1.9871 45.8323 0.0692 0.0889
Car -1 -1 1.0197 28.4980 186.1468 99.6031 213.3362 1.5367 1.6637 3.8683 -33.0444 2.3693 43.7117 0.3751 0.0889
Car -1 -1 1.9210 279.5213 185.6115 319.8876 207.6669 1.5564 1.5979 3.8722 -23.6406 2.5670 55.1790 1.5177 0.0870
Car -1 -1 2.4289 234.7751 184.3055 337.0865 221.3142 1.4360 1.5763 4.0095 -14.0129 1.9696 31.4753 2.0128 0.0864
Car -1 -1 2.6569 960.7812 165.5832 1055.2892 197.5417 1.5173 1.6352 3.6892 19.3301 1.1721 35.1021 3.1565 0.0861
Car -1 -1 2.1181 45.7826 187.7654 116.1877 216.0212 1.5366 1.6297 3.8598 -31.6437 2.4732 43.3282 1.4901 0.0846
Car -1 -1 2.4742 753.3909 179.2267 816.4956 203.8937 1.4880 1.6005 3.6968 11.1343 1.9057 45.7991 2.7107 0.0829
Car -1 -1 1.8666 358.8617 180.9149 402.1679 205.6076 1.5228 1.6059 4.1018 -15.1435 2.0809 47.8998 1.5616 0.0803
Car -1 -1 4.2212 173.7252 167.6094 338.3476 242.2262 1.4892 1.6419 4.0040 -8.0154 1.3846 16.2405 3.7689 0.0786
Car -1 -1 1.3789 221.1626 190.2507 255.6943 212.0633 1.5005 1.6528 3.7398 -28.1976 2.8689 54.7759 0.9052 0.0786
Car -1 -1 1.4693 63.5930 187.7070 103.6467 213.9097 1.4921 1.6501 4.0049 -33.1533 2.4697 45.4472 0.8417 0.0776
Car -1 -1 1.2726 780.3278 178.8139 824.9128 204.6513 1.5200 1.6555 3.7725 12.0503 1.9096 45.2502 1.5307 0.0773
Car -1 -1 0.0288 814.0590 180.3588 867.7525 201.1655 1.5094 1.6557 3.8277 17.5633 2.0939 54.7784 0.3371 0.0768
Car -1 -1 1.9128 210.6077 190.9494 284.6104 229.7869 1.4154 1.6162 3.5904 -14.9140 2.2129 29.9226 1.4536 0.0745
Car -1 -1 2.6227 823.1716 180.2599 879.6258 201.4522 1.5780 1.5598 3.8667 18.6445 2.1612 55.6715 2.9438 0.0738
Car -1 -1 4.1606 0.0000 196.2379 21.9276 259.0138 1.4632 1.6157 4.0222 -17.9193 2.1257 19.1214 3.4146 0.0737
Car -1 -1 0.4847 206.7688 188.0511 307.7339 223.9281 1.4340 1.5833 3.4895 -14.7990 2.0925 30.4134 0.0349 0.0721
Car -1 -1 1.6314 964.2299 177.1349 989.5715 197.2772 1.5862 1.6273 4.3858 30.6258 1.9565 60.1046 2.1003 0.0715
Car -1 -1 5.2536 234.1231 172.7158 389.5783 244.0575 1.4401 1.5669 3.7148 -6.6348 1.4373 16.5252 4.8769 0.0694
Car -1 -1 1.7505 0.0000 207.5659 13.4319 248.1477 1.4419 1.7676 3.3438 -26.8814 3.0125 30.7578 1.0364 0.0676
Car -1 -1 2.2106 0.0000 186.0654 78.0352 215.9761 1.5058 1.3989 3.8895 -31.5750 2.2744 40.0181 1.5457 0.0668
Car -1 -1 1.4831 242.0734 183.4022 272.4900 205.9435 1.5130 1.6539 3.9788 -25.6863 2.3124 52.5555 1.0303 0.0638
Car -1 -1 1.5917 963.2648 169.6189 1004.0947 204.0068 1.5202 1.6220 4.0529 17.6924 1.3772 34.0648 2.0669 0.0635
Car -1 -1 1.6877 130.9316 183.1802 162.9253 205.3648 1.5418 1.5479 4.1368 -34.8259 2.3517 54.3919 1.1202 0.0624
Car -1 -1 1.4496 921.2365 177.9619 948.0085 195.4832 1.4343 1.6448 3.8693 28.0616 1.8906 62.3740 1.8703 0.0619
Car -1 -1 1.9602 280.3387 184.7964 332.0038 211.1277 1.5469 1.6419 4.0110 -19.3636 2.3453 46.2230 1.5652 0.0615
Car -1 -1 1.5673 307.3619 180.5754 336.7510 207.1129 1.5393 1.6426 3.9860 -18.0327 2.0467 45.2621 1.1898 0.0612
Car -1 -1 2.2413 14.6721 183.0327 96.8835 212.7459 1.5944 1.6817 3.9893 -32.2051 2.2168 42.1076 1.5913 0.0607
Car -1 -1 3.8505 725.2903 180.8120 789.9844 205.8000 1.4719 1.6437 3.8896 9.3614 2.0000 45.8399 4.0501 0.0602
Car -1 -1 1.6099 885.9929 179.1807 911.6767 199.9047 1.4743 1.6670 3.7362 21.9247 1.9713 54.6260 1.9893 0.0597
Car -1 -1 2.1199 245.0692 189.7588 294.6006 211.9552 1.5460 1.5901 3.9914 -26.0583 2.8944 55.4832 1.6823 0.0592
Car -1 -1 2.0151 318.4408 186.0676 369.5221 212.4049 1.6125 1.5816 4.1493 -17.7680 2.5393 48.4645 1.6651 0.0589
Car -1 -1 -0.2450 792.7681 175.1471 865.9384 200.0347 1.4939 1.6437 4.0264 13.4777 1.6379 44.3972 0.0474 0.0588
Car -1 -1 1.5865 775.7892 173.6853 805.0630 199.6457 1.4651 1.6161 3.9267 10.7932 1.5170 42.9595 1.8306 0.0579
Car -1 -1 4.8889 317.7093 173.5902 425.0254 248.2596 1.4863 1.6388 3.7362 -5.2549 1.5050 16.3594 4.5822 0.0578
Car -1 -1 0.6119 0.0000 197.8354 84.3356 254.5082 1.4543 1.6175 4.0824 -17.5177 2.1943 20.3825 -0.0917 0.0570
Car -1 -1 2.1047 121.6035 189.1842 188.0390 216.0673 1.5141 1.6705 4.0713 -28.3866 2.5834 45.1915 1.5462 0.0568
Car -1 -1 1.7684 353.3755 183.2934 390.1043 208.1599 1.5384 1.5756 4.0299 -15.9294 2.2703 48.4910 1.4523 0.0567
Car -1 -1 1.6443 234.0551 181.7198 289.1348 223.7729 1.4711 1.6381 3.9261 -13.5488 1.8445 28.2631 1.2006 0.0566
Car -1 -1 0.0796 979.7660 164.4389 1077.2704 197.5078 1.4852 1.6486 3.8821 19.8203 1.1073 34.1835 0.6011 0.0566
Car -1 -1 1.7946 200.4518 186.3343 237.6532 208.2290 1.4910 1.6150 3.8469 -29.0380 2.5339 53.7519 1.3011 0.0544
Car -1 -1 0.4462 293.9394 189.8237 360.0052 213.7061 1.5252 1.5967 3.8063 -18.9066 2.6844 48.3512 0.0749 0.0542
Car -1 -1 2.2758 853.6243 179.1669 902.4476 199.8639 1.5233 1.6124 3.5551 20.7082 2.0239 55.6385 2.6300 0.0534
Car -1 -1 -0.9318 275.8235 181.6772 371.1806 220.3994 1.4614 1.6074 4.0766 -11.9373 1.8598 30.4024 -1.3033 0.0532
Car -1 -1 1.6124 264.5817 187.1912 294.7632 211.9311 1.4676 1.6307 3.9553 -21.6355 2.4523 47.4197 1.1862 0.0530
Car -1 -1 0.9319 956.1754 169.5081 1041.9814 201.7371 1.4681 1.6250 3.9190 18.7472 1.3157 34.9270 1.4207 0.0528
Car -1 -1 2.7190 247.3603 181.3670 356.6204 221.0893 1.4315 1.5809 3.6710 -12.1694 1.7922 28.6914 2.3209 0.0522
Car -1 -1 1.5072 965.8496 170.2252 1017.4718 208.9150 1.4894 1.6093 4.1671 15.8109 1.3882 30.0071 1.9877 0.0519
Car -1 -1 1.5949 246.2313 188.8900 271.5119 211.7374 1.5480 1.6016 4.3135 -26.4011 2.8081 54.4029 1.1447 0.0514
Car -1 -1 1.9462 179.7344 185.9760 265.4321 227.7589 1.4589 1.6101 4.0152 -15.2072 2.0166 28.5853 1.4609 0.0511
Car -1 -1 1.8630 217.4291 184.3584 259.4054 207.1710 1.5139 1.6192 3.9354 -26.7198 2.3772 52.0637 1.3907 0.0506