Car -1 -1 1.8023 386.4063 191.9235 495.0858 271.1823 1.4992 1.5639 3.7013 -3.6991 1.9819 16.4031 1.5831 0.9814
Car -1 -1 4.4482 729.0475 186.4694 922.4837 315.1669 1.5347 1.6762 4.4525 3.0902 1.7901 11.3068 4.7071 0.9680
Car -1 -1 2.0793 0.0000 214.5256 375.1979 375.0000 1.4387 1.6446 4.1087 -3.5346 1.9182 6.2399 1.5811 0.9600
Car -1 -1 4.5145 697.1390 188.1139 795.6089 259.6957 1.4241 1.5789 3.4377 3.0752 1.8168 16.8304 4.6911 0.9479
Car -1 -1 1.8216 280.4795 198.8068 439.4443 319.0003 1.5157 1.5436 3.5221 -3.8427 2.0008 11.6832 1.5096 0.9156
Car -1 -1 4.2464 799.5491 197.5925 1242.0000 375.0000 1.4003 1.7060 4.4398 2.7764 1.6523 5.1254 4.7177 0.9118
Car -1 -1 1.3127 639.0906 185.1276 683.9545 215.3006 1.4618 1.5603 3.3457 2.7047 2.1421 38.2027 1.3822 0.7514
Car -1 -1 2.8131 981.2961 152.4441 1097.4417 190.3574 1.5736 1.6365 3.9916 18.4584 0.7265 31.1492 3.3438 0.5588
Car -1 -1 4.7583 771.2299 182.2484 812.7642 217.1532 1.3661 1.5847 3.7793 7.9784 1.8011 31.3743 5.0045 0.4849
Car -1 -1 1.4906 599.0011 185.6083 625.7800 208.3608 1.5400 1.6505 4.0960 0.1724 2.5194 53.3026 1.4933 0.3750
Car -1 -1 2.7653 944.8042 161.0786 1099.5525 209.3479 1.5282 1.6921 4.1270 13.5811 1.1554 23.9579 3.2755 0.3206
Car -1 -1 1.3034 612.3499 183.3609 641.5516 202.2686 1.5824 1.5691 4.2266 1.5318 2.5632 65.1147 1.3263 0.2925
Car -1 -1 3.2216 713.2902 180.1794 814.9382 218.0679 1.5184 1.7106 4.1315 6.6283 1.8461 30.8683 3.4305 0.2792
Car -1 -1 2.5417 552.7727 182.8780 599.5325 201.9436 1.6952 1.5342 4.2887 -3.1292 2.6672 68.0611 2.4955 0.2289
Car -1 -1 4.4541 693.0935 174.4239 780.1863 230.3237 1.5260 1.6383 3.8406 3.7279 1.5777 21.7956 4.6205 0.1757
Car -1 -1 -0.3568 600.2971 186.0196 659.1002 207.7258 1.4829 1.6429 3.9456 1.4577 2.4654 52.4282 -0.3297 0.1728
Car -1 -1 4.7632 450.5388 187.8098 495.6629 230.4188 1.4925 1.5592 3.4890 -5.3123 2.1190 28.3923 4.5793 0.1486
Car -1 -1 2.5399 645.7374 185.8055 723.0902 215.9895 1.4613 1.5723 3.8262 3.9458 2.1708 37.9171 2.6421 0.1166
Car -1 -1 4.9391 453.6299 188.1143 506.7080 223.0458 1.5248 1.7000 3.9543 -6.2554 2.3136 35.2786 4.7643 0.1131
Car -1 -1 0.5526 580.3818 184.8804 633.8301 207.5965 1.5460 1.6535 3.5455 -0.1865 2.4475 52.4605 0.5485 0.0943
Car -1 -1 3.0001 796.6668 174.8466 888.6157 210.4366 1.5492 1.6172 3.7622 10.4730 1.6424 32.6393 3.3075 0.0901
Car -1 -1 1.1173 591.3389 190.1689 633.5115 211.4554 1.5173 1.7092 4.1255 0.1842 2.9454 57.2849 1.1198 0.0895
Car -1 -1 4.8761 612.5310 186.0857 643.5604 208.4589 1.5047 1.6372 4.1502 1.4064 2.5226 53.3123 4.9018 0.0844
Car -1 -1 3.1949 746.7198 183.0015 836.8826 219.4353 1.4158 1.5941 3.5512 7.5953 1.8562 30.0358 3.4396 0.0816
Car -1 -1 3.0360 608.9360 183.1283 654.9666 202.1844 1.6552 1.5647 3.9755 1.9848 2.5883 64.6037 3.0661 0.0801
Car -1 -1 0.7970 723.0580 177.5544 798.6002 208.5694 1.4463 1.6214 3.6428 7.5350 1.6950 36.2145 1.0000 0.0793
Car -1 -1 5.3306 63.8660 205.0007 245.7454 286.7086 1.4591 1.5897 3.6956 -10.0363 2.2692 16.2812 4.7851 0.0752
Car -1 -1 4.8333 449.0542 187.4047 492.3126 220.9222 1.5024 1.6488 4.0159 -6.9035 2.2737 36.1883 4.6456 0.0748
Car -1 -1 1.3147 693.1148 178.2663 725.8767 199.5632 1.5413 1.5778 3.7451 7.6006 1.9697 55.1656 1.4504 0.0726
Car -1 -1 -0.3699 712.8651 179.1077 921.3251 250.4458 1.4850 1.6174 4.2014 4.5775 1.6343 16.2131 -0.1004 0.0719
Car -1 -1 1.4244 737.2321 197.2811 792.7891 239.0133 1.4516 1.6750 3.4774 6.1739 2.4931 28.9756 1.6314 0.0710
Car -1 -1 2.0760 426.8984 189.2493 502.2110 226.5134 1.4931 1.6302 4.0023 -6.5375 2.2910 32.9604 1.8811 0.0706
Car -1 -1 4.6928 494.0981 187.4889 538.6144 229.5360 1.4676 1.6343 3.8181 -3.7286 2.0883 28.5922 4.5637 0.0703
Car -1 -1 2.3891 619.6005 182.9137 662.3026 201.4362 1.5604 1.6020 3.7323 2.8281 2.4863 64.5886 2.4322 0.0676
Car -1 -1 3.6544 687.8054 201.2514 788.4955 245.5490 1.4983 1.7317 3.5132 5.0435 2.6891 28.4725 3.8269 0.0654
Car -1 -1 4.4189 439.7318 190.9356 491.1331 223.1817 1.4739 1.5947 3.7155 -7.4863 2.4579 37.2533 4.2214 0.0642
Car -1 -1 1.3789 599.3962 184.1689 634.6448 208.9775 1.6018 1.6919 4.3031 0.4787 2.4360 50.9273 1.3876 0.0631
Car -1 -1 1.2373 713.0944 177.3634 744.8945 195.5806 1.5239 1.5839 3.8308 10.4530 1.9327 63.3825 1.3996 0.0613
Car -1 -1 5.1118 0.0000 204.5488 158.4222 290.2480 1.4428 1.6216 3.8502 -11.4827 2.2240 15.7260 4.4889 0.0611
Car -1 -1 1.3921 774.6000 204.8702 838.0280 251.7425 1.4887 1.7189 3.1904 7.2471 2.7535 26.8441 1.6519 0.0609
Car -1 -1 4.9484 472.3131 190.1914 525.5081 225.0182 1.4984 1.6744 3.9437 -5.3143 2.3910 35.1092 4.7987 0.0607
Car -1 -1 1.7574 421.8068 185.6078 476.8948 222.0601 1.5348 1.7451 4.4083 -7.5012 2.1781 34.1665 1.5424 0.0598
Car -1 -1 1.6902 617.5222 181.1504 641.5660 200.5999 1.5751 1.6023 4.0993 1.7603 2.3173 62.4070 1.7178 0.0591
Car -1 -1 0.5234 406.8223 186.5537 504.8074 221.2297 1.5181 1.7116 4.2618 -7.2824 2.1959 34.2263 0.3148 0.0582
Car -1 -1 1.1098 696.4263 185.4542 744.6412 209.1808 1.4432 1.6867 3.7278 7.3442 2.3183 48.0801 1.2598 0.0551
Car -1 -1 4.3610 645.5556 178.0212 744.8431 235.3104 1.5108 1.6360 4.0262 2.4386 1.6806 21.5657 4.4713 0.0548
Car -1 -1 4.1892 1014.7829 152.6217 1105.1351 189.7389 1.5523 1.6470 3.9486 19.9572 0.7061 32.1715 4.7403 0.0540
Car -1 -1 4.8333 729.5589 168.5521 800.7647 224.8143 1.4996 1.6083 3.7900 4.6657 1.3850 21.2857 5.0456 0.0536
Car -1 -1 3.3572 414.3433 190.6543 497.8815 220.6516 1.4508 1.5894 3.9013 -7.7530 2.3754 36.6682 3.1498 0.0529
Car -1 -1 -0.0322 634.5903 185.4113 704.5161 215.1855 1.5009 1.5730 3.5944 3.1267 2.1771 37.9810 0.0486 0.0524
Car -1 -1 3.7696 0.0000 205.1958 87.2850 292.6473 1.4797 1.6094 3.9964 -12.7347 2.1503 13.9562 3.0394 0.0516
Car -1 -1 1.0297 605.3531 188.1978 657.2385 212.3754 1.5138 1.6888 4.1940 1.4634 2.6304 50.2640 1.0580 0.0507
Car -1 -1 1.6601 644.2457 184.6060 671.9917 206.5761 1.4344 1.6274 3.9504 3.4948 2.3055 51.4079 1.7271 0.0503