Car -1 -1 1.9952 0.0000 199.6577 371.5437 375.0000 1.4127 1.6391 4.3678 -3.9599 1.7770 7.5896 1.5278 0.9759
Car -1 -1 1.7847 398.2587 183.9985 493.6774 246.0886 1.4289 1.6450 4.0348 -4.2531 1.7589 19.3472 1.5705 0.9614
Car -1 -1 4.7336 605.9315 175.0407 652.1756 218.9805 1.4512 1.5409 3.4740 0.7329 1.5347 25.7797 4.7610 0.8573
Car -1 -1 1.5232 488.8104 172.8117 526.6562 206.7299 1.5252 1.6054 3.9293 -4.9191 1.5233 34.5262 1.3823 0.6344
Car -1 -1 4.5539 511.2549 167.1183 535.9948 185.9320 1.7215 1.7037 4.0478 -8.1521 1.1967 68.2018 4.4351 0.3566
Car -1 -1 1.5875 599.0773 174.4155 616.6520 192.2120 1.6182 1.5895 3.8198 -0.1363 1.7692 67.8655 1.5851 0.2546
Car -1 -1 1.6990 456.9594 173.3449 494.9138 199.3848 1.4578 1.6299 4.6099 -7.8695 1.4885 42.8267 1.5180 0.2358
Car -1 -1 1.1861 506.1545 170.6919 546.1419 194.0283 1.7627 1.7164 4.0746 -6.5929 1.5994 56.7014 1.0705 0.1107
Car -1 -1 1.5825 532.7253 179.8144 565.3784 210.4964 1.4761 1.6109 4.0676 -3.1386 1.8604 37.7461 1.4996 0.1051
Car -1 -1 1.4228 641.0933 168.4312 674.9374 192.7821 1.4773 1.5376 4.2173 3.0373 1.2090 45.9380 1.4880 0.0961
Car -1 -1 0.2545 498.0043 169.4012 543.9686 186.1506 1.5270 1.6371 3.9416 -8.1892 1.2122 66.8542 0.1329 0.0906
Car -1 -1 4.8096 491.9749 175.9891 532.5543 207.9016 1.5247 1.6622 4.0945 -4.9249 1.6943 36.9556 4.6776 0.0739
Car -1 -1 3.2779 465.4040 173.2690 551.4974 207.8472 1.5716 1.5989 3.7878 -4.6627 1.5914 33.6151 3.1407 0.0696
Car -1 -1 1.3130 521.2571 179.6388 557.0591 202.3818 1.4765 1.5399 3.8683 -4.9331 1.9678 50.1662 1.2151 0.0652
Car -1 -1 1.2039 646.2850 176.9582 699.3217 204.9605 1.4518 1.6168 3.9680 3.4586 1.6923 40.1630 1.2887 0.0648
Car -1 -1 0.2666 459.4249 173.3150 551.9107 206.4193 1.5408 1.6201 4.1168 -4.9573 1.5636 34.6725 0.1252 0.0638
Car -1 -1 -0.1941 530.4364 182.8581 612.6862 213.6332 1.4515 1.6151 3.8707 -1.9190 1.9695 36.1056 -0.2474 0.0635
Car -1 -1 1.6524 616.9266 183.3014 658.7363 218.4034 1.4455 1.5965 3.8196 1.3409 1.9506 32.8914 1.6921 0.0601
Car -1 -1 4.9075 401.4227 175.8984 457.0310 211.8278 1.4253 1.5593 3.9911 -7.6688 1.5647 30.9967 4.6665 0.0581
Car -1 -1 1.4020 645.7729 181.4215 696.3283 216.1170 1.4256 1.6244 3.9926 2.7215 1.8386 32.7230 1.4836 0.0570
Car -1 -1 1.8046 493.0621 176.1040 545.2516 208.5000 1.4873 1.6335 4.1682 -4.4041 1.6580 35.7221 1.6824 0.0567
Car -1 -1 2.0135 520.6316 175.3799 560.8843 196.0543 1.5414 1.6031 3.9293 -5.3374 1.7464 56.4349 1.9192 0.0564
Car -1 -1 -0.8771 352.6001 179.0130 845.6887 375.0000 1.4848 1.5550 4.1008 0.2592 1.5514 5.7516 -0.8367 0.0548
Car -1 -1 1.8010 415.3387 174.7125 470.5824 207.4514 1.4409 1.5962 4.2949 -7.8036 1.5344 34.1525 1.5777 0.0512
Car -1 -1 2.9349 649.3302 177.0614 725.0811 203.4472 1.4697 1.6224 4.0872 4.4373 1.7177 41.5267 3.0401 0.0510
Car -1 -1 1.3918 526.0452 177.5237 562.0065 202.8537 1.5437 1.6322 4.0479 -4.3065 1.8615 46.9398 1.3004 0.0510
Car -1 -1 1.6642 483.9352 175.9462 529.3179 213.4014 1.5950 1.6891 3.9423 -4.6539 1.7453 33.0651 1.5250 0.0500