Car -1 -1 4.3178 816.2509 178.2021 1242.0000 375.0000 1.4669 1.6667 4.4810 2.7657 1.5216 5.0746 4.7916 0.9568
Car -1 -1 3.5576 122.8273 179.0173 393.0064 285.7578 1.6933 1.6723 3.8327 -5.8895 1.8069 12.4199 3.1225 0.8965
Car -1 -1 4.8051 586.5995 173.1434 612.2223 193.0465 1.6009 1.7378 4.4560 -0.8112 1.6261 60.3937 4.7914 0.7205
Car -1 -1 4.5753 652.8042 169.4837 687.4738 198.5912 1.6763 1.5748 3.7678 3.6062 1.4822 43.4780 4.6571 0.6651
Car -1 -1 1.5687 550.3818 175.8704 576.1579 200.1341 1.5779 1.6938 4.1841 -3.1857 1.7942 49.5987 1.5045 0.6381
Car -1 -1 1.4642 665.9800 167.6015 718.4051 210.8739 1.5672 1.6006 3.9722 3.1482 1.3769 28.1199 1.5741 0.5324
Car -1 -1 4.5970 687.9547 155.7533 766.3862 226.2693 1.7532 1.6523 4.1238 3.1514 1.3281 20.0311 4.7501 0.4769
Car -1 -1 4.6108 635.9780 156.2235 711.3401 222.9649 1.6770 1.6702 4.0354 1.6868 1.2591 20.1638 4.6924 0.2763
Car -1 -1 4.5175 768.4887 120.5862 938.8853 243.7552 1.4623 1.5679 3.6978 3.3212 0.8417 10.4862 4.8160 0.2496
Car -1 -1 0.8219 1125.7382 180.5873 1242.0000 375.0000 1.4044 1.5769 3.7392 7.0027 1.4982 6.8631 1.5956 0.2007
Car -1 -1 1.5633 644.3551 171.4462 689.5690 213.7103 1.5221 1.6268 3.9417 2.2075 1.4714 28.0082 1.6406 0.1409
Car -1 -1 1.5899 591.9921 180.3972 609.4902 198.2823 1.5398 1.5198 3.9412 -0.7799 2.2479 65.7606 1.5777 0.1141
Car -1 -1 2.7388 772.5463 117.1059 1134.1223 240.7827 1.4883 1.5984 3.9991 4.3231 0.8175 9.5069 3.1540 0.1108
Car -1 -1 0.9633 1057.5861 149.6675 1242.0000 315.6736 1.4438 1.6790 4.0143 7.1377 1.2421 8.3448 1.6534 0.1090
Car -1 -1 5.0812 331.2921 158.1054 408.4810 203.1360 1.5496 1.5922 3.3117 -8.7252 1.0421 26.5267 4.7661 0.0783
Car -1 -1 1.0076 1043.4224 186.9745 1242.0000 375.0000 1.4212 1.6057 3.8392 5.9097 1.5953 6.8935 1.6946 0.0745
Car -1 -1 3.1011 638.4962 169.3356 707.4428 197.9541 1.6931 1.6256 4.0757 3.7919 1.4849 43.5906 3.1869 0.0678
Car -1 -1 -0.5954 1126.1846 152.1949 1242.0000 319.5690 1.4577 1.6165 4.0147 8.0183 1.2778 7.4838 0.2048 0.0674
Car -1 -1 1.0976 967.6614 165.8634 1242.0000 324.5294 1.4699 1.6203 3.8690 5.9105 1.4051 8.6947 1.6785 0.0639
Car -1 -1 1.3973 678.3121 171.7880 738.9885 215.1046 1.5123 1.6016 3.8683 3.6498 1.4751 27.1573 1.5289 0.0635
Car -1 -1 -0.0430 635.3711 168.6481 744.8861 210.7089 1.5895 1.6176 4.1378 3.1021 1.4306 28.2092 0.0649 0.0631
Car -1 -1 0.1002 530.0379 176.1894 594.0534 199.7562 1.5837 1.6903 4.2484 -3.2363 1.8175 49.6657 0.0350 0.0626
Car -1 -1 1.0939 1060.6415 160.6962 1193.2338 215.8012 1.4006 1.5497 3.4989 14.2979 1.0916 20.1753 1.7033 0.0618
Car -1 -1 -0.3103 652.6895 170.6432 724.5702 197.7619 1.5642 1.6226 3.9309 4.6713 1.4367 42.8079 -0.2028 0.0586
Car -1 -1 -0.2219 829.4136 142.2800 1242.0000 293.2892 1.4968 1.6226 4.1599 4.7806 1.1938 8.4984 0.2755 0.0581
Car -1 -1 4.8127 575.4789 201.4785 883.4687 375.0000 1.5445 1.6437 4.1210 1.1770 1.8642 5.8509 4.9991 0.0578
Car -1 -1 4.5403 633.0739 171.8438 672.1097 199.4954 1.5848 1.6553 4.1512 2.5417 1.5269 43.5091 4.5978 0.0561
Car -1 -1 1.4816 601.9207 179.6243 631.5659 203.7095 1.5059 1.6315 3.9779 0.4416 1.9784 48.3118 1.4901 0.0540
Car -1 -1 2.7280 855.0713 131.4642 1016.5327 188.2409 1.5633 1.6182 3.8957 9.2596 0.4237 20.6803 3.1437 0.0533
Car -1 -1 4.5810 853.3309 118.6806 1023.7128 247.6056 1.4885 1.6203 4.0921 4.5370 0.8631 10.5176 4.9780 0.0504
Car -1 -1 0.2835 527.7346 176.6100 590.4810 200.5209 1.5601 1.6366 3.9212 -3.3868 1.8198 48.6752 0.2139 0.0501
Car -1 -1 1.6331 544.6190 176.3146 573.5667 202.4281 1.6345 1.6529 4.1870 -3.3023 1.8739 47.8166 1.5641 0.0501