Car -1 -1 1.8493 399.5715 179.0169 436.2637 200.7885 1.4599 1.5040 3.9207 -13.6227 1.9164 51.4762 1.5915 0.5386
Car -1 -1 1.6928 397.4936 180.0891 430.5614 204.3872 1.5564 1.6653 4.5117 -13.4874 2.0811 49.9690 1.4301 0.1867
Car -1 -1 0.9242 994.8054 95.7595 1242.0000 351.7554 1.6761 1.7166 4.2305 5.6163 1.1713 6.8552 1.5896 0.1191
Car -1 -1 2.6800 971.0798 182.5313 1069.3059 211.9277 1.4714 1.6880 4.1426 21.3840 1.9896 37.6879 3.1922 0.1185
Car -1 -1 1.5711 951.8450 195.5076 1023.1251 256.1137 1.4375 1.6621 3.6529 10.7639 2.1477 20.6169 2.0455 0.1108
Car -1 -1 1.3814 957.5023 184.8099 1005.2808 213.8376 1.4221 1.6027 3.7574 20.0542 2.1026 39.0453 1.8523 0.0923
Car -1 -1 1.9148 396.3261 184.5261 440.0073 208.2466 1.4770 1.6380 3.8964 -12.9194 2.3009 48.9187 1.6576 0.0919
Car -1 -1 1.1966 352.3452 184.8685 399.2093 209.1042 1.4831 1.6592 3.9331 -15.6596 2.3203 48.2318 0.8839 0.0879
Car -1 -1 4.5591 857.3724 172.8515 1242.0000 375.0000 1.6485 1.7387 4.3651 3.0477 1.6485 5.9741 5.0098 0.0831
Car -1 -1 0.4395 394.0472 186.4681 457.1883 209.9573 1.4875 1.6447 3.7437 -12.2690 2.4190 48.2045 0.1911 0.0819
Car -1 -1 1.1590 966.9446 185.8780 1030.9917 215.7857 1.4139 1.6838 3.4136 20.1153 2.1212 37.4171 1.6484 0.0802
Car -1 -1 1.0827 990.5957 200.5354 1128.0636 263.8057 1.4263 1.6831 3.5428 12.0883 2.2506 19.6699 1.6262 0.0744
Car -1 -1 1.0551 965.0521 96.4296 1242.0000 375.0000 1.7699 1.6396 4.2240 4.7057 1.3468 6.1848 1.6824 0.0709
Car -1 -1 2.2143 961.2684 100.2806 1242.0000 343.6447 1.6860 1.6969 4.3191 5.5382 1.1832 6.3181 2.9111 0.0680
Car -1 -1 2.1251 404.0424 179.4023 454.9489 201.4698 1.4574 1.5795 4.0898 -12.7024 1.9414 51.1411 1.8825 0.0666
Car -1 -1 1.3750 945.0994 182.6772 995.0650 213.5730 1.5008 1.6904 3.5669 19.0331 2.0477 38.2267 1.8333 0.0637
Car -1 -1 2.4207 948.3912 119.8497 1242.0000 285.7681 1.5202 1.6200 3.9985 5.9181 1.0346 7.5706 3.0655 0.0635
Car -1 -1 3.2942 384.0718 180.3008 449.3044 202.8497 1.5174 1.6357 4.1894 -13.3921 2.0470 50.2756 3.0349 0.0569
Car -1 -1 1.0761 978.6356 181.6578 1052.4501 213.0916 1.4361 1.6277 3.6845 20.0787 1.8962 35.8534 1.5826 0.0568
Car -1 -1 4.3857 1022.8280 107.7225 1242.0000 282.2670 1.5288 1.6141 3.8188 6.2005 0.9583 8.3809 5.0061 0.0564
Car -1 -1 1.4980 383.6320 181.6674 414.4750 206.2280 1.5376 1.7196 4.0630 -14.3171 2.1625 48.9563 1.2145 0.0551
Car -1 -1 0.7665 910.8459 181.1659 990.4503 212.0635 1.4917 1.6332 3.6679 17.8465 1.9516 37.9177 1.2029 0.0551
Car -1 -1 1.5863 381.7196 182.4988 410.0169 208.5939 1.5329 1.6634 4.0928 -13.6414 2.1798 46.2016 1.3003 0.0535
Car -1 -1 4.1462 965.8904 91.0285 1242.0000 375.0000 1.7541 1.5878 3.9999 4.0421 1.4328 4.8990 4.8064 0.0500
Car -1 -1 1.6073 358.7273 183.0885 386.4776 206.1213 1.4472 1.6514 4.1094 -16.2119 2.1804 49.4944 1.2920 0.0500