Car -1 -1 4.4442 754.4753 192.7174 897.4949 283.4058 1.4292 1.6626 3.8518 4.0518 1.8717 14.1457 4.7166 0.9534
Car -1 -1 1.7634 489.1411 185.0727 547.6274 228.8749 1.6360 1.6628 4.1210 -3.7405 2.1839 30.2417 1.6407 0.9425
Car -1 -1 4.5747 709.1828 186.5909 771.6061 234.0725 1.4459 1.5989 3.8336 4.4564 1.9596 25.0404 4.7480 0.9389
Car -1 -1 4.4187 719.6443 187.3920 814.9441 249.2548 1.4789 1.6148 3.4238 4.2336 1.9148 19.8600 4.6247 0.8921
Car -1 -1 4.2913 828.1044 160.9061 1237.5745 375.0000 1.6591 1.7707 4.7387 3.9215 1.5688 7.8418 4.7391 0.8800
Car -1 -1 4.5941 697.5951 181.6814 745.3266 220.6394 1.5089 1.5804 3.4999 4.6753 1.9041 30.5248 4.7440 0.5851
Car -1 -1 1.5946 573.8876 182.6572 595.8012 203.5400 1.5487 1.6456 3.7598 -1.9296 2.3511 57.1714 1.5605 0.5696
Car -1 -1 3.8931 0.0000 231.9775 108.4412 375.0000 1.4770 1.6040 3.9795 -5.8091 1.9404 4.6242 3.0230 0.4074
Car -1 -1 2.3552 0.0000 203.7855 89.7731 375.0000 1.4545 1.5673 3.9129 -4.6574 1.6958 3.6094 1.4797 0.3151
Car -1 -1 1.6200 853.6577 179.7249 877.5087 200.1407 1.5020 1.5850 3.6943 20.0524 2.0587 56.4470 1.9592 0.2083
Car -1 -1 4.5681 688.7877 183.5040 732.9102 216.0522 1.4565 1.5949 3.8971 4.9274 2.0097 35.5232 4.7041 0.1663
Car -1 -1 1.4042 543.9888 187.3089 582.6777 215.4778 1.4422 1.5580 4.0236 -2.6918 2.3118 41.2720 1.3389 0.1647
Car -1 -1 4.6020 665.2546 183.2623 707.1714 215.2508 1.4310 1.6125 4.0132 3.7239 1.9735 35.5999 4.7047 0.1586
Car -1 -1 1.5131 544.6808 183.1248 585.8370 221.0056 1.5617 1.6357 4.3452 -2.0986 2.0667 33.2244 1.4499 0.1579
Car -1 -1 1.7396 519.4980 187.9008 563.1151 219.4858 1.4163 1.5662 3.7010 -3.3583 2.2082 36.0728 1.6468 0.1543
Car -1 -1 5.2246 0.0000 213.6100 197.9823 375.0000 1.4381 1.6323 3.8999 -4.9367 1.8806 5.7720 4.5395 0.1451
Car -1 -1 -0.9776 1030.2108 126.0169 1242.0000 213.5737 1.4129 1.5698 3.9706 9.7829 0.6571 13.0534 -0.3450 0.1419
Car -1 -1 4.0184 1060.4794 149.7800 1228.7150 211.2755 1.4740 1.5851 3.6719 14.0171 0.9210 19.1822 4.6421 0.1395
Car -1 -1 0.1660 483.4970 178.8656 542.2084 198.6785 1.4600 1.5580 4.1978 -7.2805 1.9215 54.5352 0.0335 0.1326
Car -1 -1 1.4623 585.4940 179.8522 608.6234 198.8248 1.5338 1.5619 3.9546 -1.1025 2.1543 61.9112 1.4441 0.1326
Car -1 -1 -0.6823 921.5185 175.1067 1242.0000 375.0000 1.6126 1.6949 4.1122 5.1316 1.6350 6.2690 -0.0200 0.1302
Car -1 -1 -0.3782 698.8295 183.1857 807.1815 221.7665 1.4933 1.6384 4.0623 5.8801 1.9360 29.7396 -0.1855 0.1242
Car -1 -1 1.6764 531.6291 187.2476 570.6525 218.1464 1.5044 1.6763 4.1967 -3.1197 2.3292 39.2255 1.5969 0.1098
Car -1 -1 4.7929 485.9999 180.4112 515.1378 204.0019 1.4552 1.5937 3.9296 -7.1819 1.9771 47.8145 4.6442 0.1098
Car -1 -1 -0.1440 931.4145 147.7453 1102.4594 205.0679 1.5216 1.6033 4.0548 11.4652 0.8551 20.6135 0.3574 0.1080
Car -1 -1 -0.1668 1107.5098 142.0365 1242.0000 206.7902 1.4561 1.5761 3.7825 14.6870 0.7631 17.8407 0.5140 0.1045
Car -1 -1 1.5537 797.5663 175.2848 822.7802 200.6676 1.6473 1.5837 3.7773 13.6550 1.8200 49.2397 1.8223 0.1038
Car -1 -1 1.7320 502.5377 182.9757 551.9316 219.7704 1.5261 1.6082 4.1117 -3.7158 2.0207 33.1709 1.6207 0.0849
Car -1 -1 3.7882 0.0000 203.4863 110.3158 375.0000 1.4961 1.5982 4.2151 -5.3145 1.7113 3.7220 2.8625 0.0839
Car -1 -1 4.5989 967.4048 159.6172 1018.7072 196.3772 1.6017 1.6504 3.9516 17.7714 1.0250 33.5795 5.0818 0.0803
Car -1 -1 4.6628 670.6198 190.1263 721.9512 238.3347 1.4593 1.5746 3.9333 2.9691 2.1131 25.2982 4.7774 0.0706
Car -1 -1 1.6636 560.4251 186.3881 595.3132 215.0033 1.4712 1.6261 3.8062 -1.7503 2.2743 40.8748 1.6204 0.0692
Car -1 -1 1.4638 617.4172 181.6550 643.9363 202.6161 1.5206 1.6385 4.0095 1.6075 2.2305 56.1377 1.4917 0.0679
Car -1 -1 1.9033 470.1584 184.6853 542.7637 229.2368 1.5712 1.6580 3.8984 -4.0011 2.0744 28.6192 1.7649 0.0678
Car -1 -1 4.5229 886.9053 153.4719 945.1426 193.9486 1.6118 1.6256 3.5030 12.9262 0.8400 30.6121 4.9188 0.0643
Car -1 -1 1.3136 854.0863 178.8130 892.0198 200.8064 1.5454 1.6581 4.1345 19.6601 2.0089 53.9898 1.6607 0.0638
Car -1 -1 -0.3499 679.7335 181.0538 781.5380 219.8345 1.5488 1.6467 3.9140 5.0841 1.9086 30.4851 -0.1869 0.0635
Car -1 -1 1.8406 0.0000 182.3938 242.4185 375.0000 1.5053 1.5969 4.1115 -2.9740 1.5830 3.6685 1.1936 0.0627
Car -1 -1 4.4734 872.7534 154.2187 932.4714 191.0622 1.5804 1.6405 3.8735 13.3118 0.7810 32.9826 4.8538 0.0611
Car -1 -1 1.3588 911.9097 149.8679 998.2633 203.4576 1.4841 1.5635 3.8854 10.4353 0.8475 22.0496 1.7956 0.0609
Car -1 -1 1.0082 825.9768 179.3131 872.4371 199.3506 1.4800 1.6027 3.9483 18.7972 2.0070 56.7620 1.3260 0.0607
Car -1 -1 -1.0448 986.8527 160.6079 1076.4885 196.9341 1.5365 1.6533 4.0581 18.8807 1.0185 32.2432 -0.5192 0.0587
Car -1 -1 -0.3005 830.3580 179.8011 886.1276 200.1861 1.5357 1.5867 3.7746 19.1924 2.0809 55.7805 0.0289 0.0581
Car -1 -1 4.8333 486.7547 178.5179 513.7046 198.3756 1.4467 1.5892 3.9445 -8.4021 1.8995 55.6965 4.6839 0.0571
Car -1 -1 1.4904 797.9438 179.1351 826.9293 203.1863 1.4888 1.5335 3.8269 13.3839 1.9220 47.7446 1.7616 0.0555
Car -1 -1 0.9360 987.4362 122.7010 1205.0861 215.4961 1.4437 1.5612 3.2558 8.4641 0.6634 12.9001 1.5064 0.0552
Car -1 -1 1.8066 569.8148 183.9193 601.7783 205.5627 1.5500 1.5910 3.9745 -1.8026 2.4401 55.9352 1.7740 0.0545
Car -1 -1 4.7147 669.7488 181.7904 709.9166 220.5136 1.4785 1.5788 3.7416 3.3799 1.8790 30.3945 4.8237 0.0545
Car -1 -1 2.6497 964.9371 161.4513 1073.0151 196.4721 1.5213 1.6447 3.8806 18.2072 1.0259 32.2008 3.1602 0.0541
Car -1 -1 4.0929 871.4852 150.7361 974.5166 194.4952 1.5211 1.5942 3.8557 11.6659 0.7523 27.1359 4.4948 0.0535
Car -1 -1 4.3683 896.5938 152.9947 973.0242 195.1546 1.5826 1.6214 3.7168 12.9697 0.8371 28.9969 4.7850 0.0535
Car -1 -1 2.1919 0.0000 142.7457 63.5852 375.0000 1.5569 1.6140 4.1707 -3.7259 1.5453 2.5097 1.2633 0.0528
Car -1 -1 1.7778 524.9163 174.2737 554.0527 194.3531 1.5879 1.5881 4.0533 -5.7358 1.7090 59.4597 1.6817 0.0528
Car -1 -1 1.2130 553.2271 185.8048 605.9313 215.3494 1.4613 1.6506 3.8225 -1.6977 2.2094 39.5957 1.1698 0.0527
Car -1 -1 -0.5771 740.5837 181.5721 922.4887 242.2723 1.4554 1.6587 4.4267 5.8617 1.7036 19.1249 -0.2847 0.0523
Car -1 -1 1.5584 469.9384 189.0499 506.4005 222.8517 1.4535 1.6569 4.0965 -5.9544 2.2935 35.2622 1.3917 0.0518
Car -1 -1 1.8099 578.0082 181.6010 610.7699 202.1082 1.5268 1.6651 4.2633 -1.1744 2.2563 57.9110 1.7893 0.0517
Car -1 -1 1.9145 872.2715 181.2880 910.6417 201.9151 1.4821 1.6027 3.6695 21.6357 2.1511 55.3196 2.2851 0.0513
Car -1 -1 2.7190 1042.5576 152.9478 1233.4076 214.0717 1.5184 1.5503 3.7629 13.8039 1.0239 19.0524 3.3386 0.0505
Car -1 -1 0.0025 483.2632 180.4224 543.9559 204.4957 1.4988 1.6251 3.8215 -6.1889 1.9990 46.6370 -0.1292 0.0504
Car -1 -1 2.6501 1189.9033 200.6950 1242.0000 375.0000 1.5105 1.6611 4.3613 8.4987 1.8358 6.8513 3.5208 0.0500