Car -1 -1 4.6016 629.1987 180.2050 682.0281 218.5843 1.3903 1.6553 4.2196 1.7825 1.7088 29.1104 4.6615 0.9619
Car -1 -1 3.7017 0.0000 188.2409 267.9166 321.7336 1.5585 1.6741 3.8147 -6.8327 1.7822 9.5639 3.0942 0.9618
Car -1 -1 -0.7206 967.5735 196.2325 1242.0000 346.9673 1.4484 1.5648 3.6142 6.2262 1.7432 8.1607 -0.0871 0.9090
Car -1 -1 -0.4287 777.2944 189.3127 1018.9867 270.8020 1.3924 1.5280 3.9486 5.3227 1.7224 13.5753 -0.0634 0.8880
Car -1 -1 2.5929 840.1841 195.9958 1176.2864 306.4141 1.4439 1.5826 4.1966 5.7918 1.8187 10.7556 3.0744 0.8118
Car -1 -1 -0.3053 766.4193 173.9275 974.5535 243.4160 1.4437 1.5425 4.0170 5.6102 1.4685 15.8441 0.0285 0.7740
Car -1 -1 0.4820 22.1967 148.3195 342.0991 272.9159 1.9351 1.7151 4.3383 -6.9808 1.5541 12.1308 -0.0311 0.7664
Car -1 -1 0.2749 349.3882 185.6896 479.6506 226.3264 1.3804 1.5047 4.2443 -6.9064 1.8531 25.7902 0.0153 0.7022
Car -1 -1 -0.7842 1075.9813 202.9100 1242.0000 375.0000 1.4781 1.6395 3.9280 6.1125 1.7464 5.5851 0.0194 0.6876
Car -1 -1 4.7643 443.4320 168.9150 478.2159 197.3717 1.4166 1.5795 4.0260 -7.7878 1.2205 38.0265 4.5633 0.4084
Car -1 -1 0.3090 314.4636 180.2908 460.0800 226.1794 1.4131 1.6180 4.2062 -7.1104 1.6623 23.3342 0.0159 0.3014
Car -1 -1 1.3633 598.0317 177.6194 624.5189 195.2211 1.4597 1.5558 3.8139 0.1184 1.8888 62.9575 1.3648 0.2833
Car -1 -1 1.5383 614.1199 176.3913 642.8102 202.8219 1.5345 1.6305 4.0416 1.1249 1.7625 44.4618 1.5629 0.2335
Car -1 -1 1.6366 374.2749 174.0710 421.4564 211.8476 1.4093 1.5608 3.8378 -8.4680 1.4618 29.0900 1.3554 0.2085
Car -1 -1 4.5095 643.6072 172.2480 672.8331 191.8604 1.5591 1.6132 4.0638 3.9730 1.5109 59.4827 4.5755 0.1859
Car -1 -1 0.6612 1047.6417 188.0061 1242.0000 375.0000 1.4627 1.5775 3.4712 4.9981 1.6047 4.9267 1.4236 0.1655
Car -1 -1 3.1082 326.6174 181.0846 438.7477 220.6948 1.4372 1.4860 4.0666 -8.8135 1.7736 28.1201 2.8067 0.1582
Car -1 -1 3.4131 231.6999 151.4741 327.0613 182.3423 1.5863 1.6739 4.3019 -17.4203 0.4876 38.2355 2.9881 0.1578
Car -1 -1 4.6292 516.2852 170.1048 537.5751 187.9088 1.6372 1.6699 4.1448 -7.8771 1.3844 68.5445 4.5150 0.1576
Car -1 -1 -0.0785 414.8703 172.2792 507.0437 207.6411 1.4702 1.5583 3.8037 -6.4553 1.4463 31.2747 -0.2808 0.1557
Car -1 -1 -0.5739 615.3948 176.1290 684.0003 202.8134 1.5309 1.6128 3.8711 2.4301 1.7357 43.4620 -0.5189 0.1503
Car -1 -1 4.9195 359.7719 174.7874 405.0043 205.5960 1.5186 1.5537 3.4958 -11.7838 1.6243 37.6080 4.6175 0.1438
Car -1 -1 1.7623 509.2734 172.5505 536.8406 193.1035 1.6068 1.5349 3.6898 -6.9560 1.5831 58.3057 1.6438 0.1388
Car -1 -1 4.7063 600.2604 177.3439 627.9562 203.3641 1.5122 1.6357 3.9478 0.2674 1.8019 44.5882 4.7117 0.1291
Car -1 -1 1.6327 642.5806 174.3087 663.0251 191.9908 1.5634 1.6238 4.1299 4.0010 1.7014 66.2973 1.6923 0.1191
Car -1 -1 4.8412 256.4888 156.2520 293.4041 186.3218 1.7828 1.6345 3.4437 -20.6653 0.7985 44.6654 4.4100 0.1086
Car -1 -1 5.0254 494.5499 172.7291 531.5444 194.3674 1.5636 1.6318 3.8922 -7.2046 1.5546 54.2013 4.8935 0.1057
Car -1 -1 3.3819 570.4480 178.9918 637.0875 204.6236 1.4789 1.6165 3.7336 -0.3321 1.8587 43.4300 3.3737 0.1055
Car -1 -1 1.5686 507.1782 175.2061 529.4591 196.1706 1.5557 1.6589 4.2796 -7.1186 1.7464 56.2721 1.4430 0.0938
Car -1 -1 5.1678 156.6189 139.4875 300.8327 212.4551 1.5325 1.5782 3.4955 -8.7514 0.8317 16.9139 4.6966 0.0878
Car -1 -1 3.8573 472.9158 175.5882 527.1937 196.1980 1.5059 1.6545 3.9774 -8.3535 1.7208 54.9513 3.7068 0.0867
Car -1 -1 1.7493 361.8049 183.3310 423.8733 225.7958 1.4303 1.5153 4.2964 -8.1991 1.8635 27.6152 1.4628 0.0846
Car -1 -1 -0.0457 374.3897 177.6195 480.0362 216.3463 1.4393 1.4741 3.9351 -7.1692 1.6353 28.4005 -0.2912 0.0826
Car -1 -1 1.9089 666.4738 171.7040 701.7532 191.7093 1.5381 1.5981 3.9000 5.9844 1.4497 57.5805 2.0116 0.0809
Car -1 -1 3.7502 60.7991 147.5284 186.1031 186.3139 1.5976 1.6549 4.2242 -20.5423 0.5544 30.5920 3.1628 0.0790
Car -1 -1 5.0094 429.9538 181.0874 501.1365 224.3237 1.4592 1.5759 3.7404 -5.3079 1.7898 27.0329 4.8168 0.0750
Car -1 -1 2.0070 617.1078 181.8661 689.3376 219.6549 1.5173 1.6550 4.0556 2.0172 1.9465 32.1869 2.0683 0.0741
Car -1 -1 1.6041 652.8611 186.0784 690.1768 220.3854 1.4758 1.6610 4.3191 3.0594 2.1586 35.0111 1.6898 0.0715
Car -1 -1 1.4214 662.2194 170.6325 692.8895 194.9545 1.6154 1.5785 3.6268 4.6533 1.4678 49.7772 1.5136 0.0714
Car -1 -1 3.7743 171.0750 146.0703 257.9384 175.5039 1.5666 1.6303 3.9784 -21.5826 0.1410 39.4786 3.2768 0.0695
Car -1 -1 3.0026 369.3152 170.2715 465.3325 206.5927 1.4829 1.5641 3.7970 -8.2354 1.3774 30.9143 2.7440 0.0691
Car -1 -1 3.6294 414.8541 169.1517 495.3416 197.7897 1.4246 1.5463 3.7680 -7.9409 1.2404 37.1533 3.4200 0.0683
Car -1 -1 5.3874 95.2200 150.9069 193.9437 192.6532 1.6508 1.6419 3.5205 -19.4584 0.7829 30.3712 4.8215 0.0681
Car -1 -1 4.6922 463.0916 180.0872 492.0919 208.0192 1.4833 1.5578 3.6575 -7.5815 1.9165 41.2722 4.5112 0.0676
Car -1 -1 4.3898 1155.4490 166.5786 1242.0000 232.3219 1.5003 1.5550 3.0577 15.2175 1.3571 18.1723 5.0787 0.0666
Car -1 -1 1.7092 518.9617 176.0999 543.3420 196.3716 1.6371 1.5330 3.7820 -6.5751 1.9192 60.7966 1.6016 0.0666
Car -1 -1 1.7759 266.6982 152.0032 314.5933 182.3728 1.5591 1.6401 3.6844 -17.1784 0.4887 39.0139 1.3636 0.0643
Car -1 -1 4.2801 1111.0583 175.3871 1192.9279 212.3175 1.4881 1.5493 3.3376 23.2874 1.6036 31.1117 4.9177 0.0607
Car -1 -1 4.4302 1082.2958 164.9491 1178.3514 216.1891 1.4185 1.5325 3.0186 15.5147 1.1996 21.6509 5.0453 0.0607
Car -1 -1 4.9032 0.0000 134.1110 84.0879 191.8430 1.5531 1.6618 3.9817 -17.0995 0.5108 21.5609 4.2387 0.0593
Car -1 -1 0.1665 593.3627 176.7480 660.9231 202.9265 1.5363 1.6105 3.8917 1.0883 1.7792 43.8493 0.1906 0.0588
Car -1 -1 4.0052 617.1166 175.9701 681.2958 201.9179 1.5211 1.6707 4.1887 2.4207 1.7248 44.9890 4.0581 0.0564
Car -1 -1 1.0587 977.4273 195.1288 1242.0000 375.0000 1.4682 1.6530 3.9168 5.0090 1.7352 6.6110 1.6847 0.0549
Car -1 -1 1.9526 531.2938 175.6918 570.4346 196.6783 1.5460 1.6001 4.1285 -4.5052 1.7748 55.9608 1.8722 0.0546
Car -1 -1 2.9261 631.9814 171.2693 685.5346 190.8097 1.5474 1.6144 4.0604 3.9524 1.4219 58.2366 2.9932 0.0532
Car -1 -1 3.6851 262.3856 155.7110 348.2041 184.6310 1.5127 1.6360 3.9875 -16.3490 0.6160 38.8430 3.2891 0.0527
Car -1 -1 1.7900 543.4019 177.8868 575.8035 198.9757 1.4988 1.5931 4.0482 -3.7250 1.8931 54.4115 1.7215 0.0525
Car -1 -1 -1.0043 1183.4635 164.3956 1242.0000 228.3941 1.4644 1.6315 4.1365 16.5942 1.2709 17.8362 -0.2634 0.0522
Car -1 -1 1.4369 638.5355 170.5428 665.6222 190.3279 1.5404 1.6428 4.1325 3.3980 1.3605 58.2995 1.4945 0.0512
Car -1 -1 1.7089 457.6302 173.7917 499.5247 203.0308 1.4675 1.6138 4.3106 -6.9327 1.5205 38.5397 1.5318 0.0510
Car -1 -1 3.3662 473.8784 173.5590 530.2784 195.0809 1.5536 1.6639 3.8324 -7.8873 1.6065 53.1272 3.2192 0.0505
Car -1 -1 -0.0584 511.5751 170.6665 557.1638 186.5018 1.4571 1.6271 4.1559 -7.0523 1.2558 67.5334 -0.1624 0.0505