Car -1 -1 1.8626 317.7285 191.7607 459.7637 284.4856 1.5293 1.6251 4.0621 -4.3216 1.9698 14.7718 1.5820 0.9802
Car -1 -1 1.9800 146.0339 205.0228 385.1365 337.8466 1.3530 1.5631 3.7987 -4.5336 1.8911 10.1704 1.5696 0.9672
Car -1 -1 4.5508 729.8794 173.8250 828.3361 246.1286 1.6574 1.7335 4.7295 4.3036 1.6862 19.0144 4.7693 0.9606
Car -1 -1 2.2004 0.0000 201.4371 225.7958 375.0000 1.4484 1.5438 3.4967 -4.5498 1.7353 5.4618 1.5293 0.9477
Car -1 -1 1.8063 540.4060 182.2258 585.6528 210.8778 1.5114 1.7114 3.9965 -2.6231 2.0788 41.5617 1.7431 0.8158
Car -1 -1 4.5270 699.7904 182.5444 753.2162 221.3281 1.5210 1.5928 3.7855 4.9825 1.9653 31.1686 4.6834 0.6246
Car -1 -1 4.6300 714.7743 185.4540 773.0714 234.5113 1.5161 1.6677 4.1839 4.6745 2.0004 25.5714 4.8080 0.5280
Car -1 -1 1.8292 600.3100 182.6996 627.4772 198.8507 1.4259 1.6189 3.9546 0.4429 2.3882 68.4053 1.8352 0.3732
Car -1 -1 4.6193 699.7192 181.3801 739.1245 213.1883 1.4641 1.5932 3.8513 5.4632 1.9155 36.2328 4.7672 0.3281
Car -1 -1 1.7862 236.5260 192.4835 290.1074 226.0762 1.4652 1.6261 3.7160 -17.1030 2.4933 35.7953 1.3430 0.2355
Car -1 -1 4.9405 67.9521 176.6426 126.6223 208.0224 1.4813 1.6011 3.7633 -25.9010 1.6842 36.5988 4.3279 0.1973
Car -1 -1 5.1048 113.7431 184.9240 182.0242 216.4339 1.4577 1.5894 3.8235 -23.5447 2.1095 36.9466 4.5405 0.1506
Car -1 -1 4.6173 307.3431 179.4839 347.1125 210.4051 1.4613 1.5569 3.7099 -14.5011 1.8195 36.9676 4.2456 0.1382
Car -1 -1 3.3234 526.6635 175.5107 571.9302 191.4729 1.4292 1.5827 3.8983 -5.4859 1.6754 65.9078 3.2404 0.1373
Car -1 -1 1.8142 592.1198 179.1602 621.4335 198.2845 1.6430 1.6716 4.3648 -0.2149 2.2387 65.8360 1.8105 0.1233
Car -1 -1 -0.1615 720.6628 187.0691 853.2103 235.1353 1.4982 1.6295 4.0687 5.8161 1.9903 24.0176 0.0724 0.1018
Car -1 -1 3.4092 179.7909 194.2442 282.5815 227.5946 1.4590 1.7115 4.0332 -17.9699 2.5173 34.4385 2.9311 0.1014
Car -1 -1 -0.1552 308.5709 179.3556 398.3524 211.0627 1.5080 1.5912 4.1064 -13.0008 1.8536 36.6766 -0.4939 0.0931
Car -1 -1 4.8027 690.0380 179.0105 722.8662 205.3788 1.4263 1.5641 3.7197 5.6698 1.8012 41.9441 4.9357 0.0879
Car -1 -1 1.6318 534.7703 177.9984 556.3675 197.1589 1.4967 1.5436 3.6518 -5.2226 1.9320 59.2000 1.5438 0.0857
Car -1 -1 1.9255 212.7416 194.9575 279.5236 230.6900 1.4640 1.6735 3.4388 -16.8334 2.5479 33.5859 1.4637 0.0834
Car -1 -1 4.6628 543.1084 173.5546 563.6573 190.7543 1.5423 1.6969 4.1842 -5.2490 1.6095 67.0596 4.5847 0.0830
Car -1 -1 1.5814 596.3954 181.3599 614.6129 198.5851 1.5067 1.6486 4.3978 -0.3562 2.3283 67.4913 1.5757 0.0744
Car -1 -1 1.7206 63.5345 176.4299 119.8715 208.9856 1.4761 1.6509 3.9506 -25.2652 1.6617 35.3186 1.1031 0.0736
Car -1 -1 1.3675 718.3276 184.1137 801.3332 241.7951 1.5669 1.6723 4.3402 4.5875 1.9539 22.6250 1.5641 0.0733
Car -1 -1 1.2420 600.1649 178.4692 632.3920 196.8208 1.5517 1.6371 4.1227 0.5634 2.0715 64.5774 1.2503 0.0720
Car -1 -1 4.9059 258.5392 192.3131 306.7323 224.7531 1.4764 1.5692 3.6902 -16.7810 2.5324 37.1821 4.4843 0.0696
Car -1 -1 0.9098 20.6214 177.7840 114.7762 209.8866 1.5168 1.6224 4.0138 -26.8771 1.7704 35.8109 0.2694 0.0650
Car -1 -1 1.7966 107.9346 181.2363 167.4845 215.4820 1.5383 1.5984 3.9418 -23.1785 1.9764 35.5779 1.2224 0.0631
Car -1 -1 3.3018 217.5740 194.1724 310.0656 227.0643 1.4509 1.6081 3.8131 -16.6014 2.5182 34.8203 2.8595 0.0624
Car -1 -1 4.6084 674.3525 178.9612 708.0834 204.8084 1.4016 1.5503 3.8418 4.7041 1.7731 41.9636 4.7187 0.0617
Car -1 -1 1.4883 670.3004 179.4712 708.7513 211.2632 1.4762 1.5958 3.8927 3.9692 1.8270 36.2867 1.5958 0.0597
Car -1 -1 1.6388 213.5083 186.5529 262.2365 224.5132 1.5003 1.6466 4.0863 -16.5690 2.1555 32.3089 1.1680 0.0579
Car -1 -1 1.8288 522.3228 176.6534 558.2585 201.0535 1.8051 1.7359 4.3652 -5.3632 2.1141 56.3880 1.7340 0.0574
Car -1 -1 2.4401 546.8715 181.5060 622.2263 209.4660 1.4680 1.6673 4.2160 -1.3856 1.9861 41.1743 2.4061 0.0572
Car -1 -1 4.5617 671.7246 184.9079 721.9741 223.2112 1.4957 1.5770 4.0177 3.7407 2.0557 31.4903 4.6781 0.0570
Car -1 -1 -0.7183 697.5754 177.2895 769.2931 204.4236 1.4445 1.6003 3.8944 6.9981 1.7049 40.6651 -0.5496 0.0547
Car -1 -1 1.4075 446.3918 193.4443 504.8161 234.8331 1.4404 1.7042 4.0863 -5.5468 2.3459 29.5217 1.2228 0.0527
Car -1 -1 4.7034 785.2019 172.2460 805.7933 191.6745 1.5087 1.5536 3.6386 14.9184 1.4614 57.9812 4.9537 0.0526
Car -1 -1 3.7454 79.9402 182.3307 177.6985 214.5440 1.5419 1.6383 3.7912 -23.8655 2.0247 35.8988 3.1619 0.0523