Car -1 -1 4.7155 554.5895 183.4623 695.0398 314.2470 1.5148 1.7016 4.4898 0.2330 1.7097 10.9878 4.7346 0.9363
Car -1 -1 4.6979 595.5911 169.5110 624.5291 195.4154 1.4550 1.6261 4.1223 -0.0023 1.2673 42.6011 4.6975 0.4235
Car -1 -1 4.3283 630.8439 169.4711 678.6447 196.0665 1.5516 1.5748 3.8845 2.7144 1.3542 44.1871 4.3889 0.2313
Car -1 -1 4.5123 641.0891 172.4077 682.2794 201.0883 1.4622 1.5314 3.4756 2.7428 1.4395 38.6086 4.5823 0.2128
Car -1 -1 4.7248 589.0985 187.4770 642.4842 238.7188 1.4800 1.6232 3.7514 0.2282 2.0010 23.8129 4.7334 0.1536
Car -1 -1 1.7013 524.3719 187.7820 566.3419 220.6875 1.4425 1.5711 3.6522 -3.0777 2.2086 35.1739 1.6140 0.1186
Car -1 -1 1.6142 582.7665 195.8483 641.1411 253.1543 1.4633 1.6047 3.9411 0.1512 2.2298 22.0432 1.6199 0.1160
Car -1 -1 4.6869 636.6838 162.4810 666.8240 189.2895 1.4828 1.6412 3.9262 2.4085 0.9091 41.8964 4.7437 0.0974
Car -1 -1 -0.3330 577.1960 189.9975 705.4776 241.6358 1.4880 1.5969 3.7628 0.9914 2.0646 22.9636 -0.2914 0.0905
Car -1 -1 1.5767 678.0211 182.1136 708.1988 210.9505 1.4721 1.5859 3.7040 4.6397 2.0104 40.0102 1.6907 0.0902
Car -1 -1 0.0553 530.9778 187.3899 659.6759 237.1095 1.4802 1.6207 3.9418 -0.4121 1.9589 22.8784 0.0366 0.0814
Car -1 -1 0.9265 662.4664 175.9980 705.3096 193.4641 1.4796 1.5771 4.2007 6.5645 1.7687 64.1250 1.0277 0.0813
Car -1 -1 4.8769 636.1499 168.7462 676.6663 197.9254 1.5330 1.6143 3.9621 2.6475 1.3172 40.0212 4.9421 0.0727
Car -1 -1 1.4666 560.0412 177.0292 589.2115 201.8992 1.6117 1.5855 4.0590 -2.4395 1.9110 49.6003 1.4172 0.0687
Car -1 -1 4.8431 662.0790 175.7804 701.1982 205.4162 1.5010 1.6053 3.9631 3.9508 1.6681 39.0750 4.9426 0.0677
Car -1 -1 1.7330 630.2369 205.6457 712.1886 271.0317 1.3955 1.6187 3.5701 1.7330 2.3587 19.2640 1.8201 0.0647
Car -1 -1 4.1271 629.2798 181.9097 859.6137 300.6718 1.4629 1.5750 3.9530 1.8841 1.6319 11.3374 4.2863 0.0602
Car -1 -1 1.4672 649.4941 170.7912 690.7661 203.4873 1.5665 1.6605 4.1262 3.0183 1.4677 36.6514 1.5482 0.0590
Car -1 -1 3.4026 594.5452 164.5618 672.6681 192.4718 1.5392 1.6310 4.1766 1.3818 1.0819 41.1767 3.4356 0.0547
Car -1 -1 3.1680 581.9775 168.1804 646.1483 194.5219 1.4854 1.5597 3.6250 0.2772 1.2218 41.5256 3.1743 0.0542
Car -1 -1 2.5824 666.0534 182.2522 743.3536 211.3379 1.4898 1.6280 3.9349 5.2162 2.0250 39.5258 2.7121 0.0534
Car -1 -1 4.7382 625.4987 171.9175 644.4985 188.8250 1.5233 1.6614 4.0664 2.3913 1.4389 67.0872 4.7734 0.0517
Car -1 -1 1.5904 562.8200 182.3477 597.6505 215.5705 1.4786 1.6053 3.9815 -1.3922 1.9690 35.2662 1.5506 0.0508
Car -1 -1 4.6090 643.4697 166.2857 676.7368 192.2878 1.4785 1.5892 3.7552 2.9647 1.1050 42.9303 4.6772 0.0507
Car -1 -1 4.7147 592.1331 169.2749 622.3174 197.4831 1.5215 1.6282 3.8804 -0.1283 1.3285 40.8603 4.7112 0.0505
Car -1 -1 1.8575 547.4493 181.0541 582.3882 203.1600 1.5709 1.5261 4.2445 -3.3676 2.2234 55.1741 1.7964 0.0501