Car -1 -1 4.6838 684.8179 171.7264 724.2832 208.5188 1.5891 1.6748 4.1640 4.4379 1.0065 33.2052 4.8152 0.8902
Car -1 -1 4.6143 650.6183 176.2865 678.5381 197.6431 1.4878 1.6274 3.9958 4.1200 0.8658 52.0929 4.6924 0.5257
Car -1 -1 4.9213 712.8320 172.0691 743.5223 193.0677 1.6226 1.6363 4.0089 9.7467 0.6068 57.7137 5.0874 0.1824
Car -1 -1 1.1830 571.3832 173.0667 605.2913 191.7311 1.5825 1.5915 3.9641 -1.6899 0.5524 63.0855 1.1560 0.1730
Car -1 -1 1.7085 712.5430 180.9588 742.9242 203.6235 1.4828 1.5523 3.7061 8.2541 1.2043 49.0305 1.8739 0.0735
Car -1 -1 -0.8615 728.9394 178.6982 788.4423 202.0977 1.4895 1.6342 4.0229 10.0622 1.0746 47.6318 -0.6549 0.0596
Car -1 -1 1.6020 651.7695 173.7980 676.6955 197.0259 1.5456 1.6002 4.1160 3.9988 0.7859 49.9681 1.6810 0.0579
Car -1 -1 -0.9350 728.6287 172.0557 776.0214 192.1519 1.5205 1.6292 3.9242 11.3922 0.5248 56.3103 -0.7368 0.0558
Car -1 -1 1.5461 580.5390 174.1184 601.3908 193.3777 1.6055 1.6940 4.1576 -1.4301 0.6804 62.0410 1.5228 0.0526
Car -1 -1 1.1195 716.0371 178.2083 765.1442 202.0783 1.4740 1.6516 3.7226 8.5572 1.0412 46.4029 1.3003 0.0519
Car -1 -1 1.6429 706.7947 172.5046 731.4041 192.9139 1.5501 1.6256 4.2095 8.8790 0.5847 56.8306 1.7968 0.0513