Car -1 -1 -0.7618 709.4387 197.0034 777.7351 230.9695 1.5349 1.5430 3.1987 6.7522 2.8005 36.2914 -0.5802 0.8643
Car -1 -1 -0.0261 950.4781 188.7599 1141.8068 250.0782 1.4666 1.7010 4.3701 11.9168 1.9470 19.9918 0.5042 0.8524
Car -1 -1 1.5272 554.1523 191.1506 577.6509 210.5529 1.4828 1.8126 4.2330 -3.7534 3.0979 61.4918 1.4659 0.4440
Car -1 -1 0.2791 533.9605 190.8175 582.4042 210.4362 1.5511 1.6969 3.7276 -4.2920 3.0872 60.4862 0.2080 0.2283
Car -1 -1 4.3524 723.9424 193.3163 775.1775 222.6799 1.4711 1.6715 3.5911 7.8445 2.6803 40.7266 4.5406 0.1513
Car -1 -1 0.1714 539.7415 191.6536 592.6433 210.0154 1.4867 1.8075 4.2835 -3.6953 3.1287 61.8846 0.1114 0.1283
Car -1 -1 4.7157 551.3032 180.6920 570.1672 198.5625 1.5734 1.7010 3.6117 -4.5281 2.3216 67.0141 4.6480 0.1246
Car -1 -1 1.2687 536.8372 190.6651 570.9272 209.5860 1.4475 1.7064 4.3110 -4.8148 3.0322 61.8805 1.1908 0.1083
Car -1 -1 1.3685 591.8376 184.8211 619.3704 202.7304 1.4240 1.6572 3.6728 -0.3707 2.4845 61.9704 1.3620 0.1061
Car -1 -1 2.6732 721.6768 192.7783 799.3196 221.4884 1.4653 1.6338 3.8867 8.3364 2.6035 39.9225 2.8768 0.1030
Car -1 -1 2.3603 557.8650 188.8940 604.0320 206.9693 1.4145 1.7508 3.8489 -2.4336 2.8380 62.0279 2.3207 0.0972
Car -1 -1 4.5403 624.2787 186.4428 668.3372 219.6334 1.7589 1.8523 4.3842 2.0966 2.6005 42.4006 4.5887 0.0923
Car -1 -1 1.3165 652.6584 183.9284 682.1008 202.5638 1.4985 1.6092 3.8988 4.9744 2.4898 62.5282 1.3950 0.0837
Car -1 -1 1.5032 557.5159 188.9096 580.3701 209.9895 1.5816 1.5979 4.3649 -3.4018 2.9638 59.8510 1.4461 0.0825
Car -1 -1 1.5703 627.0334 195.0413 658.6141 222.6525 1.5178 1.8771 3.9376 2.0658 2.9602 44.8994 1.6152 0.0798
Car -1 -1 4.2964 974.7232 162.4214 1242.0000 375.0000 1.4496 1.6446 4.2803 4.9405 1.3849 6.7322 4.9083 0.0758
Car -1 -1 3.0631 622.7723 187.2879 673.6116 216.4016 1.5742 1.7590 2.7411 2.1569 2.4095 40.8391 3.1148 0.0706
Car -1 -1 -1.1496 919.6980 175.3173 985.5352 209.3995 1.4941 1.6082 3.1838 15.9542 1.6141 33.5148 -0.7091 0.0685
Car -1 -1 2.0608 906.9686 178.7235 1135.6345 289.0238 1.4560 1.5476 3.7987 6.5529 1.5622 11.3795 2.5714 0.0660
Car -1 -1 1.6192 603.4050 187.1496 625.2765 206.6665 1.5090 1.6532 3.9383 0.4317 2.7525 60.7478 1.6257 0.0616
Car -1 -1 1.4327 521.8328 187.2359 548.4158 206.1594 1.4551 1.7002 3.9415 -6.3054 2.7095 60.8160 1.3293 0.0607
Car -1 -1 1.3828 741.7000 191.9462 785.0239 221.4637 1.4483 1.6357 3.8610 8.4392 2.5547 39.8652 1.5892 0.0590
Car -1 -1 1.3894 604.3344 194.2075 637.2690 217.3971 1.4854 1.6847 3.9907 0.7717 3.0928 52.2072 1.4034 0.0589
Car -1 -1 1.6004 797.0026 182.2152 830.2690 211.4782 1.4711 1.6543 3.8913 11.2719 2.0137 39.7220 1.8743 0.0578
Car -1 -1 1.5103 546.6058 187.3645 569.5785 208.1600 1.5534 1.6221 4.2941 -4.2587 2.7900 59.2537 1.4384 0.0512
Car -1 -1 1.6025 551.9355 182.2876 573.8814 202.5649 1.5044 1.6159 4.1098 -3.6892 2.2840 57.5486 1.5383 0.0504