Car -1 -1 1.8196 269.4315 201.7700 490.7915 348.7066 1.4372 1.7852 4.5776 -2.9130 1.9415 10.2738 1.5488 0.9457
Car -1 -1 4.3336 455.0147 196.1421 492.1217 217.6122 1.5343 1.6985 3.6412 -10.9363 3.4667 57.8779 4.1472 0.4331
Car -1 -1 4.6189 599.3980 198.2767 624.3305 219.1901 1.5520 1.7229 4.0489 0.1605 3.7656 60.7322 4.6208 0.3700
Car -1 -1 3.2007 588.8066 200.6849 631.0848 221.0822 1.5917 1.6951 3.4127 0.0539 3.9363 59.8378 3.2008 0.3045
Car -1 -1 1.0890 597.1797 211.0975 669.5261 247.5753 1.4041 1.9480 3.6493 1.0659 3.3249 34.1734 1.1188 0.2767
Car -1 -1 1.2800 578.9152 207.6372 635.1672 244.9823 1.4714 1.7793 3.1314 -0.1650 3.1691 33.4597 1.2740 0.1802
Car -1 -1 2.1187 414.4041 194.7078 495.6113 236.6065 1.4773 1.6681 3.4484 -6.2065 2.4232 29.3295 1.9113 0.1275
Car -1 -1 4.4316 436.1447 194.3342 499.4941 233.5430 1.4531 1.6625 3.9220 -6.1872 2.4449 31.1918 4.2367 0.0746
Car -1 -1 0.1584 454.5749 196.4403 497.9991 216.9825 1.5429 1.7170 3.1498 -10.5284 3.4403 57.1465 -0.0235 0.0718
Car -1 -1 1.4209 570.5149 203.0915 617.8227 239.6213 1.5010 1.7738 3.2964 -0.7812 3.0157 34.3661 1.3974 0.0659
Car -1 -1 4.5859 440.4730 193.3529 469.2303 214.2295 1.4746 1.7367 4.1323 -12.3825 3.1745 57.5959 4.3746 0.0655
Car -1 -1 1.6182 449.1358 199.7701 497.0584 243.2361 1.4798 1.6986 3.4585 -5.3595 2.6171 28.6591 1.4342 0.0585
Car -1 -1 4.1996 352.7058 182.3564 775.3884 375.0000 1.5479 1.5899 3.8744 -0.6911 1.6516 5.8434 4.0848 0.0557