Car -1 -1 3.0201 992.7476 184.4813 1223.2568 253.4019 1.4444 1.6657 4.3916 11.7658 1.7531 17.4314 3.6054 0.9139
Car -1 -1 -0.7465 702.6645 196.5953 777.2916 232.7837 1.5131 1.5598 3.2332 6.1033 2.6725 33.7046 -0.5698 0.8572
Car -1 -1 3.1025 520.6672 187.2742 569.5333 207.2883 1.5285 1.6348 3.8295 -5.1723 2.7024 57.6831 3.0130 0.7056
Car -1 -1 0.0110 526.2117 173.3880 569.2048 190.7858 1.5030 1.5878 3.7125 -5.4150 1.5506 63.3218 -0.0743 0.2295
Car -1 -1 4.5904 614.2065 182.4641 658.2990 219.0604 1.8328 1.8692 4.6142 1.4034 2.3941 39.7647 4.6247 0.1919
Car -1 -1 4.5388 731.1352 189.6326 773.8737 220.1141 1.4549 1.6219 3.5285 7.5104 2.3840 38.1759 4.7309 0.1152
Car -1 -1 4.5915 1123.0120 90.8364 1242.0000 354.9199 1.5254 1.7814 4.6436 5.8800 1.0517 6.5952 5.2978 0.1121
Car -1 -1 1.5218 579.2456 182.1265 602.1006 200.9418 1.4482 1.6881 4.1316 -1.5956 2.2434 59.7532 1.4947 0.1026
Car -1 -1 1.4226 597.3319 191.3948 625.1277 211.7761 1.4701 1.6704 3.8509 0.0994 3.0064 57.7597 1.4237 0.1007
Car -1 -1 1.5827 646.9728 185.8502 669.0214 207.5841 1.5194 1.6141 3.9534 3.7076 2.5450 54.9078 1.6492 0.0934
Car -1 -1 1.7242 649.0994 182.0863 674.8249 201.8641 1.5364 1.5704 3.8100 4.3862 2.3299 59.9810 1.7964 0.0917
Car -1 -1 -0.1539 613.5519 186.9544 678.7805 220.0407 1.6602 1.6414 3.2178 1.9001 2.4226 38.0292 -0.1051 0.0897
Car -1 -1 1.4233 728.7862 194.0346 773.2405 225.6763 1.4266 1.6939 3.7132 7.1861 2.5668 36.9522 1.6131 0.0876
Car -1 -1 4.7259 694.1601 195.4342 728.4097 227.9348 1.4935 1.6850 3.4715 5.3138 2.7267 37.5623 4.8645 0.0870
Car -1 -1 -0.4711 616.6497 175.9289 667.6459 195.3955 1.5247 1.6290 3.8078 2.6450 1.7806 58.5261 -0.4266 0.0867
Car -1 -1 4.6794 537.7718 173.0044 557.9309 191.3011 1.5830 1.6670 3.8633 -5.5397 1.5969 64.4779 4.5937 0.0842
Car -1 -1 1.5155 589.5865 190.8178 624.0684 220.6681 1.5533 1.7833 4.2594 -0.2098 2.6619 42.3500 1.5098 0.0834
Car -1 -1 2.0159 604.7675 190.3546 663.7592 220.7246 1.5652 1.8207 4.1635 1.4986 2.6405 42.0660 2.0506 0.0825
Car -1 -1 2.8118 693.6622 193.1336 778.1381 224.4150 1.5017 1.7192 3.9581 6.5015 2.5830 37.3088 2.9822 0.0767
Car -1 -1 1.7445 529.7398 186.7226 558.1888 207.6125 1.5495 1.6408 3.8486 -5.2494 2.7053 58.1436 1.6543 0.0753
Car -1 -1 4.5659 1137.9365 168.1776 1207.3979 211.9125 1.4755 1.4677 3.5183 20.3852 1.3178 26.2374 5.2207 0.0706
Car -1 -1 4.2462 1091.5995 129.3666 1242.0000 375.0000 1.4579 1.6161 4.2677 5.2754 1.2722 5.3564 4.9967 0.0630
Car -1 -1 0.7161 613.2126 183.7869 672.0540 205.3564 1.5190 1.7836 4.4030 2.4934 2.3878 55.1710 0.7605 0.0629
Car -1 -1 0.1231 640.4012 173.0555 686.6214 188.7171 1.4550 1.6087 4.1953 5.1163 1.4744 68.2617 0.1972 0.0610
Car -1 -1 1.4769 655.0964 194.5506 689.1766 221.2959 1.4635 1.7360 3.8151 3.8152 2.8595 44.5073 1.5611 0.0589
Car -1 -1 1.4612 749.0660 191.3760 790.2682 222.9099 1.4320 1.6591 3.5705 8.1161 2.4248 36.8154 1.6758 0.0574
Car -1 -1 1.6381 522.5327 180.3945 547.4303 202.5076 1.5683 1.6092 3.9049 -5.5990 2.1585 54.5008 1.5358 0.0558
Car -1 -1 1.6114 656.0111 197.1074 689.7280 225.1050 1.4214 1.8040 3.5943 3.7081 2.8908 41.8161 1.6984 0.0552
Car -1 -1 1.7367 930.3183 183.5647 994.2366 227.5325 1.4705 1.5669 3.7727 13.2931 1.9023 27.0948 2.1879 0.0548
Car -1 -1 4.6257 752.2524 187.5418 788.9533 218.3736 1.4651 1.5588 3.7917 8.4657 2.2822 38.1555 4.8417 0.0546
Car -1 -1 2.8077 733.8201 189.1375 809.6370 218.7152 1.4431 1.6029 3.4904 8.3524 2.3075 37.3013 3.0256 0.0545
Car -1 -1 0.4001 576.2736 191.6064 627.6447 212.6635 1.5340 1.7289 3.6529 -0.5936 3.0468 56.7147 0.3890 0.0530
Car -1 -1 1.3545 642.6812 173.3501 669.7465 190.1155 1.5213 1.6398 4.3573 4.3514 1.5695 67.8858 1.4179 0.0525
Car -1 -1 1.6338 526.3513 184.5677 549.8970 205.7114 1.5295 1.5805 4.0845 -5.5655 2.4812 56.5559 1.5356 0.0521
Car -1 -1 1.6975 580.6931 183.8232 607.3789 203.3972 1.4487 1.6480 3.9577 -1.2079 2.3581 57.7603 1.6762 0.0515
Car -1 -1 1.9377 562.9999 183.5802 600.7484 202.9151 1.4462 1.7031 4.1120 -2.2068 2.3511 58.6530 1.8998 0.0514
Car -1 -1 1.5526 945.2770 184.8800 991.4016 224.9085 1.4397 1.5789 4.0036 14.5484 1.9654 29.3900 2.0077 0.0513
Car -1 -1 4.6129 978.6996 187.0934 1068.4077 250.9246 1.4383 1.6402 4.3176 11.0990 1.8705 19.5940 5.1212 0.0511
Car -1 -1 -0.9406 765.4398 182.4976 839.1181 213.5388 1.4757 1.6482 4.0058 10.0169 2.0007 37.3843 -0.6814 0.0506