Car -1 -1 1.3788 417.6613 183.8333 497.3009 233.7357 1.3527 1.7012 4.0892 -4.8800 1.7325 22.7475 1.1693 0.8824
Car -1 -1 1.6077 344.5045 182.6632 399.8721 232.0229 1.3867 1.5218 3.4173 -7.4488 1.7227 22.8580 1.2956 0.8801
Car -1 -1 4.0691 90.7262 176.9956 345.0427 298.3123 1.9379 1.7935 4.5678 -7.3147 2.0252 13.4256 3.5780 0.7853
Car -1 -1 4.2965 0.0000 203.8373 66.6219 283.0998 1.4897 1.6726 3.9587 -14.4313 2.2634 16.4154 3.5832 0.7620
Car -1 -1 3.3500 0.0000 189.0256 79.3127 229.7896 1.5018 1.6648 3.7692 -24.1177 2.1978 29.4523 2.6681 0.6262
Car -1 -1 4.3227 420.8133 173.8399 487.2419 206.0002 1.3952 1.6068 4.0323 -7.2873 1.4440 33.5493 4.1100 0.2263
Car -1 -1 0.4325 482.3095 171.4252 585.4112 206.6570 1.4832 1.6056 4.2393 -3.3328 1.4230 31.8185 0.3285 0.1402
Car -1 -1 1.9959 500.2504 167.2446 606.2979 223.3330 1.4651 1.6003 3.8648 -1.5203 1.3185 20.9368 1.9237 0.1249
Car -1 -1 3.8277 243.2524 168.2602 323.6023 196.1185 1.4580 1.5720 3.8350 -17.6238 1.2176 39.0229 3.4058 0.1238
Car -1 -1 3.5279 347.8243 173.0534 440.3033 205.4359 1.5117 1.6359 3.9356 -10.3251 1.5216 34.7042 3.2405 0.1181
Car -1 -1 3.9148 264.3806 166.6179 357.1022 197.4495 1.4823 1.6670 4.3986 -15.0296 1.1825 36.2835 3.5245 0.1099
Car -1 -1 3.9607 226.0628 162.6208 315.3355 194.9415 1.5879 1.6809 4.2817 -17.3907 1.0851 37.0276 3.5242 0.1006
Car -1 -1 0.4557 204.2816 162.4308 304.6873 192.0456 1.5229 1.6770 4.4564 -18.6160 0.9869 37.9469 0.0022 0.0963
Car -1 -1 3.9095 243.5058 164.9730 315.3143 188.1935 1.5031 1.6087 4.5178 -22.0625 0.9929 48.2177 3.4823 0.0881
Car -1 -1 1.1138 434.8591 174.8058 503.9494 209.6117 1.4620 1.5830 3.6976 -6.3564 1.5552 32.4786 0.9216 0.0881
Car -1 -1 4.9230 86.6243 191.1173 185.7500 252.6112 1.5045 1.6186 3.7539 -13.5764 2.0854 20.9076 4.3526 0.0830
Car -1 -1 2.2676 99.4745 182.3801 349.8315 304.7779 1.6629 1.5913 3.8228 -6.1986 1.8505 12.1645 1.8046 0.0822
Car -1 -1 1.6780 108.1260 193.0728 199.4746 258.2762 1.4284 1.6147 3.7689 -11.9507 2.0217 19.1251 1.1254 0.0794
Car -1 -1 5.4960 140.7262 164.3070 210.6405 192.3598 1.7196 1.7082 3.7184 -27.7282 1.1957 46.2407 4.9582 0.0734
Car -1 -1 0.6331 189.0570 162.9188 274.2203 188.8273 1.5052 1.6292 4.3935 -22.5259 0.9280 43.0599 0.1535 0.0664
Car -1 -1 1.0263 0.0000 176.1673 72.1543 202.7367 1.4880 1.5947 3.9589 -33.6100 1.6884 42.2058 0.3568 0.0641
Car -1 -1 5.1046 0.0000 196.9992 138.1671 269.9496 1.4965 1.6103 3.8600 -13.5844 2.1758 18.2355 4.4712 0.0625
Car -1 -1 4.9977 10.7732 189.8730 89.4277 229.6027 1.4757 1.6361 3.7063 -23.5832 2.2442 30.5577 4.3444 0.0623
Car -1 -1 5.1253 519.1902 168.2922 620.5959 220.6912 1.4625 1.6401 4.0203 -1.1148 1.3352 22.3088 5.0754 0.0595
Car -1 -1 2.0788 69.0212 197.1290 199.7287 253.3168 1.4704 1.6252 4.1103 -14.8257 2.3082 22.8010 1.5073 0.0579
Car -1 -1 2.2751 362.7235 187.4732 599.6370 303.5592 1.5126 1.5977 4.1060 -1.9364 1.8020 12.1164 2.1188 0.0556
Car -1 -1 1.2938 485.5762 180.9529 570.6968 232.1861 1.4200 1.6589 3.8934 -2.6583 1.6994 22.7826 1.1783 0.0552
Car -1 -1 4.9378 299.7901 168.6934 352.8384 199.0284 1.4499 1.6125 4.1197 -14.3044 1.2510 36.6408 4.5679 0.0542
Car -1 -1 2.4702 115.7939 169.5749 194.7696 196.5082 1.5893 1.6137 4.0037 -28.0754 1.3958 44.7331 1.9123 0.0525