Car -1 -1 4.7281 585.5948 172.8782 610.9640 197.2587 1.5625 1.6261 4.0746 -0.7222 1.5642 48.2846 4.7128 0.7271
Car -1 -1 1.8393 340.4442 186.6999 371.5252 204.0796 1.4982 1.6531 4.3921 -23.8591 2.8468 68.0280 1.5028 0.2570
Car -1 -1 2.3029 0.0000 176.9150 80.8478 244.8110 1.8607 1.7709 3.8744 -18.4600 1.9955 21.9801 1.6102 0.1117
Car -1 -1 5.2110 0.0000 195.9676 117.9482 251.8441 1.5790 1.7099 3.9713 -18.4716 2.4215 24.2095 4.5643 0.0969
Car -1 -1 1.1548 327.1331 185.3163 361.1604 202.3565 1.4702 1.5904 3.7345 -24.6356 2.6588 66.9224 0.8030 0.0900
Car -1 -1 1.5072 332.9364 189.1608 364.4416 217.8040 1.5281 1.5259 3.7711 -15.5205 2.5423 42.8418 1.1612 0.0712
Car -1 -1 2.0925 186.9964 178.2078 359.8630 257.4371 1.4657 1.5834 3.9894 -7.0828 1.5975 15.6932 1.6744 0.0700
Car -1 -1 1.8224 576.1924 170.4973 616.4982 196.2482 1.5826 1.6518 3.9899 -0.8023 1.4378 46.4771 1.8049 0.0624
Car -1 -1 1.9761 362.4253 179.6084 411.5190 205.9210 1.7058 1.6766 4.3470 -15.4103 2.1966 50.1824 1.6792 0.0589
Car -1 -1 1.4120 342.0089 179.8765 368.9172 198.3382 1.5384 1.6431 3.9676 -22.5227 2.1809 63.8844 1.0741 0.0556
Car -1 -1 3.7555 0.0000 195.9446 80.3144 248.8640 1.5410 1.6888 3.8617 -19.3766 2.3055 22.8873 3.0586 0.0543
Car -1 -1 1.9788 163.9667 191.4620 243.8604 229.0157 1.5430 1.7459 4.1751 -18.9688 2.4744 33.9535 1.4724 0.0541
Car -1 -1 1.5131 339.2366 181.8448 360.8862 200.8496 1.6042 1.6068 4.1885 -23.4977 2.4454 65.2683 1.1685 0.0504