Car -1 -1 2.0295 196.3516 191.1724 285.9154 230.5250 1.4918 1.7107 4.3766 -15.9939 2.3495 31.5897 1.5639 0.9350
Car -1 -1 1.6532 178.2981 201.9610 213.2211 227.3590 1.5118 1.7812 3.5999 -28.3732 3.5920 49.5587 1.1352 0.1629
Car -1 -1 1.4818 659.7684 185.4662 687.6874 208.4610 1.4428 1.5779 3.4550 4.3153 2.3278 48.8989 1.5687 0.1606
Car -1 -1 1.5169 912.8009 175.8709 949.0825 205.2218 1.5070 1.5999 3.7309 17.5388 1.6806 39.4910 1.9317 0.1404
Car -1 -1 1.6449 673.9257 184.1112 701.7497 207.4407 1.4606 1.6150 3.6267 5.3437 2.2547 48.9654 1.7524 0.1372
Car -1 -1 1.4305 904.9534 182.1227 939.3134 206.0287 1.4873 1.5869 3.8422 20.9830 2.1374 48.5499 1.8357 0.1354
Car -1 -1 1.7700 656.8091 184.7025 691.3043 208.3934 1.4456 1.6401 3.3667 4.2989 2.2596 47.7228 1.8587 0.1180
Car -1 -1 1.6136 914.0605 178.0157 935.7692 195.9425 1.4772 1.5737 3.8181 27.4264 1.9405 62.7046 2.0238 0.1166
Car -1 -1 1.6474 643.1204 190.1727 689.8702 230.3411 1.4314 1.6157 3.7272 2.3735 2.1836 29.3739 1.7264 0.1115
Car -1 -1 4.4980 152.5380 199.1120 196.7245 224.4360 1.4975 1.7851 3.8833 -29.4964 3.3505 48.8932 3.9573 0.0986
Car -1 -1 1.3973 674.3936 190.2985 730.9429 230.1684 1.4204 1.6280 3.8494 3.7182 2.1783 29.3852 1.5211 0.0875
Car -1 -1 -0.3859 914.6089 176.1314 1001.5297 204.9597 1.4855 1.6329 3.8232 18.4536 1.6638 38.3213 0.0595 0.0831
Car -1 -1 1.8004 157.3297 200.3908 200.7239 226.0336 1.4919 1.7772 3.1519 -28.3203 3.3742 47.5518 1.2654 0.0792
Car -1 -1 1.3441 678.1944 182.9947 715.4442 206.3914 1.4337 1.7050 3.4268 5.7110 2.1275 47.5671 1.4623 0.0752
Car -1 -1 0.9639 914.2504 178.7524 989.5986 209.1649 1.4422 1.6360 3.7381 17.4501 1.7605 36.9638 1.4015 0.0750
Car -1 -1 -0.3884 882.2077 182.2991 944.3066 206.1253 1.5160 1.7019 3.3699 19.9370 2.1485 47.4554 0.0067 0.0704
Car -1 -1 2.4627 909.2549 181.9303 972.3856 205.8257 1.4964 1.6426 3.5165 21.7247 2.1075 47.3537 2.8900 0.0637
Car -1 -1 -0.1405 930.5247 177.3618 1022.5975 206.9878 1.4581 1.6462 4.0543 18.9179 1.7005 37.3722 0.3245 0.0635
Car -1 -1 2.9612 677.8297 146.0105 815.4846 196.3307 1.5428 1.6555 4.0656 4.2819 0.7198 22.9523 3.1431 0.0621
Car -1 -1 0.9525 122.4847 194.8170 188.3430 219.4641 1.4791 1.6850 3.9817 -29.9503 2.9744 47.5856 0.3930 0.0618
Car -1 -1 1.5904 260.2456 193.9867 299.6671 228.8389 1.4815 1.6701 4.0301 -16.1553 2.5850 35.4962 1.1657 0.0607
Car -1 -1 1.3934 676.3368 182.9610 721.7398 214.8412 1.4642 1.5960 3.9153 4.4547 2.0021 36.4063 1.5135 0.0593
Car -1 -1 1.7001 217.0358 200.2292 287.0277 251.6057 1.4189 1.6129 3.5423 -11.7614 2.4001 23.9255 1.2472 0.0590
Car -1 -1 5.1877 185.0445 201.7998 238.1927 226.5383 1.4989 1.7839 3.5205 -27.3298 3.5632 49.6729 4.6866 0.0589
Car -1 -1 4.7062 628.3389 175.3748 744.7473 290.3766 1.7725 1.8157 4.9156 1.4313 1.8295 13.7644 4.8064 0.0572
Car -1 -1 0.4025 871.3661 181.9896 935.3627 206.4257 1.5003 1.6803 3.5278 19.3205 2.1253 47.5192 0.7860 0.0568
Car -1 -1 5.0441 279.7624 193.1940 364.5630 240.6210 1.4677 1.6360 3.9068 -10.2463 2.2571 26.0171 4.6719 0.0554
Car -1 -1 1.0959 913.3144 178.8818 977.4719 208.0969 1.4492 1.6271 3.5720 17.7778 1.7849 38.3625 1.5265 0.0537
Car -1 -1 1.0726 180.0420 194.9914 285.8671 243.8820 1.4476 1.5765 3.8257 -12.8965 2.2567 24.6496 0.5946 0.0534
Car -1 -1 -0.4338 284.2129 192.1853 420.3708 241.2405 1.4502 1.6587 4.1199 -8.8206 2.1734 24.9608 -0.7707 0.0531
Car -1 -1 1.2957 924.7332 176.7396 972.1021 202.7664 1.5221 1.6188 4.0463 21.0434 1.7756 44.9568 1.7306 0.0531
Car -1 -1 1.5423 897.7727 179.5785 934.4440 210.5283 1.4814 1.6297 3.7257 15.8593 1.8494 37.4502 1.9395 0.0529
Car -1 -1 1.5429 915.8764 185.3099 967.0692 228.2364 1.4442 1.6462 3.9721 12.6536 1.9591 27.6731 1.9671 0.0529
Car -1 -1 4.2061 666.9936 144.8421 778.7416 199.9724 1.5380 1.6969 3.9243 3.3769 0.7565 22.2637 4.3544 0.0505