Car -1 -1 1.9765 0.0000 191.5105 322.9110 374.0000 1.5656 1.7321 4.3571 -4.7912 1.7151 8.4879 1.4696 0.9134
Car -1 -1 4.6680 267.8406 180.7247 320.4161 223.5398 1.4441 1.5914 3.7704 -11.2505 1.4175 26.2722 4.2618 0.1413
Car -1 -1 3.2215 196.4877 180.5830 323.7296 225.0359 1.4579 1.5605 3.8817 -11.7043 1.4274 24.9720 2.7821 0.1127
Car -1 -1 -0.2548 220.1556 189.2472 635.8818 374.0000 1.4590 1.5817 3.6341 -1.6256 1.5506 6.9627 -0.4823 0.1102
Car -1 -1 4.8228 281.4366 177.3545 322.6962 207.9836 1.5324 1.6054 3.8629 -15.7289 1.3244 38.0175 4.4279 0.1078
Car -1 -1 4.9580 36.2822 193.3082 108.5464 233.2766 1.4623 1.5530 3.5863 -21.5014 1.9769 29.3873 4.3254 0.0970
Car -1 -1 4.7384 8.4303 187.6311 142.8665 293.6049 1.4601 1.5995 3.7730 -8.7390 1.5807 12.1409 4.1192 0.0827
Car -1 -1 1.3610 243.7303 194.2189 572.2814 374.0000 1.4754 1.6173 3.5772 -1.7492 1.6079 5.5345 1.0613 0.0762
Car -1 -1 2.0547 0.0000 202.7920 338.9081 374.0000 1.4875 1.5792 3.5710 -3.3287 1.7019 5.4131 1.5178 0.0709
Car -1 -1 3.5809 231.7599 178.2489 321.5337 208.1165 1.4967 1.6093 3.8800 -16.5499 1.3332 36.8295 3.1562 0.0675
Car -1 -1 2.1002 249.0672 185.5608 322.9730 217.4731 1.4921 1.6355 3.9569 -15.7326 1.7075 36.1690 1.6874 0.0671
Car -1 -1 0.6404 280.1291 182.4792 361.4408 213.2275 1.5168 1.6445 3.6113 -14.3002 1.5680 36.7849 0.2669 0.0624
Car -1 -1 5.1155 246.2217 171.4229 305.6559 200.1008 1.4892 1.6167 3.7480 -17.6238 0.9653 39.1924 4.6905 0.0616
Car -1 -1 5.1133 314.5564 177.4924 400.0664 220.0091 1.4646 1.5764 4.0136 -8.9556 1.3262 26.8066 4.7886 0.0572
Car -1 -1 4.9225 275.5388 168.5646 319.5389 196.0255 1.5398 1.6308 3.8266 -17.7762 0.8138 42.3113 4.5221 0.0564
Car -1 -1 1.7428 264.3892 183.2122 314.9472 215.4232 1.4643 1.6142 3.9202 -15.0533 1.5520 34.9711 1.3339 0.0557
Car -1 -1 5.0082 264.2704 187.9087 525.4592 366.5777 1.4510 1.5858 3.8879 -1.9340 1.5396 7.9632 4.7712 0.0552
Car -1 -1 5.2209 294.1039 178.5757 361.7900 209.1475 1.5358 1.6322 3.9842 -14.3913 1.3883 38.1750 4.8576 0.0514
Car -1 -1 5.0049 8.2351 188.8878 103.1460 236.5534 1.4673 1.5965 3.6975 -18.6310 1.7420 24.7453 4.3595 0.0510
Car -1 -1 1.8667 147.9295 198.1335 489.1744 374.0000 1.4824 1.6029 3.5994 -2.0310 1.6694 6.2717 1.5589 0.0505