Car -1 -1 2.0133 156.3166 188.3511 324.6734 268.6617 1.4743 1.6641 4.2035 -8.0255 1.8670 16.1719 1.5587 0.9627
Car -1 -1 2.2643 126.2038 198.3395 201.0164 230.9426 1.5412 1.6249 3.3724 -23.8288 2.9706 38.6848 1.7150 0.6099
Car -1 -1 1.6417 502.7831 177.0482 525.8184 194.9630 1.4640 1.6631 4.3382 -8.1787 1.8386 62.2175 1.5112 0.2687
Car -1 -1 1.6457 301.2097 187.1363 329.0474 208.0740 1.5129 1.7413 4.0695 -23.3582 2.6916 57.3462 1.2602 0.2358
Car -1 -1 1.5156 316.2722 193.5407 358.7033 227.9730 1.4461 1.7168 3.2618 -12.9868 2.4837 34.3517 1.1563 0.1829
Car -1 -1 1.7732 276.1354 194.6311 333.0483 229.5184 1.4152 1.7050 3.8714 -14.2500 2.5008 33.9074 1.3777 0.1726
Car -1 -1 4.0324 114.0941 180.3499 189.4705 207.1434 1.4860 1.6339 3.9095 -26.7702 1.9391 42.2064 3.4698 0.1586
Car -1 -1 3.6258 93.2225 198.5856 183.1143 229.7319 1.5352 1.6696 3.6250 -24.8969 2.9331 38.2036 3.0512 0.1232
Car -1 -1 1.5335 296.7992 187.3066 323.6218 210.4101 1.6147 1.7558 4.2627 -23.1023 2.7748 55.6143 1.1412 0.0984
Car -1 -1 1.4110 209.5763 180.5598 240.0603 200.8493 1.5321 1.5722 3.8736 -30.9682 2.1734 58.0350 0.9225 0.0956
Car -1 -1 5.1052 495.3090 182.4189 526.5106 198.9175 1.4718 1.6259 3.7659 -9.3640 2.4100 68.7448 4.9699 0.0829
Car -1 -1 0.3582 478.8877 177.8882 529.7634 195.6963 1.4631 1.6059 3.9558 -8.9083 1.8983 61.1680 0.2138 0.0764
Car -1 -1 4.8383 208.9478 182.8475 240.3310 204.9240 1.5003 1.5637 3.7389 -28.1725 2.2609 52.8924 4.3508 0.0745
Car -1 -1 4.9739 151.8940 179.4068 200.9171 205.6076 1.4536 1.5596 3.8401 -25.8156 1.8639 43.1196 4.4370 0.0734
Car -1 -1 3.5900 114.8643 199.6755 204.8141 230.0989 1.5166 1.6977 3.7439 -24.1450 2.9991 38.8426 3.0367 0.0699
Car -1 -1 1.7122 498.4218 177.8063 524.8822 196.9294 1.5172 1.6094 4.2704 -8.1698 1.9471 60.4960 1.5781 0.0671
Car -1 -1 3.3859 311.3030 191.5669 393.0736 223.7434 1.4147 1.7060 3.3009 -12.0350 2.3200 33.8996 3.0468 0.0667
Car -1 -1 2.0398 273.7617 179.9619 330.6686 210.8465 1.6821 1.5845 3.5965 -17.8209 2.1141 41.9982 1.6405 0.0660
Car -1 -1 0.4361 231.5696 187.2929 332.3785 219.5193 1.4671 1.6446 4.0712 -15.5897 2.1737 34.4599 0.0138 0.0644
Car -1 -1 0.9864 262.1813 192.5424 342.3755 226.1822 1.4410 1.6538 3.9529 -14.8316 2.4385 34.7741 0.5856 0.0601
Car -1 -1 4.5287 226.2561 176.7104 378.4199 289.4231 1.5026 1.5996 3.9477 -5.1711 1.5770 11.8477 4.1248 0.0590
Car -1 -1 1.8937 262.0694 189.7959 329.9466 226.7458 1.4617 1.6238 3.9070 -13.9863 2.2698 32.4029 1.4888 0.0577
Car -1 -1 2.3651 319.4995 189.1251 411.1771 222.8172 1.4084 1.6546 4.1971 -11.6079 2.2387 34.5750 2.0430 0.0570
Car -1 -1 1.5713 546.3309 178.3373 566.0060 197.1122 1.5058 1.6079 3.9958 -4.5209 1.9858 61.1186 1.4973 0.0549
Car -1 -1 1.4089 272.3896 185.9896 306.0762 208.3558 1.5592 1.7184 4.0709 -24.4579 2.6005 55.0267 0.9922 0.0520
Car -1 -1 1.6274 318.3880 186.9288 343.1384 207.6732 1.5314 1.6344 4.0872 -22.5432 2.7142 58.4404 1.2604 0.0518
Car -1 -1 -0.4784 303.3906 181.4960 538.8765 272.6951 1.4811 1.6061 4.1664 -3.5487 1.6734 14.0723 -0.7218 0.0509
Car -1 -1 2.0565 130.9895 194.3511 206.0379 225.4995 1.4987 1.7143 4.3201 -24.3164 2.7553 39.9686 1.5126 0.0508