Car -1 -1 1.8510 930.9570 182.6019 1002.2974 218.8885 1.4598 1.7431 4.3695 16.0926 1.9275 32.4157 2.3076 0.6488
Car -1 -1 4.6905 1187.9150 191.8544 1242.0000 230.6420 1.4431 1.6724 4.2909 26.1003 2.3228 31.2035 5.3818 0.6387
Car -1 -1 2.3622 490.2232 183.3812 682.1343 268.9159 1.5058 1.6583 4.0379 -0.3765 1.7577 15.2322 2.3367 0.6307
Car -1 -1 2.0152 793.5098 187.3616 895.2419 236.7363 1.4132 1.5950 4.1159 7.8435 1.9347 23.8959 2.3279 0.5753
Car -1 -1 1.7191 999.8348 184.0577 1048.5432 216.1707 1.5260 1.6569 3.9631 21.7569 2.1450 37.7999 2.2375 0.5670
Car -1 -1 4.8679 1059.0957 187.4555 1173.9857 266.3350 1.5532 1.6541 3.7828 11.9141 1.9338 16.8657 5.4739 0.5230
Car -1 -1 1.1228 870.3590 189.6388 932.8269 219.3882 1.4713 1.7942 3.5788 15.9589 2.4358 39.6145 1.5025 0.2483
Car -1 -1 5.0561 859.9845 178.7986 898.2925 199.2429 1.5655 1.6495 4.0476 21.8981 2.0649 58.5387 5.4119 0.1682
Car -1 -1 1.1913 642.6832 188.8587 689.1519 216.1800 1.5067 1.6344 3.5040 3.3870 2.5241 43.9513 1.2670 0.1606
Car -1 -1 1.8028 929.6210 184.0651 1002.5504 226.7216 1.4319 1.5887 4.1384 13.6091 1.8908 27.4300 2.2584 0.1517
Car -1 -1 2.1754 631.9048 179.3931 688.6206 206.8575 1.6556 1.7263 3.9239 3.3104 2.0963 46.5533 2.2454 0.1382
Car -1 -1 1.8099 790.2953 187.8556 823.0397 209.2177 1.5151 1.6148 3.7596 15.3456 2.7232 56.0701 2.0752 0.1304
Car -1 -1 1.5563 858.0831 195.1008 904.4819 236.0885 1.4116 1.6292 3.2279 10.7229 2.3483 28.5887 1.9109 0.1250
Car -1 -1 5.3713 602.7831 172.3035 663.3619 198.4205 1.5333 1.6599 3.9420 1.4887 1.5010 44.4090 5.4042 0.1181
Car -1 -1 1.6469 634.8481 199.1294 690.3053 247.4611 1.4145 1.6522 3.7705 1.9234 2.4070 25.2661 1.7210 0.1036
Car -1 -1 4.7118 873.0502 178.0287 903.6114 207.4988 1.6024 1.5902 3.8484 16.2310 1.9189 42.0456 5.0774 0.1016
Car -1 -1 0.8768 760.8731 191.3083 818.0069 215.5836 1.4920 1.7397 3.8693 12.3344 2.8172 49.6918 1.1180 0.1015
Car -1 -1 3.1103 632.5565 188.1370 690.4354 213.8678 1.4829 1.5972 3.4163 3.1000 2.4220 43.4728 3.1803 0.1006
Car -1 -1 1.2182 861.6202 190.5320 905.1085 213.0611 1.4911 1.7076 3.9510 19.9939 2.8344 52.8458 1.5774 0.1006
Car -1 -1 1.5049 862.4687 186.4485 899.4656 214.4453 1.4054 1.6790 3.4946 14.9943 2.1949 39.9929 1.8606 0.0923
Car -1 -1 1.9810 652.9152 190.6439 703.1530 217.2771 1.4654 1.6527 3.9696 4.2880 2.6201 44.6929 2.0753 0.0867
Car -1 -1 2.0215 638.3230 188.2005 691.5207 216.0887 1.4777 1.6152 3.8490 3.3135 2.4274 42.5802 2.0979 0.0861
Car -1 -1 1.5551 997.5153 184.8129 1037.0393 217.8272 1.5201 1.6756 3.8240 20.7441 2.1647 36.8111 2.0643 0.0851
Car -1 -1 1.6329 635.2526 202.0403 686.6520 247.8656 1.4451 1.7016 3.5800 1.9855 2.6155 27.0455 1.7044 0.0780
Car -1 -1 0.0920 866.0142 184.8477 940.9922 212.5034 1.4349 1.6844 3.7574 16.4693 2.1339 40.4411 0.4756 0.0771
Car -1 -1 1.4102 1027.9326 182.8394 1078.8514 214.9744 1.4849 1.5788 3.9568 22.5576 2.0235 36.7940 1.9561 0.0760
Car -1 -1 2.0102 763.7971 182.4337 887.4487 245.8333 1.4718 1.6337 4.0241 5.8950 1.7567 19.4125 2.3000 0.0731
Car -1 -1 1.6987 635.1804 179.9700 670.9915 206.6963 1.5539 1.7298 4.1516 2.7807 2.0226 45.3240 1.7590 0.0708
Car -1 -1 4.2684 1127.3038 189.2152 1222.1367 226.1150 1.4370 1.6726 4.2124 25.1653 2.2204 32.3159 4.9251 0.0691
Car -1 -1 1.9384 1115.2684 190.0000 1190.4177 224.9574 1.4704 1.6613 3.4966 25.3025 2.3074 33.5885 2.5792 0.0686
Car -1 -1 1.3018 858.0366 180.9261 907.0398 209.1848 1.4886 1.6095 3.9585 15.5252 1.9726 41.2195 1.6591 0.0677
Car -1 -1 1.6071 1009.9637 184.9225 1051.4170 219.3042 1.4728 1.5812 3.6298 20.0164 2.0782 34.2399 2.1318 0.0667
Car -1 -1 4.1534 886.0104 187.0132 972.3453 224.1876 1.5090 1.7222 4.0267 14.5158 2.1985 33.0211 4.5636 0.0632
Car -1 -1 1.5557 1020.2755 188.3477 1055.1681 216.4656 1.5007 1.7126 4.0147 25.5037 2.4720 43.0672 2.0867 0.0629
Car -1 -1 0.4375 847.6221 191.1301 905.9841 214.6482 1.5276 1.7607 3.4996 19.0950 2.8823 51.6230 0.7893 0.0628
Car -1 -1 4.5554 586.7821 165.9237 630.4880 196.7790 1.4674 1.6163 3.8230 -0.0998 1.1378 36.3310 4.5523 0.0627
Car -1 -1 1.7843 875.2788 188.5376 907.8122 208.5490 1.5187 1.7473 3.8967 23.5401 2.8723 60.1677 2.1550 0.0626
Car -1 -1 1.3418 767.6917 190.0191 812.1002 217.4194 1.4710 1.7110 3.9776 10.7455 2.5472 43.2397 1.5831 0.0611
Car -1 -1 0.1512 766.6009 188.1820 819.4819 209.1620 1.5036 1.7066 3.7242 14.0964 2.7130 55.4243 0.3984 0.0585
Car -1 -1 0.3938 733.3239 189.4175 808.1429 217.7374 1.4915 1.6953 3.8907 9.3439 2.4956 41.9284 0.6109 0.0550
Car -1 -1 1.5260 894.7850 192.5606 946.5927 236.4498 1.4614 1.6491 3.8280 11.9883 2.2823 27.9753 1.9263 0.0548
Car -1 -1 -1.1357 954.8093 178.7659 1055.1696 223.0751 1.4745 1.6293 4.1678 14.5160 1.7064 26.4126 -0.6384 0.0547
Car -1 -1 1.4866 483.5302 198.4750 534.8794 243.0148 1.4608 1.6575 3.7828 -3.9571 2.5280 28.0264 1.3468 0.0547
Car -1 -1 2.3182 532.7052 178.4815 613.4853 208.9732 1.4661 1.6990 4.3688 -1.8437 1.7776 37.7303 2.2691 0.0545
Car -1 -1 1.2270 849.8024 175.6945 885.8779 194.8266 1.4783 1.5536 3.7643 20.7853 1.7149 58.1974 1.5681 0.0527
Car -1 -1 1.0013 408.1421 194.4734 503.3496 239.4593 1.4517 1.6195 3.9704 -5.8473 2.3252 27.1693 0.7907 0.0524
Car -1 -1 1.4559 1189.1815 185.0876 1242.0000 229.5479 1.5852 1.6977 4.1851 24.7576 2.1172 29.1588 2.1544 0.0522
Car -1 -1 2.1398 994.9290 188.5051 1059.4093 216.1213 1.4890 1.7300 3.3661 24.4258 2.4380 42.2015 2.6608 0.0511
Car -1 -1 1.7380 650.4128 191.3487 695.3826 224.7204 1.4331 1.6095 3.5302 3.1206 2.3796 35.0152 1.8254 0.0508
Car -1 -1 2.7515 842.5924 181.8305 924.5043 209.4988 1.5089 1.6200 4.0144 15.4456 2.0272 40.7870 3.1106 0.0504