Car -1 -1 1.8465 358.5108 185.1531 522.8376 286.2701 1.4538 1.6654 4.6559 -2.8622 1.7215 13.3309 1.6382 0.9486
Car -1 -1 1.2198 793.5680 189.5566 1209.9424 375.0000 1.4887 1.7154 3.9316 2.8866 1.6829 6.3776 1.6262 0.9449
Car -1 -1 4.4748 708.3566 187.9982 849.4505 286.9079 1.4875 1.6381 3.7622 2.9479 1.8073 13.3350 4.6865 0.9103
Car -1 -1 1.4348 681.2217 188.3250 770.4261 254.7804 1.4304 1.6807 4.1767 2.8686 1.8744 18.6080 1.5844 0.8777
Car -1 -1 1.7024 451.7820 181.3520 529.3127 244.0344 1.4826 1.5709 3.6493 -3.1025 1.7329 19.4100 1.5453 0.8099
Car -1 -1 1.6038 515.5518 180.9685 555.7904 222.6854 1.4904 1.4461 3.1683 -2.8261 1.8241 28.0415 1.5036 0.8062
Car -1 -1 1.4223 663.4800 182.5765 707.2354 216.1927 1.3790 1.4346 3.5741 3.3579 1.8410 32.4699 1.5238 0.5975
Car -1 -1 4.6296 650.8132 176.8260 676.6045 198.8446 1.5347 1.5851 3.5642 3.9254 1.8349 52.7276 4.7030 0.4806
Car -1 -1 4.1647 1019.2834 202.8348 1242.0000 375.0000 1.3987 1.6253 4.1368 6.7082 1.8450 8.6042 4.8093 0.3500
Car -1 -1 4.9618 640.5529 173.6100 670.8276 194.1936 1.5978 1.5620 3.7389 3.7519 1.6609 58.1783 5.0255 0.1819
Car -1 -1 4.6760 648.5639 164.4081 669.1307 183.8982 1.6828 1.6853 3.8236 4.3604 0.9536 64.2369 4.7433 0.1777
Car -1 -1 4.2236 1028.9319 204.5509 1242.0000 316.7174 1.4396 1.6194 3.5902 8.7713 2.0583 12.2036 4.8343 0.1414
Car -1 -1 4.3151 981.2095 173.4344 1044.7605 208.6061 1.5294 1.4847 2.9836 18.3762 1.5572 32.9894 4.8191 0.1414
Car -1 -1 1.5993 541.8514 179.7335 575.5272 211.7280 1.4524 1.5408 3.6031 -2.4512 1.8071 35.3734 1.5300 0.1232
Car -1 -1 1.4029 574.4788 179.5514 599.2472 196.2562 1.4562 1.6134 4.1988 -2.1368 2.0978 66.8960 1.3707 0.1021
Car -1 -1 0.9134 1084.2938 203.9980 1242.0000 375.0000 1.4586 1.5939 4.2004 6.5974 1.8506 6.9226 1.6526 0.0976
Car -1 -1 1.8583 520.6766 186.1108 575.0986 220.6335 1.4234 1.5615 3.4523 -2.7643 2.0640 33.0177 1.7748 0.0905
Car -1 -1 4.5066 843.0701 169.1023 894.8516 201.8850 1.4387 1.5484 3.5946 11.9944 1.2741 33.5510 4.8469 0.0689
Car -1 -1 4.6755 668.2341 178.0405 705.1230 212.3701 1.5093 1.5918 3.7832 3.6110 1.7694 34.2493 4.7791 0.0663
Car -1 -1 2.9789 487.1312 184.1723 577.0551 215.9082 1.4065 1.5994 4.0345 -3.6885 1.9639 34.2206 2.8718 0.0604
Car -1 -1 4.7562 460.4377 170.6310 496.1560 200.9336 1.4547 1.6050 4.0580 -6.6343 1.3480 36.7561 4.5785 0.0600
Car -1 -1 1.4194 694.7915 174.1883 726.6415 197.6329 1.5348 1.5761 3.9512 6.8891 1.6299 49.4478 1.5566 0.0579
Car -1 -1 1.4675 681.9269 174.0071 712.5696 197.3331 1.5202 1.6370 4.3314 5.9595 1.6026 49.4174 1.5864 0.0547
Car -1 -1 4.9706 403.6345 174.4886 468.8197 218.7025 1.4986 1.4373 3.5835 -6.2619 1.5625 26.3997 4.7395 0.0528
Car -1 -1 2.0244 553.0079 183.8188 594.8373 205.0373 1.4999 1.6622 3.8957 -2.6895 2.3727 55.3124 1.9756 0.0507
Car -1 -1 1.6448 648.1662 174.8007 675.7566 197.9956 1.5375 1.6175 4.1756 3.6960 1.6793 50.3778 1.7172 0.0503
Car -1 -1 3.1560 633.8920 165.4918 678.6259 183.3841 1.5397 1.6148 3.8512 4.0872 0.9061 63.0466 3.2202 0.0501