Car -1 -1 4.9919 207.2604 180.1587 440.8702 338.8337 1.5848 1.6499 3.8053 -3.2781 1.5343 9.1260 4.6560 0.9678
Car -1 -1 5.3053 0.0000 196.0051 183.8923 332.4519 1.4437 1.6162 4.0976 -7.8268 1.6257 10.0285 4.6553 0.9547
Car -1 -1 4.9293 378.0629 187.9908 476.1326 255.9532 1.4417 1.5582 3.2817 -4.1560 1.5138 17.0396 4.6932 0.9364
Car -1 -1 5.1734 136.7913 183.7487 249.6474 231.9730 1.4212 1.5946 3.8033 -13.1653 1.3780 23.1258 4.6606 0.9154
Car -1 -1 4.6903 558.3104 180.3587 602.1656 217.7645 1.4623 1.7169 3.7317 -1.1681 1.2724 30.0174 4.6513 0.8089
Car -1 -1 3.3989 362.5658 161.0193 448.6601 193.6386 1.4399 1.5848 3.4617 -9.0779 0.3718 32.5466 3.1289 0.5074
Car -1 -1 5.0099 241.0230 187.6046 343.3839 245.1176 1.3968 1.5450 3.5059 -8.3861 1.4675 19.4348 4.6073 0.4649
Car -1 -1 5.0348 318.2995 184.9589 393.0642 225.5625 1.4005 1.5431 3.5634 -9.2075 1.3916 26.5822 4.7041 0.2821
Car -1 -1 1.3896 447.4694 180.7498 481.7541 202.7186 1.4394 1.6015 4.0494 -9.8118 1.1468 49.2778 1.1937 0.2651
Car -1 -1 -0.1669 400.3404 178.3251 489.4924 212.2016 1.7080 1.7880 4.3487 -8.5546 1.3606 37.8938 -0.3878 0.2632
Car -1 -1 1.4416 372.3474 179.9382 404.5724 204.4608 1.5312 1.5528 3.6706 -14.2944 1.2017 46.8781 1.1469 0.2387
Car -1 -1 4.6624 531.0523 166.0254 550.5656 184.6407 1.7085 1.6598 3.5817 -6.3004 -0.0559 67.9824 4.5701 0.1674
Car -1 -1 1.8149 442.1899 184.8104 470.0906 201.1192 1.4905 1.6693 3.9241 -14.1867 1.4535 67.6924 1.6087 0.1509
Car -1 -1 -0.1945 449.9609 177.0711 532.8303 206.6707 1.5181 1.6725 4.1217 -6.1845 1.1004 38.3673 -0.3536 0.1425
Car -1 -1 1.6746 395.8927 199.5652 436.6215 230.5300 1.4820 1.7009 3.8209 -10.1137 2.2866 38.2926 1.4175 0.1378
Car -1 -1 1.6155 590.6020 174.4937 611.4946 193.9341 1.6172 1.6189 4.0165 -0.4998 0.7253 61.8354 1.6070 0.1359
Car -1 -1 1.8147 303.2512 185.4059 381.1500 230.4285 1.4304 1.5672 4.1132 -9.0938 1.4375 24.9817 1.4687 0.1279
Car -1 -1 4.9518 421.0174 177.0903 471.5646 208.0047 1.5720 1.7394 3.9929 -8.5631 1.1588 38.5678 4.7344 0.1184
Car -1 -1 1.5802 451.6606 176.6655 479.0751 202.9110 1.6156 1.6614 4.1931 -9.1413 1.0893 46.4634 1.3866 0.1136
Car -1 -1 4.0345 166.7384 173.2612 255.3476 206.2642 1.4585 1.5681 3.7804 -18.3051 0.9302 33.2167 3.5341 0.1116
Car -1 -1 1.9545 420.5139 173.4037 482.7609 207.8836 1.6581 1.6813 4.1137 -7.8692 1.0901 36.7414 1.7447 0.1102
Car -1 -1 1.9454 190.5929 175.9837 261.0049 209.4402 1.4419 1.5144 3.9067 -17.4113 1.0440 33.0038 1.4631 0.1091
Car -1 -1 1.6535 0.0000 169.0630 46.6387 227.5726 1.5164 1.5956 3.9820 -17.3077 1.0977 20.7208 0.9639 0.1040
Car -1 -1 2.2403 142.1389 171.8907 247.0556 208.0826 1.4655 1.6372 4.3013 -17.8534 0.9259 31.3596 1.7262 0.0937
Car -1 -1 4.9439 396.7597 159.4650 451.6858 193.8743 1.5199 1.6368 3.8760 -8.5036 0.3825 33.7018 4.6985 0.0838
Car -1 -1 1.3519 451.0842 179.1061 489.3246 202.6039 1.4968 1.6275 4.2459 -9.2021 1.1076 48.0617 1.1634 0.0806
Car -1 -1 0.1192 238.5677 184.1142 411.7974 243.9820 1.4608 1.5505 4.0456 -7.2182 1.4339 18.7801 -0.2432 0.0725
Car -1 -1 4.4818 374.9295 167.2250 404.0040 186.5869 1.6714 1.6591 3.8011 -19.4442 0.1184 64.1158 4.1883 0.0698
Car -1 -1 1.6000 216.8970 175.7149 258.7215 211.1178 1.4914 1.5450 3.8365 -16.5619 1.0912 32.3479 1.1300 0.0688
Car -1 -1 0.3334 373.7157 177.4648 442.3681 202.1293 1.5348 1.6631 3.8732 -12.6233 1.0524 45.6864 0.0650 0.0688
Car -1 -1 4.7054 451.8958 171.5491 484.2455 201.1708 1.5168 1.6335 3.9764 -7.5413 0.8170 38.9198 4.5150 0.0658
Car -1 -1 0.2908 310.1575 187.6227 436.5176 230.2469 1.4784 1.5461 4.0435 -8.3336 1.5677 25.8358 -0.0186 0.0641
Car -1 -1 1.9924 0.0000 184.0428 65.2367 276.8175 1.4953 1.5640 3.7972 -12.0192 1.4764 13.6293 1.2793 0.0630
Car -1 -1 1.6331 360.4649 177.0121 393.0024 203.6757 1.5421 1.6315 3.9406 -13.9575 1.0677 43.6857 1.3253 0.0615
Car -1 -1 4.5293 325.1319 172.3028 360.1252 195.6228 1.5364 1.5922 3.8172 -18.2146 0.6857 49.4097 4.1776 0.0577
Car -1 -1 2.9446 382.3222 201.1365 461.4032 233.4567 1.5289 1.6879 3.6947 -9.5635 2.3852 37.1032 2.6934 0.0576
Car -1 -1 2.0149 301.5699 170.1978 354.1639 196.0648 1.5869 1.6133 3.9083 -17.8480 0.6656 46.1102 1.6473 0.0570
Car -1 -1 1.4707 467.0345 169.6988 512.6745 205.9502 1.5119 1.6443 3.6512 -5.2654 0.8647 31.9565 1.3085 0.0567
Car -1 -1 1.6115 455.9679 172.5342 492.5284 203.9079 1.5469 1.7032 4.2081 -6.9064 0.9217 37.6468 1.4310 0.0565
Car -1 -1 4.8531 288.6404 171.2154 338.9547 206.4966 1.5210 1.6152 3.7324 -13.3972 0.9175 32.9969 4.4701 0.0557
Car -1 -1 4.5993 513.2794 170.1416 543.0989 193.8601 1.6100 1.6730 3.8384 -5.6237 0.5868 50.8516 4.4895 0.0555
Car -1 -1 1.9905 425.8124 176.4428 477.2972 202.7021 1.5793 1.6673 4.0432 -9.7614 1.0517 45.3841 1.7795 0.0554
Car -1 -1 1.0913 430.2134 182.6481 465.1254 199.2789 1.4976 1.5565 3.8634 -14.8286 1.2664 66.7143 0.8730 0.0535
Car -1 -1 1.6151 507.1433 160.5730 535.2516 185.5813 1.5871 1.6680 4.0877 -5.6675 0.0232 47.7188 1.4974 0.0524
Car -1 -1 4.5873 434.3001 203.7297 562.5213 313.9226 1.4775 1.6870 4.0482 -2.0513 1.8568 12.5501 4.4280 0.0505
Car -1 -1 1.5387 410.1577 180.3895 437.4021 203.5704 1.4708 1.6280 3.9845 -12.2150 1.1646 47.7492 1.2893 0.0502
Car -1 -1 1.6368 384.3339 178.3046 414.2369 203.5765 1.5550 1.5946 3.7837 -13.3343 1.1298 46.2497 1.3573 0.0502