Car -1 -1 4.7634 527.4271 168.7114 563.4852 198.5607 1.4880 1.6941 4.4124 -2.8530 0.8499 38.0391 4.6841 0.8046
Car -1 -1 2.0089 325.5102 178.8571 390.0300 207.4374 1.4356 1.6417 4.1742 -12.8291 1.3022 38.2474 1.6823 0.6604
Car -1 -1 4.6856 587.8575 168.3341 616.3405 194.6334 1.5873 1.6651 4.3452 0.0659 0.7919 45.5515 4.6821 0.5194
Car -1 -1 4.9366 561.7800 169.1283 591.9424 189.0261 1.5819 1.6617 3.9521 -1.9017 0.5974 59.2053 4.8998 0.4489
Car -1 -1 -0.3173 314.5812 163.6532 387.7767 187.4529 1.4498 1.6427 4.0857 -15.8085 0.3619 45.6539 -0.6537 0.2939
Car -1 -1 3.2101 574.5314 168.9960 636.4592 193.3041 1.4636 1.5510 3.7148 0.3415 0.7100 44.1563 3.2129 0.2436
Car -1 -1 4.7001 111.3279 160.9460 147.2739 192.1383 1.7884 1.7441 4.1386 -28.4787 0.6093 43.3887 4.1172 0.2295
Car -1 -1 1.5424 383.7959 169.6332 405.6521 190.0101 1.6976 1.6813 4.1764 -17.8030 0.7080 62.0894 1.2594 0.2271
Car -1 -1 4.3050 567.3572 168.9074 601.3256 187.0108 1.5931 1.6186 4.0087 -1.4953 0.4839 65.3705 4.2774 0.2261
Car -1 -1 4.7259 113.6749 164.4023 154.2819 197.4479 1.5133 1.5797 3.6695 -22.5998 0.7298 34.8685 4.1494 0.1856
Car -1 -1 1.6713 97.1089 162.1004 150.7508 198.3972 1.5527 1.6443 4.0949 -21.7555 0.7223 32.9232 1.0862 0.1736
Car -1 -1 3.4823 36.1138 163.5142 152.5937 197.9401 1.5475 1.6694 4.1408 -23.5951 0.7385 33.6506 2.8696 0.1365
Car -1 -1 4.5650 364.1398 171.8241 415.0505 207.6312 1.4320 1.5565 3.6419 -9.0575 1.0445 30.7062 4.2755 0.1264
Car -1 -1 5.0821 321.1364 164.3275 370.2145 188.4794 1.4852 1.6524 3.9811 -16.3096 0.4284 46.1854 4.7397 0.1253
Car -1 -1 4.7242 616.8914 168.6412 635.6391 186.6405 1.5626 1.6275 3.9050 2.3312 0.4452 64.3474 4.7554 0.1034
Car -1 -1 4.3791 611.0435 166.7069 655.1561 191.3727 1.5286 1.5878 4.1084 2.0738 0.6111 46.7121 4.4183 0.0947
Car -1 -1 0.4829 544.6343 168.7083 594.7665 188.1532 1.5351 1.6053 3.7408 -2.4897 0.5243 58.2268 0.4355 0.0887
Car -1 -1 4.3555 53.3049 166.6678 133.3680 202.8244 1.5105 1.6239 3.9147 -22.4589 0.8904 31.7833 3.7393 0.0859
Car -1 -1 3.2304 547.5827 171.5723 615.9717 197.1093 1.5442 1.6409 4.0993 -1.1166 0.9432 44.3774 3.2005 0.0831
Car -1 -1 1.9986 307.5102 177.3368 375.9653 210.0017 1.5704 1.6614 4.3005 -13.1318 1.3696 36.7447 1.6526 0.0804
Car -1 -1 3.4547 568.8102 167.5105 641.6608 193.1275 1.5667 1.6657 4.3005 0.3126 0.7104 45.3902 3.4566 0.0773
Car -1 -1 0.3396 61.4304 162.9805 152.9077 190.8084 1.5765 1.6732 4.0890 -28.7754 0.5266 42.0332 -0.2626 0.0697
Car -1 -1 3.7212 89.9775 161.2678 177.2038 188.7723 1.5996 1.7143 4.0657 -27.6566 0.4222 42.6392 3.1438 0.0688
Car -1 -1 0.5860 45.7519 161.0375 164.0691 195.1618 1.5260 1.6773 4.2571 -22.6886 0.6104 32.9980 -0.0174 0.0684
Car -1 -1 0.7982 287.2434 179.3487 372.4277 208.9278 1.4774 1.6299 4.2854 -14.1419 1.3694 37.5218 0.4350 0.0643
Car -1 -1 -0.6745 633.3795 167.9245 699.6958 192.3489 1.5119 1.6472 4.1408 4.2848 0.6708 46.2987 -0.5876 0.0639
Car -1 -1 4.6338 635.1678 166.7659 664.1254 190.7484 1.5019 1.5612 3.9401 3.1813 0.5784 46.9691 4.6961 0.0616
Car -1 -1 3.4031 499.1882 169.4305 589.1722 198.5943 1.4894 1.6887 4.4516 -2.9396 0.8724 37.9145 3.3213 0.0589
Car -1 -1 4.5851 625.5708 165.6423 659.9657 190.5762 1.4993 1.6546 3.9162 2.6219 0.5450 45.2091 4.6379 0.0588
Car -1 -1 4.8616 595.5373 165.5977 631.3625 190.9462 1.5072 1.6567 4.1393 0.8637 0.5609 44.8882 4.8758 0.0583
Car -1 -1 4.9864 595.4686 160.9011 629.4986 185.0208 1.8418 1.7123 3.9352 0.9984 0.2679 56.9815 4.9990 0.0554
Car -1 -1 1.8606 391.1322 180.0148 444.8544 210.3963 1.4626 1.5702 4.0449 -9.2274 1.3905 36.6336 1.6104 0.0543
Car -1 -1 5.3206 298.8502 164.3091 360.1363 188.5916 1.4519 1.6318 3.9590 -16.9233 0.4233 45.0703 4.9585 0.0527
Car -1 -1 4.6326 577.2613 169.1810 608.4561 194.6162 1.5074 1.6084 3.9069 -0.5080 0.7766 44.5928 4.6163 0.0513