Car -1 -1 4.9770 330.2357 177.6105 472.3284 271.3045 1.5706 1.6292 3.9577 -3.8239 1.4431 14.0314 4.7154 0.9726
Car -1 -1 5.1370 191.5049 183.1883 324.2351 251.8402 1.4765 1.5703 3.3648 -8.1796 1.4329 17.1542 4.6979 0.9675
Car -1 -1 4.6705 577.4921 177.4099 645.0084 238.0947 1.5387 1.7171 3.6024 0.0312 1.3408 20.0621 4.6716 0.9668
Car -1 -1 4.8557 449.4033 180.2965 509.6444 225.1568 1.4941 1.5914 3.8067 -4.5134 1.3303 25.8675 4.6844 0.9338
Car -1 -1 1.6910 486.5964 178.7450 524.4971 209.5974 1.5100 1.5148 3.4928 -5.1773 1.1933 36.9430 1.5523 0.7439
Car -1 -1 4.9966 289.1635 182.4016 352.1798 216.7547 1.4715 1.6288 3.8953 -12.9874 1.3510 32.8056 4.6221 0.6098
Car -1 -1 4.7589 424.4067 179.8649 457.7082 208.5374 1.4983 1.6092 3.5751 -9.0768 1.2187 39.4655 4.5340 0.5885
Car -1 -1 5.4664 0.0000 45.1139 200.5543 376.0000 1.5546 1.5746 3.6718 -4.0418 1.1457 3.9408 4.7029 0.5207
Car -1 -1 5.0635 320.9893 182.2166 404.8084 226.5977 1.4879 1.6130 3.9070 -8.7493 1.3873 26.0763 4.7425 0.4181
Car -1 -1 4.5555 511.1018 178.6302 546.4678 202.3006 1.4266 1.6125 4.0265 -5.0030 1.0297 45.4783 4.4462 0.3196
Car -1 -1 0.4138 240.6390 183.7751 345.6050 218.0715 1.4764 1.6734 3.9117 -13.8306 1.4144 31.7937 0.0063 0.2538
Car -1 -1 5.3228 0.0000 196.4841 186.5480 318.0881 1.4399 1.5840 3.7766 -8.1632 1.6387 10.7738 4.6861 0.2367
Car -1 -1 1.3862 410.5651 176.1901 442.0074 198.0044 1.5460 1.5640 3.8876 -13.3792 0.9063 53.0387 1.1400 0.2206
Car -1 -1 1.5406 285.3797 180.8486 314.4973 205.7521 1.4723 1.5504 3.7814 -19.0655 1.2141 44.5400 1.1380 0.1630
Car -1 -1 2.2801 57.2806 185.1335 172.3857 225.7668 1.4551 1.5589 3.7828 -18.8368 1.4521 27.7112 1.6873 0.1459
Car -1 -1 5.3996 39.8184 198.3766 181.3849 248.0205 1.4343 1.6357 4.1062 -16.3950 1.9128 24.0137 4.8053 0.1302
Car -1 -1 1.5047 637.2313 193.1742 689.9337 237.1234 1.4134 1.6212 3.6122 1.9407 1.7167 25.5870 1.5790 0.1208
Car -1 -1 4.6776 633.7954 179.3355 660.4800 203.6861 1.4693 1.5446 3.6365 2.4781 1.1145 45.2085 4.7316 0.1208
Car -1 -1 3.2510 505.6103 164.3985 559.2460 187.0249 1.6632 1.6830 3.8228 -5.5536 0.1330 53.6951 3.1482 0.1182
Car -1 -1 3.5920 243.5865 182.2186 318.1908 207.3838 1.4924 1.6294 3.7785 -19.7043 1.3146 43.4962 3.1686 0.1158
Car -1 -1 4.8110 565.2396 175.6789 609.8228 212.5327 1.4463 1.5165 3.5234 -0.7684 1.0720 30.0226 4.7852 0.1060
Car -1 -1 1.8713 204.0770 181.2332 245.5893 203.8233 1.6501 1.6119 4.1924 -29.0404 1.3592 54.7174 1.3850 0.0937
Car -1 -1 4.7195 542.2462 174.0926 582.7609 211.5582 1.4555 1.5734 3.5775 -1.8346 1.0234 29.7559 4.6581 0.0929
Car -1 -1 3.4881 416.2049 171.5663 469.1560 189.6131 1.4468 1.5426 3.9190 -13.3991 0.3525 58.6337 3.2642 0.0907
Car -1 -1 4.7031 441.4332 168.8708 462.4120 189.5781 1.6645 1.6536 4.0736 -12.9655 0.3507 59.9530 4.4908 0.0896
Car -1 -1 3.4855 281.1854 180.4706 350.0580 206.0373 1.5172 1.5610 3.5433 -17.6064 1.2356 43.5081 3.1028 0.0895
Car -1 -1 1.6129 274.0269 178.0748 308.6334 205.6994 1.5070 1.6501 3.7815 -18.0877 1.1175 41.2777 1.2020 0.0882
Car -1 -1 1.7682 508.2183 174.1880 549.8006 202.3800 1.6054 1.6662 4.2866 -4.6329 0.9774 43.1451 1.6616 0.0821
Car -1 -1 1.6556 379.8781 178.9446 401.9742 195.7671 1.4599 1.5557 4.0654 -19.3817 0.9157 64.5332 1.3647 0.0810
Car -1 -1 5.2198 0.0000 193.8462 222.0493 300.6163 1.4762 1.6459 3.9473 -8.3436 1.6482 12.2994 4.6336 0.0760
Car -1 -1 2.9302 293.3685 179.0743 365.4911 205.0911 1.5135 1.5728 3.8299 -16.7973 1.1562 43.5221 2.5637 0.0717
Car -1 -1 2.2293 287.8944 179.7734 351.5634 205.2491 1.5055 1.5486 3.9823 -17.7638 1.1839 44.6097 1.8521 0.0714
Car -1 -1 1.9760 321.5680 187.8371 399.0422 223.3683 1.4305 1.6747 4.1739 -10.6773 1.5528 31.4047 1.6504 0.0714
Car -1 -1 3.8320 264.5504 181.8856 364.7509 216.0632 1.4914 1.6713 4.1147 -13.3303 1.3461 32.7864 3.4483 0.0712
Car -1 -1 1.7108 616.3573 174.4212 652.5673 201.2289 1.5302 1.6251 4.0258 1.6835 0.9141 43.1592 1.7491 0.0705
Car -1 -1 1.3337 623.2941 180.1375 651.4515 197.6114 1.5529 1.6396 4.2104 2.7381 1.1016 66.1083 1.3745 0.0691
Car -1 -1 4.2151 574.3671 176.4811 631.0222 202.8315 1.4901 1.6661 3.9928 -0.3208 0.9962 42.8021 4.2073 0.0655
Car -1 -1 -0.5376 631.1237 179.3091 697.2719 204.2380 1.4775 1.6023 3.7609 3.5069 1.1274 44.1560 -0.4593 0.0651
Car -1 -1 1.7729 277.8539 182.8709 321.3087 209.7273 1.5372 1.6081 4.0847 -18.4664 1.4030 43.3066 1.3717 0.0648
Car -1 -1 1.3670 519.4744 172.8489 560.8031 200.9911 1.5645 1.6268 4.0268 -3.9779 0.8770 42.1258 1.2731 0.0647
Car -1 -1 0.0100 626.5220 174.8002 693.7497 202.2317 1.5435 1.6510 3.7873 3.0513 0.9575 41.4277 0.0826 0.0644
Car -1 -1 5.1555 0.0000 173.2573 234.8263 376.0000 1.4919 1.5830 3.6406 -4.0883 1.4384 5.1582 4.5105 0.0636
Car -1 -1 1.1274 618.6819 178.9913 653.2674 194.8972 1.4562 1.5784 4.2983 2.6865 0.8863 68.0978 1.1662 0.0633
Car -1 -1 1.5935 413.4203 178.3740 438.4125 200.3998 1.5105 1.6350 4.2569 -12.9612 1.0413 51.5536 1.3481 0.0601
Car -1 -1 3.1287 439.8367 181.4546 522.0348 212.7935 1.5065 1.6182 3.9329 -6.2615 1.3257 35.7140 2.9560 0.0580
Car -1 -1 1.0954 45.5693 186.6164 152.6946 226.7655 1.4623 1.6532 4.2658 -19.8279 1.5203 28.0271 0.4839 0.0578
Car -1 -1 4.3123 625.3564 181.2142 726.4382 237.4621 1.4798 1.6346 3.5908 1.8922 1.3745 20.8716 4.4010 0.0575
Car -1 -1 1.4988 603.5014 191.9338 657.1148 236.2676 1.4449 1.6531 3.7681 0.7649 1.7051 25.9279 1.5274 0.0569
Car -1 -1 1.2167 626.0853 176.9783 681.3644 206.2694 1.5125 1.6976 4.0860 2.4794 1.0871 39.3202 1.2788 0.0567
Car -1 -1 2.1280 90.7067 184.9528 191.2728 223.1030 1.4483 1.6208 3.8531 -18.8180 1.4383 29.2250 1.5598 0.0566
Car -1 -1 3.3521 360.5783 181.4888 496.0862 228.4045 1.5597 1.6641 4.2777 -6.0841 1.4358 24.7904 3.1136 0.0564
Car -1 -1 5.0694 0.0000 9.9446 373.8357 376.0000 1.5910 1.6495 3.9999 -2.3517 1.2026 3.7066 4.5367 0.0560
Car -1 -1 3.9671 295.6784 182.5984 410.6823 226.5856 1.4818 1.6105 4.0149 -9.1594 1.3936 25.8690 3.6297 0.0557
Car -1 -1 1.4772 374.4604 176.9940 398.2299 194.7199 1.5001 1.6238 4.0310 -19.3831 0.8043 63.0080 1.1796 0.0544
Car -1 -1 3.5204 401.5257 179.4428 477.6859 208.2369 1.5214 1.5793 3.7071 -9.0756 1.2164 39.0432 3.2931 0.0544
Car -1 -1 4.8056 523.3723 162.6059 550.2057 185.9239 1.7070 1.6826 3.7162 -5.3014 0.0518 54.4845 4.7088 0.0544
Car -1 -1 1.7127 384.6317 179.0076 408.6555 195.3397 1.4593 1.5808 3.9367 -19.3817 0.9046 66.2905 1.4290 0.0542
Car -1 -1 1.9268 261.5095 183.4620 335.9705 219.5291 1.4905 1.6856 4.0979 -13.5332 1.4180 31.7910 1.5270 0.0534
Car -1 -1 2.2157 311.0213 179.4097 376.2850 206.0814 1.5000 1.6030 3.8872 -15.5150 1.1735 42.5214 1.8675 0.0528
Car -1 -1 0.2352 277.8531 181.7232 375.6121 216.3998 1.4885 1.6065 3.7681 -12.3756 1.3386 31.9023 -0.1323 0.0520
Car -1 -1 2.0616 238.0066 178.8309 302.3083 206.5874 1.4989 1.6358 3.9319 -19.0562 1.1541 40.8274 1.6271 0.0509