Car -1 -1 1.3928 691.7047 183.3172 815.2247 274.9032 1.4788 1.6546 3.7156 2.6201 1.7078 13.9353 1.5738 0.9678
Car -1 -1 3.3656 412.3705 175.0803 528.3815 214.0961 1.4999 1.6614 4.2746 -5.4855 1.5914 28.7507 3.1782 0.8989
Car -1 -1 1.7047 539.3018 167.1608 588.5908 211.6316 1.8898 1.6876 4.1611 -2.0046 1.6479 32.7988 1.6436 0.8408
Car -1 -1 -0.5125 1145.6757 174.2467 1242.0000 341.7559 1.5435 1.5844 3.6896 8.4009 1.5613 7.9441 0.2819 0.6399
Car -1 -1 4.6628 671.8516 163.9785 711.6725 201.6831 1.5796 1.5604 4.0145 3.6208 1.2077 32.2784 4.7731 0.6023
Car -1 -1 1.6539 577.6584 178.1556 609.3254 205.5453 1.4637 1.5108 3.5566 -0.8770 1.7790 41.0850 1.6322 0.4017
Car -1 -1 -0.0209 673.4451 164.2406 773.9299 202.1088 1.5649 1.6638 4.1404 4.8507 1.2089 30.9160 0.1328 0.2439
Car -1 -1 2.1802 556.6744 160.7586 601.2519 180.5439 1.5469 1.6841 3.8942 -2.4442 0.6012 58.5068 2.1385 0.1701
Car -1 -1 5.0607 343.3216 180.1005 453.5670 241.9498 1.4638 1.5889 3.9443 -5.5821 1.6807 19.5764 4.7859 0.1357
Car -1 -1 4.2991 1088.4675 181.6782 1242.0000 333.0569 1.4808 1.5574 3.4368 7.6036 1.6153 9.1375 4.9766 0.1324
Car -1 -1 -0.1105 705.2882 164.0404 767.8114 186.2896 1.5487 1.6563 4.2085 8.9663 0.9352 51.1806 0.0618 0.1222
Car -1 -1 1.8838 581.4014 171.5287 623.3558 196.0445 1.5345 1.6075 3.9562 -0.4228 1.4516 47.2914 1.8745 0.1062
Car -1 -1 4.6073 703.3490 159.9369 733.0925 184.7616 1.7363 1.7097 4.1527 7.8745 0.8329 52.5775 4.7549 0.0995
Car -1 -1 1.8485 518.5082 159.5023 566.0593 189.0134 1.5771 1.6126 4.0634 -3.7345 0.8636 40.7056 1.7573 0.0951
Car -1 -1 4.4053 544.6171 159.9392 579.7440 180.1832 1.5925 1.6920 4.1394 -3.9134 0.5766 58.9972 4.3392 0.0855
Car -1 -1 1.4685 575.9073 173.1994 614.6603 204.0847 1.5888 1.6860 4.2047 -0.8319 1.6087 39.3561 1.4470 0.0847
Car -1 -1 3.0819 541.7059 159.5358 596.6705 178.5834 1.5068 1.6642 4.3314 -3.2759 0.4533 58.1575 3.0257 0.0845
Car -1 -1 1.4615 722.0661 177.6208 766.2169 212.5300 1.4514 1.5199 3.9873 6.0181 1.6803 32.5998 1.6419 0.0824
Car -1 -1 4.6434 735.9828 168.1441 783.1448 207.4079 1.4563 1.5651 3.7846 5.9102 1.2816 28.7397 4.8438 0.0811
Car -1 -1 1.0907 634.1210 182.8560 687.5394 209.3036 1.4729 1.6287 3.8740 3.0639 2.1102 43.8731 1.1594 0.0663
Car -1 -1 3.6965 531.3780 164.7269 606.5966 192.4831 1.5407 1.6697 4.0785 -2.3607 1.0896 41.7586 3.6401 0.0623
Car -1 -1 3.7911 480.1740 161.4205 556.0317 189.2696 1.4762 1.6054 4.0124 -5.0792 0.8701 39.9439 3.6652 0.0584
Car -1 -1 1.9228 1230.9065 159.1160 1242.0000 316.1166 1.5077 1.6701 4.2571 9.5822 1.3758 8.5134 2.7499 0.0577
Car -1 -1 0.7430 1133.5909 174.6081 1242.0000 346.1271 1.5419 1.6445 3.9578 8.5500 1.5676 8.5526 1.5106 0.0559
Car -1 -1 4.8741 712.1601 171.3033 745.9368 195.9170 1.5442 1.6008 3.7724 7.8708 1.4469 47.3114 5.0375 0.0546
Car -1 -1 4.7288 563.3176 161.3911 587.4159 186.3461 1.7474 1.6853 3.7298 -2.4522 0.9447 52.4118 4.6821 0.0541
Car -1 -1 4.9141 594.7056 172.5225 626.8091 195.5413 1.6108 1.5955 3.8610 0.1257 1.5876 52.5447 4.9161 0.0533
Car -1 -1 1.8389 333.7257 173.1137 442.5836 238.0448 1.4457 1.5690 3.9948 -5.4000 1.4529 18.0928 1.5524 0.0532
Car -1 -1 3.4450 551.5630 178.0835 623.0417 205.4784 1.4846 1.5495 3.7512 -1.2475 1.7896 40.8298 3.4142 0.0530
Car -1 -1 1.4100 746.0834 166.1337 805.0059 209.6851 1.4814 1.5447 3.4478 5.9804 1.2528 26.3106 1.6307 0.0521
Car -1 -1 0.0053 737.2725 170.7901 852.2484 211.0740 1.4565 1.6037 4.1055 6.9866 1.3819 27.3758 0.2521 0.0520
Car -1 -1 4.5842 559.1916 160.2745 588.3618 184.8215 1.7687 1.7113 3.7609 -2.7120 0.8623 53.9930 4.5340 0.0520