Car -1 -1 1.7650 477.6872 178.0586 551.9328 231.9877 1.5938 1.6780 3.9267 -3.0181 1.7795 23.7288 1.6391 0.9141
Car -1 -1 4.6427 545.9233 170.5992 571.0220 191.7964 1.5415 1.6182 3.9716 -3.8947 1.3776 54.5524 4.5715 0.4117
Car -1 -1 1.5555 537.0783 177.7225 555.9477 196.0481 1.5403 1.5997 3.9520 -5.5977 1.9844 63.7811 1.4679 0.2908
Car -1 -1 4.4666 470.4720 172.0487 507.8427 194.6623 1.4734 1.5948 3.9582 -8.2396 1.4210 49.1458 4.3011 0.2014
Car -1 -1 4.5293 463.2482 173.6079 501.0572 198.4669 1.4274 1.5733 3.8694 -7.7472 1.4752 43.6462 4.3543 0.1233
Car -1 -1 4.6851 679.9677 146.9332 723.4710 188.2093 1.5813 1.6557 3.5835 3.7124 0.5883 29.5051 4.8088 0.0867
Car -1 -1 0.2590 662.1824 151.6085 771.0775 192.9550 1.5393 1.6740 3.9448 4.2150 0.7483 28.4076 0.4045 0.0722
Car -1 -1 4.8059 498.6170 181.7830 553.8968 227.9399 1.5318 1.6598 3.9240 -3.0053 1.8865 26.6868 4.6942 0.0673
Car -1 -1 1.7644 526.7616 174.9548 555.5262 194.9958 1.5929 1.6438 3.9429 -5.6346 1.7730 59.8204 1.6706 0.0664
Car -1 -1 4.6039 544.7776 179.3153 601.7410 224.2108 1.5055 1.6852 4.0452 -1.4289 1.7659 26.9415 4.5508 0.0567
Car -1 -1 0.5008 517.5920 177.9415 564.0033 196.0303 1.5175 1.5544 3.7333 -5.9853 1.9705 62.7984 0.4058 0.0526
Car -1 -1 1.7172 530.2827 176.2426 556.4166 195.7489 1.5826 1.6099 4.2620 -5.6027 1.8815 61.4682 1.6264 0.0508
Car -1 -1 1.5688 524.1052 183.8641 559.0326 217.1733 1.4834 1.6212 4.1871 -3.3687 2.0615 35.7244 1.4748 0.0503