Car -1 -1 4.9258 437.1876 172.0465 581.5541 271.9957 1.5294 1.6766 4.3996 -1.6365 1.5170 13.3083 4.8049 0.9469
Car -1 -1 1.9227 262.4157 183.5563 435.1735 276.6652 1.4454 1.6615 4.3342 -4.7641 1.6839 13.8926 1.5975 0.9449
Car -1 -1 4.7201 844.0632 178.6077 1004.3787 323.8678 1.5090 1.6232 3.6131 4.1475 1.6016 9.6324 5.1146 0.9137
Car -1 -1 -1.1508 863.1639 169.2776 1044.2899 261.7188 1.5712 1.6509 4.2626 6.9059 1.5104 14.2778 -0.7090 0.5756
Car -1 -1 2.3388 0.0000 83.0238 155.3456 375.0000 1.4832 1.5280 3.7293 -3.4641 1.3926 2.6593 1.4709 0.2201
Car -1 -1 0.7281 0.0000 136.3334 159.4982 375.0000 1.5073 1.5881 3.9561 -4.8186 1.3750 3.6988 -0.1531 0.1248
Car -1 -1 2.0650 826.3470 167.9057 1018.1672 260.9443 1.4809 1.5675 3.9679 5.8604 1.4021 13.3323 2.4704 0.1167
Car -1 -1 1.3806 542.6140 190.7577 595.7896 229.6839 1.4485 1.5833 3.6588 -1.7712 2.2573 30.6270 1.3225 0.1100
Car -1 -1 4.1244 0.0000 182.7267 162.1819 328.0968 1.4748 1.5805 3.9297 -7.6969 1.6130 8.7975 3.4205 0.0867
Car -1 -1 0.1425 502.4560 186.5508 596.7245 223.5490 1.4855 1.6125 3.7883 -2.4959 2.0833 30.5722 0.0611 0.0772
Car -1 -1 -0.3499 915.7189 152.9017 1030.9821 194.9506 1.6299 1.6475 3.8002 14.5380 0.8565 28.9973 0.1106 0.0712
Car -1 -1 2.9914 1029.1521 178.3397 1183.4054 224.5067 1.4769 1.6297 4.2150 17.1107 1.6802 25.1095 3.5837 0.0711
Car -1 -1 5.2922 0.0000 156.6273 257.9957 375.0000 1.4351 1.6123 3.7834 -3.6594 1.3830 4.2805 4.6149 0.0692
Car -1 -1 2.4012 0.0000 193.8160 200.3964 375.0000 1.4670 1.6176 3.8620 -6.5590 1.7542 7.8565 1.7220 0.0663
Car -1 -1 4.4644 463.1208 165.7839 495.3997 186.6238 1.7076 1.7272 4.1889 -11.1200 1.1283 61.3859 4.2857 0.0636
Car -1 -1 2.0341 0.0000 204.8088 159.6203 375.0000 1.4391 1.6152 3.7606 -5.9205 1.8338 6.8977 1.3436 0.0622
Car -1 -1 4.6522 550.5520 163.2029 588.5386 196.5704 1.5774 1.6664 3.8254 -2.0498 1.1212 36.1074 4.5956 0.0580
Car -1 -1 1.2409 434.0153 172.1461 468.2119 192.2653 1.5872 1.5875 3.7898 -12.9747 1.5314 58.9544 1.0249 0.0573
Car -1 -1 4.6068 570.8688 183.6818 684.6655 281.2776 1.4940 1.6752 4.1467 0.1882 1.7312 13.6632 4.6190 0.0556
Car -1 -1 5.3307 0.0000 140.1264 584.2280 375.0000 1.4484 1.6326 4.0957 -1.6489 1.3194 5.0435 5.0285 0.0531
Car -1 -1 0.0587 438.6815 162.2581 497.7102 184.1283 1.5183 1.5874 4.0176 -9.9771 0.7827 51.1444 -0.1331 0.0531
Car -1 -1 4.3745 935.2574 149.3427 1014.0218 189.6369 1.5740 1.6360 4.1947 15.2461 0.6556 30.3674 4.8359 0.0511
Car -1 -1 0.4998 0.0000 16.0873 163.0433 375.0000 1.5398 1.6229 4.1482 -4.2230 1.2985 2.7437 -0.4501 0.0503
Car -1 -1 4.9089 0.0000 36.9794 377.5103 375.0000 1.5365 1.6091 4.0149 -1.7869 1.4268 2.7434 4.3729 0.0502