Car -1 -1 2.0462 0.0000 194.2874 413.9393 375.0000 1.4576 1.6895 4.2041 -2.7910 1.6718 5.1062 1.5665 0.9670
Car -1 -1 4.4317 697.8892 183.7391 865.8587 290.9153 1.4601 1.6654 3.9859 2.7107 1.6764 12.2914 4.6425 0.9627
Car -1 -1 4.5564 666.4080 183.6819 757.5267 248.8306 1.4063 1.6517 3.9396 2.4637 1.7096 18.2257 4.6877 0.9389
Car -1 -1 4.1508 815.4149 76.2477 1242.0000 375.0000 1.5637 1.7462 4.5591 2.9946 1.2189 4.8865 4.6739 0.9389
Car -1 -1 1.4162 660.9024 171.1646 693.3649 192.7461 1.5455 1.7676 4.2834 4.9977 1.4245 53.8637 1.5079 0.7892
Car -1 -1 4.7542 560.9038 178.2650 583.4830 198.8415 1.4936 1.5722 3.6317 -2.8279 1.9210 55.1584 4.7028 0.5804
Car -1 -1 0.2092 411.6790 172.4872 484.4718 198.7743 1.4469 1.5168 3.7517 -9.0227 1.4267 40.4897 -0.0090 0.3907
Car -1 -1 4.9155 431.0699 163.3149 468.4057 188.5547 1.6164 1.6563 4.0001 -10.6287 1.0055 48.2199 4.6995 0.2576
Car -1 -1 5.2678 444.9093 175.6512 520.7261 209.8224 1.4344 1.6236 3.7846 -5.6649 1.5691 32.6835 5.0971 0.2309
Car -1 -1 4.9276 446.5806 170.7748 488.8611 198.3985 1.5182 1.6136 3.7756 -8.1156 1.4040 41.5630 4.7356 0.1949
Car -1 -1 4.3731 593.9958 184.0871 630.9203 206.4050 1.5538 1.6603 3.6214 0.1811 2.4287 54.2143 4.3759 0.1461
Car -1 -1 3.4577 423.8650 162.8814 491.1942 186.3545 1.4943 1.6201 3.9806 -9.8664 0.8594 46.9560 3.2515 0.1362
Car -1 -1 3.9591 414.4554 162.4701 481.4467 186.7359 1.4613 1.5987 4.2995 -10.1764 0.8360 45.3214 3.7393 0.1286
Car -1 -1 2.8312 580.2391 183.5759 633.9951 205.3302 1.5194 1.6383 3.6252 -0.1877 2.3277 53.0554 2.8271 0.1249
Car -1 -1 1.7965 438.8131 161.8997 477.9830 187.1733 1.5146 1.5828 3.7964 -9.4087 0.8581 45.1545 1.5921 0.1084
Car -1 -1 1.5711 660.2112 182.8927 686.0874 208.1281 1.4748 1.5661 3.9061 4.0321 2.1399 45.7850 1.6578 0.1040
Car -1 -1 1.4643 636.7936 185.6513 676.8582 216.8978 1.4515 1.6232 4.2160 2.3934 2.1530 37.4128 1.5270 0.1012
Car -1 -1 4.7620 440.7759 162.3519 468.9061 186.4599 1.5070 1.5994 3.8980 -10.0715 0.8505 47.1553 4.5526 0.0990
Car -1 -1 1.6151 659.8252 177.7452 681.2481 197.4686 1.5314 1.5846 3.5936 4.9976 1.9430 58.8406 1.6990 0.0968
Car -1 -1 3.7226 418.2175 178.4359 506.3849 214.0804 1.4775 1.4829 3.5650 -6.4643 1.7330 31.6816 3.5225 0.0966
Car -1 -1 1.5465 557.8471 176.8128 581.3801 198.8639 1.5483 1.6411 4.1249 -2.9968 1.8537 53.5455 1.4905 0.0852
Car -1 -1 1.2765 694.4377 170.6877 735.1423 194.1665 1.4977 1.5716 4.0536 6.9690 1.3595 48.1487 1.4190 0.0838
Car -1 -1 -0.0921 550.9033 178.0166 604.3565 198.7702 1.5333 1.5931 3.9319 -2.4483 1.9336 54.8901 -0.1369 0.0764
Car -1 -1 0.5929 443.3976 175.7472 541.7825 211.9739 1.4803 1.6152 3.9931 -5.0820 1.6121 31.3047 0.4329 0.0739
Car -1 -1 3.6352 227.9422 182.8384 398.7337 244.7089 1.4672 1.5678 3.7394 -7.4934 1.7357 18.4169 3.2534 0.0735
Car -1 -1 1.6829 652.0093 188.0739 692.6897 218.2432 1.4142 1.7128 3.8394 3.3501 2.2578 37.9425 1.7696 0.0735
Car -1 -1 2.8626 611.7096 186.4210 679.9774 214.8322 1.4797 1.6758 3.4450 1.9886 2.2534 39.9420 2.9113 0.0718
Car -1 -1 0.2253 594.3101 185.9140 674.3533 217.2865 1.4713 1.6304 3.7396 1.2586 2.1487 36.1595 0.2591 0.0697
Car -1 -1 1.5808 563.8834 175.6752 587.6315 198.8048 1.5959 1.6553 4.3071 -2.4369 1.8097 52.4988 1.5342 0.0647
Car -1 -1 4.1158 972.8918 0.0000 1242.0000 170.3771 1.5142 1.5783 3.8557 5.8101 -0.0344 8.0780 4.7238 0.0646
Car -1 -1 1.9095 282.3788 185.9191 403.8803 258.8811 1.5215 1.5766 3.7917 -6.3480 1.8750 17.6244 1.5680 0.0642
Car -1 -1 3.2687 643.0803 159.6319 697.3312 177.6069 1.4994 1.6327 4.4332 5.1776 0.3965 61.4502 3.3522 0.0637
Car -1 -1 1.4485 639.9762 183.7333 675.6586 212.0085 1.4771 1.5627 3.8868 2.7090 2.1283 41.2051 1.5131 0.0596
Car -1 -1 4.6787 439.6303 169.0494 470.8731 196.8331 1.5307 1.6394 4.0896 -9.0067 1.3211 41.9341 4.4682 0.0592
Car -1 -1 4.4050 752.3566 161.6141 844.5456 217.1253 1.4605 1.5188 3.6435 5.3447 1.1648 20.8484 4.6521 0.0581
Car -1 -1 -0.3798 563.5045 179.2481 624.1273 201.0476 1.5719 1.7163 4.2533 -1.1896 2.0702 54.6026 -0.4020 0.0571
Car -1 -1 1.8294 422.6589 171.9317 467.8591 199.1785 1.4447 1.5161 3.8394 -9.0959 1.3958 40.2053 1.6080 0.0564
Car -1 -1 -0.1292 656.2043 175.9080 706.2294 195.7263 1.5567 1.6685 3.8061 5.7180 1.8053 57.8457 -0.0316 0.0550
Car -1 -1 2.2298 600.4688 184.2021 669.6951 213.5889 1.4272 1.6165 3.9651 1.4157 2.0673 38.6585 2.2655 0.0544
Car -1 -1 1.5829 666.1761 171.8828 691.0939 196.1676 1.6613 1.7001 4.1040 4.9517 1.5949 51.4911 1.6778 0.0539
Car -1 -1 -0.2151 662.0471 183.3085 749.9787 214.1101 1.4570 1.6483 4.0639 4.7458 1.9900 35.7978 -0.0850 0.0536
Car -1 -1 1.5639 657.6365 176.1341 679.1784 196.7720 1.5722 1.6564 3.8787 4.6811 1.8431 57.5965 1.6442 0.0528
Car -1 -1 1.5913 567.7812 177.0681 591.9401 199.9376 1.5370 1.6311 3.9583 -2.0749 1.8478 51.2225 1.5506 0.0516
Car -1 -1 3.1226 661.2803 183.3609 734.4656 211.2710 1.4656 1.6593 3.9126 4.8289 2.0582 39.6791 3.2422 0.0511