Car -1 -1 5.1658 133.5515 187.3552 301.8164 265.4867 1.4506 1.6274 3.7632 -8.0960 1.5020 15.3522 4.6875 0.9715
Car -1 -1 5.2852 0.0000 202.3367 262.3683 376.0000 1.4632 1.6286 4.0596 -4.7997 1.6659 6.4457 4.6647 0.9063
Car -1 -1 5.2115 39.5529 182.3869 207.8389 247.5157 1.3978 1.6567 3.9583 -11.5083 1.3371 17.4648 4.6357 0.8877
Car -1 -1 4.8102 473.5109 185.0661 520.3349 221.0487 1.4320 1.5784 4.0043 -4.6350 1.4261 30.6487 4.6610 0.8805
Car -1 -1 5.0669 269.8451 187.6634 376.1923 245.2886 1.5293 1.6502 3.8506 -8.2286 1.6080 21.1775 4.7001 0.8141
Car -1 -1 4.7194 572.5364 179.0823 603.1663 205.0425 1.4240 1.6802 4.1189 -1.1018 1.0875 41.5059 4.6926 0.6678
Car -1 -1 1.6821 144.2875 192.4200 185.6901 219.7434 1.5154 1.6751 3.9550 -26.4793 1.9693 43.1458 1.1340 0.2944
Car -1 -1 4.7869 500.5581 178.1546 531.3825 205.2238 1.5105 1.5224 3.4841 -5.2780 1.1165 41.8923 4.6620 0.2651
Car -1 -1 1.6173 526.5885 181.7764 547.1382 199.8156 1.4820 1.5565 3.8608 -5.9421 1.1994 61.0228 1.5203 0.2493
Car -1 -1 4.9631 365.7953 131.3775 488.1547 225.6687 2.0765 1.8314 4.7492 -4.3678 0.8909 18.2225 4.7311 0.2412
Car -1 -1 2.0859 240.6250 174.2692 329.0896 213.1431 1.4657 1.5560 3.8496 -12.9337 1.0530 29.0961 1.6709 0.2337
Car -1 -1 0.8741 307.2025 179.6609 377.6040 206.4198 1.5277 1.6132 4.2046 -15.7785 1.2106 42.7892 0.5226 0.1972
Car -1 -1 2.2585 245.2441 192.9785 319.0049 220.3902 1.4997 1.6993 4.2343 -19.2963 1.9872 42.8782 1.8375 0.1538
Car -1 -1 1.2818 508.5019 182.8352 544.6832 204.0303 1.4764 1.5850 3.8130 -5.8822 1.3105 52.1371 1.1696 0.1500
Car -1 -1 1.1439 108.0802 192.7544 171.6394 219.7608 1.4855 1.7063 3.8316 -27.4935 1.9471 42.2694 0.5697 0.1264
Car -1 -1 1.9256 276.3690 180.2773 331.1153 206.6463 1.5073 1.7080 4.0743 -18.1405 1.2250 43.1604 1.5296 0.1235
Car -1 -1 0.3314 278.3927 176.7693 358.4935 203.2665 1.5404 1.7271 4.0794 -17.1182 1.0494 42.7497 -0.0476 0.1230
Car -1 -1 4.5698 340.7981 165.0501 371.6882 188.4073 1.7102 1.6902 3.8787 -19.1395 0.2337 54.7439 4.2348 0.1214
Car -1 -1 1.7395 534.7011 184.0395 561.9651 202.4360 1.4984 1.6373 4.0254 -4.9275 1.4026 60.6277 1.6583 0.1189
Car -1 -1 2.1381 256.7268 174.0723 351.0081 213.8527 1.4765 1.5643 3.9857 -12.0238 1.0629 28.7793 1.7454 0.1130
Car -1 -1 2.0546 271.7429 173.4907 331.4984 200.4101 1.5741 1.6655 4.0673 -18.6783 0.8885 44.1317 1.6562 0.1084
Car -1 -1 5.1514 505.9364 176.6581 558.8577 204.9485 1.5656 1.5814 3.8315 -4.2976 1.0920 41.8514 5.0493 0.1073
Car -1 -1 4.7645 320.7156 175.4802 356.7084 205.7072 1.4924 1.5584 3.6357 -13.9415 1.0117 37.4601 4.4103 0.1039
Car -1 -1 0.9379 222.9276 200.0298 293.6417 228.1550 1.5149 1.7899 3.8818 -20.4932 2.4198 42.2100 0.4878 0.0902
Car -1 -1 1.9223 291.7756 175.9550 339.0105 199.6896 1.4638 1.5697 3.8797 -18.7283 0.8926 46.2965 1.5396 0.0879
Car -1 -1 1.9458 541.2103 186.3890 576.8498 204.8243 1.4825 1.6619 3.9029 -3.9928 1.5842 60.1892 1.8794 0.0849
Car -1 -1 0.3755 254.6524 187.9219 340.0410 214.1894 1.5011 1.7402 4.2623 -18.1355 1.6635 42.2034 -0.0285 0.0848
Car -1 -1 2.1992 201.8177 177.2427 311.5444 217.9024 1.4627 1.6327 4.2817 -13.5586 1.1759 28.1133 1.7533 0.0825
Car -1 -1 1.5819 236.8974 173.4419 273.8196 204.1348 1.4104 1.5392 3.8305 -17.1360 0.8694 35.0935 1.1305 0.0824
Car -1 -1 2.5668 146.8216 193.0392 230.1861 219.9888 1.4908 1.6511 4.0892 -25.0994 1.9853 43.2375 2.0431 0.0814
Car -1 -1 3.1358 444.6942 181.7602 517.9088 209.3513 1.4991 1.6353 3.9536 -7.0285 1.3114 40.2131 2.9635 0.0809
Car -1 -1 1.8565 296.4216 179.1247 355.5109 211.3194 1.4790 1.6296 3.9202 -13.6270 1.1992 35.0449 1.4879 0.0788
Car -1 -1 1.4704 528.4533 181.8223 554.5450 202.1476 1.5736 1.6776 4.1939 -5.3233 1.3109 57.8737 1.3787 0.0767
Car -1 -1 0.9676 265.0199 189.1768 336.2030 217.0675 1.5052 1.7578 4.0613 -17.5652 1.7420 41.1456 0.5661 0.0765
Car -1 -1 0.7452 315.6158 179.1682 392.4452 210.0473 1.4876 1.6002 3.4722 -12.6950 1.1962 36.0542 0.4087 0.0756
Car -1 -1 5.3841 331.9689 181.7909 398.4415 206.7094 1.4345 1.6244 4.0833 -14.5944 1.2374 43.5798 5.0624 0.0740
Car -1 -1 1.9528 137.7941 194.3684 195.5930 221.8303 1.4939 1.7133 3.4688 -25.7788 2.0547 42.1901 1.4067 0.0739
Car -1 -1 1.8091 319.3424 177.4277 364.9387 203.7316 1.5173 1.6356 4.2240 -16.0273 1.0681 43.6565 1.4590 0.0734
Car -1 -1 1.6403 580.4432 182.0255 603.9579 201.4006 1.5367 1.6630 3.8867 -1.1994 1.2837 58.9983 1.6196 0.0721
Car -1 -1 1.4459 522.9024 182.1979 549.3187 201.4182 1.5215 1.6181 4.4916 -5.8983 1.2826 59.2761 1.3467 0.0712
Car -1 -1 2.3761 0.0000 191.8380 211.9357 376.0000 1.5218 1.6303 4.3405 -4.6816 1.5855 4.7069 1.6217 0.0704
Car -1 -1 1.4424 476.9737 185.7804 518.8151 215.5332 1.5005 1.6958 4.1830 -5.9179 1.5325 38.5819 1.2908 0.0702
Car -1 -1 3.3729 179.2081 178.2859 305.6981 217.3930 1.4579 1.6348 4.1354 -14.1296 1.1995 28.0680 2.9102 0.0698
Car -1 -1 1.6542 485.8999 179.3752 520.5265 207.1572 1.5070 1.6255 3.9465 -5.8835 1.1902 41.0110 1.5123 0.0681
Car -1 -1 0.5623 117.8857 194.7353 194.3916 221.0724 1.4817 1.7046 3.3947 -26.2619 2.0483 41.9258 0.0051 0.0668
Car -1 -1 5.3031 289.7643 176.2540 354.8494 202.4932 1.5016 1.6735 4.0311 -17.0732 0.9887 43.2852 4.9293 0.0662
Car -1 -1 1.8617 492.7021 177.9588 541.4376 206.1825 1.5073 1.6297 4.0367 -5.0169 1.1198 40.5181 1.7389 0.0652
Car -1 -1 4.9665 319.8850 162.3459 360.4669 191.7603 2.0288 1.7457 4.1330 -19.1528 0.4514 51.7256 4.6133 0.0645
Car -1 -1 1.7730 108.9422 187.7995 161.3039 216.7114 1.4987 1.6308 4.0477 -26.0802 1.6497 39.8352 1.1960 0.0624
Car -1 -1 3.2274 303.0412 165.7412 365.0310 188.7551 1.6527 1.7011 4.1387 -20.0807 0.2542 53.0022 2.8667 0.0617
Car -1 -1 3.1143 174.0589 179.6671 263.1632 212.9886 1.4782 1.5826 3.5750 -18.0551 1.2321 33.4636 2.6226 0.0615
Car -1 -1 3.2107 148.9252 193.4419 222.3568 219.9148 1.4517 1.6931 3.5815 -24.5126 1.9494 41.9355 2.6840 0.0604
Car -1 -1 1.8972 290.8560 176.0319 362.1618 213.3367 1.4623 1.6059 3.8908 -11.6758 1.1023 30.1538 1.5305 0.0604
Car -1 -1 3.1539 532.6262 185.2290 579.2262 203.7566 1.5180 1.6458 3.8159 -4.2531 1.5191 59.8314 3.0828 0.0596
Car -1 -1 0.6889 399.2132 184.3578 506.7064 226.2810 1.5041 1.6412 3.8406 -5.8913 1.4733 27.4038 0.4788 0.0596
Car -1 -1 3.7954 256.5948 178.0021 326.2801 201.4198 1.4379 1.6024 3.8490 -19.9169 0.9950 45.3782 3.3837 0.0587
Car -1 -1 1.8045 86.5266 190.5566 139.6552 218.4760 1.4899 1.6388 3.9183 -28.3057 1.8125 41.2953 1.2063 0.0577
Car -1 -1 0.3654 485.1831 183.8204 542.6510 205.3443 1.4893 1.6032 3.7117 -6.5979 1.3927 50.9541 0.2368 0.0566
Car -1 -1 3.9962 334.2186 165.0840 392.3766 190.8688 1.8619 1.7799 4.2300 -18.2463 0.4082 53.7436 3.6702 0.0564
Car -1 -1 1.3237 496.6738 183.1090 526.8884 201.3873 1.4732 1.6324 3.7421 -7.9910 1.3034 59.9786 1.1914 0.0552
Car -1 -1 0.2736 461.2557 178.7031 534.6667 206.2289 1.5275 1.6243 3.8362 -6.1912 1.1661 40.9358 0.1240 0.0547
Car -1 -1 4.9744 388.2844 155.4135 486.1678 224.3706 1.7243 1.6586 3.9112 -4.5888 0.9791 19.9611 4.7512 0.0546
Car -1 -1 3.0824 279.6599 174.6746 385.7869 213.1151 1.5015 1.6302 3.9915 -11.3052 1.0898 29.6387 2.7207 0.0544
Car -1 -1 1.6545 501.7447 183.7758 538.2488 212.3190 1.4730 1.6303 4.1131 -4.6998 1.3987 39.1818 1.5355 0.0542
Car -1 -1 4.8415 275.0100 173.7658 328.1618 210.6917 1.4763 1.5949 3.8602 -13.0228 1.0186 30.8128 4.4445 0.0532
Car -1 -1 3.2091 495.5045 177.2621 563.0300 205.3127 1.5632 1.5933 3.7215 -4.3960 1.1200 40.9294 3.1024 0.0522
Car -1 -1 1.3216 521.8967 177.6475 559.4305 201.3052 1.5382 1.6552 3.7732 -4.5550 1.0461 48.7948 1.2286 0.0519
Car -1 -1 1.9597 291.5522 181.2497 356.6603 213.0126 1.5053 1.6413 3.9771 -14.1156 1.3174 36.0714 1.5888 0.0517
Car -1 -1 3.2862 230.8855 175.5529 344.8009 214.9556 1.4745 1.5554 3.8892 -12.4118 1.1129 28.1644 2.8744 0.0512