Car -1 -1 4.5504 700.4012 190.4728 804.3566 265.5573 1.3844 1.5962 4.4011 3.1180 1.8428 16.5591 4.7322 0.9661
Car -1 -1 4.3632 763.8955 204.4366 1110.1382 375.0000 1.3688 1.6835 4.0718 2.8344 1.7787 7.3242 4.7175 0.9368
Car -1 -1 0.6288 0.0000 165.7647 329.9941 316.0254 1.5877 1.7423 4.4695 -5.8971 1.5128 8.5861 0.0410 0.9292
Car -1 -1 4.5623 656.5793 177.2735 701.6555 210.9448 1.5194 1.6192 3.7777 3.3165 1.7456 34.9986 4.6554 0.9223
Car -1 -1 3.5184 181.6427 189.6984 438.7680 274.9877 1.4920 1.6596 4.2232 -5.5703 1.8332 13.7837 3.1404 0.8663
Car -1 -1 1.5943 542.0808 178.6490 582.3457 216.0865 1.5044 1.6523 4.0416 -2.0273 1.7753 31.6824 1.5303 0.8181
Car -1 -1 0.4704 304.2912 177.7332 460.1203 231.9356 1.4312 1.5200 3.9272 -6.3604 1.5759 20.3282 0.1704 0.7915
Car -1 -1 3.7712 37.8592 173.7329 319.9578 272.6386 1.4184 1.5564 3.5926 -6.6513 1.4334 11.3335 3.2503 0.7724
Car -1 -1 0.0044 474.1797 176.3203 553.3423 204.6574 1.4652 1.6343 4.1145 -5.1117 1.6560 38.6411 -0.1267 0.7285
Car -1 -1 0.4473 259.2552 188.4664 461.2000 258.4391 1.4630 1.5507 4.1194 -5.6512 1.8435 16.5635 0.1228 0.6719
Car -1 -1 3.3057 344.7084 178.4546 487.7004 225.2174 1.3996 1.5158 4.1613 -6.0072 1.5836 22.7664 3.0501 0.5751
Car -1 -1 4.8431 521.1434 175.0916 554.4937 200.3091 1.4772 1.5586 3.8349 -4.3861 1.6214 44.5534 4.7451 0.3119
Car -1 -1 0.2259 347.0867 170.9942 406.0283 191.4311 1.4930 1.5904 3.9140 -17.2920 1.3571 53.6692 -0.0846 0.2937
Car -1 -1 4.8487 525.0688 164.3216 549.7875 183.6283 1.7244 1.7025 4.2783 -6.6234 0.9623 66.6157 4.7498 0.1923
Car -1 -1 2.1464 248.4596 178.9083 301.2567 200.7502 1.5701 1.6935 4.1114 -25.5444 2.0515 55.2187 1.7147 0.1823
Car -1 -1 4.5612 555.1124 171.1317 579.9014 188.2364 1.5314 1.6746 4.2145 -3.9276 1.3772 66.8338 4.5025 0.1793
Car -1 -1 3.9071 24.9810 143.9201 159.7188 190.4155 1.5508 1.5830 3.7811 -17.9668 0.5857 25.1300 3.2913 0.1766
Car -1 -1 4.4577 488.0021 168.6652 519.5690 189.4691 1.7242 1.6988 4.1301 -9.1280 1.3770 62.0326 4.3120 0.1573
Car -1 -1 4.1486 307.3466 166.9858 362.0673 191.0897 1.6756 1.6795 4.2596 -19.8724 1.2677 52.1081 3.7857 0.1439
Car -1 -1 1.4391 1052.5226 188.0444 1108.1752 225.3701 1.4329 1.5251 3.7309 20.3776 2.1353 31.3498 2.0105 0.1296
Car -1 -1 1.5750 403.7169 169.9965 424.2718 190.5084 1.7002 1.6503 4.1003 -16.7905 1.4634 62.0009 1.3114 0.1294
Car -1 -1 1.5654 714.8810 178.4858 736.6183 199.6465 1.5171 1.5745 3.8792 8.8176 1.9612 54.8525 1.7235 0.1227
Car -1 -1 4.6377 425.6708 165.9704 460.9245 194.7508 1.5400 1.6562 3.8418 -9.4146 1.1717 40.6888 4.4115 0.1183
Car -1 -1 4.8782 240.9306 173.7615 293.5503 207.0457 1.4527 1.5926 3.8223 -15.8941 1.4976 33.6594 4.4398 0.1172
Car -1 -1 1.8820 265.5429 175.7952 330.4357 209.2719 1.4700 1.6339 4.0775 -14.6554 1.6178 34.1584 1.4792 0.1160
Car -1 -1 3.3027 524.9036 169.0427 576.7155 185.7026 1.4915 1.6307 4.4903 -5.3176 1.1503 65.5874 3.2219 0.1137
Car -1 -1 0.0235 269.3396 181.0216 358.3738 213.3394 1.5177 1.6542 4.0377 -14.7357 1.9434 36.1236 -0.3616 0.1089
Car -1 -1 4.6439 337.3445 171.4212 361.6772 191.6757 1.5883 1.6075 3.8021 -21.1604 1.4760 58.6459 4.2989 0.1078
Car -1 -1 4.7195 681.5847 167.2081 701.8279 187.3266 1.6908 1.6932 4.1996 7.1649 1.2163 62.8254 4.8322 0.1002
Car -1 -1 4.9715 228.1345 157.1460 277.5994 186.9490 1.6992 1.6824 3.9784 -21.3092 0.8036 43.2521 4.5161 0.0948
Car -1 -1 4.4067 463.2367 168.4701 501.9556 193.2417 1.7719 1.6936 4.0812 -9.5070 1.4583 53.8124 4.2323 0.0934
Car -1 -1 0.4341 401.5406 172.1062 451.3839 187.7543 1.4575 1.6257 4.2948 -17.3435 1.3878 68.4007 0.1865 0.0918
Car -1 -1 3.4282 0.0000 143.1355 132.3893 191.9774 1.5190 1.5901 4.0029 -18.3524 0.5948 23.8948 2.7785 0.0913
Car -1 -1 3.8044 70.3951 158.8666 153.4313 185.2914 1.5468 1.6100 3.9354 -29.7296 0.7280 43.1617 3.2040 0.0876
Car -1 -1 1.0325 92.0089 146.6710 180.0821 183.4559 1.5991 1.6170 3.8662 -21.6268 0.4609 32.9433 0.4552 0.0874
Car -1 -1 0.7739 309.6246 174.2662 357.6020 190.7032 1.5159 1.6363 4.3468 -26.1773 1.6530 68.4378 0.4097 0.0848
Car -1 -1 4.6999 372.3320 171.9799 395.3174 192.2515 1.4809 1.6103 3.9471 -17.1763 1.4171 54.8378 4.3975 0.0834
Car -1 -1 5.4569 0.0000 116.1652 245.7890 375.0000 1.5607 1.6823 4.0393 -4.4884 1.3236 5.0733 4.7583 0.0830
Car -1 -1 1.6468 0.0000 107.6679 278.3210 375.0000 1.5138 1.6759 4.0408 -3.3235 1.2647 4.9336 1.0781 0.0802
Car -1 -1 0.6919 246.7562 177.8976 340.4163 212.4270 1.4790 1.6109 3.6992 -14.2464 1.7157 32.5705 0.2823 0.0800
Car -1 -1 3.1051 633.8782 179.1821 677.5093 194.5689 1.4117 1.6896 4.0331 4.3103 2.0146 67.8371 3.1679 0.0734
Car -1 -1 1.8187 228.7458 176.7356 293.8000 214.0749 1.4801 1.5894 3.9431 -14.9298 1.6588 31.1249 1.3745 0.0725
Car -1 -1 -0.0376 708.7532 182.4337 771.4053 207.4563 1.5390 1.5847 3.8868 8.3199 2.1668 46.2372 0.1388 0.0716
Car -1 -1 2.0518 275.1096 176.6216 318.3866 198.0151 1.6464 1.5655 3.9152 -25.1955 1.9611 58.2476 1.6449 0.0639
Car -1 -1 4.6233 265.0802 176.5535 305.9562 207.4892 1.4668 1.5734 3.7933 -16.5349 1.6656 36.7378 4.2029 0.0633
Car -1 -1 3.6868 0.0000 146.2248 455.1094 357.3937 1.5323 1.6089 3.7797 -3.3977 1.3391 6.1479 3.1994 0.0624
Car -1 -1 1.5110 721.1739 180.5982 740.8714 198.7778 1.5112 1.4748 4.0027 10.7132 2.2182 63.8083 1.6761 0.0623
Car -1 -1 2.0490 0.0000 163.6106 223.6446 375.0000 1.5547 1.6594 3.9940 -3.3040 1.5379 3.4500 1.3230 0.0623
Car -1 -1 1.8080 369.9916 178.8070 454.4181 231.3234 1.4236 1.5111 4.2930 -5.9491 1.6247 22.2127 1.5487 0.0613
Car -1 -1 5.0379 4.7633 151.0040 86.2120 191.4245 1.6523 1.6763 3.7449 -24.5400 0.7591 31.5382 4.3807 0.0609
Car -1 -1 4.8289 535.9351 168.9619 559.1866 185.3881 1.4630 1.6513 4.2059 -5.6711 1.1163 66.3897 4.7438 0.0601
Car -1 -1 3.4306 489.8258 175.9874 555.5217 201.4768 1.4895 1.5740 3.6352 -5.2184 1.6832 43.5131 3.3116 0.0577
Car -1 -1 1.6404 339.2554 176.5022 409.0044 234.3413 1.4339 1.5589 4.0010 -6.5155 1.5472 20.2838 1.3329 0.0574
Car -1 -1 1.3340 288.5035 179.0046 346.4486 212.7577 1.4918 1.6656 4.1804 -14.1651 1.8077 34.8716 0.9504 0.0573
Car -1 -1 1.4092 702.4788 181.1875 736.5452 207.1405 1.5363 1.5500 3.7213 6.9331 2.0867 45.7834 1.5580 0.0572
Car -1 -1 4.2664 82.3561 149.9802 167.7525 185.8746 1.5876 1.6785 4.1893 -22.6539 0.5759 33.7060 3.6782 0.0570
Car -1 -1 0.4689 0.0000 148.3262 66.1440 202.0886 1.6369 1.6568 3.9577 -20.1922 0.8901 23.2451 -0.2408 0.0570
Car -1 -1 3.5785 137.8285 139.1830 306.4975 193.0904 1.5715 1.6493 4.2239 -11.6812 0.5899 21.9575 3.0945 0.0568
Car -1 -1 4.7103 370.3017 172.6738 389.8630 190.8181 1.5194 1.5672 3.7144 -19.8541 1.5043 62.4306 4.4034 0.0560
Car -1 -1 1.5161 330.9012 169.1941 358.4454 191.5944 1.5217 1.6194 4.0501 -18.8238 1.2731 51.1951 1.1652 0.0544
Car -1 -1 0.3442 472.5778 168.8574 527.3909 187.9688 1.5805 1.6684 4.2608 -9.2329 1.2500 60.8998 0.1941 0.0535
Car -1 -1 1.5906 679.9409 178.6717 703.0708 201.4972 1.5180 1.5518 4.0038 5.8378 1.9471 51.1358 1.7032 0.0532
Car -1 -1 1.4833 1046.6522 183.6472 1098.3136 219.1090 1.4335 1.5949 4.0573 20.8740 1.9545 32.6563 2.0474 0.0512
Car -1 -1 5.4467 0.0000 0.0000 40.8020 375.0000 1.5874 1.6417 3.9076 -4.0040 1.2391 2.5299 4.4873 0.0511
Car -1 -1 4.9021 421.0428 175.6539 494.1906 223.5834 1.4626 1.6392 4.1586 -5.0221 1.5652 24.3515 4.7003 0.0508
Car -1 -1 3.9508 190.3061 158.7947 268.6041 187.1539 1.6040 1.6579 4.1480 -22.2572 0.8088 42.2623 3.4685 0.0507
Car -1 -1 1.7154 636.7972 173.6428 662.0025 193.3086 1.7191 1.6886 4.2649 3.6509 1.7932 65.5121 1.7704 0.0506
Car -1 -1 4.9073 96.6965 157.9188 143.7012 188.2059 1.7461 1.6484 3.7335 -29.5305 0.8851 43.6392 4.3151 0.0502