Car -1 -1 2.0817 241.8966 189.1935 310.9910 221.6049 1.4656 1.5797 3.6315 -16.7179 2.3322 36.3923 1.6535 0.8400
Car -1 -1 1.4566 282.0150 179.5129 305.4518 196.2186 1.4924 1.5677 4.2442 -29.9918 2.1449 68.4660 1.0449 0.2457
Car -1 -1 2.0096 211.8432 184.1840 263.2720 208.3047 1.4507 1.6325 3.4859 -24.0794 2.2138 46.8269 1.5367 0.1726
Car -1 -1 1.6374 295.2487 183.4822 320.0395 204.1721 1.5290 1.5666 3.7779 -24.0084 2.4055 57.4607 1.2429 0.1567
Car -1 -1 1.5010 239.3820 190.2311 282.8175 223.5925 1.4771 1.6963 4.2714 -17.7149 2.4131 36.5919 1.0526 0.1423
Car -1 -1 1.7678 273.2611 189.9912 313.6049 215.4619 1.4842 1.6995 3.6455 -20.3817 2.6386 46.6450 1.3576 0.0998
Car -1 -1 1.7648 283.4296 187.7444 321.5001 212.8590 1.5208 1.6043 3.9407 -20.4878 2.5601 48.2672 1.3651 0.0875
Car -1 -1 1.6990 333.5483 182.6143 367.6391 207.1538 1.4970 1.6099 4.1112 -17.1507 2.1748 47.9292 1.3568 0.0823
Car -1 -1 1.4198 269.0031 183.7888 300.1463 204.6857 1.5074 1.6483 3.9351 -25.4039 2.3931 56.3446 0.9977 0.0631
Car -1 -1 1.4448 281.5362 181.5090 306.7027 198.7993 1.4947 1.5965 4.4770 -29.3355 2.3269 67.0416 1.0336 0.0602
Car -1 -1 1.8403 270.8830 180.2945 308.7963 201.9088 1.5116 1.5917 3.9412 -23.8508 2.0892 53.9486 1.4256 0.0600
Car -1 -1 1.7556 267.6601 184.2572 309.5652 210.4065 1.4876 1.6641 4.0629 -20.0011 2.2348 45.1072 1.3401 0.0597
Car -1 -1 1.5634 291.0766 195.6193 325.3521 227.2503 1.4936 1.6475 4.1201 -16.4939 2.8093 39.4818 1.1697 0.0577
Car -1 -1 2.0484 317.9740 181.3034 372.6475 206.2077 1.4794 1.6144 4.0459 -16.9219 2.0474 46.4024 1.7002 0.0556
Car -1 -1 3.2416 574.5401 167.1235 626.6472 190.4962 1.8034 1.7820 3.9383 -0.6791 1.3612 56.7318 3.2293 0.0528
Car -1 -1 0.4275 248.6320 189.1061 321.0226 213.0144 1.5004 1.6978 3.9839 -21.2535 2.5856 47.3171 0.0071 0.0517