Car -1 -1 4.4134 744.4417 191.6775 979.6600 338.5768 1.3640 1.6115 3.8660 2.8811 1.6528 9.1321 4.7086 0.9574
Car -1 -1 0.5828 7.2939 169.0147 372.8118 283.7941 1.4968 1.6940 4.3810 -5.8920 1.4468 10.4266 0.0789 0.9525
Car -1 -1 4.5522 690.9345 186.5187 781.7535 250.4055 1.3632 1.5878 4.2283 3.1030 1.7520 18.4177 4.7156 0.9472
Car -1 -1 4.5695 655.2937 174.3360 697.1768 205.8917 1.5230 1.5934 3.8694 3.3628 1.6030 36.9839 4.6590 0.8322
Car -1 -1 1.5728 548.6006 179.2929 582.5036 213.7767 1.4739 1.4782 3.3199 -2.0190 1.7851 33.1749 1.5119 0.8275
Car -1 -1 0.3561 247.9440 185.2766 456.6337 258.4221 1.4730 1.6230 3.9530 -5.4811 1.7578 15.6816 0.0245 0.8200
Car -1 -1 3.2412 468.8586 175.6574 549.3282 204.0555 1.5487 1.7308 4.3183 -5.5836 1.7096 40.4793 3.1046 0.7144
Car -1 -1 3.3626 377.1534 176.0305 500.8540 220.8960 1.4824 1.6454 3.8665 -5.7890 1.5952 24.7933 3.1351 0.7115
Car -1 -1 0.5511 339.9283 175.8329 481.4985 224.4629 1.4046 1.4915 4.0334 -6.1257 1.5019 22.2806 0.2854 0.6253
Car -1 -1 0.5506 301.9745 185.2401 475.6609 247.1689 1.4443 1.4684 4.1158 -5.6551 1.7841 18.5573 0.2582 0.5891
Car -1 -1 3.5628 103.6825 172.8114 365.3250 256.2822 1.4173 1.4169 3.9700 -6.6361 1.4166 13.0422 3.1000 0.5516
Car -1 -1 0.6700 0.0000 157.7900 213.6882 369.0001 1.4278 1.3919 3.8510 -5.4578 1.3260 5.7065 -0.0700 0.3632
Car -1 -1 5.2455 0.0000 151.4219 329.0642 356.8119 1.4541 1.5767 3.8253 -4.2678 1.3024 7.0237 4.7158 0.2488
Car -1 -1 3.8937 0.0000 137.6353 123.7459 184.7021 1.5344 1.5761 3.3474 -18.6409 0.3862 24.4840 3.2482 0.2233
Car -1 -1 4.9922 245.8971 159.6100 293.4041 188.1618 1.7079 1.6766 3.8754 -21.2291 0.9157 45.2067 4.5553 0.2009
Car -1 -1 3.5372 354.5188 170.8117 414.3998 190.1249 1.4627 1.5702 4.1201 -17.3287 1.3080 55.6235 3.2363 0.1956
Car -1 -1 4.6532 329.7152 177.7641 363.4017 206.2028 1.5006 1.5791 3.6141 -14.8762 1.7912 40.7263 4.3047 0.1600
Car -1 -1 4.7626 507.6720 166.2290 535.2414 191.0074 1.6152 1.6604 3.9498 -5.9520 1.1834 49.0627 4.6422 0.1552
Car -1 -1 4.4799 428.0493 165.3403 472.0861 193.3964 1.5747 1.6737 3.9628 -9.4700 1.1530 42.6463 4.2624 0.1549
Car -1 -1 4.9662 408.1660 172.2216 438.0971 190.6645 1.5835 1.6219 3.9560 -16.4776 1.5292 63.9326 4.7147 0.1411
Car -1 -1 4.1640 129.9394 150.6806 209.7038 184.6543 1.5644 1.6270 3.6495 -21.2071 0.5434 34.7867 3.6198 0.1307
Car -1 -1 3.8676 78.4542 144.4925 200.3898 185.8625 1.4920 1.5205 3.7844 -17.5953 0.4692 27.0639 3.2955 0.1219
Car -1 -1 4.4228 490.7602 169.8156 522.3583 189.2704 1.6621 1.6781 4.0569 -9.1452 1.4025 63.8356 4.2808 0.1175
Car -1 -1 4.6338 384.3354 167.9587 407.5039 187.9097 1.7234 1.6775 4.0227 -19.1250 1.3005 64.5063 4.3465 0.1117
Car -1 -1 1.5717 484.1301 170.2182 504.8975 191.0826 1.5508 1.5277 3.6981 -8.8567 1.3549 55.5747 1.4141 0.1104
Car -1 -1 2.4580 326.6355 177.3288 375.6830 194.8788 1.5839 1.7396 4.2376 -24.4988 2.0230 68.5379 2.1157 0.1100
Car -1 -1 3.7575 218.7252 159.6814 293.9095 186.5816 1.6064 1.6435 3.9096 -21.6217 0.8198 44.2172 3.3049 0.1099
Car -1 -1 3.4886 434.9027 172.4287 484.0583 187.6143 1.4252 1.6128 4.2980 -14.2982 1.3853 68.8224 3.2843 0.1058
Car -1 -1 1.4826 308.7079 176.9525 350.4082 209.5440 1.5660 1.6630 4.1572 -14.5810 1.7915 37.4624 1.1135 0.1012
Car -1 -1 4.5710 352.7794 170.1145 379.4885 188.9601 1.5415 1.6191 3.8534 -20.6403 1.3175 61.1056 4.2464 0.0939
Car -1 -1 0.0545 267.6678 173.7853 350.3373 203.1497 1.5073 1.6495 3.9891 -15.9815 1.5589 38.5638 -0.3362 0.0905
Car -1 -1 3.9581 375.3971 169.2026 426.0256 187.5761 1.5682 1.6994 4.4387 -18.3788 1.2566 63.4473 3.6771 0.0879
Car -1 -1 4.6278 341.5496 163.4897 369.2630 185.1346 1.5562 1.6311 3.9674 -19.0563 0.8829 54.0201 4.2901 0.0853
Car -1 -1 5.1858 304.5255 174.5867 366.8661 204.3794 1.5370 1.6096 3.8253 -14.8946 1.6365 39.4480 4.8268 0.0837
Car -1 -1 4.5288 327.1488 174.1669 364.4309 198.9393 1.5355 1.6027 3.8875 -17.2233 1.6248 47.0247 4.1793 0.0786
Car -1 -1 1.4470 689.0696 175.1147 720.2545 200.1802 1.5689 1.5500 3.9656 6.2189 1.7240 47.5081 1.5759 0.0778
Car -1 -1 4.8682 594.7618 204.9916 769.2365 366.0721 1.4195 1.5908 3.9373 1.1382 1.9282 9.3103 4.9841 0.0758
Car -1 -1 4.7154 498.3690 186.9651 541.4189 228.6549 1.5133 1.6315 3.5704 -3.6348 2.1234 29.3270 4.5925 0.0749
Car -1 -1 3.9108 0.0000 145.0137 319.3020 342.4755 1.4499 1.5397 3.6207 -4.6511 1.2455 6.3396 3.2974 0.0738
Car -1 -1 1.4218 743.2994 179.8628 787.7161 212.2318 1.4983 1.5792 4.1432 7.8086 1.8727 36.4300 1.6307 0.0711
Car -1 -1 5.0425 321.2000 175.8366 377.0356 206.7929 1.5300 1.5970 3.8280 -13.6263 1.6949 37.9570 4.6997 0.0706
Car -1 -1 4.9638 88.1484 160.9583 134.6181 188.9493 1.6878 1.6123 3.3448 -31.2554 0.9705 45.3552 4.3631 0.0692
Car -1 -1 4.6485 234.7742 157.5815 266.0402 183.6338 1.7019 1.6681 3.9554 -24.5502 0.7042 49.2650 4.1883 0.0679
Car -1 -1 0.4251 270.1155 175.7656 362.2783 206.8201 1.5741 1.6540 4.1431 -15.2636 1.7297 37.6575 0.0421 0.0663
Car -1 -1 0.3815 696.8998 179.7561 761.5136 204.5294 1.5635 1.6036 3.9443 7.9768 2.0408 48.1950 0.5440 0.0623
Car -1 -1 3.4919 246.2450 164.8312 430.8075 224.7861 1.4741 1.5840 4.1453 -6.8599 1.2768 18.5320 3.1416 0.0620
Car -1 -1 0.1445 403.4022 164.8133 479.3631 191.3301 1.4939 1.6219 4.0743 -9.6506 1.0409 41.6247 -0.0822 0.0613
Car -1 -1 4.2053 113.8152 150.3911 197.8298 183.4540 1.5502 1.6493 4.2719 -22.3963 0.4970 35.5859 3.6469 0.0611
Car -1 -1 3.0459 534.9523 178.9168 617.4767 213.6618 1.5285 1.5661 3.6519 -1.5609 1.8157 33.1389 2.9986 0.0602
Car -1 -1 4.9936 121.7878 142.5820 201.9462 184.7881 1.5091 1.5878 3.9048 -17.1895 0.4267 27.8914 4.4455 0.0600
Car -1 -1 1.2198 319.2540 166.0799 363.5195 188.5763 1.6323 1.7131 4.4634 -20.3305 1.1408 54.6063 0.8648 0.0599
Car -1 -1 1.2922 728.4446 176.3856 777.8915 206.0072 1.4631 1.5647 3.7907 7.5127 1.6589 38.0600 1.4852 0.0592
Car -1 -1 0.3469 315.6717 163.4665 382.2813 184.9341 1.5568 1.6456 4.3124 -19.1584 0.8760 53.1530 0.0024 0.0591
Car -1 -1 -0.2683 406.1530 169.6748 469.6374 193.1225 1.7060 1.6294 4.3694 -12.8949 1.4747 54.2614 -0.5008 0.0589
Car -1 -1 1.6509 540.8456 173.8105 566.2499 197.0656 1.6197 1.5417 3.6932 -4.0241 1.6914 52.2560 1.5740 0.0586
Car -1 -1 2.4502 42.6050 142.3963 177.0371 186.7014 1.4653 1.5015 3.9008 -17.8152 0.4580 25.9459 1.8533 0.0580
Car -1 -1 2.1952 10.1528 137.2910 133.8066 185.6558 1.4996 1.5683 3.4612 -17.8131 0.3969 24.1083 1.5641 0.0579
Car -1 -1 1.2390 750.5405 185.1729 816.2210 221.7407 1.4291 1.6011 3.8754 7.5186 2.0022 31.5591 1.4701 0.0576
Car -1 -1 5.0294 68.6621 157.1962 130.3826 191.3097 1.9643 1.7980 4.3004 -30.9088 1.0627 43.8662 4.4184 0.0575
Car -1 -1 1.7195 471.9908 168.5755 503.4728 193.4814 1.7405 1.6741 4.0205 -8.8111 1.4415 52.4465 1.5536 0.0573
Car -1 -1 -0.2311 428.1805 166.2359 490.4521 189.6502 1.6787 1.6901 4.2371 -11.1116 1.2042 53.3898 -0.4356 0.0564
Car -1 -1 5.0567 302.5183 166.6728 338.2686 187.3208 1.7201 1.6532 3.8264 -24.8190 1.2052 62.0494 4.6775 0.0564
Car -1 -1 0.2739 298.4900 177.9398 378.0989 206.8614 1.5395 1.5296 3.8224 -14.8560 1.8254 39.6506 -0.0827 0.0562
Car -1 -1 4.7429 190.4712 168.6060 216.5364 189.0470 1.5450 1.6556 3.9209 -31.8470 1.2239 56.6585 4.2327 0.0559
Car -1 -1 4.7131 237.6080 169.2322 261.1118 189.6039 1.5752 1.6366 3.9746 -28.9105 1.2952 57.9356 4.2519 0.0548
Car -1 -1 4.5314 469.5297 189.7893 524.9020 231.5920 1.4692 1.5719 3.5471 -4.5477 2.1919 28.8594 4.3758 0.0545
Car -1 -1 0.2649 299.1898 175.7436 384.7231 205.7586 1.5538 1.6236 3.9942 -14.2290 1.7120 38.5226 -0.0870 0.0526
Car -1 -1 3.7536 207.1486 159.5278 283.4392 186.7934 1.7718 1.7872 4.2938 -24.2458 0.9058 48.0858 3.2886 0.0525
Car -1 -1 1.4468 697.9615 177.0149 730.2164 201.4845 1.5408 1.6289 4.1036 6.9369 1.8307 48.2024 1.5884 0.0512
Car -1 -1 4.5100 692.3566 178.4911 734.4971 206.7570 1.4872 1.6090 3.8135 5.8042 1.8204 40.6958 4.6501 0.0505
Car -1 -1 2.1594 298.0238 180.0545 377.2007 212.7823 1.4975 1.6463 4.2157 -13.5576 1.8816 36.2423 1.8035 0.0505
Car -1 -1 1.6826 687.9022 183.7361 721.8467 210.6090 1.4623 1.5995 3.6833 5.6974 2.1383 42.8452 1.8133 0.0504
Car -1 -1 1.1991 662.4926 182.5896 711.6503 209.2784 1.4677 1.6000 3.9578 4.5987 2.0812 43.3459 1.3035 0.0503
Car -1 -1 0.3303 27.4594 148.0833 182.9447 191.8501 1.5014 1.5379 4.3410 -18.0840 0.6517 26.0750 -0.2714 0.0502