Car -1 -1 5.4099 0.0000 201.6590 89.5248 255.6113 1.3411 1.6159 3.7444 -17.9140 2.2880 21.8334 4.7286 0.8336
Car -1 -1 1.8789 382.6252 182.8216 423.6592 205.9251 1.4977 1.5644 4.2076 -14.4563 2.2281 50.7389 1.6024 0.6574
Car -1 -1 4.5073 585.1126 178.6505 616.2871 199.1021 1.4896 1.6450 3.9170 -0.7230 1.9550 55.8302 4.4939 0.6141
Car -1 -1 4.6646 40.7963 192.3831 91.9715 230.8147 1.4956 1.6508 3.7663 -24.1738 2.4171 32.0681 4.0225 0.3106
Car -1 -1 5.0211 346.2740 164.1805 388.8593 192.6034 2.1103 1.8611 4.4123 -18.6453 1.4663 55.7888 4.6997 0.2126
Car -1 -1 2.2158 2.8890 191.5869 110.2982 231.2650 1.4967 1.6683 3.8426 -23.5800 2.3503 30.9552 1.5688 0.1478
Car -1 -1 3.2764 0.0000 192.0856 95.7177 232.1342 1.5090 1.6768 4.0241 -24.3458 2.3713 30.6068 2.6086 0.1323
Car -1 -1 1.4087 588.5898 175.7248 619.0764 197.9464 1.5854 1.6563 4.0223 -0.4686 1.8092 54.1479 1.3997 0.1134
Car -1 -1 2.1256 97.2889 183.1858 195.7607 222.7095 1.5375 1.6205 4.1637 -19.9114 2.0149 31.2497 1.5620 0.1105
Car -1 -1 1.6816 49.0408 186.4943 112.4014 228.3439 1.5500 1.6774 4.1858 -22.1939 2.1672 30.4149 1.0552 0.1063
Car -1 -1 1.5814 85.3853 203.5071 143.4255 250.6756 1.4435 1.6746 3.8770 -18.3762 2.6729 26.8609 0.9857 0.0806
Car -1 -1 1.4566 378.5371 179.5094 400.8824 197.3135 1.5314 1.5111 3.9314 -20.0538 2.1572 65.7396 1.1613 0.0790
Car -1 -1 5.0527 465.0059 172.6567 497.4162 192.0285 1.7218 1.6807 4.0220 -11.7438 1.7043 66.2535 4.8777 0.0785
Car -1 -1 1.9534 325.4433 175.3825 369.1926 198.7671 1.7390 1.7251 4.2873 -20.3979 1.9439 56.2995 1.6070 0.0723
Car -1 -1 1.5734 594.5652 171.9016 618.6990 195.9681 1.6880 1.6928 4.2283 -0.2090 1.6212 52.7239 1.5690 0.0721
Car -1 -1 1.4770 638.9064 178.9178 665.1470 199.8972 1.4809 1.5952 3.9558 3.1487 1.9524 54.0987 1.5344 0.0709
Car -1 -1 2.2754 49.5003 183.3265 168.5170 224.9982 1.5322 1.6506 4.2798 -20.5456 1.9978 29.8588 1.6767 0.0701
Car -1 -1 1.6865 395.1781 186.0028 426.9253 211.1384 1.4353 1.5039 3.5479 -12.3452 2.2898 45.0216 1.4200 0.0696
Car -1 -1 1.8741 370.0321 182.2188 415.0943 208.4759 1.6297 1.6669 4.3651 -14.5310 2.2882 48.5427 1.5843 0.0694
Car -1 -1 1.8771 458.9896 177.6579 489.8350 197.5183 1.6940 1.6004 3.9276 -12.0564 2.1376 64.5793 1.6930 0.0661
Car -1 -1 1.7494 585.5150 173.9128 618.1313 197.0406 1.5728 1.6435 3.9514 -0.5096 1.6512 51.3444 1.7391 0.0653
Car -1 -1 5.3401 43.3121 191.1018 144.6925 229.3419 1.5070 1.6793 3.9525 -22.9553 2.3747 32.3198 4.7262 0.0651
Car -1 -1 0.9054 448.0214 178.7566 493.4494 196.7649 1.5797 1.7505 4.4600 -12.8795 2.1436 66.8100 0.7153 0.0622
Car -1 -1 1.3583 599.9406 173.5075 634.5455 196.9620 1.6153 1.6612 4.1001 0.5095 1.6644 51.9892 1.3676 0.0618
Car -1 -1 0.6598 0.0000 191.6772 120.2483 228.7011 1.5017 1.6538 3.9557 -23.5464 2.3324 30.9890 0.0140 0.0581
Car -1 -1 4.6461 0.0000 185.8753 20.5258 227.0430 1.4876 1.6432 4.0153 -25.2493 2.0537 29.3572 3.9401 0.0570
Car -1 -1 1.5413 385.0468 181.6830 419.2302 212.8881 1.5104 1.6277 3.8930 -11.0236 2.0037 38.2145 1.2619 0.0549
Car -1 -1 5.3306 0.0000 195.9592 135.1186 251.1625 1.5162 1.6968 4.2077 -17.7927 2.3435 23.7138 4.6921 0.0530
Car -1 -1 4.8936 105.7528 189.2128 166.9700 224.0101 1.4086 1.6561 4.0063 -21.8213 2.2153 33.4135 4.3185 0.0529
Car -1 -1 2.0669 9.8596 182.7581 118.2251 225.6694 1.5406 1.6633 4.2083 -21.8519 1.9705 29.1214 1.4274 0.0512
Car -1 -1 2.3908 386.6775 179.1186 468.7979 209.6823 1.4803 1.6335 4.2146 -9.5171 1.8300 38.0660 2.1470 0.0509
Car -1 -1 3.0163 19.8747 178.1289 267.1881 263.8124 1.4855 1.5890 4.0647 -9.3436 1.6064 14.6444 2.4564 0.0500