Car -1 -1 4.5759 575.7909 184.0027 627.8436 225.6159 1.4802 1.5677 3.7122 -0.3695 1.9533 28.6643 4.5624 0.9358
Car -1 -1 4.3386 712.7234 185.9420 926.6234 327.6315 1.4731 1.5452 3.2941 2.5524 1.6777 9.5496 4.5908 0.9254
Car -1 -1 4.8556 214.6693 201.4707 357.8046 307.0594 1.3707 1.6678 3.8750 -5.4316 1.9525 12.5832 4.4551 0.8890
Car -1 -1 1.7680 298.4880 191.7664 399.0935 264.7167 1.4863 1.5694 3.8253 -6.2722 2.0038 17.7414 1.4323 0.8608
Car -1 -1 4.6444 552.5906 182.8483 585.7460 212.8602 1.4867 1.5447 3.4081 -2.2042 2.0478 38.7210 4.5873 0.6888
Car -1 -1 1.6444 406.2828 184.6198 448.4084 220.5803 1.5175 1.6266 3.7746 -8.4655 2.1004 33.7530 1.4000 0.6679
Car -1 -1 4.4599 633.4435 182.4158 742.4404 255.3755 1.4413 1.5875 3.7916 1.6898 1.6900 16.7724 4.5575 0.6625
Car -1 -1 -0.3573 657.0626 176.6195 762.6159 215.5092 1.4633 1.5681 3.8323 3.9449 1.6185 28.5652 -0.2221 0.5540
Car -1 -1 0.1698 275.1378 180.2402 379.7609 216.9235 1.5067 1.6165 4.0069 -12.1516 1.8392 31.2996 -0.1981 0.4351
Car -1 -1 1.7674 407.6354 180.6400 434.3054 198.2639 1.5601 1.6385 4.1799 -17.7059 2.3158 67.8933 1.5129 0.2181
Car -1 -1 1.8782 241.7272 181.9916 324.9864 227.4124 1.3834 1.5508 3.5919 -11.0133 1.7186 24.5993 1.4609 0.1600
Car -1 -1 4.8352 315.2674 180.1892 364.8127 215.9584 1.4559 1.5913 3.9623 -12.0093 1.8062 32.3444 4.4820 0.1384
Car -1 -1 1.7796 422.3737 178.6889 464.2594 207.4710 1.5858 1.6208 3.9179 -9.7405 1.9456 42.5248 1.5554 0.1295
Car -1 -1 4.5934 387.4200 182.5082 421.5148 210.2681 1.5570 1.5617 3.7706 -12.5205 2.1721 43.9291 4.3169 0.1286
Car -1 -1 1.2532 700.5701 167.4707 753.1813 195.1925 1.4090 1.6157 3.9858 6.2365 1.1354 38.7692 1.4111 0.1238
Car -1 -1 1.6610 539.4503 184.2461 567.5215 206.2440 1.4635 1.6478 4.3277 -4.0328 2.3257 52.4312 1.5841 0.1209
Car -1 -1 3.2368 336.9539 184.3422 402.1776 209.3118 1.5038 1.6344 3.7864 -15.1755 2.2522 45.7903 2.9181 0.1089
Car -1 -1 -0.1065 386.5591 184.0275 456.6859 211.1028 1.5195 1.6465 3.9072 -11.2447 2.2104 43.1560 -0.3603 0.0996
Car -1 -1 -0.2215 550.5576 182.7081 630.7911 212.9589 1.5157 1.6602 3.9885 -1.0197 2.0563 38.2912 -0.2485 0.0964
Car -1 -1 1.5193 569.0169 175.4848 591.1548 196.3569 1.6092 1.5742 4.1087 -2.4109 1.8294 58.2805 1.4777 0.0914
Car -1 -1 1.9823 525.3386 185.0277 568.5584 207.7838 1.4703 1.6740 3.7448 -4.3670 2.3626 50.8459 1.8965 0.0825
Car -1 -1 -0.4308 660.2253 175.5639 868.4665 250.4073 1.5054 1.6417 4.1777 3.3579 1.5698 15.8746 -0.2269 0.0794
Car -1 -1 3.0510 383.2498 180.9738 455.6599 209.1417 1.5213 1.6275 3.8696 -10.8641 2.0012 41.2142 2.7944 0.0718
Car -1 -1 2.9454 613.1453 173.4429 677.5035 198.1151 1.6852 1.7135 4.2453 2.4793 1.7274 50.5001 2.9937 0.0657
Car -1 -1 2.0317 368.1374 189.3509 448.4221 229.3646 1.4872 1.6319 4.0974 -8.4811 2.2403 30.7724 1.7645 0.0650
Car -1 -1 4.4308 572.7632 175.3826 628.6850 210.8956 1.4990 1.5922 3.5857 -0.4576 1.6204 32.6812 4.4163 0.0641
Car -1 -1 3.5383 368.6057 189.8981 462.3355 224.1496 1.4616 1.6253 3.7951 -8.8171 2.2641 32.9103 3.2780 0.0634
Car -1 -1 1.9984 397.5340 181.3038 455.2368 210.4147 1.4855 1.6182 3.9250 -10.1088 1.9794 40.1004 1.7526 0.0633
Car -1 -1 1.5318 548.9622 184.6693 575.1001 207.1836 1.4729 1.7044 3.3836 -3.3775 2.3344 50.8362 1.4653 0.0619
Car -1 -1 3.2264 345.6362 183.1939 416.2844 211.0336 1.5652 1.6468 3.8563 -13.4676 2.1946 42.6973 2.9222 0.0597
Car -1 -1 4.9162 556.6320 178.3531 588.5692 199.1928 1.4819 1.6280 4.0239 -2.7521 1.9136 54.5344 4.8656 0.0560
Car -1 -1 4.6905 683.4591 177.0290 724.4908 216.6628 1.4334 1.4995 3.7542 3.6723 1.6093 28.4508 4.8169 0.0538
Car -1 -1 2.9962 416.6190 179.3401 484.8759 207.3170 1.5543 1.5780 3.7031 -9.2757 1.9455 42.1248 2.7804 0.0538
Car -1 -1 5.1150 396.5875 183.2909 447.6758 210.5512 1.5326 1.6276 3.8863 -11.4108 2.2011 44.1732 4.8632 0.0537
Car -1 -1 4.4584 573.5256 178.5151 608.3950 200.3953 1.4980 1.5887 3.9863 -1.3979 1.9278 52.6402 4.4316 0.0537
Car -1 -1 4.9374 310.1586 194.0441 410.1430 261.2607 1.4767 1.6379 3.9470 -6.4897 2.1001 19.1844 4.6148 0.0527
Car -1 -1 4.7682 700.2704 174.3064 744.7547 213.5405 1.4501 1.5448 3.9317 4.5794 1.5125 28.9064 4.9232 0.0524
Car -1 -1 1.2881 396.3388 179.3223 425.8366 196.5607 1.5072 1.6018 3.9209 -18.3841 2.1242 66.7418 1.0200 0.0520
Car -1 -1 -0.1084 556.0005 180.9289 615.8377 203.5234 1.5590 1.6674 4.1282 -1.7160 2.1501 51.7016 -0.1420 0.0516
Car -1 -1 1.3194 439.3340 182.4068 495.6820 217.5334 1.5007 1.6668 4.0324 -6.7878 1.9821 34.1885 1.1244 0.0505