Car -1 -1 2.1656 46.6250 196.0246 173.6105 248.4158 1.5165 1.6248 3.9028 -16.8314 2.3680 24.5643 1.5697 0.9566
Car -1 -1 1.7245 449.9545 183.8228 474.7832 200.0577 1.4001 1.6648 3.9876 -13.6323 2.4494 66.9977 1.5242 0.3182
Car -1 -1 1.6417 121.7768 202.7339 175.5032 242.1142 1.4441 1.7088 3.1736 -19.7328 2.8022 30.9954 1.0784 0.2279
Car -1 -1 1.4363 164.6212 203.2360 221.6971 241.4198 1.4331 1.7723 3.1804 -18.3497 2.8457 31.7470 0.9155 0.1643
Car -1 -1 3.9447 0.0000 202.7464 65.0970 249.5215 1.4635 1.6494 4.0084 -21.3336 2.5373 24.8994 3.2415 0.1611
Car -1 -1 1.9785 131.1045 182.5237 195.7036 213.4618 1.5137 1.5777 3.7025 -23.6954 2.0552 38.4618 1.4292 0.1417
Car -1 -1 1.5519 0.0000 203.4015 60.8195 252.4269 1.4503 1.6970 4.3136 -21.1739 2.6567 26.2918 0.8787 0.1262
Car -1 -1 2.0023 11.9183 190.1777 95.6666 228.2494 1.4452 1.4619 3.6150 -23.8147 2.2372 31.0629 1.3522 0.1206
Car -1 -1 1.5132 129.2349 194.2027 180.2879 234.7583 1.5605 1.7044 4.1671 -20.3788 2.5799 32.2633 0.9533 0.1114
Car -1 -1 1.8507 116.0735 189.2702 178.5114 221.4589 1.4625 1.6943 3.7943 -23.5780 2.3498 36.9412 1.2857 0.1103
Car -1 -1 3.6871 83.1503 186.2236 180.3637 216.3730 1.4911 1.6411 3.9168 -24.6818 2.1999 37.3629 3.1064 0.1061
Car -1 -1 1.8040 441.6709 181.1376 471.6956 200.2993 1.5994 1.6559 4.3385 -13.5807 2.3628 64.3087 1.5963 0.1050
Car -1 -1 4.6569 124.7545 189.8153 171.2793 226.9049 1.5175 1.6157 3.7204 -21.3458 2.3473 33.3178 4.0905 0.0998
Car -1 -1 2.3797 0.0000 203.6283 72.2373 256.2822 1.4381 1.6607 3.8549 -20.3184 2.5500 24.0631 1.6838 0.0995
Car -1 -1 1.4327 449.9267 179.4681 475.5079 198.8572 1.6015 1.6465 4.1395 -12.9202 2.2025 63.3400 1.2320 0.0845
Car -1 -1 2.3234 0.0000 195.5723 83.9971 237.7986 1.4448 1.6850 4.1494 -23.6613 2.4285 29.1127 1.6453 0.0763
Car -1 -1 2.0101 52.9292 206.5227 202.6243 281.0731 1.4324 1.6167 3.5366 -11.4290 2.3315 17.4057 1.4358 0.0741
Car -1 -1 1.7590 452.1102 182.7146 479.3369 200.9598 1.5411 1.6190 4.4503 -13.0330 2.4680 65.5899 1.5633 0.0734
Car -1 -1 1.7335 117.4162 190.0833 171.1359 223.2649 1.4605 1.6719 3.5260 -22.9696 2.3603 35.7326 1.1654 0.0706
Car -1 -1 1.6601 167.7376 195.6342 218.3855 232.5308 1.4510 1.6536 3.8910 -19.0308 2.5626 33.0973 1.1414 0.0702
Car -1 -1 3.1915 583.3443 167.4618 628.1810 187.4429 1.6990 1.7386 3.7896 -0.3035 1.2405 62.3070 3.1863 0.0676
Car -1 -1 1.6081 45.8011 186.4490 86.5013 216.5795 1.5088 1.6450 4.0449 -30.2050 2.3061 40.1861 0.9666 0.0667
Car -1 -1 -0.2503 162.2529 195.4511 357.6805 265.5210 1.4309 1.6385 4.0958 -8.5918 2.0529 17.9218 -0.6920 0.0556
Car -1 -1 1.7878 102.5685 199.6750 177.5448 242.3703 1.4518 1.7048 4.1095 -19.1130 2.6329 29.5505 1.2176 0.0541
Car -1 -1 2.0561 74.5550 196.7650 172.2475 236.1878 1.4463 1.7827 4.0790 -20.8512 2.5491 31.1595 1.4701 0.0541
Car -1 -1 0.7918 431.0964 182.6911 474.9525 200.1005 1.5047 1.5243 4.0431 -14.3489 2.4293 66.0748 0.5784 0.0513
Car -1 -1 1.7618 478.4940 181.5722 504.6426 199.1690 1.4865 1.5739 4.1063 -10.6066 2.2980 65.0861 1.6005 0.0506