Car -1 -1 5.0233 271.0185 193.1902 423.2830 281.5627 1.3846 1.5806 3.6443 -4.6638 1.5540 13.4301 4.6949 0.9764
Car -1 -1 5.0888 188.8439 186.0756 323.2771 252.7829 1.4552 1.6736 3.7248 -8.4393 1.4786 17.6433 4.6482 0.9604
Car -1 -1 4.7217 569.3083 176.8453 653.2964 255.7219 1.5932 1.6980 3.6389 0.1104 1.4241 16.3522 4.7278 0.9504
Car -1 -1 4.8709 413.2821 180.7867 491.9119 234.5088 1.4565 1.6311 4.2932 -4.5414 1.3365 21.6718 4.6664 0.9387
Car -1 -1 5.3069 0.0000 189.4487 172.5349 251.9694 1.3816 1.6210 3.9572 -12.9524 1.5002 18.1486 4.6938 0.8196
Car -1 -1 5.0631 379.1892 179.2728 450.3240 215.2012 1.4410 1.6148 4.1577 -8.1937 1.2026 30.9764 4.8064 0.6622
Car -1 -1 4.7485 643.2075 182.9772 664.9490 201.6904 1.4478 1.6035 3.7822 3.7827 1.2746 57.5800 4.8133 0.5891
Car -1 -1 5.0131 339.5892 168.4209 399.9866 201.4417 1.6146 1.7478 4.3724 -12.2423 0.7934 37.3489 4.6983 0.4090
Car -1 -1 5.0505 267.6068 179.2737 342.9360 216.0115 1.4372 1.6484 4.0462 -12.5702 1.2047 30.1864 4.6588 0.2871
Car -1 -1 4.8744 423.7833 173.6548 466.0353 202.6349 1.4540 1.5893 3.7145 -8.5150 0.8739 37.9654 4.6550 0.2767
Car -1 -1 1.3240 524.9617 176.6269 557.0869 196.6642 1.5076 1.5822 3.9514 -5.2100 0.8614 56.2128 1.2317 0.2405
Car -1 -1 1.7998 553.2519 183.6151 588.4404 205.9725 1.4843 1.5806 3.9332 -2.4741 1.3780 49.8002 1.7500 0.2023
Car -1 -1 1.7428 178.5311 183.1786 209.5594 202.7898 1.4999 1.5105 3.7196 -32.7085 1.3441 56.9865 1.2235 0.1944
Car -1 -1 1.6634 110.8474 182.4378 177.2303 225.1202 1.4305 1.6381 4.1379 -16.8473 1.3374 26.3072 1.0982 0.1910
Car -1 -1 4.7961 590.0790 185.5209 630.7464 218.4812 1.5012 1.6565 3.6908 0.2053 1.5167 34.6871 4.8014 0.1794
Car -1 -1 1.7892 407.5038 175.5665 460.0994 208.6618 1.5775 1.6781 4.3438 -8.7115 1.1175 36.4479 1.5559 0.1723
Car -1 -1 1.8432 86.3993 193.7835 182.5680 240.9577 1.4205 1.6660 4.1837 -16.0967 1.7418 24.7068 1.2703 0.1589
Car -1 -1 1.5494 650.9269 191.7320 690.9620 227.8110 1.4132 1.6043 3.7881 2.6840 1.7100 30.8004 1.6350 0.1504
Car -1 -1 3.8438 0.0000 188.7666 114.9157 252.6522 1.4220 1.5358 4.0558 -14.1083 1.5094 16.8856 3.1554 0.1483
Car -1 -1 0.4215 217.5952 180.7615 334.5482 216.9034 1.4350 1.6458 4.0202 -13.4634 1.2582 29.3758 -0.0051 0.1414
Car -1 -1 5.0617 67.1260 183.0255 193.7793 242.7575 1.4812 1.6508 3.8983 -13.0206 1.4269 19.9100 4.4885 0.1347
Car -1 -1 4.5273 540.4908 165.6884 565.4984 184.9742 1.7018 1.6703 3.3878 -4.9503 -0.0226 65.3298 4.4517 0.1318
Car -1 -1 3.1995 389.6534 173.7291 477.3094 204.4799 1.5326 1.6894 4.2944 -8.8757 0.9601 37.0344 2.9656 0.1311
Car -1 -1 1.9209 249.2318 181.9219 331.2165 221.3402 1.4354 1.6192 4.1032 -12.3471 1.3155 28.2732 1.5123 0.1296
Car -1 -1 1.4870 318.2603 176.6377 346.9368 199.3750 1.5234 1.5605 3.8291 -19.2132 0.9486 50.2255 1.1232 0.1294
Car -1 -1 1.7007 639.3787 178.1819 667.8768 200.0519 1.6161 1.6452 4.3284 3.6178 1.0964 55.4038 1.7652 0.1215
Car -1 -1 1.4582 562.6635 182.4829 586.6590 201.5214 1.5010 1.5479 3.6825 -2.6809 1.2855 58.6139 1.4122 0.1161
Car -1 -1 1.5273 516.4562 184.5726 549.5663 213.4360 1.4569 1.5818 4.0409 -4.0059 1.4244 38.3990 1.4236 0.1081
Car -1 -1 3.5064 299.3561 171.9660 389.0130 202.6818 1.5037 1.5878 3.9095 -13.1313 0.8551 36.0201 3.1590 0.0993
Car -1 -1 0.8244 523.6212 183.3844 579.5013 205.8800 1.4748 1.6331 3.8289 -3.8214 1.3547 49.0267 0.7466 0.0940
Car -1 -1 4.6901 647.5016 202.7131 714.4073 263.1834 1.4481 1.7158 4.1861 2.0547 2.0022 20.6117 4.7874 0.0933
Car -1 -1 3.3635 566.5620 187.2342 657.2132 221.0491 1.5113 1.6446 3.9629 0.2412 1.6089 33.5264 3.3701 0.0865
Car -1 -1 1.6688 524.5384 176.8349 568.4105 210.9950 1.5037 1.6438 4.1611 -2.7864 1.1348 33.7360 1.5867 0.0857
Car -1 -1 1.7897 439.1110 180.7130 517.3333 231.0835 1.5911 1.7298 4.4256 -4.3597 1.4488 24.9580 1.6182 0.0847
Car -1 -1 1.5852 617.9489 190.9663 658.4144 226.5814 1.4029 1.6326 4.0204 1.3653 1.6676 31.0336 1.6282 0.0807
Car -1 -1 0.5146 468.3615 183.1436 549.5128 212.6465 1.4866 1.6539 3.9111 -5.1524 1.3822 37.7142 0.3794 0.0799
Car -1 -1 1.5644 569.2113 177.9904 591.6768 199.6103 1.5990 1.6616 3.9301 -2.0656 1.0646 55.1665 1.5268 0.0756
Car -1 -1 2.0419 37.8882 182.6919 107.3815 209.9558 1.5327 1.6080 4.0906 -31.5461 1.3908 42.5618 1.4067 0.0691
Car -1 -1 1.7051 499.7797 177.9302 546.5950 212.0361 1.5144 1.6414 4.2262 -3.9106 1.1909 34.0477 1.5912 0.0680
Car -1 -1 1.2512 538.3407 181.2064 572.7221 200.2365 1.4718 1.6494 3.7629 -4.1771 1.1617 57.6495 1.1788 0.0677
Car -1 -1 1.6847 601.4031 180.1106 631.6464 203.7781 1.5389 1.6203 3.8809 0.6714 1.2070 48.7696 1.6979 0.0670
Car -1 -1 1.5858 511.9785 176.4927 544.4466 207.1017 1.4862 1.5706 3.7205 -4.0144 1.0627 36.8295 1.4776 0.0669
Car -1 -1 2.1655 0.0000 187.3868 51.2787 214.3982 1.5149 1.6026 3.8909 -35.1578 1.6498 42.6513 1.4788 0.0668
Car -1 -1 2.0223 112.0786 185.3834 163.4983 205.3576 1.4556 1.6450 4.0759 -35.5414 1.4688 54.5452 1.4466 0.0665
Car -1 -1 1.8653 216.2416 181.5758 255.2164 201.9498 1.5286 1.6019 3.9909 -28.9009 1.2555 56.0395 1.3907 0.0663
Car -1 -1 1.7677 181.7731 182.1656 207.2750 198.6187 1.5101 1.4317 3.4657 -38.9171 1.2302 67.8502 1.2483 0.0637
Car -1 -1 1.3571 681.1959 179.3591 712.5709 199.7267 1.5298 1.6193 3.9528 6.9501 1.0899 56.0352 1.4795 0.0636
Car -1 -1 4.9149 440.3291 174.4207 486.0544 204.0359 1.4904 1.6157 3.9121 -7.5779 0.9471 38.1384 4.7198 0.0636
Car -1 -1 0.2315 333.5557 170.6861 416.6224 203.2499 1.5903 1.6435 3.6849 -11.5899 0.8807 36.0675 -0.0775 0.0633
Car -1 -1 1.5692 645.0416 177.1691 667.8747 199.1326 1.5754 1.6356 4.0665 3.6705 0.9982 53.6439 1.6368 0.0613
Car -1 -1 3.6621 380.3519 171.6183 466.5330 202.2825 1.5600 1.6833 4.1152 -9.6815 0.8683 37.9356 3.4137 0.0604
Car -1 -1 1.7016 144.1331 198.0777 213.6173 244.5937 1.4317 1.6109 3.6150 -14.9183 1.9180 25.1982 1.1713 0.0601
Car -1 -1 1.7173 556.5086 177.9859 585.1484 198.8372 1.5589 1.6428 4.0777 -2.7865 1.0184 55.8517 1.6673 0.0599
Car -1 -1 1.8208 159.9202 180.1564 200.7847 201.6409 1.5424 1.6726 4.0368 -31.8705 1.1792 53.7780 1.2876 0.0597
Car -1 -1 1.6423 181.7607 180.3647 210.1863 204.1316 1.7708 1.6040 4.3005 -31.9016 1.4094 55.8464 1.1250 0.0594
Car -1 -1 4.7456 530.9567 178.3905 564.2347 208.5573 1.4750 1.5823 3.6360 -3.0247 1.1412 37.0012 4.6643 0.0592
Car -1 -1 0.3076 510.6560 176.8322 565.5435 197.2439 1.5320 1.5660 3.8988 -5.2853 0.9028 55.1297 0.2121 0.0591
Car -1 -1 1.7554 0.0000 183.6604 30.2673 207.2881 1.4756 1.6529 4.0388 -39.2468 1.3784 47.0598 1.0628 0.0589
Car -1 -1 1.6600 531.6210 186.1233 568.0424 214.5900 1.4512 1.6018 4.0280 -3.0452 1.5028 38.7989 1.5817 0.0583
Car -1 -1 3.5583 320.4700 169.6818 414.5110 201.2244 1.5777 1.7151 4.2652 -12.3011 0.8007 37.0169 3.2394 0.0582
Car -1 -1 5.0724 366.0855 176.6324 438.5912 216.0965 1.4982 1.5882 3.7922 -8.2433 1.1723 29.2485 4.7997 0.0575
Car -1 -1 1.5575 163.7166 181.2476 188.6329 201.1821 1.5010 1.6218 3.9249 -33.7301 1.2022 56.2226 1.0189 0.0574
Car -1 -1 1.6304 526.1218 176.8192 550.6766 197.3410 1.5130 1.6263 4.1526 -5.2372 0.8939 55.1015 1.5357 0.0566
Car -1 -1 1.9834 189.6519 181.8270 233.6548 203.3436 1.6400 1.5612 4.0195 -31.2247 1.3817 56.8631 1.4829 0.0564
Car -1 -1 1.8283 424.7620 174.5277 477.2699 204.8100 1.4668 1.6219 4.1473 -7.9489 0.9491 36.9293 1.6175 0.0559
Car -1 -1 3.4634 283.1616 177.6048 347.8002 200.3152 1.5188 1.5977 3.7690 -19.8377 1.0098 48.9865 3.0803 0.0533
Car -1 -1 0.2035 356.3261 179.5747 465.7929 214.5544 1.4449 1.6112 4.2582 -8.2846 1.2119 30.6234 -0.0588 0.0532
Car -1 -1 1.6717 575.9417 181.2132 604.9856 203.5123 1.4958 1.6354 3.9885 -1.1310 1.2273 50.2707 1.6489 0.0526
Car -1 -1 2.5229 543.0710 176.6774 596.3219 197.7836 1.5521 1.5925 3.8310 -2.8310 0.9242 54.6758 2.4711 0.0516
Car -1 -1 0.3080 0.0000 190.8837 169.4756 252.1743 1.4789 1.6475 3.9954 -14.0774 1.6400 19.0218 -0.3226 0.0513
Car -1 -1 1.7371 414.3095 174.6484 462.8900 207.4873 1.5148 1.6455 4.1427 -8.2020 1.0274 35.2773 1.5100 0.0505
Car -1 -1 -0.8408 549.9430 182.1337 623.7343 211.5142 1.4730 1.6303 4.0387 -1.0270 1.3185 38.1082 -0.8680 0.0502
Car -1 -1 0.2189 416.9942 173.9624 501.5861 203.6594 1.4947 1.6466 4.0059 -7.5750 0.9283 37.0421 0.0183 0.0501