Car -1 -1 4.7850 498.8772 178.2314 538.8304 211.8147 1.4949 1.6343 3.6115 -4.2928 1.7662 34.5541 4.6618 0.9028
Car -1 -1 4.7349 552.0547 180.6360 604.5249 225.8959 1.3666 1.6308 3.6777 -1.0072 1.6485 24.2789 4.6932 0.8975
Car -1 -1 1.7996 225.1739 183.6679 286.5475 220.0403 1.4553 1.6302 3.7177 -15.6244 1.9654 32.0464 1.3489 0.7940
Car -1 -1 5.2545 0.0000 183.2785 111.8586 262.2177 1.5320 1.7397 4.4900 -13.8749 1.8110 16.9641 4.5766 0.5732
Car -1 -1 2.1885 0.0000 184.2738 71.1956 267.8193 1.4813 1.5987 3.9972 -13.6516 1.7582 15.4257 1.4725 0.5082
Car -1 -1 1.3732 718.0535 179.3594 747.2557 199.3561 1.4665 1.5283 3.7167 9.5198 1.9885 56.0192 1.5402 0.2495
Car -1 -1 1.6082 274.9589 175.1394 297.7851 194.9012 1.5125 1.5186 3.7984 -25.8311 1.7019 57.7420 1.1891 0.2259
Car -1 -1 2.2523 832.0687 180.4314 882.5651 200.7665 1.5679 1.5879 4.2233 20.1948 2.2040 58.7668 2.5813 0.2191
Car -1 -1 1.5835 281.6569 188.4010 309.7584 214.0915 1.4458 1.5555 4.0813 -19.7222 2.4718 45.4319 1.1757 0.1662
Car -1 -1 4.7148 235.3472 172.0482 263.9982 197.4235 1.6342 1.6643 4.1202 -24.2643 1.5823 48.6837 4.2544 0.1574
Car -1 -1 4.6105 752.1569 166.7168 791.1619 196.6559 1.4913 1.5998 3.9245 8.4779 1.1856 37.9823 4.8281 0.1452
Car -1 -1 2.3440 723.6469 178.7273 774.0122 199.0656 1.4750 1.5907 3.7757 10.6424 1.9373 55.0596 2.5335 0.1103
Car -1 -1 4.0944 800.5984 176.8431 865.4056 204.2920 1.4675 1.5826 3.8695 12.7085 1.7072 41.2681 4.3907 0.0951
Car -1 -1 3.9431 0.0000 184.1891 103.6234 257.6008 1.5442 1.7097 4.1963 -14.2373 1.8211 16.5635 3.2410 0.0834
Car -1 -1 4.4042 729.9604 167.5991 783.7619 196.8179 1.4395 1.6062 3.9726 7.6079 1.1806 37.6105 4.6019 0.0807
Car -1 -1 -0.3889 743.3746 164.0235 860.0736 204.5656 1.4819 1.6443 3.9627 7.2664 1.1591 27.4512 -0.1332 0.0791
Car -1 -1 1.5533 197.2545 188.1437 238.2206 223.5450 1.4918 1.6315 4.1051 -18.7504 2.2689 34.4850 1.0583 0.0777
Car -1 -1 1.6502 714.7800 179.2849 741.3904 200.7380 1.4827 1.6226 4.1426 8.8048 1.9783 53.3958 1.8123 0.0763
Car -1 -1 4.5514 553.1112 161.3417 585.6871 186.3611 1.6352 1.6474 3.6541 -2.7703 0.8828 49.1206 4.4951 0.0747
Car -1 -1 4.7846 518.2981 186.6595 553.1741 216.7989 1.5020 1.6327 3.7621 -4.0062 2.2962 39.6057 4.6839 0.0742
Car -1 -1 1.5880 274.0971 172.6983 299.0486 193.3006 1.5422 1.6939 4.4282 -25.1966 1.5305 56.3797 1.1693 0.0713
Car -1 -1 1.4523 244.1805 188.3843 281.6030 215.0874 1.4742 1.6364 3.7981 -21.2907 2.4706 44.2505 1.0059 0.0708
Car -1 -1 3.5901 483.5010 188.0286 557.0879 218.0349 1.4808 1.6554 3.5069 -4.7286 2.3148 38.3134 3.4676 0.0704
Car -1 -1 1.6629 257.2183 185.4044 294.6509 214.0508 1.5330 1.6274 4.1499 -19.7281 2.3160 42.7913 1.2330 0.0702
Car -1 -1 0.8098 0.0000 184.5534 65.2501 261.1879 1.4885 1.6273 4.0253 -14.0840 1.7515 15.2659 0.0733 0.0698
Car -1 -1 4.7281 744.2011 162.0776 789.2689 202.7713 1.5018 1.6366 3.8382 6.2696 1.1041 28.6825 4.9408 0.0635
Car -1 -1 2.4717 816.9816 180.6101 871.8284 200.5526 1.5349 1.6768 4.0400 18.9351 2.1764 58.1853 2.7844 0.0632
Car -1 -1 3.8322 0.0000 188.2314 50.1684 265.4440 1.5475 1.7018 4.1552 -15.0482 1.9056 15.8260 3.0804 0.0632
Car -1 -1 4.6291 711.0746 162.1446 760.3926 200.5928 1.4409 1.6165 3.9783 5.0172 1.0396 29.0922 4.7978 0.0623
Car -1 -1 1.6743 716.3076 181.2540 743.0469 202.8328 1.5248 1.5923 4.1220 9.1715 2.1894 54.8944 1.8385 0.0619
Car -1 -1 2.8133 289.6754 186.5456 389.3578 220.3920 1.4273 1.6449 4.0755 -12.6460 2.1073 33.9091 2.4585 0.0608
Car -1 -1 2.8808 862.4933 169.2382 941.1312 195.7233 1.5444 1.6767 4.0615 17.4185 1.3335 43.1491 3.2618 0.0600
Car -1 -1 2.1039 301.7022 182.7752 361.2961 208.9630 1.4605 1.6473 3.8365 -16.8100 2.0908 43.8080 1.7392 0.0581
Car -1 -1 -0.6707 760.0046 167.0374 844.2404 197.4982 1.4863 1.6281 4.0036 9.8119 1.2024 36.7531 -0.4121 0.0581
Car -1 -1 4.8047 208.2319 187.9993 250.2245 219.4485 1.4346 1.5416 3.8437 -19.4317 2.2542 36.9787 4.3235 0.0576
Car -1 -1 -0.8617 610.5891 177.8793 684.6667 207.7107 1.4742 1.6197 4.1596 2.0753 1.7561 38.4150 -0.8087 0.0570
Car -1 -1 5.0915 60.5027 184.9124 201.4049 252.7046 1.4654 1.6373 3.8591 -11.9893 1.8068 18.3768 4.5198 0.0567
Car -1 -1 4.8282 0.0000 190.5178 63.0677 300.6729 1.4917 1.6003 3.9301 -10.6561 1.8493 12.5217 4.1335 0.0562
Car -1 -1 0.2643 526.4398 180.8225 608.5522 210.6340 1.4925 1.6384 4.0272 -2.1923 1.9254 37.9863 0.2065 0.0556
Car -1 -1 1.9388 251.3364 173.4845 295.9050 197.2396 1.7331 1.6893 4.1355 -25.4817 1.7829 54.8707 1.5057 0.0545
Car -1 -1 1.1935 701.5917 179.5289 738.9594 199.2546 1.4451 1.5481 3.9056 8.6008 1.9856 56.3431 1.3438 0.0539
Car -1 -1 4.5581 860.2381 170.3346 898.3908 197.8037 1.6125 1.6098 3.8808 16.5514 1.4646 44.4173 4.9123 0.0533
Car -1 -1 0.9984 737.7490 166.2451 829.6891 209.4736 1.4711 1.5634 3.6131 6.3091 1.2462 26.5184 1.2291 0.0530
Car -1 -1 1.7014 735.9531 165.2052 779.7240 196.8159 1.4876 1.6150 4.2528 7.4984 1.1277 36.2300 1.9035 0.0522
Car -1 -1 1.3742 725.5286 180.2856 757.6282 201.0936 1.4526 1.6045 3.9523 9.7966 2.0270 53.7811 1.5529 0.0521
Car -1 -1 1.7097 280.4100 187.2796 318.5626 213.7410 1.4746 1.6524 3.6801 -19.0160 2.4016 44.3726 1.3067 0.0517
Car -1 -1 -0.2605 728.9052 166.1579 812.5974 195.8143 1.4759 1.5970 3.8828 8.1778 1.1426 36.7910 -0.0438 0.0513
Car -1 -1 1.0803 721.2890 177.1195 767.7564 198.5187 1.4752 1.6125 4.0600 9.8196 1.8002 52.7884 1.2628 0.0503