Car -1 -1 1.9058 314.7811 186.9335 362.6899 213.7100 1.5209 1.6535 3.6984 -16.7576 2.4317 44.8112 1.5495 0.7931
Car -1 -1 1.8234 322.9574 189.1638 381.1069 224.9614 1.4960 1.6091 4.0843 -12.1124 2.3160 34.1739 1.4848 0.1382
Car -1 -1 1.9588 300.5509 196.1421 368.9282 232.3853 1.4104 1.6397 3.4709 -12.1440 2.5031 32.0969 1.5993 0.1368
Car -1 -1 1.1026 279.4450 184.4926 324.5949 204.7219 1.4885 1.6824 3.9802 -24.4152 2.4428 57.2350 0.7007 0.1180
Car -1 -1 0.2631 258.1244 192.3816 363.1236 227.5192 1.4757 1.6468 4.0884 -13.4148 2.3862 32.5676 -0.1251 0.1115
Car -1 -1 1.3792 299.7279 188.2590 337.2249 213.4772 1.5371 1.6163 4.0098 -19.6763 2.6220 48.6935 0.9967 0.1113
Car -1 -1 -0.0146 592.3568 165.5933 636.0161 185.1354 1.6938 1.7053 3.7855 0.3942 1.0645 63.4083 -0.0087 0.1056
Car -1 -1 1.7088 307.7024 188.9196 362.4960 228.4427 1.4817 1.6375 4.0531 -11.6947 2.2191 30.9599 1.3501 0.0937
Car -1 -1 1.8073 301.9530 185.2523 334.2679 205.1299 1.4754 1.5622 3.7719 -23.3853 2.5061 58.0046 1.4253 0.0818
Car -1 -1 4.9671 277.4868 189.7462 322.4597 215.8735 1.4389 1.6064 3.8872 -18.9934 2.5265 44.4153 4.5648 0.0775
Car -1 -1 1.8616 284.1817 193.4025 330.2317 219.1678 1.4669 1.6727 3.8888 -19.3468 2.8437 46.3232 1.4677 0.0695
Car -1 -1 1.3847 308.8023 187.4377 351.4922 214.9136 1.5517 1.7249 4.4476 -17.6940 2.5204 45.5822 1.0160 0.0604
Car -1 -1 1.6947 321.8308 190.7579 366.6706 223.5951 1.4498 1.6243 3.9760 -13.2763 2.4027 36.2856 1.3459 0.0593
Car -1 -1 2.6021 358.6504 188.4586 455.5533 224.5014 1.4586 1.6820 3.9577 -9.1899 2.2149 32.9562 2.3317 0.0565
Car -1 -1 -0.6083 369.7896 188.3182 455.0510 219.3808 1.4721 1.6832 4.1665 -10.4453 2.3421 38.4580 -0.8722 0.0565
Car -1 -1 1.9075 352.2487 189.0090 416.0304 223.7740 1.4624 1.6350 4.0538 -10.6336 2.2768 34.3187 1.6087 0.0563
Car -1 -1 1.5103 356.0373 192.7875 399.3879 228.1447 1.4163 1.6830 3.4734 -10.6413 2.3809 32.9942 1.2002 0.0558
Car -1 -1 3.3366 302.1933 187.8097 375.2634 213.6860 1.5275 1.6579 4.0244 -16.8535 2.4850 45.0543 2.9802 0.0554
Car -1 -1 1.6789 348.9470 183.0476 374.6282 203.3056 1.5123 1.5459 3.7626 -19.8422 2.3584 57.8864 1.3498 0.0527