Car -1 -1 1.8292 348.0294 178.3258 476.6425 272.8748 1.7188 1.6176 4.0279 -4.0219 1.8507 15.3693 1.5767 0.9735
Car -1 -1 2.0516 0.0000 202.3225 398.9591 375.0000 1.4559 1.7588 4.4745 -3.6913 1.8438 7.2410 1.5939 0.9727
Car -1 -1 1.6624 506.7172 178.5603 549.6234 213.6519 1.4537 1.5633 3.8748 -3.6054 1.7260 32.4773 1.5522 0.8222
Car -1 -1 4.4106 547.5292 172.5116 580.7856 191.6119 1.5063 1.5935 4.0142 -3.7529 1.4793 59.0599 4.3471 0.2083
Car -1 -1 1.6199 523.0817 177.2270 557.0914 207.2667 1.5014 1.6200 3.7885 -3.6667 1.7468 38.5544 1.5252 0.2004
Car -1 -1 1.5442 459.1309 170.1810 487.2950 197.0579 1.4643 1.4881 3.4052 -7.8019 1.3187 41.1315 1.3576 0.1132
Car -1 -1 5.3433 0.0000 217.0900 233.3557 367.3943 1.4847 1.6145 3.8380 -7.1772 2.2299 10.2131 4.7426 0.0946
Car -1 -1 1.7558 537.0878 175.2531 579.3802 205.5910 1.5302 1.5832 3.8138 -2.6995 1.6655 38.6931 1.6861 0.0888
Car -1 -1 3.5992 404.1046 173.4619 481.9337 202.5869 1.4973 1.5841 3.7125 -8.8316 1.5307 38.3433 3.3740 0.0853
Car -1 -1 1.6676 497.0619 176.1387 545.4312 216.5140 1.5976 1.6629 4.0650 -3.7175 1.7477 30.9343 1.5485 0.0677
Car -1 -1 4.5906 504.1493 168.6952 527.7115 186.2869 1.5274 1.6271 3.9681 -8.4329 1.1663 64.7707 4.4614 0.0640
Car -1 -1 5.0351 405.0945 157.3108 469.9147 201.4514 1.7361 1.5183 3.7764 -7.1510 1.1248 30.3297 4.8052 0.0632
Car -1 -1 4.2332 500.1348 166.3883 537.7806 186.0427 1.7683 1.7131 4.2407 -8.4643 1.1866 67.1470 4.1081 0.0619
Car -1 -1 5.1228 435.9903 172.1334 491.0987 200.8100 1.4827 1.5907 3.6971 -7.8867 1.4454 39.2814 4.9256 0.0619
Car -1 -1 5.2235 0.0000 224.6744 242.6324 355.8913 1.4910 1.6116 3.5861 -7.4774 2.4476 11.4836 4.6564 0.0593
Car -1 -1 2.0339 417.5743 170.0268 480.2556 202.6714 1.5845 1.5699 3.8782 -8.1852 1.4472 37.0932 1.8178 0.0535
Car -1 -1 -0.3197 544.9283 179.4067 624.6312 209.3447 1.4659 1.6327 3.8062 -1.2895 1.8183 37.3799 -0.3545 0.0524
Car -1 -1 3.4790 300.4696 167.7605 394.8402 199.2051 1.5051 1.6346 4.0338 -12.7835 1.2613 35.3680 3.1343 0.0519
Car -1 -1 4.9859 363.3813 169.0671 412.4995 200.3015 1.4967 1.4866 3.4105 -11.0893 1.3152 36.2947 4.6911 0.0511
Car -1 -1 1.7692 550.6841 169.1077 582.0809 190.1963 1.5807 1.6411 4.2269 -3.3252 1.2999 56.2883 1.7102 0.0508