Car -1 -1 4.9660 335.5690 190.1633 453.8423 263.5560 1.3915 1.5741 3.6492 -4.4947 1.5124 15.7180 4.6916 0.9815
Car -1 -1 5.2581 0.0000 193.1392 288.3860 376.0000 1.4882 1.6534 4.2832 -4.6649 1.5860 6.6944 4.6680 0.9258
Car -1 -1 4.9451 406.0710 182.4175 480.6630 232.3846 1.5201 1.5906 3.5986 -5.3038 1.4350 23.6796 4.7268 0.9161
Car -1 -1 4.7209 573.7241 177.6655 610.1481 211.6228 1.5314 1.6429 3.6659 -0.7109 1.1909 34.2624 4.6999 0.9091
Car -1 -1 5.0462 283.2456 179.7516 378.5835 228.0590 1.4606 1.6072 4.3051 -9.0441 1.2954 23.9069 4.6879 0.8943
Car -1 -1 5.2694 46.9482 186.9072 266.5706 270.6858 1.3826 1.5937 4.2056 -8.4970 1.4207 14.0687 4.7343 0.8227
Car -1 -1 5.3922 0.0000 176.7824 110.6132 256.5355 1.3986 1.5683 3.7067 -12.0489 1.2507 14.4643 4.7068 0.7585
Car -1 -1 1.6082 520.7560 175.9259 545.8920 199.3288 1.6021 1.6297 4.0800 -5.2349 0.9661 51.2985 1.5066 0.4355
Car -1 -1 4.8322 493.5848 158.9486 537.2558 197.1424 1.7898 1.6780 3.9771 -4.4945 0.5589 35.6794 4.7076 0.3448
Car -1 -1 3.4188 429.6847 167.1880 497.4695 191.8677 1.5902 1.6886 4.0684 -9.4228 0.4286 47.3243 3.2231 0.3270
Car -1 -1 2.9731 387.2206 173.9323 483.0651 208.4256 1.5137 1.6318 4.0768 -7.9175 1.0185 33.0938 2.7398 0.2476
Car -1 -1 4.8068 476.2544 160.5890 523.6837 203.3509 1.7616 1.6858 3.9760 -4.6527 0.7471 31.6415 4.6618 0.1705
Car -1 -1 4.8970 452.9314 166.5160 489.5117 191.0511 1.5866 1.6863 4.1624 -9.1336 0.3774 48.5679 4.7118 0.1618
Car -1 -1 -0.1152 274.8304 173.9967 355.1755 202.0705 1.6025 1.6787 4.2687 -17.3775 0.9621 42.7918 -0.4990 0.1355
Car -1 -1 2.0836 3.9246 175.2189 126.2180 224.3159 1.4366 1.5085 3.6183 -17.1260 1.1441 22.9222 1.4474 0.1255
Car -1 -1 5.0647 388.8238 173.7322 450.1430 206.2592 1.4467 1.5699 3.8166 -8.7873 0.9359 33.9493 4.8131 0.1170
Car -1 -1 4.7811 429.2081 182.3553 484.9041 229.1464 1.5608 1.6818 4.1872 -5.3800 1.4654 26.1649 4.5799 0.1111
Car -1 -1 3.5227 417.0084 176.3005 484.8597 201.0704 1.5215 1.6032 3.8555 -9.8179 0.9739 45.2679 3.3100 0.1035
Car -1 -1 4.7277 537.3312 176.9505 560.5580 199.4597 1.5460 1.5919 3.9052 -4.1306 0.9783 51.3723 4.6475 0.1030
Car -1 -1 5.1222 336.1106 173.2743 382.5504 199.2808 1.7385 1.6502 3.8544 -17.1943 0.9402 50.0409 4.7926 0.1011
Car -1 -1 4.9448 289.4998 174.0236 334.6142 201.8115 1.5965 1.6511 3.9057 -17.7361 0.9535 43.3567 4.5584 0.0985
Car -1 -1 1.7708 451.1440 171.4674 488.6375 195.9970 1.5163 1.5956 4.0819 -8.8263 0.6665 46.4881 1.5839 0.0948
Car -1 -1 1.8370 381.2422 175.9993 440.9392 211.0282 1.4840 1.5772 4.0526 -8.7775 1.0935 32.4838 1.5749 0.0763
Car -1 -1 4.0558 0.0000 176.3368 111.9715 225.2954 1.4659 1.5380 3.6259 -17.8010 1.2000 22.7253 3.3969 0.0704
Car -1 -1 2.3797 124.3683 182.4456 240.5729 221.4295 1.4395 1.5795 3.9940 -16.8094 1.3372 28.6827 1.8534 0.0701
Car -1 -1 2.3185 0.0000 177.4131 135.2441 229.4965 1.4455 1.4930 3.9070 -16.5985 1.2289 21.9725 1.6772 0.0615
Car -1 -1 4.7350 296.3825 175.9389 325.5558 201.8512 1.5448 1.5892 3.9026 -18.4854 0.9918 44.9628 4.3467 0.0611
Car -1 -1 2.1759 456.4629 173.9525 512.7421 198.5096 1.4999 1.5698 3.9682 -7.7933 0.8119 46.0348 2.0088 0.0606
Car -1 -1 3.9932 315.3837 175.2388 374.1227 197.7621 1.5003 1.6700 3.8691 -18.0966 0.8357 49.5465 3.6444 0.0605
Car -1 -1 1.7390 255.2911 175.4268 302.0324 206.4565 1.5304 1.5764 3.8932 -17.0872 1.0476 37.5366 1.3142 0.0583
Car -1 -1 1.8254 346.2883 174.6027 383.9264 196.5495 1.5327 1.6391 3.9627 -17.5374 0.7915 52.2342 1.5028 0.0559
Car -1 -1 1.4790 447.3263 203.1666 525.4641 269.2612 1.4559 1.6836 3.9059 -3.2971 1.9849 19.0811 1.3096 0.0553
Car -1 -1 3.8197 164.7502 173.5428 264.2855 206.3477 1.4788 1.5952 3.9559 -18.2960 0.9526 33.5478 3.3236 0.0545
Car -1 -1 3.4680 358.9394 174.6317 452.5494 208.3875 1.5017 1.6020 3.8102 -9.1707 1.0308 32.8860 3.1978 0.0540
Car -1 -1 1.6151 521.6460 175.6479 547.7016 198.6796 1.5256 1.6043 4.2682 -4.9836 0.8918 49.7913 1.5155 0.0538
Car -1 -1 1.6704 569.0886 179.2258 597.3062 201.3282 1.4554 1.5511 3.9287 -1.6098 1.0610 49.3484 1.6376 0.0535
Car -1 -1 0.2326 439.7643 171.2556 512.5920 194.1325 1.4556 1.6348 4.3926 -8.4713 0.5674 46.6745 0.0538 0.0533
Car -1 -1 4.9093 480.6308 159.0754 532.8516 195.5665 1.6024 1.6650 3.9543 -4.6241 0.4545 33.5908 4.7734 0.0526
Car -1 -1 3.8427 116.8933 183.9307 234.0111 221.1836 1.4439 1.5894 3.9621 -17.3632 1.3941 28.9722 3.3066 0.0512
Car -1 -1 2.4265 0.0000 170.0584 224.8666 376.0000 1.5528 1.6392 4.3154 -4.6612 1.4999 4.7406 1.6778 0.0508
Car -1 -1 3.0265 244.8749 176.2785 323.8849 204.9173 1.5986 1.6610 4.0368 -18.7845 1.0997 41.8686 2.6068 0.0507
Car -1 -1 0.2330 501.8724 175.6488 561.3747 198.1207 1.5396 1.5737 3.8801 -5.2637 0.8841 50.2799 0.1289 0.0504