Car -1 -1 4.7296 483.6512 179.6523 507.4765 201.7317 1.4918 1.6261 3.7831 -8.1763 2.0001 51.9597 4.5739 0.3907
Car -1 -1 4.6216 481.1962 169.9536 504.4549 189.9615 1.7150 1.6636 4.2227 -10.4001 1.4664 64.1003 4.4612 0.3042
Car -1 -1 1.4767 478.8499 177.8022 509.2409 203.0352 1.6517 1.7087 4.1630 -8.0962 2.0122 50.3343 1.3177 0.1406
Car -1 -1 3.7149 0.0000 0.0000 1096.2528 375.0000 1.5379 1.6494 3.9846 1.7871 1.6024 1.2976 4.5551 0.1062
Car -1 -1 3.6385 0.0000 0.0000 1242.0000 375.0000 1.5473 1.6498 3.9830 3.0472 1.4679 1.5785 4.6575 0.0700
Car -1 -1 1.4191 486.4878 175.0795 521.5422 201.1171 1.6874 1.7432 4.3229 -7.2815 1.8471 49.4782 1.2734 0.0664
Car -1 -1 0.3706 459.1724 178.3481 520.0957 201.3627 1.5672 1.6235 3.9176 -8.4436 1.9639 50.9011 0.2067 0.0576
Car -1 -1 0.3952 463.5702 171.1929 516.6207 188.8993 1.5107 1.6441 4.2540 -10.3947 1.3690 62.8512 0.2317 0.0572
Car -1 -1 1.6405 485.7347 171.4389 507.9645 189.3875 1.5136 1.6281 4.1550 -9.8057 1.3942 62.9846 1.4865 0.0567
Car -1 -1 0.0068 464.2722 171.3329 512.4326 190.0359 1.6376 1.6482 4.1805 -10.7876 1.5044 64.3211 -0.1589 0.0565
Car -1 -1 -1.1249 985.8659 191.6538 1222.0035 304.7604 1.4720 1.5958 4.0332 8.0528 1.8207 11.6721 -0.5336 0.0541