Car -1 -1 3.7544 882.7639 182.2505 1131.4890 283.2426 1.4215 1.5507 3.4689 6.6315 1.6078 12.4057 4.2347 0.9535
Car -1 -1 4.5081 656.0000 182.8372 721.6182 230.1393 1.4592 1.5729 3.3638 2.6458 1.8259 24.7496 4.6125 0.9298
Car -1 -1 3.5013 295.9958 194.0083 457.1619 246.4607 1.3807 1.6069 4.0828 -6.5876 2.0126 20.6410 3.1955 0.9125
Car -1 -1 3.7582 0.0000 166.8811 307.2541 353.8822 1.9737 1.7309 4.2055 -6.0308 1.9107 8.5112 3.1560 0.8460
Car -1 -1 1.7221 487.8714 185.5740 529.8133 216.8686 1.5466 1.6518 4.2001 -5.4514 2.2800 39.4885 1.5853 0.7594
Car -1 -1 4.5836 630.8888 182.7363 675.2703 216.1308 1.4434 1.5979 4.0714 2.0208 1.9446 34.5092 4.6409 0.7583
Car -1 -1 3.9659 0.0000 226.3551 132.2934 375.0000 1.4690 1.5973 3.7984 -6.5256 1.9948 6.2234 3.1782 0.7566
Car -1 -1 3.6389 104.9693 198.7560 360.1899 292.1025 1.5729 1.6520 3.9401 -6.9374 2.0907 13.5369 3.1727 0.7531
Car -1 -1 3.4993 372.3683 190.7205 488.1175 230.1890 1.4070 1.6092 4.0004 -6.8362 2.1182 27.6902 3.2589 0.7034
Car -1 -1 3.5296 190.2032 200.7895 391.4703 277.0370 1.5138 1.6396 3.6830 -6.8596 2.1583 15.7972 3.1255 0.5432
Car -1 -1 0.2879 402.7386 184.8077 497.3832 219.0169 1.4590 1.4964 3.8678 -7.0957 2.0084 32.2790 0.0727 0.4942
Car -1 -1 4.7681 482.1128 175.8262 511.9684 201.9094 1.5111 1.5979 3.6700 -6.8439 1.7008 44.1401 4.6147 0.3193
Car -1 -1 3.4147 476.6164 179.9555 536.0635 204.7958 1.6071 1.6290 3.6363 -6.8898 2.0930 48.3258 3.2734 0.3071
Car -1 -1 1.7292 455.9846 174.6644 480.3051 192.3725 1.6113 1.6373 4.0084 -13.3130 1.7873 68.1013 1.5366 0.2952
Car -1 -1 1.4994 630.0986 185.0629 662.0670 210.8814 1.4372 1.6861 3.2329 2.1587 2.1983 43.3455 1.5482 0.2936
Car -1 -1 4.7593 295.4706 197.9155 382.5355 280.6657 1.5418 1.6812 3.9855 -6.2070 2.2035 16.8995 4.4116 0.2779
Car -1 -1 1.6063 527.9559 181.8967 551.4917 203.8305 1.4522 1.5278 4.0694 -4.9565 2.1244 51.5601 1.5105 0.2253
Car -1 -1 0.6296 389.0706 180.6964 486.4969 216.8924 1.4328 1.5804 3.8347 -7.3023 1.7821 30.6693 0.3974 0.2031
Car -1 -1 1.6258 458.5365 177.0217 484.4064 200.5988 1.5405 1.5418 3.8474 -9.5069 1.8401 49.8639 1.4380 0.2029
Car -1 -1 5.0891 504.8846 179.1972 548.1573 203.9082 1.5734 1.5828 3.9476 -5.6041 2.0240 49.1381 4.9757 0.1908
Car -1 -1 5.0308 404.1825 182.4403 462.0705 217.3488 1.4881 1.5888 3.5069 -8.1403 1.9582 33.5665 4.7942 0.1871
Car -1 -1 3.5688 335.9158 186.4029 454.4174 228.8351 1.4005 1.5519 3.7057 -7.5366 1.8988 25.5040 3.2837 0.1694
Car -1 -1 1.4793 628.8380 176.8291 659.6461 202.0415 1.5098 1.6100 3.7192 2.1578 1.7720 45.6994 1.5257 0.1669
Car -1 -1 3.1642 672.5276 176.2508 721.3381 195.5340 1.4750 1.5141 3.7493 6.8573 1.7461 56.5653 3.2839 0.1635
Car -1 -1 4.9893 433.7799 181.5322 494.5732 219.1646 1.4803 1.5997 3.7636 -6.2140 1.8792 31.2189 4.7939 0.1628
Car -1 -1 0.1840 449.1322 188.3226 524.7653 217.5499 1.4739 1.5706 3.7079 -6.4295 2.3075 38.0685 0.0173 0.1562
Car -1 -1 0.1535 448.5886 175.7876 517.4047 201.5469 1.5025 1.6091 3.8483 -7.5233 1.6813 43.1190 -0.0186 0.1487
Car -1 -1 1.6318 385.8124 182.9541 416.9476 208.6850 1.5338 1.6778 4.5326 -13.5910 2.2292 47.2848 1.3530 0.1402
Car -1 -1 1.2993 683.2921 173.3989 720.2096 195.2755 1.4798 1.5565 4.0384 6.4710 1.5199 51.0223 1.4244 0.1389
Car -1 -1 1.5874 392.3001 185.1194 417.1788 208.6945 1.4617 1.5550 3.9702 -13.8899 2.3317 49.0598 1.3125 0.1327
Car -1 -1 1.9143 605.1778 184.7917 648.9678 210.6448 1.4270 1.6255 3.2574 1.0885 2.1736 43.3120 1.9387 0.1323
Car -1 -1 1.3205 689.5809 175.1100 721.5359 194.7491 1.4923 1.5897 3.9211 7.5878 1.6780 57.3387 1.4510 0.1277
Car -1 -1 5.1434 343.5494 190.2678 440.2747 240.9283 1.4629 1.6309 3.8575 -7.1963 2.0972 24.2548 4.8574 0.1254
Car -1 -1 2.8337 631.6047 179.2337 697.9037 204.6104 1.5086 1.6486 3.7777 3.4067 1.9152 44.7539 2.9087 0.1230
Car -1 -1 1.7260 525.8563 183.3436 554.8403 205.3418 1.5570 1.6136 3.8883 -5.2333 2.3848 54.9547 1.6310 0.1220
Car -1 -1 1.8656 522.1069 177.1011 554.3298 197.6345 1.6389 1.5743 4.0821 -5.9541 2.0085 60.6362 1.7677 0.1171
Car -1 -1 1.5105 362.3051 177.3251 386.6066 198.3611 1.5307 1.5533 3.7503 -18.0747 1.8866 55.3962 1.1962 0.1082
Car -1 -1 1.3935 293.4468 181.4221 323.6011 201.2625 1.4783 1.5831 3.7592 -24.0158 2.1850 57.5046 0.9992 0.1038
Car -1 -1 1.4802 390.6462 182.6104 423.4562 208.2768 1.4928 1.6299 4.3666 -12.9690 2.1472 46.0668 1.2069 0.1035
Car -1 -1 4.5697 308.8446 175.8546 368.1635 215.6215 1.3945 1.6055 3.8347 -10.4522 1.5182 27.6816 4.2115 0.0979
Car -1 -1 1.5646 334.1381 184.5058 355.5796 206.2831 1.6550 1.6010 3.9312 -21.7344 2.6457 59.2267 1.2140 0.0964
Car -1 -1 3.1291 288.7292 192.3870 420.7110 243.2690 1.4421 1.5369 3.8210 -8.0261 2.0986 22.8761 2.7948 0.0957
Car -1 -1 4.7168 318.9742 182.0604 345.1281 205.9135 1.5709 1.6716 3.7831 -19.6658 2.2503 51.1785 4.3514 0.0931
Car -1 -1 1.5230 414.4228 184.2479 455.0207 221.4027 1.4515 1.5394 4.1511 -7.7434 1.9877 31.7504 1.2852 0.0877
Car -1 -1 1.8099 551.2834 181.7377 587.6765 204.1014 1.4575 1.5941 4.3121 -2.7882 2.1145 51.0908 1.7552 0.0876
Car -1 -1 1.4291 714.6931 186.7811 769.7282 226.3399 1.4325 1.6513 4.0107 5.3630 2.0430 29.5932 1.6059 0.0865
Car -1 -1 4.5734 293.8992 169.5609 322.2608 190.5433 1.7572 1.7166 4.1563 -26.2045 1.4814 62.6522 4.1785 0.0858
Car -1 -1 2.0041 374.9872 184.6039 466.5591 227.2436 1.3741 1.6422 4.2107 -6.8627 1.8449 26.6947 1.7543 0.0835
Car -1 -1 1.5955 614.5824 181.0568 642.0354 206.6339 1.4797 1.6158 3.9226 1.2065 2.0143 45.0263 1.6216 0.0829
Car -1 -1 2.5450 0.0000 149.3170 143.0240 197.7769 1.4511 1.6116 3.9471 -17.7908 0.7463 23.7342 1.9071 0.0818
Car -1 -1 4.3248 476.0846 180.6237 523.0359 204.2841 1.5108 1.7010 4.3155 -7.6480 2.0724 49.8652 4.1730 0.0806
Car -1 -1 3.6330 497.1223 184.8091 552.3372 205.8943 1.4876 1.6492 3.7736 -6.3476 2.4067 54.0163 3.5161 0.0801
Car -1 -1 3.6801 16.0017 155.3064 169.7685 200.1318 1.4837 1.5785 4.0738 -17.6751 0.9029 24.8232 3.0664 0.0791
Car -1 -1 1.6572 455.0730 181.2903 485.8429 205.4646 1.4649 1.6225 4.1988 -9.0939 2.0447 47.4113 1.4684 0.0777
Car -1 -1 1.8651 520.4294 180.2141 561.0789 204.4742 1.5679 1.6527 4.2479 -4.7370 2.1033 50.2420 1.7711 0.0756
Car -1 -1 1.9570 210.0916 199.0456 365.9720 288.1320 1.5081 1.6264 3.8936 -6.6179 2.1356 15.3262 1.5550 0.0733
Car -1 -1 1.8394 396.8483 185.1810 436.5048 209.2530 1.5286 1.6006 4.1741 -13.3246 2.4196 50.0584 1.5801 0.0731
Car -1 -1 0.2922 333.5099 193.6873 466.4907 243.4557 1.4856 1.4648 3.7965 -6.5958 2.1697 22.9338 0.0146 0.0713
Car -1 -1 0.1937 611.7159 184.8435 674.1497 209.5244 1.4334 1.7339 3.5713 2.0717 2.1922 44.3993 0.2394 0.0705
Car -1 -1 1.6747 512.7752 182.6633 542.6697 204.8227 1.4615 1.6620 4.6512 -5.8479 2.2000 51.9859 1.5628 0.0691
Car -1 -1 -0.0111 496.1239 179.2261 555.9785 203.0409 1.5678 1.5885 3.9808 -5.6802 2.0105 49.0934 -0.1261 0.0659
Car -1 -1 4.7514 969.0519 172.5842 1011.3272 208.6624 1.4957 1.5240 3.5538 16.8270 1.4845 31.8333 5.2335 0.0642
Car -1 -1 1.7854 432.4093 182.6937 494.3533 223.8164 1.5246 1.6563 4.1114 -5.9523 1.9594 29.8129 1.5895 0.0640
Car -1 -1 1.9735 420.7331 180.9545 466.8786 203.8071 1.4819 1.6429 4.1659 -11.5496 2.0740 50.5414 1.7496 0.0634
Car -1 -1 0.7655 496.2038 182.8141 552.9179 204.7506 1.4378 1.6011 3.9595 -6.0050 2.1642 50.7893 0.6480 0.0627
Car -1 -1 5.3882 97.9009 146.5614 201.4051 202.3431 2.3176 1.7681 3.9722 -20.2964 1.2252 32.0532 4.8274 0.0624
Car -1 -1 5.0468 225.5112 200.9811 383.3915 297.8304 1.5108 1.6487 3.9308 -5.8788 2.1510 14.4205 4.6654 0.0623