Car -1 -1 4.9751 296.0628 182.6200 468.4809 295.5610 1.4702 1.5915 3.7293 -3.2690 1.5091 11.1491 4.6993 0.9724
Car -1 -1 1.5902 469.0906 167.3398 494.0105 189.6803 1.5641 1.6984 4.3413 -8.9325 0.6423 51.7748 1.4223 0.5647
Car -1 -1 2.6101 1047.4709 153.0886 1196.9819 192.1178 1.4341 1.6443 4.3824 19.6814 0.4266 27.0047 3.2360 0.5320
Car -1 -1 2.5660 1075.6823 141.6216 1172.8756 168.9604 1.5377 1.6329 4.4218 30.4692 -0.6930 41.5013 3.1975 0.2797
Car -1 -1 -1.1852 1043.3851 166.9520 1121.4113 199.9265 1.4777 1.6582 4.0782 22.6963 0.8703 33.5130 -0.5927 0.2067
Car -1 -1 1.9097 278.5022 178.2955 326.3042 203.1322 1.5107 1.5853 3.8651 -19.1255 1.3762 44.9815 1.5119 0.1781
Car -1 -1 1.1398 438.5444 176.5168 476.4524 196.9674 1.5495 1.5108 3.7055 -11.5367 1.2472 55.5122 0.9377 0.1449
Car -1 -1 -0.8165 1104.4414 142.3848 1224.0000 184.7574 1.5535 1.6517 4.1002 21.6489 0.1558 27.0358 -0.1452 0.1322
Car -1 -1 1.7880 335.4454 176.1235 366.1372 194.6499 1.5111 1.5992 4.0188 -21.3637 1.1536 59.7626 1.4481 0.1313
Car -1 -1 1.4311 449.8817 174.8403 483.6081 199.4056 1.5601 1.6576 4.1161 -9.1926 1.2003 47.1202 1.2414 0.1183
Car -1 -1 0.9233 1037.9174 165.4170 1137.8561 201.3882 1.5070 1.6370 3.9310 21.5065 0.8748 31.6286 1.5174 0.1042
Car -1 -1 5.0741 311.8447 173.6016 355.0141 199.2200 1.7130 1.5813 3.6968 -18.7485 1.2513 49.1258 4.7134 0.1004
Car -1 -1 2.0287 325.1489 180.2715 370.2398 202.4305 1.5646 1.5815 3.8023 -18.7630 1.5480 51.9016 1.6854 0.0986
Car -1 -1 1.6187 462.8698 166.4176 490.4104 191.4162 1.6732 1.6825 4.2333 -8.8845 0.7302 49.5299 1.4441 0.0894
Car -1 -1 2.4532 284.9406 178.2744 355.8157 203.9865 1.5577 1.6347 4.0682 -17.9912 1.4225 45.0106 2.0771 0.0870
Car -1 -1 4.2595 976.8802 170.7868 1052.3844 202.8430 1.4900 1.6647 3.9094 20.1412 1.0382 34.8716 4.7809 0.0867
Car -1 -1 1.6033 289.2594 188.8319 325.7787 219.3629 1.4716 1.6301 3.9684 -15.6284 1.9371 37.3924 1.2120 0.0853
Car -1 -1 -0.7217 967.4454 168.3039 1062.5442 200.8012 1.4915 1.6080 3.7973 19.5075 0.9315 33.6140 -0.1983 0.0829
Car -1 -1 1.4968 291.3421 188.1282 336.0060 222.8746 1.4743 1.6516 4.1781 -13.6926 1.8566 33.2214 1.1107 0.0813
Car -1 -1 -1.1847 1164.0698 140.2799 1224.0000 181.8401 1.5340 1.6310 3.9384 23.9410 0.0492 27.7247 -0.4763 0.0735
Car -1 -1 0.3322 452.2533 168.2261 515.4152 189.7930 1.5311 1.6684 4.2092 -8.7149 0.6593 51.3677 0.1670 0.0730
Car -1 -1 1.6387 467.6839 167.4639 497.1018 193.2268 1.6793 1.6829 4.1908 -8.2603 0.8292 48.2570 1.4720 0.0725
Car -1 -1 1.3378 1033.6007 172.8432 1096.4341 206.1844 1.4529 1.6295 3.6435 21.2942 1.1189 32.7996 1.9108 0.0686
Car -1 -1 4.0236 1050.3048 138.9312 1127.4960 168.5633 1.6295 1.6780 3.9868 29.1098 -0.7545 42.6051 4.6214 0.0661
Car -1 -1 1.3864 450.8667 168.8472 485.1815 191.9103 1.6230 1.7124 4.4155 -10.0727 0.8025 52.1245 1.1985 0.0658
Car -1 -1 -0.8350 1154.6519 141.6756 1224.0000 186.0940 1.5346 1.6494 3.8815 22.3217 0.1930 25.4781 -0.1199 0.0656
Car -1 -1 4.2143 235.3319 188.8782 306.9278 220.3694 1.4827 1.6467 3.9162 -17.0195 1.9316 36.0882 3.7785 0.0647
Car -1 -1 3.6050 290.7547 189.9048 389.8402 223.6113 1.4443 1.6653 3.8549 -11.8664 1.8825 31.9218 3.2539 0.0642
Car -1 -1 -0.7050 1107.1313 144.0336 1199.6660 171.0334 1.5270 1.6424 4.2467 32.2370 -0.5691 41.5543 -0.0472 0.0622
Car -1 -1 3.6732 453.1279 167.1790 515.3031 189.6091 1.6394 1.7054 4.3558 -9.0273 0.6653 53.2534 3.5081 0.0615
Car -1 -1 1.3392 425.5103 177.5048 455.0399 196.3603 1.4892 1.5376 3.7737 -13.4362 1.2521 57.8738 1.1139 0.0611
Car -1 -1 1.7082 476.1251 167.2833 507.1797 190.1048 1.6430 1.6997 4.4223 -8.3990 0.6910 53.1274 1.5541 0.0608
Car -1 -1 4.4207 1019.5386 169.7471 1082.6509 202.2967 1.4939 1.5922 3.6856 21.6846 1.0001 34.4392 4.9801 0.0596
Car -1 -1 1.7525 445.6146 168.2459 481.7438 194.6355 1.7217 1.6816 4.1332 -9.5191 0.9218 48.2039 1.5605 0.0593
Car -1 -1 2.7050 1016.3811 121.1234 1224.0000 187.4148 1.4691 1.5875 4.1089 12.3659 0.1531 16.8361 3.3315 0.0588
Car -1 -1 5.1640 295.9274 172.2787 349.1012 198.2687 1.6465 1.6675 4.0298 -18.5905 1.1253 46.8665 4.7904 0.0577
Car -1 -1 1.4717 1035.8943 163.0327 1089.7178 198.7502 1.4763 1.5950 4.0281 20.2771 0.7540 31.3804 2.0425 0.0571
Car -1 -1 1.6395 326.3732 175.4504 350.8044 195.7367 1.6292 1.6183 4.0288 -22.0961 1.2231 58.9449 1.2843 0.0539
Car -1 -1 0.2096 445.9114 167.2834 507.8339 190.1198 1.6021 1.6117 4.1031 -9.0501 0.6744 50.4804 0.0351 0.0534
Car -1 -1 2.2899 262.4381 176.6622 332.0220 202.5333 1.5204 1.6412 4.1043 -18.9064 1.2944 43.7565 1.8864 0.0527
Car -1 -1 2.0265 980.7026 166.2607 1060.5604 200.3667 1.4735 1.6120 3.8629 19.0426 0.8580 32.2849 2.5568 0.0524
Car -1 -1 1.7684 351.9046 181.5249 382.5264 201.3693 1.4789 1.5254 3.7867 -18.3375 1.5607 54.8654 1.4492 0.0509
Car -1 -1 4.1356 232.6978 187.9910 319.0875 223.4230 1.4785 1.6318 4.0189 -14.8825 1.8360 32.0122 3.7057 0.0504