Car -1 -1 1.9940 138.6488 186.5597 374.3173 319.5467 1.5604 1.6105 3.9413 -4.9847 1.8039 10.8440 1.5717 0.9712
Car -1 -1 4.3703 748.3107 186.1223 1059.7683 375.0000 1.5172 1.5960 3.7489 2.6012 1.6872 7.3578 4.6961 0.9656
Car -1 -1 1.6827 431.0117 182.9513 493.0008 228.8762 1.4912 1.7332 4.6165 -5.3881 1.9001 26.8463 1.4859 0.8005
Car -1 -1 4.7553 640.7152 177.4956 668.4719 202.4801 1.5534 1.6628 3.9635 3.0123 1.8734 47.6833 4.8175 0.6122
Car -1 -1 1.9978 679.7509 167.2940 727.8634 194.9156 1.6678 1.6018 3.7600 5.9936 1.3321 45.5858 2.1273 0.2451
Car -1 -1 4.3808 471.3725 172.1064 509.8180 194.5231 1.6442 1.6517 4.1021 -9.1254 1.5893 55.1190 4.2172 0.2375
Car -1 -1 4.4410 620.1787 171.9470 651.7051 192.5699 1.5670 1.5602 3.6267 2.0412 1.4981 56.7698 4.4764 0.2006
Car -1 -1 5.0528 287.6322 169.8319 376.8736 221.6160 1.4976 1.6233 3.1252 -8.5286 1.4102 22.4450 4.6933 0.1404
Car -1 -1 -0.5080 1000.4597 176.5017 1242.0000 334.1398 1.5131 1.6449 4.1286 6.9413 1.5602 8.1564 0.1788 0.1376
Car -1 -1 4.4618 978.3973 178.9082 1219.5413 327.7689 1.4816 1.5937 3.6910 6.0037 1.5768 9.3438 5.0178 0.1314
Car -1 -1 4.5757 696.0051 168.5387 739.3660 203.4743 1.5491 1.5680 3.1864 4.9863 1.3578 33.5948 4.7214 0.1285
Car -1 -1 1.5490 692.8351 175.6741 722.1865 201.9561 1.5030 1.6692 4.3540 5.9278 1.6838 44.0036 1.6816 0.1220
Car -1 -1 3.6402 233.7133 172.7351 371.0253 224.0283 1.4693 1.6412 3.4262 -9.1606 1.4659 21.6600 3.2441 0.1188
Car -1 -1 1.4145 638.6317 183.5732 668.9559 206.1738 1.4857 1.5739 3.7869 3.1041 2.2762 51.2524 1.4741 0.0942
Car -1 -1 -0.1184 753.9131 166.3901 852.1823 202.1987 1.5243 1.6289 4.0133 8.4535 1.2492 31.7994 0.1388 0.0872
Car -1 -1 1.2502 727.6068 204.4633 816.5345 260.4210 1.4571 1.6850 3.5147 5.0109 2.5321 22.7012 1.4636 0.0849
Car -1 -1 1.3744 701.5975 168.3747 749.9637 203.3437 1.7084 1.7011 4.0370 5.9420 1.4896 37.3023 1.5307 0.0785
Car -1 -1 1.2103 1002.2499 190.9209 1242.0000 370.5584 1.4528 1.5320 3.2204 5.6309 1.6951 7.9320 1.8093 0.0769
Car -1 -1 1.3823 425.9648 179.5484 500.7861 231.9533 1.4499 1.6064 3.7790 -4.6416 1.6781 22.5411 1.1810 0.0742
Car -1 -1 1.6734 739.5079 203.8069 810.2212 264.1883 1.4488 1.6802 3.5618 4.9436 2.4454 21.2751 1.8975 0.0740
Car -1 -1 3.0924 693.6297 168.0467 769.7573 198.9871 1.6084 1.7034 3.9299 6.4741 1.3585 38.5814 3.2570 0.0730
Car -1 -1 4.7302 639.3419 176.5856 665.0252 201.6038 1.5212 1.5810 3.5999 2.7647 1.7701 46.2799 4.7891 0.0707
Car -1 -1 2.8961 601.7490 176.0244 668.8093 201.8585 1.5354 1.6576 3.8345 1.5634 1.7357 44.3914 2.9306 0.0702
Car -1 -1 1.8409 676.1197 169.8479 728.6962 203.2150 1.6523 1.7199 4.0630 4.9377 1.5035 37.9359 1.9689 0.0691
Car -1 -1 1.6950 485.6075 172.5288 514.3527 193.7219 1.5389 1.6450 4.1035 -8.2303 1.5153 54.4650 1.5454 0.0685
Car -1 -1 4.5037 691.1935 166.7022 736.8508 196.5497 1.5533 1.6591 4.0990 5.6776 1.2331 39.6505 4.6445 0.0615
Car -1 -1 4.2437 762.7213 163.4112 846.5986 205.1820 1.5024 1.5884 3.7733 7.4634 1.1627 27.9627 4.5016 0.0613
Car -1 -1 4.5650 693.1435 159.1484 717.6517 177.4304 1.6860 1.7264 4.0670 9.0763 0.4221 68.5908 4.6958 0.0611
Car -1 -1 1.7361 773.6353 191.7547 841.5816 242.0480 1.4168 1.5834 3.7040 6.6107 2.0943 23.8524 2.0024 0.0596
Car -1 -1 0.2452 461.0871 173.0077 521.4636 193.5413 1.5048 1.6231 4.1791 -8.8052 1.5164 53.8742 0.0837 0.0596
Car -1 -1 1.7823 475.8398 175.1066 510.5240 196.9396 1.5092 1.6440 4.1744 -8.4096 1.6796 52.4433 1.6237 0.0592
Car -1 -1 0.6426 781.0569 196.3597 933.7423 256.9267 1.4761 1.7309 4.0438 7.2310 2.2437 21.4106 0.9631 0.0582
Car -1 -1 0.3525 392.4664 184.0434 525.8076 227.1654 1.4908 1.6701 4.5350 -5.5241 1.9231 26.7133 0.1500 0.0578
Car -1 -1 4.6333 696.2294 166.6763 726.8753 192.7410 1.6121 1.6388 4.0803 6.5587 1.2300 46.7123 4.7716 0.0576
Car -1 -1 -0.6630 953.6499 153.7870 1242.0000 260.7327 1.4998 1.6027 3.6781 7.4850 1.2324 11.0659 -0.0809 0.0569
Car -1 -1 1.3321 698.7817 173.5927 744.9529 202.6176 1.5473 1.6274 4.1522 6.2731 1.5912 40.7128 1.4834 0.0563
Car -1 -1 4.5700 675.4786 168.6798 721.0175 203.1156 1.5254 1.5959 3.7312 4.1019 1.3405 33.8455 4.6891 0.0563
Car -1 -1 1.7863 469.9536 173.3593 504.2397 194.3474 1.4979 1.6460 4.2318 -9.0741 1.5371 53.7536 1.6196 0.0554
Car -1 -1 1.6698 422.6463 183.0324 485.9168 237.5054 1.6573 1.7202 4.0120 -5.2495 2.0368 24.8185 1.4629 0.0550
Car -1 -1 0.1814 423.5493 181.1509 533.2752 220.9548 1.4939 1.6133 3.9966 -5.0717 1.8280 28.2367 0.0048 0.0546
Car -1 -1 1.2575 584.3367 177.6244 628.3867 202.5685 1.4684 1.6235 3.9724 -0.2511 1.7830 45.4360 1.2515 0.0535
Car -1 -1 1.3783 696.1356 175.6013 737.0547 202.2458 1.4870 1.6664 3.9131 6.2761 1.6571 42.6738 1.5228 0.0532
Car -1 -1 0.8338 696.8578 198.4357 821.0197 253.2012 1.4716 1.6779 4.0398 4.7686 2.3841 23.5735 1.0299 0.0527
Car -1 -1 4.5743 899.3391 178.8836 1079.6897 315.3343 1.4721 1.5955 3.7556 5.0099 1.5726 9.9962 5.0262 0.0521
Car -1 -1 1.8860 405.4131 179.5961 504.9288 237.8577 1.4973 1.6392 4.0927 -4.3937 1.7148 21.1598 1.6831 0.0515
Car -1 -1 3.2765 357.8691 184.3914 505.7984 237.4853 1.4705 1.6539 4.0785 -5.1797 1.8300 21.4558 3.0418 0.0515
Car -1 -1 1.8800 276.1340 173.4852 375.1093 227.1984 1.4256 1.5719 3.8604 -8.1949 1.4459 21.1684 1.5145 0.0514
Car -1 -1 2.9033 1083.3094 177.6408 1242.0000 375.0000 1.4989 1.6100 4.1174 6.8723 1.5547 6.6593 3.6820 0.0511
Car -1 -1 4.4514 670.5682 169.1062 720.1196 198.8274 1.5432 1.6697 4.1877 4.6478 1.3486 39.6566 4.5668 0.0507
Car -1 -1 2.7307 668.3550 171.8516 740.5084 198.1741 1.5701 1.6737 4.0738 5.8274 1.5104 44.4101 2.8599 0.0506