Car -1 -1 4.8617 437.8516 182.4024 524.8357 247.5242 1.4875 1.6552 4.0628 -3.2757 1.7677 19.1282 4.6936 0.9717
Car -1 -1 4.4897 703.6595 180.0234 873.3527 293.3912 1.4642 1.6788 4.2438 2.6565 1.6017 11.7149 4.7061 0.9569
Car -1 -1 4.2788 786.2997 188.0100 1242.0000 375.0000 1.4107 1.6199 3.9034 2.7672 1.5763 5.9211 4.6958 0.9478
Car -1 -1 4.5759 650.8246 175.0917 701.9195 217.4839 1.5393 1.5398 3.2346 2.5393 1.6313 28.0261 4.6647 0.9176
Car -1 -1 4.5612 673.1725 179.0127 755.7614 237.4389 1.4112 1.6142 4.2174 2.7874 1.6000 19.9962 4.6969 0.8585
Car -1 -1 1.8012 484.2118 182.7331 546.3314 226.0227 1.5532 1.6126 3.8398 -3.6836 1.9746 28.7903 1.6745 0.7589
Car -1 -1 4.7153 637.4882 178.3314 668.7621 208.1578 1.4833 1.5871 4.0027 2.3385 1.7925 38.6817 4.7747 0.5246
Car -1 -1 4.1144 1008.7650 182.0626 1242.0000 341.0777 1.4304 1.6927 4.2380 6.8665 1.5714 8.8934 4.7553 0.2584
Car -1 -1 3.3468 476.3902 174.1905 540.7064 198.8917 1.5371 1.6293 3.8026 -6.4012 1.6240 45.9431 3.2088 0.1768
Car -1 -1 4.6510 496.3245 172.2210 525.0699 198.1109 1.6164 1.6192 3.9699 -6.4964 1.5769 47.1537 4.5145 0.1350
Car -1 -1 1.7036 631.2170 157.0566 665.6837 183.5510 1.5599 1.6435 3.7017 2.4357 0.6298 44.4517 1.7578 0.1197
Car -1 -1 5.0774 669.7944 164.1974 706.8430 185.0782 1.6806 1.7137 4.1400 6.6198 0.9838 60.3050 5.1860 0.1128
Car -1 -1 0.7305 1127.1697 179.2504 1242.0000 375.0000 1.4906 1.5982 4.1601 6.9448 1.5661 6.4092 1.5327 0.1118
Car -1 -1 4.4857 811.2471 172.8171 856.6371 204.4643 1.4611 1.5118 2.6808 10.7482 1.4594 34.7031 4.7832 0.1118
Car -1 -1 1.9681 403.8495 179.7806 461.0039 209.1040 1.5054 1.6478 4.0363 -9.7872 1.9114 40.1681 1.7302 0.1091
Car -1 -1 1.5582 873.9501 183.2454 909.5716 218.1659 1.5001 1.4898 3.5408 13.2812 2.0182 34.0571 1.9265 0.1013
Car -1 -1 4.8844 508.2845 173.9799 544.6356 201.1034 1.6829 1.6662 4.1429 -5.3692 1.7597 47.0619 4.7710 0.0994
Car -1 -1 1.4847 662.2457 168.9711 683.6664 186.8581 1.5471 1.5727 3.8583 5.6243 1.2113 64.3385 1.5712 0.0987
Car -1 -1 -0.6199 1090.8501 162.5719 1242.0000 252.2123 1.4064 1.6006 4.0402 10.7941 1.2451 12.2959 0.0885 0.0828
Car -1 -1 3.0028 809.5566 173.5245 887.8943 205.9323 1.4782 1.6257 3.3105 11.2264 1.5109 34.0476 3.3183 0.0790
Car -1 -1 2.8095 865.1041 181.0669 956.7889 214.2385 1.5088 1.4903 3.7135 14.1866 1.9065 34.0931 3.2002 0.0779
Car -1 -1 4.6596 629.0721 176.4778 662.2579 206.2916 1.4699 1.5486 3.3622 1.8463 1.6675 37.6672 4.7076 0.0771
Car -1 -1 4.2406 648.1283 163.5216 689.8698 184.6259 1.6984 1.7199 4.2784 4.9257 0.9474 60.3725 4.3213 0.0741
Car -1 -1 1.3779 728.6226 170.4009 782.8555 207.3863 1.5649 1.6203 4.1458 6.5276 1.4611 32.6047 1.5733 0.0715
Car -1 -1 2.3812 1107.0518 183.6908 1242.0000 340.9920 1.4450 1.6036 4.1197 7.8613 1.5718 7.5930 3.1642 0.0701
Car -1 -1 3.2546 588.7501 177.4883 666.7079 206.8692 1.4747 1.6269 3.9056 0.9765 1.7232 37.6286 3.2798 0.0685
Car -1 -1 -0.1534 635.1524 178.5044 716.1786 207.7872 1.4683 1.5818 3.9910 3.3940 1.7687 37.4502 -0.0643 0.0638
Car -1 -1 1.1340 482.9787 182.0087 539.9495 209.9715 1.5100 1.7091 4.2238 -5.8526 2.0798 42.6675 0.9980 0.0627
Car -1 -1 1.7468 418.1512 173.2298 459.7995 199.9682 1.4745 1.6627 4.0454 -9.8493 1.4974 41.9128 1.5171 0.0612
Car -1 -1 1.1140 1035.2968 162.8661 1242.0000 250.9883 1.3989 1.6665 4.0679 9.7880 1.2403 13.5928 1.7275 0.0610
Car -1 -1 4.8482 720.7841 168.9649 753.4462 195.0277 1.6551 1.6135 4.0042 8.5185 1.4081 47.9734 5.0225 0.0603
Car -1 -1 1.6885 433.0938 179.2988 470.8827 207.4429 1.4628 1.6030 4.0373 -8.7995 1.8436 40.5440 1.4757 0.0576
Car -1 -1 2.3885 877.4568 182.7546 1048.5085 244.1229 1.4480 1.5801 4.0281 9.2017 1.7249 18.8219 2.8364 0.0575
Car -1 -1 -0.1618 674.2718 164.7616 729.8455 184.4077 1.5778 1.6680 4.2823 7.5160 0.9279 58.8558 -0.0356 0.0569
Car -1 -1 4.5153 748.5588 173.8825 791.8338 203.4927 1.4892 1.5311 3.7216 8.4693 1.5465 38.2942 4.7309 0.0539
Car -1 -1 4.0168 389.9524 173.8066 456.8353 199.3750 1.4347 1.6262 4.0000 -10.9766 1.4932 42.4517 3.7650 0.0532
Car -1 -1 1.5992 495.3210 176.1600 525.2798 204.6189 1.6172 1.6725 4.1936 -5.9638 1.8273 43.6807 1.4639 0.0532
Car -1 -1 3.7438 572.3475 164.6916 638.5142 187.6661 1.5077 1.6872 4.3208 -0.3054 0.9720 49.2616 3.7373 0.0531
Car -1 -1 1.3292 736.6391 166.7647 799.2047 205.4423 1.5147 1.5936 4.2077 6.5787 1.2762 30.3847 1.5400 0.0531
Car -1 -1 4.7883 614.0526 177.6668 650.2219 207.0467 1.4630 1.6294 4.1930 1.2645 1.7363 38.8119 4.8201 0.0530
Car -1 -1 4.2471 870.0645 173.0263 1066.6642 260.6642 1.4912 1.6825 4.3540 6.9104 1.4952 14.4861 4.6837 0.0522
Car -1 -1 3.7987 646.3821 180.3319 723.1443 209.3102 1.4816 1.6464 4.0607 4.1177 1.9160 39.9152 3.9002 0.0518
Car -1 -1 2.8697 684.7740 169.9700 743.3083 190.3217 1.5044 1.5886 4.0895 7.8542 1.2912 54.3867 3.0121 0.0506
Car -1 -1 3.4225 453.0808 171.6914 522.9094 196.7003 1.5683 1.6520 4.1220 -7.7731 1.4954 46.3046 3.2568 0.0505