Car -1 -1 4.9456 347.5721 183.6317 495.9757 284.9344 1.5215 1.6595 4.2732 -3.2756 1.7541 13.4309 4.7100 0.9844
Car -1 -1 4.3274 769.3915 181.2124 1242.0000 375.0000 1.4607 1.7285 4.5073 2.6599 1.5562 5.9835 4.7264 0.9500
Car -1 -1 1.6900 451.3292 184.0749 520.7861 236.3209 1.4589 1.6826 4.3587 -3.8839 1.8559 23.3138 1.5261 0.9395
Car -1 -1 4.5490 660.6124 178.0368 728.6629 232.1692 1.5147 1.5488 3.2784 2.5409 1.6861 22.1879 4.6607 0.9328
Car -1 -1 4.4735 690.1861 178.9819 831.7579 267.4033 1.4256 1.6459 4.4596 2.7691 1.5656 14.2169 4.6611 0.9105
Car -1 -1 3.2607 458.6196 171.8265 529.4421 199.9918 1.5293 1.6311 3.7133 -6.3710 1.4735 40.0618 3.1036 0.7485
Car -1 -1 4.7041 643.6347 177.4977 680.6634 213.5177 1.5149 1.5820 3.8859 2.3729 1.7391 32.8464 4.7750 0.5215
Car -1 -1 2.8924 699.8633 169.6932 764.4112 192.1454 1.4875 1.6533 4.0186 8.2599 1.2781 48.7936 3.0588 0.2682
Car -1 -1 4.0148 1017.5019 184.4259 1242.0000 342.2464 1.4086 1.5699 3.9190 6.8937 1.5805 8.7256 4.6665 0.1193
Car -1 -1 4.9446 743.5599 167.0104 788.6722 194.7573 1.5262 1.6503 4.1624 9.1437 1.2048 41.9222 5.1576 0.1146
Car -1 -1 1.5351 638.1841 156.4045 671.6818 186.4751 1.5380 1.6549 3.9545 2.4000 0.6967 38.9025 1.5960 0.1048
Car -1 -1 5.1296 473.5881 165.4845 513.0905 186.3014 1.5843 1.6518 3.8665 -9.1348 1.0234 56.9942 4.9712 0.0904
Car -1 -1 4.3908 782.7956 174.7471 872.3399 230.8132 1.5786 1.5583 3.6133 6.6197 1.6419 22.2740 4.6755 0.0898
Car -1 -1 0.9033 979.4540 192.9724 1238.3662 304.0402 1.4778 1.5747 3.7428 8.1480 1.8730 12.2378 1.4787 0.0872
Car -1 -1 4.2922 705.9590 169.8850 752.7187 192.6807 1.5082 1.6608 4.0895 8.2310 1.3118 49.9269 4.4543 0.0773
Car -1 -1 4.9005 378.1092 171.9901 426.4821 203.0569 1.4045 1.5511 3.6870 -9.8532 1.3654 34.5238 4.6242 0.0713
Car -1 -1 4.4552 488.2881 164.8028 517.6758 182.5071 1.6110 1.7274 4.1901 -10.0648 0.8784 67.9204 4.3085 0.0710
Car -1 -1 1.4658 499.8318 187.6674 532.1234 213.4435 1.4707 1.6238 3.9025 -5.9595 2.4509 45.6542 1.3362 0.0706
Car -1 -1 1.6545 470.4861 163.5427 497.0643 185.5417 1.6400 1.6806 4.1939 -9.7142 0.9459 55.9524 1.4832 0.0649
Car -1 -1 4.5244 690.8940 170.0311 726.7943 195.2977 1.5485 1.5833 3.8122 6.3061 1.3755 46.1648 4.6589 0.0613
Car -1 -1 4.8136 610.5192 173.1189 641.5157 198.1107 1.5927 1.6720 3.9743 1.1373 1.6111 48.1017 4.8366 0.0604
Car -1 -1 4.8908 490.6372 170.8946 532.7302 200.5457 1.6215 1.6757 4.2197 -5.5832 1.5144 41.6043 4.7578 0.0602
Car -1 -1 4.3419 724.0194 172.7509 777.0955 201.4401 1.4731 1.5684 3.7151 7.5623 1.4678 39.0164 4.5315 0.0560
Car -1 -1 -0.1923 1024.0544 168.1207 1202.5778 223.1533 1.4801 1.5977 4.0039 14.4228 1.3528 20.9277 0.4042 0.0557
Car -1 -1 0.1048 617.6625 155.5369 693.3680 185.1416 1.5270 1.6165 3.8664 2.4665 0.6338 38.3361 0.1683 0.0555
Car -1 -1 2.5021 1038.4387 174.0918 1242.0000 257.7156 1.4785 1.5793 3.9328 10.5148 1.5032 13.5869 3.1498 0.0544
Car -1 -1 -0.3594 811.1358 177.7703 975.8881 231.4536 1.5126 1.6350 4.2231 8.2929 1.6635 21.3137 0.0063 0.0533
Car -1 -1 4.6347 622.8569 179.3567 665.0320 214.9915 1.5046 1.6177 4.1468 1.5286 1.8239 33.3307 4.6795 0.0507