Car -1 -1 4.3001 855.6469 140.1166 1242.0000 375.0000 1.7642 1.6962 4.5984 3.7536 1.5673 6.6989 4.7912 0.9201
Car -1 -1 4.6020 787.3631 161.8918 878.9760 238.2779 1.6224 1.6390 3.9820 5.2680 1.3896 17.4298 4.8903 0.8854
Car -1 -1 2.2553 1110.9426 234.5323 1242.0000 375.0000 1.4965 1.6189 3.9967 4.5255 1.8170 2.7684 3.2295 0.2912
Car -1 -1 0.7664 0.0000 0.0000 1242.0000 375.0000 1.4915 1.6017 3.8504 3.0355 1.7381 1.7283 1.7474 0.2815
Car -1 -1 -0.9326 824.0805 150.4958 882.7296 175.3421 1.7137 1.6974 4.4027 17.5020 0.1716 51.7207 -0.6081 0.1870
Car -1 -1 3.0642 770.0390 162.9653 867.1623 196.5096 1.5132 1.6244 4.2465 9.7005 1.0671 33.7654 3.3414 0.1557
Car -1 -1 1.6283 760.7682 169.6440 793.2131 198.1518 1.6689 1.7095 4.3313 10.3810 1.4810 44.5584 1.8554 0.1337
Car -1 -1 4.5283 811.5468 185.0684 946.1807 286.2896 1.4843 1.5678 3.5580 4.6439 1.7347 12.9116 4.8653 0.1331
Car -1 -1 -0.6068 774.0765 150.9319 844.9523 176.6333 1.6833 1.6689 4.4657 13.5174 0.2475 48.7859 -0.3381 0.1162
Car -1 -1 4.7793 787.1000 144.4445 831.5637 181.4702 1.5605 1.6790 3.8920 9.0533 0.3632 32.5250 5.0484 0.1118
Car -1 -1 -1.1731 403.6191 209.7476 1242.0000 375.0000 1.5535 1.6501 3.9737 1.5600 1.7696 2.3705 -0.6478 0.1019
Car -1 -1 4.7582 777.0458 151.1850 821.8655 192.0034 1.5631 1.6184 3.6020 7.8338 0.7333 29.5912 5.0144 0.0967
Car -1 -1 -0.8680 749.9913 154.2406 814.1956 182.5545 1.7890 1.6973 4.3690 11.4016 0.6129 47.5677 -0.6343 0.0962
Car -1 -1 3.6403 635.7173 179.9037 875.6866 275.1451 1.4376 1.5994 3.9627 2.5358 1.5833 13.0416 3.8271 0.0934
Car -1 -1 0.0098 0.0000 0.0000 1242.0000 375.0000 1.5164 1.6538 4.2416 4.3572 1.7186 2.0623 1.0836 0.0915
Car -1 -1 -0.7031 935.8002 235.8793 1242.0000 375.0000 1.4937 1.6338 3.8580 3.3173 1.8000 2.3276 0.1967 0.0860
Car -1 -1 3.2133 777.1160 145.2367 876.6559 182.1102 1.5257 1.6409 4.0356 9.4423 0.3830 31.3367 3.5033 0.0801
Car -1 -1 4.5030 761.5349 210.8909 1242.0000 375.0000 1.4654 1.5989 3.6872 1.7576 1.7848 4.1079 4.8796 0.0737
Car -1 -1 -0.7680 817.2715 178.7030 1079.7679 280.5505 1.4781 1.6224 3.9818 5.6496 1.5875 12.0651 -0.3402 0.0729
Car -1 -1 4.5245 776.1891 149.3792 813.4241 177.0085 1.8154 1.7201 4.1583 12.6628 0.2730 49.5355 4.7733 0.0685
Car -1 -1 -0.8854 809.8308 148.2799 871.7699 173.9555 1.7409 1.7335 4.4533 16.3215 0.0747 50.8625 -0.5765 0.0683
Car -1 -1 3.1720 790.6197 152.8386 859.9219 178.9091 1.6693 1.6711 4.3155 14.2438 0.3877 47.6700 3.4606 0.0670
Car -1 -1 1.3367 724.5875 178.9713 869.7173 280.1224 1.4635 1.5642 3.6371 3.0613 1.5847 12.4781 1.5708 0.0661
Car -1 -1 4.4469 744.8596 183.1369 892.9474 280.0819 1.4757 1.5994 3.8814 3.6713 1.6935 13.3390 4.7088 0.0645
Car -1 -1 4.4434 790.2084 150.2738 832.7136 176.6325 1.6994 1.7186 4.0964 13.5297 0.2436 48.5669 4.7135 0.0607
Car -1 -1 1.1284 768.5733 185.1573 956.2768 296.6877 1.5273 1.6043 3.4028 4.0227 1.7636 12.0665 1.4418 0.0597
Car -1 -1 4.6964 712.6180 208.5005 939.8885 375.0000 1.5365 1.6225 4.0649 2.0803 2.0065 7.3436 4.9599 0.0575
Car -1 -1 -0.0741 778.8660 150.7813 891.7169 189.1193 1.5234 1.6469 4.3538 9.2714 0.6463 29.9564 0.2231 0.0572
Car -1 -1 4.0954 1114.7874 200.6001 1242.0000 375.0000 1.4733 1.6048 3.7159 4.0361 1.6753 3.2614 4.9424 0.0543
Car -1 -1 2.9509 710.0573 183.2148 943.7392 276.0909 1.4831 1.6044 3.6815 3.6674 1.6790 12.6874 3.2250 0.0533
Car -1 -1 3.1867 764.3376 145.2009 870.9677 186.5857 1.5460 1.6114 3.9191 8.1627 0.5130 28.3403 3.4643 0.0524
Car -1 -1 1.5109 745.9759 180.3744 784.1719 212.1951 1.4623 1.6234 4.0534 7.7645 1.8626 36.2855 1.7195 0.0507