Car -1 -1 4.5707 594.8090 178.6585 627.5405 203.5488 1.4785 1.5624 3.6940 0.0633 1.8617 45.7009 4.5716 0.6251
Car -1 -1 1.5037 442.7942 185.9133 467.9769 206.4219 1.4901 1.6899 4.0783 -12.2969 2.5688 57.4084 1.2932 0.4699
Car -1 -1 1.8206 425.6106 183.8378 482.6109 220.7292 1.4256 1.5423 3.5152 -6.5534 1.9207 30.7346 1.6117 0.2132
Car -1 -1 1.3868 488.3862 183.7493 515.7847 203.4345 1.4966 1.5571 3.7688 -8.8385 2.4204 59.1438 1.2386 0.1949
Car -1 -1 1.5492 448.0505 184.3854 471.3114 206.9410 1.6017 1.6708 4.3634 -11.6465 2.5324 55.9175 1.3443 0.1811
Car -1 -1 1.8585 406.0823 181.4254 471.9740 222.1885 1.4468 1.5266 3.6459 -6.5981 1.8047 28.2600 1.6307 0.1471
Car -1 -1 1.6493 486.6720 178.8115 518.2446 206.1478 1.5222 1.5513 4.0066 -6.3561 1.8952 43.1233 1.5034 0.1306
Car -1 -1 1.7240 447.4344 180.5086 501.9395 220.5030 1.4299 1.5456 3.7329 -5.2385 1.7512 28.4060 1.5427 0.1119
Car -1 -1 1.6017 496.4203 179.1289 522.3043 203.9611 1.4778 1.5110 3.6637 -6.3262 1.8926 45.8018 1.4648 0.1118
Car -1 -1 0.0586 554.9917 179.3005 622.6744 204.6864 1.5235 1.6666 4.0955 -1.2465 1.9304 44.6520 0.0304 0.1106
Car -1 -1 1.7561 434.3751 183.4513 466.8349 206.2861 1.6002 1.6505 4.1981 -11.9928 2.4341 54.6554 1.5407 0.1022
Car -1 -1 1.5581 467.3298 182.7684 506.6363 220.1392 1.4209 1.5365 3.6858 -5.1873 1.8657 30.4202 1.3901 0.0986
Car -1 -1 1.5097 448.8468 185.9516 500.0720 229.7969 1.4513 1.6596 4.0515 -5.1826 1.9870 27.3450 1.3235 0.0925
Car -1 -1 1.9127 459.4318 187.5329 514.3100 218.8703 1.4620 1.6451 3.7471 -6.3142 2.2657 37.5144 1.7465 0.0922
Car -1 -1 1.7899 467.0721 184.4016 512.3708 213.5880 1.4455 1.5924 4.0526 -6.4885 2.1099 39.4408 1.6274 0.0919
Car -1 -1 2.0151 385.9944 187.4195 475.3803 231.9506 1.4451 1.6334 4.0814 -6.5790 2.0337 26.9955 1.7778 0.0916
Car -1 -1 1.5988 514.0869 178.8691 539.9592 203.7973 1.4876 1.5282 3.7798 -5.2207 1.8868 45.9447 1.4858 0.0903
Car -1 -1 1.5817 493.0333 185.8923 525.8109 216.8488 1.4710 1.6239 3.8583 -5.2483 2.1942 38.0012 1.4449 0.0799
Car -1 -1 1.3956 446.2770 180.0988 478.4004 202.4239 1.5508 1.6614 4.0637 -11.0005 2.1125 53.7412 1.1943 0.0788
Car -1 -1 1.9570 451.3114 185.2553 491.6639 207.7034 1.6161 1.6163 4.2817 -10.7955 2.6294 56.6989 1.7692 0.0743
Car -1 -1 2.8647 462.1481 185.3983 515.6352 205.0390 1.4758 1.7012 3.9159 -9.6766 2.5100 57.8769 2.6993 0.0738
Car -1 -1 1.7309 503.6476 179.0089 540.1127 206.8937 1.5527 1.5555 3.8709 -5.1783 1.9363 43.0091 1.6114 0.0731
Car -1 -1 1.9642 420.6642 180.4536 463.0352 203.1068 1.5626 1.6378 3.9917 -12.3321 2.1460 53.2878 1.7375 0.0716
Car -1 -1 1.3319 492.8920 180.2640 526.1910 201.2225 1.5149 1.6704 3.9125 -7.7674 2.1096 55.7835 1.1938 0.0698
Car -1 -1 1.8028 491.9338 183.2187 523.5495 203.8134 1.5409 1.6254 4.0934 -8.1734 2.4077 58.2262 1.6635 0.0677
Car -1 -1 -0.0985 444.9029 180.3430 558.9836 220.9290 1.4464 1.6449 4.1590 -4.1246 1.7454 27.5009 -0.2465 0.0676
Car -1 -1 1.5134 602.6838 178.0015 631.9635 203.2876 1.4610 1.5823 3.7741 0.4402 1.7914 44.3944 1.5227 0.0661
Car -1 -1 3.2798 433.1626 185.1237 486.8592 206.1727 1.5926 1.6239 3.9390 -11.7014 2.5715 56.6252 3.0765 0.0654
Car -1 -1 1.9926 517.0219 181.9635 555.0154 202.2348 1.5107 1.6155 3.7727 -5.8360 2.2645 57.6560 1.8917 0.0650
Car -1 -1 3.3098 583.1794 178.4130 647.3458 203.2026 1.5024 1.5946 3.8200 0.3785 1.8604 45.3516 3.3176 0.0639
Car -1 -1 0.9846 544.0734 181.0213 604.0770 207.0331 1.4762 1.6629 4.1684 -2.2366 2.0043 44.4812 0.9341 0.0595
Car -1 -1 1.6779 482.4761 181.2688 509.4005 202.3607 1.5341 1.6424 4.0703 -8.8121 2.2137 56.2056 1.5227 0.0587
Car -1 -1 1.4163 491.5523 184.7915 535.7570 215.8681 1.4108 1.6267 3.9395 -4.9029 2.0498 36.5046 1.2832 0.0580
Car -1 -1 1.5706 438.2622 182.7076 487.8640 227.9574 1.4311 1.6071 3.7808 -5.2110 1.8096 25.7077 1.3721 0.0579
Car -1 -1 0.2424 470.1623 185.5122 553.5408 214.9182 1.4550 1.6559 4.0300 -5.0624 2.1337 37.6419 0.1091 0.0554
Car -1 -1 1.5756 499.7470 182.0924 529.3821 210.8964 1.4632 1.5489 3.8454 -5.2463 2.0003 39.9436 1.4453 0.0529
Car -1 -1 1.6692 405.1004 185.2536 432.1346 205.6875 1.4576 1.6478 3.9120 -14.7891 2.4559 56.0317 1.4119 0.0528