Car -1 -1 4.7430 645.4151 184.8245 709.6694 243.4158 1.5570 1.7099 3.3915 2.0927 1.5466 20.8941 4.8410 0.9564
Car -1 -1 4.9651 315.9596 185.9969 419.2027 251.3274 1.5321 1.6005 3.9747 -6.1667 1.5549 18.9380 4.6541 0.9245
Car -1 -1 4.8362 394.8652 186.2184 453.4864 229.1278 1.4295 1.5752 3.8688 -6.5518 1.4686 26.0570 4.5919 0.8310
Car -1 -1 4.7931 727.4210 183.3625 756.6188 206.3537 1.4970 1.6540 3.7772 9.1938 1.3763 48.8445 4.9776 0.5782
Car -1 -1 2.3002 377.7779 186.3068 438.6990 210.0877 1.4757 1.6124 3.9413 -12.9282 1.5502 46.9271 2.0324 0.3087
Car -1 -1 2.0811 690.8416 183.7944 731.3783 204.3452 1.5813 1.5344 3.8089 8.3116 1.4719 57.2922 2.2240 0.2822
Car -1 -1 5.2773 0.0000 83.3717 308.0934 376.0000 2.1142 1.9292 5.0440 -4.6654 1.5478 6.5524 4.6777 0.2448
Car -1 -1 1.4707 389.6360 182.2991 412.3689 201.0971 1.6006 1.5500 3.8280 -18.1728 1.3523 63.2749 1.1917 0.2264
Car -1 -1 1.6501 433.5622 177.9014 456.5252 197.7127 1.5797 1.5480 3.7999 -13.3463 0.9965 59.3091 1.4293 0.2223
Car -1 -1 1.5694 369.4287 176.3937 391.8801 197.2598 1.5413 1.5888 4.0567 -17.4151 0.8896 55.2717 1.2652 0.1735
Car -1 -1 4.4783 634.9217 174.5207 664.2817 193.4309 1.5091 1.5873 3.7599 3.4669 0.6556 59.3577 4.5360 0.1396
Car -1 -1 2.2146 103.0956 207.6417 264.6829 273.2126 1.4073 1.6779 3.7716 -10.8458 2.0540 18.7555 1.6960 0.1266
Car -1 -1 1.5989 616.8536 188.4528 654.3340 221.7210 1.4556 1.6521 4.0074 1.3903 1.6176 33.9087 1.6390 0.1229
Car -1 -1 1.7165 797.8622 177.8792 842.6847 209.1251 1.4222 1.5310 3.9445 10.3705 1.0883 34.8318 2.0033 0.1197
Car -1 -1 1.5156 798.4686 174.7646 841.3099 209.5709 1.4452 1.5821 4.2674 9.4318 1.0112 32.1042 1.7986 0.1158
Car -1 -1 1.4581 397.8579 186.3766 431.9608 211.2376 1.5059 1.6888 3.7504 -12.2823 1.5832 45.7904 1.1971 0.1137
Car -1 -1 1.7237 437.8168 192.6588 462.9212 208.9975 1.4324 1.6773 4.1152 -14.5894 2.1484 67.0440 1.5097 0.1097
Car -1 -1 0.2568 61.4609 194.8930 253.7017 256.1753 1.4785 1.6465 4.0476 -11.7893 1.7546 19.1413 -0.2894 0.1065
Car -1 -1 1.0434 806.1709 167.2602 871.1484 197.8388 1.5099 1.6021 3.6305 11.9837 0.6233 37.4413 1.3507 0.1005
Car -1 -1 1.8862 695.9348 184.5998 733.7402 206.8788 1.4796 1.5558 3.5690 7.4728 1.4387 49.6846 2.0341 0.0973
Car -1 -1 5.1922 180.6272 199.8483 308.2802 259.8842 1.4579 1.6096 3.8238 -10.0899 1.9110 20.3285 4.7362 0.0941
Car -1 -1 1.8087 653.7636 174.1979 683.1068 193.3016 1.5997 1.6396 4.0043 5.3458 0.6771 62.3555 1.8934 0.0927
Car -1 -1 3.4925 695.0261 184.8250 759.5537 208.0961 1.5071 1.6430 3.9472 8.0479 1.4818 48.2409 3.6564 0.0926
Car -1 -1 3.4896 310.5309 183.8291 441.9605 227.8154 1.4838 1.6655 4.0550 -8.0172 1.4370 25.1669 3.1840 0.0916
Car -1 -1 2.0208 686.1028 187.1310 758.0690 221.7809 1.4809 1.6519 4.1075 5.3539 1.5748 33.1180 2.1792 0.0902
Car -1 -1 1.1040 349.4606 187.1930 403.3235 211.9117 1.5058 1.6994 3.9416 -14.8354 1.6381 46.1120 0.7940 0.0824
Car -1 -1 0.2897 372.6746 186.0407 438.8504 210.0773 1.5109 1.6449 3.7731 -12.8821 1.5648 46.1025 0.0183 0.0823
Car -1 -1 2.0029 0.0000 185.6637 347.8152 376.0000 1.8382 1.9025 5.0436 -4.8833 1.8452 8.7699 1.5072 0.0816
Car -1 -1 1.5885 637.6208 189.1301 675.0844 221.6467 1.4192 1.6615 4.0655 2.3576 1.6157 33.9766 1.6567 0.0765
Car -1 -1 1.8197 716.5990 179.8822 757.6722 205.9581 1.6082 1.6520 4.1361 8.4599 1.2792 46.5578 1.9979 0.0758
Car -1 -1 1.7102 488.9645 186.6210 521.4169 210.2285 1.4671 1.5133 4.3247 -6.6334 1.5633 47.0923 1.5706 0.0757
Car -1 -1 0.5107 485.2591 181.7385 564.2377 210.4706 1.4834 1.6431 3.9124 -4.4299 1.3039 38.6267 0.3969 0.0742
Car -1 -1 3.1648 643.1070 191.6948 717.9797 219.9020 1.4810 1.7406 3.9902 4.0231 1.8458 39.3630 3.2654 0.0706
Car -1 -1 0.5314 341.7469 177.2810 397.8079 197.6231 1.5007 1.5548 3.7416 -17.8823 0.9153 54.1875 0.2138 0.0688
Car -1 -1 4.8080 747.3503 184.1270 788.1824 216.5005 1.4919 1.6065 3.6858 7.8897 1.4418 35.1295 5.0267 0.0687
Car -1 -1 1.4797 829.0376 176.1451 876.4727 211.0981 1.4322 1.5877 4.1119 10.7355 1.0605 31.6379 1.8037 0.0678
Car -1 -1 1.3774 749.2579 184.9391 801.5226 218.0451 1.4170 1.6295 3.6158 7.5613 1.4051 32.6008 1.6029 0.0651
Car -1 -1 1.1320 718.3076 183.8030 771.6492 209.2355 1.4637 1.6359 3.9531 8.2722 1.3824 43.4889 1.3183 0.0644
Car -1 -1 1.7427 466.8627 172.0515 511.4645 203.0249 1.5794 1.6849 4.1016 -6.2934 0.9081 38.7154 1.5823 0.0644
Car -1 -1 1.4151 702.2974 194.2215 769.1315 241.6504 1.4687 1.6765 3.9251 4.3752 1.8064 24.9852 1.5860 0.0638
Car -1 -1 4.8227 796.7894 172.1658 832.2411 199.7136 1.4629 1.5236 3.5519 11.6001 0.7699 40.1056 5.1020 0.0636
Car -1 -1 4.6389 342.4257 167.7634 364.8463 186.2214 1.6322 1.6429 4.0626 -23.2175 0.0889 65.7559 4.3005 0.0631
Car -1 -1 1.7432 503.2744 186.8853 538.6401 210.0224 1.4411 1.6037 4.2101 -5.6151 1.5558 47.2293 1.6251 0.0628
Car -1 -1 0.3172 828.9709 175.7834 946.4483 213.6246 1.4562 1.6373 4.2115 11.5051 1.0933 29.6288 0.6840 0.0625
Car -1 -1 1.6760 386.2653 179.4742 412.0791 199.1971 1.5970 1.6512 4.1465 -17.4371 1.1321 60.3930 1.3958 0.0612
Car -1 -1 2.7723 754.6708 180.1977 850.7728 212.2199 1.4622 1.5977 4.0621 9.1652 1.2331 33.8373 3.0343 0.0600
Car -1 -1 1.2504 819.6339 176.0627 877.8647 206.6853 1.4500 1.5914 3.9341 12.0192 1.0166 36.0052 1.5699 0.0599
Car -1 -1 1.8402 397.4730 182.7451 427.2559 200.4132 1.5121 1.5804 3.7900 -17.1502 1.3007 63.4235 1.5768 0.0594
Car -1 -1 -0.2523 711.4257 183.0697 771.6638 206.0626 1.5148 1.6368 3.6855 8.9990 1.3734 48.3038 -0.0696 0.0592
Car -1 -1 4.7870 252.3518 216.2114 362.8470 315.2892 1.4507 1.6329 3.8832 -5.6462 2.1419 13.9343 4.4080 0.0585
Car -1 -1 1.5279 642.6121 174.4655 663.8051 194.0143 1.5311 1.5525 3.6152 3.6939 0.6891 58.1256 1.5907 0.0582
Car -1 -1 2.1092 47.4189 188.4772 226.2327 262.8051 1.5122 1.6386 3.9967 -10.7541 1.5976 16.8188 1.5472 0.0573
Car -1 -1 1.3098 677.1288 191.0180 724.7310 218.5731 1.4461 1.6996 3.9460 5.2417 1.7910 40.6651 1.4365 0.0568
Car -1 -1 4.8082 720.1823 184.6817 760.6494 216.8177 1.4947 1.6153 3.7274 6.6138 1.4698 35.4486 4.9908 0.0567
Car -1 -1 1.4481 702.9654 198.0394 758.9200 240.3340 1.4539 1.6785 3.5881 4.6885 1.9798 27.6488 1.6138 0.0562
Car -1 -1 1.7814 492.2020 179.8863 535.3620 207.6680 1.4976 1.6238 3.9966 -5.2451 1.2103 40.8091 1.6540 0.0561
Car -1 -1 1.7976 793.4476 178.9364 849.2766 211.8000 1.4227 1.5668 4.2737 9.9975 1.1508 33.3645 2.0860 0.0559
Car -1 -1 3.0801 401.0913 183.6340 465.1202 207.4505 1.4820 1.6720 3.8968 -11.1752 1.3836 46.1041 2.8432 0.0538
Car -1 -1 2.7269 815.0375 170.6461 902.0908 200.2381 1.4705 1.6274 3.8665 12.7907 0.7465 36.6911 3.0596 0.0531
Car -1 -1 5.4237 0.0000 3.4568 237.4500 376.0000 2.1218 1.6939 4.1063 -4.4396 1.3982 4.9185 4.7166 0.0529
Car -1 -1 1.6357 202.0745 202.5850 283.5454 267.6064 1.4313 1.6418 3.6033 -9.4481 1.9349 18.8604 1.1765 0.0527
Car -1 -1 1.8561 780.9766 179.3118 847.9767 216.7932 1.4760 1.6101 4.2379 8.8666 1.2435 30.5295 2.1358 0.0526
Car -1 -1 1.1577 697.8193 185.1089 735.4551 203.8922 1.5065 1.6241 3.9896 9.0586 1.4980 59.7936 1.3069 0.0520
Car -1 -1 5.1144 115.0009 179.3108 380.1808 323.9351 1.7084 1.7763 4.5612 -4.9738 1.6387 10.7903 4.6915 0.0519
Car -1 -1 1.7161 142.5247 207.6842 245.2282 276.4981 1.4009 1.6793 3.5412 -10.1317 2.0204 17.8642 1.2061 0.0508
Car -1 -1 1.6851 422.9644 176.3638 450.2984 197.7954 1.6114 1.6214 4.0459 -13.2837 0.9459 56.1545 1.4535 0.0502