Car -1 -1 5.1708 0.0000 193.0526 381.0214 375.0000 1.4215 1.6316 3.8741 -3.0103 1.6230 5.2257 4.6690 0.9354
Car -1 -1 4.5562 689.7431 183.4384 808.4402 283.3516 1.5163 1.5648 3.1642 2.3605 1.7288 12.8859 4.7321 0.9281
Car -1 -1 0.3743 231.9281 169.6680 420.1120 232.0152 1.5336 1.6374 4.2043 -7.1994 1.4552 18.5859 0.0092 0.8631
Car -1 -1 4.6456 671.8273 185.3351 750.8655 255.7483 1.4697 1.6368 3.7452 2.3865 1.8085 17.6632 4.7767 0.8419
Car -1 -1 1.7405 481.1619 169.4155 553.0995 221.2135 1.6324 1.7584 4.1959 -3.0842 1.5241 24.8764 1.6179 0.8013
Car -1 -1 4.7955 522.6996 173.9217 565.5383 208.6834 1.4817 1.6114 3.9765 -2.9220 1.5333 32.8699 4.7070 0.7301
Car -1 -1 4.6526 629.2798 175.1307 657.2603 198.7062 1.5501 1.6811 4.1995 2.2938 1.7144 49.9616 4.6977 0.6982
Car -1 -1 5.5074 468.1510 159.4066 530.9825 184.5948 1.5661 1.6761 4.0164 -7.1125 0.7300 46.9711 5.3577 0.3215
Car -1 -1 4.7364 631.4964 164.2745 650.3448 182.7385 1.6851 1.6767 3.9944 2.9764 0.9021 67.8980 4.7798 0.2929
Car -1 -1 4.6129 674.3415 175.1131 703.8412 198.9135 1.5010 1.5533 3.9492 5.2352 1.6571 47.8624 4.7208 0.2881
Car -1 -1 4.7177 469.2923 161.6903 502.6334 191.7317 1.4491 1.5911 3.8175 -6.2908 0.9106 36.8172 4.5494 0.2330
Car -1 -1 4.5955 671.9483 175.5187 702.3905 199.3494 1.4669 1.5702 3.2821 4.9601 1.6445 46.4343 4.7008 0.0980
Car -1 -1 5.0085 525.5466 165.5747 559.0475 187.0048 1.7433 1.7188 3.9930 -5.6289 1.1512 60.8263 4.9164 0.0931
Car -1 -1 -0.1703 513.7917 168.9813 571.7162 191.4989 1.5743 1.6627 3.9121 -4.8039 1.3036 51.7571 -0.2627 0.0903
Car -1 -1 -0.0588 695.2545 167.3745 775.8663 196.6274 1.4728 1.6335 4.0184 6.4666 1.1969 37.3614 0.1109 0.0834
Car -1 -1 1.4573 668.2753 176.0446 698.3958 199.1082 1.5095 1.6348 3.8144 5.0394 1.7376 49.6729 1.5574 0.0802
Car -1 -1 1.0516 631.5553 176.5957 687.0956 202.2522 1.5154 1.6570 4.1274 3.0795 1.7627 45.4819 1.1183 0.0781
Car -1 -1 1.3082 691.7487 162.4508 746.5497 194.6030 1.4715 1.6389 4.0122 5.2604 0.9954 35.1088 1.4554 0.0778
Car -1 -1 -0.0910 676.4360 182.2751 864.5110 255.1517 1.5285 1.6383 3.9993 3.5526 1.7570 16.4512 0.1170 0.0773
Car -1 -1 1.5304 563.7050 178.6093 598.9553 211.0529 1.4856 1.5845 3.7919 -1.4408 1.7859 35.6873 1.4897 0.0738
Car -1 -1 1.3032 534.5435 184.3783 582.8130 214.6256 1.4564 1.5733 3.9566 -2.7678 2.1051 38.4896 1.2313 0.0708
Car -1 -1 1.9749 547.9180 176.2850 587.7520 198.3782 1.5563 1.5696 3.8289 -3.0535 1.8207 53.5366 1.9178 0.0704
Car -1 -1 3.4804 494.0706 161.3091 543.2957 177.5357 1.5066 1.6067 4.3311 -8.5835 0.4347 68.2393 3.3556 0.0698
Car -1 -1 3.1360 613.0854 174.6412 675.8948 197.8503 1.5667 1.6491 4.2549 2.3997 1.6922 49.7593 3.1834 0.0692
Car -1 -1 4.5954 543.6241 170.0372 566.4666 187.5750 1.5343 1.6108 3.9171 -4.9541 1.2879 65.2018 4.5196 0.0655
Car -1 -1 -0.5298 634.8385 175.5851 698.9078 198.2183 1.4708 1.6176 4.0686 3.8907 1.6620 48.8925 -0.4513 0.0649
Car -1 -1 1.8725 665.3380 176.4590 709.3062 201.7408 1.4949 1.6383 4.0035 4.9437 1.7328 45.4440 1.9797 0.0627
Car -1 -1 -0.2658 672.9781 173.0008 739.8187 197.2230 1.5392 1.6529 4.0165 6.2758 1.5489 46.9500 -0.1342 0.0621
Car -1 -1 1.3904 655.7488 175.0266 689.8154 197.9120 1.5247 1.6768 4.0198 4.3836 1.6832 50.5464 1.4760 0.0620
Car -1 -1 4.7850 689.3127 171.9568 723.9737 200.3955 1.4665 1.5954 3.8482 5.3231 1.4202 39.2545 4.9183 0.0619
Car -1 -1 3.0729 620.8785 180.1868 683.1619 205.4581 1.5106 1.6423 3.7250 2.5819 1.9710 44.4608 3.1300 0.0615
Car -1 -1 4.5266 455.5783 164.7687 503.6287 198.8933 1.4660 1.5499 3.4130 -5.9639 1.1187 32.8688 4.3482 0.0580
Car -1 -1 -0.8313 689.7371 173.9095 751.1784 198.5165 1.5320 1.6523 4.0614 7.2517 1.6036 47.0062 -0.6796 0.0579
Car -1 -1 3.5448 457.5974 172.3671 560.5309 207.1752 1.4735 1.6303 4.2025 -4.4240 1.4529 31.8838 3.4076 0.0578
Car -1 -1 1.8333 326.2555 163.6671 399.6416 210.5141 1.4863 1.4471 3.7309 -8.3785 1.1948 24.7976 1.5105 0.0573
Car -1 -1 2.2090 0.0000 182.3826 45.8865 375.0000 1.4366 1.5790 3.6307 -5.9260 1.5296 5.1107 1.3757 0.0570
Car -1 -1 0.2264 613.5768 167.3662 660.7858 183.6696 1.4769 1.6047 4.1038 2.5601 0.9797 66.6718 0.2643 0.0558
Car -1 -1 1.6514 533.9182 179.9859 571.8923 212.5911 1.4906 1.5741 3.6698 -2.7493 1.8609 35.6282 1.5744 0.0555
Car -1 -1 3.1415 655.3542 175.2208 719.3766 198.7244 1.5165 1.5988 4.1444 5.1407 1.6765 47.7733 3.2476 0.0555
Car -1 -1 4.7360 360.4916 176.2778 426.6480 238.1076 1.5234 1.6003 3.8196 -5.9349 1.6283 20.0560 4.4513 0.0536
Car -1 -1 0.1425 440.8460 160.4570 520.5645 190.5782 1.4631 1.5488 3.7180 -6.3617 0.8609 35.8811 -0.0319 0.0529
Car -1 -1 -0.1543 625.9598 173.2748 694.0429 197.9172 1.5659 1.6501 4.2083 3.2476 1.5938 46.8870 -0.0861 0.0519
Car -1 -1 4.7343 559.5933 174.3999 597.0366 207.5752 1.4373 1.6322 4.2127 -1.4047 1.5137 33.5793 4.6923 0.0514
Car -1 -1 1.5306 550.9765 171.8857 571.3682 189.7784 1.5365 1.6359 4.3185 -4.3341 1.4534 64.1961 1.4632 0.0509
Car -1 -1 4.7108 683.3192 176.8861 708.9985 200.1750 1.4767 1.6467 4.1846 5.8347 1.7609 48.6784 4.8290 0.0506