Car -1 -1 1.9292 279.7913 187.9570 380.9165 239.7162 1.4684 1.6475 4.4540 -9.1305 2.0174 23.9992 1.5688 0.9456
Car -1 -1 1.7853 432.5802 180.6483 473.6744 207.8335 1.5658 1.7186 3.7137 -9.5913 2.0664 44.4833 1.5737 0.7070
Car -1 -1 4.7808 587.7900 174.9597 616.7544 198.4819 1.4704 1.6255 4.2296 -0.4398 1.6157 47.6485 4.7712 0.6922
Car -1 -1 1.7004 437.0882 173.1407 490.8962 211.4162 1.4392 1.6177 3.9990 -5.8164 1.4516 29.2088 1.5051 0.2446
Car -1 -1 1.7546 399.5922 176.2348 459.1474 216.0358 1.4766 1.6185 3.9772 -7.1947 1.6227 29.1457 1.5143 0.1993
Car -1 -1 1.4962 213.1860 180.3604 240.4140 201.3203 1.4794 1.5425 3.7441 -28.8553 2.0656 54.3533 1.0099 0.1753
Car -1 -1 1.4251 274.7709 190.5524 305.3857 212.9709 1.5795 1.6086 4.1577 -25.0359 3.0185 56.4790 1.0093 0.1628
Car -1 -1 1.6129 476.3023 179.4854 496.0998 196.2509 1.4662 1.6394 3.9225 -11.3876 2.0987 66.7721 1.4443 0.1562
Car -1 -1 1.5617 279.5559 191.9820 307.4591 217.5056 1.5153 1.6375 3.7360 -21.0042 2.8400 47.9317 1.1504 0.1534
Car -1 -1 1.4677 434.9174 179.9871 489.8759 222.8840 1.4197 1.5941 3.9171 -5.5052 1.7043 26.6878 1.2657 0.1474
Car -1 -1 1.8861 439.3638 183.7419 490.4976 213.4793 1.4695 1.5788 3.9152 -7.7893 2.0916 39.1868 1.6907 0.0997
Car -1 -1 3.0344 429.3552 177.5898 540.3028 216.6789 1.4322 1.6496 4.1087 -4.8792 1.6257 28.1228 2.8636 0.0971
Car -1 -1 5.5369 309.3327 180.2206 381.6912 207.7385 1.5647 1.6719 4.1483 -16.1917 2.0412 44.4456 5.1891 0.0873
Car -1 -1 1.7471 488.0391 174.2309 518.7576 197.8892 1.6264 1.5427 3.7386 -7.5697 1.7287 51.7154 1.6021 0.0858
Car -1 -1 1.4725 193.6493 181.3678 224.0094 202.9331 1.4897 1.6060 3.8111 -29.7180 2.1445 53.4668 0.9671 0.0824
Car -1 -1 4.7698 443.3657 179.1634 479.2332 211.8598 1.5445 1.5715 3.7548 -7.5156 1.8837 36.8144 4.5694 0.0815
Car -1 -1 1.7314 381.5529 180.7655 446.7929 225.6118 1.4822 1.6817 4.0634 -7.1337 1.7980 26.6951 1.4723 0.0783
Car -1 -1 1.3234 287.0941 186.2366 318.9267 206.5379 1.6055 1.5560 4.1272 -26.3518 2.7940 61.9643 0.9225 0.0736
Car -1 -1 1.6442 462.9642 177.6488 494.6227 204.1087 1.4361 1.5367 3.5666 -7.5145 1.7255 41.6879 1.4666 0.0718
Car -1 -1 1.5815 242.6772 196.5213 288.1664 235.2738 1.4274 1.6789 3.8659 -14.8656 2.5218 31.2573 1.1405 0.0699
Car -1 -1 1.7916 430.0943 177.2054 478.7831 209.8970 1.4523 1.5117 3.5625 -7.3188 1.6701 34.3212 1.5827 0.0672
Car -1 -1 1.7450 576.9197 170.8857 614.7756 198.8469 1.6652 1.6762 4.1193 -0.8078 1.5480 45.1346 1.7267 0.0649
Car -1 -1 2.0075 276.3372 184.2670 336.6661 213.8190 1.5369 1.6177 4.0057 -17.1945 2.2198 41.1335 1.6135 0.0620
Car -1 -1 3.0721 420.8071 181.4732 488.8366 209.9457 1.6916 1.7037 4.0480 -9.6800 2.2466 45.0808 2.8613 0.0607
Car -1 -1 1.6269 309.4984 179.1832 340.8607 205.6396 1.4991 1.5574 3.7391 -17.2470 1.9017 43.8709 1.2541 0.0605
Car -1 -1 4.8094 317.2237 186.3102 380.2193 233.7238 1.5082 1.7477 4.2882 -9.4958 2.0460 26.5443 4.4685 0.0597
Car -1 -1 3.2909 416.3225 181.4438 480.2472 207.3066 1.5077 1.6128 3.5682 -9.7056 2.0379 43.6064 3.0728 0.0594
Car -1 -1 1.6350 422.8132 181.8816 473.5969 223.7532 1.4370 1.6365 4.0878 -6.1483 1.8120 27.8310 1.4191 0.0586
Car -1 -1 1.6483 336.1329 181.9269 359.9313 201.3021 1.5193 1.5685 4.0604 -21.9923 2.3108 60.7741 1.3022 0.0583
Car -1 -1 1.7225 502.2765 172.7088 532.7870 196.9486 1.6709 1.6123 3.7622 -6.5467 1.6609 51.6377 1.5967 0.0581
Car -1 -1 4.7993 464.0529 179.4580 505.8023 213.0721 1.4776 1.6238 3.9553 -5.9098 1.8125 34.5552 4.6307 0.0563
Car -1 -1 4.7787 462.4153 179.1604 498.1262 211.5179 1.5404 1.5560 3.6631 -6.5820 1.8804 36.9961 4.6034 0.0546
Car -1 -1 1.7052 323.1191 184.3588 352.5614 206.7135 1.5869 1.5858 4.0609 -20.8923 2.5077 55.5953 1.3470 0.0545
Car -1 -1 1.8148 475.6206 176.4939 517.4626 203.2356 1.4660 1.5396 3.7583 -6.5304 1.6878 42.0258 1.6612 0.0543
Car -1 -1 2.0176 145.4706 189.3957 315.3094 279.0036 1.4024 1.4957 3.3299 -6.9443 1.7525 13.5906 1.5527 0.0539
Car -1 -1 1.7313 499.8430 175.6394 527.7822 197.1580 1.5522 1.5360 3.5373 -7.1717 1.7687 54.3000 1.6002 0.0538
Car -1 -1 4.5472 376.7581 181.3589 440.4644 226.2982 1.5399 1.7133 4.0839 -7.8011 1.8934 27.7752 4.2754 0.0524
Car -1 -1 1.9321 285.3867 192.0964 326.2335 213.2274 1.4994 1.6572 3.9967 -23.9029 3.0714 56.9162 1.5358 0.0521