Car -1 -1 1.7902 477.0700 181.0238 580.2479 255.9053 1.4947 1.5892 3.6867 -1.7531 1.7060 16.7447 1.6866 0.9715
Car -1 -1 4.7498 530.2830 175.5965 578.2766 218.0988 1.4813 1.6605 4.1419 -2.0384 1.5939 27.5180 4.6760 0.1933
Car -1 -1 4.7143 476.1017 180.1456 498.8880 202.4749 1.5004 1.5515 3.5203 -8.7166 2.0403 51.5629 4.5473 0.1193
Car -1 -1 1.4476 570.1187 184.5233 627.9362 228.0163 1.4643 1.6919 4.3205 -0.4861 1.9498 27.7618 1.4295 0.1174
Car -1 -1 4.5192 482.1060 172.5807 544.9479 214.1176 1.4405 1.6209 3.8776 -3.6780 1.4310 27.1188 4.3852 0.1024
Car -1 -1 1.3501 508.2102 178.3276 535.5109 196.4036 1.5150 1.5745 3.9357 -7.7938 2.0156 63.8753 1.2288 0.0883
Car -1 -1 3.2608 462.2018 172.9267 582.4946 215.0373 1.4781 1.6438 4.1593 -3.0932 1.4808 26.1549 3.1438 0.0872
Car -1 -1 1.6031 551.9225 185.3785 589.1323 220.4363 1.4775 1.6129 4.2569 -1.7886 2.1064 34.0859 1.5504 0.0787
Car -1 -1 4.6695 544.2581 180.9018 579.6159 213.5801 1.4812 1.5771 3.7839 -2.3963 1.9007 35.6407 4.6023 0.0674
Car -1 -1 1.4725 575.4217 184.0635 623.0462 221.2253 1.4060 1.6252 4.0366 -0.5019 1.9150 30.6640 1.4555 0.0638
Car -1 -1 3.6824 421.5732 174.5523 542.0901 217.4375 1.4561 1.6307 4.0291 -4.6172 1.5211 26.1006 3.5085 0.0592
Car -1 -1 -0.2147 527.7193 181.9278 644.0901 225.6595 1.4828 1.6287 3.9788 -0.8855 1.8293 26.2748 -0.2488 0.0580
Car -1 -1 3.4804 466.4645 178.9462 523.3308 200.8999 1.4940 1.5623 3.6426 -8.0573 1.9323 50.8112 3.3236 0.0569
Car -1 -1 4.1906 528.4834 177.3836 574.1880 198.9781 1.4994 1.5564 4.0115 -4.3207 1.8457 53.0695 4.1094 0.0546
Car -1 -1 1.6463 538.6742 185.7814 583.0012 222.6604 1.4174 1.6047 4.0147 -2.0427 2.0118 31.1602 1.5807 0.0524
Car -1 -1 -0.3926 566.9827 176.2806 654.3867 208.2119 1.4760 1.6190 3.9413 0.0551 1.6501 35.1744 -0.3916 0.0516
Car -1 -1 1.6703 458.8921 189.1785 501.0312 224.2549 1.4378 1.5494 3.5675 -5.8959 2.2288 33.1245 1.4949 0.0511