Car -1 -1 2.0206 24.8285 191.5264 355.6497 373.5342 1.5550 1.6684 4.0695 -4.5499 1.8317 8.6392 1.5478 0.9780
Car -1 -1 1.7718 516.4467 176.8842 565.8884 208.5443 1.4374 1.6452 3.9662 -3.2857 1.6464 35.3447 1.6793 0.9500
Car -1 -1 4.4253 758.4341 160.1343 946.1841 274.2063 1.6609 1.7875 4.7628 4.0274 1.4757 12.8945 4.7207 0.9448
Car -1 -1 4.5468 731.9670 177.7122 821.6295 239.4722 1.4498 1.6527 4.0864 4.3554 1.5942 19.3495 4.7642 0.9321
Car -1 -1 4.5278 710.9851 173.6511 777.2253 221.4349 1.5375 1.6180 3.5534 4.5911 1.5671 25.0572 4.7063 0.8728
Car -1 -1 4.6247 703.6815 171.0097 752.1021 209.5764 1.5048 1.6444 3.9297 4.8805 1.4329 30.1718 4.7831 0.7783
Car -1 -1 2.4111 0.0000 205.7949 137.9783 375.0000 1.4231 1.5180 3.6641 -4.6687 1.6948 4.1041 1.5936 0.6181
Car -1 -1 3.3909 507.9315 165.4518 558.2040 183.9145 1.5001 1.6111 3.8578 -6.3108 0.8987 59.6999 3.2858 0.5032
Car -1 -1 4.4062 890.5961 168.4750 932.6376 192.0012 1.5801 1.6155 3.8510 21.0623 1.2860 50.4508 4.7994 0.3887
Car -1 -1 1.4714 582.2939 173.0196 605.0536 190.7909 1.4838 1.5732 4.0214 -1.4032 1.4986 62.3751 1.4487 0.3310
Car -1 -1 3.9665 0.0000 227.2353 148.2809 375.0000 1.4579 1.5980 3.9502 -5.8240 1.9139 5.2299 3.1528 0.2477
Car -1 -1 1.4708 697.3184 173.3171 741.2763 209.5464 1.5482 1.5884 3.8507 4.9356 1.5705 32.8446 1.6181 0.2025
Car -1 -1 1.8356 665.2838 176.9466 711.5369 205.7875 1.4646 1.5421 3.8899 4.3467 1.6995 39.3270 1.9443 0.1664
Car -1 -1 4.5868 509.0876 166.4738 538.9262 190.2247 1.6735 1.6800 4.0637 -6.3223 1.2239 53.0129 4.4684 0.1301
Car -1 -1 1.7818 577.3293 171.4608 607.7379 191.5708 1.6110 1.6561 4.3487 -1.3762 1.4994 60.0925 1.7586 0.1247
Car -1 -1 1.9641 0.0000 171.7494 277.1442 375.0000 1.5444 1.6271 4.2276 -3.0176 1.5421 3.7359 1.3184 0.1047
Car -1 -1 4.6798 696.7086 174.0333 732.4277 206.3433 1.5009 1.6123 3.7228 5.1327 1.5623 35.5971 4.8213 0.0954
Car -1 -1 4.7451 527.3715 176.6029 561.0032 206.1871 1.4561 1.6324 3.9361 -3.3991 1.6642 38.0345 4.6561 0.0943
Car -1 -1 0.2198 698.5087 174.7173 777.8372 208.0204 1.5042 1.5734 3.4355 6.0876 1.5960 34.1319 0.3943 0.0929
Car -1 -1 3.7624 0.0000 203.3795 171.9427 375.0000 1.4628 1.5727 4.0475 -5.1229 1.6948 4.2652 2.9168 0.0802
Car -1 -1 3.9140 773.9716 157.3091 843.4667 184.3841 1.6552 1.7101 4.3423 12.7422 0.7049 46.4145 4.1801 0.0793
Car -1 -1 1.4072 684.7822 176.2793 725.5673 204.2299 1.4447 1.5962 3.9584 5.2178 1.6431 39.7906 1.5362 0.0745
Car -1 -1 1.3685 890.5420 167.7899 930.1891 191.1619 1.5166 1.6538 4.2563 20.3931 1.1880 49.0644 1.7600 0.0689
Car -1 -1 -0.2801 874.2697 153.8550 1008.9319 197.2370 1.4857 1.6230 4.0823 11.7732 0.8351 25.8056 0.1434 0.0646
Car -1 -1 2.8027 892.3798 167.6919 958.9302 190.1347 1.5043 1.6131 3.8471 21.5559 1.1583 49.3036 3.2124 0.0644
Car -1 -1 1.8274 570.9015 172.4014 603.9308 193.7086 1.6681 1.6834 4.1602 -1.7595 1.6327 58.7052 1.7973 0.0641
Car -1 -1 4.3133 750.4354 164.8040 784.9599 182.4201 1.5815 1.6798 4.0530 14.6237 0.8588 66.9242 4.5274 0.0639
Car -1 -1 2.2203 0.0000 197.8005 112.0207 375.0000 1.4833 1.5855 4.3060 -4.0678 1.6717 3.1770 1.3533 0.0637
Car -1 -1 1.6163 669.3398 173.7937 709.0903 209.1030 1.5095 1.6291 4.0534 3.7044 1.5553 33.0873 1.7262 0.0631
Car -1 -1 1.5808 688.2195 190.6660 790.3803 293.5421 1.5140 1.6016 3.9867 2.4186 1.8981 13.4534 1.7536 0.0622
Car -1 -1 2.3780 0.0000 207.5779 168.3380 375.0000 1.4395 1.6351 4.1455 -5.2550 1.7860 5.1010 1.6038 0.0617
Car -1 -1 4.5128 518.1428 166.2075 546.4587 184.8433 1.5050 1.6196 3.8677 -6.4941 0.9682 60.3573 4.4059 0.0613
Car -1 -1 1.1730 682.8068 174.8047 743.7631 206.3832 1.5289 1.6536 4.1100 5.3020 1.6360 37.4032 1.3122 0.0530
Car -1 -1 4.7470 672.2269 184.3441 737.6621 246.6427 1.4407 1.5812 3.9111 2.6413 1.7841 19.5052 4.8787 0.0520
Car -1 -1 4.8319 785.1870 157.3930 818.0677 182.9464 1.6393 1.6729 3.9951 12.9335 0.6475 48.4545 5.0911 0.0511
Car -1 -1 4.7752 507.8732 164.7850 531.2785 185.9890 1.7284 1.7060 4.0432 -7.5593 1.0707 60.8841 4.6520 0.0502