Car -1 -1 3.4483 205.4893 192.6177 386.6740 254.2122 1.4558 1.5971 4.0001 -7.9857 1.9939 18.6643 3.0486 0.9627
Car -1 -1 -0.3294 699.8815 197.2540 865.4025 262.0399 1.4398 1.5901 3.6377 4.1881 2.0730 17.7482 -0.1025 0.9575
Car -1 -1 -0.6877 857.9181 200.7342 1242.0000 375.0000 1.4801 1.6330 3.7105 4.5479 1.7910 6.9920 -0.1314 0.9518
Car -1 -1 0.5291 48.2265 192.9290 318.8103 278.3424 1.4541 1.6279 4.1174 -7.8328 1.8535 13.5161 0.0120 0.9362
Car -1 -1 3.7057 0.0000 204.8237 253.1691 313.7259 1.4249 1.6044 3.9582 -7.7407 1.9451 10.8515 3.0973 0.8930
Car -1 -1 0.7118 0.0000 192.3283 159.7188 345.2477 1.5772 1.5901 3.8217 -7.6869 1.8276 8.4635 -0.0100 0.8052
Car -1 -1 4.7400 364.2363 179.5263 401.8441 216.3561 1.5827 1.5628 2.9194 -10.3837 1.9048 33.2096 4.4388 0.6358
Car -1 -1 3.2076 286.5714 187.7466 396.2634 238.8111 1.5297 1.6381 3.2498 -8.6682 2.0420 23.5788 2.8584 0.5971
Car -1 -1 1.5660 468.8575 189.8793 492.2193 211.7239 1.5394 1.7360 4.1985 -10.1161 2.9258 56.5322 1.3892 0.5411
Car -1 -1 4.7877 678.6891 190.5840 713.1158 220.6918 1.5145 1.6493 3.7910 4.9100 2.5640 40.6918 4.9062 0.5246
Car -1 -1 -0.1728 678.8139 194.4035 816.6180 252.1614 1.4900 1.5794 3.5294 3.7564 2.1120 20.0200 0.0089 0.4919
Car -1 -1 4.7903 335.0130 186.8615 397.5083 240.5787 1.6221 1.7317 3.8310 -8.3180 2.1463 24.9336 4.4710 0.4816
Car -1 -1 1.6701 873.2009 192.2427 907.8463 219.2316 1.5308 1.6894 3.9614 18.0088 2.8290 46.1625 2.0392 0.2969
Car -1 -1 0.0163 674.1462 190.0564 752.2987 220.8854 1.5892 1.6391 4.1589 5.6831 2.5603 39.5961 0.1571 0.2788
Car -1 -1 4.5491 670.6036 194.1070 744.2322 252.9842 1.4692 1.5691 3.3879 2.7588 2.1375 20.9681 4.6770 0.2762
Car -1 -1 4.5610 310.1379 173.4723 344.5286 198.0265 1.5919 1.6103 3.8808 -19.1834 1.6356 48.9663 4.1892 0.2460
Car -1 -1 1.1269 940.9771 195.6710 990.5681 218.8389 1.5336 1.8177 3.8265 26.3320 3.2853 53.4714 1.5815 0.2430
Car -1 -1 0.9905 1024.0732 191.8516 1082.4211 216.5363 1.5781 1.7529 3.7053 31.2284 2.9679 50.9043 1.5376 0.2313
Car -1 -1 3.7515 1087.4800 196.1924 1187.1108 233.3956 1.5316 1.6781 3.4446 24.7699 2.6926 33.9936 4.3763 0.2211
Car -1 -1 4.5576 270.0511 174.3702 319.4197 207.1012 1.4441 1.5761 3.7834 -14.8934 1.5199 34.0417 4.1478 0.1933
Car -1 -1 -0.0734 449.3673 190.6653 497.3633 211.8386 1.5253 1.6305 3.5048 -10.4493 2.9209 55.2995 -0.2598 0.1853
Car -1 -1 4.5151 1135.7065 194.3364 1224.4025 247.3243 1.5124 1.6001 3.7830 19.0920 2.2971 24.3060 5.1743 0.1814
Car -1 -1 3.2727 225.1216 193.8302 382.1013 250.7051 1.4802 1.6161 4.0265 -8.7782 2.1295 21.0354 2.8813 0.1730
Car -1 -1 4.8611 35.4288 157.4274 94.2619 192.5648 1.5316 1.6269 3.7194 -25.1877 0.8591 33.4734 4.2198 0.1657
Car -1 -1 4.7953 186.5575 174.2245 250.3578 221.8403 1.4873 1.5893 3.7416 -13.2911 1.5380 24.6864 4.3057 0.1528
Car -1 -1 1.0222 1040.0198 192.7839 1103.5182 218.4989 1.5391 1.6787 4.1168 30.9581 2.9352 48.4698 1.5872 0.1528
Car -1 -1 1.9020 834.7984 199.0483 890.4975 229.3102 1.4960 1.7688 4.2174 14.6658 3.0894 41.6888 2.2372 0.1519
Car -1 -1 4.7037 276.5519 181.0645 296.0611 199.2943 1.4906 1.5063 3.5417 -28.0799 2.2255 62.6548 4.2837 0.1473
Car -1 -1 1.5753 1114.7614 195.9920 1161.4335 229.4624 1.4412 1.7991 3.8413 26.3728 2.6633 36.0277 2.2026 0.1472
Car -1 -1 2.4756 790.0442 198.4609 862.2010 229.6711 1.5802 1.4887 3.7281 12.0575 3.0549 40.1737 2.7643 0.1423
Car -1 -1 4.5221 899.5405 191.2315 929.4433 210.4166 1.5764 1.7632 4.0238 27.6603 3.3008 65.5559 4.9192 0.1214
Car -1 -1 1.0553 998.0009 198.1222 1077.9861 232.6191 1.4388 1.7413 3.5719 20.4003 2.7108 34.5244 1.5845 0.1196
Car -1 -1 4.8883 223.0835 172.2199 296.2518 220.4879 1.5411 1.6200 3.8271 -12.0660 1.5209 25.0976 4.4440 0.1152
Car -1 -1 1.7699 865.9674 195.1692 908.9155 223.7278 1.5330 1.6849 4.1580 17.1341 2.9741 44.3888 2.1353 0.1148
Car -1 -1 4.3701 1042.8950 191.0573 1112.5439 229.9668 1.4375 1.5435 2.7665 19.1333 2.2227 29.6018 4.9387 0.1063
Car -1 -1 4.2014 195.5716 181.3988 253.2361 206.6335 1.4876 1.6203 3.6555 -24.2119 2.0442 45.3348 3.7131 0.1058
Car -1 -1 1.1843 1128.6421 194.6390 1208.0406 233.1494 1.5276 1.6560 3.4050 25.1329 2.5676 32.5855 1.8362 0.1042
Car -1 -1 4.3449 924.6849 190.5850 992.6545 229.6778 1.4851 1.5763 3.0442 14.6443 2.2714 30.4202 4.7890 0.0980
Car -1 -1 1.1495 868.1876 202.5560 936.0518 238.1702 1.4429 1.7016 3.3796 13.6402 2.9066 33.8323 1.5288 0.0967
Car -1 -1 1.8205 163.1329 173.7310 231.4584 210.9518 1.5281 1.6547 4.0396 -18.1182 1.5695 31.8897 1.3072 0.0882
Car -1 -1 -0.8723 836.9402 204.6976 920.0348 243.5997 1.5278 1.6994 3.4452 12.1337 3.0340 32.5367 -0.5193 0.0861
Car -1 -1 1.3738 478.1493 186.2511 506.7470 206.5977 1.5385 1.5663 4.0610 -9.7057 2.6855 59.5995 1.2127 0.0857
Car -1 -1 0.1667 940.6126 184.8636 997.3038 203.2282 1.5320 1.8357 4.3173 32.2702 2.6444 64.8276 0.6263 0.0841
Car -1 -1 3.3997 851.9570 193.9758 917.5578 219.0243 1.5056 1.7304 3.7812 18.3701 2.9697 48.2112 3.7610 0.0836
Car -1 -1 2.1127 261.0424 186.4264 390.7830 248.1346 1.5025 1.6340 3.8993 -7.9150 1.9277 20.5398 1.7487 0.0831
Car -1 -1 1.7037 882.7767 193.6098 918.2308 219.1265 1.5170 1.6951 4.1450 19.6836 2.9826 48.7303 2.0847 0.0824
Car -1 -1 2.8562 887.2914 191.0878 932.9980 209.3895 1.5586 1.7874 3.4132 26.8981 3.2193 64.6486 3.2483 0.0816
Car -1 -1 3.2451 23.3263 161.9270 140.4239 199.2415 1.4945 1.5559 3.8517 -22.1972 1.0569 30.5329 2.6205 0.0797
Car -1 -1 1.7435 166.6491 180.9154 202.2228 203.6416 1.5126 1.5610 3.7186 -30.2747 2.1101 51.4678 1.2139 0.0772
Car -1 -1 4.8553 325.1931 180.3692 383.6275 223.5493 1.4729 1.5687 3.5362 -9.5259 1.7754 27.1543 4.5206 0.0767
Car -1 -1 3.2697 306.5330 182.1616 401.9353 218.1336 1.5270 1.6490 3.8618 -11.4061 1.9613 32.4581 2.9339 0.0766
Car -1 -1 4.6878 396.7486 199.0699 443.7799 244.2444 1.4407 1.6096 3.6381 -7.1925 2.5031 27.2698 4.4316 0.0760
Car -1 -1 1.1305 484.1304 188.7648 524.7803 209.2133 1.4754 1.7138 3.8667 -8.3917 2.7868 57.3885 0.9855 0.0729
Car -1 -1 1.1625 1125.0250 202.9360 1221.5509 246.8799 1.4350 1.7493 3.3036 21.6474 2.6723 27.8628 1.8171 0.0728
Car -1 -1 1.1057 776.7108 184.9311 836.5273 213.9190 1.5266 1.6793 4.1164 11.3953 2.2662 42.0044 1.3682 0.0712
Car -1 -1 4.1619 248.5881 191.3210 370.5428 248.6046 1.5302 1.6842 3.9163 -9.3065 2.1475 22.2881 3.7701 0.0699
Car -1 -1 2.1017 910.5586 190.2032 950.6210 209.5847 1.6100 1.6690 3.6607 28.8459 3.2103 64.8087 2.5181 0.0699
Car -1 -1 1.3303 1103.4559 196.0465 1171.7462 231.9329 1.4893 1.7352 4.0467 25.5029 2.6848 34.9905 1.9554 0.0699
Car -1 -1 -0.6416 1061.4747 191.5962 1135.8245 216.3964 1.5407 1.7360 3.7366 31.9786 2.7926 47.2356 -0.0500 0.0695
Car -1 -1 0.2806 94.4475 173.8438 218.6601 212.3085 1.5360 1.6677 4.1045 -18.8685 1.5793 30.2394 -0.2735 0.0690
Car -1 -1 4.6585 991.3804 195.8448 1032.8788 227.7709 1.4286 1.6539 3.6996 20.7130 2.6794 37.2289 5.1621 0.0678
Car -1 -1 -0.2474 657.9114 190.1414 733.0527 219.1910 1.5356 1.6610 3.8987 4.7935 2.5318 40.5022 -0.1312 0.0669
Car -1 -1 2.9961 492.3661 186.2597 543.7094 205.8392 1.4747 1.7560 3.8501 -7.3143 2.5696 57.5719 2.8698 0.0663
Car -1 -1 0.2104 300.1829 187.3571 411.7291 232.0320 1.5298 1.6130 3.5868 -9.1965 2.0808 26.3895 -0.1223 0.0653
Car -1 -1 1.3470 515.4722 182.3501 546.9058 203.6715 1.5322 1.5942 3.8794 -6.0961 2.2943 55.8102 1.2383 0.0652
Car -1 -1 4.8164 939.4454 194.3053 984.6617 228.7091 1.4388 1.5824 3.7884 17.0040 2.5316 34.7298 5.2676 0.0648
Car -1 -1 4.6754 367.4765 180.3689 406.2704 216.3750 1.4795 1.5379 3.0116 -9.9145 1.8305 32.0227 4.3771 0.0637
Car -1 -1 2.5996 1170.0743 184.6080 1242.0000 236.4278 1.4940 1.6229 4.2447 20.3637 1.8805 22.5321 3.3275 0.0629
Car -1 -1 1.7591 452.0845 191.1471 483.3187 212.4793 1.4922 1.6785 3.7960 -10.8972 2.9510 55.6362 1.5661 0.0622
Car -1 -1 4.5376 768.3167 180.4896 825.0099 220.2934 1.4470 1.6178 3.2344 7.3360 1.7667 28.5436 4.7860 0.0617
Car -1 -1 1.2672 1064.1499 191.7962 1115.4886 218.3070 1.5583 1.7308 3.8317 31.5194 2.8590 47.4656 1.8499 0.0611
Car -1 -1 4.4254 396.1980 191.7172 473.9040 240.7412 1.4836 1.6554 3.8077 -6.2299 2.2037 25.4844 4.1874 0.0605
Car -1 -1 4.2225 231.4086 188.1769 276.0000 207.6849 1.4722 1.6558 3.8616 -29.1513 2.7650 59.0791 3.7656 0.0600
Car -1 -1 2.7409 929.9648 166.8873 1135.4392 231.3499 1.4958 1.6389 4.0536 10.2843 1.3574 17.7911 3.2574 0.0599
Car -1 -1 4.5944 274.2448 172.2780 320.4382 206.2315 1.4603 1.5446 3.4438 -14.2755 1.4355 32.9091 4.1878 0.0595
Car -1 -1 4.1892 799.0830 202.4367 875.2072 241.0208 1.5062 1.7089 3.6991 10.3918 2.9498 33.2161 4.4889 0.0593