Car -1 -1 5.2890 0.0000 181.1346 255.8702 295.9999 1.6073 1.7006 3.9657 -7.7358 1.5502 12.0550 4.7284 0.9772
Car -1 -1 5.0438 298.1876 183.4653 389.7337 232.3623 1.4274 1.6205 3.5978 -8.2310 1.3763 22.7924 4.7007 0.9643
Car -1 -1 4.9236 368.7373 178.8028 501.2559 268.8723 1.5841 1.7114 4.4111 -3.3544 1.4713 14.8547 4.7050 0.9523
Car -1 -1 4.7217 557.2264 179.0374 606.0251 221.0460 1.4725 1.7110 3.8995 -0.9461 1.2559 27.1687 4.6868 0.9406
Car -1 -1 4.8255 472.4832 179.7013 524.6531 220.6939 1.5088 1.5989 3.8847 -4.2240 1.3058 28.4261 4.6790 0.9192
Car -1 -1 5.1793 154.1301 180.4970 267.0276 227.2198 1.4084 1.6296 3.9356 -12.8968 1.2661 23.6583 4.6847 0.8279
Car -1 -1 1.9963 268.2634 176.3383 341.0708 213.6094 1.4779 1.5362 3.4169 -12.6400 1.1259 30.2374 1.6032 0.6759
Car -1 -1 1.6535 512.7817 176.3447 546.4305 204.1742 1.4935 1.5819 3.6194 -4.3183 1.0174 40.4063 1.5474 0.4619
Car -1 -1 2.2514 185.9660 176.6945 281.9047 211.8395 1.4553 1.6524 3.9372 -16.4273 1.1024 31.8630 1.7786 0.2392
Car -1 -1 4.8877 349.5829 180.0474 405.8891 215.5249 1.3382 1.5663 3.4492 -9.1623 1.1433 28.9264 4.5834 0.2056
Car -1 -1 1.7050 410.8147 165.4878 456.6378 199.1899 1.5580 1.6656 3.9025 -8.4432 0.6460 35.2564 1.4715 0.1875
Car -1 -1 1.5413 373.1717 170.6568 395.6980 191.4539 1.5723 1.5892 3.1455 -17.4008 0.4716 56.0912 1.2416 0.1731
Car -1 -1 1.6190 0.0000 225.7220 25.2728 319.5616 1.4177 1.6927 3.4538 -12.7415 2.3329 14.3626 0.9020 0.1656
Car -1 -1 3.6187 407.5647 166.6060 458.6727 184.8188 1.6986 1.6854 4.4536 -16.5649 -0.0385 68.4487 3.3820 0.1478
Car -1 -1 4.8969 356.7956 169.8409 391.0839 192.8842 1.6480 1.6866 4.1725 -17.3363 0.5484 53.5883 4.5852 0.1353
Car -1 -1 1.9030 206.3336 174.9061 275.7053 209.4013 1.4952 1.6124 4.0440 -16.8459 1.0484 33.2712 1.4373 0.0960
Car -1 -1 1.7078 506.2795 176.8561 546.3903 206.3792 1.5105 1.6134 4.0022 -4.3091 1.0828 38.8000 1.5975 0.0942
Car -1 -1 4.5851 383.4486 174.9775 417.9544 199.3301 1.4323 1.5703 3.8741 -12.7807 0.8302 44.3706 4.3060 0.0808
Car -1 -1 3.7221 186.4986 176.5195 285.2116 209.2906 1.4795 1.6156 3.8262 -17.2444 1.0869 33.4620 3.2493 0.0757
Car -1 -1 1.6644 0.0000 221.3302 25.0565 309.7193 1.4145 1.6478 4.0030 -13.6174 2.2904 15.3299 0.9463 0.0710
Car -1 -1 2.0833 256.6375 171.8405 320.9275 200.5760 1.4716 1.4592 3.8554 -17.1060 0.7866 38.8054 1.6705 0.0701
Car -1 -1 3.6471 474.7733 177.2935 549.0032 204.0455 1.4877 1.6623 3.9321 -5.4951 1.0472 41.4691 3.5158 0.0686
Car -1 -1 3.8643 306.1583 180.0237 409.0020 216.4405 1.3647 1.5784 3.7265 -9.8529 1.1702 28.3792 3.5327 0.0684
Car -1 -1 1.7525 200.2287 183.0250 275.6931 229.8739 1.5560 1.6763 4.2271 -13.3077 1.4833 26.1400 1.2854 0.0671
Car -1 -1 0.3955 258.1916 177.5360 359.8473 215.3306 1.5214 1.5622 3.5557 -12.2771 1.2122 29.7296 0.0068 0.0650
Car -1 -1 3.4953 74.1356 165.4179 200.7740 206.7138 1.5093 1.5750 3.7317 -17.8311 0.7857 27.4456 2.9235 0.0648
Car -1 -1 1.4349 427.2884 170.2294 474.5748 204.4651 1.5304 1.6666 4.1039 -7.5202 0.8605 34.3471 1.2207 0.0620
Car -1 -1 4.7608 503.7055 175.5719 536.6008 203.2207 1.5086 1.6713 4.2216 -4.9618 0.9824 41.3883 4.6419 0.0614
Car -1 -1 3.2895 491.9427 176.5719 566.9323 203.9084 1.5215 1.6595 4.0425 -4.3876 1.0404 40.9231 3.1831 0.0603
Car -1 -1 4.6026 394.3971 164.1389 420.1797 185.6151 1.9061 1.8039 4.5403 -18.4534 0.0354 66.2441 4.3317 0.0601
Car -1 -1 2.9960 157.2575 175.4648 270.7308 211.4742 1.4479 1.6138 4.0751 -16.7859 1.0559 30.7710 2.5001 0.0577
Car -1 -1 4.5643 492.7123 191.3388 601.4448 276.0362 1.4858 1.6598 4.1233 -1.4017 1.6334 15.1279 4.4730 0.0559
Car -1 -1 1.7044 257.0608 177.9325 309.0422 214.2440 1.4947 1.5631 3.9174 -14.2138 1.1949 31.6906 1.2857 0.0538
Car -1 -1 3.2170 265.1291 183.5810 386.5439 223.7422 1.4539 1.6312 4.1909 -10.6098 1.3947 27.4060 2.8506 0.0514
Car -1 -1 0.5090 202.9494 177.1809 322.8111 216.2699 1.5602 1.6709 4.1795 -14.1510 1.2395 29.6652 0.0671 0.0511
Car -1 -1 4.6112 492.2945 206.5691 572.1248 274.6650 1.4672 1.6815 4.0159 -2.0780 2.0942 18.9692 4.5029 0.0509
Car -1 -1 1.7763 0.0000 217.1066 25.9388 324.0964 1.4260 1.5973 4.0987 -11.9684 2.1013 13.0495 1.0439 0.0504