Car -1 -1 1.8492 436.6706 184.2566 523.6469 234.3664 1.4255 1.6924 4.2400 -4.1332 1.8352 23.7248 1.6780 0.9351
Car -1 -1 4.7443 691.4318 180.7051 743.1306 228.4359 1.5133 1.6754 3.4283 3.8286 1.8088 25.3169 4.8919 0.8256
Car -1 -1 2.2294 0.0000 209.8886 241.7313 375.0000 1.4739 1.5755 3.8140 -4.8517 1.8827 6.0533 1.5747 0.7750
Car -1 -1 1.8246 644.9703 171.4236 676.2938 192.1558 1.7771 1.7219 4.4395 4.5859 1.6545 64.2268 1.8952 0.7724
Car -1 -1 1.3337 678.5569 171.9224 715.1785 195.8004 1.4740 1.5043 3.7157 5.5789 1.4165 46.4734 1.4521 0.3510
Car -1 -1 -0.0015 687.1006 182.1099 813.8541 231.6616 1.5520 1.6700 4.0381 4.6962 1.8783 24.2410 0.1868 0.2027
Car -1 -1 5.4084 0.0000 168.5637 242.8791 263.6267 1.4494 1.5605 3.7435 -8.4863 1.3840 12.9558 4.8377 0.2000
Car -1 -1 5.1578 409.2346 174.8444 477.5798 209.3280 1.4812 1.5883 3.7726 -7.5758 1.5785 33.2412 4.9350 0.1938
Car -1 -1 1.7458 734.8580 174.8726 762.6428 194.7153 1.5903 1.6257 3.9365 11.6797 1.7652 60.3906 1.9356 0.1921
Car -1 -1 3.8052 0.0000 163.7593 188.0744 258.1014 1.4700 1.6256 3.8938 -9.4709 1.3283 12.0727 3.1506 0.1562
Car -1 -1 1.7623 640.7234 172.9969 669.4803 192.7825 1.6576 1.6789 4.4782 4.0068 1.6705 62.8628 1.8253 0.1246
Car -1 -1 1.6991 681.8929 173.9053 727.1992 209.2129 1.5877 1.6510 4.1303 4.6354 1.6416 34.7854 1.8299 0.1101
Car -1 -1 3.4362 361.9470 175.5328 457.9904 211.1274 1.5405 1.6286 3.8247 -8.8635 1.6634 32.2254 3.1695 0.0946
Car -1 -1 0.2381 0.0000 165.8588 255.8349 264.2740 1.4944 1.6313 3.9540 -8.3640 1.3882 12.3935 -0.3458 0.0920
Car -1 -1 4.6066 689.6627 176.7556 743.1947 219.3500 1.5160 1.6435 3.7972 4.0700 1.6777 27.9616 4.7490 0.0753
Car -1 -1 2.9144 668.0027 172.2097 732.8828 196.3345 1.5143 1.5622 3.8744 5.8020 1.4739 46.2688 3.0380 0.0748
Car -1 -1 1.6678 487.9012 192.7958 532.8878 229.2743 1.4350 1.6420 3.5819 -4.3679 2.3751 32.1943 1.5334 0.0734
Car -1 -1 1.3091 664.4540 174.1511 705.7894 198.4433 1.5207 1.6472 4.3159 4.9352 1.6105 47.6726 1.4112 0.0703
Car -1 -1 1.6828 646.2879 186.3700 694.0330 224.5859 1.4694 1.6267 4.0539 2.6984 2.0979 31.4077 1.7670 0.0696
Car -1 -1 2.5468 670.1848 174.6257 765.2507 210.4553 1.5780 1.6975 4.1397 5.0457 1.6646 33.6032 2.6940 0.0662
Car -1 -1 -0.6111 684.5769 172.0084 752.0751 197.3318 1.5648 1.6665 4.0561 6.9774 1.5126 46.2370 -0.4627 0.0633
Car -1 -1 5.2600 0.0000 165.4662 198.7187 257.9301 1.4326 1.6189 3.9809 -9.3719 1.3181 13.2144 4.6524 0.0630
Car -1 -1 5.2692 23.4570 167.7351 278.7119 271.9221 1.5063 1.6626 4.2876 -7.6259 1.4323 12.5931 4.7338 0.0614
Car -1 -1 1.5814 689.8107 171.8315 714.6489 195.0823 1.5128 1.6068 3.8934 6.3088 1.4463 48.9848 1.7084 0.0598
Car -1 -1 1.7588 502.3095 186.4948 550.8922 221.0950 1.4892 1.6062 3.9244 -3.9216 2.1827 34.6638 1.6464 0.0590
Car -1 -1 1.5580 684.1445 185.2216 724.5999 223.2126 1.4732 1.6359 3.9898 4.0924 2.0471 31.4063 1.6856 0.0571
Car -1 -1 5.2642 162.7034 175.2843 352.6091 265.1663 1.4712 1.5862 3.5543 -6.4953 1.5238 13.7688 4.8304 0.0551
Car -1 -1 -0.3872 684.2025 180.5853 764.2774 207.3205 1.4723 1.6724 4.2648 6.6242 1.9340 41.7910 -0.2316 0.0546
Car -1 -1 1.7681 689.6171 173.3602 726.1790 197.4898 1.5076 1.6286 3.9791 6.4897 1.5423 47.3163 1.9032 0.0539
Car -1 -1 1.2576 672.3609 171.3114 717.5284 196.8076 1.5156 1.6105 4.0906 5.2738 1.4239 45.0544 1.3729 0.0536
Car -1 -1 1.7349 638.8599 173.1268 666.7932 194.0589 1.7087 1.7073 4.1626 3.7040 1.7326 61.1753 1.7947 0.0528
Car -1 -1 3.0413 684.8058 180.0462 768.4910 210.3369 1.5097 1.6431 4.1277 6.0059 1.8913 37.3453 3.1989 0.0522
Car -1 -1 3.7125 0.0000 218.9480 307.9402 375.0000 1.4658 1.5584 4.0152 -4.7993 1.9044 5.9087 3.0519 0.0512
Car -1 -1 5.1189 631.1044 182.6479 710.8545 227.5446 1.4689 1.5828 3.6929 2.3234 1.8555 26.4810 5.2047 0.0511
Car -1 -1 1.6589 687.0719 175.6301 721.4442 203.0384 1.5289 1.6859 3.8759 5.6508 1.7014 42.7448 1.7890 0.0509