Car -1 -1 4.3115 740.8676 192.5367 985.3782 343.8511 1.4364 1.5592 3.5991 2.9451 1.7386 9.2055 4.6106 0.9677
Car -1 -1 4.5539 664.9422 181.3453 755.4644 247.3627 1.4755 1.6416 4.3451 2.4999 1.7236 18.8878 4.6825 0.9665
Car -1 -1 3.7175 93.2989 195.2585 357.5565 292.1009 1.4369 1.5911 3.6576 -6.3503 1.8441 12.1362 3.2438 0.9519
Car -1 -1 0.2704 338.3905 186.2409 490.7727 232.6322 1.3707 1.5584 4.3453 -6.0247 1.8048 22.5894 0.0121 0.9197
Car -1 -1 3.5421 159.5154 192.6681 382.6095 273.7819 1.4907 1.6378 3.7278 -6.6905 1.9138 14.5460 3.1173 0.8979
Car -1 -1 0.4592 224.9995 181.8991 413.4644 254.9975 1.6024 1.4574 3.8592 -6.7377 1.8257 16.9272 0.0852 0.8725
Car -1 -1 3.7640 0.0000 205.8866 285.9524 324.8593 1.4033 1.5309 3.9743 -6.7223 1.8903 9.8047 3.1753 0.8377
Car -1 -1 3.8275 0.0000 212.0511 225.8687 375.0000 1.5006 1.6051 3.9297 -6.4514 1.9591 7.6350 3.1429 0.7215
Car -1 -1 4.5730 653.1613 179.2846 706.0068 217.5256 1.4311 1.6008 4.1117 2.8179 1.7153 29.7961 4.6657 0.7044
Car -1 -1 3.3834 380.5289 167.1634 489.2797 205.0443 1.4126 1.5998 3.7857 -6.6514 1.2004 27.7226 3.1497 0.6132
Car -1 -1 4.6371 634.9882 173.6877 664.3691 197.7019 1.5599 1.6821 4.1642 2.6889 1.6191 49.1147 4.6911 0.5908
Car -1 -1 3.3431 348.0980 175.2069 479.5588 216.6364 1.3841 1.5017 4.1906 -6.7232 1.4688 25.0768 3.0834 0.5421
Car -1 -1 4.0072 0.0000 205.0446 96.2762 375.0000 1.4267 1.5699 3.9303 -6.2532 1.6981 5.2602 3.1609 0.5362
Car -1 -1 4.5642 524.9152 166.1086 552.2293 185.8171 1.5612 1.6599 4.0021 -5.8668 1.0268 59.2977 4.4658 0.3282
Car -1 -1 4.8760 481.1608 178.9715 527.3422 209.2065 1.3968 1.6341 4.1510 -5.2280 1.7220 36.2717 4.7334 0.2324
Car -1 -1 0.4447 205.0687 172.3987 303.1968 202.9775 1.4501 1.5734 3.9844 -17.1961 1.4285 35.0202 -0.0090 0.2075
Car -1 -1 -0.2134 633.0584 173.2064 701.8146 197.8923 1.6071 1.6827 4.3121 3.8348 1.6312 48.1300 -0.1348 0.1876
Car -1 -1 4.5378 684.2600 173.0844 710.8365 192.6033 1.6229 1.6103 3.8975 7.5294 1.6434 62.0310 4.6577 0.1849
Car -1 -1 4.7904 476.3714 175.4424 518.2730 209.5551 1.4867 1.5984 4.5230 -5.2388 1.6173 34.1108 4.6387 0.1782
Car -1 -1 4.6770 652.7997 177.2939 688.5441 209.7788 1.5191 1.6448 3.7351 3.0160 1.7534 36.1660 4.7589 0.1763
Car -1 -1 4.7250 185.2827 173.7555 218.3219 200.8682 1.4920 1.6037 3.7492 -23.6186 1.5468 41.8701 4.2140 0.1606
Car -1 -1 4.6186 542.6382 173.5757 564.4399 191.5691 1.5376 1.5771 3.7392 -4.9787 1.6034 63.7926 4.5407 0.1567
Car -1 -1 3.2246 415.3933 175.3873 508.7988 209.6761 1.4935 1.5838 4.0128 -6.5957 1.6115 32.5953 3.0261 0.1511
Car -1 -1 5.4351 521.2813 179.8746 572.7350 203.3844 1.5203 1.5988 3.5216 -4.2732 2.0220 49.6785 5.3493 0.1460
Car -1 -1 1.6307 206.3225 174.4786 237.8128 199.4422 1.5557 1.5840 3.7801 -25.3461 1.6667 47.2796 1.1407 0.1458
Car -1 -1 4.8234 143.0471 175.0588 177.7097 199.0285 1.5792 1.6117 3.8527 -31.0804 1.7384 50.0062 4.2695 0.1437
Car -1 -1 3.3056 496.4921 167.1481 553.3773 186.8753 1.5074 1.6650 4.1733 -6.5467 1.0714 56.0649 3.1897 0.1342
Car -1 -1 5.2653 154.3919 176.4895 233.5849 207.5023 1.4612 1.5627 4.0582 -20.9322 1.6557 36.5342 4.7480 0.1324
Car -1 -1 3.6727 149.1326 173.7865 255.9532 207.0418 1.5793 1.6469 4.2981 -19.7900 1.6259 35.1846 3.1633 0.1282
Car -1 -1 4.7455 505.5276 163.5842 528.7506 184.0885 1.5579 1.6814 3.9858 -7.2530 0.8536 56.8847 4.6190 0.1222
Car -1 -1 5.2704 224.7903 169.8470 290.6344 195.8499 1.4885 1.6605 4.0451 -21.0779 1.3164 43.4045 4.8205 0.1101
Car -1 -1 3.5344 497.9776 162.6922 557.5082 182.4051 1.5526 1.6621 4.4801 -6.5973 0.7522 58.2468 3.4219 0.1096
Car -1 -1 1.6983 505.4632 176.9641 543.3746 206.7571 1.5273 1.5711 3.9065 -4.6091 1.7635 39.4935 1.5824 0.1089
Car -1 -1 4.6758 452.4723 175.7276 491.3584 212.2150 1.5936 1.6521 4.0076 -6.5312 1.7374 33.9874 4.4869 0.0975
Car -1 -1 1.9936 296.5432 172.3261 370.7034 207.4911 1.5228 1.6550 4.0840 -12.6466 1.5000 33.3363 1.6334 0.0963
Car -1 -1 1.5270 648.6887 180.4003 688.0018 217.0124 1.5575 1.6356 4.1273 2.6844 1.9312 33.6467 1.6052 0.0961
Car -1 -1 1.6811 512.8934 172.9377 545.8043 200.4866 1.5352 1.5094 3.6447 -4.6323 1.5403 42.0435 1.5717 0.0958
Car -1 -1 2.4863 27.8447 177.9348 187.8816 226.4894 1.4388 1.6832 4.2323 -16.5840 1.6247 24.1296 1.8892 0.0932
Car -1 -1 4.2553 680.1401 175.4427 727.7714 198.3812 1.4624 1.5929 3.9557 6.3061 1.6444 48.6089 4.3831 0.0918
Car -1 -1 4.5127 383.7806 158.6378 433.2266 190.7847 1.5494 1.6695 4.0595 -10.3486 0.8642 36.9628 4.2414 0.0904
Car -1 -1 3.6747 341.3137 175.6507 472.4023 219.2629 1.4801 1.6386 4.3186 -7.2865 1.5862 26.0120 3.4038 0.0902
Car -1 -1 5.0611 501.4949 171.7630 546.1617 197.5952 1.5409 1.5662 3.7861 -5.3027 1.4758 45.0619 4.9443 0.0872
Car -1 -1 0.0224 504.1138 180.7805 559.6085 203.8203 1.5157 1.6277 3.6936 -5.2624 2.0657 49.0999 -0.0842 0.0855
Car -1 -1 2.0433 514.9321 176.6964 561.6862 200.5420 1.4891 1.5206 3.7848 -4.6677 1.7543 47.7554 1.9460 0.0843
Car -1 -1 1.7894 619.6287 184.2669 671.6592 218.6160 1.4677 1.6185 4.1710 1.7918 2.0491 34.5349 1.8401 0.0777
Car -1 -1 3.5071 172.9356 170.1952 260.5597 198.8184 1.6033 1.6531 4.1066 -22.5274 1.4544 41.5005 3.0123 0.0775
Car -1 -1 0.0110 517.4284 165.4954 569.6501 184.6210 1.5182 1.6155 4.1403 -5.3143 0.9341 58.2465 -0.0798 0.0764
Car -1 -1 1.7241 416.4317 170.8869 478.0460 213.2047 1.4482 1.6134 4.0382 -5.9316 1.3809 26.7589 1.5077 0.0743
Car -1 -1 3.3854 431.1819 179.2726 518.4426 211.0810 1.4760 1.5868 3.8620 -6.4503 1.7932 34.7577 3.2028 0.0727
Car -1 -1 1.3571 700.2169 171.3875 749.4724 201.9931 1.4193 1.5863 3.9027 5.6002 1.3513 35.4560 1.5120 0.0708
Car -1 -1 3.2872 615.6601 174.0352 677.4241 197.2485 1.5225 1.6322 3.9630 2.5104 1.6041 48.6324 3.3381 0.0662
Car -1 -1 2.3953 0.0000 174.5511 146.4445 225.1575 1.4293 1.6371 4.2041 -17.0227 1.4880 22.7454 1.7583 0.0652
Car -1 -1 2.4483 0.0000 199.4441 104.6939 375.0000 1.4633 1.5711 3.8989 -5.0733 1.6882 4.1347 1.5930 0.0647
Car -1 -1 4.4102 619.5515 175.4898 673.6202 207.6455 1.5103 1.6301 3.8733 1.8007 1.6506 36.3105 4.4589 0.0641
Car -1 -1 1.5085 636.6593 175.1550 664.1800 198.2724 1.4513 1.5752 3.7390 2.6569 1.6089 47.5454 1.5635 0.0637
Car -1 -1 4.3920 456.3955 180.4343 514.2563 213.0643 1.4648 1.6128 4.0563 -6.1803 1.8612 35.5671 4.2207 0.0631
Car -1 -1 4.5112 117.9398 175.4412 159.0614 198.6915 1.5033 1.5973 3.9160 -32.0428 1.6862 49.0447 3.9348 0.0625
Car -1 -1 4.5124 400.4655 165.1818 435.2432 188.1891 1.5151 1.5921 3.7749 -13.2000 1.0099 49.5607 4.2532 0.0616
Car -1 -1 1.3236 334.2362 166.8166 379.4588 193.3383 1.4815 1.5992 3.9225 -14.8814 1.1442 42.3819 0.9877 0.0609
Car -1 -1 3.9348 202.3014 170.7001 278.1197 197.8517 1.5669 1.6725 4.0502 -22.0416 1.4426 43.0746 3.4642 0.0591
Car -1 -1 1.6745 685.6137 174.7883 717.1606 201.5316 1.6237 1.5940 4.0979 5.9319 1.7536 46.2982 1.8007 0.0584
Car -1 -1 4.9287 644.4390 174.0373 681.1745 198.0531 1.5411 1.6242 4.1376 3.6411 1.6247 48.7350 5.0024 0.0575
Car -1 -1 5.0267 254.1310 170.1767 313.8988 200.9578 1.4819 1.6193 3.9571 -16.5133 1.3530 36.7885 4.6073 0.0573