Car -1 -1 5.3354 0.0000 185.6372 182.5500 306.8098 1.4713 1.5509 3.2647 -7.8576 1.4783 10.3818 4.6999 0.9565
Car -1 -1 4.7094 573.7062 177.2598 616.8811 216.2819 1.4571 1.6129 3.6308 -0.4803 1.1600 28.6726 4.6924 0.8103
Car -1 -1 1.7420 380.0377 184.5700 484.2561 257.6439 1.4454 1.6123 3.8030 -3.7947 1.4326 16.1623 1.5147 0.8082
Car -1 -1 5.3129 80.3461 181.9052 230.2356 241.1757 1.4482 1.6008 3.6899 -12.0383 1.3673 19.4484 4.7646 0.4764
Car -1 -1 4.5587 524.2991 176.8087 554.5409 198.1032 1.4111 1.5174 3.7784 -4.7159 0.8540 49.6534 4.4642 0.2458
Car -1 -1 3.8082 4.4666 181.5848 190.8445 241.2120 1.4551 1.6177 3.7090 -12.9952 1.3665 18.4611 3.2015 0.2285
Car -1 -1 1.5701 607.1249 176.1926 628.8540 196.9445 1.5408 1.6135 4.1369 0.8302 0.8708 55.4526 1.5846 0.2226
Car -1 -1 4.5370 357.0780 181.4441 415.9093 220.1893 1.3814 1.5577 3.5911 -8.5193 1.2469 27.5831 4.2399 0.1467
Car -1 -1 1.3512 446.4568 178.8117 485.0800 203.6653 1.4707 1.5567 3.8186 -8.8129 1.0918 44.6000 1.1569 0.1363
Car -1 -1 1.8838 598.7211 179.6469 635.9158 200.3252 1.4960 1.6091 4.1360 0.8078 1.0931 54.2241 1.8981 0.1353
Car -1 -1 3.2490 456.5881 178.6705 520.4986 203.7070 1.4813 1.6226 3.6559 -7.1297 1.0940 43.4416 3.0870 0.1137
Car -1 -1 1.7969 506.6013 186.4251 561.1350 221.6145 1.4213 1.5385 3.7536 -3.1081 1.4769 31.1276 1.6978 0.0962
Car -1 -1 2.1340 0.0000 180.1292 44.9559 205.6863 1.5551 1.6190 3.8296 -37.9040 1.2456 45.7424 1.4447 0.0890
Car -1 -1 1.3661 453.1566 179.7862 493.9113 205.9110 1.4487 1.6375 3.5803 -7.8155 1.1476 41.8290 1.1821 0.0873
Car -1 -1 2.9890 599.9321 178.5328 652.8149 198.2095 1.4603 1.6136 3.7976 1.4306 0.9643 54.3886 3.0147 0.0828
Car -1 -1 2.1302 0.0000 180.4595 83.7728 241.3698 1.4590 1.5923 4.0089 -16.1131 1.3451 19.3098 1.4415 0.0822
Car -1 -1 1.6128 436.8084 176.5531 468.7916 203.6703 1.4781 1.6229 3.9405 -8.8156 1.0059 41.2608 1.4033 0.0763
Car -1 -1 -0.6379 618.2826 175.4571 673.0713 196.1736 1.5156 1.6415 3.9337 2.9255 0.8017 54.3611 -0.5848 0.0730
Car -1 -1 1.4959 523.1792 173.4861 552.9887 197.8658 1.5452 1.6628 4.1462 -4.6297 0.8018 47.7470 1.3994 0.0728
Car -1 -1 1.5235 614.7775 178.5448 639.5010 199.5668 1.4978 1.6409 3.9163 1.4425 1.0225 53.1912 1.5501 0.0722
Car -1 -1 1.5433 569.5334 178.5225 592.9771 198.7814 1.4520 1.6315 4.1464 -1.9684 0.9723 53.6440 1.5064 0.0697
Car -1 -1 1.1073 468.1020 178.7597 523.4933 204.0777 1.4241 1.6328 3.9740 -6.6343 1.0610 42.5275 0.9532 0.0688
Car -1 -1 2.8245 413.6188 181.5039 482.1456 206.9510 1.4756 1.6124 3.7150 -9.5894 1.2604 43.3241 2.6076 0.0682
Car -1 -1 4.7036 551.9672 166.9808 585.4704 198.5411 1.5399 1.6348 4.0584 -2.0058 0.6502 37.1513 4.6498 0.0636
Car -1 -1 4.7633 520.3613 167.1574 556.1862 198.3499 1.5166 1.6255 4.0327 -3.4962 0.6386 36.9996 4.6695 0.0635
Car -1 -1 1.8034 443.5865 183.3024 487.3520 209.4559 1.4933 1.6640 4.1204 -8.4426 1.3840 43.1358 1.6108 0.0620
Car -1 -1 1.6067 79.6735 214.9610 185.7386 304.2078 1.4187 1.6384 4.0665 -9.7728 2.1306 15.0392 1.0380 0.0619
Car -1 -1 0.3582 573.8505 179.1826 631.8478 199.8694 1.4991 1.6327 4.0019 -0.3205 1.0619 53.5487 0.3518 0.0606
Car -1 -1 1.5933 548.8898 164.2326 580.2484 195.5496 1.6960 1.6893 4.0381 -2.3851 0.5597 40.9791 1.5353 0.0588
Car -1 -1 4.8679 140.9857 158.0204 205.6999 200.7853 1.5417 1.5807 3.6630 -16.7539 0.5613 27.9086 4.3314 0.0585
Car -1 -1 4.8451 452.0629 187.0218 546.9898 259.1539 1.4547 1.6237 3.9180 -2.3505 1.5012 16.5596 4.7059 0.0584
Car -1 -1 1.6269 522.4976 162.0136 556.7276 195.1019 1.7729 1.6913 4.0995 -3.7670 0.5297 40.5967 1.5347 0.0582
Car -1 -1 3.5766 553.0610 178.4879 627.8604 205.5392 1.5173 1.6779 4.0258 -0.9770 1.1399 41.8941 3.5530 0.0567
Car -1 -1 0.3009 575.0219 171.5747 623.3043 188.6487 1.5887 1.6551 4.2888 -0.7568 0.3194 68.2920 0.2895 0.0559
Car -1 -1 1.8369 599.5524 170.6987 627.8498 187.0101 1.4934 1.6073 4.2942 0.6529 0.1643 68.0998 1.8461 0.0547
Car -1 -1 1.9515 626.3383 177.5580 666.3059 198.3127 1.4719 1.6401 3.8302 2.9270 0.9288 53.0616 2.0059 0.0525
Car -1 -1 1.6809 427.5239 206.1151 501.4529 265.0611 1.4313 1.6653 3.8912 -4.0423 2.0967 20.8820 1.4914 0.0522
Car -1 -1 4.8847 535.6417 174.7760 568.5518 196.6994 1.4605 1.6059 4.0613 -3.7867 0.7650 49.9870 4.8091 0.0513
Car -1 -1 2.8508 602.9677 177.8989 660.8986 198.6823 1.5057 1.6566 3.9923 1.8256 0.9756 53.3892 2.8844 0.0507
Car -1 -1 1.8516 589.5850 178.1151 626.3976 199.6520 1.4967 1.6321 3.9616 0.1008 1.0033 52.0869 1.8531 0.0501