Car -1 -1 1.9542 165.5024 185.5758 423.7254 351.8957 1.6329 1.5921 3.9404 -3.7378 1.8330 9.3668 1.5832 0.9768
Car -1 -1 4.6650 618.4034 176.1106 667.7744 222.2634 1.4808 1.5410 3.6241 1.1102 1.6029 25.2226 4.7078 0.8501
Car -1 -1 5.4876 0.0000 244.6573 205.3523 375.0000 1.4287 1.5343 3.5337 -3.7067 1.9519 3.4876 4.7094 0.4528
Car -1 -1 5.0709 619.8367 176.5950 666.8076 204.3144 1.5440 1.5756 3.7170 2.0461 1.7762 42.7547 5.1179 0.2655
Car -1 -1 3.9795 0.0000 240.0049 206.1246 375.0000 1.4405 1.6035 4.0422 -4.8256 1.9116 4.2251 3.1592 0.2423
Car -1 -1 1.8619 457.9851 172.2858 523.2345 211.5360 1.5492 1.6639 3.8947 -4.9489 1.5268 30.5190 1.7020 0.1785
Car -1 -1 1.7886 464.6641 180.4833 531.6453 228.0584 1.5979 1.6977 3.6035 -4.0395 1.8997 26.6856 1.6392 0.1775
Car -1 -1 1.7328 502.4630 175.4566 555.9100 214.9628 1.5368 1.6242 3.8239 -3.3037 1.6531 30.2789 1.6245 0.1402
Car -1 -1 3.3157 583.5510 181.3918 650.8134 208.2150 1.4922 1.5678 3.6954 0.4634 2.0018 41.9558 3.3261 0.1230
Car -1 -1 1.9997 0.0000 226.9813 222.7635 375.0000 1.3929 1.5568 3.7833 -3.9855 1.9064 4.8241 1.3356 0.1179
Car -1 -1 4.8291 613.8158 168.6241 638.9878 188.2929 1.5695 1.6235 4.0242 1.4259 1.2320 59.6833 4.8526 0.1154
Car -1 -1 4.4204 603.9964 178.3757 648.1979 204.7732 1.4657 1.5659 3.9261 0.9350 1.8111 43.0415 4.4414 0.1110
Car -1 -1 4.9863 479.9787 165.4139 547.5967 209.1595 1.6071 1.6190 4.0172 -3.7102 1.3338 28.6127 4.8581 0.1071
Car -1 -1 0.2791 449.5841 170.0966 552.0826 209.9560 1.6620 1.7066 4.0686 -4.6600 1.5470 31.1979 0.1316 0.1020
Car -1 -1 3.0318 618.4421 177.3012 682.8486 203.9958 1.5080 1.5514 3.5859 2.3570 1.7718 41.9236 3.0870 0.0935
Car -1 -1 4.5398 452.6856 164.3442 486.7674 189.3164 1.7199 1.7322 4.0811 -10.0977 1.1338 51.9092 4.3484 0.0909
Car -1 -1 5.0164 635.4258 175.5121 681.8665 203.8924 1.6071 1.6477 4.0699 3.0083 1.7753 43.4648 5.0845 0.0909
Car -1 -1 4.5017 642.4496 171.0849 671.6008 191.4149 1.5540 1.5567 3.7080 3.7217 1.4188 57.1020 4.5661 0.0878
Car -1 -1 5.0775 427.4592 157.6159 474.3958 184.8133 1.7258 1.7306 3.9739 -10.4667 0.7589 47.8794 4.8632 0.0842
Car -1 -1 1.5780 619.6517 177.3992 650.1613 207.8204 1.5717 1.6019 3.9192 1.4129 1.8354 39.8650 1.6126 0.0837
Car -1 -1 -0.0971 601.5754 178.0206 670.3255 204.2905 1.5193 1.6183 3.9568 1.5411 1.8341 43.0268 -0.0621 0.0831
Car -1 -1 3.2838 448.9798 172.7855 551.5189 209.9695 1.4880 1.6275 3.9795 -4.4405 1.4852 29.6977 3.1362 0.0827
Car -1 -1 4.5936 456.7467 155.6506 490.0504 183.1456 1.7469 1.7185 3.9729 -9.0949 0.6539 47.9952 4.4072 0.0794
Car -1 -1 1.7167 615.1438 178.8177 651.8629 206.5452 1.4898 1.5674 3.9245 1.4304 1.8518 41.7302 1.7502 0.0773
Car -1 -1 4.9805 0.0000 206.3332 332.8163 375.0000 1.5318 1.6186 4.0156 -2.0727 1.7651 2.8675 4.3960 0.0769
Car -1 -1 0.6245 0.0000 237.5374 216.6627 375.0000 1.4751 1.6000 4.0316 -4.3022 1.8923 3.3977 -0.2395 0.0739
Car -1 -1 4.8296 536.0835 175.8754 583.5542 213.1231 1.4925 1.6105 3.7342 -2.0857 1.6308 31.1260 4.7627 0.0732
Car -1 -1 1.5581 657.1325 175.2155 683.8560 201.8214 1.5535 1.5695 3.7027 3.7195 1.7050 44.3707 1.6407 0.0707
Car -1 -1 2.3625 0.0000 183.6200 90.9387 375.0000 1.5469 1.6708 4.1787 -3.7159 1.6143 2.3150 1.4010 0.0693
Car -1 -1 4.5430 412.0269 210.2423 520.7761 295.9440 1.4372 1.7178 4.1138 -3.3496 2.3959 16.2725 4.3421 0.0674
Car -1 -1 1.2312 631.4720 174.0413 662.2565 191.5146 1.5129 1.5713 3.8326 3.3165 1.6229 64.8129 1.2818 0.0648
Car -1 -1 0.0669 0.0000 209.0619 816.9976 375.0000 1.4667 1.6350 4.0474 -1.0225 1.7403 4.3328 -0.1542 0.0643
Car -1 -1 1.0735 535.6157 183.1554 604.6769 218.0919 1.4939 1.6334 3.8156 -1.9207 2.0103 34.1164 1.0171 0.0638
Car -1 -1 2.1912 0.0000 240.4199 333.9004 375.0000 1.4412 1.5697 3.7253 -3.1437 2.0153 4.2587 1.5838 0.0618
Car -1 -1 2.8731 656.1749 175.7117 724.6938 202.1158 1.5304 1.6545 3.7697 4.8149 1.7058 43.1764 2.9829 0.0598
Car -1 -1 1.4038 658.6473 176.5965 696.6632 203.5869 1.5166 1.6480 3.7506 4.0117 1.7498 43.0122 1.4957 0.0593
Car -1 -1 3.1076 640.0200 177.9216 696.3511 202.2786 1.6306 1.6471 3.7974 3.9967 1.9853 49.5922 3.1871 0.0589
Car -1 -1 -0.1776 581.6525 176.9492 699.9094 222.3765 1.5129 1.5778 3.9180 1.0513 1.6623 25.2686 -0.1372 0.0589
Car -1 -1 1.8357 481.8226 172.2751 545.1529 212.5427 1.6183 1.7031 4.0151 -4.0590 1.5950 31.1021 1.7066 0.0580
Car -1 -1 4.6645 551.0289 169.8822 592.1404 205.8347 1.5339 1.6725 4.0432 -1.7854 1.4071 32.8808 4.6102 0.0564
Car -1 -1 4.9700 174.1815 212.7026 554.5440 375.0000 1.4462 1.6141 3.4595 -1.3769 1.8397 5.3828 4.7290 0.0559
Car -1 -1 5.3395 0.0000 0.0000 1242.0000 375.0000 1.5797 1.6510 4.0866 -2.7216 1.4971 1.5332 4.3561 0.0556
Car -1 -1 5.1049 0.0000 230.6400 471.4463 375.0000 1.4540 1.6481 3.6512 -2.0627 1.9753 4.6800 4.7084 0.0546
Car -1 -1 5.4951 0.0000 218.4695 111.8308 375.0000 1.4315 1.6082 4.1471 -5.1953 1.8443 4.4152 4.6586 0.0540
Car -1 -1 1.1874 627.1008 176.2258 681.9360 206.0999 1.5257 1.6289 3.9426 2.3975 1.7201 39.4592 1.2472 0.0523
Car -1 -1 1.7274 426.2375 156.6663 464.1088 188.6506 1.9559 1.7770 3.8220 -10.4488 0.9660 46.0892 1.5055 0.0514
Car -1 -1 -0.6070 376.8190 191.9163 850.3248 375.0000 1.4794 1.6436 4.1258 0.1842 1.7024 6.6200 -0.5828 0.0504
Car -1 -1 2.2506 0.0000 199.9010 180.4412 375.0000 1.4621 1.5253 3.6933 -6.2786 1.8102 7.4372 1.5669 0.0501