Car -1 -1 -0.8659 985.1926 156.4321 1236.2872 250.8165 1.5817 1.6701 3.9651 9.4441 1.1614 13.3634 -0.2651 0.6493
Car -1 -1 -0.3403 688.4885 146.8468 835.6296 203.3679 1.6416 1.7153 4.0486 4.8852 0.6348 21.9746 -0.1290 0.3373
Car -1 -1 3.6069 1115.9333 134.2424 1238.0000 182.4754 1.4869 1.6219 3.6225 19.7482 0.0297 24.1289 4.2827 0.1936
Car -1 -1 2.6181 738.6898 144.3740 901.1511 208.9044 1.5424 1.5842 3.6799 5.5768 0.6547 18.3727 2.9039 0.1642
Car -1 -1 -0.7400 1128.6566 138.7664 1238.0000 181.3052 1.5480 1.6533 4.0082 22.4925 -0.0081 27.0889 -0.0566 0.1353
Car -1 -1 4.0683 663.3362 147.2745 732.5198 182.6234 1.7793 1.6891 3.8021 5.1312 0.0559 38.2275 4.1961 0.1308
Car -1 -1 -0.7216 915.2352 119.9225 1075.8069 176.4261 1.5057 1.6062 3.9829 11.2949 -0.1546 20.6004 -0.2301 0.1287
Car -1 -1 -0.3172 671.1862 141.9180 765.6689 176.2219 1.5425 1.6269 4.0786 5.5196 -0.2571 33.7802 -0.1612 0.1147
Car -1 -1 0.2998 1155.4242 131.5623 1238.0000 183.5963 1.5028 1.6919 3.9810 20.4129 0.0602 22.8845 1.0176 0.1070
Car -1 -1 4.6625 1184.7030 172.0012 1238.0000 272.3869 1.5602 1.6212 3.8198 11.7976 1.4124 13.1670 5.3780 0.0906
Car -1 -1 -1.1311 1167.3824 141.0680 1238.0000 188.6161 1.4933 1.6285 4.2091 21.2346 0.2231 24.1629 -0.4204 0.0902
Car -1 -1 -0.7536 935.3777 138.5836 1116.5612 199.7872 1.5144 1.5667 4.2194 11.2329 0.4522 19.0194 -0.2310 0.0831
Car -1 -1 2.5737 743.8365 139.2564 882.8694 192.5040 1.5697 1.6485 3.9136 6.6547 0.3240 22.5227 2.8531 0.0768
Car -1 -1 1.3023 1184.8033 167.7669 1238.0000 278.7655 1.4470 1.5614 3.8368 10.7992 1.2678 11.4278 2.0429 0.0746
Car -1 -1 4.2164 671.3717 157.7447 773.7645 208.0233 1.4523 1.6092 3.6870 3.7656 0.7658 22.7559 4.3736 0.0741
Car -1 -1 -1.0839 959.0534 107.8277 1238.0000 362.4106 1.4790 1.6252 3.9127 4.9513 1.0510 5.6753 -0.3944 0.0738
Car -1 -1 3.8640 915.9099 162.2892 1135.5289 251.9750 1.4846 1.5500 3.4258 7.9422 1.1664 13.7642 4.3739 0.0711
Car -1 -1 4.6972 691.2585 140.5445 727.7550 176.3276 1.5789 1.6262 3.7311 5.1532 -0.2611 34.2175 4.8409 0.0711
Car -1 -1 4.4396 908.3170 120.3907 1238.0000 350.1328 1.5183 1.6421 3.7151 4.0891 1.1144 6.7502 4.9619 0.0653
Car -1 -1 -0.8294 1193.7294 165.3670 1238.0000 260.5528 1.5104 1.6352 4.0199 12.8056 1.2542 12.2950 -0.0394 0.0641
Car -1 -1 4.5540 704.0040 143.4483 754.3686 179.0218 1.5569 1.6927 3.9677 5.9742 -0.1238 33.7096 4.7234 0.0594
Car -1 -1 4.6070 653.9250 150.0655 696.0784 183.8657 1.5278 1.6212 3.4319 3.5013 0.1064 34.1916 4.7036 0.0581
Car -1 -1 4.2857 1141.3796 138.3188 1238.0000 181.4230 1.5492 1.6220 3.9908 22.9551 -0.0037 27.9615 4.9637 0.0558
Car -1 -1 4.5762 721.6229 141.6098 801.1238 201.9146 1.6561 1.7651 4.1543 4.7814 0.5603 21.8626 4.7841 0.0521
Car -1 -1 3.1352 645.0305 148.7329 726.1057 181.6067 1.5014 1.6108 3.6992 3.9871 0.0043 33.8031 3.2470 0.0510