Car -1 -1 4.3300 558.2870 171.0817 605.7984 196.1269 1.5081 1.6306 3.9761 -1.7875 1.4014 45.5944 4.2907 0.8275
Car -1 -1 4.3296 514.8575 166.9855 569.1060 195.8360 1.6467 1.7493 4.3689 -4.1344 1.3118 43.5259 4.2351 0.8190
Car -1 -1 4.2588 600.9772 166.0589 657.0657 192.4141 1.5936 1.7495 4.5653 1.1760 1.1827 46.0672 4.2838 0.7153
Car -1 -1 0.8702 739.6418 163.9350 798.7862 188.7215 1.5939 1.6159 4.1077 10.6931 1.0204 48.5926 1.0853 0.4961
Car -1 -1 4.1456 685.8219 160.2017 778.0199 201.5932 1.4835 1.6401 3.9700 4.6536 1.0300 28.0072 4.3082 0.3735
Car -1 -1 4.2175 1007.4644 167.9391 1052.1237 185.7519 1.4530 1.6243 3.8197 35.3442 1.0521 60.7883 4.7419 0.3100
Car -1 -1 3.8349 807.2390 163.9232 860.2446 185.9196 1.5394 1.5965 3.4479 16.2368 0.9144 52.3776 4.1338 0.2402
Car -1 -1 -0.8798 862.3491 155.6113 909.9141 175.6311 1.7593 1.6748 4.2765 24.9990 0.2441 65.1910 -0.5152 0.2337
Car -1 -1 1.1491 989.2015 167.2162 1031.7039 186.3360 1.5156 1.6060 3.8435 32.8210 1.0687 59.1772 1.6532 0.2212
Car -1 -1 1.2600 1033.5424 165.8656 1071.6038 184.1966 1.5147 1.6336 3.9577 37.8504 0.9373 61.7379 1.8077 0.2027
Car -1 -1 1.5799 524.3612 179.0234 548.2772 202.9250 1.5144 1.5427 3.7205 -4.9174 1.9467 48.6336 1.4793 0.1762
Car -1 -1 4.0454 900.2980 169.4226 951.9977 188.7040 1.4585 1.6422 3.9162 24.8094 1.1989 56.6809 4.4559 0.1755
Car -1 -1 1.0406 935.6700 169.5458 982.9124 189.4010 1.5051 1.6350 3.7960 27.4000 1.2543 56.6527 1.4888 0.1720
Car -1 -1 4.2949 775.6461 166.7934 819.9404 189.6233 1.5509 1.6033 3.8443 13.2618 1.1392 51.0426 4.5474 0.1514
Car -1 -1 -0.1354 733.5831 163.9695 799.3951 187.7857 1.5354 1.5850 4.0508 10.2796 0.9626 47.4620 0.0763 0.1328
Car -1 -1 -0.4107 916.3657 169.7933 978.8331 189.2938 1.4810 1.6287 4.0507 26.0397 1.2485 55.6609 0.0246 0.1101
Car -1 -1 4.2378 959.8018 167.2436 1004.0723 185.9558 1.4760 1.6019 3.8868 30.3169 1.0335 58.8591 4.7112 0.1007
Car -1 -1 0.1853 522.3015 177.5088 585.5599 201.6224 1.5433 1.6516 3.9243 -3.6441 1.8571 47.6120 0.1089 0.0940
Car -1 -1 3.5713 506.0674 171.1089 581.5162 199.3931 1.5211 1.6425 3.8543 -3.6589 1.4272 40.2188 3.4807 0.0909
Car -1 -1 -0.3527 1025.6168 165.2065 1083.3718 183.2302 1.5046 1.6186 3.8616 37.8176 0.8662 61.4037 0.1970 0.0897
Car -1 -1 -0.5660 744.4379 161.1647 814.7877 186.1177 1.6678 1.7278 4.5015 11.7295 0.8865 49.7836 -0.3362 0.0896
Car -1 -1 5.2892 398.6430 156.4883 449.8369 182.5892 1.7559 1.7309 3.7043 -12.9369 0.6549 50.5732 5.0398 0.0858
Car -1 -1 4.6558 622.7097 172.8091 652.4627 197.8707 1.5495 1.6816 4.2655 1.7727 1.5467 46.7594 4.6931 0.0853
Car -1 -1 4.3793 884.9110 167.5559 923.0656 187.5968 1.5138 1.5958 3.8142 22.9831 1.1136 56.4493 4.7640 0.0749
Car -1 -1 3.0810 1000.4730 168.9730 1055.3195 186.7916 1.4595 1.6338 3.8957 35.1327 1.1416 60.7009 3.6034 0.0713
Car -1 -1 2.7958 890.4469 167.6445 950.5934 188.2751 1.5628 1.6443 3.9305 23.9199 1.1682 55.5930 3.2000 0.0672
Car -1 -1 4.1400 1004.2707 168.1969 1052.9468 186.8975 1.5022 1.6264 3.9197 34.7579 1.1281 59.9590 4.6630 0.0620
Car -1 -1 -0.2043 744.8519 165.8433 812.1532 190.2408 1.6133 1.6532 4.1620 11.3356 1.1497 48.5875 0.0233 0.0565
Car -1 -1 1.3615 735.2790 161.8363 771.3582 186.2109 1.5569 1.5377 4.0813 9.5404 0.8531 48.1384 1.5558 0.0563
Car -1 -1 1.2841 485.2097 173.3771 533.1259 200.1876 1.4867 1.6851 4.1197 -5.9392 1.5190 42.3215 1.1452 0.0539
Car -1 -1 3.8755 790.5950 165.7216 849.6785 186.8831 1.5060 1.5919 4.2287 15.5769 0.9984 53.5670 4.1568 0.0535
Car -1 -1 1.3695 998.0033 167.7376 1033.8929 187.2116 1.5525 1.7006 4.6011 33.7174 1.1446 59.9729 1.8793 0.0535
Car -1 -1 4.5098 508.3791 168.8492 548.5589 197.0711 1.7084 1.7142 4.2851 -5.2168 1.4660 45.9802 4.3971 0.0527
Car -1 -1 -1.2416 662.6683 173.8009 709.2621 198.4716 1.4893 1.6720 4.2456 4.9229 1.5527 46.0093 -1.1361 0.0524
Car -1 -1 -0.1950 978.0425 167.4755 1038.5232 186.3735 1.5115 1.6441 4.0931 32.6059 1.0813 59.1105 0.3068 0.0520
Car -1 -1 4.5301 874.6483 157.8848 905.0164 177.5015 1.7399 1.7856 4.6408 25.7578 0.4122 66.4437 4.8984 0.0511