Car -1 -1 4.6127 651.9539 176.7762 699.7917 213.8018 1.4851 1.6512 4.2603 2.8279 1.6682 31.5343 4.7007 0.9578
Car -1 -1 2.0876 0.0000 218.8417 400.2224 375.0000 1.4037 1.6036 3.9097 -2.7953 1.8369 4.8307 1.5853 0.9515
Car -1 -1 1.6177 504.6918 184.5844 554.5815 228.6223 1.4022 1.5964 3.8768 -2.8129 1.8573 26.0136 1.5104 0.8736
Car -1 -1 4.7987 553.2917 178.5521 584.5065 203.5676 1.4370 1.5817 3.8905 -2.4557 1.8025 44.3147 4.7432 0.5984
Car -1 -1 4.6471 644.8305 176.7262 676.9172 203.8227 1.4941 1.6305 3.5761 2.9534 1.7295 42.0876 4.7162 0.5782
Car -1 -1 4.8701 511.1331 177.6052 560.7945 213.6396 1.4737 1.6111 3.7396 -3.1939 1.6965 31.9268 4.7707 0.4411
Car -1 -1 1.7212 503.5231 181.9004 557.7445 221.0190 1.4704 1.6404 4.1690 -3.2286 1.8758 30.2192 1.6151 0.2418
Car -1 -1 4.7041 628.5634 174.3813 646.2501 192.1056 1.5434 1.5472 3.5802 2.4902 1.6847 64.9533 4.7419 0.1574
Car -1 -1 3.3764 510.1891 178.5443 582.2457 203.7416 1.4569 1.6569 4.0364 -3.7786 1.8075 43.3394 3.2895 0.1554
Car -1 -1 4.6601 504.2465 176.3860 528.0764 199.5658 1.5983 1.5237 3.6077 -6.7899 1.8634 52.2461 4.5311 0.1492
Car -1 -1 3.2180 468.1192 178.3566 563.0952 214.1955 1.4820 1.6213 3.9343 -3.9800 1.7255 31.0254 3.0909 0.1236
Car -1 -1 4.6530 621.2983 168.5800 650.9839 194.1952 1.5813 1.6767 3.9444 1.6742 1.3175 46.5352 4.6884 0.1108
Car -1 -1 1.2861 505.9249 173.3802 535.7202 191.0305 1.5248 1.5856 4.0079 -7.9782 1.5735 64.6165 1.1635 0.1091
Car -1 -1 4.4867 518.8189 171.6125 549.0121 193.1635 1.6945 1.5965 3.9895 -6.2067 1.5969 58.8785 4.3818 0.0925
Car -1 -1 -0.2977 502.3028 177.7362 597.8896 213.3174 1.4771 1.5797 3.9088 -2.6223 1.7023 31.8125 -0.3798 0.0758
Car -1 -1 1.7672 543.3214 176.7234 583.2775 204.0285 1.5139 1.6083 3.9807 -2.6842 1.7539 42.6729 1.7043 0.0722
Car -1 -1 3.2710 533.3917 178.5465 601.5346 203.1589 1.4547 1.5871 3.9773 -2.5371 1.8093 44.0117 3.2133 0.0707
Car -1 -1 1.5193 643.7432 177.4268 676.1672 208.0421 1.5943 1.5823 4.2765 2.7711 1.8638 40.3673 1.5868 0.0664
Car -1 -1 -0.2707 472.2988 181.6744 565.8886 215.3269 1.4275 1.6004 3.9492 -4.1224 1.8479 32.8906 -0.3949 0.0657
Car -1 -1 4.5287 538.4959 176.9568 577.2168 202.6608 1.4933 1.6423 4.3063 -3.2707 1.7619 44.9419 4.4561 0.0656
Car -1 -1 1.4994 524.1635 179.6440 565.4469 214.3533 1.4833 1.6338 4.1055 -3.0909 1.8220 33.8372 1.4084 0.0597
Car -1 -1 2.1817 121.9470 194.3736 318.5304 274.5417 1.4590 1.6891 4.4880 -8.7364 2.0275 16.7239 1.7064 0.0595
Car -1 -1 1.5372 496.3220 179.1173 525.5719 205.7066 1.4777 1.6002 3.9616 -5.9368 1.8705 43.1698 1.4010 0.0555
Car -1 -1 4.9510 525.3835 180.6174 580.0785 217.0125 1.4976 1.5652 3.9803 -2.5036 1.8716 32.6715 4.8745 0.0539
Car -1 -1 2.2368 0.0000 210.6518 139.9114 375.0000 1.4392 1.5732 3.9621 -6.0140 1.8728 6.2399 1.4910 0.0535
Car -1 -1 -0.1503 633.0980 177.0502 700.3900 203.7597 1.4920 1.6120 3.6597 3.2607 1.7390 41.5363 -0.0730 0.0528
Car -1 -1 4.7973 551.7227 181.5243 593.2272 216.2607 1.4847 1.6148 3.8290 -1.6804 1.9136 33.7507 4.7473 0.0511
Car -1 -1 2.0876 507.9435 177.0106 554.2447 198.8513 1.5004 1.5873 3.9829 -5.6637 1.8154 52.5266 1.9804 0.0507
Car -1 -1 0.1100 494.7062 180.4686 592.4966 216.1767 1.4549 1.5975 3.9761 -2.7456 1.7867 30.5969 0.0207 0.0503