Car -1 -1 4.2896 860.2437 194.0470 1242.0000 375.0000 1.4404 1.5758 3.9470 3.7455 1.7005 6.8363 4.7716 0.9635
Car -1 -1 1.8996 241.1254 195.1845 452.9841 342.3600 1.4903 1.5365 3.3796 -3.2163 1.8375 9.5192 1.5811 0.9617
Car -1 -1 4.4868 740.8402 179.0867 906.2614 292.3799 1.5637 1.7074 4.2794 3.4191 1.6892 12.3670 4.7493 0.9363
Car -1 -1 4.5970 680.7373 178.7639 744.4293 226.5596 1.4719 1.6643 4.3697 3.4675 1.6944 24.9654 4.7327 0.8409
Car -1 -1 1.5789 545.8417 175.6112 574.6197 202.7709 1.5076 1.6120 3.9550 -2.8867 1.6777 42.4851 1.5110 0.7964
Car -1 -1 2.2792 0.0000 189.7177 244.0033 375.0000 1.4548 1.5494 3.6710 -3.2369 1.5724 3.1628 1.5235 0.7192
Car -1 -1 1.7268 461.9253 166.2013 544.7238 223.3599 1.4891 1.6903 4.4287 -2.9695 1.3158 21.0259 1.5877 0.7009
Car -1 -1 1.3639 706.0505 184.2909 797.5870 249.3339 1.4620 1.5727 3.7106 3.5800 1.7889 18.7491 1.5488 0.6447
Car -1 -1 4.8711 732.2983 167.5004 757.2717 185.2151 1.5423 1.6231 3.8441 12.1904 1.0762 64.9037 5.0557 0.5849
Car -1 -1 4.5811 675.4395 174.8800 721.2350 213.1959 1.5043 1.5005 3.0029 3.6437 1.5928 29.9989 4.7003 0.4876
Car -1 -1 4.5700 652.8812 176.4628 688.7777 204.7494 1.5297 1.5466 3.5992 3.4662 1.7456 41.3319 4.6526 0.3632
Car -1 -1 5.4913 0.0000 177.3865 136.1767 375.0000 1.4886 1.6119 3.9816 -6.6500 1.5443 6.8554 4.7405 0.2828
Car -1 -1 4.5753 663.2236 176.4306 703.5153 207.8781 1.5103 1.5721 3.5194 3.7211 1.7018 36.8477 4.6746 0.2579
Car -1 -1 1.6385 536.9235 186.4978 586.4231 230.7441 1.4133 1.5263 3.7759 -1.6677 1.9426 26.1033 1.5746 0.2228
Car -1 -1 4.0626 732.4044 163.9823 786.4434 187.2656 1.5137 1.6209 3.7937 10.1199 0.9369 48.9686 4.2649 0.1969
Car -1 -1 3.8126 738.7722 162.1624 801.4222 187.6894 1.5366 1.5891 3.6426 10.0498 0.8930 45.3465 4.0291 0.1584
Car -1 -1 4.7966 650.8169 169.7842 672.7278 187.9960 1.5606 1.6159 3.8605 4.6483 1.2975 63.8615 4.8687 0.1584
Car -1 -1 4.7713 477.7642 156.3176 510.1821 185.3683 1.5474 1.5674 3.7213 -6.4223 0.6666 40.3610 4.6143 0.1336
Car -1 -1 1.6423 644.6092 182.5750 672.7264 206.9005 1.5005 1.6002 3.8805 3.3133 2.1767 48.1634 1.7100 0.1232
Car -1 -1 3.9469 0.0000 185.4544 123.0678 343.7403 1.4938 1.6517 4.2007 -7.9254 1.6463 7.8432 3.1733 0.1200
Car -1 -1 4.9932 378.1105 181.6634 459.8025 231.2158 1.4845 1.6038 3.9773 -6.3191 1.8063 24.3422 4.7413 0.1052
Car -1 -1 1.4192 537.3013 181.0090 604.2558 231.9541 1.5303 1.6587 4.1211 -1.4056 1.8326 24.5612 1.3619 0.0961
Car -1 -1 3.5572 1152.8092 211.2208 1242.0000 375.0000 1.5641 1.5944 3.8611 4.0237 1.7857 2.1488 4.5807 0.0843
Car -1 -1 5.0717 764.5819 160.8943 812.9064 187.1095 1.5823 1.6579 4.0392 11.3850 0.8604 45.6835 5.3142 0.0839
Car -1 -1 5.3939 0.0000 182.0767 190.7725 359.7304 1.4825 1.6979 4.0800 -6.8473 1.6144 8.2784 4.7185 0.0821
Car -1 -1 4.0561 0.0000 0.0000 1242.0000 375.0000 1.6042 1.6386 3.9535 2.7106 1.5560 1.9463 4.9344 0.0798
Car -1 -1 4.2987 770.5879 163.8574 826.4012 195.2402 1.5953 1.5259 3.6881 10.0475 1.1380 38.6219 4.5511 0.0781
Car -1 -1 5.0333 639.3776 166.7710 675.2726 188.5668 1.7295 1.7307 4.1575 3.9791 1.2468 59.5060 5.0994 0.0778
Car -1 -1 4.8123 508.2014 158.8238 535.3148 180.8608 1.6011 1.6511 3.8128 -6.5771 0.5817 54.3465 4.6923 0.0773
Car -1 -1 -0.6317 747.9242 162.3707 813.0030 186.2010 1.5450 1.6747 4.0332 11.4497 0.8653 48.3362 -0.4007 0.0772
Car -1 -1 5.0820 598.4766 189.8251 757.9616 293.9286 1.4495 1.5760 3.5730 1.3383 1.7924 12.6315 5.1838 0.0755
Car -1 -1 3.1380 534.3898 184.6884 655.3102 227.7693 1.4436 1.6120 4.1383 -0.5190 1.8759 25.5043 3.1171 0.0740
Car -1 -1 1.5954 512.6221 188.3239 557.5219 233.2653 1.4417 1.5163 3.6239 -2.6638 2.0454 26.2937 1.4947 0.0717
Car -1 -1 2.6623 1140.9033 220.5484 1242.0000 375.0000 1.4958 1.5843 3.9867 4.8206 1.8037 3.0245 3.6286 0.0712
Car -1 -1 1.5209 673.9382 176.0244 717.5829 214.2158 1.5487 1.6853 4.2136 3.7308 1.6978 31.7745 1.6361 0.0700
Car -1 -1 2.0649 0.0000 184.1028 285.7534 365.0767 1.4943 1.6113 3.7303 -5.1860 1.6504 8.1057 1.5100 0.0648
Car -1 -1 0.2528 763.2299 162.2423 831.6049 187.8038 1.5071 1.6075 3.7684 11.4868 0.8814 44.1574 0.5055 0.0602
Car -1 -1 4.1090 1000.8666 162.2971 1242.0000 311.6044 1.4642 1.6632 4.2502 6.9410 1.3607 9.2219 4.7385 0.0591
Car -1 -1 3.7886 0.0000 206.9492 231.4931 375.0000 1.5136 1.6729 4.0447 -4.3785 1.7438 3.6648 2.9505 0.0582
Car -1 -1 2.9632 752.8848 166.1530 862.9821 205.7726 1.6018 1.6666 4.2067 8.2206 1.3309 30.1801 3.2262 0.0562
Car -1 -1 0.9957 0.0000 189.6639 307.2721 375.0000 1.4834 1.6237 4.0664 -3.5413 1.5760 2.8663 0.1506 0.0550
Car -1 -1 -0.8175 1015.3514 174.7449 1158.5494 222.1394 1.4623 1.6082 4.0194 15.5982 1.5275 23.6210 -0.2400 0.0539
Car -1 -1 2.8651 728.0306 167.2725 776.9807 184.7827 1.5291 1.6304 3.9629 12.6544 1.0417 63.9859 3.0593 0.0538
Car -1 -1 4.7366 494.8218 156.9818 523.2292 185.9490 1.8213 1.7481 4.0452 -6.5733 0.8233 47.4747 4.5996 0.0523
Car -1 -1 3.6151 472.6094 159.1935 534.4808 181.2320 1.5914 1.6355 4.2685 -7.8665 0.6050 53.5647 3.4698 0.0504