Car -1 -1 4.3831 589.1998 188.4079 745.4870 288.6893 1.4236 1.6190 3.7035 0.8595 1.7439 12.8621 4.4470 0.9734
Car -1 -1 1.7961 26.9465 203.2567 211.5486 324.8697 1.4464 1.5974 3.5943 -7.5800 2.0146 11.5239 1.2245 0.9174
Car -1 -1 4.6107 487.5527 183.1595 542.4995 226.3745 1.4676 1.6903 3.8960 -3.6796 1.8915 27.5910 4.4787 0.9072
Car -1 -1 1.9159 0.0000 218.2713 135.1038 375.0000 1.3556 1.5479 3.7108 -6.0452 1.9248 7.0360 1.2245 0.8556
Car -1 -1 4.6234 475.4909 181.0494 519.6121 217.5744 1.5247 1.6440 4.2248 -5.2380 1.9294 33.3778 4.4684 0.7632
Car -1 -1 1.6754 305.5400 185.9588 344.8876 216.2705 1.5289 1.6303 3.9725 -15.8496 2.3007 40.3665 1.3031 0.7385
Car -1 -1 4.0082 761.0610 130.0844 1242.0000 375.0000 1.7480 1.7437 4.5295 2.9861 1.5566 5.6361 4.4729 0.7375
Car -1 -1 3.3901 672.7203 166.3476 775.0638 207.9548 1.5754 1.6389 3.7494 4.5662 1.3290 28.8092 3.5453 0.6014
Car -1 -1 1.6374 518.0335 175.4411 543.5593 196.2987 1.4875 1.6307 4.0485 -5.8608 1.6885 54.0231 1.5295 0.5109
Car -1 -1 3.4488 1097.5883 127.6661 1242.0000 183.5711 1.5283 1.6226 3.8237 17.2249 0.2930 21.7607 4.1120 0.3647
Car -1 -1 0.1790 89.3311 195.4337 175.0878 224.4141 1.5233 1.5847 3.9152 -27.5315 2.8766 41.7495 -0.4013 0.3159
Car -1 -1 2.8632 594.6194 172.4256 648.5709 192.9466 1.5757 1.6913 3.9272 0.9348 1.5428 56.7277 2.8793 0.2959
Car -1 -1 4.7407 461.2449 178.8855 481.7875 197.4807 1.4808 1.5894 3.6990 -11.5808 2.0043 60.6768 4.5526 0.2770
Car -1 -1 4.4336 665.5778 164.2316 705.7458 186.9875 1.4921 1.6426 4.1996 5.1698 0.9268 49.5231 4.5368 0.2454
Car -1 -1 5.0262 664.4410 173.1191 724.9144 208.4882 1.4998 1.5860 3.9413 3.9245 1.5126 32.7498 5.1439 0.2331
Car -1 -1 3.5377 603.7476 174.9044 694.5360 210.3703 1.6323 1.6238 4.0892 1.9110 1.7364 35.0150 3.5912 0.2264
Car -1 -1 3.3343 50.9112 199.0942 157.5364 236.9816 1.4718 1.5515 3.5683 -21.9068 2.6666 31.4297 2.7293 0.2211
Car -1 -1 0.2892 661.6714 174.5929 746.4254 210.0532 1.4635 1.5699 3.3385 4.1026 1.5423 31.3102 0.4177 0.1860
Car -1 -1 1.6069 89.2804 194.5345 127.2989 223.4585 1.4674 1.6557 3.8132 -28.9403 2.7831 41.7352 1.0034 0.1715
Car -1 -1 -0.3938 475.4132 181.3036 566.8600 216.6003 1.4760 1.5729 3.7820 -3.9746 1.8762 32.5607 -0.5149 0.1664
Car -1 -1 0.5580 890.0065 142.6692 994.3916 180.4173 1.4799 1.7021 3.6220 13.8786 0.2965 30.2672 0.9843 0.1623
Car -1 -1 -0.7768 1167.9062 137.6400 1242.0000 175.1715 1.5417 1.6361 4.1779 26.3400 0.0952 30.6025 -0.0706 0.1479
Car -1 -1 0.2684 633.2056 173.0951 721.0809 207.8123 1.4652 1.6149 3.5627 2.9915 1.4763 31.8550 0.3607 0.1458
Car -1 -1 1.3487 501.1264 176.2742 527.9942 194.2616 1.6381 1.6887 4.0366 -9.0786 1.9743 68.7277 1.2175 0.1442
Car -1 -1 3.6824 1145.4756 137.0813 1242.0000 178.4142 1.6601 1.6927 3.6465 25.4874 0.2233 30.9826 4.3663 0.1367
Car -1 -1 4.9867 302.2967 179.1435 352.9539 208.3234 1.5781 1.6343 4.3380 -16.4194 1.9656 42.2221 4.6176 0.1336
Car -1 -1 1.0749 785.3568 170.8025 852.4635 202.4600 1.4959 1.5613 3.8755 10.4101 1.3989 36.1549 1.3527 0.1319
Car -1 -1 3.2602 438.1622 178.1433 487.7092 196.9313 1.5166 1.6454 3.8532 -12.1124 1.9619 59.7701 3.0608 0.1297
Car -1 -1 1.6648 434.1349 184.2817 481.5589 222.1394 1.5514 1.7163 4.4378 -6.9169 2.1145 33.2559 1.4608 0.1143
Car -1 -1 5.1484 0.0000 194.4467 74.7320 252.4058 1.4475 1.5350 3.8102 -17.7754 2.1539 21.5709 4.4651 0.1091
Car -1 -1 0.7085 861.5709 54.3999 1242.0000 375.0000 1.5259 1.6390 4.4157 3.3611 1.2437 4.0472 1.3664 0.1071
Car -1 -1 1.6766 321.8130 186.9756 357.0971 214.4008 1.5311 1.6214 3.9851 -16.6463 2.4458 44.6070 1.3210 0.1001
Car -1 -1 0.5870 1126.3092 131.4270 1242.0000 249.9604 1.6343 1.7045 3.7939 11.0538 1.0631 11.9974 1.3192 0.0936
Car -1 -1 4.3144 621.8329 168.8453 659.5740 189.2428 1.6263 1.6513 4.1178 2.5359 1.3067 59.7447 4.3563 0.0866
Car -1 -1 3.8540 868.3078 155.9261 975.6421 196.6504 1.5087 1.5721 3.8241 12.3650 0.8816 28.7927 4.2557 0.0855
Car -1 -1 0.3696 0.0000 192.0191 58.4102 248.0258 1.4679 1.5920 4.0892 -19.0701 2.0739 21.3605 -0.3531 0.0840
Car -1 -1 4.1150 716.9578 157.0331 776.3586 183.7770 1.5925 1.7032 3.9739 8.5135 0.6504 45.1264 4.3001 0.0839
Car -1 -1 4.3228 590.6317 173.3841 628.8552 193.3142 1.5284 1.6619 3.9780 -0.0256 1.5723 57.6039 4.3220 0.0828
Car -1 -1 1.4336 658.0076 172.9991 705.4425 208.2349 1.4688 1.6000 3.6023 3.1349 1.4756 31.9245 1.5301 0.0810
Car -1 -1 3.1657 1047.6570 127.1092 1210.5616 182.4408 1.6610 1.6667 4.1982 16.8531 0.2878 23.5801 3.7805 0.0793
Car -1 -1 3.4948 33.7546 193.9133 123.2569 222.2101 1.4721 1.7006 3.7199 -29.9742 2.7027 40.8374 2.8645 0.0784
Car -1 -1 5.3432 148.1250 190.1060 226.1384 223.3934 1.4798 1.5542 3.5213 -20.8749 2.3799 35.8099 4.8184 0.0779
Car -1 -1 0.1355 504.3145 175.7058 558.3444 196.4103 1.5017 1.5854 3.7962 -5.7634 1.7162 53.4123 0.0282 0.0761
Car -1 -1 0.6665 1183.2150 137.4465 1242.0000 179.1521 1.5925 1.6719 3.4612 25.7546 0.2405 29.4087 1.3809 0.0750
Car -1 -1 2.7286 680.8384 161.3233 738.9386 180.4058 1.5573 1.6637 4.5220 8.3772 0.6163 60.2998 2.8658 0.0748
Car -1 -1 3.6216 610.3321 171.1461 706.1642 206.5271 1.5187 1.6573 4.0252 2.1859 1.4454 32.7236 3.6872 0.0742
Car -1 -1 1.5491 520.4610 174.8711 544.0471 197.3330 1.5471 1.6066 4.1531 -5.6300 1.6993 52.2496 1.4419 0.0742
Car -1 -1 5.1715 110.0637 193.3428 174.1719 222.0401 1.4930 1.6258 3.8143 -27.3546 2.7523 42.3604 4.6007 0.0737
Car -1 -1 1.2503 839.4329 171.5487 911.4406 210.0157 1.4734 1.5888 3.9548 10.8204 1.4234 29.6349 1.5968 0.0736
Car -1 -1 -0.6695 1078.7371 135.7177 1242.0000 249.6387 1.7062 1.7188 3.9727 10.1862 1.1500 11.7312 0.0330 0.0718
Car -1 -1 4.2887 836.9247 145.5028 893.2924 174.6263 1.6580 1.6865 3.9589 15.1991 0.1009 43.1236 4.6255 0.0704
Car -1 -1 2.0849 63.3086 197.3019 148.9709 234.8550 1.4502 1.6059 3.4659 -22.2210 2.5954 32.0017 1.4816 0.0701
Car -1 -1 -0.9344 1146.4954 140.2198 1242.0000 192.0344 1.4725 1.5181 3.8319 18.3982 0.5451 21.6944 -0.2376 0.0675
Car -1 -1 -0.5798 770.1033 156.9552 846.8776 184.3410 1.4868 1.5866 3.9332 11.1675 0.6237 40.5340 -0.3130 0.0667
Car -1 -1 2.1629 507.5972 177.0488 543.4163 193.9265 1.5208 1.6077 3.6132 -7.8875 1.9275 67.9725 2.0474 0.0665
Car -1 -1 1.4370 787.2643 168.5610 828.5048 198.3788 1.4846 1.5769 3.8575 10.3707 1.2709 37.9397 1.7015 0.0650
Car -1 -1 1.5079 587.3032 179.7496 610.7738 200.5065 1.5087 1.5721 3.8071 -0.8421 2.0597 55.7038 1.4924 0.0649
Car -1 -1 -0.4401 842.5641 160.7306 936.2034 195.4469 1.5501 1.6235 3.6713 12.8176 1.0088 33.1633 -0.0745 0.0647
Car -1 -1 -0.8059 1142.2267 125.8084 1242.0000 220.2389 1.5309 1.6703 4.0207 11.9242 0.7682 12.6547 -0.0616 0.0646
Car -1 -1 4.0158 812.5091 148.9060 891.0363 182.2442 1.6031 1.6959 3.8790 12.2759 0.4515 36.8107 4.3352 0.0627
Car -1 -1 3.0885 725.9402 157.3511 796.8775 181.5175 1.4811 1.6283 4.2790 9.4886 0.5310 45.3502 3.2934 0.0609
Car -1 -1 4.0045 284.7537 187.1213 351.6488 213.1633 1.4710 1.6399 3.9304 -17.8500 2.3770 44.1841 3.6223 0.0602
Car -1 -1 1.7706 456.5677 177.9281 484.6512 196.9012 1.4836 1.5402 3.8053 -11.3930 1.9144 59.3531 1.5814 0.0599