Car -1 -1 1.9141 172.3946 200.9369 425.1453 367.5254 1.5111 1.6138 3.8676 -3.6013 1.9434 9.1546 1.5481 0.9746
Car -1 -1 4.3554 745.6040 185.5434 1024.3887 360.7632 1.4409 1.6197 3.5350 2.7169 1.6131 7.9938 4.6705 0.9611
Car -1 -1 1.8423 353.4269 198.9236 489.4595 289.8944 1.4605 1.6267 4.0240 -3.6684 2.0684 14.7883 1.6024 0.9600
Car -1 -1 1.7346 463.5230 187.8761 526.2122 236.2293 1.4827 1.5553 3.7536 -3.9214 2.0462 25.1806 1.5810 0.9499
Car -1 -1 4.5333 693.8474 183.6883 824.5944 276.3011 1.4420 1.6498 4.3352 2.6896 1.6836 13.9160 4.7192 0.9440
Car -1 -1 1.7059 428.8332 190.6928 498.6105 249.5220 1.4340 1.4786 3.2683 -4.0177 1.9768 20.2784 1.5120 0.8854
Car -1 -1 4.5418 671.4376 179.9901 762.0508 241.4473 1.4879 1.7391 4.5107 2.8731 1.7111 20.2818 4.6797 0.7868
Car -1 -1 4.5971 663.3333 178.1300 718.5890 222.1894 1.4336 1.5401 3.5672 2.8307 1.6345 25.6946 4.7049 0.7325
Car -1 -1 2.9109 845.6793 150.7867 947.9557 186.0405 1.5518 1.6785 4.0501 13.0111 0.5805 32.8807 3.2846 0.5557
Car -1 -1 3.9503 925.5566 213.1582 1242.0000 375.0000 1.4678 1.5015 3.4930 3.0398 1.7515 3.2891 4.6513 0.5355
Car -1 -1 1.4292 632.5309 176.5071 664.6376 200.7917 1.5051 1.5784 3.7624 2.5154 1.7542 47.2495 1.4815 0.3970
Car -1 -1 1.7676 684.2318 172.4107 711.2279 190.6192 1.5602 1.6190 4.0429 7.8516 1.5222 63.9982 1.8888 0.2141
Car -1 -1 2.9580 829.2369 167.0350 941.4459 204.9187 1.5425 1.6055 4.2085 11.5812 1.3056 30.5359 3.3169 0.1714
Car -1 -1 4.6400 741.3806 199.3894 1242.0000 375.0000 1.5047 1.5787 3.6023 1.7471 1.6913 3.1084 5.1110 0.1593
Car -1 -1 1.5169 639.5563 180.9681 670.1218 208.5429 1.5499 1.6235 4.2171 2.7111 2.0676 43.9146 1.5775 0.1578
Car -1 -1 1.8302 324.0576 212.3439 394.2081 258.1074 1.4643 1.7723 3.1208 -9.4655 3.0579 27.4989 1.5009 0.1443
Car -1 -1 2.9323 876.2459 150.0165 960.9352 178.3461 1.5318 1.6591 4.0803 17.1540 0.2970 40.2166 3.3328 0.1419
Car -1 -1 4.4291 661.4935 172.9316 718.0826 210.4462 1.5027 1.5407 3.2160 3.3487 1.5062 30.6271 4.5364 0.1231
Car -1 -1 3.4943 701.1419 197.3600 791.6305 231.0478 1.4959 1.8359 4.1264 6.9177 2.8005 36.5682 3.6789 0.1221
Car -1 -1 4.7950 664.7460 171.4642 688.8328 191.9720 1.6453 1.6658 4.0825 5.6257 1.5338 60.0426 4.8876 0.1201
Car -1 -1 1.3984 371.1513 208.0182 432.5382 253.3482 1.4558 1.7448 3.2924 -8.0852 2.9073 27.9230 1.1184 0.1178
Car -1 -1 1.4583 358.1291 209.2691 410.3918 250.8764 1.4244 1.6901 3.7405 -9.5253 3.0596 30.3465 1.1560 0.1118
Car -1 -1 2.2046 369.1783 200.8192 458.7342 242.5347 1.4644 1.6952 3.7827 -8.0903 2.7142 30.1758 1.9442 0.1095
Car -1 -1 4.4291 888.2702 149.7189 941.6146 179.4297 1.6155 1.7081 4.1631 17.4407 0.3575 41.3967 4.8253 0.1077
Car -1 -1 1.5869 508.5638 193.6455 551.3737 233.7428 1.4587 1.6785 3.9717 -3.3199 2.3949 30.4343 1.4784 0.0935
Car -1 -1 1.6091 656.3126 181.8484 685.3496 208.3360 1.4750 1.6013 3.8445 3.7343 2.0428 43.5467 1.6935 0.0910
Car -1 -1 1.6502 706.4417 182.4601 744.7838 215.6290 1.5994 1.6870 4.1633 6.2090 2.1389 38.3017 1.8091 0.0852
Car -1 -1 4.6099 514.7764 189.4062 568.5267 234.0394 1.5135 1.6818 3.9679 -2.7151 2.2076 28.1444 4.5138 0.0815
Car -1 -1 -0.1047 827.5200 153.3559 904.5172 181.1926 1.5184 1.5969 3.9313 14.3605 0.4548 40.5874 0.2330 0.0772
Car -1 -1 1.4876 702.8586 170.0484 732.3741 194.0436 1.4792 1.5579 3.8340 6.9151 1.3063 46.4427 1.6342 0.0769
Car -1 -1 2.9818 286.1539 208.0568 391.1165 253.3822 1.4951 1.7555 3.5839 -10.5078 2.9420 28.0084 2.6253 0.0743
Car -1 -1 0.7515 580.4481 206.3690 1229.8878 375.0000 1.4628 1.5665 3.7333 1.4046 1.7753 4.7273 1.0211 0.0742
Car -1 -1 1.9321 640.9838 176.3217 685.9351 201.1518 1.5270 1.6061 4.0359 3.5685 1.7641 47.1482 2.0067 0.0728
Car -1 -1 1.3524 683.6498 182.0982 782.2830 251.0064 1.5245 1.6208 4.0965 3.0477 1.7898 18.6170 1.5112 0.0712
Car -1 -1 1.6027 642.8555 177.1671 670.3421 202.2770 1.4982 1.6152 4.0700 3.0279 1.7850 45.8766 1.6677 0.0698
Car -1 -1 0.1557 607.9242 176.0931 668.8255 200.3419 1.5125 1.5889 3.7164 1.8727 1.7261 46.4498 0.1953 0.0670
Car -1 -1 4.3136 304.0579 207.6019 384.4597 251.3456 1.4763 1.7603 3.7683 -10.8803 2.9910 29.4733 3.9623 0.0666
Car -1 -1 3.5042 654.0264 186.5595 755.1817 223.1894 1.4698 1.6447 4.1212 4.1871 2.1083 31.9181 3.6327 0.0663
Car -1 -1 4.7860 479.4677 187.3555 531.6116 233.0423 1.5640 1.7011 4.1918 -3.9896 2.1742 28.2122 4.6461 0.0641
Car -1 -1 4.3981 648.3067 172.8751 683.2986 192.8612 1.6128 1.6652 4.3266 4.6719 1.6146 60.5281 4.4744 0.0630
Car -1 -1 1.5336 657.6595 188.8764 697.2480 223.9719 1.4384 1.6698 4.1296 3.1040 2.2313 33.6011 1.6242 0.0628
Car -1 -1 2.0240 475.0113 183.4684 531.2650 212.3219 1.5674 1.6522 4.1853 -6.2877 2.2343 43.0913 1.8794 0.0620
Car -1 -1 3.4020 316.9027 213.3636 411.8950 254.9911 1.4879 1.7319 3.2291 -9.6661 3.1498 28.6356 3.0785 0.0613
Car -1 -1 3.8057 871.4095 146.5824 942.4447 174.6526 1.6292 1.6430 3.7873 18.0441 0.1044 43.9301 4.1932 0.0609
Car -1 -1 1.4985 454.0378 179.8790 487.1745 207.1998 1.4844 1.6281 4.0180 -8.2169 1.9188 42.4616 1.3081 0.0583
Car -1 -1 3.5033 0.0000 0.0000 1242.0000 375.0000 1.5094 1.6352 4.1981 3.6007 1.6081 2.1601 4.4745 0.0581
Car -1 -1 1.9003 361.4958 210.0700 432.7896 254.3380 1.4941 1.7474 3.3290 -8.4346 3.0738 28.9226 1.6182 0.0575
Car -1 -1 2.5640 511.8860 187.6860 576.3244 213.0575 1.4592 1.6586 3.7409 -4.0978 2.4301 45.4218 2.4740 0.0570
Car -1 -1 4.8394 617.1592 189.5414 689.8873 248.9664 1.4478 1.5957 4.0376 1.3664 1.9807 20.9104 4.9028 0.0567
Car -1 -1 4.5159 650.5115 169.6823 707.6926 208.8301 1.5044 1.6242 3.7707 2.7903 1.3825 29.6871 4.6082 0.0560
Car -1 -1 1.4272 502.3768 189.5779 551.1205 225.8110 1.4867 1.6778 4.3095 -3.9680 2.3286 34.0243 1.3114 0.0558
Car -1 -1 1.5567 749.8392 200.9813 787.6538 235.4939 1.4820 1.7357 3.0975 7.7837 2.9290 35.4282 1.7702 0.0553
Car -1 -1 1.4893 508.4137 187.0955 539.6876 212.6492 1.4775 1.6635 4.0754 -5.5256 2.4339 46.2914 1.3706 0.0543
Car -1 -1 1.4552 632.9964 188.9493 679.7087 224.6802 1.4677 1.6851 4.3133 2.1250 2.2711 33.8184 1.5167 0.0543
Car -1 -1 1.5017 659.2819 172.8106 682.6412 192.4078 1.5489 1.6229 4.0757 4.9942 1.5455 59.0766 1.5853 0.0525
Car -1 -1 2.6230 777.3860 226.5004 1242.0000 375.0000 1.4591 1.5348 3.6240 2.7800 1.7960 3.5861 3.2419 0.0517
Car -1 -1 1.3807 749.7267 200.3690 799.1992 233.0474 1.4495 1.7630 3.9981 8.4871 2.9544 37.4389 1.6010 0.0507
Car -1 -1 0.9006 595.2034 177.9688 652.6028 202.8768 1.5041 1.6250 3.8925 0.8814 1.8478 46.4489 0.9190 0.0501