Car -1 -1 1.8951 308.0875 137.5657 529.1251 297.8111 1.9499 1.8604 4.5314 -2.4748 1.4151 11.0908 1.6749 0.8099
Car -1 -1 4.5649 669.0193 160.7741 704.5637 186.9626 1.6135 1.6681 4.0904 5.5228 0.3358 46.3303 4.6780 0.3982
Car -1 -1 1.5334 561.5213 161.2812 586.1602 183.2514 1.5122 1.5961 4.0031 -1.9365 0.1197 51.5004 1.4912 0.3135
Car -1 -1 4.8359 485.4926 154.3609 566.3900 218.4602 1.4696 1.5875 3.9181 -1.8024 0.8471 18.4459 4.7348 0.2965
Car -1 -1 4.8977 336.7108 127.9565 434.6802 192.5922 1.4875 1.6624 4.2913 -5.4523 0.2550 18.7484 4.6138 0.2927
Car -1 -1 1.8919 277.1593 140.2634 381.0956 198.8212 1.5418 1.6378 4.0003 -7.7611 0.4557 20.9408 1.5363 0.1628
Car -1 -1 -0.1702 664.3114 162.5217 730.7034 186.1680 1.4560 1.5679 3.9159 6.0645 0.2867 45.0955 -0.0421 0.1459
Car -1 -1 4.7774 676.0289 170.8126 713.9786 202.7545 1.4069 1.5425 3.6309 4.4646 0.9356 33.5682 4.9036 0.1447
Car -1 -1 2.4390 1000.0338 205.5176 1238.0000 374.0000 1.4832 1.5416 3.5225 5.6509 1.7172 6.2175 3.1502 0.1124
Car -1 -1 3.3186 560.0225 163.5508 617.4886 185.5486 1.5041 1.6135 3.7954 -0.7931 0.2760 50.2089 3.2981 0.1037
Car -1 -1 4.7695 587.9692 164.3694 614.5367 186.8869 1.5327 1.6780 3.8946 0.0963 0.3658 50.8834 4.7666 0.0925
Car -1 -1 4.6711 1040.0907 201.9415 1238.0000 374.0000 1.4667 1.5509 3.4771 5.2229 1.7177 6.9464 5.2921 0.0909
Car -1 -1 4.5891 684.0214 156.8304 732.8267 195.0668 1.4987 1.5791 3.3609 4.4319 0.5313 29.8508 4.7303 0.0904
Car -1 -1 2.5791 1071.6194 147.2527 1238.0000 280.2560 1.4728 1.6189 4.1184 8.6223 1.0934 9.1118 3.3175 0.0895
Car -1 -1 1.4317 679.0966 168.4954 716.1890 196.2059 1.4846 1.5537 3.6064 5.4095 0.7872 40.2980 1.5593 0.0849
Car -1 -1 4.3875 565.6190 160.2618 601.2562 182.0544 1.8311 1.8269 4.2559 -1.5206 0.0456 62.6700 4.3586 0.0808
Car -1 -1 4.3361 645.3241 157.4747 717.7397 196.2186 1.4884 1.6328 3.8903 3.2703 0.5650 29.6888 4.4400 0.0805
Car -1 -1 4.6491 468.1620 139.0842 512.8928 178.9431 1.5323 1.5903 3.6621 -4.6122 -0.1137 29.8288 4.4924 0.0783
Car -1 -1 4.5962 596.5785 169.2103 623.3784 190.7435 1.5510 1.5692 3.6539 0.6838 0.6649 53.6431 4.6040 0.0782
Car -1 -1 0.2914 540.9796 163.0841 599.4558 184.7547 1.4968 1.5953 3.8419 -2.1236 0.2240 50.8567 0.2451 0.0765
Car -1 -1 1.6189 955.7226 191.4602 1238.0000 374.0000 1.4708 1.5543 3.2043 3.9591 1.5734 5.6581 2.2022 0.0724
Car -1 -1 4.5878 484.3755 141.9003 529.5906 177.3545 1.5725 1.6684 3.8106 -4.5240 -0.2110 34.3974 4.4534 0.0718
Car -1 -1 -0.5264 1060.5582 162.4107 1238.0000 374.0000 1.5074 1.6430 4.3122 6.4987 1.3880 5.8795 0.2816 0.0697
Car -1 -1 -0.0066 554.3495 166.9989 613.4114 188.0037 1.5048 1.6765 4.2365 -1.2103 0.4651 52.3745 -0.0345 0.0648
Car -1 -1 4.8809 558.5928 160.8057 585.5558 181.9222 1.8035 1.7425 4.0397 -2.4660 0.0350 63.4635 4.8374 0.0645
Car -1 -1 1.5190 679.1398 170.3278 712.9573 199.0610 1.4743 1.5835 3.9873 5.1328 0.9005 38.9051 1.6443 0.0643
Car -1 -1 4.5964 574.1164 162.4419 604.0718 184.7329 1.5199 1.6535 4.0334 -0.8426 0.2196 51.0897 4.5752 0.0625
Car -1 -1 5.2982 403.5750 132.6409 498.6697 180.3335 1.5651 1.6326 3.5426 -5.2346 -0.0452 25.6179 5.0940 0.0620
Car -1 -1 1.4884 563.4335 186.5914 625.7217 238.6393 1.4826 1.6326 3.9660 -0.2674 1.6592 22.9170 1.4715 0.0606
Car -1 -1 1.9479 257.4221 144.4264 366.9257 206.5543 1.5085 1.5012 3.5498 -7.5755 0.6080 19.2179 1.5722 0.0601
Car -1 -1 3.0378 636.3735 158.3392 734.1885 196.7837 1.4948 1.6020 3.7315 3.3414 0.5938 28.7423 3.1476 0.0586
Car -1 -1 4.7407 572.1238 176.0608 612.4093 213.9361 1.5076 1.6046 3.6578 -0.2991 1.2906 30.4331 4.7259 0.0583
Car -1 -1 4.7338 689.0378 168.6706 724.4077 200.3239 1.4267 1.5835 3.9191 5.1268 0.8479 34.4390 4.8755 0.0573
Car -1 -1 1.4741 563.8935 162.0788 592.9276 184.7823 1.5198 1.6316 3.9574 -1.5720 0.2189 50.1538 1.4382 0.0559
Car -1 -1 1.6109 665.9192 161.7902 708.8265 201.4986 1.5948 1.6910 4.2906 3.8254 0.8027 31.1014 1.7273 0.0551
Car -1 -1 3.8360 245.6592 124.2118 430.1068 190.3504 1.4798 1.5947 4.1741 -6.3995 0.1978 17.5279 3.4862 0.0542
Car -1 -1 4.6823 552.7266 177.3454 593.1509 214.1560 1.4661 1.5817 3.7304 -1.2173 1.3001 30.5283 4.6377 0.0538
Car -1 -1 3.5229 476.2186 144.0724 570.9263 178.4247 1.5226 1.6416 4.0614 -3.5570 -0.1494 33.4148 3.4130 0.0522
Car -1 -1 3.5142 414.2186 141.9510 518.1940 181.7879 1.5521 1.5989 3.8248 -5.4095 0.0107 29.1267 3.3276 0.0510
Car -1 -1 1.5929 530.8256 190.3066 585.2361 242.7717 1.4721 1.5761 3.8381 -1.3042 1.7745 22.7572 1.5309 0.0503