Car -1 -1 4.5917 662.9343 180.4179 717.3912 221.3221 1.4194 1.5803 4.2286 3.0429 1.7347 27.9498 4.6983 0.9456
Car -1 -1 4.9275 279.7893 185.5821 497.7792 346.2432 1.5356 1.7065 4.2442 -2.5491 1.7394 9.3960 4.6684 0.9439
Car -1 -1 4.3724 743.9880 174.6247 1125.3174 375.0000 1.6308 1.7146 4.0178 2.4757 1.6521 6.6727 4.7119 0.9425
Car -1 -1 4.9363 411.3110 188.9515 544.0167 281.4035 1.4950 1.6907 4.1941 -2.4727 1.8675 14.5556 4.7700 0.9318
Car -1 -1 4.4804 707.9191 186.6178 859.5010 292.9789 1.4402 1.6023 3.6622 2.7274 1.7060 12.0913 4.6958 0.9068
Car -1 -1 4.5482 650.3269 180.3174 691.4160 208.6070 1.4631 1.6336 4.1713 3.3922 1.9052 40.5945 4.6304 0.7295
Car -1 -1 4.6833 559.2985 179.6176 590.2670 207.1327 1.4732 1.6675 4.2159 -2.0615 1.8860 41.8656 4.6339 0.6885
Car -1 -1 4.8864 453.7767 188.1378 537.5795 253.0642 1.4900 1.5761 3.7000 -2.9409 1.9385 19.3067 4.7364 0.4405
Car -1 -1 1.7355 574.6401 187.6588 605.4178 210.2909 1.5187 1.6057 4.2532 -1.4065 2.6626 53.5347 1.7088 0.2463
Car -1 -1 3.8576 443.5319 176.7336 485.3098 192.1004 1.4117 1.5291 3.8405 -13.8307 1.7899 68.7164 3.6594 0.2017
Car -1 -1 4.5328 634.6718 178.5431 668.6818 202.1134 1.4307 1.5463 3.7513 2.6841 1.8143 46.6960 4.5894 0.1885
Car -1 -1 1.6096 531.7766 179.5091 554.9631 200.6545 1.4935 1.5820 3.9117 -4.9410 2.0119 54.2113 1.5187 0.1687
Car -1 -1 2.6093 439.9023 178.7064 530.5023 212.2223 1.5560 1.6637 4.2157 -6.1919 1.8657 36.1897 2.4406 0.1583
Car -1 -1 3.1546 364.9706 184.4585 540.6422 248.6750 1.4936 1.6375 4.1944 -3.9387 1.8095 18.4297 2.9463 0.1281
Car -1 -1 1.6810 502.7280 176.8285 538.1095 204.4182 1.4844 1.5924 3.8393 -5.0556 1.7226 41.3049 1.5595 0.1112
Car -1 -1 1.9158 412.8629 185.0430 535.2863 254.4447 1.4516 1.6576 4.1954 -3.2304 1.7943 18.0748 1.7406 0.1071
Car -1 -1 0.2502 451.7561 178.6706 527.9563 204.8726 1.4764 1.6192 4.1103 -6.9478 1.8236 42.0795 0.0872 0.0973
Car -1 -1 1.7407 580.0034 181.0170 608.3456 202.4088 1.5376 1.5484 3.8383 -1.1464 2.1872 55.4101 1.7196 0.0888
Car -1 -1 1.6277 671.9714 172.6080 691.9724 190.4196 1.5685 1.5948 3.8177 6.6029 1.5469 65.5502 1.7273 0.0819
Car -1 -1 1.7536 567.3315 184.9136 599.6840 207.3452 1.4885 1.6676 3.7963 -1.8392 2.3915 52.0285 1.7179 0.0813
Car -1 -1 1.7053 520.0970 183.5828 551.7839 207.2127 1.4772 1.6119 4.0274 -4.9558 2.2362 48.9992 1.6045 0.0810
Car -1 -1 1.6818 494.8849 179.8355 535.0422 210.5879 1.5181 1.6680 4.2619 -5.0190 1.9137 38.7381 1.5534 0.0738
Car -1 -1 3.2201 532.6766 180.7083 611.4816 206.9042 1.4726 1.6369 4.4617 -2.1386 1.9390 41.9665 3.1690 0.0736
Car -1 -1 2.7249 816.6724 187.8622 951.9716 236.9410 1.4440 1.5563 3.6540 8.5660 1.9338 22.6588 3.0812 0.0714
Car -1 -1 1.7120 411.6238 183.4385 497.9594 249.0118 1.4675 1.6275 4.0119 -3.9232 1.7743 18.8629 1.5090 0.0709
Car -1 -1 2.8187 563.5521 187.5986 623.2252 209.1250 1.5053 1.6392 4.1552 -1.2119 2.6379 53.9504 2.7958 0.0708
Car -1 -1 3.5745 457.6904 179.2380 535.8499 206.7451 1.4707 1.6267 4.0274 -6.3239 1.8412 40.5342 3.4202 0.0693
Car -1 -1 1.8175 509.6966 180.0955 550.8372 206.8727 1.6050 1.6670 4.1799 -5.0670 2.0948 46.6156 1.7094 0.0660
Car -1 -1 -0.3707 416.7502 179.0432 503.9142 213.3947 1.5737 1.6283 3.8616 -7.3015 1.8923 35.4099 -0.5730 0.0651
Car -1 -1 1.4879 684.5068 172.9847 710.3005 195.7018 1.5651 1.5123 3.8762 6.2589 1.5748 51.6983 1.6073 0.0628
Car -1 -1 1.0112 677.7024 177.5437 745.1908 209.5648 1.4835 1.6224 3.6814 5.0245 1.7307 36.0279 1.1481 0.0624
Car -1 -1 1.5671 586.4875 185.5284 610.3434 207.6029 1.4875 1.6738 3.4347 -0.8157 2.4375 52.3470 1.5510 0.0615
Car -1 -1 1.6698 508.4671 174.6687 542.2715 202.4734 1.6030 1.6453 4.0530 -5.0750 1.7186 43.9042 1.5550 0.0594
Car -1 -1 -0.6198 896.8742 175.9787 1052.2029 226.3537 1.4683 1.6552 4.0947 11.2341 1.5698 22.3137 -0.1592 0.0594
Car -1 -1 0.1074 428.8618 187.6252 584.3502 248.2088 1.4948 1.5833 3.9132 -2.6287 1.9024 19.0632 -0.0286 0.0578
Car -1 -1 4.1732 935.2565 156.6123 1242.0000 321.8003 1.6864 1.6757 4.0188 5.9619 1.5206 9.3854 4.7243 0.0570
Car -1 -1 1.7012 514.1381 189.4896 562.6450 228.3732 1.5090 1.6225 3.8333 -3.0541 2.2825 31.6072 1.6050 0.0568
Car -1 -1 2.1251 599.4450 184.6317 648.0849 206.5459 1.4616 1.7018 3.9790 1.0753 2.3541 52.5479 2.1449 0.0540
Car -1 -1 2.6148 832.2468 188.2683 987.6154 240.5140 1.4459 1.5718 4.0727 8.9628 1.9313 21.6577 3.0016 0.0528
Car -1 -1 2.0871 600.6366 181.3740 645.3255 202.3211 1.4674 1.6352 3.9390 1.0510 2.1343 54.3726 2.1059 0.0527
Car -1 -1 3.4099 542.9338 171.8679 608.9538 197.4342 1.6183 1.6657 3.9898 -2.1690 1.5558 46.9228 3.3636 0.0520
Car -1 -1 1.4061 548.2884 178.1859 588.9729 207.9834 1.5500 1.6486 3.9143 -2.3388 1.8638 40.3725 1.3481 0.0516
Car -1 -1 4.5336 652.1379 177.5549 694.1443 206.9497 1.4767 1.5853 3.8554 3.3723 1.7430 38.8790 4.6189 0.0513
Car -1 -1 0.0494 559.1751 187.1931 612.5366 208.2674 1.4919 1.6450 3.8480 -1.7151 2.5641 53.0977 0.0167 0.0508