Car -1 -1 4.3837 782.1218 173.4106 1163.2683 375.0000 1.4577 1.5522 4.0474 2.7120 1.4642 6.4701 4.7635 0.9733
Car -1 -1 4.7994 491.9609 167.9121 565.0894 231.8512 1.6239 1.6907 3.8940 -2.1791 1.4984 20.2884 4.6931 0.9713
Car -1 -1 4.4981 687.5732 167.8201 784.2119 229.5244 1.4517 1.6324 4.1723 3.2075 1.3333 19.1003 4.6613 0.9494
Car -1 -1 3.8749 0.0000 186.1062 184.2197 296.2698 1.4440 1.6538 3.8142 -8.6378 1.6566 10.6308 3.2046 0.8672
Car -1 -1 4.8263 546.0132 169.3345 588.2533 203.1575 1.5159 1.5833 3.7189 -1.9603 1.3582 34.2402 4.7691 0.6334
Car -1 -1 4.6161 676.0339 169.6521 733.5364 214.9326 1.4538 1.6061 3.8038 3.2348 1.3510 25.0918 4.7423 0.5652
Car -1 -1 4.7767 515.0615 162.0591 569.6789 210.3429 1.5674 1.6592 3.7412 -2.2856 1.2169 25.3131 4.6871 0.4482
Car -1 -1 4.6458 663.8809 158.4417 703.1317 192.9787 1.6190 1.6611 4.1409 3.6243 0.9434 35.9204 4.7452 0.3179
Car -1 -1 4.9074 486.4834 157.1282 523.2368 182.8428 1.6432 1.6948 3.9039 -6.9310 0.6383 48.0996 4.7649 0.2223
Car -1 -1 3.3523 503.8726 158.4133 566.4900 179.5315 1.4789 1.5874 4.2104 -5.2893 0.4676 51.5467 3.2504 0.2049
Car -1 -1 5.1172 501.1013 157.3664 543.6295 181.4787 1.6864 1.6691 3.9055 -6.3048 0.6032 52.5726 4.9983 0.1789
Car -1 -1 1.5643 652.4861 156.9977 677.7250 184.4192 1.8844 1.7315 4.0221 3.9600 0.7948 51.6510 1.6401 0.1688
Car -1 -1 5.9471 0.0000 166.1470 135.3145 219.6014 1.4761 1.4884 3.4186 -16.5324 1.2909 21.7593 5.3032 0.1663
Car -1 -1 4.6370 533.1055 158.8537 560.0443 182.4086 1.6423 1.6531 3.9721 -4.6083 0.6662 52.4011 4.5496 0.1125
Car -1 -1 1.4096 654.8698 177.4669 694.8980 206.3382 1.4278 1.5387 3.6157 3.4043 1.6835 38.1375 1.4975 0.1106
Car -1 -1 4.4436 642.7932 152.3588 682.9155 179.4671 1.6748 1.6534 3.7002 3.3927 0.4086 46.5545 4.5157 0.0907
Car -1 -1 -0.4046 649.3972 156.2749 715.3233 180.6335 1.6663 1.6705 4.3086 5.1188 0.5322 50.8011 -0.3049 0.0823
Car -1 -1 2.7220 850.9195 205.7944 1038.5060 268.2308 1.5167 1.7744 4.2100 8.8793 2.4417 19.3662 3.1450 0.0767
Car -1 -1 -0.2310 642.7126 152.9695 717.1691 178.6033 1.5754 1.6583 4.4056 4.4074 0.3533 45.4614 -0.1351 0.0724
Car -1 -1 4.2968 814.7103 201.3611 946.8394 275.3841 1.4975 1.6957 3.6867 6.5872 2.2820 17.9580 4.6419 0.0689
Car -1 -1 3.7954 468.8117 158.0575 534.1074 183.2150 1.5821 1.6664 4.0320 -7.0648 0.6516 47.0810 3.6471 0.0674
Car -1 -1 4.5601 671.0454 154.9428 722.2464 192.8544 1.5508 1.6399 3.8461 3.7306 0.8181 31.4654 4.6767 0.0654
Car -1 -1 1.6970 556.2809 183.0882 593.4768 212.2805 1.4320 1.5403 3.6091 -1.8085 2.0053 38.5590 1.6499 0.0643
Car -1 -1 -0.0389 523.3051 159.1829 582.3741 181.1648 1.5533 1.6430 4.1843 -4.1135 0.5873 52.0463 -0.1175 0.0637
Car -1 -1 4.8234 481.3074 160.4458 513.3142 186.1600 1.5870 1.6018 3.9998 -7.1987 0.8212 46.5635 4.6706 0.0622
Car -1 -1 1.7657 694.7295 170.0156 735.6772 197.8581 1.5515 1.6303 4.0342 6.2512 1.3933 42.3795 1.9108 0.0616
Car -1 -1 -0.4254 675.6989 156.9142 782.2498 195.0963 1.5335 1.6405 4.1045 4.9966 0.8933 30.3052 -0.2639 0.0592
Car -1 -1 1.6741 565.9519 177.4407 599.6948 204.9333 1.4620 1.5374 3.6720 -1.4732 1.7339 40.8824 1.6378 0.0589
Car -1 -1 2.1814 0.0000 162.4707 118.0604 214.4134 1.4712 1.5554 4.1234 -17.4611 1.1771 22.5301 1.5277 0.0570
Car -1 -1 4.6748 561.6926 159.3736 612.7637 206.3545 1.5139 1.6300 3.9763 -0.8509 1.0795 25.2916 4.6410 0.0538
Car -1 -1 2.7488 657.3540 170.9807 744.3071 201.7323 1.5346 1.6245 4.1597 4.7097 1.4411 37.3423 2.8729 0.0520
Car -1 -1 3.0799 668.9330 156.9414 751.6448 189.7125 1.5235 1.6185 3.8194 4.7608 0.7837 34.4916 3.2157 0.0519
Car -1 -1 1.0335 665.7664 159.9778 747.2915 199.4250 1.5350 1.6258 3.8503 3.9725 1.0339 30.1663 1.1628 0.0514
Car -1 -1 2.8783 686.6421 164.9359 822.6818 213.2745 1.5361 1.6273 4.1314 4.7407 1.2845 23.8862 3.0714 0.0508
Car -1 -1 4.1885 701.1491 164.4500 761.9835 194.0053 1.5374 1.6105 3.7753 6.6306 1.1002 39.5827 4.3529 0.0506
Car -1 -1 3.5805 473.2351 162.6798 594.6600 211.4051 1.6021 1.6752 3.8642 -2.6227 1.2676 25.1519 3.4772 0.0506