Car -1 -1 1.9145 0.0000 162.3004 410.9815 374.0000 1.5258 1.7241 4.5165 -2.7519 1.4363 5.6759 1.4744 0.8976
Car -1 -1 1.7198 386.1324 155.6026 468.8889 222.0857 1.7335 1.7059 4.3690 -4.9191 1.0579 20.9777 1.4871 0.7509
Car -1 -1 3.5405 275.1618 142.2987 397.3078 183.2660 1.4820 1.5973 3.9818 -9.8240 0.0634 26.8779 3.1886 0.5779
Car -1 -1 4.6297 657.6176 163.7632 699.9630 197.9356 1.4796 1.6024 3.7480 3.5451 0.7111 32.9916 4.7309 0.4165
Car -1 -1 1.8922 435.0579 164.0476 507.7507 208.8518 1.5829 1.5730 3.9269 -4.8335 0.9659 27.4345 1.7144 0.3422
Car -1 -1 4.0327 0.0000 156.1727 99.7002 190.7644 1.5309 1.6219 3.9153 -25.3501 0.4095 33.0354 3.3772 0.2918
Car -1 -1 4.9810 332.2499 137.0142 401.9362 179.0679 1.4988 1.6077 3.7938 -8.9207 -0.1010 27.7558 4.6682 0.2023
Car -1 -1 1.8501 15.2433 177.3756 77.9199 208.2887 1.5530 1.6198 3.9329 -29.3693 1.3452 38.2148 1.1931 0.1720
Car -1 -1 1.8980 256.3406 156.7455 334.5021 199.4541 1.4714 1.5656 3.6694 -11.2050 0.6181 26.6345 1.4985 0.1620
Car -1 -1 2.0488 154.4730 141.2940 241.4146 180.7702 1.5325 1.6023 3.7487 -16.6113 -0.0328 29.8549 1.5401 0.1414
Car -1 -1 1.2708 629.2132 174.4451 747.2421 245.8632 1.4429 1.5593 3.9430 1.8830 1.3001 16.5975 1.3766 0.1373
Car -1 -1 3.7849 117.9096 140.2129 239.9904 178.7251 1.5100 1.6134 4.1685 -17.1720 -0.1179 29.3512 3.2548 0.1257
Car -1 -1 5.1353 27.7309 153.3871 108.7728 187.2881 1.5039 1.6315 3.8602 -25.0157 0.2562 33.9256 4.4989 0.0967
Car -1 -1 5.2843 5.6689 176.2203 97.5307 210.1055 1.5297 1.6420 3.9109 -26.1838 1.2908 34.4417 4.6330 0.0926
Car -1 -1 1.4031 0.0000 194.0771 13.0548 228.5541 1.4393 1.6008 3.7252 -28.5488 2.0499 33.1052 0.6902 0.0910
Car -1 -1 3.1256 240.8634 154.4657 376.3622 199.8664 1.5401 1.6196 4.4094 -10.4820 0.6226 25.9733 2.7406 0.0902
Car -1 -1 4.0562 247.4153 150.4730 405.0232 215.9859 1.4503 1.5699 3.8610 -6.7459 0.7631 17.5778 3.6898 0.0834
Car -1 -1 1.3614 311.2436 167.7932 410.0146 230.4875 1.4688 1.6529 4.0458 -6.4288 1.1474 18.9901 1.0340 0.0820
Car -1 -1 1.9438 453.6145 153.0721 529.5233 193.4215 1.4900 1.6293 4.0635 -4.2506 0.4398 28.6872 1.7932 0.0768
Car -1 -1 1.8123 270.9109 129.8589 357.2630 187.2195 1.6616 1.6589 3.8750 -8.9811 0.1653 22.8400 1.4369 0.0706
Car -1 -1 0.4759 303.5826 145.3508 416.3820 181.7408 1.5157 1.6336 4.3602 -10.3564 0.0095 31.0570 0.1519 0.0694
Car -1 -1 4.8541 360.8470 143.0493 411.6829 180.6069 1.5510 1.6474 3.6856 -9.3812 -0.0424 31.7025 4.5640 0.0691
Car -1 -1 5.0114 0.0000 189.6584 62.1844 223.7639 1.4874 1.5809 3.7811 -27.3197 1.9002 34.3551 4.3381 0.0683
Car -1 -1 -0.3602 681.8281 162.3252 809.5469 206.2140 1.4305 1.6030 3.9649 4.9227 0.8051 24.5377 -0.1692 0.0652
Car -1 -1 -0.4456 704.9283 181.9539 922.6389 257.4099 1.4812 1.5883 4.1573 4.4652 1.4912 15.2497 -0.1708 0.0649
Car -1 -1 4.6321 440.2406 150.0467 489.6320 191.2376 1.5312 1.6114 4.0445 -5.5028 0.3615 28.8669 4.4406 0.0646
Car -1 -1 1.8808 288.1649 141.1696 367.7104 183.9896 1.4667 1.6012 4.0223 -9.9958 0.0849 26.6537 1.5206 0.0625
Car -1 -1 0.1875 551.5231 175.5806 743.3791 248.4352 1.4592 1.5166 3.9497 1.0559 1.3404 15.6084 0.2486 0.0615
Car -1 -1 4.8488 44.1573 175.1581 89.6382 203.7858 1.5443 1.5813 3.7416 -30.2157 1.2016 40.7709 4.2091 0.0600
Car -1 -1 3.1042 420.2848 159.3730 529.3299 200.6823 1.5508 1.6392 4.1011 -4.9316 0.7197 28.2041 2.9277 0.0575
Car -1 -1 0.5415 206.9565 134.7191 366.8061 189.8239 1.6303 1.6466 4.3314 -9.6966 0.2459 22.3531 0.1318 0.0558
Car -1 -1 -0.1583 656.2037 163.4908 746.4963 196.8520 1.4446 1.5513 3.7700 4.4419 0.6642 31.9288 -0.0261 0.0555
Car -1 -1 4.1545 2.4970 137.8318 178.6652 207.4815 1.5162 1.6326 3.8700 -12.1644 0.5653 17.1404 3.5397 0.0549
Car -1 -1 0.2832 346.6859 156.1539 508.5198 219.4827 1.7812 1.6953 4.3322 -5.0051 1.0679 21.1555 0.0485 0.0543
Car -1 -1 5.3778 0.0000 152.6484 99.0474 188.2740 1.5235 1.6454 3.9015 -25.0067 0.2892 32.6785 4.7237 0.0530
Car -1 -1 0.1880 415.2681 166.2895 523.8677 209.5393 1.5711 1.5827 3.7725 -4.8398 1.0181 26.8984 0.0066 0.0501