Car -1 -1 -0.2972 727.6948 184.7407 880.0726 238.7382 1.4964 1.6917 4.0285 5.6655 1.8632 21.3347 -0.0418 0.9675
Car -1 -1 -0.6472 940.7046 200.9851 1242.0000 326.1296 1.3900 1.4924 3.7096 6.4299 1.7833 9.2425 -0.0553 0.9538
Car -1 -1 0.5493 69.7952 189.7799 383.1180 300.3210 1.4881 1.6227 3.9597 -5.6878 1.7683 10.9779 0.0806 0.9511
Car -1 -1 3.4277 199.5091 175.9874 415.7851 246.2340 1.4524 1.5690 4.1421 -6.5423 1.5261 15.9870 3.0446 0.8971
Car -1 -1 -0.4945 879.4844 185.5808 1141.9114 284.8650 1.4588 1.4924 3.3760 6.2907 1.6760 11.5553 -0.0075 0.8914
Car -1 -1 0.2172 392.8216 182.3423 507.0963 222.0611 1.5462 1.6618 4.2748 -6.4213 1.9428 29.3252 0.0030 0.8832
Car -1 -1 0.6548 0.0000 204.6645 282.3699 339.7022 1.4265 1.5142 3.5946 -6.1678 1.8570 8.8980 0.0623 0.8309
Car -1 -1 3.8173 0.0000 189.6579 219.7231 375.0000 1.5183 1.6411 4.1468 -5.9945 1.6894 6.4134 3.0862 0.8273
Car -1 -1 4.6172 634.2809 183.4035 673.2796 213.6236 1.3612 1.5722 3.6947 2.1379 1.9104 35.6847 4.6759 0.7688
Car -1 -1 0.4863 138.6864 191.4921 401.3742 282.8887 1.5355 1.4713 4.2014 -6.1638 1.9022 13.3340 0.0602 0.7079
Car -1 -1 3.4551 310.7016 185.1455 458.8652 237.0186 1.4281 1.5811 3.8298 -6.4892 1.8012 21.0797 3.1595 0.6512
Car -1 -1 3.4168 259.9434 185.1318 434.2811 246.5314 1.4646 1.5686 3.9140 -6.6133 1.7946 18.4835 3.0772 0.4448
Car -1 -1 1.4900 618.2736 177.9144 640.0803 195.5956 1.4771 1.5989 3.9569 1.6960 1.9363 63.4522 1.5161 0.3550
Car -1 -1 1.5807 758.1974 177.0995 778.0247 195.7579 1.4981 1.5850 3.8975 13.4094 1.8690 60.9550 1.7959 0.2881
Car -1 -1 4.7204 515.3621 176.2044 538.7126 197.6608 1.4729 1.6167 4.0988 -5.9646 1.7257 52.3181 4.6071 0.2431
Car -1 -1 4.7276 482.5718 172.1317 517.5979 205.2738 1.4418 1.5116 3.1596 -4.9861 1.4104 33.0558 4.5786 0.2416
Car -1 -1 4.7797 193.5549 171.0231 223.2583 194.6387 1.6954 1.6607 4.1059 -29.9827 1.5639 54.0106 4.2749 0.2243
Car -1 -1 1.6196 558.0748 179.6027 579.7462 198.3265 1.4561 1.5882 4.1374 -3.3310 2.0337 59.6806 1.5637 0.2234
Car -1 -1 1.5954 629.2741 184.7745 659.9860 213.8402 1.5572 1.7063 4.1218 2.1087 2.2946 42.5122 1.6440 0.1965
Car -1 -1 -0.0745 385.5537 168.9774 481.9901 202.5837 1.4256 1.5222 4.0489 -7.7916 1.2611 31.9532 -0.3121 0.1916
Car -1 -1 4.7898 391.3058 183.1833 455.9276 236.0909 1.4139 1.6027 3.8124 -5.6006 1.7589 22.0827 4.5437 0.1544
Car -1 -1 1.4021 515.1515 179.8991 546.9633 203.6886 1.4815 1.5280 3.5423 -5.2529 1.9686 47.9782 1.2932 0.1530
Car -1 -1 1.8446 605.1874 184.4234 649.8198 211.8168 1.4557 1.6433 3.7763 1.0958 2.1638 42.1175 1.8699 0.1526
Car -1 -1 3.3908 312.2206 164.6274 407.4320 198.6878 1.4329 1.5413 3.6285 -10.7617 1.0868 31.2672 3.0617 0.1504
Car -1 -1 1.6366 554.2311 179.3824 579.4602 201.0553 1.6158 1.7139 4.3817 -3.3547 2.1543 57.3144 1.5780 0.1416
Car -1 -1 0.2273 425.7581 172.4646 516.8307 204.7848 1.4178 1.5611 3.7734 -6.1848 1.4007 32.5074 0.0404 0.1414
Car -1 -1 4.8587 435.1941 173.5818 482.6158 206.3769 1.4241 1.6147 3.6632 -6.8890 1.4595 33.2890 4.6559 0.1390
Car -1 -1 0.0543 437.9912 176.1323 511.9724 206.8534 1.4989 1.6419 3.5889 -6.7488 1.6694 36.4706 -0.1278 0.1352
Car -1 -1 1.5040 533.1768 177.8921 552.6652 194.3536 1.4745 1.5754 3.7614 -6.2875 1.9620 67.8258 1.4116 0.1306
Car -1 -1 4.3958 466.9582 172.4755 514.4203 199.4238 1.4365 1.5627 3.6595 -6.7048 1.4163 40.4459 4.2323 0.1278
Car -1 -1 1.2226 497.4770 169.4199 529.8813 188.2504 1.6314 1.6286 3.9448 -8.6198 1.3339 64.6357 1.0903 0.1224
Car -1 -1 1.7995 552.7230 184.0315 580.4175 200.5232 1.4069 1.6871 3.9901 -3.9283 2.4701 66.5212 1.7402 0.1129
Car -1 -1 1.2657 330.2012 170.8728 366.9589 192.1667 1.6011 1.6240 3.8260 -20.3775 1.4521 56.2659 0.9195 0.0961
Car -1 -1 5.1607 217.8051 157.0566 268.6832 181.4905 1.6861 1.6985 3.9605 -26.2202 0.5960 51.7850 4.6940 0.0949
Car -1 -1 1.5484 563.2694 182.3477 585.8856 204.1299 1.5691 1.6566 4.2168 -2.7482 2.3347 56.0246 1.4991 0.0941
Car -1 -1 4.7675 369.4865 162.3358 411.3106 195.8375 1.4117 1.5754 3.8938 -9.8057 0.9685 32.4812 4.4763 0.0926
Car -1 -1 4.7152 425.2148 164.5864 454.0463 192.6268 1.6954 1.7043 4.0203 -10.7682 1.1955 45.7756 4.4852 0.0926
Car -1 -1 4.0468 198.6780 157.5863 260.2231 180.9416 1.6126 1.6325 4.2128 -27.0980 0.5584 51.4290 3.5639 0.0920
Car -1 -1 4.4170 384.9805 164.3513 428.7750 190.1902 1.6547 1.7042 4.1203 -13.6350 1.1102 48.4023 4.1436 0.0915
Car -1 -1 1.6051 619.2061 177.8002 639.8832 196.6411 1.5232 1.6199 4.3671 1.7405 1.9617 61.7347 1.6327 0.0905
Car -1 -1 3.3492 489.4481 176.2014 545.5988 197.3259 1.4619 1.5570 3.7068 -6.5005 1.7035 51.1528 3.2231 0.0865
Car -1 -1 3.0867 406.7545 176.9511 492.6718 208.6599 1.5114 1.6684 4.1093 -8.0105 1.7241 36.0989 2.8695 0.0828
Car -1 -1 4.2086 1121.9314 179.6323 1209.7635 216.4207 1.4829 1.5545 3.4523 24.2340 1.7967 31.5766 4.8582 0.0828
Car -1 -1 1.8958 347.0488 179.3276 454.6029 239.4723 1.4423 1.6047 4.0123 -5.5787 1.6382 19.7893 1.6239 0.0800
Car -1 -1 1.4517 751.7557 175.7718 778.7650 195.8493 1.5579 1.6464 4.2916 12.6562 1.8048 58.8423 1.6622 0.0761
Car -1 -1 1.2631 538.9402 179.5676 573.3153 199.1428 1.5193 1.5908 4.3861 -4.4794 2.0986 59.9306 1.1884 0.0749
Car -1 -1 2.0996 140.6842 174.6404 218.7287 211.4441 1.5040 1.6120 2.9523 -18.4521 1.5846 31.1074 1.5677 0.0713
Car -1 -1 1.5514 551.7510 178.9761 573.4531 199.1901 1.5434 1.6740 4.2716 -3.8461 2.0595 58.6230 1.4857 0.0709
Car -1 -1 4.3264 467.6902 172.0937 514.7947 197.1675 1.5359 1.6328 3.9005 -7.6304 1.4893 46.2866 4.1636 0.0685
Car -1 -1 0.6204 624.4564 184.5726 696.3523 212.0860 1.5036 1.7012 4.0383 3.0006 2.2338 43.0242 0.6890 0.0679
Car -1 -1 1.5467 563.9700 179.2041 585.6387 199.3280 1.5273 1.6440 4.4188 -2.8478 2.0617 58.4543 1.4978 0.0662
Car -1 -1 5.0494 287.1968 163.4651 345.8873 194.9052 1.5554 1.5852 4.0382 -15.2461 1.0909 37.7483 4.6678 0.0662
Car -1 -1 1.5028 792.9739 175.4993 816.3215 194.3418 1.4872 1.5932 3.8821 16.0773 1.7132 59.5854 1.7647 0.0660
Car -1 -1 4.4867 717.2776 172.0872 762.2646 200.8412 1.4622 1.5720 3.6833 6.9043 1.4232 38.5697 4.6621 0.0647
Car -1 -1 1.4537 655.4251 183.6942 682.7731 204.6471 1.5107 1.6377 4.2588 4.6153 2.3906 56.4123 1.5343 0.0642
Car -1 -1 1.6956 626.1146 181.2554 658.9087 207.5794 1.5000 1.5657 3.6773 2.0614 2.0385 44.3007 1.7413 0.0615
Car -1 -1 1.6988 544.3438 180.4850 572.4998 202.0962 1.5837 1.6830 4.1267 -3.9631 2.2032 56.4725 1.6286 0.0606
Car -1 -1 1.1544 618.2078 177.1679 658.0747 197.5397 1.6057 1.6904 4.3857 2.3377 1.9798 60.2180 1.1926 0.0599
Car -1 -1 1.6261 611.9218 177.0568 634.1376 196.5216 1.5538 1.6364 4.2643 1.1656 1.9203 60.7301 1.6448 0.0593
Car -1 -1 2.2931 746.9344 176.6355 794.2662 195.9263 1.5332 1.5802 4.0090 13.3827 1.8566 59.8808 2.5116 0.0583
Car -1 -1 4.6821 475.2023 178.0556 507.8564 208.2729 1.4777 1.5812 3.8671 -6.2623 1.7668 38.0408 4.5196 0.0568
Car -1 -1 4.8459 222.9583 160.2546 258.6617 184.9572 1.6593 1.7115 3.9285 -25.8087 0.8130 50.6037 4.3763 0.0564
Car -1 -1 -0.1503 606.2574 184.1065 696.7591 213.5784 1.4153 1.6022 4.3678 2.0803 1.9990 36.4201 -0.0944 0.0560
Car -1 -1 4.2050 442.0958 183.0623 547.4180 234.8205 1.4304 1.5763 3.9055 -3.6976 1.7810 22.7596 4.0451 0.0550
Car -1 -1 2.9709 609.4361 184.8353 674.1376 210.6032 1.4894 1.6054 3.6939 1.9265 2.2321 43.6951 3.0141 0.0538