Car -1 -1 2.2671 0.0000 205.5594 165.7758 367.0102 1.4443 1.6346 4.1376 -7.8737 1.9635 9.3749 1.5823 0.8389
Car -1 -1 4.6307 585.3865 179.1198 619.1813 208.1020 1.5112 1.5995 3.4837 -0.4444 1.8762 40.2144 4.6191 0.6458
Car -1 -1 4.7747 97.4623 204.9162 169.5154 259.7879 1.4415 1.6900 3.6162 -15.2548 2.5640 23.2709 4.1994 0.2285
Car -1 -1 -0.1127 583.9539 177.7228 661.4308 205.7933 1.4778 1.5792 4.0665 0.6837 1.7496 39.3061 -0.0960 0.1414
Car -1 -1 3.4749 40.2756 200.4742 159.4354 239.5146 1.4558 1.5914 3.7265 -21.0727 2.6521 29.9793 2.8661 0.1387
Car -1 -1 1.5726 41.3017 198.8065 93.9568 239.6933 1.4646 1.6937 3.9902 -22.9702 2.6421 30.6290 0.9331 0.1372
Car -1 -1 2.0865 92.4926 189.3591 164.9432 217.8220 1.4602 1.7293 3.9387 -27.4788 2.4532 41.3863 1.5031 0.1247
Car -1 -1 3.0945 540.3695 177.6566 618.8129 206.9231 1.5253 1.6524 4.1456 -1.6471 1.7912 38.9436 3.0520 0.1220
Car -1 -1 5.3870 0.0000 209.5192 190.4492 375.0000 1.4547 1.5798 3.9115 -6.3276 1.9398 7.5871 4.7088 0.1118
Car -1 -1 1.5567 98.1513 196.9831 163.6403 249.3548 1.4424 1.7003 4.4349 -16.1342 2.3328 24.3157 0.9757 0.1106
Car -1 -1 2.2669 152.3029 184.6018 231.6426 213.5436 1.5012 1.5869 4.2385 -23.8864 2.2124 41.4577 1.7467 0.1072
Car -1 -1 1.7435 85.7276 208.6079 175.1698 265.3777 1.4039 1.6957 3.4423 -14.6043 2.5976 22.1728 1.1663 0.1053
Car -1 -1 4.7398 163.7641 204.0144 226.5454 256.5297 1.4435 1.7085 3.7836 -13.9021 2.5850 24.3625 4.2256 0.0874
Car -1 -1 1.5993 108.7925 199.4204 164.1773 247.0112 1.5090 1.6149 3.7812 -17.7463 2.5849 27.1859 1.0252 0.0818
Car -1 -1 4.5557 570.7926 182.0946 612.3383 212.4594 1.5741 1.7021 4.3316 -1.0813 2.1295 41.0796 4.5289 0.0790
Car -1 -1 2.2234 0.0000 194.3215 68.2358 229.3271 1.4604 1.6112 3.3586 -27.4590 2.5190 33.8836 1.5460 0.0728
Car -1 -1 4.0869 93.3106 189.8280 167.0807 215.8652 1.4347 1.6731 3.9742 -28.6833 2.4855 43.1803 3.5032 0.0716
Car -1 -1 3.1567 547.2031 187.1445 609.3192 213.3972 1.4578 1.6229 3.5314 -1.8016 2.3041 41.8661 3.1134 0.0653
Car -1 -1 2.1263 138.2736 184.0613 214.5641 214.3461 1.5076 1.6296 4.1502 -23.6375 2.1545 39.5573 1.5904 0.0645
Car -1 -1 3.6820 140.0293 205.6469 278.4891 254.4112 1.4456 1.7522 3.5723 -13.0233 2.5619 23.6132 3.1823 0.0627
Car -1 -1 1.5074 153.7391 197.1238 217.5724 247.1488 1.4536 1.6799 4.0469 -14.8574 2.3734 25.1981 0.9790 0.0621
Car -1 -1 3.4127 562.4088 179.0410 640.3699 208.2858 1.5598 1.6677 4.0639 -0.4418 1.9174 40.3731 3.4013 0.0619
Car -1 -1 1.9853 112.0062 187.1349 177.7861 216.3774 1.4998 1.6584 4.0401 -26.4384 2.3574 41.2043 1.4175 0.0612
Car -1 -1 0.7954 0.0000 208.0123 209.0986 340.4272 1.4607 1.6377 4.2884 -7.8647 1.9811 9.6053 0.1227 0.0566
Car -1 -1 1.5412 590.9487 177.1475 621.7150 206.4483 1.4890 1.5538 3.3922 -0.2095 1.7306 38.8934 1.5353 0.0548