Car -1 -1 1.9149 263.2263 191.7324 458.2673 305.1568 1.4551 1.6839 4.2061 -3.8931 1.8275 12.1006 1.6091 0.9804
Car -1 -1 1.7020 413.4757 184.6297 498.3375 250.5536 1.4577 1.6064 4.1355 -3.8855 1.7996 18.8310 1.5006 0.9561
Car -1 -1 4.6832 602.4005 178.4285 644.6067 217.8813 1.4640 1.5881 3.5952 0.5100 1.7028 29.0931 4.6999 0.9252
Car -1 -1 1.6646 490.8737 181.7927 536.9164 219.4423 1.4475 1.5682 3.9589 -4.0062 1.8527 30.6993 1.5354 0.8188
Car -1 -1 1.7999 631.5132 180.7055 666.4888 203.9329 1.4789 1.5768 3.7533 2.7349 2.0377 49.3304 1.8544 0.1351
Car -1 -1 5.0448 520.5786 179.6285 563.9330 203.5798 1.4176 1.5778 3.8361 -4.2325 1.8679 45.9150 4.9530 0.1348
Car -1 -1 0.5507 598.0813 182.6994 655.1381 206.5274 1.5004 1.6330 3.4882 1.1338 2.1833 48.4148 0.5735 0.1086
Car -1 -1 0.0315 634.5736 179.6131 689.8782 202.6946 1.4824 1.6375 3.6032 3.5165 1.9407 47.9267 0.1038 0.0971
Car -1 -1 3.4010 525.8331 189.1436 614.4695 221.1001 1.4864 1.7012 4.1286 -1.9459 2.3295 36.0919 3.3469 0.0922
Car -1 -1 3.0504 612.9297 182.6049 671.6527 205.5973 1.4868 1.6315 3.7947 2.1629 2.1521 48.3293 3.0943 0.0838
Car -1 -1 1.6621 502.0985 184.7118 545.9645 218.9169 1.4436 1.6672 4.2718 -3.9767 2.0394 34.1017 1.5463 0.0779
Car -1 -1 1.6354 481.4820 180.1982 532.0904 225.7790 1.6376 1.7209 4.0606 -4.0125 1.9509 28.6847 1.4971 0.0762
Car -1 -1 1.6095 627.2031 173.0923 648.8224 192.0881 1.5047 1.6266 3.7607 2.3593 1.5249 59.1410 1.6489 0.0720
Car -1 -1 1.2580 619.4130 176.8133 653.2162 196.9963 1.4517 1.5108 3.6247 1.9891 1.7621 54.6130 1.2938 0.0719
Car -1 -1 1.0962 345.5820 166.9320 661.7362 359.4997 1.4738 1.5708 3.9722 -1.3561 1.4285 7.5805 0.9238 0.0702
Car -1 -1 -0.0626 553.7954 183.6079 610.8361 206.9451 1.5284 1.6594 3.7899 -1.8831 2.2770 49.2105 -0.1012 0.0678
Car -1 -1 1.7331 513.8856 177.0292 552.4313 204.4785 1.5639 1.6762 4.1543 -4.5918 1.8300 43.8758 1.6290 0.0667
Car -1 -1 1.2687 632.7348 181.2044 673.2712 204.9226 1.4560 1.6457 3.6873 2.8262 2.0308 47.6813 1.3270 0.0658
Car -1 -1 3.1838 404.0724 174.2873 492.3916 208.1450 1.5535 1.6367 4.0121 -7.6230 1.6240 34.3585 2.9667 0.0609
Car -1 -1 1.7569 641.3759 171.9849 669.5313 192.2357 1.5937 1.6296 3.7214 3.7706 1.5253 58.7886 1.8202 0.0605
Car -1 -1 1.5506 623.7678 183.3931 649.9361 207.2568 1.4443 1.6309 3.7739 1.7527 2.1622 47.2473 1.5869 0.0588
Car -1 -1 1.3945 510.4154 185.6931 555.5378 217.7927 1.4903 1.6251 4.1401 -4.0336 2.1967 37.4844 1.2874 0.0584
Car -1 -1 1.9232 654.3743 173.4545 690.3445 192.8975 1.5104 1.6022 4.0417 5.1160 1.5607 58.3541 2.0098 0.0540
Car -1 -1 1.4464 632.6296 178.0752 664.7610 202.3845 1.4704 1.6092 3.7001 2.4750 1.8196 46.3636 1.4989 0.0513
Car -1 -1 4.8229 465.4327 174.2023 500.8032 200.9634 1.4736 1.5761 4.1459 -7.3190 1.5562 42.0622 4.6513 0.0507