Car -1 -1 1.8018 272.5624 184.1776 431.7202 292.6718 1.5426 1.6265 4.2219 -4.0765 1.5970 12.4921 1.4868 0.9501
Car -1 -1 0.2083 360.0229 183.6954 446.3802 214.5414 1.4906 1.6175 3.8981 -9.7636 1.6021 35.7707 -0.0614 0.1192
Car -1 -1 4.5896 367.2166 179.0215 409.2924 209.6889 1.4848 1.6168 3.6510 -10.8996 1.3642 36.7750 4.2983 0.1050
Car -1 -1 1.6126 365.6784 178.9605 405.2743 214.4608 1.5951 1.6582 3.9733 -10.2352 1.4805 34.4067 1.3204 0.0884
Car -1 -1 4.0016 365.5440 176.1093 436.4321 201.7640 1.4294 1.6663 4.1540 -11.6439 1.1284 41.8661 3.7269 0.0822
Car -1 -1 2.0039 367.4041 170.4788 439.2512 206.9605 1.4662 1.5320 3.7806 -8.3788 1.0227 30.8598 1.7359 0.0809
Car -1 -1 4.8164 407.0295 178.6710 440.9062 204.4326 1.4437 1.5680 3.6739 -10.3145 1.2844 42.1829 4.5730 0.0794
Car -1 -1 3.1380 329.9717 180.3238 418.2716 213.0078 1.5524 1.6921 4.0732 -11.1635 1.4959 35.5464 2.8307 0.0779
Car -1 -1 1.8003 433.1799 178.2049 475.4229 204.1172 1.4625 1.6173 3.8830 -8.5876 1.2758 42.5040 1.5971 0.0677
Car -1 -1 4.8734 380.9637 175.3537 438.7551 219.8071 1.4899 1.5309 3.0242 -6.7415 1.2835 25.6566 4.6138 0.0643
Car -1 -1 3.2214 341.9498 179.9385 434.3405 214.0006 1.5906 1.6697 4.1730 -10.1996 1.5171 34.7920 2.9331 0.0512