Car -1 -1 4.7136 562.6660 174.6400 627.0635 233.7555 1.5754 1.7171 3.4634 -0.3559 1.2935 20.9019 4.6963 0.9457
Car -1 -1 1.6852 504.9540 177.5056 550.8387 211.8008 1.4394 1.5898 3.9539 -3.4839 1.1158 32.1534 1.5778 0.3375
Car -1 -1 4.7535 506.7974 159.9447 528.6111 180.6181 1.7268 1.7284 4.1508 -7.8268 -0.4175 63.1333 4.6305 0.3302
Car -1 -1 1.4488 501.7275 175.5157 536.5045 200.6796 1.4283 1.5819 4.0257 -5.3044 0.8777 42.9453 1.3263 0.1886
Car -1 -1 4.8548 570.0095 165.1190 606.1882 191.4963 1.5275 1.6592 3.8759 -1.1134 0.3637 43.6496 4.8292 0.1848
Car -1 -1 3.4206 343.5023 185.7375 503.3393 241.7100 1.4725 1.5760 3.9792 -4.9781 1.4875 19.7847 3.1769 0.1763
Car -1 -1 2.0061 475.4057 179.4055 548.7184 216.3668 1.4587 1.5808 3.8803 -3.9486 1.2294 30.4581 1.8780 0.1751
Car -1 -1 1.6880 598.1440 174.9719 631.4725 199.5707 1.4712 1.6123 4.2003 0.5245 0.8585 45.1785 1.6991 0.1722
Car -1 -1 3.0678 403.2965 186.0454 556.4631 244.2699 1.5191 1.5977 4.0573 -3.5588 1.5437 20.0624 2.8941 0.1510
Car -1 -1 4.2526 594.3079 170.4729 633.3593 190.8540 1.6015 1.6211 3.8922 0.5033 0.4430 58.5903 4.2608 0.1443
Car -1 -1 1.4986 419.9008 184.8851 484.9699 240.6219 1.4552 1.5686 3.7742 -4.5497 1.4465 20.7993 1.2855 0.1387
Car -1 -1 0.0742 493.8875 162.1133 540.2343 180.7055 1.5699 1.6586 3.8574 -7.7529 -0.3952 62.0719 -0.0497 0.1385
Car -1 -1 4.4092 504.8417 173.4309 555.3411 203.5960 1.5368 1.6230 3.8599 -4.2032 0.9364 38.7153 4.3015 0.1360
Car -1 -1 0.0757 426.2614 179.2278 528.5750 216.8109 1.4957 1.6376 4.0321 -5.2756 1.2574 29.6229 -0.0994 0.1330
Car -1 -1 1.2822 604.9064 173.8870 634.3651 191.6025 1.5080 1.5511 3.8718 1.0611 0.5437 63.2646 1.2985 0.1227
Car -1 -1 -0.5635 561.7703 164.7713 632.0053 191.1774 1.5113 1.6500 3.9150 -0.5965 0.3412 42.9011 -0.5776 0.1041
Car -1 -1 5.1626 511.7814 175.3020 564.4399 201.4153 1.4825 1.5638 3.9487 -4.0682 0.9197 42.9346 5.0683 0.0931
Car -1 -1 1.5802 475.2083 183.7685 519.2960 223.0462 1.4486 1.6143 4.2870 -4.3686 1.3952 28.7474 1.4303 0.0905
Car -1 -1 1.7323 615.9726 177.3597 651.5898 202.0497 1.4833 1.5801 4.2845 1.7289 1.0113 45.4425 1.7696 0.0880
Car -1 -1 4.7940 416.8701 193.9926 490.7444 258.1406 1.5098 1.6187 3.9736 -4.0663 1.7739 19.5558 4.5911 0.0869
Car -1 -1 4.9846 442.2172 174.1475 535.2314 230.2621 1.4920 1.6329 4.1508 -3.3779 1.1977 21.2689 4.8288 0.0765
Car -1 -1 -0.2104 518.4700 168.0888 595.6356 195.1942 1.5484 1.6624 4.2939 -2.9724 0.5700 42.4568 -0.2801 0.0745
Car -1 -1 1.5842 138.0480 214.0472 235.9441 297.1099 1.4056 1.6543 4.0293 -9.1697 2.1272 15.8296 1.0659 0.0713
Car -1 -1 3.1482 469.6847 182.0502 570.7155 218.5457 1.4451 1.5645 4.0029 -3.5437 1.3197 29.4660 3.0292 0.0643
Car -1 -1 1.4086 562.8624 168.2246 603.1099 196.9496 1.5639 1.6596 4.1475 -1.4442 0.6388 41.3339 1.3735 0.0634
Car -1 -1 4.9160 609.1252 170.5727 638.7979 190.8362 1.5717 1.6392 3.8584 1.3838 0.4360 57.8224 4.9395 0.0618
Car -1 -1 -0.2451 570.6497 171.5983 643.2393 197.1549 1.5207 1.6587 4.1738 -0.0302 0.7104 44.0877 -0.2461 0.0594
Car -1 -1 4.6242 464.1060 182.0876 511.2400 218.4958 1.4421 1.6304 4.0113 -5.1478 1.3182 30.6193 4.4586 0.0586
Car -1 -1 1.5075 539.6206 176.0397 582.1025 211.1812 1.4468 1.6065 4.1590 -2.1049 1.0690 31.7610 1.4415 0.0571
Car -1 -1 3.5984 583.1452 173.5291 632.4717 191.5086 1.5157 1.6210 3.9588 0.0482 0.5305 62.1999 3.5988 0.0545
Car -1 -1 0.7068 309.2379 183.3979 468.9736 240.1882 1.4421 1.6082 4.1780 -6.0288 1.3960 19.8330 0.4151 0.0531
Car -1 -1 3.0131 482.2866 175.2365 557.2021 205.7402 1.5352 1.5920 3.6964 -4.5670 1.0330 37.4070 2.8921 0.0530