Car -1 -1 0.3830 385.6505 181.6073 587.9950 268.3427 1.5493 1.5838 3.6212 -2.3782 1.7369 14.2922 0.2201 0.9491
Car -1 -1 1.4654 391.6823 183.2558 420.0136 205.4626 1.4931 1.5804 3.9981 -14.9025 2.2834 52.6752 1.1907 0.2677
Car -1 -1 1.3739 523.7885 181.4338 550.2646 199.6728 1.4822 1.5582 3.8772 -6.3303 2.2522 62.6761 1.2732 0.1626
Car -1 -1 1.6765 376.9495 187.4071 426.5101 225.2014 1.4710 1.6641 4.1723 -9.1336 2.1601 31.9718 1.3999 0.1382
Car -1 -1 1.7756 388.3866 182.3148 417.2620 200.8498 1.4755 1.5994 3.9082 -17.5798 2.3082 61.4964 1.4980 0.1162
Car -1 -1 1.4963 570.7246 183.1956 595.8825 203.9262 1.4639 1.6274 3.9045 -2.0340 2.2815 55.0099 1.4591 0.1014
Car -1 -1 1.3921 388.3317 185.9145 425.3500 212.4035 1.4996 1.5632 3.8476 -12.6678 2.3509 44.9619 1.1186 0.0809
Car -1 -1 1.2406 504.9539 181.1691 537.2890 199.6314 1.4849 1.6259 3.7463 -7.6179 2.2218 61.9089 1.1183 0.0768
Car -1 -1 0.9883 366.1251 184.3526 416.2632 206.7997 1.4885 1.5986 3.8099 -15.6251 2.3394 51.5600 0.6951 0.0650
Car -1 -1 0.0690 541.6904 184.3712 594.8986 205.4541 1.5204 1.5617 3.8559 -3.0442 2.3907 53.7180 0.0122 0.0649
Car -1 -1 1.4681 394.9590 182.9045 424.7133 206.6245 1.5460 1.6059 4.3085 -14.2285 2.2923 51.2756 1.1984 0.0639
Car -1 -1 1.6482 433.3701 179.5730 456.5893 199.0027 1.5378 1.5883 4.1044 -13.8190 2.1233 60.7355 1.4251 0.0617
Car -1 -1 1.7547 604.7917 180.0759 635.7010 201.4506 1.4899 1.6200 3.8779 0.8334 2.0485 53.7470 1.7696 0.0579
Car -1 -1 1.3536 393.0701 178.7066 430.5219 203.0216 1.5557 1.6598 3.9427 -13.5537 1.9731 49.3218 1.0865 0.0574
Car -1 -1 1.3140 367.4690 181.8432 399.8570 200.5682 1.4633 1.6497 3.9295 -18.9713 2.2433 60.5084 1.0111 0.0562
Car -1 -1 0.4180 356.4345 186.9057 424.6992 212.4768 1.4786 1.5900 3.6379 -13.2832 2.3524 43.8530 0.1252 0.0555
Car -1 -1 1.3138 530.1718 179.1538 561.7932 198.4123 1.5003 1.6730 3.8799 -5.2939 2.0399 59.6979 1.2253 0.0532
Car -1 -1 1.6367 383.5649 186.6816 424.0323 220.8959 1.4987 1.6383 4.0822 -10.0696 2.2210 35.5239 1.3620 0.0530
Car -1 -1 1.5705 580.0142 180.7949 598.4843 198.9883 1.4978 1.5630 3.7546 -1.7731 2.2116 62.9592 1.5420 0.0528