Car -1 -1 5.4954 0.0000 181.7031 298.2731 370.0000 1.5390 1.5626 3.8372 -3.2343 1.5482 3.4744 4.7919 0.5752
Car -1 -1 1.7290 446.1734 175.7634 478.8338 197.8457 1.4813 1.6159 3.9997 -9.8560 1.1631 49.4553 1.5352 0.5270
Car -1 -1 4.4723 524.6174 165.4636 565.3915 190.4024 1.4860 1.6283 4.0806 -3.7518 0.5897 44.3240 4.3903 0.4130
Car -1 -1 1.7337 241.5883 185.5551 288.3412 214.8885 1.5054 1.6639 4.1716 -18.7696 1.8018 39.2881 1.2927 0.2430
Car -1 -1 4.8538 5.8813 189.4605 49.4412 215.4175 1.4755 1.5655 3.5919 -35.3834 2.0506 43.4755 4.1758 0.1745
Car -1 -1 1.9241 432.7207 174.2648 479.7403 199.9563 1.6436 1.6962 4.2899 -9.8627 1.2443 47.4821 1.7223 0.1657
Car -1 -1 5.3575 0.0000 192.7079 98.5566 236.9479 1.4137 1.6547 4.5139 -21.0777 1.9039 26.1281 4.6862 0.1300
Car -1 -1 4.3700 843.0797 158.4661 905.0974 190.9526 1.5059 1.6245 3.8885 13.1785 0.4842 34.7346 4.7314 0.1080
Car -1 -1 1.7422 0.0000 193.8545 40.9153 223.6161 1.5469 1.5959 4.0207 -33.9143 2.3578 40.8125 1.0542 0.1060
Car -1 -1 1.6313 529.7774 162.7366 561.9551 189.2350 1.5104 1.6521 4.3434 -3.4486 0.4975 42.4884 1.5528 0.1025
Car -1 -1 3.9238 865.3515 146.3727 928.5367 173.7954 1.7193 1.7296 3.7994 19.5854 -0.4701 47.4373 4.3149 0.0969
Car -1 -1 5.1118 0.0000 190.5996 344.5427 370.0000 1.4900 1.6873 4.2565 -3.2807 1.5961 5.2117 4.5785 0.0968
Car -1 -1 3.8464 0.0000 200.0919 10.5689 263.9728 1.4632 1.5998 3.9691 -17.5610 1.9791 17.6949 3.0753 0.0896
Car -1 -1 4.8390 0.0000 197.0500 21.6921 258.9684 1.4151 1.6753 3.7520 -17.1840 1.9133 19.2653 4.1203 0.0880
Car -1 -1 1.4658 448.4452 174.8938 480.5050 200.1238 1.5726 1.6437 4.1292 -9.1781 1.2227 46.2845 1.2730 0.0774
Car -1 -1 4.9843 540.5737 165.7586 583.7650 190.6668 1.4914 1.6501 4.1475 -2.5837 0.6084 44.5383 4.9286 0.0724
Car -1 -1 2.2100 410.8860 173.9665 472.6863 200.0844 1.6131 1.7012 4.2557 -10.4796 1.2092 45.9594 1.9890 0.0693
Car -1 -1 4.2902 860.3546 143.6393 910.0701 171.7222 1.7932 1.6576 4.0293 19.2064 -0.6278 48.4792 4.6671 0.0688
Car -1 -1 5.6021 248.1305 188.1124 333.9969 217.3075 1.4769 1.6687 4.2417 -17.2702 1.9231 39.2155 5.1918 0.0687
Car -1 -1 4.3681 857.1147 147.8691 903.4010 174.5322 1.6966 1.7573 3.7044 18.5721 -0.4189 47.7043 4.7390 0.0628
Car -1 -1 3.8086 855.5027 149.6230 931.3187 180.4694 1.5691 1.6112 3.5154 15.4471 -0.0021 37.8968 4.1946 0.0623
Car -1 -1 0.3870 428.9059 175.8299 492.8985 198.2555 1.5090 1.6347 4.0045 -9.8547 1.1943 48.7594 0.1906 0.0578
Car -1 -1 4.6452 0.0000 189.1441 7.0733 215.5427 1.4506 1.6549 3.8634 -36.8152 1.9886 42.0850 3.9318 0.0577
Car -1 -1 0.6472 0.0000 184.5321 373.5022 370.0000 1.5226 1.5461 3.8112 -3.3088 1.5479 3.5662 -0.0558 0.0566
Car -1 -1 1.7831 0.0000 193.7740 55.5674 227.0627 1.4807 1.6554 4.1162 -29.0044 2.1868 35.4217 1.1029 0.0551
Car -1 -1 1.9112 483.3478 176.6985 526.0256 199.7555 1.4825 1.5914 3.9887 -6.6341 1.2377 47.5765 1.7753 0.0550
Car -1 -1 2.3878 2.3587 189.3771 82.9502 215.8839 1.4953 1.5277 3.8478 -34.2434 2.0632 43.2535 1.7233 0.0548
Car -1 -1 4.6324 869.5939 159.5973 912.9458 192.5023 1.5246 1.6502 4.1259 14.1381 0.5558 34.9749 5.0152 0.0524
Car -1 -1 1.6302 0.0000 192.0999 20.6168 229.0666 1.4797 1.6649 4.1404 -27.4433 2.0365 31.8068 0.9248 0.0505
Car -1 -1 1.7809 0.0000 192.8378 11.9231 222.7093 1.5245 1.6097 4.0536 -35.0674 2.2605 40.0344 1.0670 0.0504