Car -1 -1 4.3591 778.7988 189.2390 1073.8361 375.0000 1.5410 1.6869 3.7105 3.1593 1.7663 8.0629 4.7187 0.9666
Car -1 -1 4.8547 426.8570 180.8307 518.5203 253.5125 1.5750 1.6937 3.8040 -3.2901 1.7952 17.9914 4.6756 0.9634
Car -1 -1 4.4841 717.6721 178.6332 836.8814 266.4915 1.5138 1.5529 3.3186 3.1930 1.6419 14.3223 4.6981 0.9401
Car -1 -1 4.4958 675.5491 183.1436 768.0349 246.7934 1.4632 1.6318 3.7126 2.8581 1.7630 19.1138 4.6411 0.8917
Car -1 -1 4.6582 650.0723 176.7394 690.8124 212.3749 1.4780 1.6015 3.7667 2.6671 1.6619 32.2450 4.7394 0.8282
Car -1 -1 4.8115 506.4354 180.8898 555.2959 219.9891 1.4997 1.6577 3.9796 -3.2580 1.8615 30.4916 4.7053 0.2847
Car -1 -1 4.6668 621.2145 172.2711 643.9835 192.6285 1.5689 1.6447 3.6147 1.8054 1.5240 57.4258 4.6977 0.2068
Car -1 -1 4.6893 495.4376 171.2494 544.3170 217.3493 1.5896 1.6813 3.7516 -3.3793 1.5343 26.8586 4.5648 0.1358
Car -1 -1 3.4784 436.6576 170.2683 553.9492 217.5523 1.6328 1.6136 3.8675 -4.0905 1.5435 26.0591 3.3237 0.0979
Car -1 -1 4.7813 545.0156 182.3279 589.7661 220.8794 1.4693 1.6135 3.8433 -1.7162 1.8936 30.3807 4.7247 0.0866
Car -1 -1 4.8480 494.0397 160.4148 549.7831 201.9302 1.5294 1.6475 4.0727 -3.4000 1.0712 28.6325 4.7305 0.0804
Car -1 -1 4.7046 467.2594 167.4742 489.8601 190.4924 1.7021 1.6491 3.9592 -10.0804 1.3043 55.4528 4.5253 0.0799
Car -1 -1 4.8265 957.9250 155.5182 1084.7255 251.1418 1.4912 1.6089 3.9711 7.7072 1.2208 13.3309 5.3408 0.0794
Car -1 -1 0.1693 447.0249 161.1795 557.8990 199.2196 1.4825 1.6500 4.1864 -4.2445 1.0275 28.9959 0.0249 0.0760
Car -1 -1 4.9276 658.4846 168.6174 684.7999 186.2691 1.5298 1.5882 3.7196 5.5815 1.1626 64.5427 5.0132 0.0729
Car -1 -1 4.6526 683.8431 182.4477 755.0015 243.8466 1.5414 1.7624 4.3066 3.0921 1.8505 21.0266 4.7957 0.0724
Car -1 -1 4.5625 677.2233 165.0129 707.4294 190.7204 1.7988 1.6403 3.6844 5.9680 1.2501 52.3576 4.6751 0.0720
Car -1 -1 1.7577 445.5670 167.9535 478.4585 192.0104 1.5955 1.5720 3.5956 -10.1141 1.2705 49.6620 1.5576 0.0709
Car -1 -1 3.1261 611.2964 172.9279 660.1700 192.7798 1.5266 1.5812 3.7593 2.0289 1.5325 56.3201 3.1615 0.0645
Car -1 -1 2.8295 736.4691 174.6869 988.8127 261.2813 1.5281 1.6726 4.1792 4.6289 1.5649 13.6222 3.1496 0.0625
Car -1 -1 3.5190 473.5989 178.7834 582.0179 217.3755 1.5092 1.6546 4.1581 -3.3771 1.7666 29.9738 3.4072 0.0621
Car -1 -1 4.7533 472.9982 152.7914 521.6250 195.6400 1.5520 1.7026 4.0197 -4.3204 0.8253 28.2249 4.6025 0.0602
Car -1 -1 0.3110 451.3731 151.3723 564.5204 193.4360 1.5620 1.7204 4.0109 -3.9021 0.7643 27.9873 0.1735 0.0588
Car -1 -1 1.3832 676.6669 171.4448 709.5291 195.5950 1.5927 1.5864 3.6048 5.6845 1.4997 49.4403 1.4966 0.0579
Car -1 -1 5.3501 469.1741 167.6608 519.5932 190.1546 1.6645 1.6975 4.1509 -8.8284 1.2802 55.6240 5.1932 0.0576
Car -1 -1 -0.6458 986.8327 164.0265 1242.0000 269.7531 1.5273 1.6498 4.0258 8.3433 1.3998 11.2929 -0.0224 0.0557
Car -1 -1 4.3473 646.1238 169.2334 679.1874 186.8529 1.5098 1.6035 3.9818 4.6688 1.1996 63.9668 4.4195 0.0541
Car -1 -1 1.2357 885.0488 157.0013 1082.6475 266.7274 1.5074 1.6306 3.8645 5.9104 1.2896 11.9251 1.6855 0.0537
Car -1 -1 2.3597 676.5801 168.3532 732.3155 189.4304 1.5214 1.6800 4.1628 7.1262 1.1965 54.0136 2.4899 0.0534