Car -1 -1 2.0567 186.9005 189.9681 271.0830 227.8780 1.4609 1.6362 3.8179 -16.4760 2.2523 31.4483 1.5773 0.8883
Car -1 -1 1.9953 347.4550 183.3968 398.5093 209.7956 1.5852 1.6542 4.0057 -15.3669 2.3035 47.0727 1.6811 0.8449
Car -1 -1 1.5757 434.5342 182.1379 454.5998 200.4422 1.4393 1.6003 3.9264 -13.9226 2.2504 60.9464 1.3517 0.5190
Car -1 -1 1.7768 223.5036 185.3329 282.9790 222.0415 1.5540 1.6961 4.1883 -16.8484 2.1860 34.3044 1.3230 0.1543
Car -1 -1 1.8240 423.9339 180.8327 458.2962 202.0336 1.6068 1.6647 4.3867 -13.6207 2.2789 58.5662 1.5961 0.1384
Car -1 -1 1.6671 184.1581 183.4599 218.7958 209.8970 1.5859 1.6066 3.6234 -26.4528 2.3038 46.8559 1.1554 0.1373
Car -1 -1 1.5852 160.3214 198.1449 199.9643 231.3697 1.5084 1.7191 3.8921 -22.6197 2.9179 38.0961 1.0521 0.1322
Car -1 -1 1.6507 243.7670 184.6459 273.3851 207.1755 1.4991 1.6126 3.9833 -25.4494 2.3907 52.4085 1.2003 0.1252
Car -1 -1 1.6410 485.5319 172.9143 507.1470 192.3737 1.6794 1.6167 4.1436 -10.0761 1.6850 64.4175 1.4861 0.1099
Car -1 -1 1.5540 392.2501 188.4032 420.7582 213.4531 1.4580 1.7137 4.2139 -13.2776 2.5212 47.0711 1.2801 0.1046
Car -1 -1 1.3708 433.0070 179.7731 464.2248 200.5193 1.5501 1.6349 4.1917 -12.8951 2.1246 57.6577 1.1514 0.1033
Car -1 -1 1.3145 337.7600 183.6751 380.7467 210.1029 1.5490 1.6279 4.0513 -16.0558 2.2736 46.1771 0.9813 0.0890
Car -1 -1 2.1884 406.0238 178.7853 455.3591 200.5683 1.6294 1.6848 4.2075 -14.1908 2.1204 57.4716 1.9471 0.0844
Car -1 -1 1.4746 480.3369 171.2630 503.1964 188.9362 1.5485 1.6608 4.0805 -10.7056 1.4091 65.4059 1.3128 0.0841
Car -1 -1 4.8912 486.6349 169.0813 513.7523 187.0516 1.5958 1.7136 4.3427 -10.0044 1.2608 66.2698 4.7417 0.0833
Car -1 -1 1.8635 339.3514 184.0388 385.5264 211.8271 1.6107 1.6742 3.9466 -15.4969 2.3460 45.4344 1.5362 0.0708
Car -1 -1 2.1487 453.0875 180.7336 498.1540 200.1493 1.4673 1.5871 4.1420 -10.8174 2.1308 58.5441 1.9664 0.0654
Car -1 -1 1.7005 173.6297 191.4530 212.8578 219.1762 1.5086 1.5763 3.9137 -25.4472 2.7024 44.2032 1.1805 0.0633
Car -1 -1 0.4305 207.9059 184.6906 272.4488 206.2691 1.4746 1.6106 3.7426 -26.1479 2.3282 51.1533 -0.0402 0.0621
Car -1 -1 1.8832 455.8659 178.9872 489.7662 198.9622 1.5807 1.6587 3.9257 -11.4053 2.1116 60.4096 1.6970 0.0613
Car -1 -1 1.7570 393.1302 182.5869 422.8136 201.6397 1.4611 1.6299 4.0667 -16.5994 2.2929 59.5680 1.4861 0.0603
Car -1 -1 2.0160 162.8265 189.6008 252.3381 234.9606 1.6529 1.6658 3.9692 -16.4870 2.3921 29.8196 1.5143 0.0592
Car -1 -1 3.2183 472.1341 169.9477 521.6848 188.2554 1.6257 1.7026 4.2971 -10.1265 1.3676 65.0849 3.0643 0.0581
Car -1 -1 2.1035 390.7212 186.9883 447.4266 212.0934 1.4583 1.6938 4.0839 -12.2292 2.4138 46.5809 1.8478 0.0523
Car -1 -1 1.9239 434.6700 182.1809 470.2128 201.2574 1.4856 1.6220 3.9822 -13.0879 2.2922 60.3144 1.7108 0.0505
Car -1 -1 5.3309 215.4742 200.5664 312.6215 243.5246 1.4709 1.6531 3.7940 -13.9228 2.6742 29.3171 4.8906 0.0504