Car -1 -1 1.6601 416.3470 180.3372 440.3416 198.2710 1.4990 1.7005 4.2406 -16.1355 2.1899 64.3934 1.4153 0.4488
Car -1 -1 1.8175 367.3830 182.4803 406.2552 205.9864 1.5529 1.7016 4.0537 -15.8203 2.2666 51.4282 1.5202 0.4044
Car -1 -1 1.5162 267.5847 192.2985 309.0108 227.4065 1.4712 1.6132 4.0148 -15.5252 2.4664 34.7771 1.0988 0.1346
Car -1 -1 0.5731 344.3546 183.7468 406.0900 206.8525 1.5389 1.5989 3.8626 -16.3967 2.3208 50.5228 0.2604 0.1329
Car -1 -1 5.0815 360.9427 175.3921 392.9704 192.6156 1.5514 1.6253 3.6834 -21.6985 1.7952 67.4326 4.7711 0.1105
Car -1 -1 1.7427 364.9974 181.7837 400.6370 206.9283 1.5991 1.6318 4.2305 -15.5495 2.2409 49.6547 1.4404 0.0862
Car -1 -1 1.6706 414.3741 179.4932 438.6718 199.1174 1.6057 1.6239 4.3105 -15.8964 2.2044 62.8139 1.4234 0.0817
Car -1 -1 1.9001 420.2302 180.0933 462.4219 204.8771 1.6506 1.6724 4.1490 -11.9404 2.1885 51.4594 1.6729 0.0654
Car -1 -1 0.7367 65.4211 140.0291 253.5145 211.3672 1.6238 1.6502 3.7713 -10.9111 0.8767 17.5871 0.1881 0.0648
Car -1 -1 0.4626 355.2462 183.1579 421.8053 206.1044 1.5609 1.7111 4.2079 -15.7063 2.3112 51.3459 0.1668 0.0625
Car -1 -1 5.4932 0.0000 157.9568 111.6331 331.0532 1.9042 1.7099 4.3400 -9.4220 1.7403 10.1441 4.7578 0.0584
Car -1 -1 4.1108 231.5249 177.0640 288.3248 199.0608 1.5686 1.7018 4.2802 -26.1528 1.8939 53.9449 3.6611 0.0571
Car -1 -1 1.9553 125.2411 153.6788 266.0424 227.9468 1.5925 1.6587 3.6376 -9.7830 1.1813 17.3778 1.4489 0.0539
Car -1 -1 1.9515 103.5299 137.4884 239.9042 210.2932 1.6225 1.6497 3.5985 -10.7326 0.8344 17.9831 1.4198 0.0536
Car -1 -1 4.8100 262.8632 158.8403 297.6626 185.6644 1.7129 1.7179 4.0802 -21.9821 0.8180 48.2827 4.3847 0.0523
Car -1 -1 0.6410 395.3713 180.8307 444.4986 198.9277 1.5189 1.6389 3.9870 -16.6610 2.2365 63.3980 0.3847 0.0518
Car -1 -1 1.7211 263.0332 170.3754 294.6038 193.2463 1.6344 1.5923 3.6556 -24.4978 1.4573 53.5382 1.2936 0.0513