Car -1 -1 4.4779 747.4855 187.3972 908.6039 297.8797 1.4361 1.6295 3.6213 3.3379 1.7090 11.7012 4.7480 0.9656
Car -1 -1 3.4915 194.3703 185.2423 422.8107 258.2361 1.4298 1.6120 4.1707 -6.2448 1.7075 15.3023 3.1096 0.9546
Car -1 -1 4.5288 710.1559 181.2311 815.9837 256.2639 1.4985 1.6669 4.0438 3.4457 1.7182 16.8962 4.7256 0.9535
Car -1 -1 3.4613 327.0847 183.3631 468.7153 238.2704 1.4974 1.6047 3.6105 -6.0556 1.8144 20.8871 3.1819 0.9172
Car -1 -1 4.5611 677.2894 183.4701 726.0400 220.0929 1.3960 1.5270 3.3216 3.7947 1.8645 30.1604 4.6844 0.8907
Car -1 -1 0.6217 0.0000 191.1378 339.0800 336.1980 1.4745 1.6353 4.3645 -5.6668 1.7128 8.4852 0.0469 0.8897
Car -1 -1 3.4777 390.4028 178.0739 505.7365 222.7991 1.5043 1.6379 3.6464 -5.6684 1.6965 25.5393 3.2610 0.7193
Car -1 -1 0.1225 430.6698 176.7133 534.6716 214.5500 1.5265 1.6900 4.1144 -5.2510 1.6933 30.2458 -0.0484 0.6492
Car -1 -1 3.3467 461.4787 175.9084 542.9739 207.1674 1.4845 1.5301 3.7096 -5.2156 1.6377 35.3098 3.2007 0.5819
Car -1 -1 3.4721 365.4832 189.5483 503.0158 239.5197 1.4906 1.5723 3.9928 -5.5682 2.0488 23.1493 3.2380 0.4737
Car -1 -1 4.7871 546.1567 176.8309 571.2073 197.4496 1.4972 1.6203 3.8892 -3.8511 1.8116 55.0938 4.7172 0.3552
Car -1 -1 3.2222 419.5728 185.0459 528.2408 226.0894 1.4859 1.6086 3.9816 -5.1360 1.9713 27.7198 3.0401 0.2957
Car -1 -1 1.5656 482.5797 182.6217 525.5388 224.0052 1.4832 1.5900 4.0862 -4.2479 1.9049 29.0092 1.4209 0.2339
Car -1 -1 3.2407 524.9227 176.6936 579.2828 196.7254 1.4693 1.6033 3.9219 -4.2782 1.7616 54.0860 3.1618 0.2250
Car -1 -1 1.7922 514.0782 175.3115 551.7850 201.6295 1.4861 1.4714 3.6144 -4.5194 1.6389 42.9755 1.6877 0.2091
Car -1 -1 2.9720 855.9562 179.4980 910.3279 198.3123 1.4653 1.6109 3.8799 22.0123 2.0116 58.1695 3.3316 0.1952
Car -1 -1 4.6917 564.6005 175.4427 583.9862 194.2620 1.5064 1.5370 3.6552 -2.9637 1.7290 60.1499 4.6424 0.1939
Car -1 -1 1.5716 527.7930 174.0760 553.5485 200.9597 1.6110 1.5452 3.6981 -4.3242 1.6910 45.3258 1.4767 0.1937
Car -1 -1 4.7179 716.0378 174.6998 745.7476 202.8079 1.5189 1.5994 3.7703 6.9406 1.6295 41.2454 4.8829 0.1805
Car -1 -1 -0.1067 713.3677 174.8000 788.9124 203.5480 1.5561 1.6384 3.9717 7.8311 1.6671 40.1720 0.0840 0.1708
Car -1 -1 1.8102 338.7950 173.1000 384.2496 198.3657 1.4501 1.6291 4.2415 -14.9326 1.4657 43.6389 1.4821 0.1636
Car -1 -1 4.6007 848.9366 177.3007 883.8262 202.9319 1.4872 1.5961 3.9129 15.8516 1.7754 44.6766 4.9392 0.1508
Car -1 -1 1.4811 834.7573 178.4499 878.2325 210.5141 1.3682 1.5537 3.9010 11.4336 1.6448 33.5915 1.8060 0.1405
Car -1 -1 -0.1656 503.9406 175.0283 592.1519 206.5989 1.4879 1.6384 4.1089 -3.0429 1.5988 35.4893 -0.2509 0.1375
Car -1 -1 4.6969 228.8909 186.7122 265.1760 218.8125 1.4878 1.5971 3.6828 -18.6953 2.2402 37.1733 4.2335 0.1363
Car -1 -1 4.7153 505.8241 175.2138 538.2449 206.2544 1.4604 1.5312 3.6632 -4.3759 1.5848 36.1452 4.5953 0.1330
Car -1 -1 2.0181 440.7208 184.3356 532.4053 233.8051 1.4373 1.5153 3.7289 -3.9729 1.8494 23.8947 1.8544 0.1324
Car -1 -1 3.2027 677.5464 176.0583 747.7322 204.1004 1.5082 1.6172 3.7852 5.7697 1.6921 40.2459 3.3436 0.1289
Car -1 -1 1.1938 753.2155 172.2291 790.6486 191.7196 1.4731 1.5548 3.8297 12.6791 1.4258 56.5460 1.4129 0.1261
Car -1 -1 2.6424 835.1899 176.5443 940.3911 209.7013 1.4370 1.6081 4.1760 12.5296 1.6092 32.5902 3.0059 0.1209
Car -1 -1 1.3437 423.4093 174.5909 455.1425 195.2926 1.5466 1.5717 3.9170 -13.3326 1.6874 56.3629 1.1121 0.1151
Car -1 -1 3.1772 490.9822 179.4353 554.4039 204.0728 1.4545 1.5954 3.7780 -5.2678 1.8651 44.0579 3.0584 0.1105
Car -1 -1 1.3805 873.6159 176.3617 909.7781 199.8782 1.5101 1.5680 3.8902 19.1090 1.7583 49.0009 1.7499 0.1097
Car -1 -1 4.5610 436.3745 175.5692 462.8481 193.0965 1.5438 1.7272 4.5304 -14.8253 1.8040 66.7291 4.3429 0.1063
Car -1 -1 4.9126 257.7396 175.4654 298.2938 201.0739 1.5885 1.6399 4.0230 -21.6921 1.7676 47.3397 4.4848 0.1016
Car -1 -1 -0.4137 774.3731 167.9937 899.5873 209.7455 1.4345 1.5694 3.9749 8.0826 1.2675 25.7961 -0.1138 0.0992
Car -1 -1 4.3030 762.5992 166.7714 835.4968 208.6294 1.4408 1.4930 3.0206 6.8757 1.2315 26.4458 4.5542 0.0975
Car -1 -1 1.5804 187.9204 185.3261 223.0201 215.7662 1.4548 1.5509 3.8341 -21.3681 2.1510 38.2220 1.0733 0.0857
Car -1 -1 -0.2818 719.0804 180.2179 803.7532 210.1996 1.4915 1.6263 3.9910 7.8189 1.8824 37.3336 -0.0775 0.0845
Car -1 -1 1.4302 697.4180 173.2106 725.0554 194.1788 1.5799 1.5799 4.0749 7.9195 1.6089 56.4761 1.5684 0.0830
Car -1 -1 4.5539 524.4664 173.8593 556.4359 197.7614 1.5205 1.5550 3.6846 -4.6370 1.5902 48.0463 4.4578 0.0815
Car -1 -1 1.8021 715.0910 176.1775 761.9515 206.7526 1.5179 1.6025 3.9129 6.9102 1.7045 38.3936 1.9783 0.0784
Car -1 -1 3.4300 533.8759 176.5185 585.9443 195.8890 1.5427 1.6383 3.9566 -4.0577 1.8494 59.1617 3.3614 0.0782
Car -1 -1 1.4109 873.5935 177.6153 903.5183 196.8669 1.4958 1.6620 4.0302 22.8711 1.9010 59.2638 1.7772 0.0770
Car -1 -1 1.2372 785.4382 169.8085 818.6050 187.3226 1.5629 1.6287 4.3120 17.7169 1.2912 66.6002 1.4959 0.0730
Car -1 -1 4.6144 654.7078 165.9967 682.3158 189.8683 1.8160 1.7820 3.9986 4.6113 1.2943 56.9038 4.6945 0.0684
Car -1 -1 4.5110 417.9067 185.6911 492.8069 236.8127 1.4715 1.6521 4.1041 -5.2286 1.9394 24.0898 4.2989 0.0683
Car -1 -1 1.2328 748.5601 173.4286 803.1017 203.7890 1.5383 1.6348 3.9028 8.8412 1.5707 38.6688 1.4555 0.0678
Car -1 -1 -0.0852 731.7562 176.4883 810.6352 205.5581 1.5378 1.6521 4.0865 8.7956 1.7424 39.5283 0.1317 0.0671
Car -1 -1 1.4207 683.3686 172.6659 712.1997 194.6761 1.6637 1.6387 4.1410 6.8840 1.6495 56.6339 1.5406 0.0670
Car -1 -1 0.8570 182.3044 186.3331 263.1773 217.5231 1.4872 1.5985 3.7529 -19.8601 2.2059 37.0528 0.3677 0.0668
Car -1 -1 0.2233 408.5899 185.6229 536.6929 231.9869 1.4465 1.5817 3.9053 -4.4637 1.8840 23.8562 0.0397 0.0662
Car -1 -1 3.6041 184.5665 186.6798 277.8568 217.6803 1.4868 1.6013 3.8322 -18.9179 2.1961 36.1805 3.1251 0.0642
Car -1 -1 3.8053 733.5236 173.2996 786.9149 193.4648 1.5055 1.6566 3.8477 11.6504 1.5413 55.9612 4.0092 0.0640
Car -1 -1 4.6963 679.0229 185.1007 718.8480 223.2268 1.5369 1.6723 4.0545 3.9893 2.1249 32.5404 4.8165 0.0638
Car -1 -1 4.8565 458.5938 177.2058 514.9999 217.0387 1.5095 1.6975 4.2874 -5.0157 1.7033 29.9763 4.6916 0.0637
Car -1 -1 1.4821 852.1609 175.0271 886.9243 201.4541 1.4916 1.5906 4.0929 15.5368 1.6285 43.2654 1.8243 0.0627
Car -1 -1 2.2561 721.5418 175.9189 814.3896 214.8801 1.5535 1.6795 4.1079 6.8476 1.6935 31.0093 2.4709 0.0625
Car -1 -1 4.4152 817.5298 184.0897 913.9003 242.6648 1.4906 1.5860 3.7259 7.3203 1.8467 20.9749 4.7458 0.0602
Car -1 -1 1.5286 816.7941 174.5832 860.5482 211.5528 1.5173 1.6575 4.1589 10.1078 1.5995 32.0446 1.8310 0.0597
Car -1 -1 1.5067 514.6755 178.0588 544.6711 203.2956 1.4527 1.5879 3.8911 -4.9566 1.7880 44.4349 1.3959 0.0586
Car -1 -1 0.1014 530.0903 173.8926 588.0178 197.6111 1.5125 1.5996 3.6154 -3.2561 1.5813 46.9425 0.0321 0.0582
Car -1 -1 4.7061 189.8276 178.3602 233.6841 215.2839 1.4291 1.5379 3.6878 -16.8121 1.6770 30.5042 4.2059 0.0581
Car -1 -1 0.3441 436.8288 181.7364 557.0884 220.9028 1.4886 1.6406 4.5232 -4.5283 1.8634 29.2179 0.1911 0.0579
Car -1 -1 1.3372 149.1055 186.1644 203.8290 217.4795 1.4689 1.6038 3.7992 -22.4778 2.1942 37.3977 0.7989 0.0578
Car -1 -1 3.1271 642.1530 168.7857 688.0773 189.8048 1.5924 1.6564 3.4760 4.2643 1.2842 55.5950 3.2029 0.0577
Car -1 -1 5.6799 0.0000 46.4665 131.8096 375.0000 1.5286 1.5642 3.5533 -4.4468 1.2279 3.5681 4.8218 0.0566
Car -1 -1 1.2244 796.9598 177.6518 860.3776 210.1179 1.3955 1.5692 3.9315 10.1237 1.6324 33.6153 1.5141 0.0555
Car -1 -1 4.7789 561.1082 175.4532 583.1256 194.4474 1.4776 1.5308 3.8672 -3.0120 1.6957 58.6077 4.7275 0.0547
Car -1 -1 4.3495 0.0000 124.3852 92.1246 375.0000 1.4792 1.6021 3.9213 -5.7215 1.2415 5.0152 3.5248 0.0545
Car -1 -1 5.1946 194.3093 184.6890 262.8329 215.5530 1.4804 1.5751 3.8483 -19.9782 2.1354 38.0089 4.7132 0.0533