Car -1 -1 5.3369 460.0791 176.3574 544.7449 214.8526 1.4552 1.6052 3.5940 -3.9002 1.2604 29.1185 5.1998 0.9498
Car -1 -1 4.8476 571.9345 170.8928 603.8693 193.4041 1.4694 1.6548 4.1165 -0.8089 0.7762 49.0259 4.8262 0.7634
Car -1 -1 2.0483 325.8428 179.7268 392.2468 208.1867 1.4305 1.6282 4.1592 -12.7737 1.3408 38.2854 1.7233 0.7104
Car -1 -1 4.1876 585.3560 170.6212 628.7056 190.8027 1.5859 1.6523 4.1813 0.5002 0.7301 58.6722 4.1912 0.4563
Car -1 -1 -0.2812 319.4488 159.2558 394.3544 183.9866 1.5119 1.6223 4.2379 -15.4938 0.1513 45.7943 -0.6105 0.3903
Car -1 -1 4.7838 385.4579 168.6477 409.2061 189.5692 1.7455 1.6980 4.1483 -17.5284 0.6722 62.1375 4.5051 0.2526
Car -1 -1 1.6726 448.0007 174.8830 470.8024 193.4379 1.5841 1.5782 4.1458 -12.4227 1.0182 63.4669 1.4751 0.1635
Car -1 -1 1.2491 523.6371 178.4724 558.2290 198.0847 1.4768 1.5449 3.8359 -4.6831 1.2479 56.1583 1.1612 0.1157
Car -1 -1 1.5085 514.5585 184.8778 555.6304 217.3391 1.4401 1.6848 4.1550 -3.1913 1.6120 34.5062 1.4117 0.1037
Car -1 -1 4.7219 371.9391 172.1228 412.6309 208.3335 1.4573 1.5847 3.8512 -8.9536 1.0794 30.9778 4.4377 0.0894
Car -1 -1 1.6041 535.5491 183.5059 571.9612 216.3501 1.4713 1.6230 4.0264 -2.1859 1.5727 34.4676 1.5361 0.0864
Car -1 -1 5.4445 365.6052 188.3088 429.8457 214.5883 1.4979 1.6081 3.9005 -12.3903 1.9355 44.1389 5.1672 0.0833
Car -1 -1 -0.4867 536.7169 184.5030 632.7664 217.7803 1.4456 1.6611 4.1541 -0.7048 1.5914 33.2620 -0.5130 0.0784
Car -1 -1 0.6164 366.0570 169.5811 418.5932 188.0654 1.5338 1.6154 4.1056 -17.6755 0.5438 61.0363 0.3308 0.0682
Car -1 -1 1.2982 534.4313 177.7812 598.5034 213.8033 1.4594 1.7056 4.1819 -1.5569 1.3083 31.3574 1.2439 0.0666
Car -1 -1 1.9581 310.3758 177.9908 374.5242 209.9564 1.5436 1.6456 4.1603 -13.1233 1.3736 36.8013 1.6127 0.0634
Car -1 -1 5.1596 601.5118 171.8848 640.2843 191.6074 1.5402 1.6400 3.8697 1.6980 0.7884 58.1952 5.1837 0.0633
Car -1 -1 4.3885 454.5697 171.0249 487.4377 190.1117 1.7565 1.7502 4.4205 -12.3663 0.7914 68.4651 4.2056 0.0626
Car -1 -1 3.3386 531.3785 172.0567 598.5865 195.0202 1.4957 1.6513 4.2390 -2.3373 0.8798 47.9080 3.2852 0.0599
Car -1 -1 -0.2255 299.2836 162.9129 372.4361 187.8062 1.4940 1.6267 4.0270 -16.5119 0.3777 44.8973 -0.5808 0.0590
Car -1 -1 1.6916 501.0549 176.2170 549.5628 212.5935 1.4935 1.6485 4.0614 -3.2278 1.2761 31.5341 1.5854 0.0582
Car -1 -1 1.4550 452.7545 176.5070 476.9943 194.5143 1.6194 1.7123 4.3162 -12.6539 1.1693 66.9146 1.2638 0.0573
Car -1 -1 3.7750 410.4366 178.0880 520.7266 219.0113 1.5609 1.6888 4.1958 -5.4649 1.4303 29.0634 3.5856 0.0548
Car -1 -1 3.3603 309.4355 179.4664 397.2053 207.6396 1.4506 1.6321 4.1399 -13.0172 1.3453 38.0325 3.0276 0.0535
Car -1 -1 -0.0062 459.2471 187.4031 552.5702 220.3623 1.4568 1.6709 4.1794 -4.3657 1.7389 33.2727 -0.1409 0.0531
Car -1 -1 4.8433 364.3750 159.1309 398.6982 183.6640 1.5507 1.6857 3.8758 -14.4096 0.1360 47.4570 4.5453 0.0522
Car -1 -1 1.5747 448.0525 186.3361 485.2986 219.5824 1.4613 1.6496 4.1544 -6.3999 1.7071 34.4040 1.3869 0.0516
Car -1 -1 -0.2986 560.3212 171.3658 624.2108 193.8372 1.4795 1.6175 4.0310 -0.5570 0.8115 48.6891 -0.3149 0.0502