Car -1 -1 2.1703 31.1655 198.0691 181.5285 262.7823 1.4357 1.5345 3.5046 -13.1591 2.1655 19.1298 1.5740 0.9696
Car -1 -1 1.8927 351.6232 186.1275 400.9811 215.0615 1.4831 1.5743 3.5705 -13.0077 2.2597 40.4249 1.5829 0.8428
Car -1 -1 1.8155 177.8200 195.6252 237.7946 233.5208 1.4716 1.5372 3.3952 -17.7775 2.5415 32.0651 1.3125 0.6628
Car -1 -1 4.6714 596.9594 177.1659 627.3516 204.6138 1.4999 1.6032 4.0974 0.1092 1.7643 42.1599 4.6735 0.5754
Car -1 -1 1.6466 315.3910 190.4127 349.4678 218.6661 1.5304 1.6366 3.7085 -16.6960 2.6402 43.5934 1.2825 0.5500
Car -1 -1 1.7458 338.3914 178.8260 370.9091 198.3278 1.4228 1.7271 3.8410 -19.7108 1.9025 55.9225 1.4082 0.2509
Car -1 -1 1.5747 203.4288 189.9301 236.7960 219.3802 1.4737 1.5832 3.8968 -21.9028 2.4846 40.6237 1.0827 0.1778
Car -1 -1 1.8988 346.4771 191.7905 408.0274 227.8199 1.4730 1.5908 3.6858 -10.6474 2.3961 33.3122 1.5912 0.1448
Car -1 -1 3.7225 127.1050 198.0296 240.3849 234.0089 1.4620 1.6745 4.0128 -18.5788 2.5967 31.5788 3.1941 0.1347
Car -1 -1 1.9637 325.9600 196.6553 393.6873 233.3044 1.4331 1.6941 3.3391 -11.0589 2.5511 32.1699 1.6347 0.1201
Car -1 -1 1.9268 74.4290 183.1494 139.6921 212.2486 1.4380 1.5726 4.1161 -27.3355 2.0313 39.3931 1.3231 0.1197
Car -1 -1 2.1375 0.0000 200.6139 105.5787 245.0008 1.4444 1.5783 3.6630 -21.3275 2.5844 27.7377 1.4865 0.1160
Car -1 -1 1.4945 315.5049 189.5841 351.9870 219.1817 1.5401 1.6915 4.1225 -16.2022 2.5722 42.2861 1.1303 0.1139
Car -1 -1 0.0137 360.3327 189.3988 453.7733 225.0668 1.4849 1.7010 3.9621 -9.1007 2.2627 32.5948 -0.2569 0.1110
Car -1 -1 0.1046 314.8567 179.4362 372.6706 199.1241 1.4334 1.6048 3.9595 -20.0761 1.9433 54.6363 -0.2462 0.1090
Car -1 -1 3.7557 153.2967 189.6746 240.6544 218.1991 1.4766 1.6350 3.9364 -22.5739 2.4219 39.5435 3.2397 0.1011
Car -1 -1 1.4331 672.3651 175.5688 718.0607 207.9716 1.4134 1.5777 4.0315 3.9547 1.5484 33.8467 1.5479 0.0990
Car -1 -1 1.4201 697.3937 174.0347 745.2673 206.4399 1.4407 1.6270 4.1787 5.2473 1.5003 34.3215 1.5701 0.0983
Car -1 -1 0.9301 300.2551 191.1710 387.6835 227.3293 1.4663 1.6845 4.0019 -12.1275 2.3467 32.8830 0.5790 0.0944
Car -1 -1 1.4057 670.0211 173.3865 704.2355 198.9548 1.6626 1.6480 4.1549 5.2338 1.7004 49.1302 1.5107 0.0941
Car -1 -1 3.4210 548.1657 176.4799 622.8578 203.6665 1.4821 1.6064 3.9446 -1.3487 1.6941 40.9301 3.3878 0.0917
Car -1 -1 4.0968 0.0000 203.0053 77.4096 246.5270 1.4638 1.6387 3.6906 -22.3762 2.6601 27.3408 3.4155 0.0889
Car -1 -1 1.4477 682.3351 170.7144 718.4116 198.6459 1.5081 1.5643 3.7902 5.0944 1.3925 40.8523 1.5705 0.0854
Car -1 -1 1.7282 340.4540 198.8877 393.8174 236.5329 1.4079 1.6754 3.3388 -10.4282 2.5992 31.2342 1.4079 0.0811
Car -1 -1 2.4851 382.2875 183.3851 480.8610 218.7506 1.4677 1.6757 4.3060 -8.1752 1.9883 33.4614 2.2468 0.0792
Car -1 -1 1.6841 198.9720 197.8597 244.2449 230.6824 1.4691 1.6471 3.6659 -20.0249 2.8334 37.3608 1.1947 0.0765
Car -1 -1 1.5356 192.9804 195.1780 237.3131 232.5825 1.4869 1.6727 4.2257 -18.4134 2.5962 33.6071 1.0374 0.0751
Car -1 -1 1.4797 678.2954 173.5753 711.2010 200.0447 1.5193 1.6024 4.0572 5.0980 1.5649 43.5751 1.5950 0.0739
Car -1 -1 1.3658 673.1403 174.2899 709.2203 198.7799 1.5097 1.5898 3.7001 5.2298 1.6063 46.6222 1.4764 0.0727
Car -1 -1 1.7774 326.6273 191.5998 370.3602 219.3482 1.5236 1.7075 4.2644 -16.1631 2.7469 44.8587 1.4330 0.0707
Car -1 -1 1.9430 360.6719 192.4169 426.7925 228.8960 1.4603 1.6428 3.6892 -9.7418 2.4024 32.8389 1.6563 0.0692
Car -1 -1 2.3800 125.9952 195.6871 233.0412 235.9317 1.4572 1.6343 3.8006 -18.0621 2.4874 30.5047 1.8489 0.0685
Car -1 -1 2.0844 34.3232 196.9905 141.5023 239.9940 1.4475 1.6555 4.0702 -20.6404 2.4804 28.7664 1.4662 0.0663
Car -1 -1 1.7130 347.0493 184.0376 390.9065 216.8994 1.6101 1.6765 4.0555 -12.9234 2.2471 38.9545 1.3943 0.0655
Car -1 -1 3.2086 326.9627 193.2905 417.1911 228.3891 1.4667 1.6494 3.7990 -10.7455 2.4340 32.8879 2.8946 0.0655
Car -1 -1 4.3454 655.0044 170.2087 687.3185 188.4548 1.6128 1.6397 3.9178 5.5882 1.3790 65.8867 4.4293 0.0654
Car -1 -1 1.5870 363.1813 184.7528 394.3799 215.7882 1.6205 1.6334 4.2639 -13.2894 2.3456 41.6961 1.2799 0.0632
Car -1 -1 1.0994 317.7656 177.7161 356.3270 195.5599 1.5335 1.6170 3.9895 -24.5719 1.9846 65.0068 0.7391 0.0604
Car -1 -1 2.2490 0.0000 200.3319 76.6626 247.8287 1.4705 1.6245 3.7109 -21.6370 2.5447 26.3486 1.5663 0.0604
Car -1 -1 1.5095 664.4126 175.5242 686.5608 197.3387 1.5881 1.4607 3.4038 4.9689 1.7968 54.6710 1.5992 0.0592
Car -1 -1 -0.3016 681.5420 164.8635 728.6875 182.2741 1.6078 1.6695 4.0795 8.9633 0.8699 67.7988 -0.1709 0.0582
Car -1 -1 1.4600 595.2369 178.7576 630.4060 206.3173 1.4456 1.5835 3.5753 0.1419 1.7923 40.5078 1.4630 0.0562
Car -1 -1 1.7716 667.8560 177.1573 720.9782 212.1116 1.4542 1.6065 4.1140 3.9161 1.6627 32.7655 1.8890 0.0562
Car -1 -1 1.7408 384.6715 180.1099 415.6394 201.1515 1.4701 1.5652 3.9736 -15.5966 2.0328 53.8931 1.4601 0.0562
Car -1 -1 3.9322 366.4467 185.3948 462.8959 222.6941 1.4523 1.6320 4.0356 -8.3867 2.0206 30.9730 3.6694 0.0561
Car -1 -1 1.4128 392.2954 180.2698 421.8483 201.2250 1.4987 1.5769 3.9552 -15.5303 2.0882 55.2333 1.1396 0.0560
Car -1 -1 1.4876 346.1449 177.9342 375.5016 200.5785 1.5341 1.6701 4.1232 -17.9928 1.9166 52.1023 1.1564 0.0549
Car -1 -1 1.2239 571.0932 179.8339 622.9439 207.5622 1.5109 1.6998 4.3261 -0.8057 1.9475 42.8101 1.2046 0.0540
Car -1 -1 0.3631 331.6687 185.9854 413.7247 213.5194 1.4847 1.6297 4.0837 -13.3165 2.2418 40.6889 0.0483 0.0532
Car -1 -1 0.5294 306.0254 191.8359 381.5538 218.9922 1.5821 1.6764 4.1297 -16.5120 2.7945 44.8935 0.1785 0.0531
Car -1 -1 2.0041 179.2130 189.4781 245.3614 220.6162 1.5009 1.6501 3.8344 -21.2989 2.4413 38.8474 1.5052 0.0529
Car -1 -1 3.2084 577.8510 177.2139 643.4236 203.8076 1.4804 1.5439 3.6633 0.0911 1.7357 41.3554 3.2100 0.0529
Car -1 -1 3.1814 570.9280 178.2185 647.8625 204.7839 1.5304 1.6516 4.4846 0.0185 1.8558 42.8514 3.1813 0.0518
Car -1 -1 3.4153 303.5927 190.3387 378.0920 216.9718 1.5196 1.6216 3.9051 -16.1137 2.5947 43.4008 3.0614 0.0517
Car -1 -1 1.9907 0.0000 195.9936 97.6224 240.0345 1.4895 1.6519 3.9585 -22.2401 2.4792 28.7444 1.3365 0.0508
Car -1 -1 2.7710 138.9136 184.2722 380.0119 272.3398 1.4755 1.5818 4.1095 -6.9500 1.7394 14.6464 2.3345 0.0504
Car -1 -1 2.0261 302.9253 181.4601 347.6578 202.4436 1.5172 1.5904 4.0812 -21.9986 2.2101 55.9924 1.6530 0.0501