Car -1 -1 2.8770 1038.2465 177.4855 1242.0000 268.5453 1.4559 1.6690 4.4585 10.6243 1.5519 13.3333 3.5385 0.8627
Car -1 -1 -0.7994 663.8514 192.1490 757.1501 234.4536 1.5190 1.6400 3.7017 4.1333 2.3507 29.3187 -0.6616 0.8396
Car -1 -1 4.7971 17.3839 226.5244 103.2364 296.6215 1.5386 1.6370 3.4426 -15.5926 3.2142 20.6317 4.1559 0.5617
Car -1 -1 4.1951 58.0992 218.9207 135.6797 259.6608 1.6193 1.6693 2.9630 -23.5814 3.8273 33.1982 3.5810 0.3939
Car -1 -1 4.6512 570.0914 173.2279 616.4871 216.0258 1.9270 1.9560 4.5758 -0.8574 1.9463 34.8929 4.6262 0.2610
Car -1 -1 4.6655 482.7810 167.1044 505.7381 188.1181 1.6547 1.6769 3.6671 -9.4193 1.2020 58.7837 4.5071 0.2024
Car -1 -1 1.3490 562.4417 163.8849 591.5820 184.0196 1.8172 1.7841 4.4573 -3.0837 1.0077 67.5060 1.3033 0.1597
Car -1 -1 4.6180 476.0837 182.7507 503.3443 203.8284 1.4564 1.6387 4.0647 -9.0146 2.2279 54.0736 4.4532 0.1525
Car -1 -1 5.1203 603.7676 163.2850 639.5486 183.2112 1.7261 1.7088 4.1353 1.1235 0.8972 64.7378 5.1373 0.1433
Car -1 -1 0.0664 469.4221 180.5107 523.9940 200.5831 1.4606 1.6652 3.9522 -8.4502 2.0471 54.2703 -0.0878 0.1237
Car -1 -1 1.6444 484.4620 182.1148 512.0934 203.9697 1.4899 1.6999 4.3065 -8.1747 2.2021 53.2785 1.4924 0.1203
Car -1 -1 4.2306 36.4444 212.6621 123.2296 250.1503 1.4922 1.7802 3.6773 -24.7845 3.4436 33.7577 3.6008 0.1123
Car -1 -1 3.1083 469.8307 182.5440 532.5754 204.2224 1.5145 1.6870 4.4669 -7.9315 2.2394 52.7445 2.9594 0.1094
Car -1 -1 3.7824 562.6180 162.3908 612.3701 181.0038 1.7141 1.7219 4.6019 -2.1150 0.7505 68.4697 3.7514 0.0984
Car -1 -1 3.3115 466.2101 167.1349 515.8278 186.8275 1.5654 1.6463 3.7233 -9.5331 1.1108 58.1958 3.1496 0.0984
Car -1 -1 4.3386 600.7428 174.9951 638.0219 196.8337 1.6098 1.5739 3.8543 0.7186 1.7812 55.6763 4.3510 0.0981
Car -1 -1 2.1102 8.9133 209.2846 97.1471 246.4937 1.4254 1.7751 3.1549 -25.0201 3.1540 32.5705 1.4589 0.0906
Car -1 -1 4.3897 689.5175 185.8112 746.8565 220.8155 1.4675 1.6166 3.4143 4.9704 2.1004 33.4209 4.5353 0.0891
Car -1 -1 1.6531 480.1503 181.6791 508.4505 205.1765 1.5487 1.6356 4.3623 -8.1786 2.2057 51.4736 1.4959 0.0851
Car -1 -1 4.6135 657.9895 187.0292 699.8032 222.7964 1.4875 1.5709 3.3714 3.1260 2.1697 33.0372 4.7063 0.0833
Car -1 -1 4.5813 469.8289 177.4581 497.7042 198.6007 1.5293 1.6164 3.7907 -9.6422 1.8942 55.1331 4.4086 0.0805
Car -1 -1 0.1472 446.0072 179.0262 504.0887 199.0194 1.4642 1.6641 4.0965 -10.0877 1.9365 54.3072 -0.0359 0.0758
Car -1 -1 1.3030 558.8113 190.2475 611.3475 222.9246 1.5235 1.7282 4.2117 -1.3640 2.5021 38.3235 1.2669 0.0724
Car -1 -1 4.9911 483.0139 179.7489 519.0109 201.1367 1.5316 1.6890 3.9611 -8.2400 2.0777 55.0804 4.8429 0.0723
Car -1 -1 1.5504 540.9310 191.1779 575.9395 223.4529 1.4981 1.7478 4.3157 -2.7555 2.5261 38.2521 1.4783 0.0714
Car -1 -1 0.1086 472.8927 180.6180 528.9862 201.4826 1.5481 1.7311 4.0777 -8.2711 2.1521 55.1873 -0.0398 0.0654
Car -1 -1 -0.4296 654.5703 186.8422 749.5886 222.4962 1.4981 1.6411 3.9570 4.1897 2.1601 32.7716 -0.3043 0.0648
Car -1 -1 3.9105 437.0813 178.3326 493.2279 199.2091 1.4921 1.6707 4.1550 -10.8946 1.9186 54.3544 3.7132 0.0645
Car -1 -1 1.5146 544.6450 190.7022 576.2460 217.8794 1.4892 1.7104 4.2371 -3.0828 2.6483 44.6482 1.4454 0.0639
Car -1 -1 2.4174 487.4085 181.3118 548.9143 204.7020 1.5871 1.6704 4.4823 -6.6411 2.2323 52.8081 2.2924 0.0604
Car -1 -1 1.5520 546.1001 192.1442 576.7823 220.9450 1.4725 1.6784 3.7282 -2.7970 2.6311 41.4058 1.4843 0.0573
Car -1 -1 4.2904 724.2676 182.7901 790.5589 217.4973 1.4133 1.5833 3.5621 6.5653 1.8856 32.3887 4.4880 0.0559
Car -1 -1 1.8739 24.4897 216.4441 102.0858 256.6039 1.4430 1.7904 3.4027 -24.0931 3.4886 31.9583 1.2317 0.0558
Car -1 -1 1.6131 471.2097 181.2209 496.5842 204.2032 1.5455 1.6326 4.0902 -9.0550 2.1757 52.2081 1.4418 0.0549
Car -1 -1 1.6072 531.6343 180.3188 555.3895 202.7528 1.5734 1.6230 4.0715 -4.9147 2.1543 54.0646 1.5165 0.0544
Car -1 -1 1.4338 532.4050 180.2430 562.0076 202.3969 1.4929 1.5955 4.0280 -4.5468 2.0492 52.1904 1.3469 0.0538
Car -1 -1 3.2936 547.8788 188.8138 627.0239 219.7310 1.5096 1.6469 3.8927 -1.1132 2.3596 37.3730 3.2633 0.0526
Car -1 -1 0.0018 569.1114 165.8515 625.0566 188.1227 1.6195 1.7024 4.0699 -0.9198 1.1103 53.3497 -0.0157 0.0522
Car -1 -1 1.5510 0.0000 211.5957 60.1580 277.5247 1.4798 1.7517 4.3118 -17.2309 2.7266 21.0080 0.8701 0.0513
Car -1 -1 -0.9997 737.0379 181.4134 817.0032 216.3720 1.4517 1.6091 4.0808 7.6928 1.8662 32.9432 -0.7729 0.0512