Car -1 -1 4.7299 574.2969 178.6418 601.6090 204.1214 1.5126 1.6568 4.1035 -1.3354 1.8968 45.8336 4.7004 0.6096
Car -1 -1 1.8583 378.1347 190.4530 452.3456 234.4454 1.4088 1.6381 3.6675 -7.0301 2.0992 26.4491 1.6004 0.2078
Car -1 -1 4.9169 365.7534 177.0271 392.5062 193.7318 1.5193 1.6715 3.8531 -21.8798 1.9278 68.6278 4.6092 0.1663
Car -1 -1 1.8074 561.9296 174.7659 606.3783 204.8170 1.6876 1.6863 4.3062 -1.4574 1.8078 43.0886 1.7733 0.1423
Car -1 -1 4.3980 607.6936 171.5799 640.9246 192.1850 1.5934 1.6018 3.6679 1.1462 1.4949 57.7849 4.4174 0.1309
Car -1 -1 1.5617 430.9234 183.6120 480.7802 226.8184 1.3824 1.6392 3.7176 -5.5623 1.8008 26.0694 1.3530 0.1158
Car -1 -1 0.3809 392.1791 184.6601 514.4785 225.1752 1.4151 1.7125 4.1493 -5.8252 1.8781 27.0956 0.1706 0.1065
Car -1 -1 1.7664 429.1364 180.3779 495.2496 222.3569 1.4587 1.7118 4.1579 -5.6024 1.7712 27.8971 1.5695 0.1049
Car -1 -1 1.0679 579.7657 175.9432 637.7420 203.0506 1.4802 1.6151 4.0662 -0.1027 1.6696 42.0632 1.0650 0.0913
Car -1 -1 3.5621 348.4354 177.3202 395.1856 193.4440 1.4775 1.6464 3.8273 -22.2860 1.9028 67.6963 3.2450 0.0903
Car -1 -1 1.3642 625.9128 179.0935 664.8604 205.3983 1.4916 1.5659 4.0738 2.1370 1.8911 44.0637 1.4118 0.0816
Car -1 -1 3.0052 337.9416 181.7188 452.1336 224.0257 1.4434 1.5978 3.8842 -7.9572 1.7912 26.7823 2.7186 0.0789
Car -1 -1 4.8686 398.3953 181.2877 456.7285 223.5605 1.4757 1.5863 3.9496 -6.9894 1.8272 28.0360 4.6260 0.0698
Car -1 -1 1.5183 580.4583 175.6670 612.1262 203.4018 1.4910 1.6019 3.8436 -0.7977 1.6592 41.1652 1.4986 0.0689
Car -1 -1 2.0561 544.9403 173.9499 601.6387 203.1785 1.5948 1.6281 3.9122 -2.0373 1.6613 41.6454 2.0071 0.0673
Car -1 -1 1.4605 595.9618 179.7512 630.9815 207.3784 1.5340 1.6304 4.3695 0.1850 1.9709 43.4493 1.4642 0.0605
Car -1 -1 0.4013 364.3678 184.3011 485.0958 226.0983 1.4975 1.6245 4.1686 -7.0262 1.9529 27.5870 0.1537 0.0566
Car -1 -1 1.7290 576.3792 178.7647 612.5515 205.4954 1.5401 1.6206 4.0143 -0.8859 1.9226 44.5991 1.7088 0.0564
Car -1 -1 2.6948 430.5680 178.3022 546.6964 219.4811 1.4354 1.6384 4.0488 -4.5641 1.6566 27.4675 2.5312 0.0560
Car -1 -1 1.4314 518.8237 179.7667 553.1752 205.1000 1.4282 1.5430 3.9578 -4.5202 1.8692 43.9325 1.3290 0.0553
Car -1 -1 4.6813 624.4871 171.6517 646.8441 192.9985 1.6436 1.6573 3.8298 2.0497 1.5510 57.4730 4.7164 0.0532
Car -1 -1 3.2612 563.4587 179.2244 628.1396 204.7148 1.5295 1.6172 3.8487 -0.8268 1.9337 44.7903 3.2423 0.0529
Car -1 -1 1.4975 611.6024 171.0700 636.2103 193.3634 1.6655 1.6099 4.0848 1.0793 1.5323 55.9893 1.5163 0.0529
Car -1 -1 0.0697 548.4028 175.2410 623.7219 203.2932 1.6351 1.6382 4.3937 -1.3655 1.7807 43.1117 0.0378 0.0510
Car -1 -1 5.1078 369.8366 178.7384 402.4564 196.0933 1.5606 1.6332 3.7143 -21.0518 2.1319 68.1183 4.8089 0.0509