Car -1 -1 4.7171 545.2755 186.2269 717.3193 338.5191 1.3622 1.6264 3.8646 0.2648 1.5608 8.7552 4.7446 0.9411
Car -1 -1 4.9006 415.2804 177.7175 514.1808 243.6177 1.4687 1.6768 4.3278 -3.5780 1.6084 18.5643 4.7122 0.8949
Car -1 -1 4.8667 466.2304 166.5418 530.5659 217.0757 1.6112 1.6346 3.6324 -3.7439 1.4099 24.8254 4.7181 0.8904
Car -1 -1 4.5849 694.3826 180.3808 755.4246 221.5643 1.4083 1.7388 4.4943 4.3436 1.7217 27.7716 4.7378 0.7904
Car -1 -1 5.2893 0.0000 194.2983 336.9947 375.0000 1.4247 1.6574 4.3101 -3.1957 1.6169 4.2850 4.6772 0.7441
Car -1 -1 4.4201 780.2289 192.2907 994.4993 344.9766 1.5172 1.6096 3.2136 3.3086 1.8099 9.2251 4.7529 0.6996
Car -1 -1 4.5889 670.6500 166.8772 716.1993 205.2087 1.7881 1.7391 4.0646 4.0855 1.5093 35.6993 4.7015 0.5719
Car -1 -1 4.2073 891.1631 69.7527 1242.0000 375.0000 1.7475 1.6166 3.9969 3.4642 1.3119 5.0955 4.7775 0.4563
Car -1 -1 5.0239 263.2820 146.6744 491.6605 296.7112 1.8871 1.9378 4.8706 -3.3333 1.5578 11.5433 4.7480 0.4035
Car -1 -1 -0.3101 815.4413 210.2984 1242.0000 374.3137 1.4823 1.6058 3.8953 4.4302 1.9638 8.1560 0.1709 0.3928
Car -1 -1 4.7261 577.5670 182.9733 643.3338 245.2527 1.4374 1.5732 3.6285 0.0485 1.7305 19.0723 4.7277 0.3168
Car -1 -1 3.1530 507.3847 190.9389 657.8865 253.9927 1.4577 1.4935 3.5815 -0.6555 1.9269 17.9278 3.1160 0.2724
Car -1 -1 4.9857 707.1932 166.3737 737.2424 187.0133 1.8948 1.7459 4.2232 10.7314 1.2999 68.5226 5.1402 0.2524
Car -1 -1 4.4839 730.6104 148.9366 873.8693 267.5766 1.8471 1.6205 3.9070 3.3292 1.4747 13.1968 4.7249 0.1988
Car -1 -1 -0.1453 571.8208 187.0267 734.1318 250.5054 1.4780 1.5355 3.8913 1.0266 1.8532 18.1606 -0.0908 0.1801
Car -1 -1 4.0433 934.4185 0.0000 1242.0000 375.0000 1.7686 1.6601 4.3119 3.3113 1.2399 3.5314 4.7560 0.1579
Car -1 -1 4.7155 103.5313 172.0470 129.9341 194.0379 1.6261 1.6260 3.7377 -37.7908 1.5665 55.3588 4.1186 0.1557
Car -1 -1 1.5188 166.8151 181.4668 189.4444 198.2863 1.3982 1.5279 3.9998 -38.4106 2.1896 64.2068 0.9813 0.1487
Car -1 -1 4.8965 726.6687 172.3876 762.3941 199.8521 1.6437 1.5211 3.8799 8.5054 1.6157 45.2653 5.0807 0.1413
Car -1 -1 -0.0129 672.4924 170.2459 749.4286 205.3845 1.6175 1.5830 3.5306 4.7849 1.4974 34.2181 0.1243 0.1395
Car -1 -1 4.7222 69.2801 192.9780 113.7757 228.2521 1.4780 1.6555 3.8397 -24.8069 2.5007 34.6192 4.1039 0.1363
Car -1 -1 1.5780 719.4146 175.2252 748.2632 201.5057 1.5012 1.6453 4.1775 7.5559 1.6524 43.8125 1.7472 0.1220
Car -1 -1 4.5897 458.3257 155.6083 489.2607 180.3594 1.6935 1.7024 3.9266 -9.7243 0.5135 51.4969 4.4038 0.1174
Car -1 -1 -0.2362 657.2333 169.0303 745.8434 205.2487 1.7791 1.7564 4.1549 4.6198 1.5913 36.5487 -0.1120 0.1163
Car -1 -1 1.9587 185.8951 186.7469 239.8518 213.6027 1.4886 1.5457 3.8171 -24.1317 2.3745 44.0283 1.4596 0.1071
Car -1 -1 4.6404 445.5864 143.9227 488.8334 180.0702 1.5399 1.6526 3.9434 -6.5329 0.3074 32.8582 4.4456 0.1048
Car -1 -1 3.9998 107.5518 180.8590 192.3864 212.0725 1.6357 1.7095 4.0895 -25.4302 2.0945 39.9451 3.4357 0.1048
Car -1 -1 -0.1012 545.6898 185.8334 688.1905 241.9019 1.4879 1.5991 3.9187 0.1503 1.8758 20.5836 -0.0950 0.1031
Car -1 -1 2.6368 34.2995 186.8886 167.7563 231.3604 1.4969 1.6103 3.8935 -19.4045 2.0768 27.7145 2.0302 0.1029
Car -1 -1 1.3882 648.2819 177.6571 705.4301 217.2243 1.5398 1.6921 4.0904 2.7866 1.7583 30.7086 1.4772 0.1000
Car -1 -1 3.5244 423.8683 145.9265 529.4195 181.4830 1.5148 1.6622 4.2916 -5.8642 0.3676 31.9859 3.3444 0.0979
Car -1 -1 4.7238 126.8748 179.3462 175.0665 219.1901 1.5152 1.6070 3.6683 -19.0614 1.8036 30.0692 4.1627 0.0930
Car -1 -1 4.1253 0.0000 168.9127 60.1180 198.3952 1.5557 1.6432 3.8698 -32.2790 1.3477 39.4316 3.4425 0.0920
Car -1 -1 4.0970 731.8115 177.5527 821.1207 217.4196 1.4035 1.6122 3.5049 6.3458 1.5970 27.7833 4.3187 0.0890
Car -1 -1 -0.3662 739.1999 148.2398 998.2246 258.4298 1.7342 1.6462 3.7996 4.2664 1.3468 12.2524 -0.0392 0.0884
Car -1 -1 4.6771 713.5493 155.6823 1041.8711 375.0000 1.5867 1.6552 4.0492 1.9218 1.4999 5.8182 4.9798 0.0863
Car -1 -1 2.6965 874.1793 194.0102 1242.0000 375.0000 1.5010 1.6056 3.8336 4.4737 1.7168 6.2787 3.2925 0.0845
Car -1 -1 1.8613 212.0072 171.1826 421.2106 304.7408 1.5286 1.6332 3.7436 -3.8541 1.5095 10.1781 1.5072 0.0838
Car -1 -1 4.8519 217.0767 181.2226 253.1087 205.8804 1.4954 1.5699 3.7892 -24.4420 2.0665 47.1943 4.3761 0.0789
Car -1 -1 1.2892 735.4106 171.3116 900.1010 284.0183 1.5456 1.5772 3.5166 3.1693 1.5245 11.6717 1.5470 0.0786
Car -1 -1 -0.0924 540.1499 185.1078 690.9150 245.8456 1.4639 1.5758 3.7661 0.0964 1.7981 18.7252 -0.0883 0.0765
Car -1 -1 4.4362 695.0906 167.0451 725.3412 187.2613 1.8636 1.7757 4.1783 9.5437 1.3281 68.7048 4.5734 0.0738
Car -1 -1 5.3284 46.5680 146.8146 339.1009 288.0899 1.5613 1.5886 3.6286 -5.3599 1.2735 9.8758 4.8421 0.0721
Car -1 -1 4.4076 71.6184 183.3769 155.4533 224.2244 1.4802 1.6393 4.0918 -19.9996 1.9315 29.0398 3.8086 0.0719
Car -1 -1 1.7059 187.2865 188.8733 229.5400 218.1309 1.5141 1.5960 4.0927 -23.2533 2.4940 41.9412 1.2021 0.0701
Car -1 -1 0.1698 444.4436 155.9850 508.3938 179.9095 1.6495 1.7114 4.1818 -9.3025 0.4864 50.6245 -0.0111 0.0696
Car -1 -1 -0.3021 552.0818 186.2703 610.5665 210.4438 1.5673 1.4559 3.7501 -1.9415 2.5131 49.5538 -0.3416 0.0677
Car -1 -1 4.7086 455.9853 151.5288 496.0598 188.2521 1.5199 1.6392 3.7788 -5.8990 0.6373 31.8708 4.5269 0.0676
Car -1 -1 5.0825 108.5513 195.4777 178.4019 229.7644 1.4712 1.6319 3.7578 -22.9034 2.6505 35.6066 4.5141 0.0673
Car -1 -1 -0.3101 722.5201 171.0537 793.1519 196.2165 1.5113 1.6417 3.9406 9.0885 1.4032 44.3692 -0.1097 0.0641
Car -1 -1 2.8677 701.1014 190.0950 1012.6310 308.6840 1.4972 1.6620 3.8703 3.3234 1.7634 10.2557 3.1713 0.0614
Car -1 -1 4.7779 709.4882 171.8184 738.9195 196.9431 1.5099 1.5804 3.9133 7.2559 1.4477 45.4441 4.9348 0.0610
Car -1 -1 1.4047 171.3272 186.6337 215.1328 213.8438 1.4903 1.6287 4.2862 -25.3600 2.3700 43.8913 0.8831 0.0608
Car -1 -1 4.6935 213.1714 181.9736 234.7310 199.9351 1.4576 1.5847 3.7464 -33.4892 2.2747 62.6289 4.2040 0.0603
Car -1 -1 2.1871 234.2602 184.0707 302.3662 211.1207 1.5138 1.6623 4.1958 -20.9204 2.2388 44.4259 1.7490 0.0600
Car -1 -1 4.7706 82.2440 178.9070 114.8540 202.2935 1.5055 1.5956 3.8548 -35.0618 1.9386 49.5724 4.1573 0.0598
Car -1 -1 -0.4394 687.9256 180.4328 794.8207 218.4583 1.4629 1.6403 3.9948 5.3853 1.7875 29.5902 -0.2617 0.0593
Car -1 -1 1.5480 579.0879 187.2494 650.6749 260.0895 1.4836 1.5383 3.9590 0.0761 1.8721 17.4791 1.5511 0.0571
Car -1 -1 0.2297 232.4788 152.8136 552.1869 282.5698 1.5959 1.6666 3.8537 -2.7437 1.3494 9.7796 -0.0377 0.0564
Car -1 -1 3.0443 654.0916 167.0590 739.8605 204.0096 1.7803 1.7628 4.0551 4.2687 1.5011 35.6865 3.1619 0.0560
Car -1 -1 2.3285 741.9064 172.5340 808.9836 198.3470 1.5009 1.6378 4.0409 10.0802 1.4823 43.7559 2.5531 0.0556
Car -1 -1 4.9188 586.9424 181.5144 673.3484 242.7108 1.4524 1.5792 3.9822 0.6709 1.7161 19.8464 4.9512 0.0552
Car -1 -1 1.1522 803.0335 190.6571 1139.6630 375.0000 1.4883 1.6202 3.6676 3.3411 1.7191 7.5105 1.5550 0.0549
Car -1 -1 5.1117 146.6985 186.8891 211.1196 217.2240 1.5416 1.6675 4.0489 -24.2241 2.3753 40.7450 4.5779 0.0548
Car -1 -1 1.8168 709.2079 176.9327 752.9927 203.8865 1.4788 1.6508 3.8296 7.1692 1.7298 42.3040 1.9830 0.0542
Car -1 -1 1.1496 878.8156 205.9850 1208.2590 375.0000 1.4926 1.6322 4.0218 4.6072 1.9747 8.4410 1.6331 0.0541
Car -1 -1 2.1194 4.3762 170.8519 81.4615 199.9876 1.5380 1.6159 3.7889 -31.3550 1.4323 40.0605 1.4584 0.0540
Car -1 -1 4.7177 192.0883 175.3899 213.5225 193.5646 1.5297 1.5967 3.9013 -35.7235 1.7600 63.4083 4.2062 0.0530
Car -1 -1 4.9108 465.4189 157.0724 500.7250 181.2866 1.6396 1.7178 3.8518 -8.8598 0.5710 50.8058 4.7388 0.0529
Car -1 -1 3.8810 2.3136 191.5353 115.4717 225.3982 1.4640 1.6505 4.1272 -25.3821 2.3530 33.3231 3.2337 0.0528
Car -1 -1 -0.3723 557.8164 178.2558 603.6945 195.2996 1.4829 1.5968 3.8252 -2.6027 1.9825 65.2265 -0.4124 0.0517
Car -1 -1 2.7959 738.7534 190.6465 1069.6809 333.4554 1.5494 1.6271 3.4055 3.4305 1.7886 8.8677 3.1526 0.0513
Car -1 -1 3.5536 420.7614 156.6045 490.0784 180.7324 1.6464 1.6863 4.4419 -10.7717 0.5376 50.5080 3.3444 0.0512