Car -1 -1 5.1150 26.9228 195.7307 272.3642 320.6879 1.3908 1.6032 3.4672 -6.1371 1.5656 10.1310 4.5818 0.9752
Car -1 -1 4.5436 579.1978 180.8159 675.0355 256.3234 1.6234 1.6811 3.8419 0.3661 1.5288 17.4793 4.5636 0.9494
Car -1 -1 4.7612 479.0015 184.3271 530.6263 230.1962 1.5777 1.7055 3.5868 -3.7197 1.5471 26.5872 4.6231 0.9414
Car -1 -1 4.9900 247.4177 190.3080 373.8169 260.2795 1.3864 1.6084 4.0393 -6.6800 1.5190 16.6365 4.6134 0.9391
Car -1 -1 4.8603 331.1713 183.3165 401.1525 229.6119 1.4537 1.6416 4.3624 -8.2242 1.3941 24.8603 4.5437 0.8718
Car -1 -1 5.2167 0.0000 160.7648 193.7399 244.0237 1.5431 1.7492 4.5861 -11.0286 1.0899 15.6919 4.6122 0.7533
Car -1 -1 4.7438 396.7923 180.3087 431.9128 210.5620 1.4592 1.6024 3.8746 -9.8057 1.2226 36.7414 4.4845 0.6977
Car -1 -1 4.9527 225.5285 183.2265 307.6956 228.2844 1.4411 1.6294 4.1622 -11.8090 1.3775 25.1903 4.5182 0.6156
Car -1 -1 4.9570 287.4360 165.9858 343.2253 199.4820 1.5180 1.6173 3.7147 -13.9429 0.6465 34.5278 4.5757 0.5747
Car -1 -1 4.6698 441.6400 177.9198 462.4433 196.1628 1.4863 1.5650 3.4490 -13.0645 0.8919 60.4328 4.4575 0.4159
Car -1 -1 4.7070 376.4022 180.4037 398.5131 199.7141 1.5238 1.6759 4.0683 -18.0150 1.1441 58.9158 4.4111 0.3838
Car -1 -1 4.6300 529.2479 182.9941 554.1294 201.2800 1.4238 1.6596 4.2527 -5.3379 1.2508 58.2092 4.5385 0.3419
Car -1 -1 1.1702 641.0648 176.7829 694.8800 206.9854 1.4556 1.4698 3.5014 3.0356 1.0491 36.5368 1.2520 0.3221
Car -1 -1 1.4956 417.9128 180.2440 448.5024 204.7849 1.4896 1.6044 3.8918 -11.1025 1.1878 45.7311 1.2584 0.3194
Car -1 -1 4.7351 645.7296 172.9825 673.4712 199.1698 1.4844 1.5584 3.7585 3.1470 0.7909 42.6912 4.8078 0.2825
Car -1 -1 1.7111 134.0426 171.1126 201.7472 210.9601 1.4515 1.6725 4.3423 -17.3133 0.9378 28.5102 1.1694 0.2455
Car -1 -1 2.3721 241.7922 172.6686 312.0270 199.3135 1.4836 1.5553 3.6806 -19.2382 0.7850 42.0236 1.9450 0.2020
Car -1 -1 4.9569 8.4545 160.1955 112.8855 212.7516 1.4171 1.5768 3.7751 -16.1423 0.7424 21.4279 4.3174 0.1657
Car -1 -1 1.6852 457.6096 182.1651 503.3434 216.5144 1.5174 1.6514 4.1135 -5.9014 1.3827 33.8574 1.5136 0.1608
Car -1 -1 0.1843 222.6237 183.6667 366.2126 229.3370 1.4587 1.6235 4.2010 -10.4081 1.4092 24.2073 -0.2181 0.1527
Car -1 -1 4.7816 472.9656 179.1359 512.8772 211.5877 1.5097 1.6650 4.0036 -5.5870 1.2268 35.5075 4.6263 0.1488
Car -1 -1 3.4646 245.1898 168.1193 335.5144 201.4368 1.4951 1.5999 3.4892 -14.5774 0.7279 33.2090 3.0538 0.1414
Car -1 -1 3.7724 0.0000 166.6279 128.3090 248.0789 1.5008 1.6496 3.9832 -12.0227 1.1583 14.1933 3.0790 0.1340
Car -1 -1 0.3077 451.8929 181.6996 543.2282 214.4957 1.5339 1.6495 4.0557 -5.2689 1.3694 34.7546 0.1580 0.1273
Car -1 -1 1.5737 149.4418 169.6422 197.7099 207.3550 1.4496 1.6123 4.2402 -17.9825 0.8510 29.8654 1.0355 0.1247
Car -1 -1 3.1659 357.8852 180.4638 408.4447 199.3739 1.4821 1.5828 3.8195 -17.9186 1.1097 57.6245 2.8653 0.1138
Car -1 -1 0.2395 399.6176 179.7555 463.9890 205.0017 1.5440 1.5997 3.6171 -10.8869 1.2101 44.7673 0.0019 0.1130
Car -1 -1 1.4254 578.0698 181.5783 611.5684 206.9946 1.5453 1.5998 3.7359 -0.8262 1.3242 45.6805 1.4070 0.1073
Car -1 -1 3.3283 353.9269 182.6223 438.1339 213.3759 1.4765 1.5822 3.7567 -10.3658 1.3520 35.4810 3.0457 0.1044
Car -1 -1 0.0590 461.8269 159.2815 519.9381 182.2568 1.5608 1.6530 3.9065 -8.0675 -0.2105 50.1153 -0.0999 0.0945
Car -1 -1 1.5074 530.0334 177.4305 555.5523 199.9886 1.6705 1.6915 4.2750 -5.0051 1.0940 55.4757 1.4174 0.0929
Car -1 -1 1.7683 409.8750 180.1215 448.4807 205.6941 1.5187 1.6040 3.8030 -10.9990 1.2162 44.6258 1.5277 0.0872
Car -1 -1 4.4216 665.5493 185.7768 779.9703 256.3361 1.5424 1.7056 3.9459 2.7192 1.5580 17.8213 4.5702 0.0849
Car -1 -1 1.8808 577.8199 177.3817 609.2980 195.7630 1.5007 1.5888 3.7510 -1.1172 0.8611 60.7153 1.8621 0.0840
Car -1 -1 2.9681 384.3076 181.3692 450.7406 206.6496 1.4993 1.6071 3.7239 -11.6444 1.2712 44.1412 2.7113 0.0840
Car -1 -1 3.4003 136.2569 180.5327 289.1025 227.6150 1.4820 1.6307 4.1732 -12.9834 1.3346 23.9049 2.9072 0.0840
Car -1 -1 1.3770 580.8851 183.5342 619.4040 208.8897 1.4650 1.5913 4.0109 -0.4763 1.3679 43.6600 1.3657 0.0780
Car -1 -1 1.8385 373.1776 180.4832 406.0409 199.3648 1.4698 1.5557 3.8887 -17.4869 1.1014 57.9216 1.5462 0.0780
Car -1 -1 1.0347 585.3119 173.3640 627.6208 197.8983 1.9202 1.5818 4.0624 -0.0984 0.9926 58.4127 1.0326 0.0778
Car -1 -1 2.6919 431.9200 179.7926 521.2095 213.3220 1.5381 1.6317 3.9330 -6.2913 1.2893 34.7905 2.5139 0.0775
Car -1 -1 1.7977 0.0000 154.4331 85.3310 216.2323 1.5325 1.5704 3.8239 -15.8369 0.7692 19.8907 1.1319 0.0751
Car -1 -1 5.4935 31.5998 154.3487 184.1300 206.0092 1.4513 1.5544 3.9152 -15.2745 0.5841 22.2619 4.8979 0.0721
Car -1 -1 5.2089 3.8935 161.4704 135.0139 212.4509 1.4523 1.5702 3.9501 -16.6733 0.7758 22.5405 4.5777 0.0696
Car -1 -1 3.1467 523.4565 184.1264 578.1333 202.8591 1.4610 1.6961 4.2632 -4.4668 1.3761 57.0671 3.0685 0.0672
Car -1 -1 1.6379 496.4292 192.6834 540.6441 229.2569 1.4420 1.6331 3.9384 -3.7827 1.7867 31.1725 1.5177 0.0665
Car -1 -1 1.7394 0.0000 218.3509 43.8543 356.4936 1.4384 1.6295 4.0905 -9.6907 2.0312 10.6923 1.0151 0.0663
Car -1 -1 1.7301 352.4587 187.0249 415.5669 229.5708 1.5067 1.6798 4.1011 -8.5320 1.5820 27.7846 1.4345 0.0661
Car -1 -1 4.6429 479.3031 159.1413 506.6059 182.9850 1.6093 1.6540 3.7382 -8.1203 -0.1642 50.9023 4.4853 0.0654
Car -1 -1 4.5623 457.7537 178.0876 501.6522 209.1949 1.4739 1.6269 3.7501 -6.4483 1.1362 36.0980 4.3864 0.0642
Car -1 -1 0.5174 0.0000 158.3857 173.7332 208.7766 1.4233 1.5750 3.9526 -15.3139 0.6655 21.2852 -0.1002 0.0640
Car -1 -1 -0.8077 318.7621 195.6727 628.6360 343.6730 1.4662 1.5564 4.1602 -1.5072 1.6368 9.5759 -0.9601 0.0599
Car -1 -1 4.8089 578.2356 188.2658 616.1667 217.6063 1.4642 1.6528 3.8533 -0.4832 1.6350 38.2753 4.7958 0.0593
Car -1 -1 1.7726 516.5410 177.3552 548.8705 199.8002 1.6243 1.6415 4.0385 -5.5638 1.0555 54.1134 1.6702 0.0591
Car -1 -1 4.7343 536.3979 182.6717 558.2303 201.6834 1.4555 1.6379 4.0711 -4.7260 1.2608 57.1166 4.6517 0.0587
Car -1 -1 1.5392 649.2042 174.1052 682.1789 203.3560 1.4605 1.5990 4.0835 3.0423 0.9058 37.9701 1.6182 0.0582
Car -1 -1 1.6520 644.3789 170.5734 679.3904 199.7928 1.5286 1.6017 4.1164 3.0719 0.7626 39.7656 1.7282 0.0578
Car -1 -1 3.3582 653.9864 175.9282 719.7228 202.7534 1.4866 1.6038 3.4779 4.5699 0.9719 41.1549 3.4676 0.0566
Car -1 -1 1.2553 532.1967 177.9346 569.2154 199.7312 1.5717 1.6251 3.9431 -4.2796 1.0467 53.9687 1.1762 0.0562
Car -1 -1 4.6226 577.0844 188.9545 651.6139 251.4379 1.5584 1.7156 4.2404 0.0972 1.6758 20.3767 4.6267 0.0560
Car -1 -1 3.7666 265.7505 166.4075 360.2880 199.4667 1.5319 1.6333 4.0156 -14.1305 0.6604 34.5808 3.3813 0.0553
Car -1 -1 5.2204 429.0385 179.4898 484.2291 204.0811 1.4921 1.6593 4.0847 -9.5303 1.1447 45.8151 5.0161 0.0547
Car -1 -1 4.9392 389.9667 185.5237 458.0696 227.4900 1.4988 1.6657 4.0210 -6.9696 1.5115 27.7279 4.6949 0.0538
Car -1 -1 3.1229 253.1265 173.9489 340.7075 205.1257 1.4705 1.6027 3.8822 -15.2584 0.9391 35.4325 2.7188 0.0538
Car -1 -1 1.5020 441.5678 176.7832 463.5412 195.2135 1.4613 1.5035 3.8658 -12.7301 0.7927 59.0603 1.2903 0.0533
Car -1 -1 -0.1288 515.4016 193.9800 596.8591 227.1153 1.4495 1.6577 3.5720 -2.3865 1.8689 33.2325 -0.2005 0.0529
Car -1 -1 1.9433 146.0103 169.6915 223.3287 206.2284 1.4704 1.5431 3.8880 -18.0924 0.8456 30.9679 1.4182 0.0523
Car -1 -1 2.8153 210.6287 168.7292 294.9522 198.8623 1.6318 1.6647 3.9830 -20.1273 0.7390 40.9219 2.3606 0.0522