Car -1 -1 2.2012 0.0000 194.0588 196.7314 332.9011 1.5886 1.6558 4.0777 -8.2365 1.9696 10.9218 1.5665 0.9745
Car -1 -1 1.9113 280.1382 187.6832 378.2352 245.7872 1.5551 1.6126 3.7961 -8.4976 2.0508 22.2036 1.5493 0.9629
Car -1 -1 4.7617 570.2863 185.0878 609.9065 223.8141 1.6251 1.6399 4.5009 -0.8554 2.2397 33.9813 4.7360 0.9113
Car -1 -1 1.7270 402.7341 189.7549 448.8246 223.1805 1.4417 1.6076 3.6127 -8.8259 2.3027 34.8858 1.4805 0.7742
Car -1 -1 5.2050 0.0000 182.1487 56.1303 224.1281 1.8224 1.7027 3.8767 -28.3574 2.2909 34.3043 4.5179 0.3490
Car -1 -1 2.1723 138.6429 191.2765 204.2457 217.3342 1.5495 1.7888 3.9419 -28.9260 2.8210 47.7819 1.6302 0.3077
Car -1 -1 1.7002 293.5622 180.2460 322.0223 200.9430 1.5613 1.6194 3.8501 -24.2076 2.1765 57.9789 1.3060 0.2515
Car -1 -1 0.5598 0.0000 179.2448 104.2293 216.1006 1.4692 1.5677 3.5684 -23.4120 1.7438 30.0484 -0.0980 0.2361
Car -1 -1 2.0626 39.2530 178.2503 127.2774 215.2323 1.4679 1.4934 3.6729 -22.5801 1.7149 31.1173 1.4388 0.1981
Car -1 -1 1.7740 270.8281 193.2093 307.0073 215.9026 1.5034 1.6746 4.0529 -23.8665 3.0828 53.8283 1.3581 0.1871
Car -1 -1 1.7224 276.5966 194.9954 313.8851 219.9638 1.4659 1.6804 4.1605 -21.0855 3.0236 48.5350 1.3142 0.1285
Car -1 -1 0.8181 248.0990 195.2263 303.7147 217.6942 1.5062 1.7051 3.5817 -24.3892 3.1873 52.7522 0.3866 0.1213
Car -1 -1 1.9724 234.1717 180.6649 385.2112 255.2734 1.5017 1.7022 4.3501 -6.9134 1.7115 17.1775 1.5946 0.1146
Car -1 -1 1.3781 284.0656 197.5738 330.6286 227.1112 1.4473 1.7462 3.7626 -17.1380 2.9165 40.8341 0.9826 0.1037
Car -1 -1 2.0051 161.3746 196.5041 223.1530 223.6905 1.4846 1.7273 4.2449 -26.1632 3.0445 45.4002 1.4846 0.1017
Car -1 -1 1.9152 272.8313 186.1362 306.1830 208.8152 1.9525 1.6225 3.7602 -29.3711 3.2088 66.3161 1.4995 0.0991
Car -1 -1 1.8734 251.4088 194.2920 298.9392 220.6185 1.4701 1.6728 3.7204 -20.9864 2.8777 45.4232 1.4425 0.0912
Car -1 -1 1.8013 400.1107 185.7029 461.2656 227.3513 1.4774 1.5483 3.6189 -6.9960 2.0178 28.5310 1.5624 0.0877
Car -1 -1 2.0865 76.2108 188.8790 140.6137 215.3104 1.3847 1.6921 3.1606 -28.7129 2.3418 41.4460 1.4835 0.0867
Car -1 -1 1.7337 268.2200 197.4250 319.8911 231.1659 1.4695 1.7377 4.3432 -16.1473 2.8124 37.1177 1.3256 0.0848
Car -1 -1 1.1619 246.5576 194.7290 297.5798 219.6136 1.4573 1.7088 3.7041 -22.1957 2.9513 47.4087 0.7259 0.0824
Car -1 -1 1.9087 233.4028 200.1021 295.8812 234.7893 1.4340 1.6976 3.1769 -16.2368 2.7854 34.1170 1.4671 0.0813
Car -1 -1 2.9548 190.5778 198.7678 296.5780 234.4195 1.4700 1.7735 4.2921 -17.5448 2.7875 34.6764 2.4891 0.0790
Car -1 -1 1.6126 402.5956 185.9967 444.6621 225.9109 1.6452 1.7009 4.1101 -8.5345 2.2928 33.3670 1.3635 0.0783
Car -1 -1 5.3587 0.0000 199.3120 182.5707 375.0000 1.5014 1.6488 4.1500 -6.8334 1.8782 8.1730 4.6782 0.0772
Car -1 -1 1.9874 312.2197 183.2297 359.0415 206.6375 1.6022 1.6794 4.1956 -20.2171 2.4013 53.4274 1.6270 0.0766
Car -1 -1 3.8778 0.0000 182.0995 60.4786 220.4597 1.7546 1.7199 3.7923 -28.7013 2.2075 34.4017 3.1862 0.0745
Car -1 -1 2.1061 0.0000 186.0003 103.4444 227.7519 1.4785 1.5968 3.9159 -22.2460 2.0417 28.8722 1.4539 0.0660
Car -1 -1 1.9003 203.1478 178.2480 349.4162 259.8739 1.4791 1.5974 3.8933 -6.8856 1.6088 15.3479 1.4846 0.0648
Car -1 -1 4.2659 257.9912 186.8011 296.7315 204.4093 1.5150 1.7242 3.9817 -30.9018 2.8491 67.0835 3.8354 0.0642
Car -1 -1 0.8366 266.8829 181.3996 320.1631 201.9090 1.5381 1.6430 3.9348 -24.9562 2.2313 56.9717 0.4251 0.0639
Car -1 -1 2.4120 301.2888 190.3821 369.0988 216.1705 1.5120 1.7476 4.0261 -17.9854 2.7183 47.4693 2.0513 0.0634
Car -1 -1 1.5421 346.2903 180.0149 368.7986 200.7530 1.5387 1.5724 4.0222 -19.9989 2.1277 57.1870 1.2068 0.0627
Car -1 -1 1.6142 251.5609 194.8097 292.6580 227.9970 1.4730 1.7292 4.3013 -17.4298 2.6819 37.4096 1.1805 0.0590
Car -1 -1 1.4210 0.0000 194.9529 8.9005 239.3257 1.4675 1.6421 4.0236 -24.5738 2.3750 27.7037 0.7001 0.0583
Car -1 -1 1.1604 133.3955 199.0236 201.9144 229.7382 1.4337 1.7067 3.9363 -23.6795 2.9012 38.6299 0.6133 0.0572
Car -1 -1 1.4107 277.4445 199.9906 327.3352 235.2603 1.4711 1.7224 3.2161 -14.8100 2.8452 34.7153 1.0098 0.0571
Car -1 -1 1.6834 295.7154 179.1714 323.4648 199.6612 1.5187 1.5810 3.9291 -23.6084 2.0352 56.8845 1.2914 0.0566
Car -1 -1 1.5988 175.8180 199.0033 214.0000 230.0970 1.4478 1.6845 4.1325 -22.6697 2.9616 39.5501 1.0809 0.0547
Car -1 -1 3.5615 28.0251 180.8814 148.8692 218.8993 1.5124 1.5785 3.8074 -21.8160 1.8627 30.3401 2.9421 0.0535
Car -1 -1 1.3153 398.5370 187.4155 461.5842 226.8838 1.4908 1.6570 4.0683 -7.7842 2.1614 31.0464 1.0712 0.0519
Car -1 -1 0.4151 384.6161 190.3062 473.7000 222.9214 1.4635 1.6034 3.8344 -8.6451 2.3296 34.6911 0.1721 0.0514