Car -1 -1 4.9784 321.3134 182.5498 446.5361 259.3569 1.4787 1.6095 3.9200 -4.7402 1.4274 15.8163 4.6915 0.9731
Car -1 -1 4.8758 440.4338 182.5224 503.9037 225.7603 1.4067 1.5990 3.6661 -4.6583 1.3191 25.2343 4.6948 0.9668
Car -1 -1 5.2121 74.6850 178.8464 264.9521 256.9909 1.3508 1.5994 3.7119 -8.4534 1.2407 14.3018 4.6864 0.9253
Car -1 -1 5.1968 184.2206 176.6759 292.8582 224.0804 1.4681 1.6275 3.8446 -12.2665 1.2036 24.2000 4.7319 0.8778
Car -1 -1 5.3350 0.0000 208.8484 298.9410 376.0000 1.4079 1.6301 3.6065 -4.2555 1.6688 6.1065 4.7465 0.8635
Car -1 -1 4.7042 574.8438 175.1437 608.5671 206.3290 1.4881 1.6100 3.7888 -0.7966 1.0075 36.2204 4.6820 0.8520
Car -1 -1 5.1441 283.3357 179.4126 390.5768 227.1196 1.3968 1.6309 4.1252 -8.5613 1.2269 23.1687 4.7937 0.6607
Car -1 -1 4.8470 462.7812 178.3799 507.9756 212.7225 1.5064 1.5967 3.5402 -5.5910 1.2066 33.3264 4.6817 0.6427
Car -1 -1 4.8633 440.3953 174.8733 477.1721 201.5349 1.5654 1.6279 3.9900 -9.0815 0.9582 44.2406 4.6617 0.4984
Car -1 -1 4.8904 424.8986 177.5832 454.7013 198.1494 1.5517 1.5983 3.9094 -13.0522 0.9758 56.2288 4.6631 0.3624
Car -1 -1 4.8985 383.3570 177.7611 431.7248 211.6985 1.4760 1.5158 3.4740 -9.1210 1.1518 33.0577 4.6310 0.3543
Car -1 -1 3.3968 455.0988 169.0505 508.6264 187.4965 1.4611 1.6102 3.9694 -10.0723 0.1807 57.9079 3.2251 0.3492
Car -1 -1 1.4060 358.2917 178.4520 397.8396 204.8678 1.4490 1.5584 3.9134 -13.2746 1.0780 41.5277 1.0981 0.2630
Car -1 -1 1.6720 567.5151 173.6293 588.9880 189.6698 1.4529 1.6021 4.0620 -2.6754 0.4034 67.1874 1.6320 0.2628
Car -1 -1 2.3144 0.0000 179.2059 83.8144 210.8315 1.5471 1.6110 3.8357 -29.3412 1.2531 37.1419 1.6491 0.1457
Car -1 -1 1.8939 358.8177 180.6653 430.0340 220.3122 1.5825 1.6679 4.1846 -9.0192 1.4008 30.8167 1.6111 0.1435
Car -1 -1 2.1376 213.2402 164.1156 295.4071 203.1176 1.7555 1.6065 4.0338 -16.8025 0.8058 34.4521 1.6868 0.1402
Car -1 -1 4.8367 475.2289 169.5614 502.3905 188.7269 1.5215 1.6880 4.2657 -9.7134 0.2787 59.2307 4.6746 0.1314
Car -1 -1 3.6189 225.1058 181.9145 368.5906 230.3913 1.4196 1.6216 3.7023 -9.4314 1.3229 22.0003 3.2181 0.1302
Car -1 -1 3.4909 275.1086 178.2900 431.4949 228.5953 1.4811 1.6688 4.2017 -7.6953 1.2772 22.0342 3.1585 0.1251
Car -1 -1 4.2584 8.7757 184.9586 83.5332 213.0847 1.4501 1.6115 3.9426 -30.1768 1.4369 38.6556 3.5986 0.1117
Car -1 -1 1.6605 243.3885 202.7686 326.0790 270.0117 1.4386 1.5767 3.5800 -8.1162 1.9340 18.3431 1.2488 0.1097
Car -1 -1 0.5798 0.0000 184.9803 86.9768 267.1763 1.4771 1.6155 3.9564 -12.7671 1.4728 14.0118 -0.1498 0.0972
Car -1 -1 4.5956 240.9815 171.2671 284.3729 202.3210 1.4833 1.5550 3.7858 -17.4583 0.8171 36.3531 4.1506 0.0971
Car -1 -1 5.1055 370.9276 179.1039 424.2463 206.6089 1.5137 1.5763 3.9072 -12.0583 1.1773 41.5904 4.8247 0.0914
Car -1 -1 1.7520 563.8020 173.1922 590.4979 190.3009 1.5053 1.6517 4.4778 -2.7017 0.4474 65.5804 1.7107 0.0902
Car -1 -1 4.8698 503.9045 168.8092 543.1128 198.2258 1.5900 1.6567 3.5888 -4.6880 0.7032 40.6822 4.7555 0.0897
Car -1 -1 0.3155 266.7931 178.9027 422.9167 225.7023 1.4348 1.6434 4.3813 -8.2689 1.2413 22.9206 -0.0272 0.0878
Car -1 -1 2.2401 0.0000 195.8970 56.0312 292.1377 1.4394 1.6186 3.5900 -12.0727 1.6601 13.0074 1.5020 0.0842
Car -1 -1 0.1358 343.5651 179.5353 437.2677 214.3223 1.5096 1.6426 3.8395 -9.6683 1.2631 32.2998 -0.1531 0.0819
Car -1 -1 4.9435 0.0000 182.0409 103.7152 261.0769 1.4582 1.5890 3.7126 -12.0672 1.3996 15.2814 4.2835 0.0816
Car -1 -1 1.8788 68.1536 177.5926 134.4338 208.0763 1.4758 1.5641 4.2411 -25.9761 1.1067 37.0586 1.2706 0.0786
Car -1 -1 0.3537 395.1411 178.1061 451.5394 198.3964 1.5251 1.6057 3.8660 -14.0517 0.9907 55.0329 0.1045 0.0759
Car -1 -1 1.6085 359.1766 177.8347 394.5696 208.0892 1.5347 1.6481 4.0740 -12.3288 1.1603 38.6473 1.3013 0.0705
Car -1 -1 5.1680 398.1491 176.8451 468.4243 211.0941 1.4870 1.5612 3.9850 -7.9759 1.1236 33.3268 4.9346 0.0674
Car -1 -1 2.4242 26.6880 172.0119 167.6210 219.9424 1.4643 1.5467 3.7172 -16.8362 1.0609 23.9522 1.8166 0.0672
Car -1 -1 3.4006 470.1479 168.3298 543.4561 196.8656 1.5424 1.6478 3.7312 -5.5418 0.6297 39.8984 3.2633 0.0651
Car -1 -1 1.8268 383.7086 180.1458 443.8726 216.5572 1.5221 1.6105 4.0236 -8.5426 1.3102 32.0651 1.5682 0.0647
Car -1 -1 1.6780 455.7713 181.1909 510.2403 224.0411 1.5322 1.6372 4.0157 -4.7176 1.3883 27.7580 1.5109 0.0645
Car -1 -1 0.1361 440.1897 175.2731 508.1903 200.8780 1.5055 1.5817 3.8321 -7.9409 0.9209 43.1431 -0.0452 0.0612
Car -1 -1 3.6001 403.4309 175.0913 473.9747 200.7467 1.4968 1.5931 3.8115 -10.0966 0.9061 43.1482 3.3713 0.0593
Car -1 -1 3.1473 0.0000 182.8402 10.1977 282.5093 1.4870 1.6056 3.9206 -13.1669 1.4516 12.6810 2.3536 0.0591
Car -1 -1 5.0477 315.0552 179.5840 413.1213 229.6239 1.4521 1.6601 4.1619 -7.6222 1.2886 22.9554 4.7303 0.0588
Car -1 -1 4.8775 437.1180 177.0604 466.6537 197.2478 1.5240 1.6176 4.0223 -12.1245 0.9083 56.3143 4.6660 0.0588
Car -1 -1 4.3660 494.2811 182.9075 569.5690 223.4579 1.4689 1.6786 3.9819 -3.0270 1.3853 28.1982 4.2596 0.0588
Car -1 -1 3.3891 0.0000 180.5638 100.7613 231.3694 1.4704 1.5840 3.6228 -18.0511 1.3358 22.2774 2.7138 0.0587
Car -1 -1 4.3817 62.5988 169.3679 155.5912 217.1584 1.5775 1.5787 3.7864 -17.6940 1.0544 25.4900 3.7797 0.0583
Car -1 -1 1.9549 0.0000 189.6138 33.8223 293.1253 1.4242 1.6197 3.8469 -11.4375 1.5114 12.1536 1.2108 0.0580
Car -1 -1 3.2347 406.5824 180.0137 504.8775 215.0019 1.5191 1.5980 4.1789 -6.7222 1.2933 32.2371 3.0304 0.0576
Car -1 -1 1.6767 105.8768 180.4151 151.0464 209.2103 1.4746 1.5929 4.1694 -25.9235 1.2288 39.0310 1.0934 0.0573
Car -1 -1 1.5794 363.9760 179.8936 395.9090 208.9198 1.5276 1.6124 4.3292 -12.6586 1.2475 40.1369 1.2754 0.0556
Car -1 -1 5.2982 76.5546 164.6728 188.7514 210.7618 1.5296 1.5070 3.7581 -16.8484 0.8478 25.7438 4.7234 0.0551
Car -1 -1 1.7203 453.0805 177.7314 502.9746 215.0035 1.5381 1.5726 4.0136 -5.6240 1.2293 31.6912 1.5458 0.0537
Car -1 -1 2.1092 16.0298 175.5781 103.6944 207.1243 1.5223 1.6133 4.2481 -27.9523 1.0573 36.8882 1.4641 0.0531
Car -1 -1 1.3341 392.4913 182.5256 453.7302 221.5476 1.5482 1.6537 3.9288 -7.9046 1.4415 30.6438 1.0834 0.0528
Car -1 -1 3.2067 420.4020 178.2277 473.5544 197.9679 1.4821 1.5786 3.8763 -12.2287 0.9574 55.0464 2.9888 0.0528
Car -1 -1 1.8105 558.3401 172.5401 587.4802 191.2450 1.6070 1.6505 4.1469 -3.0119 0.5180 63.9520 1.7633 0.0528
Car -1 -1 4.7499 465.5594 169.1480 487.8455 187.4053 1.4366 1.6341 4.0876 -10.6228 0.1723 58.7025 4.5714 0.0521
Car -1 -1 -0.7063 436.5217 175.7457 505.8477 201.1637 1.5365 1.6395 4.2816 -8.5787 0.9640 45.6347 -0.8914 0.0518
Car -1 -1 2.3018 180.4627 169.9254 275.8268 206.0407 1.5364 1.5752 3.9745 -17.1288 0.8859 32.7018 1.8225 0.0518
Car -1 -1 1.8351 335.6279 177.7852 387.8076 207.3903 1.5208 1.6260 4.2192 -13.2675 1.1391 39.0820 1.5096 0.0505