Car -1 -1 1.8876 181.7493 194.9536 366.6935 303.7174 1.4783 1.7023 4.0768 -5.6661 1.9341 12.7731 1.4771 0.9675
Car -1 -1 4.5545 597.0717 184.1631 663.7943 237.0244 1.5201 1.6136 3.5300 0.6010 1.9159 23.3994 4.5790 0.9576
Car -1 -1 4.8170 401.5249 189.1634 451.4441 229.6201 1.4211 1.5455 3.6543 -7.2432 2.1156 28.8085 4.5723 0.8995
Car -1 -1 5.1933 0.0000 211.0089 269.2680 375.0000 1.3591 1.5718 3.3581 -4.9371 1.8422 7.3919 4.6204 0.8669
Car -1 -1 4.0909 854.0946 191.1840 1242.0000 375.0000 1.3608 1.5723 3.4769 2.8919 1.5137 4.2401 4.6569 0.8151
Car -1 -1 4.5999 571.3282 184.5248 611.3165 217.7659 1.4120 1.4952 3.3070 -0.8921 1.9839 33.6136 4.5729 0.8129
Car -1 -1 4.3785 675.9579 175.9664 855.1252 292.0090 1.5086 1.5831 3.6804 2.2567 1.5662 11.4191 4.5676 0.6219
Car -1 -1 4.8998 424.0486 186.7990 468.8388 219.4467 1.5466 1.6052 3.7411 -8.4629 2.3118 37.6955 4.6799 0.5709
Car -1 -1 -0.3444 715.5231 177.0735 845.6653 224.4195 1.4456 1.4751 3.7875 5.4423 1.5866 23.1540 -0.1170 0.5600
Car -1 -1 4.9322 308.7303 189.4777 376.0847 231.9777 1.5711 1.7611 4.3597 -11.2708 2.3314 30.7277 4.5829 0.2451
Car -1 -1 0.2275 236.7883 185.1962 358.7551 228.7636 1.4915 1.5994 3.8391 -11.3372 1.9632 26.4556 -0.1741 0.2058
Car -1 -1 1.5868 589.0825 176.6284 609.1818 195.1240 1.4428 1.5824 4.1731 -0.8269 1.7636 59.2272 1.5725 0.1855
Car -1 -1 4.8791 442.6678 186.9986 484.9683 219.5921 1.5493 1.5810 3.6263 -7.5667 2.3249 37.7278 4.6820 0.1777
Car -1 -1 1.6524 566.3734 178.5889 586.9250 195.4727 1.5017 1.6195 3.6922 -3.0448 2.0516 67.3218 1.6070 0.1568
Car -1 -1 4.5549 387.1746 183.8222 427.0018 214.0071 1.4624 1.5485 3.1254 -10.6841 2.0660 37.9666 4.2819 0.1417
Car -1 -1 5.3148 198.7755 199.6536 562.4230 375.0000 1.4505 1.6198 3.7382 -1.9811 1.8015 7.4184 5.0611 0.1342
Car -1 -1 1.5483 407.8832 183.5074 430.9519 205.4156 1.4509 1.5187 3.9244 -13.7083 2.2484 51.9177 1.2910 0.1123
Car -1 -1 1.7187 555.6198 184.4855 588.8569 209.6525 1.5010 1.6242 3.6609 -2.3748 2.2842 46.6893 1.6676 0.1097
Car -1 -1 4.9104 284.0410 184.5965 348.2261 229.8335 1.5374 1.5967 3.3798 -11.0078 2.0105 27.2661 4.5297 0.1035
Car -1 -1 4.4599 631.2009 176.0605 667.4814 201.0463 1.5035 1.5092 3.3045 2.4794 1.7142 45.6407 4.5134 0.0965
Car -1 -1 -0.0825 168.9975 207.0976 696.1497 375.0000 1.4509 1.6289 4.0224 -1.4116 1.8210 6.4415 -0.2917 0.0926
Car -1 -1 4.5380 400.3906 186.5319 443.9901 218.5555 1.5038 1.6168 3.4369 -9.7503 2.2489 37.4045 4.2843 0.0820
Car -1 -1 3.5937 400.0396 187.3917 480.5349 219.1988 1.5476 1.6098 3.7345 -8.7536 2.3254 37.4016 3.3648 0.0803
Car -1 -1 1.6813 410.8801 182.8604 440.8503 205.7693 1.4926 1.6083 4.0550 -12.9348 2.2290 50.9797 1.4337 0.0789
Car -1 -1 0.8924 0.0000 197.3921 119.5246 375.0000 1.4729 1.5458 3.6174 -5.1975 1.6458 4.2443 0.0373 0.0763
Car -1 -1 4.3373 763.8905 157.0758 831.7760 192.2484 1.4037 1.4739 3.8693 7.9525 0.7740 30.8067 4.5874 0.0746
Car -1 -1 1.9280 390.6813 182.4613 434.6486 205.9759 1.5075 1.6398 3.9958 -13.5887 2.2009 50.0105 1.6636 0.0703
Car -1 -1 3.0699 386.1918 186.6869 465.0394 219.5451 1.5145 1.6238 3.6793 -9.1224 2.2256 35.7425 2.8213 0.0645
Car -1 -1 -0.4889 705.7629 182.8902 1006.4844 300.9499 1.4867 1.6229 3.7962 3.4617 1.6473 10.4129 -0.1776 0.0642
Car -1 -1 1.6955 408.4102 189.6174 460.8959 229.5612 1.5254 1.7126 4.1279 -7.5578 2.3071 31.5000 1.4613 0.0615
Car -1 -1 -0.1399 436.5867 187.5040 511.9991 219.3560 1.5213 1.5856 3.6168 -6.9475 2.2997 37.0109 -0.3247 0.0612
Car -1 -1 1.4879 417.4617 181.4604 447.4833 204.5634 1.4727 1.6815 4.0984 -12.2695 2.0936 49.8499 1.2474 0.0575
Car -1 -1 4.6394 608.0787 174.8831 636.6651 199.9567 1.5591 1.5834 3.9017 0.8001 1.6974 47.1816 4.6558 0.0568
Car -1 -1 2.0623 415.0399 180.6343 462.6777 202.8799 1.4925 1.6087 4.0782 -12.2704 2.0780 52.1119 1.8318 0.0556
Car -1 -1 5.0233 419.1247 186.3197 471.2686 218.3448 1.4668 1.5740 3.4474 -8.2182 2.1783 36.3381 4.8019 0.0544
Car -1 -1 1.3228 689.1876 190.3043 743.4620 225.6822 1.4683 1.6350 3.7413 4.9363 2.3330 33.8113 1.4658 0.0540
Car -1 -1 4.7243 201.2112 205.5291 407.9666 375.0000 1.4448 1.5977 3.7501 -3.1855 1.8903 7.8009 4.3473 0.0538
Car -1 -1 1.9766 583.6588 175.6454 621.2345 194.8659 1.4778 1.5712 4.0262 -0.5339 1.7116 58.2645 1.9671 0.0530
Car -1 -1 5.2314 312.5466 194.2323 395.6900 232.5537 1.4800 1.6883 4.1321 -11.3944 2.5075 32.4909 4.8962 0.0524
Car -1 -1 -0.1758 573.0891 182.8673 669.6743 217.2176 1.4916 1.6844 4.2099 0.5107 1.9683 33.1828 -0.1613 0.0524
Car -1 -1 1.8556 390.1585 188.9503 442.4989 221.4264 1.4769 1.6205 3.4967 -9.6680 2.3269 36.3347 1.5968 0.0516
Car -1 -1 3.2525 550.0969 184.6359 634.9080 217.1121 1.4421 1.5578 3.8066 -0.7601 2.0073 33.6677 3.2294 0.0508