Car -1 -1 4.7647 451.4929 179.8023 514.9673 234.7837 1.4591 1.6564 4.0758 -3.7242 1.6895 21.8036 4.5969 0.9600
Car -1 -1 4.5679 624.6837 169.2490 695.3492 227.1766 1.6265 1.6453 3.5687 1.4618 1.5253 22.1038 4.6324 0.9544
Car -1 -1 2.0317 0.0000 212.6070 368.7554 375.0000 1.4510 1.5684 3.5770 -3.0036 1.8323 5.0965 1.5206 0.9317
Car -1 -1 1.5655 496.7486 177.1346 531.4408 210.8804 1.5306 1.5909 4.0862 -4.6915 1.7533 35.4006 1.4342 0.5193
Car -1 -1 4.6285 588.4844 174.5744 611.0519 192.4014 1.4881 1.6329 3.9352 -0.8797 1.6424 62.6630 4.6142 0.3881
Car -1 -1 3.2730 438.4895 167.7378 498.3340 189.5350 1.4692 1.5547 3.8594 -9.6513 1.1244 49.5261 3.0813 0.3746
Car -1 -1 4.6732 652.2599 156.9808 680.9918 182.5777 1.4569 1.5522 3.8423 3.3633 0.5534 43.0161 4.7505 0.2445
Car -1 -1 1.4690 522.6666 177.2647 547.3509 197.1067 1.4901 1.5552 3.9060 -5.9377 1.8523 57.1776 1.3656 0.2172
Car -1 -1 4.7350 615.9311 177.7222 651.6965 212.0600 1.4207 1.5063 3.4556 1.1183 1.6494 32.1219 4.7689 0.2038
Car -1 -1 4.7716 280.7837 191.5783 331.1151 235.5872 1.4210 1.5053 3.1300 -11.0868 2.1532 26.4910 4.3784 0.1587
Car -1 -1 1.7258 417.0459 180.4496 463.8647 212.9474 1.4364 1.5900 4.0476 -8.1208 1.8260 34.9375 1.4986 0.1096
Car -1 -1 5.2017 0.0000 188.4227 112.3283 375.0000 1.4358 1.5072 3.5191 -6.5615 1.6311 7.1632 4.4785 0.1001
Car -1 -1 5.0299 619.6628 158.9066 654.7616 182.3831 1.9407 1.7625 4.2805 2.4160 0.7877 61.9607 5.0685 0.0999
Car -1 -1 5.2013 302.0992 185.8582 402.9199 237.5612 1.4553 1.5476 3.5295 -8.1192 1.9054 23.1093 4.8666 0.0922
Car -1 -1 1.6746 586.2759 171.2208 611.8770 192.6326 1.7132 1.6857 4.3398 -0.8343 1.5826 59.9694 1.6604 0.0914
Car -1 -1 4.7267 466.5179 166.8072 491.0118 189.7995 1.5492 1.6286 3.8814 -9.1510 1.1418 50.6643 4.5487 0.0844
Car -1 -1 1.9406 458.4488 182.8614 527.0682 221.5825 1.4124 1.5220 3.6494 -4.6608 1.8453 29.2686 1.7835 0.0787
Car -1 -1 1.7134 478.5964 178.2527 529.3847 214.6252 1.4733 1.6188 4.3406 -4.6115 1.7292 32.0408 1.5712 0.0752
Car -1 -1 4.8133 590.9105 178.4342 634.6788 213.7905 1.4366 1.5614 3.7348 0.1967 1.6981 31.8699 4.8188 0.0715
Car -1 -1 1.1477 610.3357 185.5909 690.2087 229.3664 1.4751 1.5884 3.8789 1.4748 1.9998 27.6285 1.1997 0.0619
Car -1 -1 0.4626 461.6018 176.8555 555.9141 210.0304 1.5526 1.6356 4.3327 -4.9662 1.7581 35.5877 0.3245 0.0576
Car -1 -1 1.5741 589.6700 177.5079 632.8960 219.7103 1.5990 1.6654 4.1291 0.0770 1.8050 29.8635 1.5760 0.0536
Car -1 -1 -0.2413 618.3781 171.9527 719.7796 207.3543 1.4927 1.6340 4.1490 2.5703 1.4547 31.5622 -0.1613 0.0521