Car -1 -1 1.9822 126.0333 187.8593 342.4231 304.0301 1.4922 1.6466 3.8205 -5.8007 1.7761 11.7111 1.5307 0.9710
Car -1 -1 4.3073 768.4984 189.9812 1058.8473 362.6372 1.4364 1.6193 3.6330 3.1136 1.6759 8.2311 4.6558 0.9593
Car -1 -1 2.1956 0.0000 200.1000 206.2508 375.0000 1.4240 1.4976 3.4890 -5.5746 1.7538 6.9661 1.5390 0.9383
Car -1 -1 4.2536 467.9942 177.2321 524.6405 205.7226 1.4635 1.5537 3.8004 -6.2708 1.7164 39.6795 4.0974 0.8348
Car -1 -1 2.0219 197.0081 175.3764 287.9269 216.7778 1.5317 1.6165 4.0861 -14.6239 1.6403 28.9983 1.5582 0.6566
Car -1 -1 3.9448 940.3287 234.3019 1242.0000 375.0000 1.4381 1.5546 3.5729 2.9754 1.8415 2.9308 4.6871 0.5573
Car -1 -1 -0.5372 557.6790 175.4430 616.8837 196.7115 1.5406 1.6634 4.2162 -1.6664 1.7429 54.5464 -0.5680 0.4669
Car -1 -1 1.2765 367.2565 179.5485 414.7707 204.3173 1.4511 1.7199 4.2698 -13.8978 1.8964 45.7430 0.9828 0.3584
Car -1 -1 2.7855 669.0778 170.6235 729.1512 190.4011 1.5538 1.6522 4.4993 7.1883 1.3785 58.0101 2.9079 0.3270
Car -1 -1 1.5770 559.5648 176.1548 581.5020 196.0137 1.4333 1.6032 4.0809 -2.9529 1.6937 54.8442 1.5231 0.2432
Car -1 -1 4.2488 643.3577 169.0031 698.2709 199.5079 1.4584 1.5132 3.1045 3.0306 1.2743 36.2176 4.3312 0.1792
Car -1 -1 1.7967 184.3366 180.1550 253.8762 220.0926 1.4583 1.5992 4.0247 -15.7437 1.7764 29.2852 1.3069 0.1407
Car -1 -1 1.8163 383.4357 179.2062 427.5039 203.6924 1.4585 1.6896 4.4314 -13.0496 1.8865 46.3772 1.5431 0.1379
Car -1 -1 1.6874 381.3711 178.8853 417.7999 204.8661 1.4994 1.6944 4.1356 -12.9913 1.8924 44.8313 1.4066 0.1353
Car -1 -1 4.5997 466.8574 175.3420 502.9378 203.5414 1.5288 1.6124 3.9863 -7.2352 1.6797 41.6329 4.4283 0.1342
Car -1 -1 1.9289 545.7175 174.5488 587.3127 197.9538 1.6222 1.6532 4.2090 -3.0865 1.7510 52.5915 1.8702 0.1319
Car -1 -1 4.8176 512.2985 184.0148 544.3651 210.3552 1.4918 1.5632 3.8370 -4.9575 2.2086 44.4170 4.7066 0.1183
Car -1 -1 4.6479 554.6098 165.2935 589.1146 195.7045 1.5432 1.5907 3.9561 -2.0652 1.1595 38.6719 4.5945 0.1016
Car -1 -1 -0.6979 970.2034 202.0586 1242.0000 375.0000 1.4897 1.6151 4.3243 4.2931 1.6746 3.4333 0.1564 0.1013
Car -1 -1 0.0919 468.8553 183.2667 533.8500 209.3477 1.5006 1.5969 3.7100 -6.4282 2.1361 43.1349 -0.0556 0.0987
Car -1 -1 4.4975 826.2828 228.3842 1242.0000 375.0000 1.4769 1.5607 3.5686 1.7547 1.8561 2.9987 4.9830 0.0952
Car -1 -1 -0.7966 651.3973 162.5993 735.3096 195.7675 1.5889 1.6879 4.3184 4.2891 1.0977 36.5807 -0.6811 0.0925
Car -1 -1 4.6765 267.0758 180.2791 305.7466 214.3921 1.4981 1.5651 3.6808 -15.5099 1.8742 34.5527 4.2571 0.0892
Car -1 -1 0.2895 363.3409 179.4582 435.6210 204.4776 1.5195 1.6632 4.0313 -13.0948 1.9402 45.1158 0.0083 0.0848
Car -1 -1 3.9902 498.9104 174.7747 539.8589 190.5544 1.4395 1.6150 3.9778 -8.5454 1.6262 68.2143 3.8658 0.0811
Car -1 -1 1.5122 391.1631 177.8231 423.9544 207.2390 1.6231 1.6348 4.1293 -12.0149 1.9330 42.7800 1.2396 0.0794
Car -1 -1 2.8208 833.1897 225.2049 1242.0000 375.0000 1.4728 1.6290 4.0194 3.0670 1.7904 2.7456 3.6081 0.0789
Car -1 -1 5.2375 187.9177 179.4394 277.5096 218.8496 1.5224 1.6002 3.9085 -15.8268 1.8192 30.5305 4.7625 0.0735
Car -1 -1 4.7906 375.7719 171.5811 397.3520 188.0794 1.5079 1.6337 3.9836 -21.0054 1.3915 68.0683 4.4922 0.0728
Car -1 -1 1.7409 549.3065 174.2245 582.0617 198.5572 1.6439 1.6552 4.0179 -3.0621 1.7449 51.0690 1.6809 0.0707
Car -1 -1 3.2285 513.2221 183.4370 577.9849 209.1747 1.4865 1.6179 3.7305 -3.7883 2.1313 43.1497 3.1409 0.0700
Car -1 -1 4.6518 652.9875 165.9074 690.4202 198.1301 1.4905 1.5960 3.5833 2.9834 1.1692 35.1844 4.7353 0.0668
Car -1 -1 1.9163 181.3470 179.4844 252.7620 216.6306 1.5767 1.6587 3.9226 -18.0798 1.9028 33.4236 1.4235 0.0659
Car -1 -1 2.0907 519.7059 181.3085 556.5865 198.5981 1.5439 1.6848 4.0996 -6.7716 2.3762 68.8127 1.9925 0.0635
Car -1 -1 1.8653 435.8124 181.6257 480.8760 207.1818 1.4619 1.6047 4.1337 -9.3408 2.0332 44.8665 1.6608 0.0626
Car -1 -1 0.5604 180.7351 175.4249 303.0431 215.4243 1.5426 1.6165 4.1532 -14.7026 1.6493 28.9546 0.0939 0.0613
Car -1 -1 1.5895 592.1929 175.8314 612.9422 196.8813 1.5526 1.5293 3.9617 -0.5120 1.7909 55.7695 1.5799 0.0612
Car -1 -1 -0.4278 520.3108 182.3955 591.6272 208.9203 1.4835 1.6308 3.9375 -3.1979 2.0769 43.2112 -0.5017 0.0608
Car -1 -1 -0.2530 946.1491 170.9940 1053.9401 209.0335 1.6590 1.6675 4.0091 17.6276 1.5779 32.7489 0.2366 0.0593
Car -1 -1 0.4153 0.0000 0.0000 1242.0000 375.0000 1.6120 1.6750 4.2109 3.0471 1.5669 1.4682 1.4607 0.0585
Car -1 -1 3.9589 263.4631 177.6876 349.0468 211.9578 1.4876 1.6108 3.5957 -13.9589 1.7199 33.2070 3.5635 0.0584
Car -1 -1 -0.0606 616.2181 167.2934 692.5634 198.5981 1.5033 1.6048 3.6506 2.1603 1.2362 35.4518 -0.0006 0.0562
Car -1 -1 4.7501 183.9386 172.0221 259.9225 235.0590 1.4928 1.5987 3.6172 -10.1375 1.4731 19.0637 4.2669 0.0562
Car -1 -1 4.8054 196.8153 171.3222 242.3446 204.4787 1.5366 1.6124 3.7543 -19.1129 1.4656 35.4819 4.3142 0.0553
Car -1 -1 2.1014 155.2894 178.2393 237.1414 214.9570 1.5838 1.6198 3.7403 -19.1190 1.8483 33.5582 1.5868 0.0513
Car -1 -1 5.2270 594.4926 176.1426 636.3846 196.6293 1.5262 1.5879 3.8527 0.4971 1.7930 56.4794 5.2353 0.0502
Car -1 -1 4.8102 602.8588 168.0734 626.6334 185.9029 1.5803 1.7641 4.3506 0.5101 1.1566 66.2095 4.8176 0.0501
Car -1 -1 3.3370 139.7950 181.2706 265.7007 222.1198 1.4674 1.5656 3.9980 -15.5760 1.8080 27.8363 2.8307 0.0500