Car -1 -1 -0.4486 761.8891 187.6670 1034.2878 296.6099 1.5277 1.5904 3.6452 4.4101 1.7798 11.3276 -0.0872 0.9738
Car -1 -1 3.6313 9.2666 185.2015 302.4684 279.0568 1.4780 1.6496 4.0175 -7.6926 1.7083 12.5338 3.0899 0.9364
Car -1 -1 4.4204 449.4139 177.7608 489.4358 202.8214 1.6406 1.6746 3.9217 -9.7859 1.9964 50.1946 4.2284 0.8456
Car -1 -1 3.4375 167.9129 174.1875 343.5092 242.3863 1.5502 1.5743 3.5076 -8.4461 1.5845 17.4802 2.9930 0.8105
Car -1 -1 0.9177 997.4169 182.3028 1063.8733 205.9468 1.4219 1.8244 3.7480 27.3186 2.0626 46.9482 1.4415 0.6711
Car -1 -1 0.9998 0.0000 214.4958 130.3730 375.0000 1.4505 1.6294 3.8289 -7.3323 1.9639 7.6310 0.2517 0.6492
Car -1 -1 2.8615 727.9619 193.2859 929.4688 278.5840 1.4781 1.5238 3.3444 4.0338 1.8857 13.6314 3.1422 0.6464
Car -1 -1 0.3576 201.3716 176.1652 374.6975 237.2845 1.6214 1.5091 4.1441 -8.8519 1.7176 20.0972 -0.0528 0.6342
Car -1 -1 4.7998 1077.4132 188.4696 1133.6158 226.8935 1.4415 1.6437 4.1900 21.3179 2.1577 30.9519 5.3979 0.5887
Car -1 -1 3.4051 84.0393 177.1400 297.8138 253.9843 1.4488 1.5188 3.5370 -8.4729 1.5443 14.9016 2.8954 0.5558
Car -1 -1 1.4249 357.6668 167.9645 394.7599 194.4330 1.4997 1.5579 3.8725 -13.9299 1.2226 42.9625 1.1129 0.3959
Car -1 -1 4.7664 721.8598 179.7702 759.3746 214.7428 1.5175 1.5516 3.5562 6.2111 1.8615 33.9731 4.9451 0.2260
Car -1 -1 1.4889 1073.3364 175.1976 1107.5913 198.8716 1.4810 1.5605 3.7902 31.6632 1.6422 47.5792 2.0729 0.2232
Car -1 -1 4.4761 960.8000 194.2681 1035.3904 240.6695 1.5059 1.6240 3.7553 14.5964 2.3760 27.3003 4.9618 0.1884
Car -1 -1 4.6336 279.6615 156.0000 316.6266 185.6087 1.6678 1.7074 4.0377 -18.5196 0.7184 42.8269 4.2276 0.1741
Car -1 -1 1.6307 950.6069 181.6562 977.2764 207.5882 1.7834 1.5436 3.8035 26.0741 2.4553 53.0400 2.0848 0.1617
Car -1 -1 4.9846 299.4522 190.6999 392.3417 248.4451 1.4399 1.5659 3.7961 -7.6011 2.0111 21.1442 4.6429 0.1319
Car -1 -1 0.8396 918.3327 182.3459 976.3536 203.8868 1.4652 1.5780 4.0252 24.8056 2.1925 53.1325 1.2738 0.1248
Car -1 -1 5.1258 88.1518 174.6266 155.3925 204.7950 1.5052 1.6022 3.6504 -25.7106 1.6037 38.1647 4.5361 0.1227
Car -1 -1 4.0908 130.1006 164.1452 209.8466 194.7166 1.5994 1.6563 4.0711 -23.9525 1.1438 39.3121 3.5465 0.1211
Car -1 -1 1.7935 335.9406 191.8311 394.2384 230.2505 1.4583 1.5867 3.7603 -10.5140 2.3319 31.2638 1.4712 0.1203
Car -1 -1 0.0095 722.5219 175.8866 818.2087 210.6375 1.5096 1.6424 4.1459 7.2911 1.6529 32.8290 0.2257 0.1184
Car -1 -1 3.4988 0.0000 169.8252 131.9656 216.3092 1.4777 1.5537 3.7014 -18.4187 1.3815 24.2085 2.8536 0.1170
Car -1 -1 4.5767 720.9901 193.4311 826.2678 282.2916 1.4653 1.5606 3.5559 3.1810 1.9332 14.5767 4.7861 0.1151
Car -1 -1 3.3576 263.7249 160.3919 375.1077 208.8992 1.6895 1.6488 3.4780 -10.4602 1.2554 26.2223 2.9812 0.1080
Car -1 -1 3.7439 279.0482 192.9152 385.0165 231.4117 1.4828 1.6372 3.9286 -11.6543 2.3620 30.3632 3.3799 0.1008
Car -1 -1 4.9200 247.3109 174.4030 335.4736 233.3600 1.5314 1.5619 3.7366 -9.0645 1.5804 20.8315 4.5138 0.0985
Car -1 -1 2.2308 1023.2545 177.1544 1097.0192 202.9075 1.5887 1.8141 4.2710 29.1194 1.8762 46.6393 2.7857 0.0979
Car -1 -1 4.9830 239.0651 176.9958 346.0368 244.4390 1.6108 1.5416 4.3084 -8.5089 1.7370 19.7444 4.5805 0.0906
Car -1 -1 1.9497 41.9828 179.5259 112.5808 212.0331 1.4996 1.6144 3.5726 -26.4694 1.8504 36.0091 1.3192 0.0903
Car -1 -1 4.6396 207.6316 173.3788 233.4503 192.4530 1.5092 1.5930 3.8997 -31.9809 1.5538 59.2766 4.1465 0.0868
Car -1 -1 3.5179 6.2391 180.1008 109.5936 211.1939 1.4840 1.6082 3.8082 -27.6772 1.8617 36.3217 2.8702 0.0847
Car -1 -1 2.5117 1082.3206 160.3096 1242.0000 224.8285 1.4564 1.6234 4.1319 13.8764 1.1732 17.1831 3.1825 0.0800
Car -1 -1 2.1947 0.0000 209.4474 72.5089 375.0000 1.4678 1.6619 4.0580 -7.1980 1.9251 6.8786 1.4061 0.0794
Car -1 -1 4.6333 222.2196 149.6536 278.3071 193.1659 1.5580 1.6554 3.7798 -13.9310 0.7273 27.8827 4.1737 0.0779
Car -1 -1 1.4038 480.0818 177.5831 510.3510 199.3862 1.5227 1.5949 3.8351 -8.4893 1.8861 53.3628 1.2464 0.0776
Car -1 -1 2.5715 1002.0038 180.3351 1081.8427 203.6580 1.4650 1.8345 4.1199 28.0834 1.9620 46.9444 3.1074 0.0738
Car -1 -1 1.7304 79.2141 179.8439 135.3541 211.9347 1.4538 1.6562 3.9730 -24.8194 1.8212 35.7742 1.1272 0.0734
Car -1 -1 3.1044 233.1105 157.7733 316.4447 187.0133 1.6138 1.6455 4.2759 -19.2415 0.7815 41.5232 2.6728 0.0728
Car -1 -1 1.8844 1092.6034 173.4536 1144.3086 197.7174 1.5054 1.6301 3.8638 32.9338 1.5457 46.6691 2.4956 0.0726
Car -1 -1 2.2135 139.1116 174.3515 312.3610 250.6294 1.5996 1.6285 3.8743 -8.9679 1.6397 17.2583 1.7403 0.0709
Car -1 -1 1.2106 1081.0880 173.7865 1139.2300 199.5870 1.5309 1.6687 4.0017 31.2110 1.5920 45.1104 1.8125 0.0705
Car -1 -1 0.4642 42.7963 179.8751 143.7050 210.0096 1.4770 1.5760 3.9114 -26.3589 1.8469 36.9415 -0.1523 0.0702
Car -1 -1 0.2836 260.5778 158.0137 344.5952 185.3404 1.5474 1.6807 4.1886 -17.7775 0.7071 41.9331 -0.1152 0.0691
Car -1 -1 5.2397 352.1252 192.1862 434.7735 231.0193 1.4750 1.6512 4.0593 -9.4027 2.3833 31.7327 4.9533 0.0686
Car -1 -1 1.5581 988.1376 177.0131 1009.8214 195.3304 1.5297 1.6144 3.8496 34.1214 1.9064 63.2798 2.0503 0.0670
Car -1 -1 4.8196 176.6238 160.1894 223.1407 192.7554 1.5926 1.6537 4.1255 -21.2249 0.9733 37.5082 4.3076 0.0642
Car -1 -1 1.5881 1078.1685 185.8168 1126.9941 225.8130 1.4870 1.5913 3.3936 20.4187 2.0568 29.8682 2.1826 0.0634
Car -1 -1 4.7947 0.0000 179.8326 155.0748 375.0000 1.4988 1.6139 3.8594 -3.8874 1.5624 4.5250 4.1134 0.0610
Car -1 -1 1.7071 928.9077 179.1407 974.6666 210.9672 1.4947 1.5999 3.9225 17.4869 1.8333 36.7877 2.1472 0.0607
Car -1 -1 1.5754 131.3788 179.8532 165.3053 207.7879 1.4640 1.5548 3.8143 -26.0897 1.8800 40.8583 1.0099 0.0584
Car -1 -1 3.6550 149.8512 160.8793 250.5543 191.9300 1.5701 1.6362 4.2794 -21.1080 0.9646 37.3054 3.1430 0.0579
Car -1 -1 1.7407 1118.0819 175.2929 1162.7865 199.8894 1.4672 1.6469 3.8508 33.3937 1.6271 45.3554 2.3719 0.0570
Car -1 -1 5.5485 132.3439 179.9246 215.7272 208.8177 1.5238 1.6193 4.0318 -24.8176 1.9495 41.2774 5.0098 0.0558
Car -1 -1 -1.0066 986.7010 194.0379 1093.8854 239.9338 1.4755 1.6283 3.7028 15.6579 2.2912 26.2141 -0.4739 0.0551
Car -1 -1 1.5459 362.8657 170.6079 393.7094 198.7815 1.5312 1.5875 4.0890 -13.3073 1.4091 41.4057 1.2365 0.0551
Car -1 -1 4.8875 268.4437 188.1717 362.6625 257.3633 1.5317 1.5962 3.9450 -7.6020 1.9793 18.9917 4.5110 0.0545
Car -1 -1 1.2248 906.6779 180.3357 948.6650 201.6940 1.4422 1.6057 3.6688 22.8374 2.0001 51.9238 1.6366 0.0543
Car -1 -1 3.4197 326.2834 167.9541 404.8630 194.9232 1.5316 1.6269 4.0277 -14.1129 1.2534 41.8816 3.0964 0.0543
Car -1 -1 4.7594 980.1199 181.8845 1001.8438 199.6558 1.5968 1.6716 3.5948 36.3922 2.4827 68.8112 5.2437 0.0536
Car -1 -1 1.2430 1001.8949 191.1458 1192.8794 289.8142 1.4773 1.6791 4.2663 9.1086 1.8877 13.9171 1.8119 0.0524
Car -1 -1 1.5463 1075.3396 175.8477 1107.8936 201.2146 1.5372 1.6242 4.1709 30.9783 1.7390 46.4422 2.1313 0.0524
Car -1 -1 0.4353 122.2552 168.2745 327.4882 233.9155 1.5608 1.6286 4.2466 -9.5010 1.4519 18.0621 -0.0432 0.0522
Car -1 -1 4.8465 285.8217 158.1678 327.0324 186.4169 1.5576 1.6818 3.9453 -17.5454 0.7478 41.9072 4.4522 0.0517
Car -1 -1 2.4660 987.9297 183.1054 1064.5261 205.6863 1.4301 1.7544 4.2523 27.6779 2.1288 47.9788 2.9861 0.0513
Car -1 -1 1.7708 168.3968 165.6789 217.9713 194.6727 1.4996 1.5994 3.8375 -22.6608 1.1285 39.3924 1.2516 0.0512
Car -1 -1 2.2722 305.3279 192.6948 400.3009 233.9140 1.4730 1.6371 3.7782 -10.5145 2.3496 29.8216 1.9355 0.0507
Car -1 -1 1.3868 57.9867 177.2793 113.7278 207.5167 1.4666 1.6281 4.1592 -27.3326 1.7097 37.6129 0.7616 0.0501