Car -1 -1 1.9541 247.9116 187.7775 371.8734 250.6449 1.4526 1.6401 4.2220 -8.0366 1.9055 19.7868 1.5725 0.9564
Car -1 -1 1.5182 506.0707 178.4241 526.1609 195.9539 1.5000 1.5884 4.0896 -8.4782 2.0205 65.2648 1.3892 0.2640
Car -1 -1 2.0211 228.5665 197.1577 283.4709 225.3947 1.6237 1.6623 3.8862 -22.8485 3.2650 46.7823 1.5686 0.2141
Car -1 -1 1.6952 338.1172 191.1843 376.5253 219.9346 1.4469 1.5827 3.8566 -14.2703 2.5400 40.9768 1.3617 0.1966
Car -1 -1 1.5858 362.2170 190.2554 393.9684 218.3132 1.4344 1.6610 3.7232 -13.2473 2.4820 41.4166 1.2776 0.1472
Car -1 -1 1.8094 314.4221 178.1487 343.7500 196.4665 1.4785 1.5012 3.6174 -23.7592 1.9416 61.2210 1.4405 0.1467
Car -1 -1 1.5575 236.1210 185.0703 263.2411 208.5368 1.4655 1.5995 3.7719 -24.5717 2.3335 49.2293 1.0964 0.1439
Car -1 -1 2.3380 367.3538 187.3373 435.1876 215.0680 1.4305 1.6915 3.6143 -11.8647 2.2995 41.2959 2.0595 0.0987
Car -1 -1 0.3432 333.4176 191.0330 411.1874 217.9671 1.4654 1.5998 3.9145 -13.5282 2.5265 41.2635 0.0278 0.0910
Car -1 -1 1.5949 345.3521 190.1493 378.9028 219.1370 1.4362 1.6640 3.4745 -13.6487 2.4390 39.9304 1.2672 0.0848
Car -1 -1 0.8771 204.7285 199.3851 267.9861 224.3042 1.4273 1.6863 3.5729 -23.7592 3.1708 45.9419 0.4019 0.0837
Car -1 -1 2.0990 203.7842 195.6735 290.7815 235.7202 1.4033 1.5399 3.5799 -14.5655 2.3855 29.2178 1.6398 0.0708
Car -1 -1 1.5284 329.2932 189.2533 378.0151 232.0553 1.4602 1.6449 4.0261 -10.1451 2.1564 28.4559 1.1884 0.0693
Car -1 -1 4.5185 249.0075 176.2376 280.9093 196.4592 1.4976 1.5502 3.7346 -26.7950 1.7697 56.0562 4.0742 0.0679
Car -1 -1 1.1117 291.0930 178.4657 332.5662 197.0842 1.4825 1.6092 4.0105 -25.0022 1.9683 60.5418 0.7214 0.0650
Car -1 -1 2.0188 211.8885 198.7034 268.6469 225.3004 1.4692 1.7407 3.6886 -23.1333 3.1604 45.3419 1.5490 0.0642
Car -1 -1 3.3786 361.2410 183.7178 437.4671 210.7885 1.4374 1.6837 3.7629 -11.5980 2.0533 39.9782 3.0976 0.0615
Car -1 -1 1.5134 368.1333 181.8941 411.9191 219.7946 1.5134 1.6355 3.8671 -9.7553 1.9395 31.9097 1.2186 0.0615
Car -1 -1 1.6576 505.7833 178.3131 527.6278 196.0516 1.4856 1.5580 4.1818 -8.1856 1.9848 63.8569 1.5303 0.0585
Car -1 -1 1.4983 545.6043 178.6706 566.3881 196.2152 1.4768 1.5602 3.9355 -4.7894 2.0107 64.1621 1.4237 0.0580
Car -1 -1 1.5814 231.0228 180.7339 259.0341 204.6480 1.5419 1.6773 4.2801 -25.3860 2.1166 50.3244 1.1161 0.0563
Car -1 -1 0.1396 491.1565 177.6481 537.3589 194.9460 1.5065 1.5914 3.8851 -8.4418 1.9378 64.1022 0.0088 0.0521
Car -1 -1 0.7151 296.5570 187.1519 373.8791 215.2220 1.4674 1.6152 3.9930 -15.4501 2.3015 40.6443 0.3537 0.0508
Car -1 -1 1.6941 229.5232 189.1910 267.5183 215.7799 1.5671 1.7116 4.3790 -23.8370 2.7017 47.7619 1.2331 0.0507