Car -1 -1 4.6434 593.4958 174.9473 625.1119 201.4375 1.6223 1.7522 4.2476 -0.0616 1.7641 46.7118 4.6416 0.6587
Car -1 -1 1.8029 395.8281 175.8954 436.8615 199.9757 1.5992 1.8145 4.3955 -13.5135 1.8223 50.7005 1.5434 0.6461
Car -1 -1 1.6595 413.8441 183.5356 442.7343 208.8131 1.5132 1.4968 3.5500 -11.6804 2.2313 46.6425 1.4151 0.2454
Car -1 -1 1.3236 585.8457 184.4393 619.9252 207.2734 1.5166 1.5679 3.8154 -0.5202 2.3850 52.0410 1.3131 0.2066
Car -1 -1 1.9461 421.4830 183.5813 466.0148 208.9877 1.5255 1.5371 3.7958 -10.7462 2.2539 46.9992 1.7221 0.1270
Car -1 -1 -0.1629 628.5518 170.6228 674.2100 187.0681 1.5421 1.7058 4.1186 3.9635 1.3329 68.7257 -0.1059 0.0888
Car -1 -1 5.2845 98.2463 170.9796 218.6382 227.7614 1.9286 1.7103 4.2665 -16.4910 1.8649 26.6585 4.7347 0.0798
Car -1 -1 0.7456 560.5444 185.9701 614.9360 208.9639 1.4978 1.6317 3.7145 -1.5626 2.4568 50.9244 0.7145 0.0737
Car -1 -1 2.0872 131.3856 197.5714 220.2110 237.0597 1.4851 1.6692 3.7346 -18.7461 2.6244 31.3758 1.5521 0.0678
Car -1 -1 0.3228 396.1298 183.9253 458.3918 208.7567 1.5275 1.5584 3.5460 -11.6224 2.2490 46.1111 0.0768 0.0645
Car -1 -1 1.7860 57.7173 163.4919 124.7794 199.8221 1.5255 1.6025 4.0488 -23.2257 1.1324 32.4732 1.1689 0.0615
Car -1 -1 1.9187 453.7119 180.6623 499.2562 206.2719 1.4763 1.5798 3.7867 -8.2101 1.9829 44.8125 1.7381 0.0610
Car -1 -1 3.9382 32.2520 162.2057 139.8292 197.4191 1.5595 1.6545 4.0353 -23.9939 1.0879 33.1175 3.3149 0.0603
Car -1 -1 -1.0261 446.8596 183.5415 501.1943 208.8688 1.4821 1.6031 3.9358 -8.6084 2.1971 46.1411 -1.2100 0.0592
Car -1 -1 2.1922 436.8897 183.8444 488.0957 206.2239 1.4069 1.6186 3.6217 -9.9997 2.1879 49.2907 1.9927 0.0563
Car -1 -1 1.4437 420.5434 179.4297 457.0404 206.6840 1.5233 1.6569 3.9229 -10.3304 1.9390 43.4838 1.2114 0.0533
Car -1 -1 2.9073 415.6780 184.3311 478.5457 209.5498 1.5103 1.5704 3.6537 -10.3729 2.2674 46.0917 2.6867 0.0529