Car -1 -1 1.9145 344.3774 185.1471 412.7177 219.2680 1.4590 1.7156 4.4587 -11.0190 2.0894 34.7412 1.6091 0.8813
Car -1 -1 4.7967 597.2808 176.7541 629.1147 202.6744 1.5556 1.6864 4.1821 0.2768 1.8165 46.1109 4.8022 0.6268
Car -1 -1 4.5128 755.7560 162.2105 790.3406 184.8268 1.5546 1.6519 3.9571 11.6420 0.8230 51.5916 4.7333 0.4682
Car -1 -1 4.4273 745.9131 163.9003 793.7231 190.9190 1.4389 1.5974 3.7990 8.9071 0.9621 40.3769 4.6426 0.3618
Car -1 -1 1.8772 291.3131 170.9280 406.0443 233.3362 1.4849 1.6398 4.2563 -6.8137 1.4390 19.3182 1.5420 0.3354
Car -1 -1 4.8361 763.8862 165.8614 824.8176 213.3012 1.4920 1.6023 3.4488 6.3532 1.2721 24.5900 5.0856 0.2722
Car -1 -1 4.5895 258.1494 181.9596 305.6516 217.3386 1.5250 1.6041 3.7703 -15.5568 1.9818 34.1712 4.1649 0.1987
Car -1 -1 1.4301 178.2152 197.1253 227.5872 230.3042 1.4697 1.6754 4.0099 -20.9682 2.7896 37.1381 0.9188 0.1738
Car -1 -1 4.9050 462.0533 171.9866 505.8401 201.7240 1.5246 1.6259 3.7735 -6.7148 1.4801 38.8966 4.7348 0.1720
Car -1 -1 3.8028 187.0486 186.0845 285.8346 221.7307 1.4940 1.6552 3.6875 -16.6492 2.1068 32.2584 3.3294 0.1705
Car -1 -1 1.7298 509.6862 175.8897 538.9421 196.9362 1.5503 1.6408 3.9169 -6.5434 1.7931 55.7148 1.6131 0.1616
Car -1 -1 1.6999 592.1027 174.9590 629.5385 204.7437 1.6821 1.7045 4.3059 0.1282 1.8151 43.3138 1.7023 0.1601
Car -1 -1 1.8146 355.2151 167.5498 458.9461 228.1353 1.4456 1.6729 4.2046 -5.2733 1.3190 19.3341 1.5513 0.1101
Car -1 -1 1.8217 364.1200 185.8027 414.9961 217.6161 1.4538 1.5712 3.7167 -11.0322 2.1410 36.4009 1.5290 0.1048
Car -1 -1 1.6069 525.4814 174.5880 548.3043 197.4312 1.6967 1.6169 3.9046 -5.5978 1.8359 55.8973 1.5072 0.1046
Car -1 -1 1.7995 253.9592 193.1884 300.3758 221.3068 1.4802 1.6491 3.9898 -19.8178 2.7565 43.1674 1.3711 0.1031
Car -1 -1 1.0455 361.7642 189.5862 412.8810 213.0730 1.4815 1.6674 3.9063 -15.4920 2.6910 50.2157 0.7474 0.1002
Car -1 -1 3.0550 197.7656 195.3169 284.1416 224.5222 1.4880 1.7458 4.2952 -21.1878 2.8390 41.5206 2.5854 0.0960
Car -1 -1 1.5994 391.1294 189.5287 417.3986 213.1766 1.4993 1.6632 4.0599 -14.4654 2.7276 50.9796 1.3238 0.0947
Car -1 -1 4.6962 180.7217 178.7477 232.6245 222.5792 1.5294 1.6417 3.7940 -15.5255 1.7731 27.7818 4.1904 0.0823
Car -1 -1 1.4195 493.4553 169.6146 534.2519 198.7327 1.4832 1.6051 3.9060 -5.2003 1.3182 38.8537 1.2870 0.0797
Car -1 -1 1.8044 482.7402 178.3434 521.0665 204.1519 1.4756 1.5153 3.5704 -6.5019 1.8235 43.8822 1.6578 0.0796
Car -1 -1 2.0852 202.8583 183.7587 282.5138 220.8708 1.4766 1.6034 3.4379 -15.9219 1.9791 31.4961 1.6203 0.0794
Car -1 -1 4.1944 185.8997 199.6640 258.4632 233.2948 1.4681 1.7721 3.2932 -19.1843 2.8559 35.7211 3.7043 0.0778
Car -1 -1 1.8973 226.3177 194.2590 281.7672 223.7292 1.4485 1.6594 3.7133 -19.7524 2.7000 40.2402 1.4433 0.0768
Car -1 -1 -0.3016 759.2642 162.7057 892.3726 209.4659 1.4787 1.6131 3.8735 7.0188 1.1578 23.6559 -0.0169 0.0734
Car -1 -1 1.8139 498.4715 177.5322 537.7366 204.7117 1.5701 1.5410 3.6985 -5.5641 1.8697 44.2729 1.6891 0.0717
Car -1 -1 1.5436 411.8992 187.9622 437.6853 210.8235 1.4724 1.6752 4.0594 -13.2278 2.5972 51.5358 1.2931 0.0714
Car -1 -1 3.1825 733.8674 164.7829 804.3370 192.6371 1.4864 1.5489 3.7198 8.7921 1.0557 39.7262 3.3985 0.0692
Car -1 -1 1.3348 132.7292 196.0439 192.6791 229.6091 1.4588 1.6809 3.9504 -22.3881 2.6829 36.0966 0.7827 0.0681
Car -1 -1 2.1898 564.4691 173.8265 628.1840 203.0466 1.6241 1.6632 4.1156 -0.7237 1.6841 42.4144 2.1724 0.0634
Car -1 -1 1.7063 519.6212 175.8743 544.6583 195.7394 1.5488 1.5265 3.7932 -6.2718 1.8027 58.7549 1.6000 0.0611
Car -1 -1 1.3547 608.8311 175.1559 651.6245 202.9556 1.5262 1.6449 4.1285 1.1520 1.6676 42.1556 1.3813 0.0605
Car -1 -1 0.9162 424.3884 172.6428 496.7256 202.7314 1.5131 1.6277 4.0436 -7.9286 1.5025 38.2225 0.7127 0.0601
Car -1 -1 1.3772 746.5710 164.6231 791.0796 193.9973 1.5044 1.6162 3.8778 8.5278 1.0828 38.9073 1.5911 0.0597
Car -1 -1 1.7840 471.5837 173.7164 513.5260 201.4758 1.5249 1.6165 3.8129 -6.7087 1.5771 41.7043 1.6251 0.0577
Car -1 -1 3.8654 433.5144 175.9624 505.1957 202.9467 1.4471 1.5911 3.8988 -7.9341 1.6298 40.7539 3.6739 0.0577
Car -1 -1 4.0830 731.7053 162.1752 784.6483 184.5470 1.5204 1.6154 4.0234 10.4911 0.7946 51.2002 4.2838 0.0565
Car -1 -1 4.8036 712.6396 165.9109 772.5192 213.6224 1.4780 1.6414 3.9961 4.5867 1.2629 24.4966 4.9861 0.0550
Car -1 -1 1.6685 222.0690 183.0636 275.3690 222.2614 1.4872 1.6228 4.0059 -15.2538 1.9516 30.6612 1.2100 0.0549
Car -1 -1 1.7558 455.5218 173.3574 501.9101 203.1729 1.4152 1.5860 3.9585 -6.5195 1.4419 36.3013 1.5790 0.0548
Car -1 -1 4.8114 761.5655 164.1607 821.6053 212.1317 1.4252 1.5592 3.3395 5.9252 1.1669 23.2715 5.0572 0.0544
Car -1 -1 1.7086 651.7178 178.3574 687.2546 204.4047 1.4617 1.6024 3.9945 3.6575 1.8097 43.5116 1.7914 0.0539
Car -1 -1 1.5802 154.5792 197.4807 196.9745 232.6579 1.4307 1.6459 3.8689 -20.6100 2.6744 34.3526 1.0429 0.0532
Car -1 -1 1.7736 377.1369 186.5324 414.7251 211.4587 1.5184 1.6168 4.0945 -14.2671 2.4754 48.3729 1.4879 0.0525
Car -1 -1 1.2053 375.5268 178.7101 446.5700 217.0857 1.4786 1.5944 3.9319 -8.4419 1.7428 30.4853 0.9369 0.0524
Car -1 -1 4.8785 239.2943 181.7582 290.7398 217.2108 1.4778 1.5525 3.4524 -15.6381 1.9068 32.8890 4.4375 0.0522
Car -1 -1 3.1977 0.0000 177.6543 204.0652 308.3793 1.4852 1.5762 3.8294 -7.9162 1.5636 10.0540 2.5434 0.0519
Car -1 -1 1.9134 324.8396 179.4936 396.9396 223.1072 1.7964 1.7588 4.1425 -11.0767 2.1140 32.4382 1.5864 0.0504