Car -1 -1 4.4924 698.1478 179.4651 841.4253 281.6776 1.5959 1.7092 4.1240 2.8203 1.7397 13.6141 4.6913 0.9737
Car -1 -1 4.0578 690.3455 175.2320 748.7067 203.9827 1.4675 1.4533 3.2044 5.8820 1.6014 38.8726 4.2064 0.7989
Car -1 -1 3.4821 379.1852 176.6208 479.7296 214.2279 1.5032 1.5466 3.7525 -7.4441 1.6647 29.9864 3.2404 0.5416
Car -1 -1 0.3034 320.6960 182.9173 475.4135 237.6882 1.4604 1.5811 3.8984 -5.8962 1.7565 20.3862 0.0248 0.5415
Car -1 -1 4.5485 615.5584 176.4254 647.1398 199.6205 1.5668 1.6539 3.7256 1.5112 1.8304 51.2978 4.5773 0.4236
Car -1 -1 1.4212 393.5649 181.4720 473.7917 240.8474 1.5153 1.6680 4.4417 -5.3309 1.8001 21.4738 1.1801 0.4148
Car -1 -1 4.9485 293.4941 175.7369 438.4496 262.9792 1.3713 1.5801 4.2313 -4.3908 1.4345 13.6506 4.6424 0.3730
Car -1 -1 0.2056 412.3336 166.8007 515.0154 202.7132 1.6706 1.7216 4.5469 -6.9046 1.3890 34.4457 0.0089 0.3553
Car -1 -1 3.4850 398.7485 182.0260 495.5132 215.9713 1.4377 1.5731 3.9021 -7.1978 1.8592 32.1344 3.2660 0.3503
Car -1 -1 4.6092 506.1523 174.8280 532.4305 196.8305 1.5965 1.5858 3.9040 -6.8882 1.7521 54.8085 4.4844 0.2063
Car -1 -1 1.7293 338.6742 175.3399 370.8241 197.4582 1.4683 1.5101 3.9252 -17.7626 1.6492 50.4282 1.3920 0.2053
Car -1 -1 2.0887 243.5444 161.9939 408.0542 239.0049 1.4962 1.6124 3.9899 -6.1282 1.2852 16.1164 1.7304 0.1869
Car -1 -1 1.5509 502.6602 175.7681 527.6211 199.5653 1.4922 1.5610 3.9045 -6.2855 1.6935 47.7936 1.4205 0.1705
Car -1 -1 1.5546 521.5957 181.2583 539.5123 198.7305 1.4837 1.5458 3.8110 -7.1580 2.2659 65.1687 1.4452 0.1569
Car -1 -1 4.5022 676.0605 177.1139 703.7682 195.8082 1.4601 1.5036 3.7539 6.5567 1.8210 59.1843 4.6116 0.1527
Car -1 -1 1.5954 354.2675 175.9253 374.3492 194.2209 1.5123 1.5458 3.7176 -21.1547 1.7861 62.3201 1.2692 0.1248
Car -1 -1 4.4098 402.1233 166.6627 438.4221 189.3710 1.7273 1.6923 3.8887 -14.9788 1.2564 56.9823 4.1537 0.1199
Car -1 -1 1.3471 440.5784 179.1808 494.2756 214.8330 1.4842 1.5734 3.8995 -6.5321 1.7910 32.8845 1.1520 0.1180
Car -1 -1 2.2971 180.5654 173.9379 385.5833 259.3481 1.4716 1.5717 3.8550 -6.3642 1.4966 14.5617 1.8913 0.1025
Car -1 -1 4.9757 725.9567 170.1183 758.1929 190.4705 1.6224 1.6683 3.8881 10.9831 1.4043 59.6325 5.1566 0.0976
Car -1 -1 1.8078 329.6887 161.7094 446.2009 234.6576 1.4651 1.6024 4.0501 -4.9177 1.2413 16.5528 1.5229 0.0955
Car -1 -1 3.1681 337.1538 184.7706 462.4113 235.6329 1.4741 1.5421 3.6574 -6.5279 1.8685 22.6762 2.8903 0.0923
Car -1 -1 3.8576 0.0000 146.3740 368.7508 284.6869 1.4605 1.5985 3.8976 -5.1343 1.1809 8.7894 3.3417 0.0870
Car -1 -1 0.4647 311.1072 173.6157 492.1856 238.3567 1.4792 1.5631 3.9820 -5.0387 1.4991 17.6567 0.1901 0.0808
Car -1 -1 1.6899 434.7584 180.9557 481.7778 216.7204 1.4348 1.5695 3.8901 -6.6150 1.8151 31.8598 1.4863 0.0753
Car -1 -1 1.0397 676.4288 185.0971 732.4979 212.3464 1.4869 1.6347 3.7891 5.6387 2.2565 43.2899 1.1677 0.0749
Car -1 -1 -0.3454 616.4539 177.3305 677.2698 200.1553 1.5432 1.6834 3.9294 2.6111 1.8662 50.6983 -0.2947 0.0740
Car -1 -1 1.8902 340.3287 181.8966 446.3393 242.0848 1.4625 1.5872 4.1884 -5.9296 1.7434 20.2926 1.6088 0.0723
Car -1 -1 1.6055 502.7675 179.1819 530.3207 203.8889 1.4807 1.6127 4.1356 -5.9495 1.9069 46.4675 1.4784 0.0718
Car -1 -1 4.4870 608.5590 177.9219 642.0350 200.2357 1.5417 1.6237 3.8662 1.1125 1.9273 52.8443 4.5075 0.0704
Car -1 -1 -0.2320 701.7182 170.2962 755.1167 189.0251 1.5012 1.6312 4.0246 9.6591 1.2961 58.7874 -0.0703 0.0696
Car -1 -1 3.0451 302.1948 165.7231 508.4848 241.3360 1.4812 1.5711 4.1077 -4.3851 1.3415 15.6036 2.7750 0.0695
Car -1 -1 3.2306 480.3237 176.3077 532.5173 197.1948 1.5155 1.5989 3.7055 -7.6211 1.7760 53.5422 3.0895 0.0694
Car -1 -1 3.2142 683.1660 171.3460 738.3193 189.9341 1.4965 1.6526 4.3858 8.3369 1.3751 59.3558 3.3528 0.0668
Car -1 -1 0.4199 103.4466 175.7486 390.5425 267.6331 1.4540 1.6092 4.0875 -6.0251 1.5069 12.3304 -0.0266 0.0665
Car -1 -1 2.1127 11.0665 143.3604 381.1292 334.1319 1.4811 1.5191 3.6792 -3.8421 1.2521 7.4975 1.6528 0.0647
Car -1 -1 2.8679 726.1431 167.4313 857.9788 211.7633 1.4522 1.5789 4.0599 6.1281 1.2746 24.4895 3.1098 0.0638
Car -1 -1 1.6201 327.6533 173.5160 404.9377 241.8440 1.4701 1.5665 3.7438 -5.8176 1.4881 17.5751 1.3044 0.0637
Car -1 -1 1.5985 680.1102 178.5687 711.7774 208.9942 1.6257 1.6982 4.3097 5.0313 1.9735 41.6566 1.7173 0.0636
Car -1 -1 -0.0743 657.7619 176.2475 706.8558 195.3670 1.5087 1.6458 3.8206 5.8299 1.7861 58.1147 0.0247 0.0635
Car -1 -1 0.7013 294.5695 183.3340 449.7287 240.6792 1.4763 1.6504 4.1424 -6.8078 1.7991 20.6847 0.3866 0.0613
Car -1 -1 3.6611 311.5499 175.4609 372.6188 197.7214 1.4901 1.5370 3.6574 -18.3711 1.6732 49.6097 3.3079 0.0609
Car -1 -1 1.4828 507.6124 182.5557 539.6740 208.5181 1.4823 1.6699 3.3064 -5.3099 2.1024 44.3237 1.3637 0.0599
Car -1 -1 2.9529 684.8277 185.4939 752.6971 211.7048 1.4993 1.6597 3.7570 6.4804 2.2693 43.0519 3.1006 0.0595
Car -1 -1 4.2609 690.2097 171.0640 730.7885 189.7606 1.4772 1.6245 4.2019 8.2408 1.3358 59.2584 4.3981 0.0590
Car -1 -1 1.4993 676.5524 175.5755 699.9850 195.4477 1.5187 1.5758 4.0036 6.2643 1.7441 57.7274 1.6064 0.0582
Car -1 -1 2.1813 519.8986 180.5356 580.3843 206.0064 1.4641 1.6573 4.1903 -3.6511 1.9673 45.0436 2.1004 0.0568
Car -1 -1 1.5364 728.3567 172.8399 776.5531 219.3062 1.4306 1.4383 3.4800 4.7008 1.4302 24.0451 1.7265 0.0567
Car -1 -1 1.8125 380.4523 183.7854 465.9824 240.7682 1.5323 1.5826 4.1494 -5.6301 1.9013 22.2771 1.5672 0.0557
Car -1 -1 1.7155 504.1116 176.5603 534.7386 199.5071 1.5871 1.6245 4.2239 -6.5414 1.8688 52.7210 1.5922 0.0557
Car -1 -1 3.1476 606.9916 176.4100 656.5350 198.8218 1.5348 1.6050 3.4144 1.5579 1.7882 50.5510 3.1778 0.0540
Car -1 -1 -0.3385 672.5187 177.4378 722.2979 196.3429 1.4933 1.5389 3.7205 7.1359 1.8736 58.7088 -0.2186 0.0532
Car -1 -1 1.4008 514.7994 179.4836 542.4631 198.8206 1.5337 1.6405 4.1667 -6.8744 2.1146 60.9878 1.2886 0.0528
Car -1 -1 1.6328 498.7076 173.7129 525.6004 197.1645 1.6021 1.6547 3.9740 -6.9121 1.6658 51.4833 1.4996 0.0517
Car -1 -1 1.7632 490.0201 181.8566 527.6500 207.1738 1.4670 1.6434 3.7124 -6.2429 2.0529 45.0586 1.6258 0.0516
Car -1 -1 3.7668 324.6994 175.7019 386.9923 197.5381 1.4764 1.5302 3.9619 -17.7217 1.6805 50.4196 3.4302 0.0511
Car -1 -1 1.1304 454.9173 183.5810 506.9277 209.3693 1.4727 1.6475 4.0042 -8.0767 2.1741 45.0697 0.9536 0.0509
Car -1 -1 4.8105 326.4134 173.2915 406.7968 236.0932 1.4587 1.5884 3.8076 -6.2231 1.4713 18.8177 4.4948 0.0508
Car -1 -1 1.2938 686.6121 175.8446 718.9305 195.0700 1.4839 1.5719 3.9361 7.5031 1.7345 58.3973 1.4206 0.0503