Car -1 -1 4.7413 408.7543 169.2997 458.7963 214.9441 1.4907 1.5985 3.5933 -6.1426 1.3746 25.4871 4.5068 0.8168
Car -1 -1 3.6107 382.6112 160.9149 473.7812 198.8979 1.7115 1.6566 3.7968 -8.4574 1.1735 33.7434 3.3667 0.2355
Car -1 -1 4.2084 595.8700 133.0516 718.2136 198.1351 1.8784 1.8570 4.7730 1.3898 0.7297 23.3783 4.2667 0.1381
Car -1 -1 -0.6009 807.3779 117.8254 989.7507 181.5577 1.5754 1.6354 4.3269 7.6186 0.2151 19.1188 -0.2268 0.1189
Car -1 -1 4.7703 430.0399 166.5028 469.2347 200.6462 1.5375 1.6051 3.7096 -7.5823 1.2515 34.4499 4.5549 0.1165
Car -1 -1 5.0142 398.7728 157.5118 444.5660 184.2176 1.5605 1.5953 3.9766 -11.4447 0.6640 44.1872 4.7621 0.1118
Car -1 -1 1.3563 554.5319 141.7220 635.1968 198.3124 1.6310 1.6703 4.3879 -0.5790 0.7337 23.1244 1.3312 0.0741
Car -1 -1 4.4519 581.5302 151.1680 633.2570 186.1004 1.6550 1.6967 3.6845 -0.1644 0.6276 36.1840 4.4471 0.0688
Car -1 -1 3.7173 357.4822 153.8999 432.2553 180.4605 1.5400 1.6169 4.0666 -12.8407 0.4410 43.1895 3.4299 0.0672
Car -1 -1 4.1890 765.8411 134.1533 893.8140 195.6664 1.5219 1.6073 3.9280 5.9377 0.5644 19.9496 4.4742 0.0615
Car -1 -1 4.3448 631.8987 132.5444 724.9227 191.9294 1.6663 1.6694 3.5430 2.0213 0.5352 22.1783 4.4343 0.0578
Car -1 -1 1.4796 365.9826 171.2627 415.1024 209.6884 1.4743 1.5958 3.8725 -9.0898 1.4133 29.7782 1.1855 0.0536