Car -1 -1 3.0234 333.9407 186.3436 458.6456 230.0723 1.4171 1.6750 4.1335 -7.6637 1.9317 25.9403 2.7383 0.9077
Car -1 -1 1.5506 500.4218 179.9104 539.9582 217.7959 1.6006 1.7104 4.3054 -4.2010 1.9510 33.5766 1.4266 0.6945
Car -1 -1 5.5601 0.0000 216.4164 214.9988 375.0000 1.4291 1.5168 3.4469 -3.4738 1.7240 3.1238 4.7636 0.5869
Car -1 -1 1.3132 488.2435 178.9661 517.0961 196.7626 1.4708 1.5620 3.8739 -9.3850 2.0234 63.1531 1.1659 0.2277
Car -1 -1 3.4948 351.9479 178.6767 462.7633 215.8844 1.4613 1.5988 4.0766 -8.2486 1.7080 29.6058 3.2250 0.2238
Car -1 -1 1.7186 490.0910 179.0090 543.8295 221.8214 1.7304 1.7598 4.0636 -4.0068 2.0192 31.8048 1.5937 0.1796
Car -1 -1 4.5271 405.6807 180.3077 458.7856 218.8360 1.4913 1.5730 3.4699 -7.5590 1.8267 30.5697 4.2862 0.1668
Car -1 -1 1.9391 0.0000 196.0658 63.0340 278.2987 1.3969 1.6408 4.0969 -13.6588 1.9731 15.7064 1.2317 0.1094
Car -1 -1 4.2101 572.8465 162.3051 614.8257 188.1349 2.1096 1.8473 4.0181 -1.3692 1.2480 61.1319 4.1875 0.1075
Car -1 -1 1.1284 469.6322 183.4744 510.8720 203.8645 1.5388 1.6571 4.2709 -9.7924 2.4400 59.0003 0.9642 0.1004
Car -1 -1 4.9355 494.8273 181.2929 545.1682 214.9030 1.5015 1.5844 4.0524 -4.3244 1.9398 35.3828 4.8142 0.0924
Car -1 -1 4.9415 0.0000 198.0418 369.5430 375.0000 1.5367 1.6220 4.0233 -1.7981 1.7084 2.7544 4.4041 0.0894
Car -1 -1 4.8960 381.5363 178.4938 425.9540 209.9207 1.4892 1.5548 3.4528 -10.3917 1.7895 36.6241 4.6210 0.0839
Car -1 -1 1.4427 491.0382 180.4645 517.1132 200.6455 1.5698 1.6216 4.2145 -8.8145 2.2271 60.0696 1.2972 0.0794
Car -1 -1 0.8244 0.0000 221.1105 197.0870 375.0000 1.4861 1.6161 4.0635 -4.7926 1.8107 4.0118 -0.0167 0.0771
Car -1 -1 -0.1649 387.8533 175.6286 477.8394 208.1745 1.5558 1.6171 4.1932 -8.8919 1.7016 36.3269 -0.4036 0.0757
Car -1 -1 4.1374 298.6115 175.1236 386.5555 213.8313 1.4376 1.5580 3.6384 -10.6526 1.5333 28.7131 3.7848 0.0687
Car -1 -1 4.3684 591.3881 170.4554 624.0869 187.8889 1.5278 1.6424 4.2068 -0.2038 1.3176 65.4895 4.3650 0.0684
Car -1 -1 -0.0832 491.7466 190.4556 549.2628 213.4988 1.4947 1.7330 3.8194 -6.1814 2.7431 49.9357 -0.2062 0.0666
Car -1 -1 4.4953 419.4219 173.9763 457.6449 198.0546 1.4663 1.5771 3.9206 -10.9990 1.5415 46.2443 4.2628 0.0665
Car -1 -1 1.9004 464.1279 175.3736 534.3113 217.4250 1.6577 1.7166 4.1206 -4.6323 1.7732 30.8871 1.7522 0.0657
Car -1 -1 0.2996 464.2117 180.7220 564.1045 216.1705 1.5666 1.7032 4.3033 -4.4127 1.9463 33.6231 0.1696 0.0652
Car -1 -1 1.5440 496.4062 178.2485 516.1738 196.7825 1.5015 1.5682 4.0051 -8.8684 1.9792 61.7868 1.4017 0.0628
Car -1 -1 3.2239 466.0022 180.6962 557.3387 216.8087 1.5521 1.6499 3.9307 -4.3285 1.9136 32.3356 3.0914 0.0619
Car -1 -1 0.3808 508.9072 183.5038 560.7109 201.9888 1.4827 1.6472 4.0147 -6.2863 2.3993 60.7629 0.2778 0.0566
Car -1 -1 1.4664 505.2912 178.8218 555.6070 221.3036 1.6342 1.6808 4.2887 -3.4295 1.9067 30.6704 1.3554 0.0563
Car -1 -1 0.5824 0.0000 200.9611 236.6497 375.0000 1.4934 1.6179 4.0546 -3.8877 1.6593 2.8730 -0.3075 0.0548
Car -1 -1 4.9122 372.5667 177.8797 433.4075 216.3898 1.4487 1.6120 4.1302 -8.4467 1.6711 29.8158 4.6380 0.0518