Car -1 -1 4.4858 738.5054 180.7186 861.3171 261.5411 1.3455 1.5504 3.3523 3.5573 1.5168 14.0287 4.7282 0.9477
Car -1 -1 4.5660 724.9062 176.9389 811.7662 240.4414 1.4974 1.6744 3.9473 4.1243 1.6181 19.2949 4.7727 0.5483
Car -1 -1 4.9173 728.8362 160.5085 800.0776 208.0605 1.4645 1.6252 3.6806 5.2692 1.0843 24.2331 5.1285 0.2546
Car -1 -1 0.0700 725.8538 165.9510 843.2549 214.5952 1.4608 1.5156 3.5176 5.5676 1.2535 22.9183 0.3049 0.2147
Car -1 -1 -0.8764 802.4065 166.3343 892.8793 200.8540 1.4356 1.5889 4.0067 10.4994 1.1645 31.7451 -0.5601 0.1689
Car -1 -1 5.1122 713.3296 155.5469 756.7475 184.0257 2.2056 1.8940 4.3911 10.1682 0.8652 58.2391 5.2840 0.0934
Car -1 -1 1.7382 758.3293 175.9530 806.6293 210.4618 1.5639 1.6454 4.0750 8.5098 1.7249 35.2916 1.9724 0.0820
Car -1 -1 4.9270 769.1083 150.6048 811.0541 184.5504 2.0965 1.8240 4.0321 11.7434 0.7224 46.7748 5.1713 0.0791
Car -1 -1 4.5555 766.5974 169.8493 809.4636 200.1420 1.4888 1.5831 3.7089 9.1877 1.3411 37.3744 4.7944 0.0752
Car -1 -1 3.4013 675.4288 168.8829 798.2459 217.4712 1.4840 1.5622 3.6647 4.1427 1.3627 23.5125 3.5730 0.0748
Car -1 -1 4.3485 780.8565 166.6268 849.0007 200.0904 1.4073 1.6248 3.9540 9.1289 1.1454 32.3874 4.6206 0.0720
Car -1 -1 3.4503 741.7165 153.4097 810.4720 179.8540 1.6256 1.6557 3.9631 10.6205 0.4303 46.0760 3.6753 0.0681
Car -1 -1 3.1380 774.5980 169.1054 853.4164 200.2329 1.5017 1.6041 3.7103 10.1893 1.3208 36.0756 3.4108 0.0578
Car -1 -1 1.2887 780.1338 169.4436 837.2495 202.6004 1.4945 1.6005 3.8729 9.4380 1.3408 34.4733 1.5533 0.0566
Car -1 -1 1.4511 850.9415 191.7554 952.0947 271.6322 1.4667 1.6129 3.9026 6.4603 1.9491 16.3278 1.8207 0.0504