Car -1 -1 2.9343 828.1927 185.9183 1031.1279 259.3328 1.4404 1.6274 3.7778 6.8161 1.7463 15.7326 3.3355 0.9427
Car -1 -1 2.6121 1049.3197 180.1344 1242.0000 259.1803 1.4838 1.6291 4.3285 11.7439 1.6444 14.8328 3.2716 0.9183
Car -1 -1 4.3750 640.4880 181.4586 721.5845 232.6777 1.4834 1.5593 3.4013 2.2313 1.7839 23.3540 4.4682 0.8877
Car -1 -1 4.4912 574.6769 182.1798 619.3820 212.9049 1.4851 1.5950 3.6117 -0.7083 2.0013 37.9990 4.4721 0.8206
Car -1 -1 2.4861 523.8123 179.7868 582.1848 202.4184 1.5675 1.6942 4.1100 -4.1408 2.0980 53.2079 2.4083 0.4041
Car -1 -1 2.0126 657.2766 172.5469 698.8613 193.7943 1.4997 1.5535 3.8247 5.0653 1.4780 52.9689 2.1071 0.2554
Car -1 -1 5.3463 612.1014 175.1145 665.7910 199.2193 1.5863 1.6466 4.0313 2.0744 1.7494 49.9643 5.3871 0.2144
Car -1 -1 4.6423 702.2098 174.3154 725.9716 194.7772 1.5479 1.5864 3.7447 8.1946 1.6668 56.7824 4.7845 0.2035
Car -1 -1 4.2581 506.2412 173.8004 545.2502 192.9531 1.4528 1.5689 3.7526 -6.6445 1.5301 56.9323 4.1421 0.1667
Car -1 -1 3.8101 584.2970 178.4282 642.6458 201.1710 1.4766 1.5764 3.8604 0.2450 1.8735 49.5584 3.8146 0.1051
Car -1 -1 1.5212 716.0342 182.9017 755.5577 217.6952 1.4408 1.5822 3.6704 5.7040 1.9257 32.9026 1.6907 0.0961
Car -1 -1 4.4090 551.5296 182.3583 598.9966 209.9962 1.4849 1.6389 4.0921 -2.0732 2.0735 42.4841 4.3600 0.0851
Car -1 -1 1.7100 523.4492 180.6817 554.1017 203.2683 1.5398 1.6664 4.1627 -5.1332 2.1352 52.7686 1.6130 0.0761
Car -1 -1 1.2383 567.7662 182.0437 614.4788 211.4185 1.5103 1.5132 3.5869 -1.0745 2.0479 40.2605 1.2112 0.0760
Car -1 -1 1.4900 708.6748 182.1507 742.0238 211.0697 1.4602 1.5016 3.6978 6.3035 1.9943 39.5538 1.6463 0.0755
Car -1 -1 1.4435 551.5547 186.6467 583.1427 211.2769 1.4812 1.5970 3.9544 -2.8371 2.4354 47.8250 1.3840 0.0747
Car -1 -1 4.6668 614.0768 176.5600 639.7856 199.7141 1.5316 1.6090 4.0117 1.1781 1.8009 50.4008 4.6896 0.0712
Car -1 -1 3.9107 716.0464 164.0284 777.6176 190.4989 1.7013 1.6868 4.0205 9.1782 1.1340 48.5014 4.0963 0.0708
Car -1 -1 -0.6120 515.6375 173.3329 572.5682 193.4888 1.5370 1.6756 4.3097 -5.1549 1.5763 57.1498 -0.7019 0.0698
Car -1 -1 1.5460 714.1249 189.3293 764.4749 234.3821 1.4324 1.6863 3.8305 4.6911 2.0821 26.4358 1.7189 0.0672
Car -1 -1 -0.5254 699.5645 174.1953 753.1976 194.2247 1.5085 1.6204 3.8088 9.0598 1.6153 55.9741 -0.3662 0.0640
Car -1 -1 4.6210 710.1170 176.5093 750.9526 209.6688 1.5446 1.6555 3.8256 5.9819 1.7370 36.0100 4.7838 0.0639
Car -1 -1 0.1707 709.1914 176.6006 794.8083 209.5436 1.4912 1.6167 3.7888 6.7990 1.6774 34.4161 0.3636 0.0628
Car -1 -1 -0.6472 1014.9479 172.7189 1202.3455 236.1496 1.4578 1.4932 3.5508 11.9677 1.4547 17.4239 -0.0537 0.0626
Car -1 -1 1.5951 684.9606 183.6306 722.9121 218.6145 1.4497 1.6345 4.0383 4.4044 1.9791 33.3270 1.7247 0.0616
Car -1 -1 4.5945 516.0053 182.3338 552.7748 210.2727 1.4696 1.6336 4.1108 -4.3827 2.0452 41.6224 4.4897 0.0595
Car -1 -1 0.8654 517.7636 187.6131 574.9856 212.6705 1.4804 1.6478 3.7639 -4.1258 2.4764 46.7830 0.7774 0.0580
Car -1 -1 1.9234 596.5844 184.7837 649.2219 214.0851 1.5095 1.6556 4.2127 0.8240 2.2294 41.2782 1.9425 0.0576
Car -1 -1 4.2474 658.0053 174.6587 701.2023 195.0072 1.4706 1.6251 4.0178 5.2626 1.6128 54.6978 4.3424 0.0574
Car -1 -1 4.7418 716.5830 174.1219 738.7783 194.3799 1.5328 1.6148 4.0490 9.3599 1.6367 57.0019 4.9034 0.0568
Car -1 -1 3.7643 845.3865 158.2120 1026.5758 219.1379 1.4356 1.6395 4.2221 8.5265 1.0906 19.2345 4.1756 0.0563
Car -1 -1 1.1463 641.4975 173.3839 683.7184 194.1030 1.4658 1.5920 4.0204 3.8729 1.5065 53.3183 1.2180 0.0555
Car -1 -1 4.8848 759.0674 165.4419 788.0446 187.6648 1.6946 1.6417 3.6017 12.9820 1.1294 56.9980 5.1073 0.0513