Car -1 -1 1.3168 266.0729 183.1297 358.3943 234.8021 1.4120 1.6738 4.3118 -9.4855 1.7689 22.8294 0.9267 0.8412
Car -1 -1 3.9667 0.0000 176.0378 207.7878 292.3501 1.8996 1.7990 4.4598 -9.9439 1.9634 13.1542 3.3289 0.8300
Car -1 -1 1.5332 195.8489 183.4204 255.9921 234.1174 1.3984 1.5429 3.5270 -12.0707 1.7576 22.6128 1.0474 0.6800
Car -1 -1 5.1779 365.5826 166.3338 468.1942 218.2487 1.4662 1.5539 3.7055 -5.8515 1.2820 22.3523 4.9244 0.2263
Car -1 -1 0.7099 289.7794 175.0607 389.5391 214.1809 1.6219 1.6453 3.9762 -11.7927 1.7228 31.5410 0.3545 0.2218
Car -1 -1 4.5869 405.8818 171.1531 453.8489 204.6721 1.3971 1.5914 3.9939 -8.0774 1.3262 32.2237 4.3429 0.1590
Car -1 -1 3.9348 61.7226 159.3199 147.6259 183.9219 1.4783 1.6296 4.5517 -31.1687 0.6650 44.5759 3.3273 0.1588
Car -1 -1 4.9925 304.2277 177.7627 364.5975 213.2782 1.5228 1.6206 3.7652 -12.6613 1.7634 33.4157 4.6326 0.1501
Car -1 -1 3.9999 0.0000 162.6298 79.3599 190.2087 1.4575 1.6119 3.9568 -31.2774 0.9171 39.2948 3.3308 0.1444
Car -1 -1 3.4988 235.8233 178.9599 340.5091 212.0138 1.4340 1.6155 4.0033 -14.4384 1.7174 32.5646 3.0842 0.1391
Car -1 -1 0.3715 170.3675 168.4994 275.1487 200.7012 1.4627 1.6432 4.0051 -18.0548 1.2649 33.8212 -0.1157 0.1299
Car -1 -1 3.4327 45.4650 163.6443 152.0726 195.1603 1.5154 1.6394 4.0522 -25.4570 1.0725 36.1079 2.8220 0.1199
Car -1 -1 0.3552 337.4532 178.1890 463.1758 219.8773 1.5097 1.6279 4.2788 -7.8769 1.7192 27.3563 0.0770 0.1124
Car -1 -1 4.8544 221.8086 174.6373 273.9980 207.5922 1.4331 1.6263 3.9073 -16.8231 1.5217 33.7158 4.3945 0.1099
Car -1 -1 1.6333 367.3557 178.2467 418.6062 222.8722 1.5265 1.5915 4.0759 -8.1382 1.7472 27.3686 1.3465 0.1003
Car -1 -1 5.1322 405.7986 163.6910 503.3620 217.2697 1.4839 1.5224 3.6575 -4.6009 1.2301 21.9319 4.9274 0.0888
Car -1 -1 2.1128 380.7863 174.2834 473.5047 216.3784 1.4954 1.6416 3.9919 -6.9535 1.5550 27.9275 1.8705 0.0841
Car -1 -1 1.6181 226.9964 168.9521 269.4199 201.4247 1.4755 1.6346 3.9508 -17.4268 1.2982 34.9228 1.1581 0.0830
Car -1 -1 4.9363 102.7625 166.9221 159.5437 197.6054 1.5061 1.6204 3.8972 -24.7984 1.2149 37.5263 4.3555 0.0819
Car -1 -1 3.9512 87.1999 157.9177 189.8415 191.2334 1.5293 1.6612 4.2110 -22.4473 0.8437 34.4193 3.3767 0.0804
Car -1 -1 5.0450 306.9175 177.6386 375.6411 214.3031 1.5255 1.6641 4.0442 -12.0205 1.7551 32.5900 4.6939 0.0802
Car -1 -1 4.8382 190.6658 164.0497 229.4796 191.9731 1.7097 1.6934 3.8796 -25.5740 1.1706 46.2935 4.3358 0.0774
Car -1 -1 4.8430 249.0718 181.0737 298.8187 215.0927 1.4372 1.6007 3.7807 -15.5179 1.8423 33.5133 4.4120 0.0739
Car -1 -1 5.1907 180.0539 167.1476 259.5768 200.2563 1.4812 1.6340 4.0424 -18.4206 1.2259 34.3095 4.7010 0.0730
Car -1 -1 3.2741 293.9192 180.9705 413.0278 223.5368 1.4996 1.6285 4.0269 -9.5124 1.8178 27.0816 2.9390 0.0722
Car -1 -1 3.4637 265.3283 179.9501 373.4464 214.5887 1.4848 1.6082 4.1855 -12.8909 1.8108 32.2257 3.0856 0.0692
Car -1 -1 0.3179 90.7043 163.6561 196.9047 195.0936 1.5415 1.6553 4.2325 -23.5961 1.0905 36.7057 -0.2502 0.0661
Car -1 -1 5.0669 164.1512 164.0372 233.0347 198.0897 1.5162 1.6098 3.7570 -19.3323 1.1236 34.1081 4.5544 0.0621
Car -1 -1 4.0344 0.0000 160.8359 83.1476 194.1206 1.5444 1.6266 4.0319 -27.7281 0.9867 34.7167 3.3641 0.0564
Car -1 -1 1.6143 403.1122 174.8156 445.8382 212.8990 1.4924 1.5702 3.9453 -7.7827 1.5812 30.5817 1.3668 0.0556
Car -1 -1 3.4704 178.0601 175.4567 284.9141 209.6412 1.4844 1.6292 3.9609 -16.9992 1.6059 32.5977 2.9928 0.0556
Car -1 -1 4.7937 144.0861 166.2068 191.4921 199.1227 1.5367 1.6627 4.1407 -21.9127 1.2264 35.9090 4.2490 0.0550
Car -1 -1 4.7297 285.9104 177.0976 326.3535 211.0139 1.4355 1.6216 3.9907 -13.9208 1.6436 33.2323 4.3355 0.0542
Car -1 -1 4.6491 363.5909 174.2292 412.4279 215.3033 1.4943 1.6025 3.9017 -8.8027 1.5526 28.4984 4.3517 0.0535
Car -1 -1 5.0059 436.3008 163.7177 524.4969 214.6682 1.4767 1.6546 4.0197 -4.0029 1.2119 23.0079 4.8352 0.0532
Car -1 -1 1.6775 323.6657 179.6419 380.0251 222.9214 1.4836 1.6001 3.8183 -9.7123 1.7607 27.4153 1.3397 0.0528
Car -1 -1 3.6785 214.4917 180.5582 316.8339 213.6227 1.4667 1.6291 4.0216 -15.9118 1.8348 33.4769 3.2376 0.0528
Car -1 -1 0.3137 135.5297 161.7953 246.0421 196.4700 1.5399 1.6451 4.0977 -19.2146 1.0488 33.2680 -0.2067 0.0501