Car -1 -1 4.7530 592.3618 173.7367 619.6757 199.3264 1.6197 1.6525 3.8070 -0.1988 1.6805 47.7363 4.7484 0.5659
Car -1 -1 1.9946 234.2417 176.1984 328.6564 226.1437 1.8687 1.8071 4.4958 -13.2907 2.0161 29.5500 1.5749 0.2927
Car -1 -1 4.7164 311.8560 169.9037 333.2622 189.3560 1.5764 1.6201 3.7165 -24.0486 1.3373 60.4986 4.3393 0.1931
Car -1 -1 3.0932 625.3672 170.8532 668.8489 186.7045 1.4913 1.6778 4.0585 3.5512 1.3031 68.7291 3.1443 0.1248
Car -1 -1 1.6659 200.3601 194.3247 246.4184 227.9858 1.4802 1.6673 4.1872 -19.6539 2.6440 36.8567 1.1787 0.1184
Car -1 -1 -0.2507 581.5892 174.1935 646.0616 198.9008 1.5702 1.6354 3.9402 0.2654 1.6603 47.2651 -0.2456 0.1020
Car -1 -1 1.3419 584.7964 179.7791 621.6319 204.6092 1.5772 1.6265 4.0675 -0.4783 2.0704 49.2110 1.3317 0.0892
Car -1 -1 1.5545 309.0641 172.2760 331.9208 193.4460 1.6586 1.6644 4.2248 -23.5832 1.6134 58.8015 1.1744 0.0889
Car -1 -1 5.4428 238.1546 199.1931 348.5146 248.9155 1.4333 1.5914 3.3770 -10.6856 2.3995 24.6167 5.0367 0.0735
Car -1 -1 5.1173 257.8080 167.4160 305.8291 189.1780 1.4883 1.6349 4.0691 -23.2773 1.1164 51.3963 4.6938 0.0685
Car -1 -1 1.6547 585.7952 174.1114 616.5682 199.5396 1.5511 1.6388 4.0537 -0.4958 1.6354 46.3010 1.6436 0.0672
Car -1 -1 4.5674 572.9099 174.5802 606.5887 199.2977 1.5576 1.6790 3.9178 -1.3549 1.6769 47.8314 4.5388 0.0671
Car -1 -1 1.8076 307.5271 189.8918 347.7994 214.5629 1.5131 1.6680 3.9498 -19.1547 2.7231 49.1760 1.4376 0.0659
Car -1 -1 3.8142 276.2423 170.9703 331.7009 190.5520 1.5695 1.6700 4.0271 -25.0546 1.4185 59.1812 3.4151 0.0634
Car -1 -1 5.1815 306.1218 195.3694 375.2627 229.7222 1.4861 1.6696 3.7909 -13.2503 2.6647 35.7885 4.8288 0.0632
Car -1 -1 4.5985 254.7160 163.7445 287.1949 186.3197 1.5210 1.6493 3.7919 -23.8004 0.9072 50.6600 4.1612 0.0601
Car -1 -1 3.2838 577.5858 175.1582 641.2651 200.7339 1.6819 1.6584 4.1099 0.0143 1.8412 48.7615 3.2836 0.0585
Car -1 -1 2.7395 317.9867 193.8460 442.2801 240.4285 1.4218 1.6684 3.8590 -8.0897 2.2217 25.6089 2.4359 0.0565
Car -1 -1 0.4312 235.0294 167.0917 304.8539 188.0575 1.4787 1.6213 4.2389 -24.3002 1.0723 51.7118 -0.0063 0.0553
Car -1 -1 1.5055 299.5514 195.6396 341.4095 230.6929 1.4811 1.6592 3.7219 -14.1296 2.6561 35.1716 1.1257 0.0552
Car -1 -1 -0.6390 598.4198 174.7401 666.7327 199.3587 1.5465 1.6984 4.3451 1.5428 1.6759 47.5604 -0.6072 0.0547
Car -1 -1 1.4011 307.0826 180.8947 340.2681 202.8236 1.5606 1.6676 4.2800 -21.9305 2.2017 55.2690 1.0247 0.0547
Car -1 -1 3.6228 293.1315 196.7164 381.8416 229.5835 1.4826 1.6594 3.6926 -13.2077 2.6789 35.1239 3.2651 0.0546
Car -1 -1 1.7012 302.3061 192.0495 365.0937 239.2814 1.4858 1.6361 3.9254 -10.0401 2.2466 26.4997 1.3418 0.0539
Car -1 -1 1.5290 357.3426 179.6514 380.1546 199.9191 1.5343 1.5817 4.0665 -19.4723 2.1038 58.2679 1.2076 0.0529
Car -1 -1 3.3252 558.2433 174.3691 623.9058 198.4741 1.5275 1.6238 4.0457 -1.1817 1.6285 46.9838 3.2998 0.0515
Car -1 -1 1.5359 223.0202 194.0549 267.5425 231.0718 1.4591 1.6942 4.1939 -16.8358 2.5023 33.2596 1.0702 0.0514
Car -1 -1 4.3328 282.2145 175.8777 324.1869 197.4446 1.6411 1.6832 4.1024 -24.4510 1.8907 57.5277 3.9323 0.0501