Car -1 -1 4.9998 284.4135 193.1011 471.8214 307.1885 1.4496 1.6406 4.2173 -3.4031 1.5993 11.5397 4.7189 0.9745
Car -1 -1 5.1571 125.9669 196.5344 308.1067 280.0290 1.3789 1.6090 3.9446 -7.5680 1.6372 14.4100 4.6808 0.9518
Car -1 -1 4.7202 574.1318 181.4760 607.6862 211.4882 1.5046 1.6823 3.8048 -0.8443 1.3171 37.9518 4.6977 0.9165
Car -1 -1 4.8306 441.8449 185.6018 501.4136 226.6069 1.4235 1.6965 4.3495 -5.0414 1.4393 27.2216 4.6488 0.7786
Car -1 -1 5.0014 310.7735 180.8975 403.1265 230.2433 1.4736 1.6384 4.4787 -8.1167 1.3446 23.7348 4.6750 0.7583
Car -1 -1 5.1905 434.2821 184.7130 490.1320 211.9025 1.4730 1.5759 3.7249 -8.1988 1.4458 40.9533 4.9938 0.6054
Car -1 -1 5.1004 234.4581 182.2519 320.6635 222.8090 1.4945 1.6289 4.1997 -12.9943 1.3853 28.6158 4.6774 0.5850
Car -1 -1 5.2988 104.3250 190.8886 244.0495 246.4195 1.4531 1.6015 3.9258 -12.5989 1.6364 21.2252 4.7683 0.5522
Car -1 -1 1.4462 417.5930 185.6812 443.7183 204.8083 1.4812 1.5678 3.9274 -14.2434 1.5200 57.8839 1.2056 0.3249
Car -1 -1 1.7820 378.1667 182.2677 432.9561 216.9140 1.4287 1.5423 3.7992 -8.7852 1.3071 31.5849 1.5125 0.3134
Car -1 -1 1.6948 291.0314 175.7018 327.1461 202.8350 1.5264 1.5522 3.3250 -17.4740 0.9912 42.2467 1.3046 0.2617
Car -1 -1 1.5547 484.1559 190.3447 505.9787 210.9458 1.5745 1.6787 4.2274 -9.1188 2.0061 58.2733 1.3996 0.2550
Car -1 -1 1.7624 110.5933 185.7310 143.9979 205.3147 1.5163 1.5748 3.5551 -38.4777 1.5591 57.7049 1.1760 0.1915
Car -1 -1 3.5033 330.4443 185.9391 426.3727 220.2883 1.4213 1.5344 3.5858 -9.7101 1.4530 30.6490 3.1986 0.1860
Car -1 -1 1.3694 524.8416 177.5592 556.0395 199.2867 1.5355 1.5406 3.8670 -4.9453 0.9944 52.8758 1.2762 0.1635
Car -1 -1 0.3008 451.4140 183.3804 497.6091 198.5694 1.4325 1.5872 4.0613 -12.6858 1.2594 68.8258 0.1188 0.1387
Car -1 -1 3.7704 46.5846 192.2258 195.6224 247.6999 1.4634 1.5699 3.1176 -13.4689 1.6670 20.0287 3.1842 0.1332
Car -1 -1 0.4040 178.9483 184.8433 296.2969 225.3695 1.4798 1.5743 3.6139 -13.8852 1.4662 27.1516 -0.0650 0.1241
Car -1 -1 1.6731 112.9962 172.2273 176.5567 215.1841 1.4439 1.5370 3.8821 -16.7891 1.0073 26.2427 1.1085 0.1147
Car -1 -1 1.4361 416.0771 181.8581 445.6848 202.8410 1.5475 1.6586 4.2333 -13.5952 1.2999 55.2903 1.1957 0.1044
Car -1 -1 1.6331 45.5336 216.8402 145.1845 294.8093 1.4457 1.6456 3.7633 -11.9747 2.2839 17.0163 1.0267 0.0987
Car -1 -1 1.7430 507.2415 170.1091 546.5508 199.9381 1.6769 1.6417 3.9923 -4.6892 0.8276 42.4552 1.6333 0.0981
Car -1 -1 4.6922 513.5306 163.3678 542.4675 191.6370 1.6855 1.7168 3.8520 -4.9808 0.3829 44.8829 4.5820 0.0929
Car -1 -1 1.6283 474.0359 190.8133 498.8351 211.1741 1.5233 1.7191 3.6934 -9.5030 1.9803 56.7687 1.4627 0.0921
Car -1 -1 2.0377 486.2724 191.4389 525.3624 211.5034 1.5287 1.7659 3.4131 -8.1219 2.0460 57.8493 1.8984 0.0899
Car -1 -1 1.9546 420.0097 182.7902 473.4782 210.7670 1.4741 1.5899 3.7725 -8.8345 1.3463 39.8689 1.7375 0.0889
Car -1 -1 4.5075 424.3415 183.6653 466.7823 210.8870 1.4842 1.6187 3.9052 -9.3303 1.3997 41.3073 4.2864 0.0885
Car -1 -1 1.6898 424.5817 185.0905 451.9384 205.8427 1.5755 1.6014 4.2849 -13.3044 1.5660 56.7936 1.4603 0.0835
Car -1 -1 0.3575 94.4285 192.2983 257.1563 246.1136 1.4305 1.5610 3.6581 -12.1661 1.6429 20.4773 -0.1732 0.0824
Car -1 -1 0.1618 376.3710 180.6183 474.6253 215.6102 1.4468 1.5731 3.8570 -7.6861 1.2567 30.6639 -0.0821 0.0777
Car -1 -1 1.4964 452.4286 184.7816 476.3621 204.4321 1.4980 1.5676 3.9749 -11.3362 1.4649 56.9248 1.3002 0.0767
Car -1 -1 2.1577 71.9127 192.5369 198.2052 250.2245 1.4489 1.5313 2.9500 -12.9545 1.6669 19.9197 1.5869 0.0762
Car -1 -1 5.0486 257.7448 187.1107 334.0018 225.5566 1.4962 1.6575 4.1387 -13.0115 1.5816 30.3039 4.6458 0.0746
Car -1 -1 3.5242 223.0635 183.7553 382.4721 233.1012 1.4735 1.6280 4.2545 -9.3516 1.4299 22.3015 3.1311 0.0745
Car -1 -1 3.1230 531.4890 175.9887 582.6431 197.2513 1.5033 1.5982 3.6198 -3.6200 0.8509 51.7791 3.0532 0.0739
Car -1 -1 1.6772 401.7790 207.2754 479.7879 268.4258 1.4229 1.7080 3.8554 -4.5648 2.1042 20.1905 1.4571 0.0675
Car -1 -1 3.7514 31.4388 174.1881 171.8075 217.7836 1.4793 1.6100 3.7934 -17.6485 1.1051 25.2047 3.1454 0.0672
Car -1 -1 1.8125 194.4665 174.5690 256.0146 209.2406 1.4938 1.5870 3.9339 -17.4823 1.0351 33.0719 1.3294 0.0665
Car -1 -1 4.0234 266.2735 176.3439 332.4519 201.3717 1.4681 1.6045 3.8844 -18.7531 0.9477 43.7732 3.6206 0.0657
Car -1 -1 2.0981 500.1543 191.2341 545.2859 211.5650 1.5237 1.8166 3.9837 -6.6943 2.0222 57.3586 1.9819 0.0631
Car -1 -1 1.6096 477.2321 186.3185 495.6843 203.6177 1.5804 1.5570 4.3422 -11.4278 1.6886 68.2137 1.4438 0.0624
Car -1 -1 1.5816 464.9026 184.5551 481.8409 200.7259 1.4872 1.5347 4.0906 -12.6820 1.4265 68.2607 1.3981 0.0621
Car -1 -1 1.6558 532.8532 176.7398 566.1465 205.5413 1.6176 1.6177 4.0074 -3.3551 1.1416 42.3818 1.5769 0.0618
Car -1 -1 1.8586 359.6734 186.6288 425.0816 224.0118 1.4446 1.5772 3.7764 -8.8231 1.5070 29.8126 1.5729 0.0615
Car -1 -1 1.7864 42.0471 189.0993 134.1158 239.2122 1.4390 1.5720 3.8659 -16.5130 1.5748 23.0519 1.1700 0.0586
Car -1 -1 3.7004 279.2063 181.6525 429.2198 227.8009 1.4422 1.6430 4.4958 -8.3328 1.3308 23.7670 3.3665 0.0576
Car -1 -1 1.8357 288.5252 181.5938 379.3609 233.7201 1.4503 1.6049 3.9057 -8.2420 1.3496 22.0181 1.4812 0.0574
Car -1 -1 4.3126 339.8281 186.9804 655.0147 376.0000 1.4860 1.5680 3.8987 -1.3372 1.5083 7.0354 4.1313 0.0571
Car -1 -1 3.2937 474.9065 166.8960 542.0598 195.8982 1.5729 1.6557 3.4751 -5.4340 0.5794 39.8449 3.1588 0.0565
Car -1 -1 -0.4552 497.4900 164.4927 566.0976 191.6438 1.5991 1.6535 3.8466 -4.6059 0.3786 44.0583 -0.5590 0.0555
Car -1 -1 1.1846 393.9857 184.7205 431.9886 204.3559 1.4967 1.6191 3.7114 -15.3613 1.4590 56.7636 0.9210 0.0550
Car -1 -1 0.1141 541.2525 176.4496 596.4900 197.7077 1.4864 1.6095 3.7680 -2.7020 0.8734 51.1813 0.0613 0.0539
Car -1 -1 3.7682 206.4479 182.1341 326.1415 222.1516 1.4987 1.6453 4.0351 -13.2935 1.3833 28.1078 3.3298 0.0537
Car -1 -1 0.1806 469.8104 192.2398 516.4763 212.1636 1.5436 1.7425 3.4123 -9.0557 2.1119 57.2481 0.0239 0.0514
Car -1 -1 1.6986 431.3858 185.3831 492.9703 232.8551 1.5452 1.6371 3.8529 -5.0370 1.5516 25.3887 1.5043 0.0514
Car -1 -1 3.9059 82.6912 190.6816 249.6329 244.8364 1.4877 1.6184 4.2952 -13.0070 1.6589 21.2612 3.3622 0.0506
Car -1 -1 1.8637 397.4123 179.7579 434.8870 201.0049 1.5317 1.6257 3.9837 -14.2577 1.1382 53.8411 1.6057 0.0503
Car -1 -1 4.6014 461.2957 215.5787 555.7224 296.8630 1.4634 1.7223 3.9101 -2.3925 2.2547 16.6254 4.4599 0.0501