Car -1 -1 1.8482 284.4792 176.5197 483.6475 312.2183 1.6343 1.7069 4.0692 -3.1067 1.6998 10.8380 1.5745 0.9573
Car -1 -1 4.8741 451.9184 182.5499 535.6365 246.0305 1.4365 1.5624 3.5674 -2.8921 1.7114 18.6653 4.7217 0.9568
Car -1 -1 1.4854 633.1445 176.5341 675.9489 209.2566 1.5045 1.7591 4.1231 2.1671 1.6974 35.7272 1.5449 0.9044
Car -1 -1 4.2264 850.8711 203.2747 1242.0000 375.0000 1.4243 1.5620 3.6386 2.4050 1.6485 3.4399 4.7960 0.7347
Car -1 -1 1.7916 551.4712 169.4290 587.9437 193.9702 1.7688 1.7841 4.5735 -2.9518 1.5220 54.4084 1.7373 0.6615
Car -1 -1 4.6783 632.0876 168.6904 655.4970 190.4722 1.5702 1.6131 3.8806 2.5286 1.2700 53.9627 4.7246 0.3929
Car -1 -1 1.5526 522.6860 175.8952 545.6622 198.5074 1.5191 1.5444 3.9861 -5.3692 1.7432 51.1033 1.4480 0.2850
Car -1 -1 4.8420 439.6245 159.0335 471.7018 183.2292 1.5019 1.5569 3.7170 -9.9186 0.6440 46.7023 4.6337 0.2815
Car -1 -1 2.3869 1035.8547 207.4489 1242.0000 294.3083 1.5027 1.5612 3.8121 10.7495 2.2358 14.2869 3.0210 0.1313
Car -1 -1 0.9540 916.7509 177.5312 1242.0000 369.2632 1.4638 1.6737 4.5083 5.2549 1.5300 7.9125 1.5224 0.1254
Car -1 -1 0.2894 309.8471 175.8688 450.2183 227.3691 1.4825 1.4797 3.7398 -6.8042 1.5760 21.6228 -0.0124 0.1147
Car -1 -1 0.6933 0.0000 0.0000 1191.9272 375.0000 1.4969 1.6144 4.2040 2.3951 1.5777 1.7849 1.5471 0.1061
Car -1 -1 2.0584 629.1937 168.2220 671.5377 189.4673 1.5107 1.5796 3.6864 3.0482 1.1813 53.2923 2.1149 0.0925
Car -1 -1 1.7167 548.9686 174.2742 580.8542 199.0877 1.6660 1.6810 3.9258 -3.0959 1.7698 50.7050 1.6556 0.0839
Car -1 -1 4.7060 573.3015 172.6081 591.9788 190.6992 1.5280 1.5773 3.9628 -2.3618 1.5072 62.9561 4.6683 0.0820
Car -1 -1 1.4386 565.1969 174.9403 596.6277 198.7747 1.5743 1.6568 4.0836 -2.0333 1.7256 50.1886 1.3979 0.0809
Car -1 -1 4.6969 496.7934 177.5587 522.3194 202.1078 1.5049 1.5804 3.6782 -6.5290 1.8234 46.9130 4.5590 0.0702
Car -1 -1 1.0019 1148.0664 205.6641 1242.0000 304.3802 1.4065 1.5462 3.6675 12.0018 2.1074 13.4880 1.7173 0.0690
Car -1 -1 4.3508 1058.2213 204.2378 1234.6589 297.6650 1.4822 1.6190 3.7734 10.7953 2.2161 14.8419 4.9691 0.0669
Car -1 -1 1.5962 518.3441 177.4052 544.4722 201.5049 1.5359 1.6524 4.1874 -5.2629 1.8582 48.9504 1.4893 0.0661
Car -1 -1 1.5224 550.9276 170.4144 577.0948 195.5046 1.7431 1.6929 4.0831 -3.3334 1.5736 52.2498 1.4587 0.0655
Car -1 -1 4.2256 883.6584 185.2930 1180.2581 329.5053 1.4644 1.6562 3.9169 5.2330 1.6642 9.6258 4.7098 0.0650
Car -1 -1 5.1778 438.2944 160.2015 485.0885 186.8194 1.7679 1.6884 3.6959 -10.1812 0.9276 49.9274 4.9774 0.0647
Car -1 -1 1.4729 572.0297 175.4392 597.3840 196.1766 1.6125 1.6521 4.3092 -2.0646 1.8316 58.9087 1.4376 0.0640
Car -1 -1 0.9235 1024.9967 179.2444 1242.0000 375.0000 1.5035 1.5800 4.0830 5.3319 1.5751 6.0013 1.6250 0.0630
Car -1 -1 2.7105 1171.1351 191.0990 1242.0000 283.1934 1.5116 1.6797 4.3278 13.7953 1.9024 13.9497 3.4791 0.0600
Car -1 -1 2.7764 630.2422 184.4507 698.2289 209.8502 1.4528 1.6817 3.7671 3.3100 2.1792 43.8460 2.8506 0.0592
Car -1 -1 4.8210 647.2252 167.0087 674.9085 190.2032 1.6924 1.6800 3.9165 3.9406 1.2659 54.7239 4.8922 0.0568
Car -1 -1 4.7418 519.7977 198.9244 1242.0000 375.0000 1.4922 1.5578 3.7405 1.1754 1.6787 3.1369 5.0680 0.0565
Car -1 -1 5.1189 626.4405 177.4349 678.5857 207.3459 1.4937 1.5358 3.4559 2.3353 1.7502 38.5004 5.1785 0.0551
Car -1 -1 3.7029 416.6550 161.2577 483.3869 185.0808 1.6277 1.6744 4.3699 -11.2356 0.8354 50.8254 3.4863 0.0548
Car -1 -1 -0.0695 524.6354 178.4613 583.5903 201.1922 1.5189 1.6146 3.9570 -3.8506 1.9146 49.8378 -0.1466 0.0534
Car -1 -1 -0.4331 1060.1163 202.8215 1242.0000 263.2982 1.4722 1.6928 4.0844 15.1201 2.3564 20.0434 0.2052 0.0527
Car -1 -1 4.9770 476.2733 174.6928 519.9510 201.9641 1.5186 1.5868 3.8294 -6.5003 1.6318 42.4398 4.8255 0.0525
Car -1 -1 1.6222 530.9344 184.7153 570.4280 220.4722 1.4543 1.5748 3.9416 -2.6106 2.0240 32.6604 1.5425 0.0523