Car -1 -1 1.7214 411.4062 185.9705 494.4937 245.4616 1.4258 1.6836 3.8126 -4.2510 1.8267 20.1028 1.5150 0.9606
Car -1 -1 4.4770 686.7631 186.0702 802.8079 269.8674 1.4380 1.5472 3.2897 2.6092 1.7365 14.6053 4.6492 0.9505
Car -1 -1 4.3145 763.2574 193.8777 1042.4861 375.0000 1.5008 1.5736 3.4025 2.9536 1.7862 8.0518 4.6528 0.9166
Car -1 -1 4.5632 650.6507 183.0041 736.1291 247.8205 1.5102 1.6960 3.8767 2.1415 1.8109 19.4016 4.6705 0.9090
Car -1 -1 2.1674 0.0000 196.2350 272.4379 375.0000 1.3974 1.5066 3.3531 -3.4056 1.5881 4.1695 1.5129 0.9057
Car -1 -1 1.7226 450.5773 187.8474 510.7612 234.4601 1.4789 1.5812 3.6499 -4.5530 2.0557 25.9179 1.5497 0.8654
Car -1 -1 4.6048 634.5107 183.8877 694.4522 229.9077 1.4109 1.6368 4.1020 1.8341 1.8280 25.1974 4.6758 0.8128
Car -1 -1 4.0045 949.5908 220.1714 1242.0000 375.0000 1.4475 1.5386 3.6109 2.9704 1.7613 2.9577 4.7421 0.5795
Car -1 -1 1.7336 484.9192 180.1483 530.0103 215.3623 1.6232 1.6085 3.9285 -5.0421 2.0078 36.0634 1.5951 0.5779
Car -1 -1 -0.0071 743.3172 163.3979 801.9422 184.5079 1.4978 1.6230 4.0918 11.8225 0.8269 52.4221 0.2133 0.4652
Car -1 -1 1.8199 651.4596 183.6331 692.0092 211.0928 1.7274 1.7490 4.3923 4.3248 2.5038 49.6059 1.9058 0.3125
Car -1 -1 1.6667 464.5902 184.4420 512.4159 222.5040 1.4500 1.6273 3.9691 -5.0935 1.9767 30.7613 1.5034 0.2469
Car -1 -1 1.7590 601.4814 179.6661 629.8099 199.4026 1.5013 1.5958 3.8630 0.5263 2.0715 58.3494 1.7676 0.2390
Car -1 -1 3.4095 786.8283 155.7987 859.0562 194.3398 1.5606 1.5896 2.6100 9.0424 0.8700 30.5776 3.6942 0.2320
Car -1 -1 1.5573 634.3655 178.8012 680.1984 223.2545 1.5848 1.6708 4.3411 1.8502 1.8381 28.5244 1.6207 0.2110
Car -1 -1 4.7719 465.5730 183.9634 507.8153 220.9446 1.5104 1.6528 3.6971 -5.4866 2.0412 32.5517 4.6057 0.2107
Car -1 -1 1.3941 628.2764 179.1031 679.2069 216.3553 1.4423 1.5149 3.6777 1.8060 1.7230 30.4945 1.4521 0.1757
Car -1 -1 2.9754 753.0621 162.5256 824.8953 189.4975 1.6219 1.7107 4.0591 10.9890 1.0008 44.3936 3.2163 0.1411
Car -1 -1 4.5233 760.5417 166.4572 797.7035 191.4139 1.5658 1.6442 3.9688 11.0603 1.1645 47.2854 4.7514 0.1237
Car -1 -1 4.4718 614.9875 178.2269 662.7247 208.6072 1.4550 1.6032 3.7749 1.4577 1.7475 37.2773 4.5100 0.1161
Car -1 -1 1.5637 465.5784 178.8851 511.0824 220.6976 1.5222 1.6836 4.3260 -4.9157 1.7853 29.2000 1.3978 0.1074
Car -1 -1 1.5467 662.9329 176.2155 686.4862 199.0366 1.5603 1.5883 3.8989 4.6551 1.8115 51.9165 1.6352 0.1068
Car -1 -1 2.6717 880.3425 208.7602 1242.0000 375.0000 1.5034 1.5931 4.0125 3.3303 1.7238 3.0597 3.4515 0.1055
Car -1 -1 1.8175 639.7320 185.2671 678.3308 210.1346 1.5413 1.7333 3.7997 3.3917 2.4176 48.8666 1.8857 0.1043
Car -1 -1 1.4844 768.1295 217.7377 1242.0000 375.0000 1.4764 1.5784 3.7616 1.8384 1.7872 2.9585 1.9951 0.1035
Car -1 -1 3.6368 423.9199 184.6389 520.2874 220.1676 1.4588 1.6169 3.8819 -6.0623 2.0018 31.8862 3.4499 0.0990
Car -1 -1 3.9135 464.4067 178.2586 522.6924 202.7719 1.5503 1.6372 3.7668 -7.7598 1.9242 48.1593 3.7542 0.0954
Car -1 -1 0.2488 638.3986 176.6903 710.1787 204.7410 1.4975 1.5778 3.7147 3.6174 1.7187 40.2508 0.3373 0.0944
Car -1 -1 0.7334 612.0859 188.3930 671.6722 212.9744 1.4957 1.6735 3.8544 2.1330 2.5781 48.3132 0.7766 0.0913
Car -1 -1 -0.0106 742.8535 173.6848 811.4690 201.2528 1.5600 1.6236 3.8270 9.7497 1.6099 42.1042 0.2150 0.0895
Car -1 -1 2.9550 641.3567 180.7740 700.0006 204.0853 1.5811 1.6631 3.8602 4.2661 2.1485 50.6636 3.0380 0.0886
Car -1 -1 -0.2919 635.3433 173.1724 738.1630 210.1965 1.5105 1.6439 4.0385 3.2476 1.5246 30.6425 -0.1878 0.0872
Car -1 -1 0.1162 653.2389 190.3415 707.9937 214.2801 1.5001 1.7617 3.4632 4.7692 2.6990 48.2374 0.2135 0.0821
Car -1 -1 4.4922 746.1634 163.7596 780.4745 185.1065 1.5268 1.6448 4.0375 11.3822 0.8764 53.6368 4.7000 0.0802
Car -1 -1 5.1372 11.2064 177.2801 241.4274 298.8552 1.6545 1.6382 3.9104 -7.7216 1.7408 12.0173 4.5758 0.0793
Car -1 -1 -0.5646 801.4495 191.0267 1242.0000 371.9421 1.5398 1.6707 4.1760 4.2575 1.7470 7.2783 -0.0541 0.0732
Car -1 -1 4.7454 637.2497 174.9849 666.1559 201.7535 1.4767 1.5609 3.5771 2.4845 1.6061 41.9510 4.8036 0.0725
Car -1 -1 4.0137 649.2772 172.7414 698.0119 192.9880 1.5338 1.6355 3.9855 5.0021 1.5252 56.7602 4.1008 0.0722
Car -1 -1 1.4954 510.9771 187.8890 538.9272 211.6287 1.4937 1.6350 3.9234 -5.9111 2.5814 50.1186 1.3781 0.0715
Car -1 -1 2.4188 934.4800 214.3865 1242.0000 375.0000 1.4873 1.6371 4.2551 4.2586 1.7675 3.9056 3.2093 0.0715
Car -1 -1 1.9341 587.8147 178.4870 626.8455 199.9557 1.5687 1.6122 4.3158 -0.1268 2.0257 56.2343 1.9314 0.0711
Car -1 -1 4.8209 59.2647 231.4521 276.6805 375.0000 1.4170 1.6506 3.9944 -4.9712 2.2954 8.6547 4.3119 0.0692
Car -1 -1 3.0335 645.5692 184.4126 712.2888 210.5104 1.7354 1.7993 4.4068 4.7413 2.5470 49.7337 3.1274 0.0672
Car -1 -1 1.6410 495.5598 183.8414 548.6135 231.9386 1.5413 1.6144 4.0254 -3.0896 1.9700 26.1063 1.5236 0.0672
Car -1 -1 1.5139 601.9005 178.3486 637.9010 209.9694 1.4978 1.6125 3.8682 0.4806 1.7933 36.8296 1.5262 0.0640
Car -1 -1 1.4334 677.4860 173.9223 718.0146 205.6048 1.5942 1.6065 3.9496 4.6420 1.6540 38.4288 1.5522 0.0628
Car -1 -1 2.8695 439.3977 187.3671 542.9139 225.3958 1.4823 1.5978 4.0995 -5.0643 2.1361 30.9211 2.7079 0.0611
Car -1 -1 4.5699 248.8949 232.8984 432.6080 375.0000 1.4168 1.7056 3.7798 -3.6673 2.3727 9.4200 4.2068 0.0591
Car -1 -1 0.2672 473.1386 185.9541 564.4363 221.8724 1.4754 1.5947 3.6570 -3.9239 2.0656 31.4562 0.1435 0.0578
Car -1 -1 4.0479 976.8477 210.2313 1242.0000 375.0000 1.4701 1.6615 4.1497 3.6045 1.7687 3.6318 4.7885 0.0575
Car -1 -1 1.3483 603.7587 175.6313 636.8271 197.1225 1.5632 1.6627 4.0978 0.7795 1.7842 55.2226 1.3619 0.0572
Car -1 -1 1.4582 665.7073 191.2924 699.7373 217.1599 1.5378 1.8102 3.7432 4.7690 2.7989 47.4643 1.5570 0.0572
Car -1 -1 4.8425 133.2439 190.0540 253.4462 278.6649 1.4850 1.6206 3.8437 -8.4711 1.8919 14.9864 4.3352 0.0571
Car -1 -1 4.5173 761.7145 164.1197 800.6675 191.3851 1.6472 1.6504 3.9481 10.7912 1.1195 45.5933 4.7480 0.0567
Car -1 -1 -0.2400 616.6703 176.8767 698.2283 207.9351 1.5071 1.6276 3.8319 2.3924 1.7166 36.4422 -0.1755 0.0564
Car -1 -1 1.6462 595.3727 178.4027 646.1032 223.0413 1.5789 1.6622 4.3109 0.5111 1.8136 28.2967 1.6634 0.0563
Car -1 -1 1.4562 635.6747 177.5324 696.9709 224.1728 1.5542 1.7496 4.4226 2.0113 1.7421 26.7395 1.5298 0.0561
Car -1 -1 -0.0534 664.5101 179.1212 720.2186 201.1195 1.4965 1.6178 3.7922 5.7631 1.9433 50.5273 0.0590 0.0554
Car -1 -1 4.8478 649.0880 175.8261 686.3812 203.4783 1.4950 1.6295 3.8884 3.3929 1.6746 41.5292 4.9282 0.0521
Car -1 -1 3.5266 0.0000 0.0000 1242.0000 375.0000 1.6380 1.6820 4.1527 3.3442 1.5282 1.7841 4.5404 0.0518
Car -1 -1 0.5045 0.0000 0.0000 1242.0000 375.0000 1.5513 1.6660 4.0767 2.4126 1.5017 1.0371 1.5702 0.0518
Car -1 -1 3.0797 578.2384 180.3857 627.2614 199.9501 1.5076 1.6226 3.7969 -0.5634 2.1153 57.2737 3.0694 0.0504