Car -1 -1 4.6238 651.7907 175.7117 792.5795 301.9311 1.4225 1.5473 3.5802 1.3888 1.4694 10.0363 4.7561 0.9129
Car -1 -1 4.7459 277.6282 179.5054 310.4765 208.0191 1.5305 1.6054 3.6172 -18.1580 1.9325 41.6286 4.3367 0.4382
Car -1 -1 4.9448 206.9532 182.5161 282.6915 227.9744 1.4476 1.5891 3.6767 -12.9309 1.8193 25.7850 4.4837 0.2343
Car -1 -1 4.6516 644.9059 169.5032 688.7994 207.6081 1.3621 1.4705 2.9156 2.1199 1.2423 27.2602 4.7279 0.2238
Car -1 -1 5.2021 0.0000 1.3076 339.9253 375.0000 2.2473 1.8584 4.6682 -3.6020 1.5613 5.2900 4.6269 0.2148
Car -1 -1 -0.1549 667.0429 162.5529 743.3375 189.5761 1.4991 1.6132 4.0836 5.3790 0.9277 40.8857 -0.0253 0.2109
Car -1 -1 0.2478 238.4943 179.9323 321.1637 207.8799 1.5059 1.6004 3.9562 -18.4844 1.9153 40.5912 -0.1773 0.2023
Car -1 -1 4.5143 698.3316 164.1771 738.8047 191.2669 1.5038 1.6073 3.7813 6.2909 1.0221 41.9827 4.6617 0.2010
Car -1 -1 4.7745 662.2231 163.9164 710.4869 203.8136 1.4325 1.6052 4.3207 3.0651 1.1116 28.1713 4.8814 0.1934
Car -1 -1 4.6189 703.4131 157.8633 755.9755 200.3608 1.4585 1.5620 3.6814 4.3687 0.9440 26.6520 4.7792 0.1478
Car -1 -1 3.3179 140.0191 184.9741 274.8568 231.7588 1.4616 1.5629 3.7904 -13.5744 1.8971 24.5823 2.8176 0.1322
Car -1 -1 3.6559 216.7180 154.2102 353.8774 201.8651 1.5570 1.6563 3.9652 -10.9920 0.9479 24.5924 3.2394 0.1286
Car -1 -1 1.9539 258.5292 177.5686 387.7363 246.2750 1.4791 1.5720 3.9069 -6.8808 1.6081 17.7707 1.5890 0.1261
Car -1 -1 1.6194 296.0160 174.5168 370.8317 237.9826 1.4651 1.6050 3.8614 -7.1057 1.5134 18.8492 1.2631 0.1054
Car -1 -1 5.0734 248.8378 148.8402 341.4375 196.5077 1.5137 1.6355 3.8899 -10.7195 0.7511 24.8904 4.6704 0.0994
Car -1 -1 5.2317 314.1814 159.8621 395.0168 202.1956 1.6032 1.5921 3.3944 -10.2112 1.1112 29.1390 4.8973 0.0894
Car -1 -1 1.4064 724.5056 171.6039 802.2112 228.9402 1.5053 1.5848 3.6726 4.3348 1.4724 20.8073 1.6083 0.0843
Car -1 -1 1.4899 690.7156 167.4226 733.2873 203.0735 1.5381 1.6021 4.0776 4.6539 1.3038 33.2113 1.6275 0.0831
Car -1 -1 1.7782 648.9387 167.7394 689.5266 195.3457 1.5972 1.6368 4.1941 3.6880 1.3013 43.9899 1.8609 0.0829
Car -1 -1 4.8209 661.5115 167.4174 693.3798 193.0161 1.5371 1.5994 3.7218 4.2997 1.2107 45.3094 4.9145 0.0795
Car -1 -1 3.4739 203.2574 175.3503 385.2213 238.2686 1.4950 1.6034 3.8819 -7.8153 1.5611 18.1530 3.0723 0.0763
Car -1 -1 0.0091 271.0521 180.0435 346.3786 208.2111 1.5082 1.6596 3.8659 -16.9995 1.9305 40.8878 -0.3829 0.0714
Car -1 -1 4.7047 635.0714 163.7053 684.9171 209.8928 1.5366 1.6578 4.0119 1.8001 1.2323 26.0574 4.7724 0.0712
Car -1 -1 3.0668 625.5319 166.8199 711.4614 206.1215 1.4161 1.5434 3.0675 2.1408 1.1987 26.7758 3.1452 0.0656
Car -1 -1 5.1519 246.1022 179.7633 307.5710 208.2529 1.4872 1.5851 3.9913 -18.6570 1.8956 40.6427 4.7237 0.0655
Car -1 -1 1.9927 178.5686 182.3551 281.2862 230.9704 1.4607 1.6098 3.8679 -12.7107 1.8083 24.4253 1.5170 0.0650
Car -1 -1 4.2256 658.4039 166.9846 720.8585 197.4050 1.4563 1.5665 3.7502 3.9959 1.1753 36.5737 4.3332 0.0637
Car -1 -1 1.6787 263.1526 175.6318 306.6662 208.1940 1.6096 1.6556 4.1149 -17.1461 1.7654 38.2555 1.2597 0.0618
Car -1 -1 4.5150 713.6296 165.6982 789.0768 217.8773 1.4996 1.5949 3.7347 4.3464 1.2939 22.6116 4.7020 0.0610
Car -1 -1 1.6566 340.8726 181.0331 376.8970 210.2809 1.5164 1.5764 3.9424 -14.0840 2.0015 40.6903 1.3250 0.0606
Car -1 -1 5.1541 277.1476 179.8947 336.0487 207.8369 1.4840 1.6500 3.7409 -17.2200 1.9045 41.1892 4.7601 0.0585
Car -1 -1 5.2147 0.0000 0.0000 255.9267 375.0000 1.9116 1.7094 4.0231 -3.3028 1.1467 3.6799 4.5185 0.0576
Car -1 -1 5.2622 179.8644 158.2769 373.7759 254.9823 1.6726 1.6729 3.9752 -6.4671 1.4205 14.5638 4.8506 0.0569
Car -1 -1 4.9648 239.0098 166.0931 317.2780 211.3488 1.4816 1.6109 3.7736 -11.6589 1.2603 25.6187 4.5413 0.0567
Car -1 -1 1.9210 166.8991 178.4276 268.8701 230.3164 1.4749 1.6065 3.8259 -12.3137 1.6676 22.9451 1.4330 0.0545
Car -1 -1 0.2894 211.4072 150.2593 352.1608 202.1860 1.6231 1.6660 3.8790 -10.6294 0.9169 23.6298 -0.1293 0.0541
Car -1 -1 0.0428 649.7043 157.9609 766.6508 201.3278 1.4693 1.5808 3.9854 3.4998 0.9647 25.5746 0.1769 0.0540
Car -1 -1 1.9374 254.6408 152.9678 347.8879 202.1996 1.5107 1.5977 3.7414 -10.1465 0.9005 24.0333 1.5417 0.0529
Car -1 -1 1.7282 662.8636 163.3562 702.0399 190.9458 1.5200 1.6400 4.1230 4.2868 0.9967 41.9544 1.8290 0.0513