Car -1 -1 -0.8460 668.1498 190.4516 786.4253 245.0423 1.4530 1.5852 3.6033 3.6474 2.0346 22.0899 -0.6855 0.8500
Car -1 -1 4.5998 541.4817 157.0339 604.1125 213.5532 1.9696 1.8651 4.6644 -1.4993 1.4183 27.5991 4.5455 0.3226
Car -1 -1 4.7487 449.8089 155.4180 475.9301 180.0638 1.6800 1.6765 3.6671 -10.3597 0.4915 51.1304 4.5496 0.2963
Car -1 -1 0.1787 425.5140 155.8630 490.8760 178.7526 1.5753 1.6873 4.2485 -10.5652 0.4060 50.5573 -0.0264 0.2147
Car -1 -1 1.5715 448.0849 162.5189 476.4817 188.2928 1.5729 1.7045 4.0161 -9.4173 0.9422 46.1712 1.3712 0.1775
Car -1 -1 1.3153 526.4962 172.1904 559.4409 193.9009 1.6374 1.5958 4.0645 -5.2611 1.5874 56.6009 1.2227 0.1755
Car -1 -1 4.2776 578.7986 164.5945 626.2996 190.2111 1.6399 1.6629 3.9656 -0.5167 1.1111 48.3382 4.2667 0.1719
Car -1 -1 3.5107 422.0644 157.1351 489.3924 180.8546 1.6613 1.7322 4.3928 -11.0077 0.5604 51.7415 3.3019 0.0916
Car -1 -1 3.1812 417.1184 163.4014 488.1891 188.3445 1.5273 1.6914 4.2914 -9.8143 0.9485 45.3808 2.9692 0.0853
Car -1 -1 5.0278 754.3630 175.6000 828.0297 220.5407 1.4942 1.5352 3.6653 6.6512 1.6013 26.1893 5.2732 0.0841
Car -1 -1 1.6041 517.6739 180.7888 549.0966 208.9665 1.4938 1.6583 4.0531 -4.3362 1.9730 41.5020 1.5002 0.0749
Car -1 -1 1.5367 537.7591 179.7576 567.7880 207.6892 1.4930 1.5901 3.9210 -3.3137 1.9107 41.6132 1.4572 0.0697
Car -1 -1 1.3818 524.7399 175.2965 556.8292 197.6143 1.5354 1.5890 3.9939 -5.0177 1.7195 52.2471 1.2862 0.0660
Car -1 -1 0.0921 441.3651 157.2614 501.1521 180.7988 1.6393 1.6737 4.0341 -9.7864 0.5533 51.2789 -0.0957 0.0566
Car -1 -1 1.5666 517.8213 184.0837 550.1523 214.3521 1.4674 1.6303 3.9288 -4.0426 2.0989 38.5356 1.4622 0.0555
Car -1 -1 4.5864 585.0364 172.0266 619.1554 197.5011 1.4558 1.5782 3.7599 -0.4884 1.4086 43.2058 4.5747 0.0542
Car -1 -1 3.6188 402.3600 168.3474 470.8662 191.2850 1.5084 1.6393 4.2204 -11.6717 1.2120 48.7516 3.3848 0.0539
Car -1 -1 1.7217 490.8715 164.3287 549.7542 210.3888 1.6485 1.6723 3.8961 -3.3598 1.3433 27.7966 1.6020 0.0511