Car -1 -1 2.0832 43.5406 194.9315 349.7354 335.7542 1.5037 1.7966 4.6370 -5.6909 1.9058 10.7912 1.6074 0.9372
Car -1 -1 -0.2276 251.4664 189.4610 336.3025 221.4598 1.5198 1.6393 3.8161 -16.5651 2.4341 37.9268 -0.6372 0.3664
Car -1 -1 4.7700 285.1857 190.1317 321.9829 221.4126 1.5138 1.6198 3.4899 -16.4678 2.4923 38.9488 4.3721 0.2707
Car -1 -1 0.6846 294.1459 190.7532 364.3191 216.3588 1.4783 1.5793 3.9721 -17.4513 2.6269 44.9349 0.3158 0.2026
Car -1 -1 3.7294 185.2426 183.8568 307.2214 222.2995 1.4402 1.6559 4.1144 -14.4187 1.8947 28.7287 3.2676 0.1470
Car -1 -1 1.3140 312.7371 197.5816 390.9020 245.7543 1.5044 1.7366 4.2791 -9.7515 2.5106 27.1056 0.9713 0.1263
Car -1 -1 -0.6024 339.5125 138.0063 745.3203 319.6625 1.4573 1.6114 4.0914 -0.5356 1.1777 7.6912 -0.6709 0.0953
Car -1 -1 1.7215 42.8863 188.3816 85.5175 214.3813 1.5035 1.5840 4.0766 -35.0715 2.5506 46.4863 1.0777 0.0919
Car -1 -1 1.4978 322.2349 198.6471 386.4263 252.7895 1.4507 1.6914 4.2502 -8.4891 2.3831 23.7967 1.1580 0.0815
Car -1 -1 1.5782 317.5083 199.8226 357.1439 235.4515 1.4657 1.7134 4.0992 -13.2736 2.8666 35.2614 1.2202 0.0720
Car -1 -1 4.7647 161.8913 190.8410 202.5084 222.6175 1.5330 1.6905 3.7381 -23.1468 2.5607 39.1775 4.2338 0.0655
Car -1 -1 1.3386 324.1318 198.5620 374.6609 230.3653 1.4583 1.7204 3.7306 -13.8850 2.8989 38.4025 0.9934 0.0642
Car -1 -1 4.8058 186.0565 178.9821 239.2484 215.8878 1.3979 1.5749 3.8014 -16.4653 1.6707 30.0702 4.3083 0.0635
Car -1 -1 1.6411 377.7737 184.8159 410.1928 210.8949 1.4620 1.6255 4.1890 -13.3079 2.2401 44.7087 1.3530 0.0586
Car -1 -1 1.7417 29.6693 198.3554 78.1659 228.7329 1.6479 1.7206 4.0428 -34.5871 3.3161 45.0092 1.0892 0.0575
Car -1 -1 1.6939 252.2986 190.5097 289.3361 217.5556 1.4984 1.6105 3.8327 -20.9558 2.6441 44.7501 1.2579 0.0573
Car -1 -1 3.5410 273.4187 191.7804 360.6649 222.1460 1.5514 1.7387 3.9968 -15.7178 2.5953 38.8946 3.1589 0.0563
Car -1 -1 1.6114 342.7395 198.7925 389.5385 239.5079 1.4291 1.6763 3.8211 -10.0637 2.5830 30.0291 1.2901 0.0561
Car -1 -1 -0.1783 343.5432 198.8878 454.1802 239.4733 1.4403 1.7197 4.0953 -8.5862 2.5631 29.4401 -0.4602 0.0554
Car -1 -1 0.6373 200.3684 191.1797 280.5113 217.5236 1.5103 1.5972 4.2467 -22.5331 2.6592 44.0939 0.1670 0.0536
Car -1 -1 1.6312 186.4768 184.0109 215.0357 206.4096 1.4729 1.5386 3.7940 -29.1521 2.3012 51.5248 1.1183 0.0520
Car -1 -1 1.6172 171.2048 178.3258 227.0122 221.0729 1.4938 1.6671 4.1822 -15.8592 1.7234 28.0316 1.1061 0.0506