Car -1 -1 2.0648 77.9164 194.3553 273.8045 278.4607 1.4204 1.6950 4.3169 -9.0088 1.9467 15.4801 1.5448 0.9555
Car -1 -1 1.7878 394.6340 178.8487 449.3516 211.8992 1.5361 1.7512 4.4777 -9.4350 1.8593 36.6255 1.5370 0.8826
Car -1 -1 4.8246 586.9313 171.2081 618.5579 195.3528 1.5169 1.6408 3.9701 -0.4062 1.4135 47.3891 4.8157 0.4851
Car -1 -1 1.5110 463.6646 176.9976 486.6077 196.0868 1.4804 1.6107 3.9496 -11.0161 1.8312 58.9835 1.3268 0.2977
Car -1 -1 2.1236 40.1870 195.8003 151.1686 238.2631 1.4912 1.7098 4.3324 -21.1551 2.5138 29.9426 1.5125 0.1974
Car -1 -1 2.1464 26.4590 203.1365 142.2225 249.1493 1.4384 1.6361 3.9179 -19.6203 2.6625 27.1739 1.5255 0.1623
Car -1 -1 1.2719 56.9710 189.9128 102.9436 212.6235 1.5500 1.6502 4.0773 -39.6166 2.8700 53.9501 0.6407 0.1465
Car -1 -1 1.4257 242.2899 189.1846 276.1408 212.4528 1.4708 1.6003 3.8160 -24.5390 2.6593 50.4837 0.9750 0.1394
Car -1 -1 1.8221 356.5458 172.1433 437.0241 218.7136 1.4620 1.6315 4.2031 -7.1876 1.4397 24.7754 1.5422 0.1379
Car -1 -1 5.3194 0.0000 185.1049 247.8550 329.7622 1.5119 1.6655 4.2016 -6.9276 1.7178 10.0113 4.7262 0.1336
Car -1 -1 1.5130 387.7959 181.8116 410.1028 201.1232 1.4943 1.5504 4.0863 -17.5514 2.2668 60.0418 1.2295 0.1236
Car -1 -1 1.8089 338.4340 188.7520 421.6254 240.5304 1.3832 1.6175 3.6124 -6.9766 1.9147 22.2671 1.5082 0.0975
Car -1 -1 1.9317 571.5654 167.0383 620.4432 195.3457 1.6766 1.6884 4.1430 -0.7884 1.3321 44.9702 1.9139 0.0971
Car -1 -1 1.7295 453.0941 177.6052 491.7763 206.0859 1.4773 1.5261 3.7312 -7.5400 1.7527 39.9410 1.5437 0.0941
Car -1 -1 1.6879 243.6099 185.8216 268.9231 203.4538 1.4815 1.6078 4.0821 -32.2983 2.7078 66.0420 1.2344 0.0934
Car -1 -1 1.5686 250.8654 192.3587 282.0892 220.3876 1.4940 1.6292 3.8064 -20.6319 2.7233 43.4070 1.1269 0.0916
Car -1 -1 2.1309 0.0000 198.8072 127.6128 257.6467 1.4233 1.6029 3.9368 -16.1968 2.2615 21.2735 1.4860 0.0905
Car -1 -1 4.9393 456.0189 175.0231 506.0190 208.1641 1.5166 1.5801 3.7955 -6.2084 1.6283 35.2099 4.7656 0.0887
Car -1 -1 2.2834 71.2453 185.5759 140.1172 209.6976 1.5119 1.6287 4.0319 -34.4914 2.4219 49.5217 1.6773 0.0886
Car -1 -1 1.7754 402.9842 169.6413 477.9298 216.3692 1.4597 1.6504 4.2050 -5.6688 1.3593 24.6574 1.5513 0.0864
Car -1 -1 2.0849 57.5484 190.0652 120.8974 214.7111 1.5175 1.6815 4.1892 -35.6976 2.7533 49.6333 1.4638 0.0781
Car -1 -1 1.6049 396.7720 182.2681 456.1889 234.3839 1.4034 1.6212 3.8315 -5.5513 1.7198 22.2096 1.3622 0.0767
Car -1 -1 1.5285 431.2030 181.5255 452.7972 201.5440 1.5405 1.5692 3.9186 -13.8285 2.2800 59.4395 1.3005 0.0759
Car -1 -1 1.1664 363.4348 182.9126 401.6640 202.2028 1.4762 1.6131 3.8490 -18.6738 2.3302 59.2747 0.8622 0.0750
Car -1 -1 1.4905 591.3411 169.9547 624.6526 198.0264 1.5851 1.6532 4.0319 -0.1375 1.4214 42.8205 1.4869 0.0735
Car -1 -1 1.9904 287.7729 182.5205 345.9526 210.6671 1.5006 1.6273 4.0110 -16.9179 2.0892 41.9010 1.6086 0.0727
Car -1 -1 1.9401 464.2338 180.5102 517.3849 208.7327 1.4521 1.5631 4.0889 -6.5911 1.9044 40.4595 1.7792 0.0715
Car -1 -1 -0.4184 575.6631 170.1798 638.7335 194.6351 1.5219 1.5749 3.7373 -0.1497 1.3555 46.3876 -0.4220 0.0710
Car -1 -1 1.7549 161.9028 187.2096 198.0301 210.1702 1.4841 1.5397 3.7001 -30.4004 2.5415 51.1442 1.2206 0.0705
Car -1 -1 1.7452 458.9183 179.5042 498.0663 205.9372 1.4318 1.5902 3.8516 -7.5739 1.8365 41.9830 1.5674 0.0681
Car -1 -1 1.7547 466.7488 177.7914 510.2563 208.1644 1.4747 1.5727 3.7026 -6.2372 1.7441 37.5056 1.5906 0.0674
Car -1 -1 1.9773 276.5316 182.0035 326.4087 206.7920 1.5596 1.6291 4.0605 -20.8240 2.2059 48.9332 1.5767 0.0663
Car -1 -1 1.5861 96.0686 192.3385 141.8139 230.3058 1.4795 1.6098 3.9332 -21.9325 2.4094 32.3466 0.9938 0.0629
Car -1 -1 2.0814 0.0000 198.9642 102.1748 250.1637 1.4649 1.6144 3.8685 -19.3458 2.4340 24.7490 1.4229 0.0611
Car -1 -1 1.4072 223.9835 188.8178 267.4236 217.6421 1.5086 1.6432 4.0082 -21.3135 2.4887 42.1974 0.9417 0.0567
Car -1 -1 0.4128 445.2681 176.4745 498.3496 196.0662 1.5307 1.5696 3.8893 -11.0633 1.8278 58.0137 0.2249 0.0563
Car -1 -1 1.8197 493.4100 176.9860 527.6405 198.8496 1.5993 1.6381 4.1799 -7.6073 1.9311 55.7679 1.6843 0.0562
Car -1 -1 1.6438 97.2450 189.9451 127.1128 212.0605 1.5801 1.6449 4.0220 -39.2687 2.9820 57.0308 1.0428 0.0532
Car -1 -1 1.9097 127.7918 185.8788 170.2887 206.1173 1.4950 1.6289 4.0488 -37.1012 2.5850 58.2293 1.3443 0.0529
Car -1 -1 1.3053 7.8788 197.4656 111.8419 252.1048 1.4508 1.6176 4.0311 -17.3512 2.2896 22.7191 0.6585 0.0528
Car -1 -1 1.8514 289.2391 181.5592 325.7227 203.2789 1.6103 1.6082 4.0389 -23.9252 2.3266 57.2738 1.4571 0.0527
Car -1 -1 1.9597 282.1551 184.5320 337.3033 212.5080 1.5110 1.6219 3.9424 -17.6224 2.2322 42.5894 1.5693 0.0522
Car -1 -1 2.2930 155.9338 189.0343 259.9479 226.3493 1.4583 1.6499 4.2884 -17.9199 2.2368 32.4420 1.7915 0.0522
Car -1 -1 1.5730 397.5391 178.4530 419.4042 200.5381 1.6566 1.6199 4.2827 -16.0307 2.1209 57.5584 1.3022 0.0519
Car -1 -1 1.3182 226.3911 184.6237 256.9422 202.2723 1.4817 1.5751 3.7323 -33.1908 2.5743 65.0597 0.8478 0.0517
Car -1 -1 3.3211 93.9307 184.5611 165.8227 206.4897 1.4968 1.6155 4.1284 -34.8009 2.3732 52.4640 2.7375 0.0516
Car -1 -1 1.8361 432.5000 178.0343 492.5822 215.1358 1.5275 1.6296 4.0208 -6.5089 1.7745 32.3429 1.6386 0.0504
Car -1 -1 1.3029 420.2586 181.2776 452.5449 200.9738 1.4776 1.5440 3.9103 -13.9485 2.1790 57.9978 1.0675 0.0501