Car -1 -1 4.5055 664.8851 185.7225 768.8253 263.3497 1.5111 1.6294 3.4709 2.3221 1.8360 16.4266 4.6423 0.9625
Car -1 -1 4.8486 409.9221 189.2497 479.3483 242.1525 1.4268 1.6154 3.5981 -5.0470 1.9797 22.4719 4.6295 0.9556
Car -1 -1 2.1355 0.0000 209.3995 273.0442 375.0000 1.4057 1.6410 4.2163 -4.7740 1.8459 6.5456 1.5241 0.9375
Car -1 -1 4.6023 633.2665 182.2192 684.7520 224.2297 1.4139 1.5382 3.2894 1.7732 1.7824 26.7107 4.6671 0.8639
Car -1 -1 4.7971 457.8651 182.7636 502.1671 221.0727 1.5129 1.5774 3.7702 -5.5869 1.9716 31.4515 4.6222 0.8223
Car -1 -1 1.0212 881.8159 171.4129 1242.0000 375.0000 1.4002 1.5693 3.7853 3.0052 1.3957 4.1706 1.6122 0.4908
Car -1 -1 4.6207 613.6451 178.0305 645.3253 203.5102 1.4056 1.5255 3.7072 1.1335 1.7239 42.4744 4.6467 0.4736
Car -1 -1 4.8168 489.0175 184.0118 521.0507 210.8940 1.5647 1.5992 3.9416 -6.5697 2.3016 45.6572 4.6742 0.4515
Car -1 -1 2.9400 702.5826 173.7840 780.0813 203.0730 1.4938 1.6088 3.7348 6.8447 1.5435 37.7022 3.1178 0.2971
Car -1 -1 1.4178 676.7532 170.2272 716.7152 197.9113 1.4215 1.5553 3.9370 4.6636 1.2866 39.0443 1.5354 0.2656
Car -1 -1 1.6298 507.3130 184.9390 528.8099 203.9254 1.4939 1.5847 3.8324 -7.7361 2.5524 61.2365 1.5042 0.1946
Car -1 -1 1.8229 421.9741 177.1014 467.7626 203.8579 1.4939 1.6462 4.2698 -9.7772 1.7604 43.1287 1.6009 0.1896
Car -1 -1 1.4388 465.1761 173.3421 492.1318 192.7040 1.4767 1.5968 3.9680 -10.4210 1.5169 57.2702 1.2593 0.1883
Car -1 -1 -0.1288 613.9612 178.0836 682.1039 203.9209 1.4406 1.5633 3.7449 2.1844 1.7483 41.5286 -0.0772 0.1542
Car -1 -1 4.3010 854.3953 131.0293 948.6771 179.8757 1.4196 1.4880 3.4127 9.0769 0.2041 22.7019 4.6771 0.1452
Car -1 -1 4.7165 646.2994 171.1367 684.4421 205.8946 1.4228 1.5600 3.5882 2.4316 1.3525 31.3873 4.7926 0.1396
Car -1 -1 4.7819 506.0452 182.6938 535.7406 208.3900 1.5172 1.6056 4.1050 -5.6459 2.1770 46.2945 4.6607 0.1298
Car -1 -1 1.7904 634.8873 175.4316 661.3616 192.9960 1.6011 1.6578 4.1165 3.7001 1.8541 68.6241 1.8437 0.1117
Car -1 -1 1.0113 395.2151 177.1971 457.0834 203.7062 1.4670 1.6375 4.0529 -10.8565 1.7352 42.5734 0.7628 0.1000
Car -1 -1 1.5256 493.1797 183.2500 522.7078 210.0822 1.5069 1.6136 3.9592 -6.2672 2.1745 44.2399 1.3852 0.0959
Car -1 -1 2.1010 410.4015 177.2853 471.0020 204.9091 1.4973 1.6690 3.9171 -9.7393 1.7677 41.9073 1.8736 0.0948
Car -1 -1 3.6977 464.2569 184.6760 531.7000 211.1835 1.5609 1.6299 3.9208 -7.0157 2.3290 45.3612 3.5446 0.0914
Car -1 -1 1.4240 507.4637 181.4181 535.3903 202.5067 1.5925 1.6553 4.1634 -7.1829 2.3136 58.5228 1.3020 0.0755
Car -1 -1 0.7561 752.7504 179.5616 839.9620 212.3664 1.4429 1.6312 4.0417 8.9212 1.7859 34.7560 1.0048 0.0752
Car -1 -1 1.5320 543.9036 181.8852 564.8798 201.0054 1.4838 1.5856 3.8584 -4.6064 2.2587 59.9001 1.4551 0.0707
Car -1 -1 4.7808 607.4144 186.5968 1036.5929 375.0000 1.4609 1.5994 3.8559 1.3904 1.5885 4.6153 5.0541 0.0685
Car -1 -1 1.7586 436.4592 172.4763 474.6722 197.4839 1.4913 1.5939 4.0788 -9.5671 1.4687 45.0818 1.5504 0.0662
Car -1 -1 -0.1318 644.4474 170.4430 740.9956 205.7800 1.4478 1.5662 3.8634 3.4523 1.3490 30.3846 -0.0202 0.0634
Car -1 -1 4.6673 481.2592 191.9557 534.6555 239.9097 1.4654 1.7089 3.9705 -3.7048 2.2053 25.8389 4.5255 0.0630
Car -1 -1 -0.0001 484.2029 184.2608 545.4863 209.6428 1.5165 1.5583 3.7275 -5.9012 2.2445 45.0354 -0.1302 0.0625
Car -1 -1 1.4373 451.9644 181.4106 503.2449 221.2015 1.4976 1.6024 3.8829 -5.5710 1.8800 30.1520 1.2556 0.0622
Car -1 -1 1.9501 509.4006 184.6964 544.7800 204.1625 1.5113 1.6012 3.9667 -6.8990 2.5428 60.7262 1.8370 0.0621
Car -1 -1 2.8306 599.2510 178.1635 671.9551 203.6440 1.4297 1.5793 3.9691 1.5168 1.7507 42.3276 2.8656 0.0618
Car -1 -1 4.7599 658.3080 176.5194 684.1995 204.0875 1.6739 1.4750 3.9476 4.0017 1.9201 46.4115 4.8448 0.0617
Car -1 -1 -0.1706 635.6733 181.0609 759.5763 224.8333 1.5061 1.6747 4.2271 3.1273 1.8141 26.1309 -0.0536 0.0616
Car -1 -1 1.4971 656.6321 170.6998 691.4816 198.2981 1.4065 1.5678 3.9783 3.4175 1.2967 38.7718 1.5840 0.0615
Car -1 -1 0.6717 991.2931 174.8169 1242.0000 375.0000 1.5210 1.6234 4.0931 3.0578 1.5325 2.1728 1.5622 0.0607
Car -1 -1 4.9758 629.2750 174.0695 659.5204 193.2524 1.5923 1.6178 4.0248 3.0444 1.7009 62.3296 5.0240 0.0605
Car -1 -1 0.6675 559.2888 178.3159 634.0628 206.1294 1.4883 1.6507 4.1414 -0.7676 1.8151 41.2668 0.6485 0.0601
Car -1 -1 4.6970 667.5635 175.3806 692.6750 199.6852 1.5262 1.5859 3.7916 4.6279 1.7000 47.6694 4.7927 0.0577
Car -1 -1 4.5153 620.0045 170.3191 673.5671 204.6022 1.4074 1.5838 4.0227 1.5674 1.3033 31.7271 4.5637 0.0576
Car -1 -1 4.8593 406.6144 181.8983 457.8385 221.7255 1.5425 1.5952 3.5697 -7.4636 1.9497 30.6352 4.6218 0.0561
Car -1 -1 1.5522 494.8978 181.4951 524.4263 210.3170 1.5698 1.6501 4.0316 -5.9466 2.1064 42.6892 1.4141 0.0556
Car -1 -1 3.2257 388.0005 184.9716 489.4999 223.9599 1.5247 1.6202 3.9769 -7.0207 2.0464 29.9802 2.9971 0.0556
Car -1 -1 1.2166 469.5371 196.3929 545.7591 241.3365 1.4520 1.6866 3.7097 -3.9453 2.4146 27.4730 1.0745 0.0546
Car -1 -1 3.0546 573.7304 177.2737 646.0992 204.4961 1.5135 1.6408 4.0265 -0.0117 1.7733 41.4309 3.0538 0.0545
Car -1 -1 1.1141 880.6531 130.2559 985.6925 180.6432 1.4501 1.4917 3.7324 10.0308 0.2242 22.6621 1.5262 0.0537
Car -1 -1 -0.8634 1086.2943 135.3535 1242.0000 284.0480 1.6043 1.6286 3.8080 8.2049 1.1997 8.8427 -0.1320 0.0537
Car -1 -1 4.4648 970.9755 164.0440 1185.8219 290.8684 1.4868 1.6256 3.8476 6.5366 1.3835 10.5356 5.0071 0.0523
Car -1 -1 3.4509 469.1155 183.0957 539.8538 208.0780 1.5355 1.6654 4.2007 -6.7443 2.2117 46.4726 3.3071 0.0514
Car -1 -1 0.0101 694.7643 177.5387 780.5967 208.8956 1.5047 1.5832 4.1402 6.3985 1.7468 36.1258 0.1835 0.0512
Car -1 -1 2.9608 853.0632 150.3327 978.1530 192.5476 1.4813 1.5993 4.0047 11.1458 0.6910 26.5235 3.3546 0.0508
Car -1 -1 1.5862 485.1196 174.2463 502.8196 190.7287 1.5015 1.5872 3.9442 -10.8909 1.6369 68.1417 1.4281 0.0506
Car -1 -1 0.6809 394.4235 175.2881 464.6530 200.2677 1.4591 1.6229 4.0403 -10.9954 1.6131 44.0470 0.4374 0.0500