Car -1 -1 1.9484 173.0641 187.8770 435.0222 358.8607 1.6146 1.6148 3.8440 -3.5029 1.8442 9.0902 1.5893 0.9680
Car -1 -1 4.3356 773.3248 185.5611 1057.5616 355.1835 1.5258 1.6549 4.1499 3.3694 1.7195 8.9012 4.6853 0.9486
Car -1 -1 1.7247 360.4883 184.4872 472.2367 277.9572 1.5221 1.5417 3.4384 -3.6047 1.7763 13.9785 1.4760 0.9336
Car -1 -1 1.7469 418.3234 191.0356 499.0315 250.8264 1.4716 1.5970 4.0170 -4.2818 2.0523 21.0179 1.5476 0.9048
Car -1 -1 1.6252 493.1401 179.6606 526.3033 212.3557 1.7297 1.6506 3.9684 -5.6356 2.1364 41.0684 1.4892 0.7285
Car -1 -1 4.4356 701.1428 165.6081 844.9000 263.7072 1.7225 1.7390 4.1835 3.1554 1.5953 14.8183 4.6404 0.7259
Car -1 -1 4.8311 606.8843 177.9825 629.7677 194.2944 1.4352 1.6678 3.9083 0.8408 1.9247 66.8175 4.8432 0.4261
Car -1 -1 1.8510 598.4987 175.4463 630.4503 195.7778 1.7278 1.7003 4.3779 0.4788 1.9670 64.2526 1.8580 0.1440
Car -1 -1 1.3194 668.8234 172.6587 718.4876 203.2776 1.5017 1.6282 3.9080 4.3004 1.4921 37.4356 1.4324 0.1073
Car -1 -1 1.4866 527.2962 180.7986 549.7821 199.9269 1.5079 1.5565 3.9066 -5.9977 2.1984 60.6527 1.3881 0.1057
Car -1 -1 4.7125 415.4614 176.2151 446.5782 206.0058 1.4827 1.5296 3.6728 -9.4753 1.6703 38.3203 4.4713 0.1006
Car -1 -1 1.6723 515.4883 181.7251 546.1697 207.0310 1.5799 1.6323 4.2336 -5.2641 2.2042 48.6568 1.5646 0.0988
Car -1 -1 4.4797 411.3588 176.4505 452.7934 203.6200 1.4894 1.5443 3.6588 -10.3822 1.7089 42.0588 4.2388 0.0959
Car -1 -1 2.3332 434.0912 171.2432 492.5802 194.9936 1.5289 1.6221 3.8786 -9.7841 1.4252 48.5203 2.1350 0.0887
Car -1 -1 -0.3370 717.0477 162.1131 948.8707 253.0549 1.6062 1.7012 3.8522 4.1188 1.4165 13.6924 -0.0514 0.0878
Car -1 -1 4.8185 473.2752 180.9340 499.9613 202.6521 1.5297 1.5931 3.6175 -9.1761 2.1558 54.0557 4.6508 0.0852
Car -1 -1 1.0986 607.8224 176.1988 646.5159 194.8701 1.5574 1.6535 4.2094 1.5024 1.8610 63.2464 1.1218 0.0844
Car -1 -1 1.4070 477.9960 174.4355 505.8285 194.9604 1.5874 1.5831 4.0298 -9.5379 1.7200 58.3010 1.2452 0.0770
Car -1 -1 1.6432 530.3028 181.2937 558.7034 205.2574 1.5016 1.6172 4.0364 -4.3487 2.0947 48.6751 1.5541 0.0736
Car -1 -1 0.8246 619.8734 181.0719 695.5530 212.2598 1.4568 1.6148 3.9207 2.4032 1.8991 36.8048 0.8887 0.0722
Car -1 -1 1.4027 456.6476 178.1297 482.6860 197.3314 1.5300 1.5295 3.8398 -11.7947 1.9888 60.6924 1.2113 0.0713
Car -1 -1 1.5985 602.3975 176.2137 622.1238 194.7969 1.6100 1.6697 4.4660 0.2757 1.9260 65.5885 1.6023 0.0702
Car -1 -1 1.3637 529.1639 178.6730 567.8292 203.8771 1.4889 1.6573 3.9785 -3.9170 1.8752 45.7572 1.2783 0.0697
Car -1 -1 1.5701 489.6935 184.1974 522.4015 217.2980 1.6252 1.6605 4.0674 -5.5955 2.2721 39.0188 1.4281 0.0679
Car -1 -1 1.2540 685.8666 162.9697 742.3354 195.9870 1.5051 1.6075 3.7336 4.9857 1.0545 34.8693 1.3945 0.0642
Car -1 -1 -0.1478 671.6614 166.9771 753.0972 197.5957 1.5336 1.6537 3.9288 5.2245 1.2392 36.9834 -0.0090 0.0640
Car -1 -1 1.6248 407.7533 177.0062 445.0897 209.4374 1.5121 1.5982 3.9196 -9.1468 1.7326 36.2488 1.3790 0.0637
Car -1 -1 1.3732 422.0358 172.9720 451.1833 192.0030 1.4844 1.5638 3.8792 -14.0255 1.4943 58.3930 1.1382 0.0620
Car -1 -1 2.7603 532.7739 181.9617 598.7080 205.7686 1.4591 1.6417 3.9633 -2.8512 2.0728 47.0293 2.6996 0.0609
Car -1 -1 4.4432 402.3599 168.3049 461.0666 201.8919 1.4877 1.6551 4.1508 -8.4809 1.2862 34.1758 4.2014 0.0554
Car -1 -1 2.5303 594.7089 176.3854 640.9499 193.4125 1.4889 1.6464 3.9835 0.7667 1.8190 65.6463 2.5415 0.0538
Car -1 -1 4.5257 702.0748 165.4372 748.3897 198.5468 1.6265 1.6616 3.9253 5.9389 1.2622 37.4326 4.6815 0.0534
Car -1 -1 1.5501 458.1239 202.5058 509.4515 250.2288 1.4517 1.7267 3.7922 -4.6530 2.6238 26.4942 1.3771 0.0511
Car -1 -1 0.5436 467.7655 180.2439 545.2298 212.0034 1.7066 1.6574 4.0981 -5.8676 2.1432 41.0642 0.4021 0.0506
Car -1 -1 1.2927 489.0656 190.8521 548.0976 227.5358 1.4508 1.6683 3.7899 -4.1731 2.3166 32.6380 1.1658 0.0505
Car -1 -1 1.3529 663.5314 175.0928 714.1558 207.6554 1.5230 1.6717 4.0568 3.9044 1.6417 36.1463 1.4591 0.0501