Car -1 -1 4.6037 843.3719 175.8569 919.9926 229.2154 1.4109 1.6461 4.3688 8.0449 1.5107 21.6576 4.9543 0.9290
Car -1 -1 3.7430 307.2206 176.8017 525.6224 262.3796 1.5461 1.6974 4.0367 -3.9046 1.6344 14.6531 3.4863 0.4859
Car -1 -1 4.6130 837.0968 167.2079 873.9170 196.4412 1.4381 1.4967 2.9439 12.6040 1.1603 37.0963 4.9378 0.2396
Car -1 -1 5.3103 375.1880 175.7563 555.5090 265.2655 1.5338 1.6845 3.8229 -2.7395 1.6009 14.5884 5.1272 0.2085
Car -1 -1 4.5429 886.0433 167.2673 931.4896 200.6399 1.5024 1.5017 2.9022 14.0756 1.2509 34.0633 4.9314 0.2069
Car -1 -1 1.0951 839.0369 189.9229 1242.0000 375.0000 1.3975 1.4863 3.8034 2.7798 1.5536 4.6741 1.6032 0.1479
Car -1 -1 4.8810 877.6917 168.4671 916.0165 193.6836 1.5124 1.6092 3.9300 18.0991 1.2493 45.3714 5.2580 0.1427
Car -1 -1 4.3153 498.3547 191.4205 635.0711 273.2881 1.4720 1.6113 3.9496 -1.0870 1.9400 16.0640 4.2477 0.1260
Car -1 -1 2.2622 949.6561 185.3141 1242.0000 375.0000 1.4583 1.6019 4.0354 3.9823 1.5327 3.3933 3.0847 0.1125
Car -1 -1 1.4174 940.9803 194.5650 1039.0178 265.3911 1.4657 1.5904 3.7102 9.4465 2.0731 18.1752 1.8892 0.1101
Car -1 -1 4.8922 419.2211 183.6438 534.5112 268.6335 1.5183 1.6819 4.0793 -2.6805 1.7801 15.4579 4.7224 0.0976
Car -1 -1 -0.0936 844.2363 165.3277 935.3334 197.0624 1.5286 1.6290 4.1071 13.9327 1.1661 36.0917 0.2718 0.0931
Car -1 -1 3.6026 251.7112 190.5485 504.1281 290.2180 1.4555 1.5924 3.6767 -3.7683 1.7765 12.0041 3.3039 0.0863
Car -1 -1 0.7151 910.2598 195.8284 1242.0000 375.0000 1.4348 1.5305 3.5848 3.0402 1.5967 3.2025 1.4288 0.0833
Car -1 -1 1.4142 851.9012 170.7845 884.2103 194.0515 1.5124 1.4874 3.7215 17.4628 1.3779 48.8665 1.7552 0.0826
Car -1 -1 -0.5194 865.5119 190.1692 1242.0000 375.0000 1.4164 1.6021 3.9964 3.8810 1.5532 4.6153 0.1481 0.0806
Car -1 -1 -0.5405 1014.2923 186.1472 1242.0000 282.5551 1.4589 1.5414 3.6166 9.0422 1.6990 12.1028 0.0888 0.0792
Car -1 -1 2.0389 321.8772 176.7460 513.7964 277.1825 1.5278 1.6770 4.1618 -3.3070 1.6119 13.3647 1.8001 0.0737
Car -1 -1 2.4430 938.3450 179.9445 1124.3314 240.7514 1.4603 1.6203 4.1097 10.9126 1.6561 18.7631 2.9624 0.0730
Car -1 -1 -0.4960 627.4197 188.7182 1242.0000 375.0000 1.4608 1.5065 3.8692 2.1405 1.5902 4.9276 -0.1092 0.0673
Car -1 -1 2.9591 892.5443 167.2701 967.0347 200.6862 1.4855 1.5513 2.8907 14.6617 1.2373 33.1617 3.3718 0.0585
Car -1 -1 4.6900 867.7048 169.4978 892.4056 192.4306 1.6314 1.6149 3.9676 20.0081 1.3927 53.4684 5.0460 0.0580
Car -1 -1 4.0683 1113.5792 181.6159 1242.0000 375.0000 1.4503 1.5276 3.5976 7.0305 1.5624 7.3630 4.8101 0.0571
Car -1 -1 1.1751 1050.2239 190.6982 1194.5990 259.5660 1.4443 1.5867 3.7813 12.7267 1.9439 18.1886 1.7773 0.0563
Car -1 -1 1.2982 853.3500 166.1214 900.6914 191.8773 1.5713 1.6845 4.5069 17.0987 1.1606 46.3324 1.6494 0.0539
Car -1 -1 2.3278 1162.8148 110.5824 1242.0000 375.0000 1.5443 1.6448 4.1855 4.4619 1.4759 2.1245 3.4013 0.0509
Car -1 -1 0.1008 368.0654 180.5390 577.5495 259.0258 1.5033 1.6373 4.0657 -2.7251 1.6732 14.9824 -0.0769 0.0504