Car -1 -1 1.6075 348.4472 181.5857 373.9981 205.0517 1.4691 1.4871 3.6299 -16.6842 2.0805 48.5760 1.2780 0.3961
Car -1 -1 4.4614 499.5748 169.6544 532.2882 191.4792 1.6760 1.6677 3.9078 -7.4999 1.4303 57.5344 4.3321 0.1586
Car -1 -1 2.0148 354.5903 180.5278 402.9290 204.2659 1.4992 1.5541 3.9959 -15.6121 2.0426 49.0036 1.7076 0.1217
Car -1 -1 1.7681 336.5002 179.7413 377.1084 206.1780 1.5734 1.6537 4.2198 -16.1544 2.0363 46.2929 1.4338 0.0999
Car -1 -1 1.5560 423.7109 174.9927 478.2010 223.9484 1.4399 1.5915 3.6668 -5.1537 1.5150 23.3606 1.3408 0.0825
Car -1 -1 1.4173 345.6968 178.2787 383.2068 204.6956 1.5458 1.6259 4.0989 -15.4313 1.9030 45.3156 1.0906 0.0727
Car -1 -1 1.9453 381.0872 181.4412 427.8591 205.8330 1.4649 1.5744 3.9556 -13.2469 2.0465 46.8211 1.6707 0.0708
Car -1 -1 3.2669 308.6425 179.5470 437.2646 225.4157 1.4464 1.5984 3.9290 -7.8447 1.6819 24.2345 2.9566 0.0689
Car -1 -1 2.9486 416.0471 175.4744 546.8857 220.6324 1.4333 1.6183 4.1559 -4.3640 1.5280 24.5773 2.7742 0.0640
Car -1 -1 1.8505 368.5713 182.7878 447.4900 230.4678 1.4247 1.5322 3.8686 -6.6861 1.7862 24.3150 1.5844 0.0618
Car -1 -1 1.9096 391.6664 184.1271 431.2585 205.4666 1.5488 1.6758 4.2824 -15.5605 2.4718 56.8841 1.6434 0.0576
Car -1 -1 1.7225 425.1169 176.1428 491.3021 222.5960 1.4781 1.6688 3.9732 -5.2080 1.6025 25.2712 1.5208 0.0571
Car -1 -1 1.8522 444.5249 179.6083 479.4925 199.4893 1.5122 1.6659 4.2273 -11.9204 2.0805 58.5335 1.6518 0.0530
Car -1 -1 2.1595 278.6424 175.7649 411.0386 235.9565 1.4936 1.6023 3.8072 -7.2392 1.5832 20.1442 1.8183 0.0526
Car -1 -1 1.7406 418.2440 184.7691 445.1566 203.7763 1.4883 1.5884 3.7507 -14.9609 2.5248 60.8393 1.5001 0.0523