Car -1 -1 2.2530 0.0000 201.2234 123.1657 252.7957 1.3625 1.6373 3.9891 -17.9179 2.3582 23.3041 1.6029 0.9186
Car -1 -1 4.6988 592.7507 175.7335 615.0338 197.5180 1.6023 1.6570 4.2208 -0.4683 1.8333 55.7609 4.6900 0.5937
Car -1 -1 1.6459 396.4299 183.5848 422.8397 205.5208 1.5097 1.6026 3.8867 -14.8514 2.3395 53.7357 1.3771 0.4510
Car -1 -1 1.6907 71.2450 189.9532 125.3272 226.6874 1.5232 1.6319 3.5307 -23.7837 2.3671 33.6675 1.0792 0.2496
Car -1 -1 1.3833 383.6234 181.3315 408.6843 198.8823 1.5315 1.5625 3.7310 -19.8171 2.3415 66.9264 1.0962 0.1718
Car -1 -1 1.8331 383.4784 182.6286 423.9269 207.0069 1.5951 1.6584 4.4429 -14.5549 2.3195 51.2350 1.5573 0.1573
Car -1 -1 5.0221 354.3257 166.8662 392.3227 192.5492 1.9646 1.7351 3.9452 -18.6657 1.5066 57.1701 4.7076 0.1209
Car -1 -1 3.8013 17.2189 190.3011 129.3304 224.9806 1.4953 1.6909 3.8882 -24.3953 2.3126 32.9056 3.1670 0.1058
Car -1 -1 1.6592 441.6947 182.1107 469.0276 203.9230 1.4673 1.5915 3.9496 -11.1465 2.1652 52.3397 1.4500 0.0967
Car -1 -1 1.3527 397.6901 181.5811 435.2147 205.7085 1.5580 1.6439 4.3227 -13.5687 2.1971 50.5496 1.0914 0.0891
Car -1 -1 2.1327 366.4352 181.0792 421.4652 205.4032 1.5590 1.6614 4.2100 -14.8783 2.1549 50.0204 1.8447 0.0786
Car -1 -1 1.1944 373.9007 184.2965 415.2546 206.4168 1.4961 1.5909 3.8851 -15.7943 2.3672 52.9104 0.9053 0.0742
Car -1 -1 1.6226 380.4527 178.6277 402.4044 197.9604 1.6275 1.6560 4.0816 -19.3826 2.1589 64.2239 1.3303 0.0709
Car -1 -1 2.1244 402.2450 183.5098 449.2941 205.3279 1.5058 1.5729 3.9342 -13.6951 2.3342 53.9752 1.8767 0.0677
Car -1 -1 2.0459 141.1479 182.8750 223.8537 218.2274 1.4940 1.6017 4.1366 -19.8816 1.9926 33.7952 1.5173 0.0674
Car -1 -1 2.1460 107.8213 183.0849 197.5904 217.7091 1.4836 1.6316 4.0578 -21.5079 1.9971 34.1668 1.5875 0.0664
Car -1 -1 2.0292 567.1137 173.4421 611.9509 197.1008 1.6393 1.6586 3.9698 -1.4051 1.6837 52.2531 2.0021 0.0654
Car -1 -1 1.7355 399.0631 183.7309 432.0550 207.3801 1.5803 1.6326 4.2566 -14.0470 2.4037 52.4312 1.4746 0.0647
Car -1 -1 2.1815 90.9841 182.1407 193.3604 220.0038 1.4994 1.6406 4.2240 -20.4333 1.9360 31.7715 1.6136 0.0638
Car -1 -1 4.5944 52.8841 190.5619 105.6494 225.1283 1.4569 1.5897 3.8975 -25.3117 2.3493 34.3960 3.9635 0.0625
Car -1 -1 1.2742 598.6907 173.6292 637.2542 196.5192 1.5500 1.6426 3.9607 0.5517 1.6072 51.1350 1.2845 0.0581
Car -1 -1 1.6099 590.7579 174.7331 614.2122 195.9734 1.5183 1.5999 3.9026 -0.4972 1.6638 53.9011 1.6003 0.0560
Car -1 -1 1.7006 344.8026 185.2029 373.9984 207.0172 1.6334 1.6994 4.3258 -20.3779 2.6809 58.9100 1.3686 0.0549
Car -1 -1 -0.1886 583.1937 175.3061 634.3388 195.9160 1.5240 1.5680 3.6500 -0.0752 1.7138 54.7349 -0.1903 0.0545
Car -1 -1 2.3078 64.0235 182.4968 175.3278 220.8421 1.5219 1.6843 4.1888 -21.5334 1.9781 31.9373 1.7183 0.0540
Car -1 -1 1.5643 396.8242 183.7522 424.4901 211.1859 1.5105 1.5352 3.7417 -11.9517 2.1953 43.3321 1.2964 0.0537
Car -1 -1 1.8699 52.7667 189.0564 126.6569 226.2146 1.4715 1.6384 3.7614 -23.2376 2.2449 32.3985 1.2514 0.0525
Car -1 -1 4.0560 0.0000 192.6140 120.9149 266.2303 1.4890 1.6110 3.9600 -13.5113 1.9753 16.5105 3.3779 0.0514