Car -1 -1 4.5827 588.3370 177.3425 621.2383 200.8574 1.4940 1.7072 4.0754 -0.3660 1.8108 48.7922 4.5748 0.6669
Car -1 -1 2.1649 0.0000 180.8315 161.9845 268.9443 1.8403 1.7241 4.4237 -13.1601 2.0609 17.7183 1.5331 0.5204
Car -1 -1 1.7036 390.7955 182.7664 417.1219 201.2337 1.5414 1.7305 4.1700 -18.4130 2.4611 64.7590 1.4273 0.3967
Car -1 -1 -0.1045 623.2385 168.2529 667.8880 183.9566 1.4770 1.6063 4.1047 3.4106 1.0442 68.7771 -0.0554 0.1841
Car -1 -1 4.6325 384.2405 183.1638 417.9099 211.0831 1.4673 1.5643 3.7860 -12.0200 2.0892 41.4788 4.3518 0.1830
Car -1 -1 1.8925 377.6500 181.2003 413.8065 202.0989 1.6841 1.6768 4.3936 -18.3629 2.4287 62.1458 1.6060 0.1812
Car -1 -1 4.7746 0.0000 164.9480 56.0308 203.7665 1.4649 1.5850 3.8448 -23.5473 1.1665 29.2572 4.1012 0.1017
Car -1 -1 2.1505 391.7468 182.6058 453.5674 210.5167 1.4770 1.5904 3.8791 -10.7434 2.0693 41.7363 1.8996 0.0972
Car -1 -1 1.6888 95.7994 200.8152 175.0565 256.2299 1.4714 1.6721 3.8776 -15.2576 2.4597 23.3954 1.1159 0.0935
Car -1 -1 3.1397 354.1427 183.5454 427.3240 212.2181 1.5115 1.6134 3.8420 -12.2107 2.1291 40.3560 2.8473 0.0918
Car -1 -1 0.0522 396.8819 181.4451 463.3401 209.1910 1.4806 1.5960 3.5212 -9.9735 1.9738 40.3086 -0.1892 0.0895
Car -1 -1 1.0298 603.0272 174.0667 657.0991 199.3650 1.4778 1.5782 3.8226 1.2138 1.5558 44.3962 1.0565 0.0880
Car -1 -1 1.5542 387.8814 180.7450 421.3741 210.9820 1.4892 1.6454 3.7908 -11.0058 1.9345 38.6600 1.2783 0.0876
Car -1 -1 1.5457 594.3147 174.7526 621.1771 199.9256 1.5664 1.6532 4.0463 -0.1560 1.6962 47.2536 1.5419 0.0848
Car -1 -1 1.5080 439.7465 180.6439 460.9009 198.6916 1.5112 1.5877 4.2364 -14.2871 2.2331 64.6178 1.2909 0.0836
Car -1 -1 1.8360 377.5815 179.6915 410.7623 199.5944 1.5786 1.6543 4.0952 -18.0765 2.1735 60.7147 1.5475 0.0831
Car -1 -1 1.7321 391.7875 182.3816 418.9609 202.5231 1.6547 1.6395 4.2293 -17.9412 2.5228 63.5457 1.4577 0.0804
Car -1 -1 1.2797 392.0417 181.2692 425.6775 200.1319 1.4934 1.6260 4.1672 -17.0773 2.2338 61.2834 1.0087 0.0752
Car -1 -1 4.0172 84.5917 167.2952 174.0529 198.7472 1.5139 1.6067 3.8953 -23.9875 1.2463 36.0597 3.4335 0.0737
Car -1 -1 2.1288 363.0334 180.1525 406.9670 200.7419 1.6401 1.6458 4.0748 -18.9939 2.2812 61.2022 1.8288 0.0731
Car -1 -1 1.8030 396.5482 182.4089 425.3083 200.3364 1.5397 1.6440 4.0926 -18.1978 2.4446 66.2547 1.5356 0.0669
Car -1 -1 1.8992 639.5090 178.3497 682.8480 202.6844 1.4595 1.5774 3.9872 3.3645 1.8292 46.3870 1.9706 0.0663
Car -1 -1 1.8355 353.8808 177.7095 405.9785 208.3214 1.4996 1.6237 3.9568 -12.0186 1.7688 37.9925 1.5308 0.0653
Car -1 -1 1.2425 376.3764 183.8144 411.4730 201.5214 1.4767 1.7286 4.3639 -19.5388 2.5029 65.2751 0.9524 0.0637
Car -1 -1 1.5172 125.1743 199.3894 187.6285 248.4878 1.4852 1.7278 4.3319 -16.7289 2.5450 26.5485 0.9591 0.0636
Car -1 -1 1.5988 430.6343 180.9971 450.4753 199.0785 1.4708 1.5631 4.0852 -14.6779 2.2038 62.7915 1.3698 0.0627
Car -1 -1 1.8943 374.9903 184.8812 429.8243 215.9958 1.5592 1.6547 4.2116 -11.3927 2.2609 39.9555 1.6179 0.0576
Car -1 -1 0.6144 31.9832 159.8217 138.2420 193.3937 1.5638 1.6329 3.8746 -24.9736 0.9567 34.4434 -0.0094 0.0552
Car -1 -1 1.1660 0.0000 189.3088 61.2567 266.5677 1.5522 1.6528 4.1140 -14.8894 1.9735 16.8327 0.4495 0.0545
Car -1 -1 1.5045 648.3431 178.8153 676.2469 201.8739 1.4220 1.5700 3.8758 3.4300 1.8301 47.4435 1.5757 0.0540
Car -1 -1 3.2959 626.0494 167.3545 673.9716 183.3384 1.4774 1.5722 4.3131 3.8177 0.9691 67.9088 3.3516 0.0532
Car -1 -1 0.5463 397.3996 180.1366 475.1750 208.6940 1.4747 1.6617 3.8162 -9.4360 1.8857 39.3394 0.3121 0.0531
Car -1 -1 0.5704 379.1699 182.7250 427.3744 201.3394 1.5854 1.6285 3.8558 -18.3487 2.4820 64.2049 0.2928 0.0527
Car -1 -1 1.7849 353.9250 183.5800 383.3708 201.2610 1.4500 1.6529 3.9883 -21.2454 2.4286 63.7573 1.4642 0.0520