Car -1 -1 1.9822 190.7563 185.2360 325.3969 257.1487 1.4944 1.5818 3.6049 -8.3287 1.8251 17.4469 1.5423 0.9660
Car -1 -1 1.8530 378.0611 185.4420 444.7464 224.4776 1.4950 1.6683 4.1284 -8.4340 2.0731 31.0550 1.5895 0.9135
Car -1 -1 4.7378 576.0986 180.2225 612.2431 216.2717 1.5921 1.6363 4.4836 -0.6911 1.9728 35.0310 4.7175 0.9118
Car -1 -1 4.6435 285.9667 175.1396 312.8528 198.4207 1.6932 1.6256 3.8367 -23.6505 1.8739 54.9631 4.2387 0.2489
Car -1 -1 1.8056 341.8077 171.3919 432.2054 227.1486 1.5677 1.6938 4.3653 -6.8049 1.5266 22.5143 1.5149 0.2260
Car -1 -1 2.7743 313.9995 189.9821 388.7561 215.9035 1.4745 1.7258 4.1099 -16.3064 2.6060 45.6702 2.4328 0.2256
Car -1 -1 4.3077 483.1963 170.1771 524.7364 193.2465 1.6540 1.6598 3.9115 -7.9138 1.4621 53.8339 4.1621 0.1967
Car -1 -1 1.8558 303.5375 186.1310 337.7263 206.1091 1.5258 1.6024 3.8572 -23.8803 2.6621 59.7543 1.4768 0.1574
Car -1 -1 1.6242 148.0432 204.9925 212.3526 254.1540 1.4337 1.7567 3.8440 -15.3258 2.6819 25.9129 1.0942 0.1216
Car -1 -1 1.6606 307.3109 193.4577 350.1956 225.8480 1.4637 1.7045 4.2388 -14.6311 2.6071 37.7685 1.2930 0.1175
Car -1 -1 4.9049 387.7816 176.9524 472.1557 231.1849 1.4387 1.6607 4.1114 -5.2410 1.5730 21.5478 4.6686 0.1073
Car -1 -1 1.6351 296.7780 189.9484 329.0440 216.1287 1.4865 1.6373 3.9584 -18.8210 2.6244 45.8946 1.2476 0.1037
Car -1 -1 3.6820 310.8245 196.5627 396.9875 228.2848 1.4679 1.7271 3.7481 -12.8826 2.7054 36.4379 3.3440 0.1005
Car -1 -1 1.6737 287.2827 191.0338 324.2834 217.8767 1.4575 1.6903 3.7921 -18.4834 2.6188 44.0277 1.2780 0.0928
Car -1 -1 0.4322 255.6534 179.1718 308.0024 196.3396 1.5749 1.6951 4.1424 -30.7143 2.1751 67.6874 0.0075 0.0864
Car -1 -1 1.5237 371.8891 184.9050 394.3689 205.0583 1.4926 1.5488 3.7064 -18.1760 2.4923 57.8460 1.2202 0.0852
Car -1 -1 1.5655 161.7343 196.0998 215.7330 241.0917 1.4806 1.7157 4.2944 -16.5469 2.4690 28.3936 1.0416 0.0845
Car -1 -1 1.0631 249.9536 194.4427 324.6476 227.7158 1.4682 1.6696 4.0387 -16.1786 2.6065 36.1607 0.6447 0.0838
Car -1 -1 1.7992 378.5271 183.2651 448.1567 227.7759 1.3886 1.5362 3.7030 -6.7793 1.7802 25.2619 1.5391 0.0818
Car -1 -1 1.1554 261.1828 188.4706 315.2173 214.2317 1.4677 1.6730 3.9115 -20.2415 2.4920 45.3891 0.7378 0.0812
Car -1 -1 1.4691 355.4224 183.2707 380.7350 202.4438 1.4645 1.5913 3.9446 -19.9551 2.3549 59.5483 1.1468 0.0748
Car -1 -1 1.7975 272.8479 195.8614 328.2778 230.2305 1.4247 1.6509 3.5846 -14.6466 2.5816 34.3725 1.3971 0.0699
Car -1 -1 1.6921 487.7321 171.4594 517.1631 193.1584 1.5263 1.6409 4.1147 -7.8001 1.4282 52.8295 1.5460 0.0673
Car -1 -1 1.6399 300.9673 187.0421 327.2409 208.5748 1.5450 1.6323 4.0204 -23.2146 2.7043 56.7890 1.2532 0.0625
Car -1 -1 1.7790 313.2478 176.3740 407.9379 236.0325 1.5309 1.7039 4.3921 -7.1183 1.6448 21.0632 1.4564 0.0620
Car -1 -1 1.6877 192.3846 189.3043 236.0034 221.1688 1.5101 1.5871 3.8201 -20.9779 2.4327 38.3985 1.1903 0.0607
Car -1 -1 1.5258 193.7974 204.0028 253.1243 251.5948 1.4383 1.7657 3.6646 -14.2191 2.6692 26.4859 1.0369 0.0596
Car -1 -1 1.5663 320.2430 189.1900 348.6115 215.2971 1.4967 1.6314 4.0786 -17.6598 2.5950 46.3112 1.2035 0.0561
Car -1 -1 5.1895 58.2722 177.1512 306.5738 287.1297 1.4696 1.6439 4.3450 -6.7297 1.5542 12.0052 4.6877 0.0553
Car -1 -1 1.6906 405.4030 181.4908 433.3981 202.6138 1.5365 1.6324 4.0859 -14.8140 2.2368 56.3673 1.4344 0.0524
Car -1 -1 1.8397 269.5382 174.8529 310.3083 197.9349 1.5940 1.6377 4.2141 -23.1568 1.7453 52.4141 1.4253 0.0523
Car -1 -1 1.6427 149.9448 193.0974 204.6911 233.7526 1.5005 1.7037 4.3759 -18.6599 2.4441 31.2969 1.1085 0.0515
Car -1 -1 2.1019 187.5860 176.3594 240.9164 203.2132 1.8715 1.6568 3.9212 -28.8515 2.1377 52.7917 1.6036 0.0514