Car -1 -1 4.6713 554.5311 178.5880 715.8508 320.2741 1.4335 1.6754 4.1774 0.2267 1.5263 9.5751 4.6927 0.9288
Car -1 -1 1.4935 579.5981 174.4801 640.1476 224.8011 1.4471 1.6022 4.0626 -0.0722 1.5036 22.9740 1.4897 0.3753
Car -1 -1 2.9843 538.9048 174.6052 668.4025 225.5809 1.4943 1.4693 3.8110 -0.2187 1.5509 22.2655 2.9739 0.2313
Car -1 -1 4.4005 632.2180 167.5245 675.9239 193.3239 1.5136 1.5811 3.8210 2.6877 1.2009 44.3786 4.4603 0.2071
Car -1 -1 4.7942 640.3564 160.9437 673.3358 188.4794 1.5126 1.5902 3.8427 2.7705 0.8583 41.6529 4.8599 0.1724
Car -1 -1 1.4524 690.1588 215.8972 801.4384 312.5385 1.4323 1.6859 3.8371 2.5679 2.4083 14.4006 1.6237 0.1202
Car -1 -1 4.7946 639.9284 162.8299 675.8679 192.7744 1.5687 1.6519 4.1162 2.7246 1.0436 39.9578 4.8619 0.1166
Car -1 -1 1.5338 637.0447 213.6121 729.7174 305.8094 1.4176 1.6342 3.6177 1.4046 2.3459 14.5826 1.6263 0.1049
Car -1 -1 3.2831 605.2823 163.8632 675.1122 189.3359 1.4864 1.6130 3.9955 1.8577 0.9617 43.2613 3.3255 0.1008
Car -1 -1 1.5093 593.9639 174.0638 653.1547 227.9078 1.4679 1.5249 4.0636 0.3417 1.5079 21.8283 1.5240 0.0994
Car -1 -1 -0.2197 630.1586 167.7919 696.2448 193.2587 1.5083 1.5982 3.7412 3.2325 1.2085 43.7990 -0.1468 0.0887
Car -1 -1 3.4714 668.1359 173.6356 715.5553 191.6207 1.4801 1.5555 3.6779 6.9540 1.5478 61.0014 3.5841 0.0715
Car -1 -1 4.9883 671.2201 178.7198 719.9003 208.6157 1.4827 1.6083 3.8335 4.6594 1.8140 38.6787 5.1067 0.0705
Car -1 -1 5.1929 648.6722 161.2378 706.6607 189.1303 1.5198 1.6233 4.0608 3.9643 0.8869 41.4607 5.2873 0.0662
Car -1 -1 3.2396 631.3644 162.1375 702.3344 190.0569 1.5252 1.6137 3.8367 3.2420 0.9398 40.5480 3.3185 0.0632
Car -1 -1 4.0803 581.4794 165.8420 650.7776 193.7228 1.5382 1.6865 4.5383 0.3190 1.1514 42.1426 4.0874 0.0622
Car -1 -1 0.0559 643.9067 168.1359 712.4803 193.7095 1.4875 1.6623 3.9908 4.1237 1.2131 43.0904 0.1503 0.0597
Car -1 -1 0.5290 668.5323 175.2998 723.6871 196.7301 1.5281 1.5966 3.7809 6.4142 1.7160 53.6331 0.6470 0.0597
Car -1 -1 3.0832 582.2719 175.4085 714.7019 225.1260 1.4969 1.5701 4.0070 1.1725 1.5797 22.6069 3.1336 0.0595
Car -1 -1 1.8068 512.1237 187.1440 565.4457 220.8243 1.4356 1.6260 4.1358 -3.3371 2.1666 34.7497 1.7112 0.0579
Car -1 -1 4.6803 629.3823 165.9623 648.9164 184.0317 1.6313 1.6837 4.1017 2.7279 1.0091 67.1979 4.7205 0.0578
Car -1 -1 3.0801 646.6946 162.8646 722.6520 189.8302 1.5377 1.6946 4.3069 4.3314 0.9681 42.0792 3.1817 0.0504
Car -1 -1 -0.4050 643.1262 175.4515 715.4513 200.9009 1.5128 1.6528 4.1328 4.3019 1.6784 44.5964 -0.3100 0.0503