Car -1 -1 1.9907 233.5265 186.1762 308.7444 219.6293 1.4729 1.6800 4.4855 -16.6817 2.1758 35.8167 1.5573 0.7454
Car -1 -1 1.8245 380.7529 180.9008 418.8774 204.4207 1.4676 1.5920 3.5489 -13.9196 2.0235 48.0477 1.5436 0.7427
Car -1 -1 4.7605 249.6602 195.8152 305.8251 242.5397 1.4427 1.6623 3.6747 -12.0041 2.3429 26.2735 4.3353 0.4344
Car -1 -1 1.7324 292.4438 189.4046 324.4751 211.7653 1.4964 1.5705 3.9366 -22.2727 2.7713 53.4844 1.3392 0.2138
Car -1 -1 1.6321 375.2874 179.1725 407.4332 208.2356 1.7263 1.6994 4.2659 -13.8951 2.1500 46.1155 1.3406 0.1551
Car -1 -1 4.9984 235.3168 199.4277 319.2611 247.8745 1.4138 1.6667 3.6544 -11.4434 2.4089 25.0929 4.5740 0.1362
Car -1 -1 4.6293 305.6046 196.7845 363.7037 242.9987 1.4274 1.6938 3.5282 -10.0581 2.3636 26.2698 4.2665 0.1213
Car -1 -1 1.9998 207.5605 183.4146 255.8783 210.8639 1.8609 1.5897 3.9937 -27.4317 2.6592 52.5147 1.5203 0.1062
Car -1 -1 4.7080 289.9437 196.5677 341.0663 243.2022 1.4804 1.6612 3.7805 -11.0225 2.4378 27.0679 4.3242 0.1012
Car -1 -1 1.4023 383.1011 179.9592 422.6029 208.6764 1.6612 1.6619 4.4434 -13.0143 2.1303 45.2709 1.1235 0.0869
Car -1 -1 1.4793 291.8947 183.0429 314.2845 200.0320 1.4896 1.6020 3.7484 -28.7875 2.4747 67.7294 1.0786 0.0722
Car -1 -1 0.6074 188.5125 188.2390 285.6195 221.2247 1.4773 1.6494 3.8667 -17.7191 2.2336 34.3956 0.1346 0.0721
Car -1 -1 0.6253 362.9523 181.1424 428.6318 204.2640 1.4629 1.5840 4.0340 -14.2420 2.0315 48.0834 0.3385 0.0715
Car -1 -1 1.8981 441.5340 178.0768 487.8737 204.8494 1.5561 1.6132 4.0118 -8.9433 1.8959 44.8485 1.7020 0.0696
Car -1 -1 0.4597 170.2426 194.4076 310.5222 238.1037 1.4820 1.6697 4.2282 -13.3020 2.2888 26.1595 -0.0070 0.0683
Car -1 -1 1.8571 261.5461 184.2954 302.8266 206.4039 1.4836 1.6378 4.1522 -23.9092 2.3558 52.8332 1.4337 0.0675
Car -1 -1 0.9329 196.1611 194.0119 304.7887 236.9883 1.4414 1.6407 4.0150 -13.6834 2.2951 27.4670 0.4742 0.0651
Car -1 -1 1.7819 197.9409 187.4011 250.2967 217.3008 1.4718 1.6792 4.3312 -21.3269 2.3265 40.0806 1.2953 0.0650
Car -1 -1 1.7454 231.6753 192.5123 310.1118 245.9192 1.4826 1.6300 4.0813 -11.0598 2.1908 23.8157 1.3145 0.0636
Car -1 -1 4.1836 307.7141 188.0524 413.8645 236.3116 1.4699 1.6491 4.1269 -8.7381 2.0421 25.1902 3.8524 0.0629
Car -1 -1 0.2243 172.6336 193.6778 315.3582 240.1271 1.4654 1.6219 4.1837 -12.6352 2.2292 25.1887 -0.2368 0.0611
Car -1 -1 1.9443 221.3133 186.7605 289.8335 223.1786 1.5429 1.6229 3.7605 -16.5815 2.2353 33.9859 1.4932 0.0601
Car -1 -1 4.2998 190.6770 184.3438 238.5812 205.9721 1.4667 1.6437 3.9165 -28.8864 2.3360 52.7422 3.8006 0.0595
Car -1 -1 1.8548 257.6523 194.5792 331.5235 238.7131 1.4637 1.5894 3.8221 -12.0706 2.3633 27.8851 1.4493 0.0590
Car -1 -1 0.5721 211.4894 186.2482 312.6560 218.1930 1.4788 1.6796 4.2452 -17.0222 2.1570 35.4279 0.1269 0.0576
Car -1 -1 1.7341 294.3461 183.9999 328.3036 206.5127 1.5062 1.6551 3.9383 -21.6348 2.3491 52.4623 1.3445 0.0576
Car -1 -1 -0.8451 313.0460 192.6064 426.1670 238.4155 1.4693 1.6535 4.2561 -8.9823 2.2816 27.3918 -1.1596 0.0574
Car -1 -1 0.5509 350.3020 182.9975 422.1034 209.0894 1.5110 1.6237 3.9186 -13.6219 2.1482 44.0522 0.2524 0.0549
Car -1 -1 2.0020 212.2363 184.5502 260.7104 207.2842 1.5647 1.6687 4.0387 -27.7627 2.4705 53.8258 1.5275 0.0508
Car -1 -1 4.5918 193.5509 187.0787 243.6610 221.3409 1.4536 1.6310 4.1557 -18.7782 2.1780 34.5782 4.0972 0.0506
Car -1 -1 1.9571 349.5869 180.4033 402.3963 208.5319 1.6308 1.6970 4.1400 -14.5271 2.1250 45.1033 1.6468 0.0501