Car -1 -1 4.6312 678.1140 181.9536 839.1812 331.9231 1.4620 1.6086 3.7140 1.6844 1.6022 9.1913 4.8054 0.8668
Car -1 -1 5.3423 170.8464 128.8110 304.6999 197.0645 1.8163 1.6656 3.5897 -10.7249 0.6443 21.1082 4.8772 0.6196
Car -1 -1 3.8794 231.7399 187.4005 399.8497 253.0540 1.4584 1.6461 3.7903 -7.3546 1.8521 18.0957 3.4980 0.4280
Car -1 -1 4.7300 668.1108 174.4963 713.6072 214.3900 1.3605 1.5587 3.8571 3.0477 1.4261 26.7853 4.8415 0.4000
Car -1 -1 -0.1245 688.3289 172.7003 763.3372 200.1571 1.4798 1.5845 3.9095 6.3599 1.4715 39.7425 0.0326 0.3408
Car -1 -1 5.0914 136.0953 196.4172 235.3907 248.4653 1.4782 1.6203 3.6001 -14.0300 2.3275 24.1080 4.5688 0.3250
Car -1 -1 5.3072 0.0000 0.0000 290.9167 375.0000 1.8854 1.7701 4.3228 -3.3545 1.2594 3.8178 4.6201 0.2884
Car -1 -1 2.1085 248.1342 184.3042 398.7306 258.3800 1.4702 1.5750 3.6894 -6.5175 1.7690 16.8776 1.7447 0.2247
Car -1 -1 4.4657 714.2369 169.6406 760.5249 197.8487 1.5181 1.6647 3.9123 7.1750 1.3451 40.8439 4.6380 0.1811
Car -1 -1 1.5136 713.5068 162.8052 757.3419 200.2697 1.5619 1.6773 4.2063 5.5618 1.1430 32.2641 1.6824 0.1770
Car -1 -1 3.8211 80.3749 200.3266 227.1702 250.1632 1.4553 1.6430 3.8297 -14.6452 2.3816 23.2777 3.2644 0.1618
Car -1 -1 4.6228 725.2263 173.4093 780.9258 218.5208 1.4808 1.5952 3.7486 5.0323 1.5021 25.6779 4.8136 0.1357
Car -1 -1 4.8056 682.0787 171.5485 735.2810 212.4040 1.4317 1.6231 4.2215 3.8502 1.3860 27.5255 4.9425 0.1295
Car -1 -1 1.7884 122.6857 203.0242 211.0147 257.6868 1.4143 1.6530 3.2859 -13.6927 2.4311 22.4984 1.2465 0.1207
Car -1 -1 4.5903 682.3199 174.4042 717.7115 201.7857 1.4646 1.5551 3.4543 5.0370 1.5553 40.5162 4.7127 0.1173
Car -1 -1 -0.2102 658.9008 172.8830 778.9604 213.1791 1.4095 1.5862 4.0594 3.9106 1.4106 26.1616 -0.0640 0.0924
Car -1 -1 1.6922 670.9914 176.6133 707.7824 205.2578 1.5438 1.6189 4.1840 4.6599 1.7726 41.6926 1.8022 0.0911
Car -1 -1 4.5899 651.9438 172.7907 709.8804 217.2179 1.4652 1.5823 3.8443 2.4693 1.4632 25.7407 4.6839 0.0895
Car -1 -1 1.7587 102.3567 180.5251 201.2809 241.5432 1.5514 1.6705 4.0888 -13.2395 1.7993 21.1081 1.2039 0.0797
Car -1 -1 5.3269 120.4157 120.4594 280.7474 203.1097 1.9972 1.7590 3.9992 -10.8554 0.7311 19.5217 4.8251 0.0789
Car -1 -1 4.4422 626.7727 174.0978 698.9025 216.3424 1.4329 1.6331 4.0287 1.8838 1.4827 26.7373 4.5111 0.0762
Car -1 -1 3.8109 116.0833 128.8257 291.0460 190.9159 1.7034 1.6718 4.3425 -11.7452 0.4955 20.9749 3.3057 0.0711
Car -1 -1 -0.2941 643.5253 171.3836 768.5392 211.3356 1.4473 1.6275 4.4049 3.6120 1.3940 27.3012 -0.1645 0.0696
Car -1 -1 3.2851 615.9593 174.3338 728.5051 215.0393 1.4034 1.5842 3.8818 2.2995 1.4596 26.1777 3.3712 0.0692
Car -1 -1 -0.0324 674.8736 176.9646 743.4435 205.1187 1.6058 1.6548 3.9236 5.8247 1.8536 42.4759 0.1025 0.0690
Car -1 -1 2.7912 672.3929 176.5371 802.5676 222.7850 1.4683 1.5725 4.0054 4.2560 1.5977 24.2183 2.9624 0.0687
Car -1 -1 5.0851 0.0000 12.1042 449.4200 375.0000 1.6825 1.6795 4.0514 -1.9929 1.2907 3.8442 4.6331 0.0678
Car -1 -1 5.0637 305.4501 187.1662 422.9406 253.9021 1.4420 1.5910 3.7714 -6.0798 1.8434 18.3232 4.7470 0.0646
Car -1 -1 1.6468 741.6807 169.5925 786.5474 206.2743 1.5138 1.6365 4.1857 6.9132 1.3792 32.0165 1.8571 0.0638
Car -1 -1 3.3259 218.2404 184.5148 403.9756 252.3892 1.4612 1.6169 3.8249 -6.9226 1.7564 17.0984 2.9461 0.0635
Car -1 -1 5.2703 165.4962 194.3345 277.3387 245.2844 1.4730 1.5796 3.7188 -12.9779 2.2558 24.3842 4.7853 0.0626
Car -1 -1 1.3978 693.6027 174.1812 735.6295 202.5631 1.5250 1.6578 4.2089 5.9233 1.6045 41.0974 1.5395 0.0582
Car -1 -1 1.8640 272.3323 181.8561 398.1440 258.4363 1.4506 1.5739 3.6497 -5.9098 1.6731 15.9722 1.5145 0.0578
Car -1 -1 -0.1594 667.0452 172.7381 731.5748 200.4124 1.4857 1.6012 3.2998 4.8927 1.4795 39.5992 -0.0378 0.0577
Car -1 -1 4.3399 810.4663 187.4180 1091.7986 356.7098 1.5153 1.6135 3.9803 3.7790 1.7336 8.8087 4.7318 0.0572
Car -1 -1 -0.3631 711.2003 173.3819 788.5216 200.9274 1.4797 1.5896 3.8881 7.7386 1.5097 39.9212 -0.1735 0.0555
Car -1 -1 -0.0069 777.7268 162.1404 960.8932 228.7993 1.4815 1.5823 3.9842 6.1774 1.2434 17.4271 0.3279 0.0535
Car -1 -1 1.1235 697.6224 159.6800 815.8483 222.1568 1.4720 1.5635 3.7318 3.7444 1.1616 19.0025 1.3146 0.0535
Car -1 -1 3.3785 170.2433 182.6312 385.0377 256.9902 1.4626 1.5917 3.9544 -7.0196 1.6898 15.6269 2.9622 0.0529
Car -1 -1 4.7158 693.6495 177.2209 722.2587 205.2481 1.5799 1.6270 3.8417 5.9084 1.8542 43.3149 4.8499 0.0528
Car -1 -1 5.1314 0.0000 228.1342 298.5906 375.0000 1.4468 1.6033 3.8378 -4.9109 2.2172 8.0574 4.5979 0.0525
Car -1 -1 2.8712 723.5505 173.9090 847.2058 218.9369 1.4753 1.5637 3.8026 5.9170 1.5125 24.5327 3.1046 0.0524
Car -1 -1 1.2754 795.0468 170.7290 979.0717 274.5860 1.4638 1.6693 4.2566 4.4672 1.4339 12.3325 1.6145 0.0514
Car -1 -1 1.4748 682.5286 169.3632 728.3417 204.1472 1.4574 1.6246 4.2273 4.2334 1.3112 32.3705 1.6032 0.0513
Car -1 -1 3.2933 25.3365 200.1646 183.2286 255.1271 1.4402 1.6425 3.7258 -15.2322 2.3313 21.9936 2.6930 0.0507
Car -1 -1 4.6302 690.3571 174.8577 723.5983 202.4325 1.4290 1.5348 3.0849 5.2563 1.5423 39.2007 4.7621 0.0507