Car -1 -1 5.0559 228.3132 190.8958 415.5678 296.7472 1.4175 1.5943 3.7333 -4.3992 1.5248 11.7012 4.7035 0.9726
Car -1 -1 4.9519 363.3306 179.9176 457.0454 238.6382 1.4475 1.6000 3.7098 -5.2468 1.3169 19.5900 4.6933 0.9719
Car -1 -1 5.3674 0.0000 197.4084 157.7609 320.0095 1.4120 1.5614 3.5582 -8.3949 1.6191 10.4219 4.7017 0.9279
Car -1 -1 4.6947 573.7155 175.9459 610.5928 209.4796 1.4742 1.6228 3.5698 -0.7320 1.0667 33.4173 4.6726 0.9175
Car -1 -1 5.1218 213.3950 185.0072 338.0264 245.4035 1.4956 1.6390 3.9606 -8.9530 1.4904 19.7895 4.7017 0.8615
Car -1 -1 5.0648 359.1584 173.9837 429.1849 212.7740 1.4743 1.5756 3.5653 -8.5556 1.0474 29.1549 4.7816 0.4431
Car -1 -1 4.7300 517.8908 172.3798 543.7198 198.2192 1.6165 1.6060 4.0337 -4.9622 0.8135 47.0492 4.6252 0.3476
Car -1 -1 1.3300 523.4393 180.0001 553.6641 198.9212 1.4898 1.5656 3.9217 -5.6397 1.0792 58.7117 1.2343 0.2736
Car -1 -1 4.8588 479.7162 158.5197 531.5131 205.5116 1.9463 1.6875 4.0272 -4.4205 0.8406 31.7948 4.7215 0.2506
Car -1 -1 -0.0330 360.5600 173.8165 470.3882 213.9652 1.5224 1.6611 4.1128 -7.6201 1.0901 28.6431 -0.2910 0.2407
Car -1 -1 4.8414 456.9975 162.3811 514.2262 208.6236 1.6326 1.6511 3.8277 -4.5435 0.8264 27.3207 4.6780 0.2297
Car -1 -1 4.0253 396.1492 176.0230 466.0014 203.1332 1.4707 1.6318 4.0958 -10.0433 0.9720 40.8792 3.7856 0.2120
Car -1 -1 1.9622 218.3801 174.0610 258.1877 193.0435 1.5253 1.5839 3.8610 -30.6083 0.6290 59.7505 1.4903 0.1782
Car -1 -1 4.4245 417.2221 173.0605 450.7634 193.4095 1.6130 1.6181 3.9825 -14.2730 0.6495 59.1116 4.1883 0.1713
Car -1 -1 4.8739 438.6146 163.4292 472.2163 190.4765 1.5762 1.5210 2.9821 -9.1311 0.3066 43.4158 4.6676 0.1517
Car -1 -1 4.7262 436.4709 171.0361 464.4174 197.3050 1.4687 1.5326 3.5505 -9.1453 0.6759 42.0843 4.5133 0.1403
Car -1 -1 1.5514 144.3594 220.6732 252.2003 315.8520 1.4524 1.6823 3.7016 -8.2405 2.2672 14.4983 1.0418 0.1288
Car -1 -1 4.2738 201.9983 175.8117 248.4169 194.6884 1.5237 1.7279 4.3876 -31.9208 0.7646 60.0335 3.7867 0.1239
Car -1 -1 -0.1034 424.2236 176.8882 498.7299 203.5349 1.4746 1.6174 4.0358 -8.3509 1.0137 41.1535 -0.3027 0.1098
Car -1 -1 1.9266 180.4231 188.0553 252.3788 224.3117 1.4121 1.5178 3.4715 -16.2752 1.5382 30.1058 1.4344 0.1016
Car -1 -1 3.6989 275.9098 173.9718 349.4234 199.6683 1.5240 1.5990 3.8839 -17.9025 0.8572 43.7522 3.3124 0.0984
Car -1 -1 1.2272 528.4630 176.7930 567.3228 197.9583 1.5554 1.6545 4.1751 -4.5849 0.9364 55.0692 1.1441 0.0923
Car -1 -1 1.6312 537.8677 170.3878 557.3103 185.9244 1.4281 1.6013 3.8717 -5.6142 0.0651 68.0287 1.5489 0.0919
Car -1 -1 1.8692 558.1445 179.3712 592.4335 198.6803 1.4564 1.5802 3.9896 -2.4595 1.0155 56.3481 1.8254 0.0843
Car -1 -1 1.6314 42.9891 214.8366 162.7010 308.4589 1.4126 1.6486 3.8018 -9.7936 2.0826 14.2030 1.0360 0.0836
Car -1 -1 1.9527 428.0754 176.5886 481.6224 204.1392 1.4861 1.6076 3.9671 -8.5935 1.0207 40.8684 1.7464 0.0833
Car -1 -1 1.6538 491.3697 177.5051 534.5831 213.7643 1.6399 1.7047 4.3484 -4.4843 1.2911 34.7214 1.5259 0.0824
Car -1 -1 1.8105 4.6079 176.8442 51.1891 199.6868 1.4486 1.5395 3.7750 -38.3116 0.9177 47.6234 1.1356 0.0822
Car -1 -1 1.4956 524.3229 179.3105 549.1216 199.4611 1.5162 1.6163 4.2611 -5.5557 1.0719 56.3283 1.3974 0.0816
Car -1 -1 3.6906 495.0344 172.5429 556.2166 198.0708 1.5868 1.5630 3.6199 -5.2398 0.7991 46.1570 3.5779 0.0787
Car -1 -1 4.7841 411.2604 174.1360 448.5012 204.7164 1.5060 1.6049 3.7735 -9.1726 0.9604 37.3967 4.5450 0.0778
Car -1 -1 1.4267 523.2772 180.2661 568.8684 213.5175 1.5209 1.6440 4.0551 -3.0361 1.2945 35.0427 1.3405 0.0776
Car -1 -1 3.3443 425.9207 163.4877 490.2241 189.6396 1.5279 1.5821 3.4993 -8.8407 0.2585 42.7886 3.1416 0.0743
Car -1 -1 1.7816 216.1938 175.7313 250.8469 195.6555 1.5526 1.6138 4.3367 -30.2607 0.8135 58.3212 1.3045 0.0687
Car -1 -1 1.3058 504.7555 180.7941 536.8309 199.8571 1.4762 1.6074 3.8397 -6.9737 1.1338 57.7476 1.1858 0.0678
Car -1 -1 5.2451 242.8824 175.7926 310.0376 205.5300 1.5202 1.5706 3.7849 -17.7268 1.0385 38.7122 4.8181 0.0677
Car -1 -1 1.6018 72.3089 206.1457 158.2032 274.4637 1.4112 1.6347 3.9436 -12.3597 2.0037 18.2448 1.0127 0.0673
Car -1 -1 5.1422 541.9970 171.5916 574.4471 187.1292 1.4222 1.6157 3.8073 -4.5894 0.1751 67.8642 5.0746 0.0652
Car -1 -1 1.7456 413.8490 177.0475 456.6604 205.5492 1.5006 1.6404 3.9325 -9.4733 1.0705 39.8573 1.5134 0.0651
Car -1 -1 1.7356 334.9418 178.8777 371.9771 205.2024 1.6969 1.6668 4.3107 -17.0970 1.2883 48.6032 1.3988 0.0610
Car -1 -1 5.1290 284.2437 172.7365 340.0574 199.6527 1.5503 1.6239 4.0147 -17.7503 0.8315 43.4352 4.7429 0.0608
Car -1 -1 5.1218 230.0984 175.8283 270.6539 195.8613 1.6521 1.6477 3.9691 -30.3736 0.8779 61.3066 4.6632 0.0574
Car -1 -1 3.1825 382.1206 180.0669 457.9149 207.7354 1.4771 1.6469 3.9618 -10.2511 1.2022 39.5961 2.9304 0.0556
Car -1 -1 -1.0388 471.9489 190.5188 702.2212 314.7920 1.4753 1.5482 4.1405 -0.0799 1.5718 10.8998 -1.0465 0.0551
Car -1 -1 4.9295 425.7702 173.1746 472.4643 203.8521 1.5253 1.5919 3.8315 -8.2193 0.9266 37.6602 4.7158 0.0531
Car -1 -1 1.6645 534.9463 179.5875 560.1647 198.8244 1.4754 1.6102 4.2351 -4.7133 1.0437 57.2584 1.5823 0.0506