Car -1 -1 4.7208 552.3873 176.8259 624.4493 243.1472 1.5721 1.7091 3.3312 -0.4729 1.3732 18.7194 4.6955 0.9333
Car -1 -1 4.8544 454.8993 178.7523 529.6605 232.1341 1.4924 1.6653 4.3293 -3.4470 1.3117 22.2703 4.7023 0.9086
Car -1 -1 4.8575 390.1051 186.1708 500.0349 265.5193 1.4614 1.6523 4.3036 -3.3258 1.4850 15.4927 4.6491 0.8671
Car -1 -1 4.8945 417.2038 175.9643 463.9265 206.0690 1.3982 1.5338 3.9886 -8.1423 0.9685 35.4110 4.6698 0.7141
Car -1 -1 4.8143 488.6598 175.5750 541.4180 214.4795 1.4715 1.6959 4.2776 -3.6828 1.1068 29.3459 4.6902 0.5545
Car -1 -1 4.7268 458.4655 172.9610 483.2586 196.7565 1.5390 1.5802 3.7797 -9.1632 0.7464 48.4886 4.5407 0.3548
Car -1 -1 4.7832 519.1066 175.0175 553.7169 204.3288 1.4552 1.5462 3.5016 -3.6458 0.9489 37.4601 4.6865 0.2986
Car -1 -1 4.7899 443.1603 175.1636 464.7630 192.2385 1.4795 1.5902 3.8912 -13.6796 0.6085 64.3186 4.5809 0.2417
Car -1 -1 3.6276 518.4756 187.5727 579.7974 211.6992 1.4871 1.6478 3.5580 -3.7169 1.6429 46.0521 3.5470 0.2046
Car -1 -1 5.1609 512.8827 184.4563 560.5316 208.2504 1.4965 1.6057 3.8509 -4.5866 1.4487 47.2948 5.0643 0.1986
Car -1 -1 1.4457 515.2556 185.3687 549.6854 210.4302 1.4773 1.6340 3.9836 -4.6704 1.4873 44.5272 1.3413 0.1863
Car -1 -1 4.7127 493.3507 169.5952 511.7751 187.0435 1.5377 1.6097 3.8617 -9.5128 0.1611 65.3770 4.5686 0.1857
Car -1 -1 -0.1925 450.6030 174.8548 513.5205 197.7793 1.4754 1.5978 3.8797 -8.3059 0.8086 47.7019 -0.3643 0.1814
Car -1 -1 5.2950 0.0000 204.0635 393.6698 376.0000 1.4988 1.6677 3.9592 -3.2054 1.6980 5.5564 4.7919 0.1715
Car -1 -1 3.5795 430.5010 181.8085 541.0291 222.1342 1.5182 1.6593 3.9774 -4.7766 1.3899 28.3979 3.4140 0.1486
Car -1 -1 0.1291 433.7794 173.4521 493.5358 196.6602 1.5084 1.5837 3.7084 -9.4735 0.7438 47.6356 -0.0664 0.1350
Car -1 -1 1.9632 185.9102 196.3822 342.5357 277.6686 1.4285 1.6330 3.6375 -6.9489 1.6899 14.9863 1.5354 0.1223
Car -1 -1 1.4122 591.7319 175.4222 627.3802 200.1806 1.5155 1.6322 4.2778 0.1028 0.9160 46.2418 1.4140 0.1115
Car -1 -1 0.5699 422.1967 175.2585 470.6179 192.3044 1.4709 1.5538 3.9578 -14.1877 0.6117 63.4393 0.3504 0.1053
Car -1 -1 2.0604 25.6867 194.3326 437.8923 376.0000 1.6639 1.7617 4.5477 -3.4105 1.7917 7.7328 1.6572 0.0992
Car -1 -1 -0.1012 158.8578 187.1010 363.6006 262.4896 1.4803 1.6208 3.9198 -7.5929 1.5265 15.9038 -0.5404 0.0989
Car -1 -1 1.6127 605.5850 177.8363 633.6617 202.4899 1.4850 1.5979 4.2406 0.8266 1.0405 45.4649 1.6303 0.0963
Car -1 -1 4.8831 264.7951 186.6609 364.6436 256.1978 1.4883 1.5927 3.7524 -6.9681 1.5275 17.4676 4.5085 0.0937
Car -1 -1 5.2788 0.0000 21.0718 301.4149 376.0000 1.5785 1.6427 3.9228 -3.0925 1.1888 3.7338 4.6225 0.0790
Car -1 -1 1.6293 252.4603 188.9563 356.4121 274.2785 1.4435 1.6445 3.8466 -5.9264 1.5294 14.4295 1.2458 0.0769
Car -1 -1 1.8442 474.7036 177.6208 542.4279 218.9838 1.4714 1.5761 3.8718 -3.7016 1.2013 27.5997 1.7118 0.0738
Car -1 -1 1.6521 446.0832 172.5225 476.9014 196.8152 1.5129 1.6374 4.0790 -9.4582 0.7224 46.8894 1.4539 0.0651
Car -1 -1 5.0870 530.9095 174.9944 586.1993 205.1722 1.4982 1.5963 3.8454 -2.4939 0.9908 37.7627 5.0212 0.0646
Car -1 -1 2.6173 579.1586 180.4071 648.5148 207.1611 1.5895 1.6558 3.9924 0.4232 1.3038 44.4133 2.6263 0.0645
Car -1 -1 -0.2675 620.7856 172.6958 695.3391 200.2616 1.5113 1.6169 3.9101 2.8512 0.8249 40.5899 -0.1982 0.0615
Car -1 -1 5.2211 0.0000 0.0000 497.1659 376.0000 1.5968 1.6511 3.9292 -1.7628 0.9503 3.4085 4.7761 0.0612
Car -1 -1 2.8083 486.2572 185.9925 550.6290 210.1340 1.4918 1.6418 3.7662 -5.6859 1.5433 46.0879 2.6857 0.0595
Car -1 -1 5.0033 400.7352 172.0630 459.1421 207.3274 1.5502 1.6179 3.7774 -8.1927 0.9720 33.5294 4.7653 0.0587
Car -1 -1 3.1559 255.8625 197.2721 452.4000 270.6969 1.4695 1.6149 3.9873 -5.6063 1.7648 16.2246 2.8278 0.0567
Car -1 -1 4.6038 535.6133 177.7023 585.7354 216.4504 1.4666 1.6125 3.9476 -1.9584 1.1822 29.2923 4.5372 0.0556
Car -1 -1 0.0905 466.0658 177.5821 533.7006 202.0565 1.5872 1.7028 4.2903 -7.0584 1.0922 47.5896 -0.0563 0.0553
Car -1 -1 1.2799 607.3760 195.7870 689.2141 247.7566 1.4676 1.6696 3.4690 1.2275 1.8328 22.9491 1.3321 0.0549
Car -1 -1 1.7959 458.1816 174.1937 495.7557 197.7461 1.4806 1.5678 4.0088 -8.5046 0.7877 47.2302 1.6184 0.0544
Car -1 -1 4.6913 623.6464 170.5936 654.5460 199.0772 1.5678 1.6950 4.0634 1.8030 0.7630 41.6175 4.7340 0.0543
Car -1 -1 5.3394 0.0000 0.0000 238.7349 376.0000 1.7421 1.6854 3.8756 -2.7453 1.0831 2.3527 4.5339 0.0514
Car -1 -1 4.5921 613.8564 199.9574 676.2229 248.8735 1.4567 1.6583 3.9366 1.2152 2.0036 24.6489 4.6401 0.0513
Car -1 -1 1.9603 428.0246 172.7214 478.2262 199.5746 1.5802 1.6435 3.9619 -9.4529 0.8450 44.3993 1.7515 0.0513
Car -1 -1 0.0194 594.5242 180.4585 657.3989 205.9690 1.5452 1.6559 3.8153 1.1727 1.2570 44.4549 0.0451 0.0509
Car -1 -1 2.9224 477.9940 169.3667 523.8922 186.5768 1.5061 1.5925 3.8087 -9.5110 0.1191 64.3355 2.7759 0.0506