Car -1 -1 4.3451 305.1587 196.6513 432.8253 270.8517 1.4306 1.6418 3.7412 -5.7953 2.0606 17.1375 4.0230 0.9118
Car -1 -1 1.5326 702.5129 178.7952 767.1835 238.2382 1.4457 1.5870 3.5496 3.3514 1.6239 19.7806 1.6972 0.8599
Car -1 -1 1.2626 773.2982 179.0079 888.9526 240.1610 1.3478 1.6147 4.0570 5.4771 1.5218 18.3608 1.5474 0.8484
Car -1 -1 4.5522 184.5764 190.9986 250.7171 233.2834 1.4659 1.7172 4.0542 -15.7864 2.2481 28.9725 4.0568 0.8291
Car -1 -1 0.4591 866.7222 174.3363 1034.5283 229.9230 1.4446 1.6209 4.1134 9.7867 1.4920 20.9717 0.8899 0.7996
Car -1 -1 4.0859 434.8665 173.5190 705.8135 313.4135 1.7229 1.7949 4.6311 -0.8358 1.7354 11.2573 4.0121 0.7473
Car -1 -1 4.6961 132.2423 184.2225 158.2710 205.6760 1.5481 1.6513 3.7674 -36.2104 2.4662 56.2407 4.1260 0.5253
Car -1 -1 3.3896 370.1188 176.3130 463.9897 213.5373 1.6655 1.6565 3.8948 -8.8259 1.8291 33.2873 3.1320 0.4780
Car -1 -1 0.4154 707.9496 173.1502 805.8268 208.0168 1.4281 1.5666 3.8603 6.3662 1.4417 31.3347 0.6135 0.3573
Car -1 -1 1.5473 235.2254 185.5193 260.6082 207.5359 1.4875 1.5872 3.6656 -26.6014 2.4533 53.0305 1.0841 0.2955
Car -1 -1 0.6230 860.0298 163.6368 989.6094 210.7096 1.5329 1.6254 4.0165 11.0845 1.2328 25.6357 1.0266 0.2456
Car -1 -1 4.6860 173.7444 185.7527 215.9253 222.0138 1.5011 1.6008 3.8399 -19.2276 2.1348 33.3899 4.1668 0.2438
Car -1 -1 3.3260 577.5511 152.4307 665.3215 183.6445 1.6026 1.6782 4.4268 0.6537 0.5540 38.3109 3.3427 0.2317
Car -1 -1 4.7628 211.8711 182.4788 249.7514 213.1423 1.4809 1.5744 3.6799 -19.9486 2.0159 38.1033 4.2831 0.2236
Car -1 -1 1.5802 303.2364 185.8285 324.5455 206.3660 1.5156 1.5337 3.8033 -23.6940 2.5934 57.8878 1.1930 0.1795
Car -1 -1 4.8754 374.2758 180.0882 418.2374 212.0141 1.4956 1.5563 3.6374 -10.7506 1.8812 36.5617 4.5910 0.1624
Car -1 -1 2.7502 359.2426 175.2102 417.8485 192.4267 1.4298 1.6435 4.5791 -19.1355 1.6409 62.5796 2.4544 0.1505
Car -1 -1 4.6378 626.2945 177.3961 682.6253 226.3091 1.4742 1.5761 3.7905 1.4207 1.6374 24.0097 4.6954 0.1235
Car -1 -1 4.6636 834.2100 181.0328 893.4656 231.7751 1.4642 1.6109 3.7375 8.1953 1.7533 23.4903 4.9947 0.1226
Car -1 -1 4.8487 634.1108 160.0611 673.0816 188.1655 1.4517 1.6018 3.9207 2.4493 0.7909 39.3508 4.9101 0.1183
Car -1 -1 1.4362 225.1706 180.0062 264.2723 206.6756 1.4417 1.5397 3.8536 -21.3263 1.8792 42.1152 0.9698 0.1119
Car -1 -1 0.1209 372.7253 181.5208 463.7727 213.2603 1.4996 1.5908 4.1954 -9.4102 1.9418 35.7458 -0.1352 0.1057
Car -1 -1 1.3269 206.7220 185.6563 246.3005 208.4618 1.5140 1.6451 3.8676 -27.6957 2.4741 52.1236 0.8403 0.0998
Car -1 -1 1.4456 235.4819 182.3866 269.0897 207.1077 1.6226 1.6289 4.2457 -25.4276 2.3295 51.2905 0.9872 0.0945
Car -1 -1 1.5720 636.6655 174.3270 691.8489 227.6882 1.5269 1.5875 3.9018 1.7219 1.5774 22.7614 1.6458 0.0889
Car -1 -1 0.1946 329.3818 183.3601 417.1166 214.9023 1.5843 1.6428 4.1502 -12.3837 2.1531 38.0087 -0.1187 0.0884
Car -1 -1 3.7250 687.7499 170.3976 782.3928 204.8183 1.4526 1.6066 3.9508 5.5836 1.3489 32.3863 3.8938 0.0830
Car -1 -1 0.3920 160.1513 182.1373 253.6096 212.1078 1.4723 1.6144 3.8729 -20.6375 1.9627 37.0975 -0.1129 0.0791
Car -1 -1 1.9417 170.6967 182.7062 215.2940 203.7746 1.4755 1.5714 3.9962 -31.4473 2.2494 54.5825 1.4209 0.0781
Car -1 -1 3.4563 327.2583 178.4922 416.5467 210.1612 1.5186 1.6431 3.8784 -11.7123 1.8041 35.7137 3.1413 0.0781
Car -1 -1 5.4817 516.6529 155.3991 575.8405 183.0501 1.8222 1.7495 4.0244 -4.3163 0.6719 49.6617 5.3952 0.0763
Car -1 -1 1.6410 188.5744 183.8658 216.2802 204.7829 1.4921 1.5828 4.0022 -31.4885 2.3777 55.8785 1.1296 0.0754
Car -1 -1 1.7290 123.5007 181.7131 159.9175 205.5338 1.6564 1.6361 4.2223 -35.0331 2.3486 54.1175 1.1565 0.0752
Car -1 -1 3.6118 620.0156 152.9294 708.3367 187.1759 1.6121 1.6703 4.0420 2.6839 0.6742 35.7257 3.6859 0.0745
Car -1 -1 1.1308 878.5888 164.0919 981.5660 213.1442 1.5491 1.6531 4.0246 10.8854 1.2724 24.8236 1.5393 0.0731
Car -1 -1 5.1377 616.8825 171.6336 668.7805 197.5979 1.4621 1.5924 3.9246 2.0208 1.3934 42.7410 5.1842 0.0713
Car -1 -1 -0.3397 626.2175 176.4247 748.0834 223.9754 1.4845 1.5477 3.7071 2.5419 1.6086 23.8889 -0.2357 0.0697
Car -1 -1 1.7098 648.1407 193.5699 703.0280 236.1516 1.4326 1.6156 4.0202 2.6754 2.3124 28.5005 1.8016 0.0692
Car -1 -1 4.0135 556.5239 157.8075 617.0984 185.3497 1.6489 1.6642 3.9133 -1.4631 0.7481 45.2084 3.9811 0.0692
Car -1 -1 4.6844 956.0756 166.8701 1046.6669 246.6243 1.5300 1.5667 3.5081 8.4547 1.4152 15.7618 5.1685 0.0684
Car -1 -1 2.7412 375.2609 174.6181 432.0614 191.2276 1.4101 1.7208 4.5144 -18.1719 1.5711 63.7831 2.4645 0.0674
Car -1 -1 1.5325 232.3936 180.4300 261.1840 204.7544 1.5599 1.6276 3.9770 -25.0330 2.1046 49.7362 1.0681 0.0669
Car -1 -1 -0.3878 571.7220 176.0981 698.6832 225.0143 1.4891 1.5858 3.8271 0.8301 1.6013 23.5582 -0.3538 0.0662
Car -1 -1 4.7307 367.8507 179.5140 401.4126 210.3430 1.5273 1.6376 3.8460 -12.0217 1.9038 38.7170 4.4312 0.0643
Car -1 -1 -0.4002 829.4450 169.3571 950.5392 209.7411 1.4839 1.5743 3.9836 10.5777 1.3554 27.3705 -0.0354 0.0619
Car -1 -1 3.0852 760.4107 184.0352 898.6570 235.2793 1.4760 1.6173 4.0008 6.7827 1.8451 22.5714 3.3727 0.0614
Car -1 -1 1.6131 130.8197 180.4976 160.5007 203.5134 1.5769 1.6537 4.1049 -34.0824 2.1624 53.0811 1.0444 0.0591
Car -1 -1 4.7364 533.4689 157.6083 559.3802 182.1708 1.6487 1.7060 4.0431 -4.3817 0.6254 50.5016 4.6501 0.0586
Car -1 -1 1.8215 337.3452 181.8840 372.3357 203.2458 1.5632 1.6292 4.0532 -19.9499 2.2984 56.6552 1.4841 0.0582
Car -1 -1 1.4167 276.9783 185.9997 307.1899 206.5975 1.4884 1.6221 3.7453 -24.9827 2.5586 56.7247 1.0033 0.0582
Car -1 -1 0.7231 751.5868 167.6867 851.6255 206.0000 1.4275 1.5458 3.7880 7.6095 1.2350 28.8862 0.9778 0.0580
Car -1 -1 3.7826 541.1177 157.7202 621.7444 187.1455 1.5225 1.6357 4.2404 -1.5578 0.7394 39.2066 3.7429 0.0577
Car -1 -1 1.5531 140.5266 185.1387 183.4640 221.9382 1.5001 1.5791 3.9124 -20.4107 2.0951 32.8708 1.0009 0.0563
Car -1 -1 1.6608 283.3326 182.7133 312.3476 205.1393 1.5034 1.5708 4.0320 -22.6072 2.2493 52.4295 1.2552 0.0563
Car -1 -1 1.4544 148.2617 189.1044 205.7872 228.8170 1.4970 1.6672 4.1433 -18.6954 2.2462 31.1113 0.9168 0.0557
Car -1 -1 5.1317 232.0105 183.0482 297.1918 214.1765 1.5234 1.6452 4.0182 -18.3946 2.0984 38.6670 4.6900 0.0549
Car -1 -1 3.9595 617.6503 157.4004 674.5380 182.3637 1.6052 1.6533 3.8043 2.4137 0.6115 48.3826 4.0088 0.0549
Car -1 -1 -0.7495 539.5216 178.9457 780.8815 315.5477 1.6292 1.6874 3.1701 0.7865 1.7310 10.4040 -0.6778 0.0545
Car -1 -1 1.7487 201.7115 182.4546 252.9436 215.0145 1.5091 1.6255 3.9204 -19.4211 2.0269 36.8029 1.2659 0.0543
Car -1 -1 2.0166 95.6177 180.3850 147.6656 203.6473 1.5695 1.6348 3.7576 -35.0513 2.1323 51.9398 1.4251 0.0542