Car -1 -1 1.8341 351.7265 189.9684 492.8875 277.3328 1.4581 1.7218 4.3755 -3.7115 1.8691 15.1175 1.5966 0.9677
Car -1 -1 1.7724 444.3474 174.6700 518.6900 233.0713 1.7290 1.6022 3.9679 -4.0684 1.7932 23.4946 1.6022 0.9243
Car -1 -1 1.3343 516.2440 178.3096 558.9359 205.3281 1.4044 1.5587 3.6426 -4.0609 1.7239 40.2798 1.2340 0.4955
Car -1 -1 4.7343 501.4173 165.9318 522.4620 186.9109 1.6945 1.6555 3.8265 -8.1256 1.1354 60.2736 4.6007 0.2178
Car -1 -1 5.0317 438.1520 162.4302 487.9836 196.2656 1.6741 1.5129 3.4923 -7.5618 1.1583 37.5247 4.8339 0.1272
Car -1 -1 1.6257 491.1705 183.4821 527.5626 216.1492 1.4769 1.5752 3.9795 -4.9475 2.0374 36.0008 1.4896 0.1127
Car -1 -1 4.6049 548.0170 173.5567 579.0368 198.6962 1.5517 1.5882 3.9353 -3.0197 1.5992 46.7253 4.5403 0.1026
Car -1 -1 4.3295 454.1946 162.6247 501.6650 187.1483 1.5034 1.6087 4.0386 -8.5013 0.8763 46.3703 4.1490 0.0945
Car -1 -1 1.6509 509.1025 182.9466 546.6306 214.8786 1.4586 1.5575 3.8767 -4.0430 1.9918 36.1600 1.5398 0.0931
Car -1 -1 1.6954 518.3094 175.6590 559.3171 208.3359 1.6436 1.6823 4.1553 -3.7414 1.8024 38.7532 1.5993 0.0922
Car -1 -1 4.9297 347.9074 181.2523 398.7813 216.2586 1.4666 1.5267 3.1999 -10.6445 1.8665 32.6937 4.6169 0.0847
Car -1 -1 1.9373 526.8972 176.9424 580.4232 204.2428 1.4382 1.6260 4.1959 -3.1048 1.6828 40.9268 1.8616 0.0798
Car -1 -1 4.8478 425.8500 176.2551 469.5861 210.9170 1.4729 1.5339 2.9176 -7.2382 1.6331 32.4753 4.6298 0.0729
Car -1 -1 4.1913 416.6013 175.7044 643.6292 302.4930 1.4945 1.5541 3.8902 -1.3401 1.5444 10.6175 4.0676 0.0675
Car -1 -1 3.3765 510.5368 174.3708 574.6348 200.1390 1.5919 1.6341 3.7722 -4.2253 1.6904 45.7796 3.2846 0.0661
Car -1 -1 -0.2822 434.9297 163.0095 505.5251 188.7069 1.6799 1.7037 4.4002 -9.4362 1.0363 48.9271 -0.4719 0.0640
Car -1 -1 3.1885 552.0114 174.0259 612.1318 198.4216 1.5040 1.6286 3.7065 -1.6961 1.5790 45.3932 3.1509 0.0598
Car -1 -1 4.6368 483.6468 164.5104 511.5862 189.1271 1.6630 1.6606 3.8043 -7.9111 1.0993 50.7843 4.4828 0.0592
Car -1 -1 1.4722 523.7522 178.2048 564.0704 210.1626 1.5179 1.6639 4.1594 -3.4378 1.8101 37.2067 1.3802 0.0568
Car -1 -1 3.7669 542.6094 169.5455 586.0156 185.6806 1.4876 1.5831 3.9098 -4.2902 1.1826 68.2355 3.7041 0.0558
Car -1 -1 0.6876 446.0820 171.0546 524.2428 201.1438 1.5146 1.6097 3.9268 -6.5646 1.4240 37.9911 0.5173 0.0526