Car -1 -1 4.8730 452.1760 175.2875 525.0807 227.0039 1.4396 1.5960 3.6688 -3.4200 1.2943 21.5219 4.7195 0.9816
Car -1 -1 -0.5333 1002.2294 149.1980 1108.5500 177.8974 1.4876 1.6487 4.5807 24.0022 -0.1425 37.7090 0.0315 0.7380
Car -1 -1 2.6726 921.4371 161.0420 1015.8383 188.5499 1.4252 1.5732 4.1835 19.2443 0.4167 37.4270 3.1458 0.6789
Car -1 -1 1.6675 486.5669 166.8237 510.7365 186.0799 1.6476 1.6901 4.4079 -9.3170 0.4769 62.7400 1.5227 0.1750
Car -1 -1 4.2115 1099.8324 152.9001 1177.9014 184.1531 1.5839 1.6386 3.9327 28.5491 0.1848 37.8958 4.8548 0.1740
Car -1 -1 4.3775 433.5013 169.9025 490.6741 204.7290 1.5915 1.5981 3.7042 -6.9391 1.1069 34.3129 4.1815 0.1726
Car -1 -1 -0.5082 903.8113 151.8483 970.8881 173.7185 1.5621 1.6632 4.1899 24.5154 -0.5093 52.0800 -0.0687 0.1492
Car -1 -1 1.3835 899.4396 159.6221 985.4601 214.6098 1.5346 1.6453 4.0539 10.3488 0.9518 21.9003 1.8211 0.1465
Car -1 -1 -0.6286 1070.3027 148.8857 1147.2953 170.6130 1.5525 1.6886 4.4926 37.2026 -0.7423 52.1790 -0.0104 0.1278
Car -1 -1 4.8539 519.5418 176.9753 569.6085 213.1938 1.4572 1.6113 3.7740 -2.4920 1.3152 30.3815 4.7746 0.1276
Car -1 -1 4.4158 702.0179 165.3760 734.5681 184.7759 1.5967 1.6507 3.9745 9.6935 0.3514 60.2743 4.5762 0.1266
Car -1 -1 1.3573 439.9734 180.6943 477.3316 204.8013 1.4568 1.5450 3.8615 -9.2610 1.4692 44.8380 1.1567 0.1217
Car -1 -1 4.6320 504.8522 180.8806 536.0240 206.7724 1.4782 1.5622 3.8288 -5.0606 1.5018 42.4562 4.5158 0.1194
Car -1 -1 0.0340 517.1921 178.7186 584.8911 204.7971 1.4754 1.6592 3.8288 -3.0341 1.3742 40.9025 -0.0379 0.1175
Car -1 -1 4.4054 916.4257 163.2990 1009.6937 213.7847 1.4707 1.5697 3.7457 11.3281 0.9694 22.5681 4.8667 0.1013
Car -1 -1 4.4316 1100.1903 149.9667 1215.6477 207.4204 1.4640 1.5639 3.7510 15.5382 0.6858 20.0483 5.0850 0.1001
Car -1 -1 -0.3654 1077.8331 150.6562 1187.5718 181.1052 1.5278 1.6550 4.2711 27.4434 0.0300 36.8489 0.2723 0.0984
Car -1 -1 3.1722 471.7324 181.7586 537.4944 207.9693 1.4885 1.6356 3.7275 -5.7673 1.5634 41.2608 3.0360 0.0949
Car -1 -1 1.2399 935.5673 167.3127 1043.3335 223.9574 1.5112 1.5885 3.8874 11.2396 1.1592 20.9075 1.7285 0.0923
Car -1 -1 -0.6038 993.5162 147.3900 1090.2719 180.1102 1.6269 1.6297 3.9811 22.3026 -0.0208 36.0962 -0.0525 0.0923
Car -1 -1 1.4733 514.8939 182.6387 550.7188 210.2033 1.4635 1.6679 3.5873 -4.0483 1.5892 39.7583 1.3742 0.0880
Car -1 -1 4.1866 1053.4076 149.0854 1108.1959 173.6262 1.7407 1.6581 3.9575 35.8698 -0.5386 53.3170 4.7778 0.0880
Car -1 -1 4.1686 897.8225 163.7674 1006.4539 211.1622 1.4718 1.5465 3.7739 11.6309 0.9520 23.9089 4.6179 0.0862
Car -1 -1 1.6355 255.7081 177.2113 302.8272 213.0917 1.4933 1.6313 3.9412 -14.4262 1.3561 31.5574 1.2123 0.0858
Car -1 -1 1.6095 516.6650 178.3261 542.0799 200.9637 1.4790 1.5624 3.8401 -5.0533 1.3365 48.1590 1.5073 0.0796
Car -1 -1 4.4039 1029.5623 128.2126 1191.5863 211.2073 1.4964 1.6309 3.7656 10.3588 0.5535 14.7866 5.0068 0.0788
Car -1 -1 3.4203 516.1724 177.0758 578.5065 200.0411 1.4766 1.6368 3.7936 -3.7245 1.2560 46.6430 3.3428 0.0787
Car -1 -1 1.3980 446.6022 184.1761 484.1779 209.3806 1.4517 1.6973 3.4091 -8.5024 1.6856 43.1705 1.2065 0.0769
Car -1 -1 -0.4980 947.0723 151.5965 1021.6176 173.1477 1.5443 1.6196 4.6221 27.9524 -0.5503 52.0518 -0.0060 0.0763
Car -1 -1 4.0237 1064.5706 150.5595 1127.9149 175.0899 1.7492 1.7026 4.1113 37.1334 -0.4259 53.4739 4.6296 0.0756
Car -1 -1 1.6819 695.2700 166.7055 721.6003 187.6616 1.6706 1.7044 4.1361 8.6796 0.5704 58.5842 1.8299 0.0748
Car -1 -1 -0.7875 1101.8826 147.4939 1224.0000 204.0774 1.4773 1.6072 3.9231 16.1548 0.6154 19.4565 -0.1008 0.0718
Car -1 -1 1.4398 928.3077 164.1372 1016.4510 224.8613 1.5387 1.6572 4.1856 10.3636 1.1239 20.1650 1.9099 0.0717
Car -1 -1 4.3398 497.5083 166.4628 532.5748 186.0005 1.5445 1.5781 3.8117 -7.3296 0.4343 57.9470 4.2165 0.0716
Car -1 -1 4.2567 1073.4091 125.7549 1224.0000 204.4926 1.4657 1.5629 3.5096 11.6491 0.4465 15.0344 4.9076 0.0701
Car -1 -1 4.5034 1138.3857 152.9947 1195.6851 183.7473 1.5436 1.5944 3.9065 29.8474 0.1627 37.5943 5.1720 0.0698
Car -1 -1 -0.3552 517.0921 177.7495 620.1990 215.1136 1.4745 1.6286 3.9680 -1.4729 1.3657 29.4301 -0.4030 0.0697
Car -1 -1 1.9898 509.7504 180.9354 559.1410 207.0873 1.4760 1.5532 3.6566 -4.0796 1.5026 41.9496 1.8952 0.0687
Car -1 -1 4.2822 895.0382 152.3685 941.4769 175.2998 1.6205 1.6528 3.9996 23.4359 -0.4043 52.8892 4.6989 0.0677
Car -1 -1 0.7787 522.5620 177.0467 594.7574 204.3129 1.4650 1.6749 4.0704 -2.6029 1.2791 39.9580 0.7158 0.0673
Car -1 -1 4.4944 915.4886 153.1252 953.8482 176.8391 1.6734 1.7114 4.2611 24.6537 -0.2859 52.8600 4.9303 0.0665
Car -1 -1 1.8733 489.7075 185.1100 538.1093 212.9196 1.4717 1.6529 3.8029 -5.0556 1.7459 40.1033 1.7504 0.0664
Car -1 -1 4.5537 436.0047 159.5428 489.3504 198.4075 1.5127 1.6190 3.7791 -5.9707 0.6967 29.5731 4.3586 0.0653
Car -1 -1 1.4463 880.6019 162.2224 947.6735 210.7358 1.4802 1.5600 3.8896 10.2757 0.9223 23.6581 1.8529 0.0648
Car -1 -1 3.2581 691.2298 165.4090 743.5157 185.8499 1.6864 1.7042 4.1899 9.5788 0.4408 59.7239 3.4181 0.0647
Car -1 -1 1.6126 501.0651 175.6531 534.3964 204.7123 1.4993 1.6241 3.9212 -4.6538 1.2488 38.4954 1.4949 0.0645
Car -1 -1 1.0618 205.8873 178.8849 290.5185 215.4018 1.4930 1.6392 3.8176 -15.4577 1.4267 30.6630 0.6007 0.0635
Car -1 -1 1.6340 425.5557 182.3583 458.5224 208.3215 1.4562 1.6489 3.9201 -9.5815 1.5717 42.0175 1.4130 0.0605
Car -1 -1 -0.6875 1105.6125 152.9027 1204.4164 181.9463 1.4774 1.5895 3.9514 28.6362 0.0732 36.8168 -0.0289 0.0591
Car -1 -1 1.3130 399.2754 181.2602 442.1889 206.4527 1.4731 1.6248 3.9128 -11.3392 1.5218 43.5735 1.0618 0.0578
Car -1 -1 2.4969 853.4078 161.6338 999.2174 211.5538 1.5027 1.6479 4.0586 10.2332 0.9346 22.5348 2.9196 0.0561
Car -1 -1 4.7527 712.1914 164.1357 735.6870 186.2168 1.7636 1.7497 4.2136 9.9845 0.4561 58.7153 4.9220 0.0547
Car -1 -1 -0.4394 1046.8378 148.6282 1120.2996 170.1536 1.5216 1.6303 4.1936 35.3371 -0.7808 52.1944 0.1547 0.0532
Car -1 -1 4.3691 1101.3013 110.4176 1224.0000 202.0326 1.5086 1.6273 3.9108 11.2878 0.3545 13.7571 5.0469 0.0515
Car -1 -1 1.4244 514.9287 176.1056 548.5452 200.3225 1.4776 1.6231 3.6569 -4.6533 1.2091 45.1121 1.3241 0.0514
Car -1 -1 1.3186 1108.6667 149.4322 1224.0000 215.7375 1.5602 1.6124 3.9189 14.8531 0.8290 18.7561 1.9819 0.0501