Car -1 -1 4.8997 536.7031 168.1734 581.6578 197.5276 1.4567 1.6265 4.1650 -2.1079 0.7947 37.8155 4.8395 0.8189
Car -1 -1 -0.0727 156.1083 181.3126 305.5093 230.2043 1.3526 1.5996 3.8714 -11.0537 1.3471 21.5631 -0.5467 0.8174
Car -1 -1 2.0035 328.1008 174.8276 393.2159 203.6983 1.4641 1.6788 4.2988 -12.8085 1.1251 38.6574 1.6805 0.7345
Car -1 -1 0.0533 153.6186 160.8140 257.1987 194.8348 1.4986 1.6292 4.1171 -18.1786 0.5869 33.2697 -0.4483 0.4811
Car -1 -1 4.9275 574.9728 166.6620 611.4434 190.7096 1.5273 1.6323 3.9416 -0.4321 0.5841 47.7164 4.9136 0.4260
Car -1 -1 4.5174 562.5137 163.9294 592.7575 185.6445 1.6641 1.6698 3.8551 -1.8446 0.3167 57.1150 4.4804 0.2901
Car -1 -1 4.7604 387.1874 167.3049 408.9540 187.2645 1.6739 1.6477 3.8221 -17.5134 0.4824 62.2920 4.4826 0.2412
Car -1 -1 -0.2348 218.0189 170.9886 306.4303 199.2972 1.5769 1.6735 4.4130 -19.7496 0.9907 42.0477 -0.6765 0.2093
Car -1 -1 -0.3518 322.3921 155.6811 391.4334 180.2671 1.5095 1.6410 3.8718 -15.6135 -0.0832 46.1473 -0.6810 0.1874
Car -1 -1 -0.0608 150.6055 168.1793 229.2258 192.6547 1.4973 1.6469 4.2577 -26.1469 0.6817 45.8037 -0.5819 0.1842
Car -1 -1 4.7245 206.4855 163.8863 246.0308 196.9988 1.4945 1.6007 3.8907 -17.9436 0.6990 34.5180 4.2434 0.1503
Car -1 -1 5.3055 141.4303 169.8165 207.4521 194.5583 1.4774 1.6199 3.9528 -26.5427 0.7790 44.9119 4.7694 0.1254
Car -1 -1 0.1383 566.7433 165.5127 630.4784 188.4818 1.4524 1.5644 3.9484 -0.0921 0.4407 46.4568 0.1315 0.1242
Car -1 -1 2.4257 0.0000 237.0897 222.6119 374.0000 1.4790 1.6291 3.6556 -3.0465 1.8077 2.4193 1.5697 0.1111
Car -1 -1 3.4118 0.0000 192.4543 1028.0876 374.0000 1.5061 1.6547 3.9458 -0.6120 1.5691 3.1475 3.2264 0.1045
Car -1 -1 4.8748 0.0000 195.5581 155.6625 374.0000 1.4815 1.6391 4.0723 -3.6600 1.6069 4.2452 4.1865 0.0971
Car -1 -1 5.3459 0.0000 197.0631 606.7502 374.0000 1.4717 1.6402 3.8395 -1.3596 1.6106 4.3335 5.0512 0.0878
Car -1 -1 5.0998 332.8141 153.2916 386.5328 180.7872 1.7060 1.7859 4.4517 -15.6583 -0.0497 46.9686 4.7750 0.0855
Car -1 -1 2.2357 0.0000 0.0000 1238.0000 374.0000 1.4953 1.6300 3.8349 -2.4548 1.7431 1.5465 1.2926 0.0851
Car -1 -1 4.7168 0.0000 203.7453 837.9769 374.0000 1.5141 1.6528 3.6806 -1.3628 1.6391 2.0357 4.1731 0.0823
Car -1 -1 4.4936 365.9069 165.9917 422.8280 202.5789 1.4926 1.5804 3.8325 -9.0469 0.8594 31.3643 4.2100 0.0810
Car -1 -1 4.5659 141.8347 171.5382 183.9182 197.4882 1.5294 1.6347 4.0773 -27.0882 0.9416 44.4251 4.0161 0.0807
Car -1 -1 -0.2960 245.4865 171.1518 326.2262 198.8546 1.5827 1.7196 4.1067 -18.8031 0.9908 43.0312 -0.7107 0.0749
Car -1 -1 1.9856 311.5736 174.1922 376.8568 206.8568 1.5899 1.6520 4.1300 -13.1340 1.2336 37.0837 1.6424 0.0649
Car -1 -1 1.6529 278.9316 186.4990 321.9557 221.0720 1.5051 1.5735 3.7540 -14.0886 1.7545 33.8861 1.2565 0.0599
Car -1 -1 5.4378 165.1713 165.3333 236.8729 190.3369 1.5488 1.6756 4.2617 -25.9012 0.5466 46.7586 4.9295 0.0596
Car -1 -1 1.7630 152.2962 172.5476 195.7180 198.9438 1.5335 1.5785 3.8300 -25.9370 1.0127 43.8020 1.2261 0.0592
Car -1 -1 1.4634 267.5618 187.8174 321.6068 225.4332 1.4508 1.6644 4.2732 -13.1393 1.7405 30.7359 1.0573 0.0567
Car -1 -1 4.2393 0.0000 203.3328 163.4413 374.0000 1.5254 1.6427 3.9464 -4.0730 1.6444 2.7860 3.3049 0.0561
Car -1 -1 4.6764 631.2393 159.7541 657.5225 185.2645 1.6619 1.6229 3.7496 2.9471 0.2445 48.6873 4.7318 0.0555
Car -1 -1 5.3850 0.0000 218.8712 422.6423 374.0000 1.4635 1.5998 3.9120 -2.3950 1.7609 3.6803 4.8319 0.0554
Car -1 -1 0.3269 544.6880 164.6171 601.6944 184.7875 1.5379 1.6443 4.1447 -2.1174 0.2497 56.1418 0.2845 0.0542
Car -1 -1 -0.3483 219.1966 188.6990 421.4736 258.0196 1.4147 1.6203 4.1710 -6.5405 1.6051 17.0492 -0.7150 0.0535
Car -1 -1 4.5419 613.3087 160.1241 646.7402 184.5809 1.5790 1.6069 3.8019 1.9542 0.1981 48.3693 4.5772 0.0533
Car -1 -1 1.6689 153.8288 176.0382 192.9665 202.9519 1.5139 1.6049 4.1188 -25.2698 1.2060 42.6129 1.1314 0.0530
Car -1 -1 3.6963 482.8981 171.3390 573.2967 202.5447 1.5319 1.6899 4.3953 -3.7338 1.0325 36.9798 3.5913 0.0520
Car -1 -1 0.5795 367.0126 167.6593 418.9059 186.3138 1.5565 1.6314 4.0137 -17.6947 0.4007 61.3018 0.2948 0.0515
Car -1 -1 5.2438 392.6742 168.2975 434.2490 187.8704 1.6492 1.7000 4.0552 -16.2684 0.5357 62.7085 4.9861 0.0510