Car -1 -1 4.3286 773.5474 183.1207 1127.9703 375.0000 1.5239 1.6697 4.0183 2.9867 1.6573 7.3538 4.6992 0.9806
Car -1 -1 4.0108 712.1120 177.7971 787.7661 212.6367 1.4554 1.4392 3.4748 6.2698 1.6911 32.5387 4.1990 0.9396
Car -1 -1 0.3706 187.2448 188.9382 436.7920 271.9977 1.5002 1.5858 4.2391 -5.6958 1.8336 14.1503 -0.0062 0.8478
Car -1 -1 3.4608 330.6690 175.6256 455.7451 222.2405 1.4726 1.6305 3.6162 -7.0628 1.5673 23.7727 3.1746 0.8004
Car -1 -1 4.5244 625.2807 176.9816 659.6241 202.0957 1.4774 1.5402 3.2625 2.0037 1.7432 44.7383 4.5684 0.7625
Car -1 -1 3.6133 24.7060 176.5146 332.0699 291.9560 1.6835 1.6761 3.8755 -6.6781 1.7466 11.5047 3.0970 0.7598
Car -1 -1 3.7603 0.0000 179.6924 238.3878 307.2207 1.4557 1.5084 3.5294 -6.8327 1.5493 9.0945 3.1297 0.5752
Car -1 -1 0.2460 357.1201 185.3230 478.4154 228.6265 1.4724 1.5856 3.9231 -6.7931 1.9325 25.8127 -0.0094 0.5550
Car -1 -1 3.7161 233.5269 181.8980 417.1369 247.5120 1.3962 1.5373 3.7507 -6.5724 1.6210 16.8035 3.3481 0.5495
Car -1 -1 4.7763 513.1295 165.7535 534.7574 184.5225 1.6198 1.6630 3.9307 -7.5967 1.0070 64.2758 4.6589 0.5195
Car -1 -1 3.8756 0.0000 154.3935 260.8234 361.4785 1.5356 1.6583 4.2011 -5.5130 1.3987 6.2461 3.1734 0.4557
Car -1 -1 3.8276 449.1743 178.8575 520.5438 205.1996 1.4154 1.5773 3.8946 -7.1278 1.7716 41.1647 3.6569 0.4349
Car -1 -1 3.3515 379.7677 160.2881 501.1448 208.3679 1.8251 1.7552 4.3621 -6.5563 1.3481 28.3024 3.1255 0.3780
Car -1 -1 5.2018 0.0000 164.6321 329.1601 362.2755 1.4105 1.5521 3.7095 -4.1788 1.3519 7.0274 4.6813 0.3330
Car -1 -1 4.4532 743.5297 168.3593 780.9076 189.8990 1.5420 1.6748 4.2971 11.3374 1.2202 53.8429 4.6594 0.2642
Car -1 -1 3.6341 0.0000 177.4139 361.0246 306.1201 1.4833 1.5625 3.6740 -5.2668 1.5464 9.1837 3.1254 0.2618
Car -1 -1 5.4386 483.7319 177.7638 551.5389 204.5948 1.4426 1.5878 4.0605 -5.2544 1.7408 41.6953 5.3136 0.2339
Car -1 -1 5.0093 419.0056 184.3908 493.8542 229.0669 1.4815 1.6508 3.9150 -5.6327 1.9456 26.9988 4.8050 0.2106
Car -1 -1 4.8201 611.0785 175.9079 637.8927 196.7709 1.4972 1.5967 4.0751 1.1636 1.7370 54.5252 4.8409 0.1937
Car -1 -1 2.9265 747.8725 169.0109 810.0963 189.7515 1.4902 1.6554 4.1651 12.3367 1.2140 52.6959 3.1550 0.1837
Car -1 -1 4.6953 522.2809 177.9949 542.2392 197.3073 1.5013 1.5601 3.7279 -6.3526 1.9360 59.0715 4.5883 0.1635
Car -1 -1 2.3657 0.0000 173.1482 239.4618 337.4217 1.4697 1.5800 3.6155 -6.2278 1.4739 8.3780 1.7414 0.1373
Car -1 -1 2.1123 31.4936 177.2309 320.3932 317.1705 1.6023 1.6987 3.9011 -5.8467 1.6772 10.3673 1.6093 0.1348
Car -1 -1 4.4022 778.4202 178.6665 835.3472 211.4246 1.4857 1.6140 3.7185 9.5798 1.7852 35.2919 4.6646 0.1278
Car -1 -1 4.8327 481.1868 178.3602 516.5923 204.7899 1.4182 1.5610 3.7821 -6.3074 1.7490 41.4284 4.6821 0.1276
Car -1 -1 2.3267 273.6469 163.5623 346.7131 190.5228 1.5509 1.6602 4.1960 -18.0732 1.0164 43.7612 1.9370 0.1268
Car -1 -1 3.7191 246.1211 163.7611 327.0688 190.0559 1.5175 1.6641 4.1484 -19.1264 0.9928 42.7922 3.3009 0.1248
Car -1 -1 4.6070 425.1221 158.2690 458.8335 184.3873 1.6337 1.7392 4.0456 -11.0302 0.7214 47.3277 4.3791 0.1178
Car -1 -1 5.1157 178.0162 155.1641 290.2112 210.2974 1.4075 1.5015 3.5184 -10.3837 0.9559 20.2253 4.6465 0.1050
Car -1 -1 -0.3171 729.9661 167.9776 791.2986 189.7676 1.5509 1.6627 4.0429 10.9478 1.2038 52.4094 -0.1126 0.0948
Car -1 -1 1.6147 645.4617 173.4719 664.6695 192.4237 1.6067 1.5135 3.9000 4.0184 1.6627 63.3221 1.6775 0.0889
Car -1 -1 3.6455 270.4242 167.6712 350.3140 193.1458 1.5485 1.6933 4.3174 -18.6035 1.2334 44.9445 3.2550 0.0850
Car -1 -1 2.1522 464.5134 176.5649 525.7487 204.4487 1.4546 1.5696 3.7396 -6.3179 1.6718 40.2066 1.9970 0.0776
Car -1 -1 0.5318 107.6928 156.8630 274.3658 212.3962 1.4309 1.5237 3.6023 -11.1572 1.0189 19.3811 0.0152 0.0775
Car -1 -1 3.1979 496.7692 178.7662 544.1503 198.4517 1.5425 1.5600 3.6956 -7.1298 2.0249 57.9772 3.0757 0.0761
Car -1 -1 1.2159 500.7433 174.1637 538.5404 194.5779 1.6104 1.6903 4.3401 -7.4590 1.7227 59.5317 1.0915 0.0730
Car -1 -1 3.7294 418.1249 158.4302 487.7426 182.9010 1.5137 1.6596 4.1255 -10.0193 0.6215 46.1603 3.5166 0.0684
Car -1 -1 3.0656 409.1286 191.0171 553.5112 252.2771 1.4535 1.5394 3.6110 -3.3946 1.9624 19.0222 2.8906 0.0681
Car -1 -1 1.9193 604.1439 174.5511 643.9835 195.7402 1.4802 1.5964 4.1693 1.1110 1.6100 52.9923 1.9397 0.0607
Car -1 -1 3.5571 381.2583 184.3888 500.0094 227.9502 1.5025 1.6573 3.9451 -6.2137 1.9482 26.6970 3.3300 0.0603
Car -1 -1 2.1720 29.0207 176.1716 305.4618 306.6928 1.6649 1.6889 3.9610 -6.5951 1.7265 11.3528 1.6554 0.0592
Car -1 -1 0.1764 760.2537 171.4523 826.2815 198.1499 1.5641 1.6197 3.6551 11.1413 1.4820 43.7612 0.4237 0.0587
Car -1 -1 1.8428 0.0000 172.7998 63.8744 208.5250 1.5996 1.6248 3.6150 -27.4750 1.5972 34.2888 1.1710 0.0579
Car -1 -1 4.7382 769.2814 166.6918 794.3896 190.1713 1.6737 1.7129 4.2383 12.8538 1.2344 53.7019 4.9716 0.0568
Car -1 -1 1.8421 597.3424 173.3235 635.0013 196.4925 1.5882 1.6567 4.1180 0.5200 1.6233 51.7563 1.8517 0.0553
Car -1 -1 1.4600 758.8481 168.9430 787.5779 189.6694 1.4668 1.6321 3.9020 12.0013 1.1900 53.0911 1.6809 0.0548
Car -1 -1 1.5289 648.0776 175.1294 667.8950 194.2710 1.6575 1.6103 3.9997 4.3333 1.8688 64.9775 1.5948 0.0526
Car -1 -1 4.3692 727.7008 168.5860 767.3901 190.0249 1.4725 1.5721 3.8623 9.8166 1.1794 51.5883 4.5559 0.0525
Car -1 -1 2.9676 514.7344 178.8169 564.3571 198.6343 1.5367 1.5655 3.7531 -5.6329 2.0261 57.9613 2.8707 0.0525
Car -1 -1 -0.5793 760.9460 165.2949 922.2034 227.7012 1.5177 1.5722 3.7606 6.0221 1.3339 18.8139 -0.2746 0.0519
Car -1 -1 4.9373 267.1604 163.6779 313.4589 189.8254 1.4866 1.6821 3.9379 -19.0085 0.9649 43.1129 4.5242 0.0515
Car -1 -1 4.6949 774.7167 171.4558 802.0235 196.9678 1.5193 1.5765 3.7817 11.1109 1.4361 44.9887 4.9351 0.0506
Car -1 -1 3.6364 0.0000 177.6041 350.2226 305.7657 1.6350 1.6951 4.0439 -5.9784 1.7079 10.1709 3.1160 0.0504