Car -1 -1 1.9129 237.1118 182.2372 448.9804 319.6894 1.6300 1.6429 4.0083 -3.7162 1.7974 10.8514 1.5895 0.9786
Car -1 -1 2.2032 0.0000 226.4967 290.2801 375.0000 1.3624 1.5188 3.5050 -3.6937 1.8540 4.8549 1.5783 0.9238
Car -1 -1 4.6908 619.2443 173.1629 665.2752 216.3477 1.4832 1.5828 4.3056 1.1691 1.4957 26.9808 4.7330 0.7176
Car -1 -1 4.5440 609.9651 174.0197 646.8177 200.0571 1.5262 1.6639 3.7147 1.1156 1.6011 44.4254 4.5685 0.5688
Car -1 -1 4.7066 614.5989 165.3289 634.6459 185.1536 1.6275 1.6458 3.9641 1.2655 1.0097 61.2293 4.7269 0.5313
Car -1 -1 4.9059 481.9983 179.8856 540.1267 221.6569 1.5518 1.6714 3.5648 -3.9234 1.8547 29.2510 4.7731 0.3592
Car -1 -1 4.7435 644.0331 164.2686 666.4886 186.1062 1.7152 1.7013 3.9898 3.7500 1.0408 58.7366 4.8067 0.2270
Car -1 -1 4.9456 517.1411 185.7589 567.6327 219.7969 1.4458 1.5741 3.5903 -3.1041 2.0871 33.9690 4.8546 0.1840
Car -1 -1 0.4233 461.1638 171.0460 558.1940 205.4974 1.5446 1.6795 4.1739 -4.6569 1.4636 33.7458 0.2868 0.1737
Car -1 -1 4.8904 453.7241 163.8670 485.6620 186.4836 1.5955 1.6451 3.7864 -10.1939 0.9615 52.8053 4.7004 0.1663
Car -1 -1 4.4592 638.1115 167.0164 673.1473 191.2387 1.7245 1.6585 3.9103 3.3698 1.3089 53.4475 4.5215 0.1645
Car -1 -1 3.1368 583.9019 174.8815 649.3078 199.9557 1.4693 1.6280 3.8453 0.4174 1.5931 43.2358 3.1459 0.1602
Car -1 -1 3.1772 551.7968 173.0721 664.1027 216.1022 1.4874 1.6235 3.8961 -0.0336 1.4955 25.8269 3.1753 0.1557
Car -1 -1 1.5358 615.2485 174.1106 645.5848 203.3487 1.6138 1.6182 4.1097 1.1729 1.6906 42.0634 1.5630 0.1251
Car -1 -1 3.0506 617.8671 172.5961 740.1134 215.7720 1.4942 1.6408 4.2128 2.4123 1.4853 25.7929 3.1422 0.1069
Car -1 -1 1.5625 481.0060 164.9664 519.2032 200.2366 1.5575 1.6746 4.0218 -5.1671 1.2092 33.9799 1.4124 0.0954
Car -1 -1 3.1027 467.9211 174.7090 563.2039 209.0907 1.4890 1.6688 4.1570 -4.2491 1.5756 32.5443 2.9734 0.0942
Car -1 -1 1.5100 654.0452 176.6285 682.2072 202.4570 1.5537 1.5512 3.7695 3.6851 1.8035 45.8568 1.5892 0.0875
Car -1 -1 3.5515 429.5950 176.9461 537.2302 219.3732 1.5936 1.6512 3.8654 -4.9750 1.7630 28.6035 3.3803 0.0851
Car -1 -1 5.1114 620.9582 172.1079 670.4138 197.9208 1.5051 1.5949 4.0062 2.2641 1.4616 44.2220 5.1618 0.0836
Car -1 -1 1.7904 537.0950 180.9819 590.3304 216.1700 1.4692 1.6175 3.9273 -2.0393 1.8659 33.1472 1.7288 0.0832
Car -1 -1 4.9306 470.6735 162.6994 505.9463 186.1036 1.6515 1.7092 4.0678 -8.8562 0.9349 52.9907 4.7656 0.0785
Car -1 -1 1.6341 507.5667 160.7273 551.7155 198.1107 1.5289 1.6541 4.1252 -3.4367 1.0330 31.6075 1.5264 0.0735
Car -1 -1 4.4140 456.1950 172.1943 502.2302 199.3241 1.4731 1.5704 3.6864 -7.4792 1.4373 41.1761 4.2351 0.0731
Car -1 -1 3.1418 599.2610 173.0337 664.8286 198.4694 1.5314 1.6431 3.9522 1.3785 1.5426 44.3346 3.1723 0.0731
Car -1 -1 -0.0760 583.0808 173.9995 703.5370 215.6229 1.4894 1.5965 4.3388 1.1931 1.5332 26.7343 -0.0325 0.0726
Car -1 -1 3.3675 450.8148 155.3573 552.2158 194.3301 1.5926 1.6767 3.9591 -4.5162 0.8776 30.4781 3.2214 0.0719
Car -1 -1 4.4377 630.2770 163.4002 660.8014 183.3255 1.7876 1.7332 4.2747 3.3016 0.9395 67.0118 4.4865 0.0691
Car -1 -1 1.5184 638.3928 175.7688 666.4354 201.4292 1.5462 1.5727 3.8532 2.6855 1.7392 45.8464 1.5760 0.0684
Car -1 -1 4.6706 469.0732 164.3836 514.8992 205.2285 1.5851 1.7206 3.9830 -4.9654 1.2564 30.1264 4.5083 0.0669
Car -1 -1 4.8615 478.9104 161.3956 523.7499 193.6068 1.4974 1.6294 3.7494 -5.2546 0.9647 35.4190 4.7150 0.0667
Car -1 -1 1.6544 499.9668 173.6663 543.4330 207.9190 1.5020 1.6808 4.0276 -4.0517 1.5424 33.7794 1.5355 0.0646
Car -1 -1 5.0520 458.1938 162.2850 497.1955 185.5349 1.6148 1.6457 3.6358 -9.4657 0.8808 52.0406 4.8727 0.0567
Car -1 -1 3.0524 611.7202 172.6991 678.8168 198.7693 1.5288 1.6043 3.8824 2.1041 1.5197 43.1936 3.1004 0.0558
Car -1 -1 4.8095 444.0988 173.7174 496.8024 216.1844 1.5801 1.6818 4.0601 -5.5201 1.6174 29.0294 4.6228 0.0545
Car -1 -1 3.0936 537.9799 180.8658 630.9698 214.6927 1.4722 1.6466 4.1326 -1.1720 1.8482 32.8671 3.0576 0.0545
Car -1 -1 1.4931 541.9393 168.2032 587.0745 205.2599 1.5018 1.6553 3.7766 -2.0046 1.3133 31.2273 1.4290 0.0526
Car -1 -1 3.1035 499.5241 184.1884 586.4384 217.6913 1.4610 1.5781 3.8914 -3.0787 1.9988 33.2010 3.0112 0.0510
Car -1 -1 1.6315 452.2282 162.5260 479.4628 186.3759 1.6244 1.6567 3.8768 -10.1547 0.9210 51.1756 1.4364 0.0508
Car -1 -1 4.3277 347.5173 218.7631 620.4244 375.0000 1.4593 1.5482 3.0858 -1.3952 2.0180 7.0660 4.1377 0.0504