Car -1 -1 4.7520 462.5613 187.5388 503.3362 225.7388 1.4132 1.5196 3.4070 -5.1885 2.0572 29.8566 4.5808 0.9462
Car -1 -1 3.3308 234.3944 182.9815 386.4351 234.4411 1.5538 1.7306 4.3297 -9.6323 1.9023 23.5556 2.9461 0.8758
Car -1 -1 1.6762 478.9004 185.5773 520.4043 220.3833 1.5883 1.6449 4.1351 -5.5090 2.2701 36.5634 1.5272 0.6180
Car -1 -1 1.8738 456.6850 178.1127 488.5463 196.0965 1.4973 1.6023 4.0857 -11.9970 1.9751 63.4359 1.6873 0.1908
Car -1 -1 5.1910 230.8167 164.0992 311.6514 207.3383 1.4982 1.5438 2.8260 -12.3239 1.1948 26.4471 4.7586 0.1607
Car -1 -1 1.3629 451.4155 174.8874 482.8995 195.1843 1.4885 1.5690 4.0798 -10.9946 1.6511 55.5352 1.1680 0.1598
Car -1 -1 4.8629 327.4901 185.7920 395.4671 236.8957 1.5480 1.6350 3.9016 -8.4860 2.0326 24.9639 4.5380 0.1263
Car -1 -1 1.7600 443.5157 186.7144 475.8294 209.4870 1.4526 1.4988 3.8869 -10.4174 2.4576 50.3587 1.5566 0.1153
Car -1 -1 1.7143 458.2294 184.9360 488.4743 208.3241 1.5022 1.5291 3.8885 -9.4649 2.3785 50.3579 1.5290 0.0876
Car -1 -1 1.3468 494.5299 187.5374 535.4820 214.6110 1.5058 1.6640 3.9926 -5.8942 2.4581 44.6361 1.2158 0.0849
Car -1 -1 1.4281 357.9900 175.5896 408.0796 212.4745 1.4765 1.5552 3.7219 -9.8404 1.6024 31.1958 1.1246 0.0813
Car -1 -1 0.8525 441.3038 178.9646 484.3942 196.8614 1.4817 1.5837 3.7665 -12.7684 2.0279 62.7211 0.6522 0.0804
Car -1 -1 0.3310 447.6780 185.9518 535.9949 219.3565 1.5893 1.6344 4.0857 -5.9082 2.2707 36.3840 0.1706 0.0772
Car -1 -1 4.9814 378.6640 183.2993 460.5309 236.6710 1.5715 1.6407 3.8572 -6.1964 1.9463 23.9485 4.7303 0.0762
Car -1 -1 1.5201 488.2865 184.2231 522.0511 214.1957 1.5104 1.6509 4.2254 -5.8735 2.1804 40.2878 1.3757 0.0745
Car -1 -1 1.3455 418.2335 183.1787 455.2056 205.4761 1.4235 1.6476 4.0183 -12.0702 2.1733 50.2351 1.1105 0.0733
Car -1 -1 1.6332 439.9023 174.7504 468.1293 198.6622 1.6178 1.6953 4.2971 -11.0418 1.7589 51.4248 1.4225 0.0609
Car -1 -1 3.3323 443.5632 178.3817 491.4144 196.0826 1.5079 1.5442 3.8584 -12.3258 1.9945 62.7303 3.1387 0.0604
Car -1 -1 2.2671 235.1106 181.5864 374.8856 237.2517 1.5734 1.7441 4.4199 -9.7443 1.8866 23.5082 1.8777 0.0601
Car -1 -1 0.1082 243.2613 181.9582 374.7754 227.6605 1.4545 1.6004 4.0170 -10.2148 1.7843 24.8130 -0.2789 0.0595
Car -1 -1 1.5201 462.3023 183.4833 490.0240 206.7567 1.4546 1.6591 3.8808 -9.1055 2.2082 49.0754 1.3372 0.0519
Car -1 -1 2.1478 457.0511 174.6047 504.2955 195.1528 1.4962 1.5740 4.0854 -9.7908 1.6352 55.0997 1.9725 0.0509
Car -1 -1 0.8880 463.9653 188.7859 524.8062 215.9076 1.4875 1.6900 3.6762 -6.9859 2.4913 43.6077 0.7295 0.0504