Car -1 -1 2.2005 0.0000 187.6468 278.8476 375.0000 1.5419 1.6184 3.8106 -4.5788 1.7096 6.2599 1.5887 0.9762
Car -1 -1 1.9112 210.9523 185.5345 414.0637 311.4945 1.5671 1.6436 3.9633 -4.4030 1.8022 11.3783 1.5490 0.9752
Car -1 -1 1.8708 348.2844 189.9501 471.7029 267.0939 1.4398 1.5872 3.8078 -4.3376 1.8709 16.2604 1.6134 0.9706
Car -1 -1 1.8083 421.5395 183.8459 510.1292 241.2746 1.4433 1.6195 3.8922 -4.0412 1.7915 20.8750 1.6187 0.9652
Car -1 -1 4.5981 714.6687 171.3077 782.2194 224.7973 1.6762 1.7436 4.6968 4.7023 1.6278 25.0139 4.7811 0.8885
Car -1 -1 0.4658 61.2801 169.3907 214.9261 211.5633 1.4082 1.6122 4.2047 -16.3021 1.2926 25.1160 -0.1053 0.6813
Car -1 -1 1.6045 564.3721 178.4557 591.4647 202.2724 1.4765 1.6525 4.0211 -2.0538 1.8625 47.6993 1.5612 0.3867
Car -1 -1 1.3609 682.7358 174.7460 720.6749 200.4292 1.6158 1.6701 4.0900 6.0546 1.7468 47.8144 1.4857 0.3752
Car -1 -1 1.5042 712.5139 176.0628 765.2899 221.8788 1.6233 1.7130 4.4856 4.9721 1.7591 28.2105 1.6762 0.3323
Car -1 -1 4.5842 699.5805 175.8201 739.3137 205.3679 1.4307 1.5661 3.5713 5.6006 1.5907 37.1001 4.7324 0.3279
Car -1 -1 4.8141 86.2735 164.8145 129.0173 193.2230 1.5975 1.6639 4.0215 -29.6642 1.1454 42.7366 4.2102 0.2701
Car -1 -1 4.6142 704.1056 177.1503 750.4027 214.3516 1.4978 1.6163 3.7339 5.0613 1.6962 31.4045 4.7719 0.2479
Car -1 -1 0.0968 554.4717 179.2641 611.1274 203.7445 1.5372 1.5674 3.5261 -1.7040 1.9597 46.6620 0.0600 0.1466
Car -1 -1 1.4927 769.2335 178.8231 797.7803 202.4425 1.5012 1.5785 3.7997 11.7416 1.9220 48.8685 1.7267 0.1440
Car -1 -1 1.8098 764.9434 176.7527 798.7023 198.4938 1.5490 1.5833 3.9538 12.9940 1.8538 54.2889 2.0431 0.1381
Car -1 -1 5.2414 349.2040 177.6086 429.0113 216.5541 1.4954 1.6085 3.5320 -9.1049 1.7062 30.0767 4.9495 0.1296
Car -1 -1 0.9440 130.8582 162.5237 207.4153 189.5107 1.5421 1.6657 4.3255 -26.1521 0.9518 42.8384 0.3986 0.1282
Car -1 -1 1.4826 555.6486 171.9939 577.1379 190.3224 1.6160 1.6005 4.0705 -3.9616 1.5402 65.7482 1.4224 0.1248
Car -1 -1 3.5804 451.0792 171.7610 513.8565 193.9240 1.4538 1.5986 3.8508 -8.5501 1.3821 48.6073 3.4069 0.1151
Car -1 -1 1.4187 705.2196 177.1390 760.8191 218.0750 1.5442 1.6449 4.0198 4.9974 1.7324 29.6613 1.5833 0.1089
Car -1 -1 5.0973 89.7478 169.1706 188.3701 210.7444 1.3772 1.6118 3.8688 -16.7830 1.2552 25.9524 4.5278 0.1087
Car -1 -1 4.0550 636.4670 176.0881 694.1860 199.7118 1.4526 1.6111 4.0513 3.5892 1.6732 47.0847 4.1301 0.1046
Car -1 -1 1.8239 549.1544 172.8547 578.1575 191.1405 1.5557 1.5801 4.0611 -4.0047 1.5558 63.5313 1.7609 0.0981
Car -1 -1 3.2361 697.6451 178.9082 790.6833 216.5846 1.4950 1.6407 3.7104 5.6790 1.7605 30.3445 3.4188 0.0969
Car -1 -1 1.5926 695.0928 173.5984 723.9666 200.6620 1.5061 1.5948 3.8492 5.8951 1.5518 42.2918 1.7298 0.0928
Car -1 -1 5.2027 0.0000 171.6300 114.9176 247.3485 1.4916 1.6152 3.8052 -12.9679 1.4674 16.2279 4.5364 0.0896
Car -1 -1 1.3383 665.8500 174.5711 704.6193 199.0435 1.5386 1.6481 4.0926 4.9617 1.6575 47.8000 1.4407 0.0863
Car -1 -1 3.6452 12.2137 167.6287 167.3732 213.0457 1.4999 1.6275 4.0618 -17.8006 1.3273 24.8655 3.0288 0.0853
Car -1 -1 1.0047 686.5007 178.3539 740.2654 203.5876 1.5032 1.6649 3.6799 6.5527 1.8684 45.8838 1.1452 0.0842
Car -1 -1 1.4955 505.0229 188.0701 548.9222 225.9790 1.4565 1.6095 3.7952 -3.6410 2.1602 31.3557 1.3802 0.0839
Car -1 -1 -0.2348 777.0092 178.0386 842.3651 201.0460 1.4686 1.6125 3.8589 13.0848 1.8148 47.3178 0.0330 0.0788
Car -1 -1 1.4152 775.3884 185.9311 833.8270 227.2033 1.4362 1.6116 3.9350 7.6053 1.9886 28.4397 1.6732 0.0780
Car -1 -1 4.5568 334.6674 178.3633 389.6821 217.1346 1.4673 1.6006 3.7360 -10.3031 1.7112 29.9085 4.2274 0.0758
Car -1 -1 0.5386 537.9310 179.1854 599.6379 203.4440 1.4916 1.5690 3.7105 -2.6479 1.9153 46.7313 0.4819 0.0753
Car -1 -1 0.0123 345.8470 181.1225 420.2130 210.7616 1.4901 1.5907 3.6899 -11.9796 1.9436 38.2828 -0.2894 0.0749
Car -1 -1 0.3400 0.0000 193.3503 92.5720 225.5801 1.4911 1.5652 3.8114 -28.6334 2.5644 36.4399 -0.3226 0.0710
Car -1 -1 1.5729 697.9183 176.5075 728.7929 205.7980 1.4985 1.5895 3.8302 5.6700 1.7083 39.4246 1.7142 0.0706
Car -1 -1 1.6418 665.3519 180.1322 720.0174 229.5946 1.5563 1.6296 4.1309 3.0118 1.8358 25.5251 1.7571 0.0665
Car -1 -1 -0.1080 688.7574 178.8334 793.5724 219.0198 1.5614 1.6656 4.0238 5.2720 1.8121 29.2894 0.0676 0.0661
Car -1 -1 1.0249 773.0298 177.0763 828.2366 201.7188 1.4745 1.6387 3.8340 12.1079 1.7555 45.9535 1.2806 0.0656
Car -1 -1 1.1009 0.0000 179.3462 93.4420 249.2272 1.4878 1.6191 4.1045 -14.4632 1.6567 17.2119 0.4096 0.0655
Car -1 -1 1.5982 472.2838 191.1789 512.3275 228.3002 1.4186 1.6148 3.8010 -5.0682 2.2698 31.5278 1.4394 0.0648
Car -1 -1 1.8681 542.3628 173.9510 574.2079 193.1999 1.5900 1.6350 3.9682 -4.3643 1.6874 61.9587 1.7978 0.0642
Car -1 -1 2.9828 702.1737 177.6940 784.0464 207.9818 1.4669 1.5831 3.8160 6.6239 1.7142 36.0419 3.1626 0.0635
Car -1 -1 4.1875 0.0000 161.3062 17.5902 245.4440 1.5136 1.6034 3.9819 -14.0483 1.3058 14.2981 3.4202 0.0632
Car -1 -1 2.0349 322.8111 182.3240 409.9071 224.1506 1.4706 1.6066 4.0166 -9.4680 1.8713 28.4252 1.7157 0.0632
Car -1 -1 -0.0521 697.1437 175.0070 764.4310 201.7752 1.4734 1.6157 3.6770 6.8222 1.5984 40.8849 0.1116 0.0625
Car -1 -1 3.0684 692.9547 178.1835 751.5007 201.5524 1.4577 1.5938 3.6079 7.2032 1.8072 46.3736 3.2210 0.0614
Car -1 -1 5.1682 35.2846 166.8152 183.5108 231.2676 1.4756 1.5972 3.7481 -12.6117 1.3374 18.4849 4.5760 0.0609
Car -1 -1 1.6584 473.3641 187.3695 516.3204 222.3484 1.4583 1.6347 4.0419 -5.3235 2.1813 33.8714 1.5032 0.0605
Car -1 -1 2.6512 569.2177 179.4461 632.5590 204.9205 1.5613 1.5533 3.8126 -0.5501 2.0020 46.6476 2.6389 0.0597
Car -1 -1 1.6187 767.4257 175.8636 794.6903 199.1184 1.5369 1.6646 4.1098 12.0268 1.7566 50.4611 1.8510 0.0594
Car -1 -1 1.6006 499.9549 188.0818 537.5834 222.3553 1.4403 1.6447 3.9708 -4.2498 2.2054 34.2003 1.4773 0.0583
Car -1 -1 3.7554 73.6844 164.3049 165.3490 192.6035 1.6304 1.6647 4.2893 -28.7796 1.1379 42.4487 3.1624 0.0562
Car -1 -1 1.8477 76.1736 168.6243 134.0679 196.1205 1.4982 1.6374 4.1781 -28.9627 1.2677 41.5562 1.2419 0.0557
Car -1 -1 -0.0953 759.5657 179.7216 818.8040 202.7923 1.4708 1.6235 3.6592 11.8323 1.9350 47.7053 0.1459 0.0555
Car -1 -1 1.3508 752.2251 179.2438 788.5022 202.8905 1.4983 1.5841 3.8175 10.7968 1.9461 48.6609 1.5674 0.0555
Car -1 -1 3.9591 80.9566 169.7006 211.2258 210.2448 1.3925 1.6255 4.0717 -16.7244 1.2842 26.0764 3.3933 0.0554
Car -1 -1 1.4414 688.8502 177.5715 723.3104 204.4124 1.5732 1.6245 3.9389 5.9665 1.8800 44.9544 1.5720 0.0553
Car -1 -1 2.1190 148.8343 164.6207 216.4137 190.9511 1.5212 1.6509 4.0381 -25.7748 1.0455 43.7190 1.5888 0.0545
Car -1 -1 1.8103 480.2149 184.8250 530.3063 216.9115 1.4824 1.6095 4.1018 -5.2856 2.1321 37.0370 1.6690 0.0539
Car -1 -1 1.4258 704.0233 175.9850 750.7286 209.7100 1.4970 1.6206 4.0274 5.5561 1.6552 34.4281 1.5839 0.0539
Car -1 -1 1.6997 679.2162 178.7288 717.5986 207.5431 1.4905 1.6241 4.0649 5.0191 1.8369 40.3790 1.8219 0.0538
Car -1 -1 2.8085 677.0664 174.7648 741.0428 199.6493 1.5767 1.6209 3.8133 6.4716 1.7045 47.0672 2.9438 0.0536
Car -1 -1 2.4129 767.2822 175.6331 819.5786 197.0454 1.5193 1.5537 3.6167 13.5417 1.7298 53.1185 2.6608 0.0534
Car -1 -1 4.6748 682.3180 177.5514 722.8989 214.5520 1.4854 1.5977 3.8718 4.0024 1.7033 31.4716 4.7995 0.0533
Car -1 -1 1.1850 762.2303 177.2819 794.5966 193.8833 1.4936 1.5780 4.0082 15.9048 1.9247 68.1413 1.4130 0.0533
Car -1 -1 5.2251 0.0000 169.0023 141.1585 238.3758 1.4921 1.6382 3.8914 -13.2800 1.4093 17.5532 4.5846 0.0528
Car -1 -1 1.5298 749.2021 183.4258 795.5615 224.7677 1.4866 1.6439 4.0157 6.5100 1.9448 29.1506 1.7467 0.0511
Car -1 -1 1.3974 775.7255 178.9978 811.4752 202.9221 1.4795 1.6517 3.7422 12.0773 1.9007 47.5363 1.6443 0.0506