Car -1 -1 2.7277 841.1171 169.0678 973.8926 214.0524 1.4845 1.5924 3.8833 10.1164 1.3596 24.6638 3.1123 0.8878
Car -1 -1 3.7033 134.9261 181.4907 297.8723 244.1457 1.9584 1.7277 4.5092 -12.9175 2.2561 23.8526 3.2112 0.8201
Car -1 -1 2.4550 980.7287 168.4218 1126.4026 212.0524 1.4172 1.6051 4.1499 15.0413 1.2732 24.5252 2.9995 0.7601
Car -1 -1 0.6998 0.0000 205.0629 62.9227 253.8650 1.4793 1.6724 3.6690 -20.5290 2.5811 23.8355 -0.0058 0.6300
Car -1 -1 1.8988 246.3662 169.1046 299.2475 195.1733 1.4728 1.6040 4.0883 -19.9358 1.2610 42.8814 1.4658 0.4570
Car -1 -1 1.3245 280.4614 184.2285 337.8898 218.0603 1.4097 1.5672 3.8638 -13.9645 1.9687 33.4400 0.9314 0.4101
Car -1 -1 1.4640 136.7238 190.2107 185.4478 225.9510 1.4496 1.5225 3.6577 -20.5648 2.2902 33.0331 0.9105 0.2631
Car -1 -1 -0.2362 717.8169 149.2876 811.4998 179.6434 1.5110 1.6893 4.3989 7.8638 0.3380 36.8201 -0.0274 0.2278
Car -1 -1 1.6315 353.6499 169.4997 387.0802 195.4006 1.4739 1.6391 4.2558 -14.3099 1.2830 43.3248 1.3141 0.1979
Car -1 -1 1.5766 192.5001 172.1110 218.2967 194.4637 1.5964 1.6196 3.8795 -30.0110 1.5434 53.6224 1.0683 0.1977
Car -1 -1 1.8522 30.4842 204.2407 119.0865 251.1625 1.4402 1.6200 3.9395 -19.9701 2.7125 27.1208 1.2220 0.1696
Car -1 -1 -0.6311 989.5511 166.0398 1061.7734 190.8399 1.4953 1.5750 3.6309 25.6276 1.0845 44.4896 -0.1115 0.1608
Car -1 -1 -0.4856 931.9075 151.3878 1041.6520 183.2944 1.4743 1.5731 4.3774 17.7924 0.4824 34.1445 -0.0088 0.1554
Car -1 -1 4.2327 976.6842 164.4364 1035.2596 190.3109 1.5588 1.6182 3.8663 24.8720 1.0517 45.4151 4.7308 0.1510
Car -1 -1 4.7134 774.0301 165.8375 817.2182 204.8707 1.4601 1.5756 3.7698 7.4712 1.1976 29.0113 4.9626 0.1372
Car -1 -1 0.0373 699.6814 151.9936 812.4554 193.4089 1.5424 1.5997 4.1933 5.7036 0.7655 28.1379 0.2350 0.1369
Car -1 -1 -0.3843 918.4391 168.3658 1054.6409 212.5842 1.4456 1.5843 3.7890 12.7345 1.2989 24.5468 0.0890 0.1282
Car -1 -1 4.7831 152.9585 173.7175 189.1080 200.7025 1.5117 1.5526 3.6838 -25.8054 1.5650 42.5416 4.2405 0.1237
Car -1 -1 1.1758 1015.4327 167.3848 1127.6041 214.9035 1.4551 1.6351 4.2636 15.4037 1.2876 24.3307 1.7344 0.1217
Car -1 -1 1.6059 352.6328 179.8858 395.7717 216.2237 1.4247 1.6220 4.0080 -10.1358 1.7504 31.2703 1.2946 0.1106
Car -1 -1 0.6872 315.4458 181.0890 395.0493 210.9104 1.5013 1.6487 3.8388 -13.5804 1.9576 38.5487 0.3503 0.1095
Car -1 -1 4.7489 138.9590 184.6194 180.6750 218.8485 1.4570 1.5198 3.8770 -21.2514 2.0481 34.1900 4.1960 0.1070
Car -1 -1 4.8640 366.3459 174.2823 401.8758 199.2923 1.5207 1.5980 3.8398 -14.3611 1.6160 46.1212 4.5635 0.1014
Car -1 -1 1.0071 1045.9821 178.3284 1179.7014 229.2079 1.4745 1.6324 4.0141 16.1206 1.6674 23.3817 1.6044 0.0920
Car -1 -1 5.0153 44.0045 199.6262 127.1537 244.1778 1.4869 1.6217 3.6317 -20.5376 2.6155 28.4379 4.3941 0.0915
Car -1 -1 5.2023 358.4329 180.4227 418.7326 210.2818 1.5072 1.5745 3.7222 -11.9976 1.9413 39.4029 4.9082 0.0903
Car -1 -1 1.6314 939.0129 185.3283 1066.0330 297.6432 1.4655 1.5925 3.8019 6.5637 1.7065 11.9030 2.1240 0.0864
Car -1 -1 1.7242 330.6569 180.2489 375.4720 212.0368 1.5314 1.6337 3.8033 -13.3460 1.9387 37.7197 1.3860 0.0846
Car -1 -1 1.0921 988.9363 165.1157 1051.9116 193.0478 1.6167 1.6465 4.0103 24.8494 1.1688 43.7950 1.6051 0.0826
Car -1 -1 2.3508 0.0000 202.4398 51.8554 257.3527 1.4770 1.6953 3.8440 -20.5827 2.5219 23.5085 1.6372 0.0811
Car -1 -1 1.9120 965.4050 174.9927 1156.2953 270.4514 1.4461 1.6040 4.2352 8.2042 1.4903 12.9691 2.4652 0.0801
Car -1 -1 2.2514 0.0000 198.7713 104.8206 244.9363 1.4555 1.6964 3.7453 -20.9074 2.4847 26.7628 1.5929 0.0795
Car -1 -1 5.0022 0.0000 204.7405 84.6660 256.7677 1.4869 1.6539 3.8595 -19.9899 2.6973 25.2917 4.3383 0.0787
Car -1 -1 1.9538 287.2571 184.6137 357.0405 219.8903 1.4458 1.5585 4.0057 -13.0171 2.0151 32.9213 1.5797 0.0769
Car -1 -1 3.2709 321.7934 171.4737 393.5074 196.4523 1.4936 1.6251 3.9815 -15.4215 1.4110 44.3420 2.9378 0.0764
Car -1 -1 2.7554 996.5583 145.2147 1117.9862 178.9669 1.5285 1.6691 4.5507 20.9150 0.2768 33.8686 3.3048 0.0758
Car -1 -1 2.5384 292.4262 185.3174 390.2697 220.9408 1.4736 1.6136 4.0458 -12.3526 2.0880 33.4469 2.1868 0.0756
Car -1 -1 4.2855 965.4542 147.0802 1029.4673 178.7149 1.6291 1.6525 3.7077 20.9142 0.3018 39.0594 4.7740 0.0719
Car -1 -1 4.6966 212.6759 176.2859 243.1682 202.0296 1.4998 1.6053 3.8051 -23.6320 1.7219 44.6383 4.2120 0.0685
Car -1 -1 4.6075 352.1123 179.1461 397.1082 214.0706 1.5021 1.6219 3.7809 -11.0601 1.8151 33.8322 4.2934 0.0681
Car -1 -1 1.4407 1002.5085 166.6357 1044.9135 195.2727 1.6101 1.6616 3.9591 24.4540 1.2604 42.7138 1.9575 0.0668
Car -1 -1 2.4575 971.9032 166.3273 1045.2770 191.7295 1.5135 1.5956 3.7695 24.3746 1.1246 44.1156 2.9593 0.0660
Car -1 -1 3.1606 240.2755 186.6311 335.4864 222.8983 1.4813 1.5800 3.7739 -14.2130 2.1208 32.0336 2.7457 0.0652
Car -1 -1 0.9861 0.0000 196.6831 33.0404 246.9879 1.4987 1.6988 4.2014 -21.7637 2.3407 24.1390 0.2578 0.0647
Car -1 -1 3.7857 111.4046 176.6757 194.4937 203.4006 1.5055 1.6057 3.8954 -26.4684 1.7324 41.8836 3.2248 0.0605
Car -1 -1 1.9164 123.9399 179.0746 179.1904 205.6526 1.4639 1.5865 3.6983 -26.9924 1.8486 42.6438 1.3547 0.0584
Car -1 -1 1.7252 293.0659 184.5204 343.5407 218.3461 1.4597 1.6417 4.0108 -13.9523 2.0561 34.7499 1.3456 0.0582
Car -1 -1 3.6463 122.9233 188.0112 221.8613 221.5604 1.4947 1.4211 3.7228 -20.3193 2.2174 33.6246 3.1060 0.0569
Car -1 -1 0.5262 277.7016 185.6176 370.5101 218.7723 1.4370 1.5470 3.6847 -13.0724 2.0414 33.1216 0.1527 0.0542
Car -1 -1 3.4390 0.0000 195.9370 111.0567 239.6123 1.4767 1.6539 3.8797 -21.4615 2.4001 27.4017 2.7791 0.0534
Car -1 -1 1.5930 27.4481 188.4835 68.1628 219.5109 1.5354 1.6767 4.2772 -31.2038 2.4534 40.1598 0.9355 0.0533
Car -1 -1 2.9213 981.0267 151.1506 1075.4615 181.1098 1.5103 1.6169 4.0125 21.8104 0.4162 37.7408 3.4420 0.0524
Car -1 -1 -0.3140 742.8320 152.7438 839.8782 186.3746 1.5323 1.6275 4.1099 8.4794 0.6160 33.8324 -0.0706 0.0520
Car -1 -1 1.8133 145.7959 172.6952 196.7974 200.1705 1.5008 1.6166 3.8479 -25.1273 1.4921 41.4894 1.2714 0.0519
Car -1 -1 5.1002 150.5840 181.6969 267.7084 249.9369 1.9600 1.7711 4.4352 -12.9216 2.2777 23.6210 4.6041 0.0519
Car -1 -1 0.6703 89.2346 187.5687 191.5642 221.6052 1.4669 1.5795 3.7463 -21.3519 2.1576 32.9035 0.0981 0.0515
Car -1 -1 2.2526 1033.1018 176.1840 1174.5941 223.3014 1.4412 1.6101 4.1058 16.1713 1.5566 23.6309 2.8465 0.0513
Car -1 -1 3.6884 45.5812 200.7139 175.8672 241.8997 1.4743 1.6091 3.8863 -19.2456 2.5886 27.9558 3.0897 0.0512
Car -1 -1 5.6975 152.5149 172.7744 236.8272 200.0924 1.5357 1.6751 4.0830 -24.5045 1.5313 42.7629 5.1796 0.0509
Car -1 -1 0.5624 254.1631 185.6504 354.8587 216.7583 1.4022 1.6208 4.2420 -14.6047 2.0366 34.6190 0.1656 0.0504
Car -1 -1 3.8176 206.9450 170.9577 285.6577 197.9312 1.5210 1.6268 3.9324 -21.0714 1.4140 41.8953 3.3539 0.0501