Car -1 -1 4.7232 571.0992 185.0868 619.7556 228.9787 1.3953 1.6134 3.5153 -0.4836 1.8607 25.6859 4.7038 0.9302
Car -1 -1 4.8253 508.0726 181.7482 552.3807 215.6749 1.4373 1.6353 3.5537 -3.6050 1.8695 33.2827 4.7177 0.9086
Car -1 -1 1.9762 151.5323 183.7735 273.9128 239.5204 1.4443 1.6065 4.3831 -11.8142 1.8087 21.8281 1.4849 0.9059
Car -1 -1 1.5773 396.1101 180.9774 423.0512 206.0056 1.5424 1.6566 3.8777 -13.2583 2.1053 47.9092 1.3084 0.4242
Car -1 -1 0.0578 160.6032 171.7725 274.7490 209.1173 1.5010 1.6359 4.1593 -16.4999 1.4575 30.6150 -0.4331 0.1705
Car -1 -1 3.8099 100.3785 172.8574 212.0680 209.7659 1.4669 1.5959 3.7027 -18.6008 1.4670 29.6775 3.2539 0.1680
Car -1 -1 4.5980 461.2605 170.6066 499.1457 198.6393 1.4619 1.6054 4.0353 -7.1782 1.3447 39.7903 4.4204 0.1409
Car -1 -1 1.8488 206.1485 177.9638 279.9813 216.6568 1.4361 1.6367 3.9758 -14.8463 1.6595 29.4408 1.3851 0.1360
Car -1 -1 1.4484 514.7974 173.5357 539.9520 193.7738 1.5476 1.5425 3.7072 -6.5539 1.6036 57.2918 1.3347 0.1334
Car -1 -1 5.0898 122.4742 175.4651 183.3458 203.7702 1.4902 1.5788 3.7915 -25.4612 1.6435 40.3643 4.5298 0.1165
Car -1 -1 5.0149 225.0209 172.9698 293.0567 209.0111 1.4840 1.6205 3.7772 -15.3098 1.4894 31.7074 4.5681 0.1139
Car -1 -1 3.4855 76.8801 173.2610 168.6868 202.4680 1.5247 1.6357 3.7773 -26.1998 1.5474 38.9534 2.8965 0.1133
Car -1 -1 1.4825 397.5898 181.5834 429.4268 207.5983 1.5490 1.6308 4.1320 -12.7179 2.1405 46.6721 1.2176 0.1084
Car -1 -1 3.3517 370.6114 182.0318 437.5137 206.2294 1.5227 1.5933 3.9469 -13.3511 2.1326 47.0285 3.0762 0.1042
Car -1 -1 4.8829 153.8698 170.7096 216.5938 208.5367 1.4883 1.6214 3.9346 -17.8534 1.4039 30.5156 4.3571 0.1021
Car -1 -1 1.8657 366.8525 180.9274 413.7795 207.8885 1.5593 1.6593 4.1522 -13.6222 2.0867 45.0531 1.5733 0.0978
Car -1 -1 1.4509 394.4541 178.7385 430.2082 206.5443 1.6122 1.6699 4.1373 -12.3430 1.9975 45.0105 1.1844 0.0813
Car -1 -1 3.7840 204.8609 176.7218 275.4074 199.9855 1.5144 1.6405 4.0482 -24.8123 1.7805 48.5060 3.3132 0.0803
Car -1 -1 5.2564 174.5764 171.2020 271.2808 208.8480 1.5076 1.6886 4.2646 -16.5108 1.4414 31.0728 4.7713 0.0771
Car -1 -1 1.7188 504.1217 175.9289 535.3499 199.2343 1.6314 1.6811 4.1850 -6.5752 1.8670 53.1777 1.5960 0.0716
Car -1 -1 1.9620 106.6272 171.1566 173.0763 203.4973 1.6481 1.6694 3.7658 -25.1473 1.5616 38.7715 1.3896 0.0695
Car -1 -1 1.9018 369.9483 178.5382 419.4842 205.7546 1.5435 1.6454 4.0616 -12.9878 1.9052 43.8485 1.6152 0.0648
Car -1 -1 1.5143 518.8163 171.8795 543.8082 194.2745 1.6296 1.6493 4.1599 -5.9643 1.5587 54.6921 1.4058 0.0623
Car -1 -1 1.4248 250.6746 183.5067 368.5569 275.2733 1.4465 1.5789 3.5235 -5.8003 1.6776 13.7356 1.0316 0.0622
Car -1 -1 4.6875 596.4259 163.1208 620.5712 186.7248 1.6436 1.6508 3.5310 -0.1056 0.9658 52.0282 4.6852 0.0614
Car -1 -1 0.2981 240.6521 176.8387 464.2684 254.4999 1.4643 1.6370 3.9426 -5.0567 1.5496 14.5735 -0.0308 0.0592
Car -1 -1 1.6888 336.2150 183.6457 370.3790 208.0163 1.4229 1.5958 3.9192 -16.3102 2.1430 46.0626 1.3500 0.0592
Car -1 -1 1.9076 352.5424 180.8774 400.6871 206.7473 1.4731 1.6030 3.9046 -14.2324 1.9875 44.2837 1.5980 0.0581
Car -1 -1 4.4179 95.8157 177.2250 156.7931 206.5027 1.5265 1.6775 4.2241 -26.9557 1.7821 40.2032 3.8301 0.0571
Car -1 -1 1.2263 401.6379 180.1412 449.2039 206.1250 1.4767 1.6207 3.8459 -11.3180 1.9438 44.2018 0.9767 0.0567
Car -1 -1 2.0317 229.4083 176.5873 283.2803 200.8538 1.5451 1.6798 3.9123 -23.6748 1.8063 48.5108 1.5796 0.0555
Car -1 -1 0.7660 503.8939 188.3322 563.7957 215.1961 1.4859 1.6966 3.3593 -4.5872 2.4571 43.5714 0.6611 0.0512