Car -1 -1 0.7949 4.2353 185.5197 201.3548 260.8994 1.5060 1.5998 3.4677 -11.1112 1.8049 15.9084 0.1928 0.9647
Car -1 -1 -0.3176 897.3375 173.6763 1223.7224 293.1029 1.7825 1.7289 4.3039 7.2593 1.7977 12.0841 0.2117 0.9504
Car -1 -1 1.6547 1.0660 182.0955 45.0030 211.2313 1.4511 1.5260 3.7704 -31.7932 1.9784 39.1862 0.9763 0.4554
Car -1 -1 1.8353 0.0000 180.0994 38.3783 204.4852 1.5046 1.4230 3.5941 -39.1228 2.0020 47.5978 1.1499 0.2748
Car -1 -1 4.0204 47.5833 172.2778 185.7023 219.3034 1.4427 1.6161 3.8785 -16.0031 1.4251 23.4578 3.4269 0.2713
Car -1 -1 4.0567 0.0000 174.6656 47.9792 210.6461 1.5529 1.6598 4.2023 -27.8266 1.6377 32.5186 3.3529 0.1661
Car -1 -1 1.7209 118.8534 181.0124 152.1986 202.2609 1.4905 1.5380 3.7699 -35.5671 2.1264 54.2092 1.1423 0.1649
Car -1 -1 1.4233 165.3201 179.3163 200.1325 200.8126 1.4874 1.6276 4.1578 -31.5771 1.9842 53.3342 0.8907 0.1385
Car -1 -1 3.9383 114.3159 173.9912 201.4918 202.0219 1.5780 1.6979 4.4367 -26.3241 1.6465 42.0824 3.3820 0.1332
Car -1 -1 4.7699 118.0333 170.1107 155.6814 198.4339 1.5855 1.6277 3.6994 -27.7253 1.4319 42.4002 4.1935 0.1268
Car -1 -1 1.5855 0.0000 190.6300 36.1190 233.2781 1.4463 1.6272 4.3676 -23.7196 2.2036 28.5274 0.8963 0.0968
Car -1 -1 2.8812 905.9559 156.1067 1051.3480 201.4436 1.5014 1.6625 4.2190 12.7328 0.9468 25.1357 3.3452 0.0931
Car -1 -1 1.8338 0.0000 178.7888 55.1554 216.5536 1.4849 1.5630 3.8857 -25.4454 1.7581 31.1213 1.1525 0.0845
Car -1 -1 -0.6290 1006.4304 158.6229 1110.2168 188.6708 1.4474 1.6326 4.2164 22.1773 0.7619 35.7327 -0.0773 0.0828
Car -1 -1 3.4017 71.0209 173.8913 161.7182 201.0565 1.4950 1.6197 3.9950 -28.0979 1.5563 41.2380 2.8065 0.0800
Car -1 -1 3.6213 0.0000 175.3847 164.3192 225.5773 1.4737 1.6419 4.0858 -16.4140 1.5562 22.4084 2.9946 0.0787
Car -1 -1 1.6143 887.3227 180.3148 919.3553 208.2633 1.4858 1.5549 3.5321 16.8513 1.9330 41.3177 1.9986 0.0780
Car -1 -1 3.8383 0.0000 170.6401 35.7338 206.7333 1.5233 1.6957 4.1889 -27.7186 1.4299 31.3495 3.1184 0.0765
Car -1 -1 4.4823 918.8737 156.2646 979.8259 192.4492 1.5278 1.6372 3.8163 15.2186 0.8273 32.4989 4.9166 0.0756
Car -1 -1 4.5190 946.3100 155.4025 995.5718 187.7104 1.6487 1.6487 3.8539 19.4108 0.7581 38.8973 4.9788 0.0719
Car -1 -1 1.4501 1197.1951 197.0346 1242.0000 305.5503 1.4690 1.6089 3.9709 11.6489 1.9676 12.7893 2.1766 0.0711
Car -1 -1 2.0454 65.4811 175.0525 138.5016 203.9962 1.5170 1.6642 4.0201 -28.1996 1.6460 40.2387 1.4371 0.0685
Car -1 -1 5.1680 123.2023 178.6864 231.6501 227.4675 1.4933 1.6010 3.8723 -14.5567 1.7079 24.5554 4.6374 0.0664
Car -1 -1 1.6736 0.0000 181.8414 44.7181 212.4556 1.4826 1.5950 3.6427 -31.0005 1.9810 38.0558 0.9933 0.0659
Car -1 -1 1.8870 165.4466 180.2250 209.5644 202.3076 1.4940 1.5777 4.0361 -30.5741 2.0509 52.3808 1.3607 0.0654
Car -1 -1 1.5466 166.7810 178.1045 197.0389 203.7015 1.5335 1.5785 3.8982 -27.3780 1.8844 46.1489 1.0135 0.0642
Car -1 -1 4.5831 49.3536 167.4156 92.0703 194.8186 1.6193 1.6275 3.9703 -33.3548 1.2979 44.6293 3.9440 0.0631
Car -1 -1 1.4778 100.1072 179.9446 132.6706 201.5601 1.4949 1.6313 3.9653 -36.4474 2.0387 53.2914 0.8801 0.0622
Car -1 -1 0.6855 0.0000 192.2336 49.7165 232.8337 1.4515 1.6021 3.9844 -23.9435 2.2122 27.4657 -0.0268 0.0603
Car -1 -1 1.7177 222.4563 181.7256 255.8705 203.6020 1.4798 1.6006 3.9394 -26.9789 2.1533 52.6510 1.2459 0.0602
Car -1 -1 5.0910 127.8055 173.5081 190.3397 201.9906 1.5819 1.6763 4.1774 -26.3630 1.6223 42.3780 4.5371 0.0598
Car -1 -1 4.6196 1111.0271 164.0426 1218.3813 237.3016 1.5189 1.6013 3.9032 12.9577 1.3362 17.0429 5.2610 0.0582
Car -1 -1 3.1595 970.1249 158.8684 1062.7327 187.4850 1.5221 1.6427 4.4152 22.6093 0.7782 40.1988 3.6686 0.0577
Car -1 -1 1.6527 885.5737 180.5680 930.1484 214.9236 1.5216 1.6877 4.0863 14.5765 1.9210 35.1505 2.0423 0.0564
Car -1 -1 -0.6475 229.1021 190.5931 412.0685 266.6252 1.4454 1.5764 3.7021 -6.5148 1.9032 16.6333 -1.0160 0.0555
Car -1 -1 -0.0844 949.9110 153.7310 1067.6273 191.7536 1.5309 1.6410 4.2434 16.8293 0.7609 30.6541 0.4135 0.0554
Car -1 -1 2.1887 0.0000 180.6992 48.4747 219.9150 1.4960 1.5947 3.6053 -25.5266 1.8438 30.1302 1.4901 0.0553
Car -1 -1 2.1566 197.9721 181.2828 254.5064 203.6170 1.4734 1.5761 4.0254 -27.1527 2.0964 51.2524 1.6713 0.0547
Car -1 -1 1.9874 85.6796 178.2009 140.2384 201.0779 1.5181 1.6536 4.0969 -35.0590 1.9125 51.0580 1.3879 0.0543
Car -1 -1 2.2133 40.4515 177.9893 125.2979 207.6925 1.4879 1.6859 3.8754 -28.1868 1.7777 38.7698 1.5878 0.0529
Car -1 -1 3.9130 0.0000 179.9847 37.8326 217.8062 1.5053 1.6008 3.8414 -26.2542 1.8104 29.9656 3.1978 0.0524
Car -1 -1 4.9800 0.0000 169.9102 69.6901 204.5028 1.5125 1.6384 3.9739 -26.8005 1.3838 33.6972 4.3118 0.0522
Car -1 -1 1.4576 1162.3378 196.9330 1242.0000 264.6848 1.4401 1.6846 4.0768 15.8586 2.1482 19.0483 2.1435 0.0520
Car -1 -1 1.7876 843.0314 181.5382 900.4408 216.6850 1.4446 1.6319 4.0522 11.9934 1.8660 32.8673 2.1341 0.0516
Car -1 -1 4.5670 970.4834 154.8371 1039.0178 197.8072 1.4290 1.6012 3.8716 14.1890 0.8298 26.0877 5.0603 0.0516
Car -1 -1 5.0988 0.0000 202.7115 28.5734 267.2217 1.4142 1.6290 3.8061 -17.7402 2.3188 19.7950 4.3747 0.0513
Car -1 -1 1.2494 1147.2047 197.2074 1242.0000 259.1844 1.4274 1.5977 3.8575 16.7813 2.1845 20.3443 1.9313 0.0501