Car -1 -1 4.5286 687.0758 178.5424 813.3930 267.8907 1.5330 1.7010 4.4944 2.7130 1.6684 14.9208 4.7040 0.9689
Car -1 -1 0.6289 49.3841 177.0621 343.0034 281.2200 1.5166 1.5753 3.9485 -6.5464 1.5904 11.6169 0.1251 0.9282
Car -1 -1 -0.2425 772.7867 174.9386 932.2734 231.2517 1.4704 1.6748 3.8704 6.5891 1.5307 19.8874 0.0724 0.8964
Car -1 -1 0.6674 0.0000 171.6707 228.1402 288.5029 1.3943 1.5186 3.5852 -7.1694 1.3802 9.4248 0.0305 0.8959
Car -1 -1 0.7249 0.0000 177.0343 263.5507 368.0972 1.6035 1.6553 4.2910 -5.8966 1.6495 7.0184 0.0446 0.8351
Car -1 -1 0.2429 253.4187 175.7910 455.2666 246.1922 1.4809 1.5969 4.0056 -5.6035 1.5508 16.2239 -0.0852 0.7834
Car -1 -1 3.5616 91.0064 157.3535 332.5186 235.8313 1.4185 1.5041 3.8009 -7.5277 1.1383 13.9210 3.0736 0.7304
Car -1 -1 -0.1635 669.4630 169.4228 744.1880 195.4472 1.5457 1.7060 4.2702 5.8606 1.3419 43.7763 -0.0316 0.7190
Car -1 -1 3.4253 401.3017 166.3949 514.2325 202.8256 1.4147 1.5340 4.1704 -6.0434 1.1639 28.9499 3.2210 0.6184
Car -1 -1 -0.2002 704.8325 167.9628 786.1393 199.4335 1.4519 1.5593 3.5338 6.3811 1.2262 34.0970 -0.0171 0.6031
Car -1 -1 0.2420 374.8625 169.0627 492.4410 210.5595 1.4795 1.5315 3.9419 -6.4005 1.3443 26.5050 0.0070 0.5638
Car -1 -1 4.6336 631.3766 172.7550 655.2272 191.8986 1.4940 1.6126 3.9878 2.6952 1.4862 58.3283 4.6792 0.4983
Car -1 -1 0.1409 442.7388 172.8372 530.5726 205.3021 1.4660 1.5996 3.8224 -5.6427 1.4652 33.4297 -0.0254 0.4944
Car -1 -1 3.2726 451.7124 162.7255 531.6029 191.4993 1.5019 1.6004 4.0327 -6.2470 0.9732 38.5211 3.1126 0.4736
Car -1 -1 4.3156 843.8140 210.7254 1159.3273 375.0000 1.4757 1.5742 3.4653 3.7615 1.9691 7.6340 4.7566 0.4533
Car -1 -1 0.3015 299.5454 150.0965 481.1887 220.0295 1.7332 1.7485 4.1921 -5.6017 1.1692 18.7887 0.0152 0.3307
Car -1 -1 1.7102 490.5484 170.6818 534.4119 203.4251 1.4833 1.5749 3.6992 -4.5915 1.3849 34.5422 1.5786 0.3235
Car -1 -1 4.7466 665.4575 163.2702 685.1190 183.2631 1.8241 1.7069 4.0680 6.2167 0.9497 67.9576 4.8372 0.3229
Car -1 -1 -0.2004 718.2336 174.6085 841.7607 219.2394 1.4435 1.4399 3.8123 5.6425 1.5041 24.1659 0.0257 0.3094
Car -1 -1 4.8042 495.3096 163.9555 531.4646 193.6167 1.5481 1.6103 3.9151 -5.2346 1.0837 39.6461 4.6735 0.2656
Car -1 -1 4.6529 537.2583 163.9248 561.8642 186.0260 1.6494 1.6694 3.8962 -4.6788 0.9830 55.8965 4.5695 0.1917
Car -1 -1 2.5878 870.2973 207.9077 1242.0000 375.0000 1.5486 1.7122 4.1678 4.8940 1.9312 6.9365 3.1810 0.1691
Car -1 -1 4.7142 439.7667 166.1616 484.4473 206.3241 1.4162 1.5528 3.9440 -5.6134 1.1802 27.5281 4.5145 0.1624
Car -1 -1 4.4876 706.7693 168.4169 761.6651 202.6546 1.4662 1.6041 3.9989 5.6171 1.2762 32.9416 4.6546 0.1602
Car -1 -1 -0.3759 754.1483 173.3070 878.6685 217.7016 1.4463 1.4816 3.7768 6.9637 1.4622 24.4548 -0.1022 0.1575
Car -1 -1 4.5918 813.0728 165.4331 841.4470 186.7000 1.6135 1.6580 4.0432 17.1182 1.0505 56.8748 4.8825 0.1455
Car -1 -1 3.0928 454.4421 175.1506 532.1619 205.7121 1.4671 1.6029 3.7479 -5.8168 1.5854 35.9862 2.9333 0.1400
Car -1 -1 4.5197 739.5333 213.9169 985.4141 375.0000 1.4641 1.6093 3.7674 2.3631 2.0127 7.6897 4.8052 0.1357
Car -1 -1 3.1974 553.4033 217.8680 997.4352 375.0000 1.4730 1.6441 3.8817 1.5438 2.0064 7.2649 3.3963 0.1301
Car -1 -1 0.0694 499.7243 170.1665 557.5331 191.4787 1.5039 1.6124 4.0214 -5.7751 1.3143 51.8057 -0.0414 0.1274
Car -1 -1 4.6394 439.4345 159.9419 464.8918 183.0423 1.8744 1.7857 4.3741 -13.3167 0.8267 60.8976 4.4248 0.1127
Car -1 -1 4.4404 913.8887 204.2336 1236.3873 375.0000 1.5170 1.7107 4.0918 4.5961 1.9550 7.8814 4.9507 0.1124
Car -1 -1 4.5432 511.6754 168.5113 548.5275 194.7308 1.5463 1.6313 3.8984 -4.9592 1.2902 44.6507 4.4329 0.1026
Car -1 -1 -0.2766 715.4399 169.7911 805.8200 203.6214 1.4415 1.5257 3.5973 6.5848 1.3110 31.6382 -0.0737 0.1014
Car -1 -1 4.6077 524.6086 169.7278 552.9144 191.4388 1.5279 1.6602 3.9370 -5.2224 1.3079 52.8724 4.5094 0.1008
Car -1 -1 4.6705 449.3144 155.8773 477.3621 182.0755 1.7316 1.7365 3.8859 -10.1217 0.6095 49.7851 4.4708 0.0984
Car -1 -1 4.5730 525.6163 164.9490 552.7122 185.7883 1.6767 1.6950 4.1177 -5.9124 1.0407 60.2542 4.4754 0.0979
Car -1 -1 0.9952 867.3219 202.8402 1242.0000 375.0000 1.4859 1.6616 3.9289 3.7491 1.8189 6.0150 1.5294 0.0970
Car -1 -1 4.9427 224.7595 161.7414 354.8006 238.8431 1.4117 1.5958 3.9970 -6.5980 1.2082 15.3156 4.5419 0.0958
Car -1 -1 0.9325 0.0000 192.0290 16.4886 375.0000 1.4902 1.5796 3.8623 -6.0622 1.6239 4.2379 0.0018 0.0854
Car -1 -1 4.5538 700.9988 164.9883 724.6601 181.3139 1.5058 1.6108 3.9924 9.7801 0.7803 68.5598 4.6947 0.0851
Car -1 -1 1.3543 767.5475 174.9499 836.9357 223.1158 1.4500 1.4567 3.5067 6.2314 1.5239 23.6553 1.6082 0.0836
Car -1 -1 1.6869 353.4724 150.6780 440.4553 219.0648 1.6208 1.7229 4.1618 -5.5524 1.0952 19.2929 1.4099 0.0802
Car -1 -1 2.4106 989.3804 198.4516 1242.0000 375.0000 1.5216 1.6520 4.3113 5.9073 1.7747 6.3020 3.1396 0.0760
Car -1 -1 3.9081 13.7211 158.7275 111.8664 188.5051 1.4398 1.5148 3.9510 -27.1549 0.7568 35.8807 3.2638 0.0755
Car -1 -1 4.6584 877.8605 163.3982 904.1268 186.2967 1.7178 1.6817 4.0956 21.9332 1.0084 56.3350 5.0277 0.0754
Car -1 -1 3.0941 522.7992 163.2129 577.7264 183.6013 1.5159 1.6242 4.0784 -4.5171 0.7991 54.7151 3.0119 0.0752
Car -1 -1 1.3656 881.6725 168.4484 915.1377 189.7092 1.4877 1.5216 3.7266 20.9531 1.1794 52.4549 1.7435 0.0715
Car -1 -1 2.0824 506.5266 167.8271 561.1890 195.2593 1.5416 1.5752 3.7393 -4.4138 1.2591 42.5760 1.9794 0.0700
Car -1 -1 4.2955 705.0327 164.0727 747.8926 187.0442 1.6752 1.6900 4.1069 8.8291 1.0348 54.8181 4.4541 0.0692
Car -1 -1 4.3772 457.7426 157.3344 501.2729 182.0695 1.6053 1.7038 3.9466 -8.8645 0.5981 48.9635 4.1989 0.0688
Car -1 -1 3.0533 808.6990 164.3315 866.9070 184.2253 1.5007 1.5765 4.1542 17.5531 0.8578 55.6446 3.3572 0.0679
Car -1 -1 4.4582 694.6263 168.5663 746.4632 200.9941 1.4894 1.6018 3.6921 5.3300 1.2925 35.0607 4.6074 0.0670
Car -1 -1 4.8062 631.3702 172.7068 655.7023 192.1525 1.4769 1.5548 3.9224 2.7080 1.4657 56.8508 4.8532 0.0655
Car -1 -1 3.2580 694.7175 164.5122 741.0040 180.6167 1.4927 1.6321 4.1665 10.2458 0.7195 68.2086 3.4063 0.0647
Car -1 -1 4.5960 495.1377 170.6577 533.9695 201.0734 1.4881 1.5633 3.7544 -4.9569 1.3807 37.3135 4.4644 0.0646
Car -1 -1 4.1717 706.7526 163.9572 755.7421 186.0876 1.5480 1.6258 4.1342 8.8312 0.9257 52.6906 4.3366 0.0639
Car -1 -1 4.5339 759.6915 171.8428 826.6477 217.4218 1.4643 1.5985 3.7227 6.2960 1.4318 25.0896 4.7765 0.0626
Car -1 -1 4.3218 785.9909 165.1229 828.7149 185.6491 1.4587 1.5974 4.1102 14.5852 0.9093 53.4154 4.5867 0.0620
Car -1 -1 4.4798 400.9802 172.4491 492.5338 230.8388 1.4569 1.6125 3.9812 -4.6363 1.4468 20.1456 4.2559 0.0619
Car -1 -1 2.9872 674.7214 170.9528 768.0966 204.7067 1.4412 1.5784 3.8413 4.8485 1.3600 31.6040 3.1376 0.0618
Car -1 -1 4.4379 447.4746 162.6044 481.7041 183.2258 1.6464 1.7402 4.0870 -12.0530 0.8281 59.8216 4.2398 0.0597
Car -1 -1 3.6703 151.2991 155.4778 258.2953 188.1218 1.5517 1.6561 4.3046 -19.6733 0.7258 35.1732 3.1635 0.0589
Car -1 -1 3.4813 484.7082 170.3562 552.8621 195.5183 1.4769 1.6026 3.7607 -5.4590 1.3303 43.5349 3.3569 0.0582
Car -1 -1 2.9852 682.7620 173.8575 763.5253 203.2775 1.5593 1.6672 4.1155 6.1151 1.6149 39.1400 3.1385 0.0579
Car -1 -1 -0.6544 766.1453 211.4901 1200.8823 375.0000 1.4677 1.6331 4.1788 4.0269 1.9609 7.9887 -0.2039 0.0572
Car -1 -1 -0.0513 523.7531 168.8594 579.3492 190.1261 1.4978 1.6426 3.9059 -4.1932 1.2165 51.8898 -0.1318 0.0571
Car -1 -1 4.4152 740.4055 165.1816 790.7319 195.4609 1.5212 1.5886 3.6565 8.1855 1.1358 38.1404 4.6247 0.0570
Car -1 -1 0.3487 152.9270 164.6636 233.7177 193.5810 1.6070 1.6244 3.6610 -23.7098 1.1518 41.2082 -0.1707 0.0566
Car -1 -1 4.4381 899.8623 186.9662 1056.8435 286.5660 1.5000 1.5623 3.7913 6.6501 1.8020 13.4370 4.8880 0.0557
Car -1 -1 4.4827 518.0720 165.0670 552.2172 187.1297 1.6446 1.7196 4.2284 -5.8226 1.0641 56.0630 4.3794 0.0557
Car -1 -1 -0.8210 947.9774 201.4046 1242.0000 375.0000 1.5081 1.6585 4.3877 6.0284 1.8510 7.4890 -0.1634 0.0554