Car -1 -1 5.1303 175.0792 183.8975 315.5195 256.8932 1.4490 1.5493 3.2773 -7.8589 1.4228 15.9335 4.6785 0.9584
Car -1 -1 4.6902 575.9088 179.7625 617.3329 217.8072 1.5237 1.6612 3.5701 -0.4919 1.3053 30.6068 4.6738 0.9084
Car -1 -1 5.4625 0.0000 192.5556 144.4170 338.1072 1.4672 1.4963 3.4739 -7.8598 1.5793 9.2026 4.7699 0.8019
Car -1 -1 1.7374 432.2091 189.9691 510.4261 246.1780 1.4298 1.5832 3.6146 -3.7592 1.5768 20.4117 1.5571 0.5297
Car -1 -1 5.1518 183.2318 184.6932 282.2714 232.9496 1.4669 1.5404 3.4544 -12.1738 1.4510 23.6030 4.6799 0.3668
Car -1 -1 1.7495 539.7145 178.0133 564.0114 194.6791 1.5312 1.5964 4.0758 -5.2129 0.8695 68.1542 1.6730 0.3158
Car -1 -1 4.8401 448.8582 175.4522 495.6341 211.8754 1.4534 1.5081 3.4689 -5.6599 1.0638 30.4572 4.6577 0.2474
Car -1 -1 1.5088 551.7741 177.0091 573.6374 194.8166 1.4089 1.5491 3.8677 -3.6723 0.7596 58.8916 1.4465 0.1721
Car -1 -1 4.7395 606.6138 174.4699 626.4556 192.3295 1.4768 1.5897 3.9359 0.8251 0.5882 61.4382 4.7525 0.1641
Car -1 -1 1.7283 484.3377 191.3775 557.7081 248.3580 1.4486 1.5203 3.5413 -2.3648 1.6394 20.4666 1.6143 0.1602
Car -1 -1 3.8556 0.0000 180.1008 123.3715 234.3616 1.5149 1.5817 3.9094 -16.5640 1.3721 20.9602 3.1929 0.1414
Car -1 -1 2.0810 78.9449 183.7646 135.4798 206.5453 1.5292 1.5536 3.8496 -34.8675 1.4318 50.2438 1.4765 0.1305
Car -1 -1 4.7071 552.8681 167.8440 582.1291 196.3923 1.5721 1.6109 3.8707 -2.3047 0.6155 41.5657 4.6518 0.1277
Car -1 -1 1.5377 115.6684 208.8407 191.5258 272.4383 1.4451 1.6365 3.8935 -12.6283 2.1687 19.9453 0.9788 0.1213
Car -1 -1 2.2145 0.0000 177.8801 96.5139 240.2686 1.5735 1.6504 3.9707 -16.4939 1.3885 20.1438 1.5347 0.1007
Car -1 -1 0.0543 445.3909 165.1864 545.7902 200.3980 1.4922 1.6706 4.2395 -4.8276 0.6434 31.4994 -0.0967 0.0978
Car -1 -1 1.6616 518.1397 187.6677 556.7998 219.0581 1.4612 1.5791 3.5711 -3.3980 1.5885 35.5299 1.5665 0.0905
Car -1 -1 2.2874 0.0000 185.3945 133.2980 248.1996 1.5882 1.6173 3.9645 -15.5400 1.5938 20.2227 1.6384 0.0850
Car -1 -1 0.4746 409.9524 173.4815 517.2302 211.4420 1.4881 1.6132 4.0274 -5.8788 1.0281 29.5109 0.2794 0.0827
Car -1 -1 3.0775 484.4132 184.7371 561.7891 216.4828 1.4877 1.6082 3.6250 -4.0965 1.4653 34.8047 2.9608 0.0795
Car -1 -1 1.6965 443.4515 189.0429 517.1221 243.3026 1.4857 1.6963 4.1734 -3.7934 1.6147 22.1035 1.5280 0.0774
Car -1 -1 1.8879 427.5726 176.6127 501.7331 216.5228 1.4857 1.6746 4.2455 -5.6415 1.1654 28.9713 1.6969 0.0749
Car -1 -1 1.8527 131.5801 181.4799 177.3257 204.5444 1.5122 1.5703 4.0832 -30.9857 1.2672 49.3088 1.2938 0.0747
Car -1 -1 4.9030 298.2885 172.8072 373.6458 224.8955 1.5102 1.5608 3.5460 -8.4730 1.1504 22.7173 4.5497 0.0723
Car -1 -1 1.8615 275.6951 191.4832 342.5773 227.7979 1.4870 1.6485 4.1121 -13.2918 1.7871 32.2959 1.4736 0.0709
Car -1 -1 1.4216 497.1115 192.4940 565.1989 243.0992 1.5079 1.7097 3.8267 -2.6247 1.7726 24.0823 1.3137 0.0691
Car -1 -1 2.3944 206.3817 174.7390 302.9553 209.2531 1.4913 1.5867 3.9779 -16.1775 1.0386 33.2027 1.9440 0.0660
Car -1 -1 1.8296 600.5057 173.7247 632.0496 192.5695 1.5189 1.6306 4.1523 0.7994 0.5927 60.1596 1.8424 0.0652
Car -1 -1 1.9514 535.4859 175.7322 575.7314 195.5721 1.4863 1.6473 4.3168 -3.9795 0.7759 56.1608 1.8807 0.0599
Car -1 -1 -0.2689 539.6760 191.1445 631.0721 222.5486 1.4775 1.7324 4.2447 -1.1001 1.7850 35.8252 -0.2999 0.0586
Car -1 -1 2.0199 147.5896 188.8497 264.7243 241.6898 1.4493 1.5789 3.8511 -12.0848 1.5702 21.9486 1.5215 0.0583
Car -1 -1 1.9114 101.5841 193.8032 214.7529 248.4369 1.4527 1.6377 4.0436 -13.5329 1.7404 21.9358 1.3637 0.0561
Car -1 -1 1.7860 548.6047 176.4089 580.0216 195.8410 1.4877 1.6087 4.3356 -3.3740 0.8135 57.3028 1.7271 0.0553
Car -1 -1 1.9185 251.9969 197.3983 324.8468 234.7077 1.4156 1.6704 3.5922 -13.3542 1.9608 30.3259 1.5065 0.0551
Car -1 -1 2.1683 563.8821 178.0455 607.5208 196.2254 1.4084 1.5591 3.9379 -1.6894 0.8529 57.7670 2.1388 0.0539
Car -1 -1 3.7201 422.7120 173.3946 522.5762 210.2489 1.5021 1.5935 3.9838 -5.7670 1.0203 30.8001 3.5363 0.0534
Car -1 -1 1.6538 537.0049 174.8010 559.0391 192.9918 1.5897 1.6538 3.9811 -5.3044 0.6796 64.8130 1.5721 0.0516
Car -1 -1 1.9963 0.0000 183.6423 115.9914 239.2982 1.4949 1.6069 4.0635 -16.4778 1.4526 21.4673 1.3475 0.0516
Car -1 -1 1.8038 337.7804 150.6325 486.1245 255.2528 1.7607 1.7958 4.4771 -3.6647 1.1787 14.3477 1.5581 0.0508
Car -1 -1 -1.1457 626.7075 175.5680 664.2155 194.4998 1.5277 1.6396 3.9779 3.2383 0.7492 60.1495 -1.0926 0.0505
Car -1 -1 4.7234 535.4318 167.7253 565.0427 195.9217 1.5509 1.6260 4.0259 -3.2713 0.5889 41.6033 4.6451 0.0503
Car -1 -1 1.6486 536.3220 176.8835 557.3926 194.0389 1.5429 1.6233 4.2508 -5.5738 0.7935 66.7796 1.5653 0.0501