Car -1 -1 2.9542 162.0318 164.5043 384.0262 238.2786 1.5331 1.6874 4.5081 -7.8268 1.3595 16.9815 2.5280 0.9423
Car -1 -1 -1.0916 963.0596 160.2399 1165.7482 252.3137 1.4915 1.6187 3.8178 8.4619 1.2872 13.3607 -0.5373 0.9290
Car -1 -1 2.5317 843.3325 148.3985 1001.0203 208.3213 1.7661 1.7210 4.3237 9.7285 1.0453 22.5539 2.9339 0.7159
Car -1 -1 2.2535 1180.3903 158.3668 1242.0000 202.6132 1.4482 1.5828 3.7663 21.9068 0.9740 24.7120 2.9728 0.5850
Car -1 -1 -0.4675 834.1259 149.0738 914.8217 175.6490 1.5355 1.6469 4.1983 15.6659 0.1615 42.7553 -0.1185 0.2053
Car -1 -1 -0.6843 972.8521 147.9324 1050.3632 174.2887 1.5798 1.6499 4.0389 24.7276 0.0860 44.4210 -0.1791 0.2037
Car -1 -1 2.3744 1085.0842 171.4237 1177.9902 203.1745 1.4829 1.5245 3.5702 25.0798 1.4161 34.7122 2.9957 0.1713
Car -1 -1 -0.9568 1166.1218 149.0251 1242.0000 174.9081 1.6496 1.7176 4.3744 39.0858 0.1309 47.3979 -0.2702 0.1490
Car -1 -1 4.8866 149.1256 185.1755 210.3580 224.5739 1.4533 1.5322 3.7634 -17.7348 1.9988 29.9161 4.3551 0.1192
Car -1 -1 3.0104 1131.5343 180.1776 1242.0000 221.6799 1.4841 1.5962 3.7691 22.6875 1.7856 28.0444 3.6850 0.1176
Car -1 -1 4.7216 840.0152 183.0443 888.5407 227.9523 1.4806 1.5823 3.6168 9.4095 1.8848 26.6521 5.0568 0.1163
Car -1 -1 1.6864 351.4330 177.8021 398.7914 212.8613 1.4873 1.6085 4.0792 -10.7740 1.7310 33.3759 1.3762 0.1082
Car -1 -1 1.1543 1147.8751 157.4439 1242.0000 200.9556 1.4227 1.5836 4.0490 21.0633 0.9189 25.7534 1.8342 0.1015
Car -1 -1 4.4918 1120.1278 176.8335 1193.5784 217.1824 1.5138 1.5847 3.7591 22.2812 1.6878 29.5117 5.1332 0.1003
Car -1 -1 4.4260 823.2452 176.5619 875.9180 206.3628 1.4453 1.5688 3.7895 12.3672 1.6473 37.3878 4.7426 0.0956
Car -1 -1 -0.8383 1042.8949 149.5838 1120.0360 176.0465 1.6198 1.6637 4.2504 29.7585 0.1954 45.5209 -0.2622 0.0903
Car -1 -1 4.3778 835.1317 146.8764 887.8119 174.9945 1.6231 1.7085 4.2354 15.2045 0.1236 43.7704 4.7101 0.0898
Car -1 -1 1.8246 334.2703 182.3804 419.7528 236.5072 1.5026 1.5898 3.9970 -7.2223 1.8303 22.7832 1.5205 0.0861
Car -1 -1 1.6133 102.8915 199.0853 179.1070 257.4479 1.3994 1.6859 3.7553 -13.6513 2.2441 21.1882 1.0464 0.0840
Car -1 -1 4.0883 1128.3066 179.7640 1242.0000 220.9300 1.4807 1.5973 3.7932 22.6165 1.7724 28.5279 4.7532 0.0745
Car -1 -1 0.9267 1127.8160 170.5670 1242.0000 213.6529 1.5066 1.6015 3.7692 21.6124 1.4266 27.1329 1.5937 0.0712
Car -1 -1 4.3124 823.4080 148.3672 878.1346 177.2034 1.6422 1.6877 3.9480 14.3455 0.2477 43.1273 4.6315 0.0664
Car -1 -1 3.4706 154.6696 184.5051 259.6072 217.6948 1.4772 1.6119 4.0200 -18.9131 2.0456 34.0600 2.9667 0.0663
Car -1 -1 1.2454 1150.5023 172.0339 1241.5739 213.0750 1.5310 1.6050 4.0752 23.5198 1.5004 29.1061 1.9198 0.0643
Car -1 -1 2.3957 1093.3999 167.5394 1181.8412 194.9107 1.4746 1.5475 3.9490 29.1488 1.1883 39.8735 3.0232 0.0621
Car -1 -1 3.8954 1088.0138 163.4170 1242.0000 212.9214 1.4637 1.6041 3.9088 17.8256 1.1847 23.3973 4.5402 0.0621
Car -1 -1 4.0285 1066.7755 169.0086 1146.8491 195.8148 1.4436 1.6120 3.9174 28.0661 1.2365 40.8768 4.6266 0.0621
Car -1 -1 4.0978 1158.2090 151.8314 1227.9667 178.3652 1.7013 1.7084 3.8525 38.9170 0.3534 48.2392 4.7737 0.0620
Car -1 -1 -0.1678 1166.6840 175.5247 1242.0000 217.8141 1.4887 1.6407 4.0791 23.8180 1.5966 27.3778 0.5425 0.0614
Car -1 -1 2.1931 1125.2570 164.2361 1242.0000 214.8436 1.4718 1.5849 3.9076 18.1841 1.2212 22.2702 2.8711 0.0610
Car -1 -1 -0.4322 837.7692 173.8014 926.3882 204.2194 1.4801 1.6261 3.8212 13.6024 1.5288 36.1231 -0.0751 0.0600
Car -1 -1 2.5651 808.3721 179.0740 895.8148 209.4456 1.4458 1.6179 3.9040 12.1326 1.7684 36.1465 2.8860 0.0585
Car -1 -1 1.4471 831.1222 184.4769 894.8166 231.3797 1.4537 1.6299 3.8325 8.8372 1.8961 25.4189 1.7774 0.0557
Car -1 -1 4.6091 1027.2550 147.4179 1071.1351 177.9302 1.5729 1.6442 3.7530 23.8486 0.2617 39.2429 5.1519 0.0547
Car -1 -1 3.4203 80.1935 184.6545 202.0187 224.6408 1.4714 1.5900 3.7568 -18.4694 1.9606 28.6166 2.8512 0.0538
Car -1 -1 2.6661 1198.3573 159.3863 1242.0000 206.9653 1.4719 1.6334 4.1746 22.2050 1.0553 23.6686 3.4132 0.0533
Car -1 -1 -1.1227 1211.2788 158.4338 1242.0000 211.8230 1.5105 1.6307 3.9484 20.4227 1.1025 21.9013 -0.3790 0.0532
Car -1 -1 1.0969 844.4859 173.1255 915.2114 206.5603 1.4918 1.6166 3.6876 12.7089 1.5054 34.1531 1.4499 0.0526
Car -1 -1 1.0636 1187.1990 158.9188 1242.0000 205.5568 1.4538 1.5855 3.7738 21.6086 1.0194 24.5026 1.7803 0.0522
Car -1 -1 1.4086 310.0289 185.1149 386.6513 239.0998 1.4758 1.6557 4.0355 -8.3531 1.9013 22.8737 1.0617 0.0518
Car -1 -1 3.2862 148.7535 186.7989 260.3694 225.6882 1.4386 1.5521 3.7300 -16.2087 2.0271 29.0679 2.7811 0.0504
Car -1 -1 0.3485 125.4130 190.1990 237.2955 226.7440 1.4742 1.5864 3.8644 -18.4921 2.2539 31.3073 -0.1816 0.0503