Car -1 -1 2.3256 156.8328 181.6197 261.9472 216.6839 1.4463 1.6057 4.4660 -18.3295 1.8797 33.3067 1.8257 0.8248
Car -1 -1 2.7654 294.1813 178.9453 369.6884 202.4065 1.4822 1.6568 4.4704 -18.7316 1.9121 48.8051 2.4004 0.5683
Car -1 -1 2.5932 346.7853 177.8032 421.0563 204.5575 1.5069 1.6287 4.0036 -13.5337 1.8189 43.4361 2.2926 0.5135
Car -1 -1 4.5793 871.9395 166.3104 896.8676 183.3484 1.5338 1.6464 3.9633 25.5125 0.9448 67.0729 4.9412 0.4640
Car -1 -1 4.8077 140.3668 179.1432 175.7001 205.8123 1.6517 1.6251 3.6664 -29.7598 2.0843 47.6345 4.2516 0.3768
Car -1 -1 4.4743 508.4101 175.6190 541.6406 197.2606 1.5713 1.6333 3.9441 -6.4875 1.7905 55.0666 4.3573 0.3278
Car -1 -1 5.1929 745.1039 168.4161 781.2768 186.0215 1.6155 1.7219 3.9441 14.5622 1.2083 68.2775 5.4019 0.3163
Car -1 -1 1.4836 810.4935 169.1147 833.2722 187.4701 1.6542 1.6738 4.1419 19.7459 1.3172 67.2201 1.7679 0.2852
Car -1 -1 4.3025 827.3713 168.5458 862.0967 186.2135 1.6235 1.6762 3.9756 22.2357 1.2276 68.3614 4.6154 0.2787
Car -1 -1 4.6418 1015.1675 165.2472 1039.8456 183.0440 1.5852 1.6937 3.7520 38.3848 0.9077 66.3277 5.1644 0.2257
Car -1 -1 1.2047 333.3918 177.1417 385.5368 203.9784 1.5187 1.6239 4.0855 -15.1447 1.7901 43.5847 0.8719 0.1927
Car -1 -1 1.4239 928.1105 168.4118 960.1471 188.7810 1.5081 1.6387 4.1586 25.7528 1.1792 55.6455 1.8551 0.1830
Car -1 -1 4.4132 879.9449 163.1448 925.1945 187.0992 1.5827 1.7203 4.2078 20.1724 0.9412 49.8419 4.7955 0.1817
Car -1 -1 4.7226 476.8330 178.1203 498.9287 199.1999 1.5048 1.5891 3.7578 -9.1639 1.9168 54.4765 4.5563 0.1748
Car -1 -1 4.8050 488.8046 167.6553 512.4615 186.9397 1.5747 1.6128 3.9599 -9.1664 1.1502 60.9387 4.6561 0.1733
Car -1 -1 1.7702 178.0652 178.0525 213.6919 197.5630 1.4661 1.6536 4.2486 -33.0298 1.8983 57.7083 1.2521 0.1527
Car -1 -1 -0.4402 936.9177 168.8448 1002.6369 188.4023 1.4578 1.6244 4.1576 27.2382 1.1590 54.6376 0.0199 0.1390
Car -1 -1 4.5369 952.7124 153.0364 984.4344 177.0678 2.1217 1.8020 4.7028 32.8898 0.3720 66.2120 4.9961 0.1187
Car -1 -1 1.8391 339.1634 178.2294 385.9329 205.4397 1.5087 1.6425 3.8850 -14.5803 1.8422 42.7781 1.5122 0.1169
Car -1 -1 4.8273 138.3304 183.5415 199.2845 225.7647 1.4822 1.6061 3.7569 -17.2652 1.9332 28.4054 4.2850 0.1083
Car -1 -1 4.6679 1024.6516 131.6699 1106.5312 196.4272 1.4975 1.5860 3.8797 11.7425 0.5451 18.7659 5.2202 0.0985
Car -1 -1 1.7186 372.8116 175.8859 410.9986 201.9799 1.5147 1.6656 4.0610 -13.3688 1.7106 44.5051 1.4282 0.0979
Car -1 -1 4.0112 1101.3407 149.1775 1229.9325 196.3596 1.5891 1.7036 3.6881 20.0236 0.7917 26.1892 4.6585 0.0971
Car -1 -1 1.2388 960.7616 167.7420 1002.3332 188.0392 1.5046 1.6132 4.0224 28.5984 1.1256 55.5892 1.7116 0.0958
Car -1 -1 -0.7020 1106.1145 145.3400 1242.0000 187.9356 1.5290 1.6588 3.9229 20.9606 0.5414 26.8145 -0.0437 0.0941
Car -1 -1 4.5777 747.7245 169.3821 770.0309 186.2546 1.5417 1.6003 3.4142 13.9802 1.2245 67.6867 4.7802 0.0907
Car -1 -1 4.4585 93.9200 184.7152 173.9062 227.6936 1.4630 1.6099 3.9998 -18.2173 1.9481 27.5720 3.8788 0.0867
Car -1 -1 3.0453 482.6136 175.2387 540.5862 196.7081 1.5506 1.6707 4.1326 -7.3021 1.7323 53.6844 2.9104 0.0867
Car -1 -1 4.6943 875.7851 165.1384 896.3713 184.2017 1.6508 1.6389 4.3620 24.8051 0.9827 64.8121 5.0582 0.0831
Car -1 -1 -0.4035 956.6042 157.4700 1018.0246 177.4466 1.7531 1.7580 4.5282 33.6560 0.4030 64.3706 0.0763 0.0817
Car -1 -1 4.3319 1087.5635 144.6313 1182.9758 187.7924 1.5368 1.6360 3.8300 20.0797 0.5319 27.7459 4.9534 0.0748
Car -1 -1 0.6557 451.6652 178.7217 504.5567 199.5614 1.4794 1.5490 3.6874 -9.7737 1.9279 53.6177 0.4759 0.0733
Car -1 -1 4.3060 931.6949 155.0731 973.2304 178.2599 2.0602 1.8225 4.4735 31.4805 0.4803 66.3785 4.7470 0.0679
Car -1 -1 2.7345 506.8339 176.2577 564.2575 197.0779 1.4981 1.5954 3.9789 -5.5416 1.7613 54.1298 2.6326 0.0678
Car -1 -1 1.9275 98.9021 180.0735 196.6885 226.5348 1.5241 1.6446 4.1962 -16.8602 1.8123 26.5804 1.3665 0.0666
Car -1 -1 1.1207 945.3668 168.0081 991.6101 188.0159 1.4935 1.6210 3.9918 27.7239 1.1317 55.8610 1.5791 0.0666
Car -1 -1 1.7645 245.2680 180.9915 273.6869 197.7206 1.4687 1.5898 4.3562 -32.8981 2.2604 67.8985 1.3146 0.0664
Car -1 -1 2.5157 155.2803 194.0670 255.1011 227.1931 1.4820 1.6988 4.3653 -20.9656 2.6564 37.6094 2.0099 0.0661
Car -1 -1 -0.4524 810.6244 168.4407 864.1378 186.5657 1.6487 1.7288 4.4143 21.0762 1.2472 66.8130 -0.1483 0.0661
Car -1 -1 3.0931 1080.1481 149.8709 1212.2352 195.1914 1.5715 1.6627 3.8364 19.7526 0.7746 26.7686 3.7235 0.0645
Car -1 -1 4.5761 866.5581 166.3542 891.8980 184.1412 1.5261 1.6041 3.7179 23.8461 0.9684 63.8973 4.9316 0.0628
Car -1 -1 2.1575 153.7038 180.3605 204.7735 203.3898 1.6314 1.5034 3.6800 -32.2684 2.2149 54.2127 1.6225 0.0623
Car -1 -1 4.4085 884.1595 164.8611 925.3202 187.7100 1.4801 1.5740 3.5172 19.8124 0.9623 48.5561 4.7936 0.0590
Car -1 -1 1.4594 807.2722 168.7823 830.2440 186.0218 1.5298 1.5727 4.0754 19.1502 1.1685 66.1676 1.7397 0.0561
Car -1 -1 5.1445 167.6589 183.3414 256.4408 224.3969 1.4779 1.6188 3.9054 -15.8517 1.9284 28.9966 4.6478 0.0539
Car -1 -1 4.4540 143.1501 180.2887 185.8415 202.2157 1.5676 1.7280 4.3551 -34.0466 2.1578 55.1544 3.9029 0.0536
Car -1 -1 2.4687 920.6736 168.3272 981.7231 188.3252 1.4738 1.5775 4.0678 25.7512 1.1402 54.4129 2.9084 0.0530
Car -1 -1 4.9996 526.1342 175.5615 561.1992 196.6504 1.5403 1.6270 3.9339 -5.0092 1.7557 55.3229 4.9093 0.0515
Car -1 -1 1.3131 926.0207 168.3142 964.6288 188.7588 1.4715 1.5807 4.2669 25.1484 1.1447 54.1709 1.7454 0.0512
Car -1 -1 1.3482 1104.4034 152.2163 1192.5750 203.3589 1.6682 1.6649 3.8813 19.0278 0.9951 25.6478 1.9808 0.0510
Car -1 -1 4.6923 1016.3012 163.1457 1038.5182 181.4521 1.5955 1.6430 4.0185 37.6329 0.7494 65.0413 5.2148 0.0510
Car -1 -1 -1.1769 1025.2308 165.1969 1064.0267 183.2783 1.5988 1.6575 3.9004 39.5826 0.9217 65.6235 -0.6362 0.0505
Car -1 -1 1.5713 870.7540 165.1882 892.3129 185.8653 1.7214 1.6878 4.2207 23.4914 1.0832 62.3415 1.9299 0.0502