Car -1 -1 2.1006 0.0000 203.5946 446.5172 375.0000 1.4637 1.6863 4.0092 -2.7359 1.7922 5.6362 1.6658 0.9614
Car -1 -1 4.4170 796.6671 187.4420 1123.6945 375.0000 1.5036 1.5623 3.0891 2.6806 1.6628 6.2666 4.8029 0.9320
Car -1 -1 1.7967 637.0318 177.4958 674.4692 201.2777 1.5446 1.7010 4.1488 3.2439 1.8804 49.9649 1.8607 0.7484
Car -1 -1 0.9054 1022.5960 204.1825 1242.0000 375.0000 1.4297 1.5922 3.4612 5.5624 1.7926 6.6197 1.5814 0.1547
Car -1 -1 4.3495 990.1833 181.9305 1163.4685 269.2209 1.4457 1.5789 3.8381 9.0853 1.6525 14.4063 4.9023 0.1391
Car -1 -1 -0.1336 878.5209 177.3956 1136.5505 264.4991 1.4842 1.6259 4.1544 7.4136 1.5810 13.9175 0.3464 0.1161
Car -1 -1 1.9338 622.1479 175.7728 668.8787 203.1268 1.6991 1.6912 4.2113 2.4219 1.9007 47.5703 1.9838 0.1112
Car -1 -1 1.5947 633.9586 176.3978 660.2151 201.2030 1.5798 1.6710 4.2040 2.5714 1.8297 48.7290 1.6466 0.0937
Car -1 -1 -0.5382 1047.0245 173.2024 1242.0000 357.0667 1.5075 1.6447 4.2062 6.9855 1.5116 7.1697 0.2133 0.0879
Car -1 -1 2.1059 633.0866 174.7679 673.2381 194.5493 1.6562 1.6986 3.9927 3.8369 1.8288 62.9508 2.1661 0.0795
Car -1 -1 2.1450 0.0000 199.6692 188.2272 375.0000 1.4315 1.5044 3.3152 -5.8761 1.7668 7.3065 1.4851 0.0776
Car -1 -1 1.1335 995.7880 184.3872 1242.0000 363.0703 1.4577 1.5870 3.6135 5.8098 1.6170 8.0485 1.7407 0.0749
Car -1 -1 4.1493 594.7350 178.1704 635.2504 196.4363 1.4972 1.6670 3.9260 0.4360 1.9730 62.4745 4.1558 0.0607
Car -1 -1 4.3145 1021.1168 167.2664 1112.5444 215.3686 1.5145 1.5710 2.9234 15.2912 1.3386 24.2849 4.8706 0.0582
Car -1 -1 0.9891 1071.0920 184.9778 1242.0000 375.0000 1.5364 1.6139 4.0125 5.2758 1.6626 5.4040 1.7347 0.0549
Car -1 -1 1.7695 627.5287 176.3937 665.7798 202.6893 1.5629 1.6579 3.9931 2.3902 1.7971 45.6013 1.8211 0.0532
Car -1 -1 2.9104 619.2002 177.4765 683.8945 200.5924 1.5418 1.7141 4.1764 2.8772 1.8687 49.8144 2.9673 0.0513