Car -1 -1 2.1466 0.0000 193.8331 275.4077 375.0000 1.5987 1.6204 3.9714 -4.9776 1.8628 7.0824 1.5510 0.9759
Car -1 -1 1.8059 393.5729 184.1258 478.1843 240.4876 1.5498 1.6682 4.0235 -5.3375 1.9353 22.6628 1.5766 0.8685
Car -1 -1 4.2020 858.9849 211.1640 1242.0000 375.0000 1.4294 1.5522 3.6247 2.4561 1.7085 3.3918 4.7870 0.7456
Car -1 -1 1.7480 496.6523 180.8981 538.7354 209.1973 1.4966 1.6661 4.3132 -5.2354 1.9849 41.6034 1.6231 0.7013
Car -1 -1 4.7219 641.1498 176.8373 669.3603 202.4989 1.4654 1.6348 3.9771 2.7957 1.7189 43.8795 4.7846 0.6012
Car -1 -1 3.0902 635.1480 177.4007 701.3462 203.4228 1.5000 1.6547 3.8290 3.4391 1.7751 42.7787 3.1694 0.2555
Car -1 -1 1.6407 706.1998 161.4839 727.8460 179.7130 1.5892 1.6577 3.9732 9.7106 0.5980 65.0223 1.7881 0.2256
Car -1 -1 4.7923 161.6089 179.9905 251.2847 251.4825 1.5263 1.6189 3.2564 -9.7109 1.7182 17.5838 4.2938 0.1992
Car -1 -1 1.6108 694.4348 164.0701 725.9749 192.6702 1.5884 1.6683 4.0513 5.9287 1.1006 42.2142 1.7490 0.1731
Car -1 -1 4.6313 840.0760 177.3164 879.0956 208.6023 1.4794 1.5732 3.5316 12.6195 1.7173 36.5667 4.9606 0.1593
Car -1 -1 1.6869 442.8479 176.9622 477.7715 204.1099 1.5570 1.6166 4.1449 -9.0832 1.8206 44.1618 1.4848 0.1555
Car -1 -1 4.9907 620.1957 173.9792 653.9026 195.4060 1.5757 1.5923 3.8313 2.1454 1.6653 55.3474 5.0288 0.1536
Car -1 -1 3.6070 665.0644 157.0707 729.5257 181.5100 1.6767 1.7116 4.2396 6.2280 0.5939 51.3873 3.7268 0.1392
Car -1 -1 1.6737 490.3071 179.4829 528.1924 211.0446 1.6227 1.6550 4.2230 -5.5231 2.0110 40.1320 1.5373 0.1389
Car -1 -1 1.3909 841.7166 177.5739 890.5421 210.9301 1.4978 1.5501 3.8503 12.3753 1.7400 34.9948 1.7276 0.1257
Car -1 -1 1.5319 871.7347 159.8017 915.6022 195.8875 1.4974 1.6372 4.2417 12.6150 0.9558 32.2131 1.9019 0.1148
Car -1 -1 3.4313 94.8105 188.4618 275.9402 260.8110 1.4676 1.5895 3.1902 -9.4175 1.8439 16.2616 2.9131 0.1143
Car -1 -1 4.8932 646.7805 168.8234 678.1033 192.1609 1.6704 1.6461 3.9388 3.9768 1.3819 53.7567 4.9663 0.1120
Car -1 -1 1.5100 699.3105 173.2153 732.9330 200.7643 1.4547 1.6085 3.8733 5.8829 1.4758 40.1486 1.6540 0.1038
Car -1 -1 1.7124 691.7019 172.7229 736.5062 208.2018 1.5808 1.5984 3.6590 4.9926 1.5750 34.1295 1.8559 0.1028
Car -1 -1 -0.5458 451.8127 169.8508 632.2181 238.6276 1.4406 1.5655 3.9739 -1.5157 1.3777 16.9219 -0.6344 0.1027
Car -1 -1 3.1309 692.6331 173.1366 771.1082 206.3390 1.5456 1.6341 3.6341 5.8551 1.5597 34.6948 3.2962 0.0954
Car -1 -1 3.0994 698.3948 161.1642 744.5084 178.8160 1.5479 1.6566 3.9935 9.9403 0.5228 64.3152 3.2519 0.0951
Car -1 -1 1.7218 515.6721 172.3418 541.2318 192.3971 1.6528 1.5930 3.8912 -6.8723 1.6105 61.4375 1.6105 0.0943
Car -1 -1 4.9900 694.9761 168.0884 747.3890 200.5667 1.5246 1.5940 3.8233 5.6111 1.3009 35.9405 5.1433 0.0905
Car -1 -1 3.7545 688.9244 161.4896 737.4879 179.8543 1.5801 1.6883 4.0300 9.1784 0.6023 64.0744 3.8960 0.0890
Car -1 -1 -0.8161 1112.8823 150.9895 1242.0000 281.7337 1.4223 1.5971 3.8977 8.5794 1.1844 8.7591 -0.0579 0.0851
Car -1 -1 1.5198 702.4799 164.6958 733.8284 193.2628 1.6323 1.6497 3.9853 6.4708 1.1662 43.2917 1.6668 0.0821
Car -1 -1 5.3014 169.1401 174.4008 293.5674 235.8053 1.4705 1.5427 2.8485 -9.7712 1.5142 18.8594 4.8289 0.0739
Car -1 -1 0.8857 623.2318 168.0815 674.0969 190.0592 1.5544 1.6185 3.9216 2.8386 1.2169 53.0931 0.9385 0.0734
Car -1 -1 1.4343 838.1830 171.6700 895.4401 214.1021 1.5733 1.6243 3.8279 10.1842 1.5294 28.7911 1.7706 0.0724
Car -1 -1 1.8343 673.8502 170.5816 719.7343 199.5006 1.5522 1.6153 3.9140 4.9862 1.4302 40.8452 1.9545 0.0722
Car -1 -1 -0.4790 691.0054 163.2490 767.2883 190.4878 1.5389 1.6706 4.0922 6.9851 0.9963 42.1953 -0.3163 0.0704
Car -1 -1 1.6024 497.2347 174.5584 536.4609 210.2615 1.4502 1.5684 3.8234 -3.9903 1.5292 31.4730 1.4769 0.0690
Car -1 -1 1.2512 850.4642 170.2915 916.6434 205.5935 1.5324 1.6328 4.1225 12.5920 1.4212 33.4121 1.6083 0.0678
Car -1 -1 -0.6443 513.2346 175.1007 613.7298 212.1396 1.4778 1.5944 4.1875 -1.9267 1.5804 30.9917 -0.7064 0.0676
Car -1 -1 2.9241 836.0501 177.6683 923.4249 209.4724 1.5139 1.5478 3.7987 13.2988 1.7589 35.6813 3.2776 0.0669
Car -1 -1 0.1493 473.5906 181.1408 551.9036 208.1777 1.4994 1.6627 4.2536 -5.5136 1.9850 41.4141 0.0173 0.0653
Car -1 -1 3.2764 434.5595 179.7893 506.5801 207.4183 1.6203 1.6471 4.0986 -8.3741 2.0494 43.7144 3.0878 0.0647
Car -1 -1 -0.2882 694.3476 165.5685 771.2291 192.9353 1.5125 1.6548 3.9935 6.9613 1.1099 40.9411 -0.1213 0.0637
Car -1 -1 4.7060 494.7760 192.6824 1242.0000 375.0000 1.5179 1.6153 3.8670 1.2025 1.6554 2.9079 5.0613 0.0606
Car -1 -1 0.9705 861.4738 171.3047 945.1856 205.5797 1.4961 1.6311 3.9872 13.5853 1.4285 33.6192 1.3511 0.0578
Car -1 -1 5.0706 450.8453 172.0402 568.5619 238.3611 1.4499 1.5945 3.8902 -2.3306 1.4321 17.8496 4.9420 0.0569
Car -1 -1 4.2696 682.3241 164.5669 719.7156 183.1022 1.6125 1.6810 4.2495 8.2002 0.8915 65.0505 4.3942 0.0563
Car -1 -1 1.6631 439.8682 179.1162 474.3349 205.9391 1.4565 1.6054 3.9826 -8.8707 1.8409 42.2162 1.4568 0.0558
Car -1 -1 1.7803 511.7475 174.7359 565.6891 210.8401 1.4674 1.5721 3.8467 -3.0280 1.5548 31.5341 1.6849 0.0557
Car -1 -1 1.1837 699.2931 168.9498 768.2235 205.7942 1.5735 1.6662 4.1050 5.5933 1.4068 32.9996 1.3496 0.0554
Car -1 -1 1.6448 682.5995 171.5547 724.9680 206.9379 1.5194 1.6392 3.9500 4.3722 1.4636 33.0830 1.7745 0.0549
Car -1 -1 2.0022 605.7674 169.9825 649.9644 192.4672 1.5604 1.6523 4.0607 1.3705 1.3611 52.2586 2.0279 0.0545
Car -1 -1 4.1132 587.6271 179.4523 649.7356 206.3304 1.4775 1.6299 4.1542 0.4876 1.8898 42.9125 4.1240 0.0544
Car -1 -1 1.9705 146.7211 183.1472 293.2720 259.1923 1.5142 1.6151 3.8073 -8.9036 1.7827 16.8600 1.4908 0.0534
Car -1 -1 -0.2289 655.2155 163.4330 716.1710 186.3921 1.6313 1.6531 4.1295 5.4996 0.9619 52.3460 -0.1251 0.0524
Car -1 -1 2.9324 674.1019 173.0485 760.4636 207.6051 1.5873 1.6304 3.7767 5.0478 1.5968 34.0884 3.0776 0.0518
Car -1 -1 4.4704 834.0013 174.7309 902.3508 220.1222 1.5075 1.5807 3.0891 9.1386 1.5786 25.7098 4.8078 0.0515
Car -1 -1 3.3553 597.1194 177.8728 667.0999 203.9031 1.4805 1.6528 3.8873 1.3537 1.7870 42.8005 3.3862 0.0513