Car -1 -1 4.5725 703.5576 179.3646 783.4398 241.3001 1.5553 1.6754 3.8905 3.6976 1.7582 20.5077 4.7475 0.9558
Car -1 -1 4.5543 724.4641 184.5377 830.5397 261.2330 1.3833 1.6086 3.7021 3.4650 1.6647 15.4848 4.7695 0.9471
Car -1 -1 3.4222 291.9424 180.1063 467.0454 236.3788 1.4109 1.6270 4.1392 -6.0073 1.6121 19.1654 3.1219 0.9465
Car -1 -1 0.5250 145.7448 187.2894 419.1678 288.9980 1.5427 1.6474 3.9556 -5.4567 1.8094 12.2844 0.1143 0.9352
Car -1 -1 3.4215 371.2968 177.8207 499.1498 224.2429 1.5196 1.6488 3.9561 -5.9108 1.6961 24.7314 3.1888 0.8497
Car -1 -1 4.5026 675.2032 178.7818 720.8920 211.0664 1.4110 1.4747 3.2429 4.1003 1.7028 33.8336 4.6216 0.6956
Car -1 -1 3.3886 434.8923 176.5540 525.0433 215.0246 1.5054 1.5878 3.3164 -5.2242 1.6605 29.3211 3.2134 0.6686
Car -1 -1 0.2033 405.8332 179.2653 525.0787 220.0623 1.4583 1.5758 4.1160 -5.2996 1.7041 26.8531 0.0098 0.5317
Car -1 -1 3.1462 545.5118 170.2776 594.7720 188.5057 1.5664 1.6533 4.2339 -3.4306 1.3450 62.9335 3.0916 0.3533
Car -1 -1 3.3164 445.9269 179.0031 546.3294 214.6527 1.5054 1.6509 4.1226 -4.9194 1.7824 31.6381 3.1629 0.3286
Car -1 -1 -0.6441 810.8684 176.9850 939.6268 224.4539 1.4465 1.5882 3.7395 8.6417 1.5886 23.5202 -0.2966 0.3001
Car -1 -1 3.3268 531.9381 173.0306 586.8862 192.1734 1.5111 1.5866 4.1859 -4.0107 1.5255 58.0058 3.2578 0.2845
Car -1 -1 1.4087 517.9767 174.2177 555.8799 201.8883 1.4461 1.5219 3.5744 -4.0486 1.5250 39.8215 1.3076 0.2473
Car -1 -1 1.7707 537.5378 171.3839 570.9752 196.2292 1.6234 1.5707 3.6470 -3.7199 1.5273 49.0511 1.6951 0.2313
Car -1 -1 1.5395 484.8194 175.6692 529.1945 216.8977 1.4550 1.5674 4.0048 -4.0162 1.5719 27.8597 1.3972 0.2112
Car -1 -1 3.8140 0.0000 174.4061 333.7509 309.8232 1.4123 1.4063 3.5557 -5.2715 1.4326 8.4734 3.2711 0.1915
Car -1 -1 1.4577 698.3901 174.7521 721.7979 195.7245 1.7058 1.5526 3.6043 8.4473 1.8707 60.8379 1.5946 0.1842
Car -1 -1 4.5116 505.3536 184.9572 552.5350 218.4541 1.4678 1.5963 3.5203 -3.9489 2.0859 34.9258 4.3993 0.1728
Car -1 -1 4.8364 748.1339 173.3647 772.3520 191.5934 1.5118 1.5802 3.8233 12.9782 1.5571 62.0204 5.0414 0.1520
Car -1 -1 4.3947 740.4129 167.2900 788.4703 196.1079 1.6092 1.6059 3.9062 9.0225 1.2985 42.3200 4.6030 0.1472
Car -1 -1 3.1995 693.9678 171.7906 758.7512 195.6192 1.4110 1.5606 3.8083 7.1220 1.3481 43.8991 3.3589 0.1362
Car -1 -1 2.9526 720.7727 169.0355 790.0089 194.4718 1.5137 1.6229 3.8783 8.8058 1.2865 43.7653 3.1495 0.1182
Car -1 -1 1.7271 502.7279 179.7118 548.8422 214.7729 1.4556 1.5239 3.5196 -3.7120 1.7810 32.4461 1.6136 0.1158
Car -1 -1 4.9028 475.3778 173.5578 534.1004 213.8616 1.5857 1.6941 4.1570 -4.3597 1.6176 30.5797 4.7619 0.1117
Car -1 -1 3.1309 488.1553 173.8023 558.0597 201.7224 1.4669 1.5577 3.6763 -4.6679 1.5195 38.9881 3.0122 0.1075
Car -1 -1 4.8140 723.6823 168.8919 755.7791 194.7614 1.5371 1.5928 3.7860 8.1380 1.3017 44.9117 4.9918 0.1060
Car -1 -1 0.8344 804.1970 175.9007 932.3699 228.3153 1.4441 1.5519 3.7796 7.8184 1.5463 22.1598 1.1688 0.1048
Car -1 -1 1.5255 827.0689 195.4180 905.8381 264.9471 1.4421 1.6817 4.0873 6.4986 2.0922 18.5896 1.8558 0.1029
Car -1 -1 5.2671 112.8544 165.2193 400.7705 304.3527 1.4561 1.5734 3.7705 -4.3074 1.3762 9.5278 4.8523 0.0980
Car -1 -1 0.0875 744.4612 171.9295 817.6802 199.3176 1.5015 1.6241 3.9174 9.7398 1.4508 40.9415 0.3190 0.0957
Car -1 -1 1.2204 687.0424 181.0942 719.4722 199.6599 1.5257 1.5879 3.8420 8.1640 2.2704 63.1625 1.3479 0.0950
Car -1 -1 1.8915 533.5515 178.4372 577.7592 205.3065 1.4682 1.5272 3.5591 -3.1006 1.8091 42.1343 1.8180 0.0938
Car -1 -1 1.4203 766.0211 173.2730 813.6624 210.9998 1.4838 1.4180 3.4549 7.4875 1.5024 30.2027 1.6605 0.0869
Car -1 -1 2.8810 718.8379 172.7895 795.5286 200.1098 1.5144 1.6530 3.9701 8.3396 1.5109 40.9440 3.0801 0.0840
Car -1 -1 1.1112 712.3430 169.6492 770.1528 198.4259 1.5958 1.6718 4.1021 7.6352 1.4181 42.2153 1.2885 0.0813
Car -1 -1 1.5586 530.0059 172.6315 560.7104 201.6425 1.4825 1.5664 3.8512 -3.4810 1.4711 38.8669 1.4694 0.0812
Car -1 -1 2.8514 785.2676 176.0738 836.7582 192.9308 1.4541 1.5879 4.0724 17.6722 1.7407 63.3922 3.1218 0.0774
Car -1 -1 4.3118 798.2869 178.3482 887.9680 226.2334 1.4346 1.5711 3.4620 7.6105 1.6297 23.8268 4.6168 0.0766
Car -1 -1 2.8050 780.6118 178.3763 899.2154 226.5163 1.4869 1.5563 3.3204 7.3834 1.6717 23.3125 3.1074 0.0750
Car -1 -1 2.9200 740.4408 167.7193 817.1458 194.7941 1.5834 1.6838 4.1859 10.0519 1.2831 43.0506 3.1475 0.0749
Car -1 -1 4.6970 295.3369 180.8617 325.4922 208.6632 1.4773 1.5366 3.6990 -17.2259 1.9601 41.4972 4.3055 0.0744
Car -1 -1 1.6689 746.9636 174.9962 784.6270 204.2354 1.5314 1.6567 4.2427 8.7933 1.6581 40.3967 1.8813 0.0739
Car -1 -1 -0.5147 684.1345 177.8167 778.9753 211.2772 1.4652 1.6080 4.0771 5.6570 1.7055 33.4803 -0.3493 0.0738
Car -1 -1 4.4196 535.7164 172.9693 573.1144 196.3605 1.6126 1.6059 3.9566 -4.0067 1.6212 51.8985 4.3425 0.0729
Car -1 -1 2.6094 522.4656 172.6035 604.2163 201.6278 1.5258 1.6644 4.2429 -2.5216 1.5126 39.8091 2.5461 0.0694
Car -1 -1 1.4435 293.2628 178.3784 325.6458 201.1515 1.4688 1.5535 4.1460 -20.7378 1.8667 49.7833 1.0504 0.0678
Car -1 -1 4.6009 657.2103 167.5911 682.9800 188.7834 1.7171 1.7444 3.6765 5.0288 1.2907 60.3253 4.6833 0.0649
Car -1 -1 2.1373 302.8243 181.9777 358.2534 206.7436 1.5137 1.5550 3.9104 -18.3773 2.1430 47.6979 1.7711 0.0633
Car -1 -1 1.4584 699.1635 177.9120 723.0502 197.0804 1.5734 1.6266 3.6816 8.7045 2.0215 62.0682 1.5966 0.0606
Car -1 -1 0.3786 512.9761 172.4770 571.4679 196.2820 1.5538 1.5818 3.5714 -4.5026 1.5292 48.3574 0.2859 0.0602
Car -1 -1 3.1046 197.0311 173.8595 309.1074 212.4935 1.5278 1.6438 4.1236 -14.9345 1.5724 30.3201 2.6502 0.0599
Car -1 -1 4.4265 434.2044 164.0642 466.4430 185.3418 1.8664 1.7241 4.2838 -14.5058 1.0954 65.5816 4.2095 0.0587
Car -1 -1 -0.2926 727.5336 167.1224 804.9246 195.5899 1.6222 1.6268 4.1169 9.1055 1.2956 42.0941 -0.0813 0.0582
Car -1 -1 4.7579 741.9429 168.7598 772.5347 194.9454 1.5175 1.6478 4.0456 9.0382 1.2802 43.9768 4.9589 0.0561
Car -1 -1 4.6757 460.2180 175.3359 503.7209 215.7622 1.5252 1.6125 3.5389 -5.2378 1.6327 29.3546 4.5002 0.0536
Car -1 -1 0.1344 500.0163 173.1470 579.4510 200.2605 1.4704 1.5869 4.2098 -3.8341 1.4870 40.0233 0.0391 0.0528
Car -1 -1 5.0730 439.7878 169.4621 473.9518 188.7295 1.5589 1.6015 3.6610 -12.7228 1.2845 60.3104 4.8657 0.0522
Car -1 -1 4.6626 788.9663 180.7551 843.4320 226.9357 1.4075 1.5832 3.6565 6.9768 1.6985 24.6192 4.9350 0.0520
Car -1 -1 1.4382 687.4435 174.0519 712.4103 193.5862 1.6002 1.6006 3.8747 7.6425 1.7051 61.2880 1.5613 0.0515
Car -1 -1 4.5189 539.4615 172.1344 568.6254 191.2570 1.5077 1.6353 4.0189 -4.5777 1.4510 59.0446 4.4416 0.0513
Car -1 -1 4.5013 400.8015 207.2849 517.6174 296.8831 1.4402 1.6287 3.9415 -3.3208 2.2752 15.3673 4.2909 0.0508
Car -1 -1 3.2195 469.7187 184.3318 557.2919 216.8698 1.4543 1.6125 3.9501 -4.4442 2.0063 33.7980 3.0892 0.0507
Car -1 -1 -0.0394 376.3127 178.6060 489.2172 222.0621 1.5102 1.5873 3.9482 -6.5360 1.7336 26.7238 -0.2774 0.0504
Car -1 -1 3.4883 267.0417 181.7592 336.3377 206.0468 1.5169 1.5851 3.8048 -19.8461 2.1032 46.6128 3.0876 0.0503