Car -1 -1 4.3089 820.1343 190.8332 1117.9661 361.1402 1.4317 1.6117 3.6835 3.7554 1.6846 8.3028 4.7192 0.9755
Car -1 -1 1.9083 260.7878 189.9803 429.4579 289.7998 1.4728 1.6429 3.9351 -4.6436 1.8352 13.2961 1.5777 0.9732
Car -1 -1 4.4626 748.3116 185.6096 883.1765 274.6400 1.4208 1.5946 3.5876 3.7845 1.6972 13.8333 4.7233 0.9728
Car -1 -1 4.4975 706.0540 182.1268 804.3982 245.7197 1.4513 1.6659 4.2167 3.7376 1.7257 19.2178 4.6858 0.9453
Car -1 -1 1.8308 381.1193 183.3026 484.2323 252.5164 1.5722 1.6548 3.8935 -4.5094 1.8752 18.9547 1.5996 0.9444
Car -1 -1 1.8122 434.0024 183.9588 514.1690 233.5118 1.4461 1.6547 4.2385 -4.4278 1.8518 24.1932 1.6325 0.9438
Car -1 -1 1.7531 521.0953 178.1568 561.7383 208.2488 1.5714 1.5786 3.9080 -3.7630 1.8831 40.4049 1.6603 0.8504
Car -1 -1 4.6247 692.0018 178.4382 738.1514 218.2938 1.5156 1.5763 3.3367 4.2778 1.7581 29.6257 4.7660 0.8069
Car -1 -1 3.8721 1039.7886 203.9785 1242.0000 375.0000 1.4745 1.5665 3.7295 3.7665 1.6898 3.1205 4.7047 0.5500
Car -1 -1 4.5729 695.6453 179.1954 760.5995 228.2187 1.4788 1.6153 3.7767 3.8844 1.7079 24.1601 4.7297 0.5487
Car -1 -1 4.0321 1022.5543 173.2380 1122.0432 212.5806 1.4961 1.5261 3.4993 18.6784 1.5127 29.3020 4.5946 0.5245
Car -1 -1 1.3332 1174.4656 167.5802 1242.0000 217.1009 1.4518 1.5427 4.0232 19.7225 1.2972 23.2990 2.0292 0.4940
Car -1 -1 1.5469 723.0320 172.1562 744.2651 189.7295 1.4465 1.6772 4.4269 10.5773 1.3890 61.7011 1.7156 0.3312
Car -1 -1 4.4014 674.4515 166.8749 722.4440 194.0665 1.4722 1.5773 3.9423 5.0101 1.1485 41.1509 4.5214 0.3232
Car -1 -1 4.4085 906.4493 177.2241 957.3665 205.1881 1.4772 1.5686 3.7036 18.0907 1.7351 40.6462 4.8241 0.2762
Car -1 -1 -0.0368 741.6949 174.4686 791.1523 190.8648 1.4403 1.6368 4.2797 14.0458 1.5879 64.7931 0.1754 0.2573
Car -1 -1 5.0824 839.5639 171.9421 905.8585 206.8528 1.5017 1.6056 3.7503 12.0684 1.4625 32.9789 5.4299 0.2464
Car -1 -1 1.4545 516.7624 173.7150 541.4034 192.5325 1.5357 1.6118 4.1147 -6.8650 1.6114 61.2711 1.3431 0.1872
Car -1 -1 4.7757 648.2455 187.6223 702.2482 237.2014 1.4458 1.5652 3.9213 2.2824 1.9857 24.3244 4.8672 0.1736
Car -1 -1 4.0229 976.9761 172.3692 1119.0647 219.8427 1.5092 1.7538 4.5255 15.1725 1.4938 25.3084 4.5574 0.1698
Car -1 -1 2.4177 1040.2124 194.2967 1242.0000 375.0000 1.5079 1.6590 4.3528 4.9083 1.6522 3.6793 3.3067 0.1600
Car -1 -1 3.0005 887.0607 178.6315 964.9487 206.5069 1.4643 1.5247 3.7371 17.3191 1.7916 39.6413 3.4093 0.1484
Car -1 -1 1.4985 922.0096 179.8373 959.1740 209.5617 1.4463 1.4868 4.0173 17.4957 1.8372 38.2549 1.9241 0.1423
Car -1 -1 0.9910 986.1516 171.3737 1137.1283 230.3588 1.4452 1.5755 3.8916 12.1115 1.4089 19.6505 1.5362 0.1297
Car -1 -1 -0.3311 1180.9923 171.5815 1242.0000 224.1653 1.4895 1.6072 4.0340 20.1521 1.4535 21.9710 0.4042 0.1288
Car -1 -1 4.1249 1061.7279 169.8272 1242.0000 240.3500 1.4188 1.5346 3.5910 12.0787 1.3579 16.3408 4.7524 0.1270
Car -1 -1 0.5959 241.5830 177.0885 368.3036 228.7950 1.5688 1.5601 3.4788 -9.7521 1.7114 23.1861 0.2015 0.1179
Car -1 -1 4.0463 1013.6228 176.2069 1149.7893 225.4914 1.4567 1.6042 3.9656 15.3014 1.5761 23.6569 4.6143 0.1090
Car -1 -1 4.2897 879.6606 212.4528 1242.0000 375.0000 1.4922 1.5540 3.6731 2.3221 1.7679 3.0792 4.8894 0.1073
Car -1 -1 4.6521 667.6313 178.2254 704.5751 209.2272 1.4081 1.5693 3.6428 3.6938 1.6844 35.2668 4.7550 0.1072
Car -1 -1 1.4627 990.4553 177.5718 1036.1804 210.5704 1.4703 1.5090 3.7203 19.3712 1.7106 34.7311 1.9674 0.1066
Car -1 -1 1.4639 506.5906 192.1348 555.3844 231.7313 1.4355 1.6283 3.7452 -3.3352 2.2938 30.1142 1.3538 0.1001
Car -1 -1 1.3994 702.0222 181.7507 780.7731 237.1839 1.4506 1.6145 4.0766 3.8309 1.7418 21.5754 1.5720 0.0987
Car -1 -1 4.4575 1129.4326 169.2921 1229.1602 219.7825 1.5078 1.6174 3.8243 18.5102 1.4014 23.6237 5.1157 0.0985
Car -1 -1 1.5546 484.6272 186.9880 519.2987 220.3740 1.4691 1.5995 3.9684 -5.3399 2.2076 35.6077 1.4062 0.0970
Car -1 -1 0.2790 376.3455 175.7821 466.4926 207.3976 1.5932 1.5997 4.2410 -9.6990 1.7484 37.3747 0.0264 0.0967
Car -1 -1 1.6159 471.7109 192.7826 514.7979 232.5325 1.4290 1.5814 3.5976 -4.7307 2.3010 29.6963 1.4586 0.0954
Car -1 -1 1.8289 481.1793 177.4118 521.1970 200.2751 1.4515 1.6665 4.1576 -7.2789 1.7736 48.8274 1.6813 0.0887
Car -1 -1 2.5809 1100.5906 171.8926 1242.0000 221.4100 1.4860 1.6284 3.6635 17.8282 1.4572 22.6457 3.2411 0.0877
Car -1 -1 4.9408 753.2842 172.6157 786.7471 193.7723 1.5187 1.5870 3.9700 12.0261 1.5016 53.9276 5.1587 0.0873
Car -1 -1 2.7029 910.3503 178.8284 990.0410 206.8900 1.4986 1.5221 3.6580 18.6640 1.8330 39.6228 3.1398 0.0860
Car -1 -1 1.5640 656.3126 182.9094 705.6653 229.4212 1.5096 1.6623 4.1613 2.6004 1.9087 26.4932 1.6600 0.0849
Car -1 -1 4.9909 378.2517 176.2154 428.1706 205.3596 1.4642 1.5760 3.7893 -10.9694 1.6528 38.5857 4.7154 0.0818
Car -1 -1 4.7993 686.0452 178.0137 725.1313 210.3177 1.4526 1.5649 3.7651 4.7159 1.7179 35.0944 4.9312 0.0795
Car -1 -1 1.2603 920.3491 170.9402 1006.1824 216.7072 1.4778 1.5983 3.7661 12.2715 1.4160 25.2727 1.7073 0.0778
Car -1 -1 1.6597 544.4273 183.0570 575.2665 208.5116 1.4404 1.5488 3.8987 -3.0157 2.0956 44.3706 1.5917 0.0774
Car -1 -1 0.9194 954.1010 169.9650 1071.0028 214.3278 1.5251 1.6586 4.0769 14.8965 1.4258 26.9456 1.4194 0.0751
Car -1 -1 0.0911 702.4177 181.3838 836.9720 232.5996 1.4797 1.5795 4.0010 5.0419 1.7636 22.6552 0.3065 0.0741
Car -1 -1 -0.4402 1175.0377 170.8995 1242.0000 217.2080 1.4631 1.6405 4.0259 21.6881 1.4013 24.1498 0.2852 0.0735
Car -1 -1 3.5502 0.0000 0.0000 1242.0000 375.0000 1.6509 1.6822 4.0173 3.7168 1.3970 1.6863 4.6312 0.0719
Car -1 -1 1.5444 721.4543 169.5994 743.1243 189.4550 1.5914 1.6570 4.4406 10.1957 1.3306 60.1456 1.7113 0.0709
Car -1 -1 2.7160 950.5612 199.1239 1242.0000 375.0000 1.5129 1.6128 4.0804 3.5965 1.6730 2.8149 3.5722 0.0706
Car -1 -1 0.7867 1026.9429 178.9142 1242.0000 375.0000 1.4841 1.6831 4.0673 4.3165 1.5346 3.9853 1.5752 0.0706
Car -1 -1 1.0814 1066.1545 174.4002 1179.9707 218.6830 1.4902 1.6170 4.1752 18.7608 1.5519 26.6017 1.6900 0.0702
Car -1 -1 4.2091 768.9711 171.2862 824.2378 198.0270 1.5994 1.6854 3.8765 11.6647 1.5056 45.2434 4.4595 0.0682
Car -1 -1 1.4130 879.7572 172.3532 938.8071 211.5180 1.4668 1.5819 3.9070 12.0050 1.4481 29.1054 1.8002 0.0671
Car -1 -1 -0.5279 515.2090 174.8492 564.0780 193.4387 1.5024 1.6154 3.7752 -5.8424 1.6744 60.4509 -0.6242 0.0670
Car -1 -1 0.4758 584.9814 189.5946 706.7314 234.9503 1.4384 1.6372 4.0615 1.2760 2.0788 25.8791 0.5236 0.0668
Car -1 -1 3.1426 646.9091 168.1400 718.3452 196.1527 1.5142 1.5937 3.8607 4.0395 1.2594 39.9875 3.2422 0.0654
Car -1 -1 1.1688 929.4594 173.4078 1025.3347 220.9106 1.4466 1.5736 3.4316 12.0026 1.4662 23.7733 1.6309 0.0648
Car -1 -1 2.1463 944.4238 174.3406 1017.3036 202.9047 1.4804 1.6495 3.9522 20.2240 1.5648 39.2735 2.6184 0.0615
Car -1 -1 -0.4752 982.9471 177.2278 1081.7249 210.1776 1.4968 1.5324 3.7117 19.7823 1.7073 33.8618 0.0493 0.0615
Car -1 -1 1.1963 929.2159 173.9510 995.5219 204.7480 1.4889 1.6251 4.2089 18.0886 1.5487 37.1963 1.6455 0.0613
Car -1 -1 0.8710 1097.2769 179.4942 1242.0000 259.7928 1.4063 1.4804 3.6430 12.0003 1.5593 14.7831 1.5427 0.0596
Car -1 -1 -0.1548 910.8538 170.6475 1045.1426 215.0471 1.5548 1.6782 4.2093 13.5024 1.4775 26.7048 0.3085 0.0593
Car -1 -1 0.7074 0.0000 0.0000 1242.0000 375.0000 1.5015 1.6145 3.9384 2.7272 1.5697 1.6564 1.6557 0.0593
Car -1 -1 4.4878 865.6252 174.9375 937.3682 218.4493 1.4824 1.6231 3.8779 10.7486 1.5657 26.8164 4.8647 0.0584
Car -1 -1 2.4775 1018.1309 170.6883 1242.0000 241.6765 1.4489 1.5159 3.9976 11.2299 1.4047 15.5816 3.0926 0.0567
Car -1 -1 2.1601 859.8937 171.3408 944.5071 206.6748 1.4793 1.5941 3.8770 12.9875 1.4159 31.9592 2.5424 0.0567
Car -1 -1 4.3438 1005.2438 175.2016 1082.2739 212.2391 1.4930 1.6145 3.7101 18.7294 1.6012 31.2980 4.8785 0.0567
Car -1 -1 1.7072 552.0002 183.1823 587.0588 209.2500 1.4477 1.5990 3.9124 -2.3778 2.1019 43.6845 1.6526 0.0564
Car -1 -1 1.2133 804.1768 201.0270 1242.0000 375.0000 1.4802 1.5673 3.7037 2.4206 1.7408 4.7606 1.6573 0.0557
Car -1 -1 1.3833 750.3458 174.8950 776.0707 191.0164 1.4128 1.5853 3.9014 13.9547 1.6042 65.6960 1.5914 0.0556
Car -1 -1 4.5901 907.0423 174.5495 966.8286 217.3655 1.4573 1.5569 3.6354 12.0237 1.5246 26.6799 5.0089 0.0551
Car -1 -1 4.1803 931.1934 183.9124 1242.0000 375.0000 1.4748 1.6190 3.6928 3.4456 1.5718 4.4117 4.8106 0.0544
Car -1 -1 4.3467 948.6529 172.2650 1030.6663 212.2614 1.4770 1.6206 3.7476 14.9539 1.4552 28.5973 4.8239 0.0544