Car -1 -1 4.6915 588.3961 170.9642 619.3992 201.3202 1.6131 1.6445 4.4414 -0.3656 1.5127 40.5872 4.6821 0.9253
Car -1 -1 4.6290 308.9905 185.0065 346.5912 214.1414 1.4676 1.6369 3.9067 -15.7442 2.1807 40.2237 4.2578 0.2921
Car -1 -1 4.6668 200.7391 181.6286 227.2002 204.7668 1.6409 1.5987 3.6156 -29.9644 2.3289 54.6160 4.1669 0.2442
Car -1 -1 3.4164 244.7393 179.9827 314.8354 211.3471 1.4746 1.6029 2.7929 -16.1208 1.8340 35.3786 2.9914 0.2275
Car -1 -1 4.7814 35.6930 201.0381 73.8133 226.5917 1.4683 1.7430 3.8737 -36.9919 3.4322 48.1809 4.1291 0.2241
Car -1 -1 4.9394 278.5470 179.3539 325.7729 211.8351 1.5383 1.5453 3.0188 -15.4712 1.8811 36.4389 4.5402 0.2026
Car -1 -1 1.7122 280.7502 193.7023 317.6963 219.9213 1.5002 1.6667 3.7646 -19.9713 2.9042 46.5547 1.3087 0.1759
Car -1 -1 0.1975 276.4394 179.4195 342.2760 210.9682 1.4974 1.5362 2.7554 -14.8017 1.8314 35.6878 -0.1934 0.1662
Car -1 -1 1.3585 277.3951 185.7776 305.7610 202.3506 1.4487 1.6369 4.1290 -30.2463 2.7156 68.5793 0.9442 0.1606
Car -1 -1 0.2238 0.0000 172.1267 75.6436 200.5802 1.5554 1.6394 3.7130 -32.7881 1.5156 40.9856 -0.4479 0.1389
Car -1 -1 1.5495 311.5864 183.8117 345.8887 213.8767 1.4696 1.6444 3.8517 -15.1697 2.0920 38.8891 1.1795 0.1268
Car -1 -1 5.2761 195.6641 181.7789 372.5761 264.5587 1.4813 1.6021 3.8107 -6.7090 1.6960 15.3519 4.8699 0.1112
Car -1 -1 4.9288 299.0160 180.9854 348.8024 213.3929 1.5273 1.5784 3.8253 -14.5894 1.9673 37.0274 4.5555 0.0951
Car -1 -1 1.4571 266.4561 186.3151 292.7104 205.1007 1.5374 1.6604 4.3425 -29.5776 2.7856 64.6184 1.0292 0.0942
Car -1 -1 1.9865 26.4521 199.3707 86.7047 225.5095 1.4840 1.7435 3.7578 -36.0218 3.2900 47.1124 1.3363 0.0918
Car -1 -1 0.9389 308.5276 185.4017 385.7850 216.8014 1.5057 1.6661 4.1935 -13.8259 2.1980 37.9472 0.5913 0.0917
Car -1 -1 4.9224 258.6144 180.8572 313.4495 214.9257 1.5768 1.6741 4.2847 -16.3833 2.0094 36.7307 4.5052 0.0836
Car -1 -1 4.5743 179.3918 183.0227 212.4949 205.8762 1.5816 1.6260 3.8950 -30.8581 2.3684 53.7890 4.0554 0.0834
Car -1 -1 1.7037 379.4828 182.2002 421.3634 212.2822 1.4732 1.6097 4.2496 -11.2206 2.0063 38.9342 1.4246 0.0811
Car -1 -1 3.2989 263.0681 192.7765 320.6154 214.0485 1.5153 1.5758 3.8106 -24.1558 3.0674 54.9706 2.8863 0.0799
Car -1 -1 3.7741 15.8943 201.3370 89.7990 225.3934 1.4806 1.7762 3.4789 -36.6207 3.3932 47.5244 3.1201 0.0789
Car -1 -1 0.5097 248.9084 194.9137 318.5796 220.1295 1.4941 1.6777 3.6496 -20.5099 2.9154 45.4927 0.0880 0.0739
Car -1 -1 1.9948 299.0067 175.0515 446.8361 249.0700 1.4496 1.6285 4.0210 -5.1678 1.5057 16.3495 1.6928 0.0734
Car -1 -1 1.5894 192.8975 179.5124 219.8652 203.3722 1.6201 1.6235 4.2121 -29.2847 2.1251 52.4836 1.0824 0.0702
Car -1 -1 1.8080 336.0341 185.2265 387.7745 215.5392 1.4643 1.6590 4.3047 -13.2670 2.1692 38.8849 1.4809 0.0665
Car -1 -1 3.5173 0.0000 201.0023 72.6513 226.5193 1.4956 1.7313 3.7032 -37.2684 3.3698 46.6750 2.8461 0.0633
Car -1 -1 1.9479 168.6145 185.9697 334.5925 274.9513 1.3988 1.5755 3.5469 -6.5869 1.6809 13.6993 1.5068 0.0602
Car -1 -1 4.9310 28.2067 170.4033 81.7146 199.6244 1.6290 1.6782 3.8584 -32.4563 1.4924 42.3274 4.2797 0.0602
Car -1 -1 4.5429 201.8952 178.6900 315.7602 257.1158 1.4921 1.6309 4.1348 -7.9721 1.6406 16.2045 4.0918 0.0573
Car -1 -1 4.1362 310.7411 175.5903 501.2274 261.6994 1.4580 1.6279 4.1646 -4.1415 1.5198 14.3252 3.8590 0.0570
Car -1 -1 2.1625 361.8977 181.6636 434.6191 213.2346 1.4804 1.5938 4.0688 -10.8181 1.9617 37.2323 1.8813 0.0568
Car -1 -1 1.1677 244.7723 192.1453 298.1042 218.5180 1.4906 1.6882 3.8089 -21.3273 2.7569 45.4610 0.7310 0.0540
Car -1 -1 4.8316 288.2521 192.1303 316.9591 213.8617 1.5133 1.5962 3.8519 -23.7793 3.0646 55.9936 4.4313 0.0540
Car -1 -1 1.9320 277.3954 194.4036 326.8691 221.2020 1.5106 1.6639 3.7096 -19.3599 2.9285 45.5898 1.5321 0.0528
Car -1 -1 5.0429 318.1605 185.6088 372.8610 214.1919 1.4410 1.6377 4.0097 -14.6329 2.1872 40.1949 4.6955 0.0526
Car -1 -1 1.5449 285.7462 184.2594 386.4381 273.2725 1.4006 1.5842 3.4625 -5.2272 1.6479 13.7428 1.1873 0.0524
Car -1 -1 1.7725 245.6481 187.9111 296.7142 219.0996 1.4441 1.6464 3.8666 -17.5039 2.2695 37.4806 1.3380 0.0514
Car -1 -1 -0.1108 288.1980 178.6839 376.8452 211.0896 1.5302 1.6461 4.0105 -13.9317 1.8370 36.3144 -0.4751 0.0507