Car -1 -1 2.0342 201.6664 189.3329 281.0530 226.1477 1.4972 1.6103 4.0090 -16.8042 2.3000 33.1465 1.5679 0.9225
Car -1 -1 1.5289 242.4821 192.3918 283.5732 226.9259 1.5002 1.6875 4.2257 -17.4108 2.5407 36.1651 1.0827 0.2856
Car -1 -1 1.8901 257.4096 185.0168 297.6521 207.1533 1.4771 1.5206 3.8178 -24.0128 2.3921 52.3028 1.4613 0.1340
Car -1 -1 2.0158 166.6576 188.5409 227.7945 215.1230 1.3997 1.7082 3.5757 -23.9304 2.3532 42.0122 1.5005 0.1162
Car -1 -1 1.7445 150.3544 195.5972 207.3235 231.3142 1.4591 1.6717 3.7786 -20.3137 2.6010 34.1656 1.2112 0.0920
Car -1 -1 1.4699 259.1262 182.3024 284.0411 201.2743 1.6066 1.6185 4.4717 -30.8298 2.4983 65.7624 1.0328 0.0805
Car -1 -1 5.4088 255.2207 198.2659 331.2963 229.6020 1.4639 1.6633 3.9056 -17.1137 2.9201 39.2362 4.9996 0.0803
Car -1 -1 3.1848 575.9913 166.8783 625.2576 188.2993 1.6353 1.6790 3.7526 -0.6665 1.1791 55.9798 3.1726 0.0791
Car -1 -1 1.7181 258.2388 185.5738 296.3099 212.7722 1.5248 1.5647 3.9144 -20.4422 2.3464 44.5092 1.2895 0.0748
Car -1 -1 1.1960 230.8334 185.3406 276.8788 207.9050 1.4770 1.6309 3.8797 -25.2895 2.3970 51.2538 0.7394 0.0732
Car -1 -1 1.4592 250.8835 184.4529 286.2841 209.0013 1.5145 1.6990 4.4166 -23.2099 2.3403 49.0399 1.0189 0.0602
Car -1 -1 1.7732 193.0931 188.9982 254.4599 228.3856 1.5537 1.6963 3.6086 -17.0505 2.3148 32.0465 1.2874 0.0600
Car -1 -1 3.8600 254.7220 198.4862 333.2592 228.5239 1.4259 1.7422 3.5058 -16.5769 2.8221 37.9396 3.4502 0.0598
Car -1 -1 1.5219 243.3944 183.5998 280.1998 212.9123 1.5031 1.6822 4.1860 -19.7411 2.1453 40.8827 1.0743 0.0591
Car -1 -1 1.3487 252.9978 180.1300 281.6569 197.5773 1.5257 1.5097 4.2505 -31.8121 2.2231 67.0197 0.9068 0.0557
Car -1 -1 0.8117 232.8556 198.3783 306.1677 229.4828 1.4978 1.6617 3.3836 -18.0987 2.9062 38.4200 0.3737 0.0547
Car -1 -1 1.6690 163.0504 192.0847 210.6463 226.3703 1.4767 1.6289 3.9807 -20.8062 2.4837 35.6356 1.1435 0.0518