Car -1 -1 1.8893 340.0626 180.5336 404.0424 213.3699 1.4381 1.6473 4.3060 -11.3490 1.8311 34.7674 1.5756 0.9210
Car -1 -1 2.0608 132.1412 181.5961 275.9669 244.0307 1.5072 1.6739 4.2095 -11.0976 1.7765 20.1212 1.5620 0.9115
Car -1 -1 4.6949 549.3321 177.1230 712.6148 320.6947 1.4681 1.7001 4.4361 0.2315 1.5388 9.7317 4.7164 0.8958
Car -1 -1 5.3000 85.2700 180.6866 174.8403 214.9895 1.4266 1.5973 3.6758 -21.6119 1.8014 32.6919 4.7194 0.6264
Car -1 -1 5.1632 222.8475 175.1995 280.5966 202.6545 1.5885 1.7362 3.6126 -21.6833 1.7370 43.8681 4.7063 0.3893
Car -1 -1 4.8619 645.5008 159.0731 684.4575 186.9010 1.5286 1.6455 4.1944 3.2656 0.7716 41.8631 4.9390 0.3687
Car -1 -1 1.4437 583.9720 170.6221 647.0195 222.9774 1.4613 1.4465 3.8008 0.1034 1.3990 22.1137 1.4476 0.3038
Car -1 -1 1.6655 387.4571 184.7305 411.7973 204.8560 1.5221 1.5379 4.0313 -17.1888 2.5315 59.2010 1.3837 0.2531
Car -1 -1 2.0310 181.8431 173.5165 230.6866 194.6131 1.5544 1.6872 3.9355 -30.8381 1.6070 55.2941 1.5241 0.1696
Car -1 -1 3.7842 790.3493 148.9454 879.0914 187.8363 1.7834 1.7235 3.8606 10.9053 0.6870 35.1539 4.0825 0.1527
Car -1 -1 0.6245 162.3604 174.6977 226.1879 195.1147 1.5022 1.6833 3.9227 -31.2344 1.6436 54.3168 0.1045 0.1459
Car -1 -1 4.7228 649.2634 160.0972 678.4816 188.7724 1.5400 1.5675 3.5629 3.0719 0.8549 40.5907 4.7975 0.1329
Car -1 -1 1.3828 329.8050 183.7198 358.4038 201.9401 1.4517 1.5928 4.0146 -22.8956 2.4199 62.1622 1.0310 0.1202
Car -1 -1 2.8755 538.8138 170.6619 669.4628 222.0927 1.5005 1.4468 3.7827 -0.1838 1.4365 22.2605 2.8666 0.1045
Car -1 -1 1.5410 314.4047 186.3919 347.3386 214.4283 1.4993 1.7140 4.3789 -16.7268 2.3541 43.2069 1.1733 0.1043
Car -1 -1 4.5432 642.3434 158.5703 679.0488 188.1773 1.7271 1.6213 3.7419 3.0754 0.8939 44.0322 4.6122 0.1031
Car -1 -1 1.3220 358.9243 184.8198 392.0882 204.4684 1.4553 1.6512 3.8050 -18.8375 2.4510 57.9893 1.0089 0.1001
Car -1 -1 4.7807 628.1027 167.8873 649.1801 186.0633 1.6394 1.6901 4.0230 2.7352 1.1914 67.1696 4.8209 0.0939
Car -1 -1 2.0674 318.8079 188.6190 411.0079 232.1680 1.4277 1.6024 3.9235 -9.1171 2.0678 27.2261 1.7467 0.0872
Car -1 -1 2.1280 389.0713 184.1884 432.6119 204.8382 1.5543 1.5150 4.0317 -16.1472 2.5120 58.8180 1.8608 0.0804
Car -1 -1 -0.1145 584.1217 171.3388 713.8447 220.8717 1.4930 1.5743 3.9091 1.1787 1.4474 22.6591 -0.0639 0.0797
Car -1 -1 4.5255 573.7543 170.8090 642.7729 218.8109 1.4317 1.5624 3.7721 -0.1236 1.3707 23.5206 4.5196 0.0782
Car -1 -1 1.6050 335.3673 181.3719 356.7691 202.2233 1.6477 1.5534 4.1237 -22.2489 2.3940 61.0152 1.2565 0.0738
Car -1 -1 1.1138 340.7521 190.0148 402.5908 219.0072 1.4672 1.7032 4.1069 -13.5612 2.4918 41.0191 0.7960 0.0736
Car -1 -1 4.5526 632.4007 156.9846 673.7573 185.0628 1.5693 1.7175 4.6493 2.5133 0.6824 42.7275 4.6107 0.0714
Car -1 -1 4.7617 637.1072 161.5342 671.4990 191.5615 1.5637 1.6877 4.0867 2.5079 0.9742 39.6989 4.8240 0.0710
Car -1 -1 3.1002 634.2119 159.3976 701.6135 186.2027 1.4900 1.5709 3.7444 3.2756 0.7420 40.9628 3.1792 0.0709
Car -1 -1 2.6799 381.2365 185.7439 679.8508 318.4655 1.4707 1.5590 3.8154 -1.0208 1.6792 9.9973 2.5794 0.0709
Car -1 -1 4.0142 150.6864 174.7647 215.3161 196.0138 1.5601 1.7874 4.4558 -32.4192 1.7095 54.8455 3.4823 0.0703
Car -1 -1 1.6626 385.5153 183.6006 411.4032 205.0302 1.5820 1.6046 4.1704 -16.8341 2.4738 57.6735 1.3794 0.0675
Car -1 -1 1.7241 370.6527 180.9523 397.6579 200.2378 1.5582 1.6358 3.8999 -19.3517 2.2779 62.0692 1.4228 0.0656
Car -1 -1 1.6337 514.4848 185.7182 558.2853 224.4960 1.4828 1.6141 3.9585 -3.0757 2.0700 30.9285 1.5347 0.0637
Car -1 -1 1.6043 421.3152 181.3489 443.3770 201.5264 1.5159 1.5887 3.8620 -14.2106 2.2227 57.9872 1.3647 0.0611
Car -1 -1 4.5034 673.7281 170.8197 719.5259 200.7567 1.5214 1.6387 3.9873 4.6129 1.4181 38.7300 4.6206 0.0595
Car -1 -1 0.4345 726.7950 179.4768 803.2303 206.3775 1.4681 1.6222 4.0602 9.0540 1.8722 42.1644 0.6441 0.0587
Car -1 -1 1.5717 309.0171 183.1126 331.0270 202.3363 1.4988 1.6680 4.0874 -24.3950 2.3948 60.8171 1.1914 0.0585
Car -1 -1 3.3827 621.3936 157.8580 700.2703 185.5916 1.5986 1.7069 4.4180 3.0686 0.7342 43.0793 3.4531 0.0577
Car -1 -1 1.7196 395.8364 181.1054 425.2887 201.7238 1.5284 1.6612 4.0938 -15.7660 2.2083 57.3231 1.4520 0.0575
Car -1 -1 4.0127 670.5085 169.3182 738.4913 197.7090 1.5999 1.7280 4.1581 5.5813 1.4006 42.8756 4.1409 0.0575
Car -1 -1 2.0917 180.5411 176.8087 231.9976 197.3052 1.4665 1.6350 3.9360 -30.3187 1.7754 54.3688 1.5849 0.0572
Car -1 -1 4.7892 652.2637 169.3970 687.3208 198.5915 1.4934 1.5872 3.9827 3.3005 1.3166 39.0019 4.8725 0.0571
Car -1 -1 4.7638 184.2883 175.6510 212.6129 197.1211 1.5843 1.6917 4.1300 -31.8904 1.8102 56.0476 4.2484 0.0559
Car -1 -1 4.5715 688.3209 206.1887 771.4060 275.0332 1.4790 1.6230 4.1575 3.1503 2.4819 19.6162 4.7271 0.0541
Car -1 -1 1.5399 325.3459 179.2520 348.0048 200.2139 1.6018 1.6008 4.1524 -22.2330 2.1422 58.7196 1.1792 0.0527
Car -1 -1 4.0571 679.2136 166.3828 749.1696 196.0349 1.5282 1.6463 4.0430 5.6409 1.1947 39.3519 4.1980 0.0515
Car -1 -1 -1.1170 232.6782 175.3973 279.2466 198.1036 1.6452 1.5831 3.9697 -26.7474 1.8451 54.7104 -1.5700 0.0511
Car -1 -1 4.3029 664.9704 191.1116 899.3105 335.0980 1.4784 1.6146 4.0160 2.1196 1.7874 10.0812 4.5028 0.0503
Car -1 -1 4.5687 700.3177 206.2919 830.9590 313.7424 1.4645 1.6923 4.2531 2.6913 2.1835 13.3480 4.7619 0.0502