Car -1 -1 4.8448 372.9561 185.1378 478.8171 265.0487 1.5541 1.7398 3.9273 -3.8908 1.5526 16.0229 4.6100 0.9718
Car -1 -1 4.6795 531.0298 181.2147 583.1196 224.8307 1.4119 1.6895 3.4197 -1.8035 1.2824 25.0592 4.6080 0.9486
Car -1 -1 5.0363 219.8424 186.7367 338.1733 244.3292 1.4108 1.6441 4.3598 -8.9338 1.4578 19.9736 4.6205 0.9439
Car -1 -1 5.3105 0.0000 196.5682 139.2155 341.7705 1.4584 1.5303 3.6000 -7.9145 1.6358 9.3721 4.6231 0.9127
Car -1 -1 4.9280 329.9943 183.6291 392.6705 221.4443 1.4267 1.5654 4.0260 -9.8983 1.3668 29.2071 4.6037 0.8906
Car -1 -1 5.2316 61.5361 162.4872 218.8279 236.5138 1.9325 1.8313 4.4968 -13.4265 1.3392 21.0519 4.6694 0.5735
Car -1 -1 4.8529 314.0077 181.4304 352.7603 206.3093 1.3962 1.5980 3.8811 -16.0978 1.1837 42.4095 4.4919 0.4551
Car -1 -1 3.2538 27.6598 161.1202 177.6664 207.4728 1.4999 1.6160 4.0932 -17.3272 0.7202 24.9371 2.6516 0.3739
Car -1 -1 1.4714 390.4594 177.5413 416.1051 197.1574 1.5004 1.5754 3.9754 -16.2306 0.9134 57.1205 1.1954 0.2792
Car -1 -1 1.6391 563.5427 178.0052 590.2615 200.7012 1.4987 1.5748 3.8354 -2.0466 1.0226 49.4062 1.5975 0.2736
Car -1 -1 4.9832 0.0000 189.4571 86.5360 242.4516 1.4321 1.5777 3.4471 -17.1025 1.5708 21.6231 4.3197 0.2661
Car -1 -1 1.4773 437.7419 177.7645 461.4384 196.5183 1.4922 1.5527 3.8977 -13.0254 0.8993 59.2896 1.2617 0.2381
Car -1 -1 3.3647 147.6459 176.1091 244.1075 208.5249 1.4937 1.5868 3.7476 -19.6097 1.0741 34.4241 2.8500 0.2110
Car -1 -1 1.3283 516.5495 177.7742 546.4619 196.2478 1.4652 1.5536 3.8994 -6.2563 0.8750 59.1109 1.2229 0.2074
Car -1 -1 3.3929 379.0674 165.1102 453.6514 190.7214 1.4880 1.6099 3.9941 -11.2622 0.3199 42.5834 3.1357 0.2072
Car -1 -1 1.5572 425.9564 185.4760 482.3897 237.0012 1.5136 1.6371 4.0214 -4.9741 1.5228 23.2808 1.3487 0.1845
Car -1 -1 4.8044 413.0117 162.8541 447.2422 190.1091 1.5810 1.6450 4.1452 -10.7540 0.2838 43.8691 4.5653 0.1722
Car -1 -1 4.6110 371.8081 177.2657 411.8701 207.9405 1.4888 1.6060 3.7073 -11.0967 1.1030 36.9101 4.3206 0.1642
Car -1 -1 1.4283 580.2208 188.4827 633.2468 226.7426 1.4391 1.6195 3.9426 -0.0864 1.5824 29.4598 1.4249 0.1615
Car -1 -1 1.9360 167.8241 175.5656 237.7928 208.2759 1.4711 1.6009 3.9356 -19.2461 1.0371 34.3913 1.4289 0.1599
Car -1 -1 1.9134 0.0000 184.4203 81.8531 242.6236 1.4976 1.5776 3.6883 -16.5870 1.4772 20.4974 1.2392 0.1586
Car -1 -1 3.7383 153.5744 175.8892 248.4424 206.2300 1.4817 1.6269 3.9110 -20.3471 1.0263 36.0848 3.2278 0.1362
Car -1 -1 2.1874 567.4836 177.0066 619.8084 200.3103 1.5365 1.5945 3.9764 -0.8892 0.9952 49.4880 2.1691 0.1302
Car -1 -1 5.3025 229.1038 183.0630 313.4573 216.7085 1.4036 1.5618 3.7526 -14.8354 1.3138 31.9651 4.8709 0.1291
Car -1 -1 1.7204 551.1119 188.0293 591.5914 216.2247 1.4161 1.6610 3.3809 -1.8607 1.5726 38.2214 1.6716 0.1143
Car -1 -1 1.6106 546.9335 191.2852 588.9229 228.8410 1.4131 1.5687 3.6807 -1.5570 1.6777 29.4956 1.5578 0.1091
Car -1 -1 1.7012 336.9576 174.5760 362.9950 193.4460 1.5402 1.5816 3.8175 -21.6855 0.6718 60.7083 1.3592 0.1090
Car -1 -1 1.6193 570.6194 168.0773 591.0649 187.7230 1.7242 1.6541 4.0895 -2.3591 0.2201 65.1453 1.5829 0.1087
Car -1 -1 3.6446 146.9566 175.3433 248.4663 207.7778 1.4782 1.6085 3.8210 -19.0737 1.0283 33.5866 3.1314 0.0990
Car -1 -1 4.7189 425.9998 185.7091 477.7673 232.6638 1.4857 1.6155 3.6012 -5.3164 1.5040 24.7129 4.5088 0.0908
Car -1 -1 -0.1031 334.2815 177.1209 420.6082 208.6865 1.5026 1.6435 3.9447 -11.4269 1.1173 35.7599 -0.4105 0.0905
Car -1 -1 1.5997 26.5254 217.8963 146.3183 318.0317 1.4694 1.6849 4.2477 -10.1656 2.2188 14.2460 0.9882 0.0898
Car -1 -1 3.3933 434.0203 155.3392 513.8220 185.3110 1.5802 1.6392 3.9564 -7.1660 0.0050 38.8561 3.2120 0.0882
Car -1 -1 5.1045 58.9058 157.2738 159.9632 202.9688 1.5219 1.6546 3.7872 -17.8358 0.5913 25.9636 4.5075 0.0855
Car -1 -1 2.9785 535.1225 179.4276 593.3143 202.5620 1.5169 1.6383 3.6888 -2.9058 1.1374 48.3421 2.9183 0.0846
Car -1 -1 3.4414 0.0000 192.7086 72.5345 248.5636 1.4453 1.5942 3.7435 -17.7234 1.6740 20.4700 2.7340 0.0834
Car -1 -1 4.7782 307.9190 195.9428 382.1244 258.8900 1.4712 1.6163 3.8781 -7.0399 1.7948 19.5981 4.4372 0.0822
Car -1 -1 1.7062 564.3370 171.9043 591.6465 192.2121 1.5273 1.6240 3.8286 -2.2420 0.5262 56.0475 1.6660 0.0783
Car -1 -1 4.7522 30.0888 215.4345 137.4892 304.0531 1.4333 1.6249 4.1855 -10.9934 2.1699 15.3242 4.1376 0.0774
Car -1 -1 1.9678 552.1370 178.8657 597.7968 202.6611 1.5288 1.6430 4.0085 -2.1168 1.1208 48.3492 1.9239 0.0741
Car -1 -1 1.3660 456.2606 183.3404 529.7821 233.2422 1.4819 1.6146 3.8305 -3.7973 1.4263 23.4253 1.2066 0.0712
Car -1 -1 1.8081 360.3680 178.7410 415.3785 211.6465 1.4829 1.6551 3.7927 -10.4010 1.1911 34.3340 1.5158 0.0710
Car -1 -1 4.6661 222.7175 180.7010 267.0808 214.8738 1.4158 1.5843 3.9599 -16.1165 1.2287 31.8961 4.2013 0.0685
Car -1 -1 1.6932 198.4054 177.9516 246.5125 210.7396 1.4652 1.5571 3.7071 -18.2006 1.1406 34.1325 1.2063 0.0680
Car -1 -1 4.9355 172.3200 175.3388 229.2595 207.1070 1.4765 1.6213 3.8392 -19.9773 1.0175 35.4813 4.4257 0.0679
Car -1 -1 4.3242 473.9845 170.5315 522.1331 196.5693 1.4913 1.5853 3.6714 -6.5908 0.6503 43.1553 4.1733 0.0672
Car -1 -1 1.7380 426.5863 175.1609 457.0468 196.8194 1.6418 1.6771 4.0677 -12.9704 0.8796 56.5710 1.5133 0.0671
Car -1 -1 3.7752 0.0000 183.6962 107.6663 239.2175 1.5032 1.5828 3.8198 -16.6153 1.4621 20.3397 3.0965 0.0643
Car -1 -1 4.8662 394.7599 166.1667 432.4732 192.3430 1.5028 1.6123 3.8503 -11.5993 0.4092 43.2695 4.6056 0.0638
Car -1 -1 1.6846 574.2109 187.4812 611.6309 215.9840 1.4547 1.6310 3.4869 -0.7270 1.5827 38.7904 1.6655 0.0605
Car -1 -1 1.7348 197.9807 185.6515 262.0804 224.7221 1.4960 1.6716 4.1811 -15.5463 1.5155 29.8215 1.2576 0.0605
Car -1 -1 4.3757 566.2224 168.0571 600.0503 188.3916 1.6575 1.6150 4.0288 -2.0708 0.2589 60.7656 4.3415 0.0601
Car -1 -1 2.0559 166.3767 177.6571 245.6729 211.7116 1.4800 1.5841 3.8139 -18.4012 1.1515 33.1632 1.5525 0.0601
Car -1 -1 0.3928 253.7565 182.6757 380.1173 221.5343 1.4685 1.6421 4.2634 -11.2429 1.3725 28.0166 0.0141 0.0597
Car -1 -1 1.7548 385.0203 177.8389 416.8224 198.2124 1.5078 1.5963 4.2604 -15.8469 0.9618 55.3957 1.4771 0.0592
Car -1 -1 1.5659 454.7390 189.1961 495.4242 225.1589 1.4823 1.6850 4.1533 -5.9424 1.6733 32.3113 1.3850 0.0583
Car -1 -1 1.7269 305.2834 179.6413 347.8359 207.9196 1.5173 1.6202 4.0734 -15.8375 1.2182 40.7326 1.3580 0.0583
Car -1 -1 1.8552 174.8325 179.1588 243.5185 214.5388 1.4846 1.6070 4.0616 -17.7916 1.2304 32.3193 1.3552 0.0583
Car -1 -1 4.7039 460.8979 155.3564 492.7886 185.9407 1.5912 1.6392 3.6067 -7.1412 0.0377 39.3233 4.5253 0.0581
Car -1 -1 1.7915 437.5760 177.2669 469.3803 196.6358 1.5068 1.6071 4.2906 -12.3715 0.8884 58.0768 1.5822 0.0575
Car -1 -1 3.4365 369.7122 177.0777 457.2878 207.9739 1.4985 1.6586 3.8913 -9.5893 1.1038 35.7610 3.1761 0.0572
Car -1 -1 0.6930 0.0000 188.6918 98.4247 239.2131 1.4734 1.6133 4.0681 -18.1005 1.5833 21.9016 0.0081 0.0571
Car -1 -1 2.1508 10.8294 163.7239 142.2832 212.7209 1.5182 1.6174 4.0137 -17.7623 0.8523 24.3156 1.5251 0.0559
Car -1 -1 1.2884 434.2584 174.8888 470.7671 195.5819 1.5342 1.6617 4.1668 -11.9844 0.7686 55.5260 1.0765 0.0553
Car -1 -1 0.4385 378.7723 186.7452 522.2375 236.1327 1.5217 1.6675 4.2856 -5.0946 1.5745 23.5240 0.2271 0.0547
Car -1 -1 -0.9495 589.5854 174.1239 638.3881 195.1916 1.5515 1.6614 4.1027 0.5602 0.7347 55.0865 -0.9398 0.0545
Car -1 -1 1.5763 472.3573 190.8747 514.9730 229.5275 1.4390 1.6092 3.8886 -4.6263 1.6866 29.4032 1.4212 0.0538
Car -1 -1 4.8011 394.3871 176.2547 434.4993 207.4961 1.5125 1.6401 3.8473 -9.8205 1.0787 36.8369 4.5421 0.0537
Car -1 -1 2.0359 591.6593 177.0179 638.2449 200.5504 1.5248 1.6058 3.8263 0.5683 0.9936 48.6467 2.0471 0.0536
Car -1 -1 5.2748 0.0000 164.3233 121.4754 233.9553 1.7082 1.6999 4.1632 -15.4739 1.1957 19.7878 4.6176 0.0532
Car -1 -1 4.8138 458.6500 183.8055 518.5533 231.0313 1.4865 1.6207 3.9037 -3.9789 1.4421 24.6224 4.6548 0.0524
Car -1 -1 0.6982 0.0000 171.2320 120.4406 217.8678 1.5368 1.5844 3.8526 -19.0706 1.0760 24.5633 0.0431 0.0516
Car -1 -1 1.8539 157.1506 193.3774 241.6977 238.7675 1.4851 1.6315 3.9695 -14.8494 1.8088 26.3975 1.3454 0.0515
Car -1 -1 2.0140 0.0000 172.5120 108.6009 226.4974 1.5491 1.6534 4.2527 -17.7922 1.1846 22.8802 1.3586 0.0515
Car -1 -1 1.5647 555.8653 186.5831 594.1414 221.5677 1.4761 1.6239 3.8962 -1.4658 1.5416 32.4728 1.5195 0.0513
Car -1 -1 1.5890 424.9529 180.6429 476.0769 226.4042 1.5228 1.6737 4.0744 -5.6332 1.3706 26.0807 1.3780 0.0508
Car -1 -1 0.5602 533.2587 175.6164 593.1789 195.3511 1.4993 1.6843 4.4849 -3.4656 0.7700 56.4265 0.4988 0.0502
Car -1 -1 4.8465 533.0867 177.7773 558.8218 196.8884 1.5236 1.6095 3.8734 -5.0165 0.9306 59.2851 4.7620 0.0501
Car -1 -1 1.7094 398.3904 177.2338 426.0712 197.1048 1.5082 1.5712 3.9231 -15.3129 0.9024 56.6062 1.4461 0.0501