Car -1 -1 4.3717 747.7841 193.2842 994.1465 354.4227 1.4430 1.5777 3.6038 2.8687 1.7426 8.7536 4.6770 0.9738
Car -1 -1 1.7844 371.5161 184.5414 493.0415 263.9312 1.3809 1.6115 4.0557 -3.5603 1.6600 15.1894 1.5573 0.9448
Car -1 -1 1.4156 654.3444 184.4257 722.0160 232.5644 1.4021 1.6397 3.7998 2.5160 1.8163 23.8882 1.5184 0.9353
Car -1 -1 1.6447 512.9241 173.2570 555.1634 211.2658 1.6123 1.6023 4.0159 -3.3608 1.6317 32.6799 1.5426 0.8566
Car -1 -1 1.7429 463.5085 176.0460 532.5608 228.0072 1.5360 1.6014 3.6078 -3.5275 1.6474 23.3747 1.5942 0.8062
Car -1 -1 1.5264 536.9967 176.3008 565.1470 202.2325 1.4950 1.5467 3.7379 -3.6064 1.7148 44.0676 1.4448 0.4853
Car -1 -1 5.4173 0.0000 191.3535 199.4088 375.0000 1.4577 1.5013 3.4236 -3.1247 1.5729 2.7131 4.6094 0.4379
Car -1 -1 1.5092 694.0008 171.6826 725.7401 196.7094 1.4273 1.6163 4.3225 5.9799 1.3605 43.3639 1.6450 0.3547
Car -1 -1 1.3386 677.2170 168.4481 715.2475 190.9408 1.4622 1.6320 4.2309 5.8452 1.1758 49.1007 1.4561 0.2208
Car -1 -1 4.5958 646.6045 180.2076 690.8281 215.6635 1.4768 1.5759 3.5947 2.6216 1.8280 32.6358 4.6746 0.1978
Car -1 -1 4.4349 720.1251 178.6970 772.6309 209.6974 1.4556 1.6126 3.8523 6.8778 1.7684 36.6248 4.6185 0.1368
Car -1 -1 5.1510 0.0000 190.5230 223.4524 375.0000 1.4772 1.6266 3.8771 -3.6201 1.6289 4.1148 4.4608 0.1301
Car -1 -1 1.3920 540.9595 175.6782 575.1760 200.3154 1.6171 1.6504 4.1717 -3.6179 1.8218 50.0936 1.3198 0.1176
Car -1 -1 3.0327 696.1924 180.2986 774.6635 210.3302 1.4314 1.5804 3.6750 6.1852 1.8094 35.7371 3.2021 0.1171
Car -1 -1 4.8939 505.7410 169.1133 533.5042 188.7313 1.5413 1.5830 3.7537 -7.2701 1.2474 58.6078 4.7708 0.1121
Car -1 -1 4.8524 477.7113 161.1475 511.4318 186.0360 1.5491 1.6215 3.9639 -7.4284 0.8205 46.9052 4.6960 0.1030
Car -1 -1 0.1360 455.6763 180.9110 553.2018 216.1983 1.4853 1.6533 4.0362 -4.5461 1.8475 31.5934 -0.0063 0.0916
Car -1 -1 1.1051 634.1547 183.6019 687.8799 211.3145 1.4356 1.6306 3.4909 2.8613 2.0720 40.7970 1.1740 0.0903
Car -1 -1 1.3217 623.4998 179.5920 667.8970 206.8452 1.5092 1.6689 4.1946 2.1095 1.9341 43.2779 1.3695 0.0881
Car -1 -1 0.8172 0.0000 201.7095 224.2645 375.0000 1.4941 1.6257 4.0043 -4.3837 1.6740 3.6365 -0.0250 0.0778
Car -1 -1 4.9018 0.0000 196.7189 419.2625 375.0000 1.4781 1.5712 3.7159 -1.6339 1.6390 2.8592 4.4192 0.0702
Car -1 -1 -0.2312 686.5697 171.7312 749.6489 194.7678 1.4921 1.6106 3.8558 7.1477 1.4194 47.6977 -0.0837 0.0639
Car -1 -1 4.8256 494.5791 167.0468 521.8589 188.4085 1.5394 1.6020 3.7324 -7.5320 1.1209 53.8812 4.6872 0.0637
Car -1 -1 3.0754 643.7266 179.9518 718.3706 206.2616 1.4870 1.6814 4.2363 4.1316 1.9107 42.1719 3.1718 0.0621
Car -1 -1 1.4793 691.5895 172.9918 726.4158 200.6499 1.5076 1.5961 4.2023 5.6661 1.5160 41.4858 1.6137 0.0615
Car -1 -1 1.4117 633.9384 183.1358 671.2805 210.5885 1.4836 1.6612 3.3126 2.4668 2.1071 42.0227 1.4693 0.0614
Car -1 -1 4.6828 644.1230 181.2084 679.2523 214.0534 1.4731 1.5910 3.6692 2.4958 1.9020 35.1745 4.7524 0.0580
Car -1 -1 4.9153 378.6592 178.2373 440.9583 220.5905 1.4801 1.5680 3.6930 -7.5558 1.7000 27.5881 4.6500 0.0574
Car -1 -1 4.8382 516.6996 171.4170 559.7532 205.5312 1.5808 1.6111 3.9802 -3.4458 1.5142 35.4482 4.7416 0.0567
Car -1 -1 -0.0165 518.4446 165.9498 570.4045 188.3159 1.7508 1.6781 4.0670 -5.1997 1.2104 57.5329 -0.1065 0.0555
Car -1 -1 1.4391 631.6538 175.4933 665.9921 200.1564 1.4999 1.6767 4.0961 2.4802 1.6775 46.4409 1.4917 0.0541
Car -1 -1 3.9833 0.0000 164.3396 50.6816 263.1817 1.4714 1.5943 3.8097 -11.5102 1.3446 11.6786 3.2166 0.0525
Car -1 -1 4.8140 764.4299 174.3453 804.8683 205.6515 1.4900 1.6126 3.9082 8.9383 1.5701 36.6526 5.0509 0.0514
Car -1 -1 1.8340 600.0660 179.4558 641.6926 205.0966 1.5309 1.6571 4.1399 0.7794 1.9761 46.4413 1.8502 0.0506