Car -1 -1 1.4864 521.8529 170.8876 564.4503 204.1727 1.4162 1.5865 3.8407 -2.6489 0.9641 32.5896 1.4010 0.8303
Car -1 -1 1.8028 391.6366 151.3820 487.0362 218.9981 1.8820 1.8570 4.6592 -4.8545 1.0434 22.3379 1.5862 0.7621
Car -1 -1 1.7147 449.2486 163.3783 504.2895 205.3048 1.5550 1.5886 4.2024 -4.8689 0.8824 28.7645 1.5436 0.3913
Car -1 -1 4.5987 658.3889 164.3648 703.1065 197.0868 1.4721 1.6446 4.0783 3.7809 0.7007 34.3632 4.7025 0.3353
Car -1 -1 -0.1712 659.2837 165.0079 744.7427 197.3137 1.4559 1.5543 3.6959 4.6576 0.7121 33.2192 -0.0379 0.1263
Car -1 -1 3.0585 693.1274 170.0161 887.6965 238.6212 1.4682 1.6201 4.1316 4.2374 1.2222 16.5004 3.3008 0.1200
Car -1 -1 4.8191 456.2421 159.7502 505.0586 200.2644 1.6665 1.6843 4.3087 -5.2175 0.7714 31.7493 4.6526 0.1176
Car -1 -1 4.5484 545.6840 163.9334 573.7480 185.1841 1.7042 1.6820 3.9941 -3.4170 0.2945 59.7424 4.4867 0.1037
Car -1 -1 -0.5630 681.6041 170.5651 800.5888 212.4478 1.4493 1.6103 4.0555 5.1614 1.0705 26.3512 -0.3765 0.0999
Car -1 -1 1.6740 459.4767 155.6683 505.3112 193.1496 1.4885 1.5490 3.6835 -4.9355 0.4622 30.4128 1.5097 0.0889
Car -1 -1 4.8347 383.2208 153.6424 436.8589 195.3392 1.5150 1.5898 3.6444 -7.3519 0.5024 28.0141 4.5755 0.0883
Car -1 -1 1.5812 691.9833 170.7514 764.1186 238.6325 1.4736 1.5555 3.8705 3.1323 1.2400 17.6368 1.7491 0.0782
Car -1 -1 4.1009 188.8840 169.8979 409.2992 263.2540 1.4384 1.5743 4.0607 -5.4376 1.2595 12.8135 3.7015 0.0729
Car -1 -1 4.0620 321.5370 150.4610 422.2815 193.4969 1.5403 1.6502 3.8905 -8.7777 0.4290 27.5007 3.7510 0.0695
Car -1 -1 4.8440 385.5858 143.0140 432.9038 179.4707 1.5724 1.6531 3.5779 -8.7389 -0.0993 33.0742 4.5830 0.0658
Car -1 -1 -0.2375 497.9076 185.1484 575.2193 214.2377 1.4757 1.6265 3.8138 -3.4001 1.6759 38.1762 -0.3309 0.0638
Car -1 -1 4.6076 483.7978 160.7806 508.2899 181.5997 1.8995 1.8468 4.1285 -9.8745 0.0080 67.7710 4.4587 0.0609
Car -1 -1 5.0723 387.1873 170.2421 531.6497 256.2374 1.4680 1.5718 3.7186 -2.6224 1.2756 14.2302 4.8880 0.0566
Car -1 -1 3.1843 550.2042 169.4206 733.8482 237.3924 1.5016 1.5755 4.1026 0.9808 1.2345 16.8477 3.2363 0.0533
Car -1 -1 3.1862 629.0257 165.9629 710.7210 198.1123 1.4398 1.5728 3.6728 3.2283 0.7434 33.1989 3.2775 0.0515
Car -1 -1 5.1322 554.4994 164.8382 592.9950 185.1684 1.6333 1.6884 4.1226 -2.1800 0.2937 59.9358 5.0911 0.0502