Car -1 -1 1.7518 353.7673 190.1610 473.6168 281.9153 1.4979 1.6094 3.8415 -3.7710 1.8929 14.4952 1.5008 0.9751
Car -1 -1 1.7466 424.3275 172.5659 512.6002 244.7470 1.8431 1.7177 4.2796 -3.8914 1.8357 20.5716 1.5612 0.9413
Car -1 -1 1.6351 519.9138 176.9999 558.6177 206.9886 1.4774 1.7640 4.3749 -3.6790 1.7106 38.3731 1.5397 0.6970
Car -1 -1 0.2613 388.8043 171.2597 472.3830 206.1531 1.5644 1.6177 3.4285 -8.1883 1.4929 33.1932 0.0209 0.2529
Car -1 -1 -0.1109 430.3706 158.4469 500.5517 182.8417 1.4899 1.5931 4.1864 -9.0848 0.6100 45.4593 -0.3072 0.1933
Car -1 -1 4.6687 463.5862 157.0900 493.0856 183.1755 1.6169 1.7132 3.9684 -8.5558 0.6398 46.8482 4.4889 0.1729
Car -1 -1 1.5672 518.8783 175.2099 554.7025 210.3015 1.6618 1.7071 4.3085 -3.7067 1.7889 36.6996 1.4668 0.1233
Car -1 -1 4.9113 427.0268 158.5205 464.7385 183.2332 1.5119 1.5722 4.0764 -10.4263 0.6350 46.1992 4.6904 0.1008
Car -1 -1 5.0614 487.4149 162.7264 526.7211 187.3774 1.7474 1.6546 3.8303 -7.5092 1.0295 53.1911 4.9216 0.0861
Car -1 -1 4.9577 403.9337 171.4477 457.5498 204.6270 1.4922 1.6078 3.7259 -8.4358 1.4289 34.3175 4.7181 0.0750
Car -1 -1 0.3560 492.7227 178.0943 580.8728 206.6607 1.4473 1.6911 4.3549 -3.8591 1.7364 38.4296 0.2561 0.0715
Car -1 -1 1.1438 460.6718 180.3249 518.2493 208.3257 1.5114 1.6819 4.3657 -7.1184 1.9745 42.4448 0.9782 0.0562
Car -1 -1 1.7401 501.7004 176.4460 551.1810 212.9432 1.6511 1.7128 4.1545 -3.9833 1.8368 35.1814 1.6276 0.0533
Car -1 -1 4.4179 413.1428 157.6366 456.9407 183.7487 1.5700 1.6394 3.8390 -11.0314 0.6551 45.4534 4.1810 0.0521
Car -1 -1 1.7414 483.0828 184.1033 520.9992 212.1690 1.5252 1.5975 3.7453 -6.3021 2.2192 42.6190 1.5949 0.0518