Car -1 -1 4.4342 663.6727 183.4163 822.7994 291.8629 1.4236 1.5822 3.4194 1.9736 1.6197 11.6096 4.5972 0.9559
Car -1 -1 -1.0634 921.1661 166.1206 1002.2888 206.6541 1.5100 1.5227 3.1869 13.8872 1.2591 28.4187 -0.6133 0.9012
Car -1 -1 2.4788 570.0273 171.6976 676.9389 215.0091 1.5176 1.6361 3.8115 0.5587 1.4771 27.0802 2.4986 0.8555
Car -1 -1 -1.0337 837.5639 165.1323 945.2313 209.1740 1.4565 1.6360 4.2822 10.1380 1.2011 25.8255 -0.6638 0.8515
Car -1 -1 -0.9024 750.1867 171.7693 869.8439 221.5270 1.4585 1.6351 3.8537 6.4159 1.4267 22.9500 -0.6336 0.8231
Car -1 -1 -1.1600 970.7186 156.4079 1060.7775 200.1871 1.7666 1.7574 4.4832 17.5896 1.1030 31.1725 -0.6505 0.7629
Car -1 -1 2.2637 702.3937 168.9796 794.3817 204.6379 1.4355 1.5737 4.1792 6.0071 1.2795 30.9821 2.4530 0.7123
Car -1 -1 2.2916 795.1037 155.4417 873.3923 186.1178 1.4039 1.4937 3.7419 10.8040 0.6070 34.6351 2.5914 0.2871
Car -1 -1 -1.0842 884.7491 152.0636 945.5039 183.0844 1.8341 1.7161 4.1710 18.9348 0.6049 44.6457 -0.6856 0.2751
Car -1 -1 4.4647 1054.9692 162.7220 1114.3036 191.3963 1.4202 1.6101 4.1933 24.9157 0.9184 37.9816 5.0416 0.2360
Car -1 -1 3.8685 766.2537 151.4511 853.3876 183.8775 1.4939 1.5814 4.0959 9.7447 0.5079 35.3895 4.1350 0.2194
Car -1 -1 4.5840 1119.8398 160.4893 1167.8320 189.7966 1.5534 1.6242 4.1642 29.8849 0.8980 40.4589 5.2166 0.2185
Car -1 -1 4.5153 954.9695 153.5924 994.9086 180.1489 1.7307 1.6748 3.9450 24.8281 0.4754 49.1456 4.9806 0.1801
Car -1 -1 3.5417 929.5018 162.4032 1028.8470 198.6815 1.4664 1.5369 3.4733 15.8164 1.0440 30.9871 4.0096 0.1782
Car -1 -1 -0.2966 769.9081 154.2049 860.2200 185.2638 1.4476 1.5831 3.8531 9.7695 0.5784 34.4654 -0.0227 0.1500
Car -1 -1 -0.8619 727.1974 151.4398 810.8710 188.3067 1.7870 1.7234 4.4282 8.2138 0.7490 36.9942 -0.6452 0.1337
Car -1 -1 -0.7856 813.8916 151.3164 890.7421 178.9770 1.4919 1.6191 4.1790 13.6622 0.3303 40.5746 -0.4630 0.1176
Car -1 -1 4.4911 1130.2463 158.0777 1197.4384 191.5953 1.4496 1.6066 3.9791 25.5192 0.8105 33.3496 5.1399 0.1023
Car -1 -1 2.8195 951.4403 155.4953 1024.9580 179.4477 1.5649 1.6622 4.0362 25.2773 0.4308 48.2789 3.2993 0.0957
Car -1 -1 3.6412 963.4929 171.3918 1069.8885 207.1515 1.5216 1.6231 3.9080 18.4108 1.4594 32.7876 4.1486 0.0946
Car -1 -1 4.3212 1067.0341 148.3667 1111.5297 171.4880 1.8114 1.6688 3.8532 39.0434 -0.1152 58.8192 4.9050 0.0936
Car -1 -1 3.9017 1042.6187 148.5702 1101.9850 172.6522 1.9024 1.7185 4.0162 37.8894 -0.0172 59.1914 4.4689 0.0858
Car -1 -1 2.6060 1059.5333 148.2890 1128.0039 171.0546 1.8025 1.7384 4.3094 39.0539 -0.1478 58.2649 3.1943 0.0836
Car -1 -1 -1.1461 1076.2614 161.0460 1149.4193 190.3809 1.4426 1.5880 4.0220 25.9651 0.8619 37.1996 -0.5406 0.0694
Car -1 -1 2.3629 1123.1414 158.5918 1211.3845 187.2860 1.5217 1.6065 3.7655 30.3384 0.7653 39.2953 3.0167 0.0654
Car -1 -1 1.4596 1116.3441 161.2858 1163.4856 191.9706 1.5926 1.6437 3.8779 28.9952 0.9922 39.5403 2.0886 0.0608
Car -1 -1 -1.0088 1050.2753 150.0902 1105.8850 172.7404 1.7734 1.7023 4.3685 37.7991 -0.0094 58.2031 -0.4351 0.0599
Car -1 -1 -0.9997 1006.8353 169.4079 1098.5190 204.0401 1.4973 1.6307 4.0548 20.1635 1.3484 32.8167 -0.4531 0.0593
Car -1 -1 -0.8361 792.5817 154.3945 879.3116 186.6447 1.5217 1.6653 4.2971 11.2728 0.6507 35.8563 -0.5340 0.0508
Car -1 -1 2.6694 1043.4857 162.3229 1143.5359 192.7005 1.4905 1.6289 3.8809 24.3641 0.9738 36.4315 3.2549 0.0505
Car -1 -1 4.5236 823.5958 152.7267 866.9824 180.9761 1.5324 1.6448 3.8607 13.3854 0.4406 41.1565 4.8358 0.0502