Car -1 -1 1.8885 290.6409 188.9319 441.3162 282.2972 1.5121 1.6508 3.8563 -4.6230 1.8736 14.2882 1.5803 0.9770
Car -1 -1 4.3617 804.3722 191.2944 1049.8008 334.9637 1.3983 1.6269 3.7074 3.8073 1.6858 9.3751 4.7353 0.9702
Car -1 -1 4.5095 745.0059 184.4058 864.1893 265.1112 1.3976 1.6081 3.7630 3.8856 1.6678 14.9600 4.7579 0.9657
Car -1 -1 1.8293 396.3949 184.7199 490.0468 247.8225 1.5183 1.5931 3.7699 -4.4897 1.8787 19.9964 1.6105 0.9569
Car -1 -1 1.7531 448.2447 186.5409 516.4874 232.2220 1.3929 1.6336 3.9981 -4.3508 1.9093 25.2146 1.5833 0.9400
Car -1 -1 4.4986 701.8085 181.4535 795.6932 241.6832 1.4502 1.6746 4.2286 3.7467 1.7156 20.1255 4.6792 0.9354
Car -1 -1 1.6688 525.7631 176.9675 560.1195 208.0066 1.6812 1.6064 3.6957 -3.7809 1.9279 41.4257 1.5778 0.8740
Car -1 -1 4.0551 957.5722 201.7990 1242.0000 375.0000 1.3810 1.5435 3.5775 3.6628 1.6242 4.2598 4.7308 0.8229
Car -1 -1 1.3835 1154.1786 164.8193 1242.0000 219.0885 1.6709 1.6091 4.0273 19.7880 1.4235 24.3709 2.0592 0.5412
Car -1 -1 4.5626 689.1149 176.1413 736.7675 212.7303 1.4604 1.5285 3.2638 4.3499 1.6079 30.7335 4.7013 0.4992
Car -1 -1 4.5713 693.4361 180.9337 754.9108 229.2712 1.5069 1.5753 3.7230 3.8898 1.8077 24.9891 4.7232 0.4727
Car -1 -1 0.4807 331.5610 179.6667 395.6635 200.2267 1.4450 1.5659 4.1661 -17.8852 1.9513 52.5292 0.1537 0.3276
Car -1 -1 1.3080 513.4691 169.4797 545.2886 189.8986 1.7002 1.6673 4.3235 -6.9713 1.4192 62.3956 1.1969 0.2791
Car -1 -1 2.0461 1092.5781 174.0440 1242.0000 246.4706 1.4294 1.6176 4.2190 12.8091 1.4583 15.9028 2.7147 0.2761
Car -1 -1 1.9810 1072.5576 168.1538 1242.0000 245.7029 1.4688 1.5659 3.6445 11.6121 1.3798 15.2504 2.6221 0.2585
Car -1 -1 4.3082 891.2828 175.9090 947.0023 202.5853 1.4613 1.5969 3.7878 17.8858 1.6465 41.8561 4.7091 0.2566
Car -1 -1 1.4559 720.3032 173.2240 744.3553 190.5081 1.4445 1.5881 4.0926 10.5956 1.4776 62.4761 1.6228 0.2499
Car -1 -1 -0.5786 519.2916 170.0460 573.6977 190.4219 1.7001 1.7356 4.4518 -5.4156 1.4658 62.2594 -0.6653 0.2371
Car -1 -1 4.5071 680.1635 168.5499 720.3601 195.3216 1.4873 1.5619 3.8666 5.2374 1.2482 42.0760 4.6297 0.2358
Car -1 -1 0.2564 392.6831 174.7222 477.0651 205.4582 1.5983 1.6466 4.0901 -9.2735 1.7002 38.4924 0.0211 0.2316
Car -1 -1 4.6372 980.5879 179.1569 1022.2739 210.7151 1.4393 1.5232 3.6468 19.3172 1.7682 35.6731 5.1296 0.1363
Car -1 -1 1.1604 1080.7236 174.5116 1181.0364 217.5881 1.5061 1.5955 4.0407 19.7443 1.5743 27.5333 1.7771 0.1235
Car -1 -1 -0.6424 1055.0083 173.9167 1210.8867 221.1559 1.4852 1.6077 3.9573 17.0174 1.5211 23.5727 -0.0234 0.1232
Car -1 -1 1.6990 473.5262 190.8315 522.4588 229.9698 1.4422 1.5530 3.6921 -4.6007 2.2402 30.1628 1.5482 0.1175
Car -1 -1 3.1701 737.5197 175.2517 785.9916 191.1799 1.4171 1.6348 4.2796 13.9017 1.6403 65.8764 3.3769 0.1126
Car -1 -1 0.8933 1007.4310 174.9129 1132.7535 222.8645 1.4743 1.5352 3.7349 15.3551 1.5492 24.2974 1.4510 0.1108
Car -1 -1 1.6097 484.4852 184.4862 522.5608 218.3976 1.5305 1.7216 4.3293 -5.2821 2.1526 36.3454 1.4659 0.1077
Car -1 -1 1.3584 1105.0631 166.4063 1194.3494 216.5715 1.5890 1.6525 3.9234 18.5706 1.3848 24.9828 1.9917 0.1063
Car -1 -1 1.1123 1091.5889 183.5480 1167.1670 213.3690 1.4370 1.7071 3.8537 27.4643 2.0345 38.2701 1.7307 0.1062
Car -1 -1 4.8155 343.5543 179.5274 372.5061 200.1261 1.4289 1.6109 4.1086 -18.6587 1.9453 53.6502 4.4820 0.1047
Car -1 -1 3.9749 1038.1641 172.0444 1237.9604 242.7939 1.4855 1.6234 3.8704 12.3247 1.4685 17.1704 4.5890 0.1027
Car -1 -1 4.4085 856.6615 176.8853 914.8860 213.4259 1.5050 1.4978 3.1598 12.0679 1.6911 31.6949 4.7687 0.1010
Car -1 -1 1.2895 914.5756 172.1791 997.9245 216.9282 1.4683 1.6098 3.9897 12.2621 1.4462 25.7721 1.7287 0.0959
Car -1 -1 4.2293 734.3854 174.1870 776.4547 194.6148 1.4881 1.5510 3.7797 11.0431 1.5932 54.8576 4.4265 0.0956
Car -1 -1 2.3312 1095.3865 182.3481 1186.8673 210.4569 1.4639 1.6877 4.1000 29.1324 2.0005 39.5835 2.9617 0.0955
Car -1 -1 1.2911 1068.1627 183.1766 1124.0939 210.8642 1.4441 1.6285 3.8833 27.7661 2.0649 41.2951 1.8793 0.0947
Car -1 -1 1.6971 501.9048 183.8345 545.2451 217.5672 1.5386 1.6433 4.2412 -4.2773 2.1253 36.4251 1.5805 0.0932
Car -1 -1 1.7961 840.9151 177.1125 895.9614 211.8353 1.4947 1.5792 3.9646 12.1278 1.7058 33.6697 2.1385 0.0875
Car -1 -1 4.6745 760.0496 174.8337 783.5460 195.6460 1.5197 1.5962 3.9419 12.3697 1.6767 55.1637 4.8935 0.0840
Car -1 -1 2.9272 816.8597 176.7061 904.2982 208.1849 1.4770 1.6013 3.7610 12.1548 1.6698 35.1145 3.2574 0.0825
Car -1 -1 1.0071 968.7993 174.1370 1101.2062 227.8331 1.4249 1.5398 3.7674 12.3031 1.4659 21.1534 1.5274 0.0817
Car -1 -1 0.5455 1013.2687 188.1830 1242.0000 375.0000 1.5349 1.6367 4.2658 3.9203 1.6460 2.9945 1.4168 0.0807
Car -1 -1 1.8398 534.2808 181.6421 576.2660 207.2762 1.4632 1.5881 3.9952 -3.3142 2.0340 44.7492 1.7658 0.0800
Car -1 -1 1.0568 929.6140 175.4728 1042.7533 224.5365 1.4432 1.5506 3.8053 12.0498 1.5351 23.3656 1.5273 0.0799
Car -1 -1 1.2845 695.7369 177.7682 784.8923 230.9003 1.4891 1.6387 4.1358 4.0049 1.6588 22.7684 1.4557 0.0747
Car -1 -1 4.7836 677.3521 179.1772 713.8002 209.9007 1.4295 1.5631 3.7525 4.3800 1.7658 36.3815 4.9019 0.0722
Car -1 -1 4.3391 844.4509 202.1524 1242.0000 375.0000 1.4872 1.5449 3.6279 2.4699 1.7307 4.0936 4.8491 0.0717
Car -1 -1 1.0171 1032.2670 181.2584 1105.4294 209.0656 1.4752 1.6618 4.0412 26.3329 1.9825 41.5302 1.5785 0.0698
Car -1 -1 1.5312 517.0545 170.4372 539.0557 190.2291 1.6133 1.6825 4.2085 -6.9226 1.4163 61.0206 1.4185 0.0694
Car -1 -1 -0.2721 1155.7844 174.4222 1242.0000 220.8760 1.5089 1.6349 3.9719 21.6680 1.5669 25.1193 0.4335 0.0669
Car -1 -1 1.5058 686.4932 174.9357 730.3086 212.4938 1.5695 1.6735 4.1937 4.3920 1.6695 32.5378 1.6382 0.0665
Car -1 -1 1.6312 653.8621 182.4400 715.8995 240.7916 1.5848 1.6694 4.3261 2.4465 1.9154 22.6141 1.7367 0.0664
Car -1 -1 4.8763 362.1277 180.9502 395.5033 201.9635 1.4535 1.6881 4.2939 -17.1801 2.0833 53.8847 4.5688 0.0663
Car -1 -1 2.9308 685.3824 168.3987 756.8146 194.8828 1.4711 1.5651 3.7629 6.3008 1.2237 40.9734 3.0819 0.0649
Car -1 -1 1.8663 1145.1295 160.4155 1242.0000 251.6422 1.5388 1.6107 4.0415 12.1784 1.3290 13.9362 2.5738 0.0645
Car -1 -1 4.9614 395.5146 175.0941 441.6385 203.3020 1.4647 1.5803 3.6813 -10.4244 1.5934 39.6065 4.7054 0.0641
Car -1 -1 -0.7216 980.7404 174.9383 1076.9299 206.3909 1.4590 1.5929 3.9497 20.1944 1.5629 34.7974 -0.1998 0.0641
Car -1 -1 2.9372 499.6161 170.8261 551.5759 190.0737 1.5921 1.6453 4.1233 -7.1162 1.4243 61.1118 2.8215 0.0629
Car -1 -1 1.8056 483.5970 177.3936 523.6385 202.2818 1.6137 1.7344 4.5144 -7.2750 1.9426 49.9579 1.6613 0.0616
Car -1 -1 0.5612 259.8260 179.9855 380.4230 226.4533 1.4634 1.5765 3.4364 -9.6482 1.7129 24.1480 0.1845 0.0612
Car -1 -1 4.1963 1008.8682 175.3633 1160.4987 239.3556 1.4957 1.5916 3.8713 12.2993 1.5686 18.9930 4.7634 0.0611
Car -1 -1 1.4468 1086.8247 181.8393 1134.3197 210.7616 1.4565 1.6810 3.6912 27.4433 1.9751 39.6187 2.0487 0.0608
Car -1 -1 0.9554 1164.1378 174.4168 1242.0000 226.4273 1.4608 1.5302 3.5601 19.0961 1.5129 22.2162 1.6585 0.0606
Car -1 -1 4.0504 487.6406 174.5672 534.0994 192.9936 1.5149 1.6929 4.2404 -8.4802 1.6666 61.7948 3.9143 0.0601
Car -1 -1 0.1416 650.6459 169.4583 720.7913 196.3252 1.4807 1.5549 3.7812 4.3399 1.2936 40.9810 0.2460 0.0596
Car -1 -1 1.4005 678.7778 170.7548 719.0894 198.1344 1.4683 1.5971 3.9785 4.9896 1.3557 40.7213 1.5211 0.0595
Car -1 -1 1.5357 488.3911 183.7634 521.3946 214.4740 1.5007 1.6177 3.8535 -5.6607 2.1173 38.7473 1.3911 0.0592
Car -1 -1 4.1611 1105.2246 172.2358 1224.3813 216.1386 1.5264 1.6783 4.0113 20.7302 1.5049 27.1617 4.8074 0.0585
Car -1 -1 3.8528 1018.2404 173.9054 1234.4326 247.9788 1.4558 1.5561 3.8700 11.4297 1.4826 16.3085 4.4552 0.0567
Car -1 -1 -0.2984 680.6990 178.6795 764.3486 209.9646 1.4596 1.6028 3.7144 5.4683 1.7517 35.1212 -0.1458 0.0559
Car -1 -1 1.3026 508.7077 188.3369 569.2568 227.7508 1.4548 1.5820 3.7631 -3.0231 2.1482 30.2748 1.2033 0.0557
Car -1 -1 -0.4899 1032.3510 180.7978 1123.2365 209.0414 1.5075 1.6639 3.9112 25.9306 1.9593 40.0542 0.0808 0.0556
Car -1 -1 -0.6899 1182.4939 157.1388 1242.0000 244.4875 1.4612 1.5896 3.9601 13.0113 1.1983 13.0275 0.0834 0.0551
Car -1 -1 1.2083 1017.0032 179.8826 1077.3508 207.8563 1.4414 1.6110 3.8185 24.3069 1.8529 40.2163 1.7483 0.0546
Car -1 -1 1.0105 1214.4108 175.5185 1242.0000 244.7641 1.4327 1.5261 3.5281 16.1939 1.5022 16.9511 1.7641 0.0545
Car -1 -1 1.5080 719.1084 170.9823 743.0031 191.7704 1.6819 1.7110 4.1864 10.1595 1.5305 60.5481 1.6731 0.0544
Car -1 -1 1.9087 572.4125 178.9178 624.0134 208.4827 1.4785 1.5658 3.9636 -0.5563 1.8248 39.0828 1.8940 0.0539
Car -1 -1 -0.3999 694.8069 179.0815 828.2974 227.8726 1.5345 1.6514 4.0602 5.0613 1.7539 24.2079 -0.1969 0.0539
Car -1 -1 1.6975 474.8826 184.0276 523.4850 220.0029 1.4725 1.6612 4.2752 -4.9796 2.0173 33.0269 1.5484 0.0536