Car -1 -1 4.9463 416.9304 184.7875 496.7977 236.0484 1.4419 1.6016 3.5228 -4.5061 1.4298 22.0079 4.7464 0.9351
Car -1 -1 5.0577 206.2159 194.0447 421.7490 312.8586 1.4121 1.5942 4.2540 -4.1648 1.5734 10.9952 4.7033 0.9039
Car -1 -1 4.9676 366.9316 182.2882 433.5898 222.1216 1.5845 1.6815 4.3476 -8.7605 1.4681 30.7856 4.6923 0.8504
Car -1 -1 5.3119 0.0000 190.6718 204.2010 303.1120 1.4571 1.5785 4.0401 -8.3674 1.5601 11.5455 4.6956 0.8433
Car -1 -1 5.1077 229.8303 168.3966 326.1530 212.5979 1.5577 1.7442 4.4775 -12.4849 0.9649 27.5933 4.6863 0.8210
Car -1 -1 4.8951 466.5620 181.0855 519.0674 217.4417 1.5200 1.6156 3.9152 -5.0264 1.3474 32.0347 4.7403 0.7807
Car -1 -1 4.7227 577.9205 178.6660 610.2076 207.0780 1.4789 1.6807 4.1577 -0.6993 1.1380 39.5034 4.7047 0.7447
Car -1 -1 4.8434 503.7064 182.9960 537.5106 208.5660 1.4087 1.5070 3.2751 -4.9301 1.2864 41.2491 4.7248 0.6205
Car -1 -1 5.1056 353.6390 179.8255 408.7938 207.9711 1.4947 1.5878 3.8184 -12.5515 1.2085 40.1507 4.8042 0.5340
Car -1 -1 3.7690 0.0000 218.6709 305.7577 376.0000 1.4326 1.5690 3.9317 -5.4613 1.8222 7.5539 3.1594 0.4719
Car -1 -1 5.4055 226.8249 191.2376 367.6243 249.7557 1.4016 1.5559 3.6060 -8.2925 1.5819 19.5714 5.0093 0.4676
Car -1 -1 4.7664 422.7923 179.6261 454.8020 208.0963 1.4777 1.5081 3.3799 -9.1210 1.1876 39.1067 4.5385 0.3668
Car -1 -1 2.6341 0.0000 176.8867 122.9645 230.6962 1.4616 1.5453 3.6853 -16.8705 1.2354 21.5241 1.9753 0.1826
Car -1 -1 5.1399 114.6260 200.8040 401.4587 357.6837 1.4467 1.5636 4.1165 -4.0210 1.6894 9.1166 4.7349 0.1590
Car -1 -1 0.8557 0.0000 190.6700 162.3009 251.2847 1.4865 1.5428 4.0404 -14.1162 1.6401 19.0465 0.2243 0.1421
Car -1 -1 3.2160 120.7730 166.8773 236.9196 205.9663 1.5897 1.6831 4.1671 -18.2820 0.8439 30.9079 2.6855 0.1391
Car -1 -1 -0.0378 419.2306 180.5191 493.0550 209.3469 1.4910 1.5476 3.7852 -8.0721 1.2481 38.3885 -0.2440 0.1174
Car -1 -1 4.6738 528.9033 169.5151 551.1865 190.7016 1.6304 1.6303 3.4563 -5.3624 0.4222 57.1405 4.5803 0.0942
Car -1 -1 0.4816 166.0366 172.0659 299.5312 214.3507 1.4902 1.6371 4.0106 -13.5549 1.0268 26.1683 0.0077 0.0921
Car -1 -1 1.9430 285.7445 177.0992 343.9287 204.9284 1.5591 1.7323 4.2743 -17.1647 1.1044 42.4187 1.5604 0.0908
Car -1 -1 1.6863 396.0550 174.4850 419.5749 192.3516 1.5160 1.5536 3.8048 -17.4394 0.6055 62.9955 1.4170 0.0879
Car -1 -1 4.9616 492.5342 179.7798 539.6713 209.2183 1.5483 1.6660 3.9431 -4.9912 1.2624 39.8681 4.8374 0.0872
Car -1 -1 2.2802 168.1474 196.9468 341.7426 266.4989 1.4810 1.6066 4.1659 -8.7397 1.8156 18.2780 1.8395 0.0847
Car -1 -1 5.3004 193.8063 167.3870 282.1152 201.8790 1.4524 1.6077 3.9288 -16.4848 0.7017 32.3159 4.8320 0.0794
Car -1 -1 1.0814 473.4084 189.9441 538.4579 220.2679 1.4613 1.6572 4.0144 -5.3209 1.7212 37.4095 0.9406 0.0785
Car -1 -1 2.1106 348.1088 185.7233 406.5247 209.5102 1.4378 1.7106 4.0126 -14.5406 1.4716 45.6935 1.8038 0.0782
Car -1 -1 2.4181 7.5054 178.9820 162.2662 230.9157 1.4823 1.4745 3.9277 -16.2318 1.3044 22.5984 1.8006 0.0773
Car -1 -1 2.3183 82.1583 180.5588 208.6549 224.8446 1.4711 1.5521 3.9569 -16.5219 1.3164 25.9662 1.7561 0.0750
Car -1 -1 1.7910 290.4423 174.3969 337.1516 203.8562 1.6910 1.7221 4.2283 -17.6780 1.0700 43.4905 1.4068 0.0689
Car -1 -1 4.6704 347.0345 214.8249 434.6006 297.7095 1.4672 1.6972 3.9550 -5.0079 2.2313 16.4049 4.3779 0.0672
Car -1 -1 2.3204 0.0000 190.5081 144.4373 340.1855 1.5434 1.6240 4.0957 -8.4059 1.6297 9.6428 1.6170 0.0671
Car -1 -1 0.1073 308.8473 181.3951 377.0624 207.3496 1.5339 1.6409 3.7371 -16.0149 1.3081 43.7291 -0.2421 0.0647
Car -1 -1 3.3195 491.5623 182.1962 557.5538 208.1781 1.4458 1.5241 3.5127 -4.6691 1.2778 40.8762 3.2061 0.0638
Car -1 -1 1.9457 24.0765 187.6854 157.5737 247.8839 1.4639 1.6204 3.9097 -13.9876 1.5389 19.7428 1.3354 0.0633
Car -1 -1 3.5250 0.0000 179.9249 141.0175 229.8136 1.5004 1.5157 3.7631 -17.2182 1.3413 22.8308 2.8843 0.0614
Car -1 -1 0.2906 338.7986 178.5143 415.9632 206.2010 1.4962 1.5755 3.7606 -12.6364 1.1340 39.6642 -0.0162 0.0609
Car -1 -1 3.4705 172.9761 170.3119 286.4128 206.1341 1.4711 1.6060 3.9693 -15.9887 0.8591 30.6102 2.9926 0.0603
Car -1 -1 1.9133 293.0797 176.0896 346.3263 204.1459 1.5454 1.6582 3.8241 -16.5397 1.0427 41.5365 1.5363 0.0597
Car -1 -1 1.7674 401.4044 178.3815 449.3575 207.9953 1.4604 1.6218 4.2475 -9.4402 1.1234 37.6100 1.5228 0.0577
Car -1 -1 5.1874 23.1135 210.5087 334.2701 376.0000 1.4121 1.5019 3.3564 -4.4083 1.7533 8.0085 4.6979 0.0574
Car -1 -1 3.7810 317.4251 179.7610 397.2794 208.0613 1.4952 1.5741 3.9752 -13.6612 1.2070 39.3307 3.4485 0.0565
Car -1 -1 1.6178 323.8098 206.6962 426.3104 298.8130 1.4683 1.7286 4.1721 -4.6104 1.9755 14.7365 1.3191 0.0556
Car -1 -1 5.1981 42.2988 178.0882 155.6149 226.0536 1.4724 1.5462 3.6287 -16.7913 1.2536 23.9610 4.5919 0.0555
Car -1 -1 4.7322 179.7559 167.2099 223.8799 203.2112 1.5056 1.6237 3.9046 -18.0754 0.7526 32.1679 4.2237 0.0548
Car -1 -1 -0.5216 299.0388 189.4465 775.7626 376.0000 1.5629 1.5253 3.9242 -0.4613 1.6103 6.3291 -0.5920 0.0534
Car -1 -1 -0.1147 179.3805 167.7447 286.9306 202.7720 1.4564 1.5995 4.0531 -16.4495 0.7299 31.6807 -0.5902 0.0533
Car -1 -1 4.5445 4.9746 174.5782 49.9790 200.6322 1.5745 1.5826 3.9370 -36.5885 0.9317 45.3424 3.8682 0.0531
Car -1 -1 1.9261 399.5764 173.9734 429.4327 191.5087 1.5435 1.4920 3.4742 -17.4085 0.5539 65.0738 1.6654 0.0527
Car -1 -1 4.6597 413.4048 218.7183 497.1820 300.6390 1.4714 1.6914 3.8485 -3.6220 2.3461 16.6897 4.4485 0.0523
Car -1 -1 4.8462 471.5992 179.5395 519.1809 213.6342 1.5155 1.6737 4.1827 -5.2273 1.2632 34.0581 4.6947 0.0521
Car -1 -1 4.7722 441.7997 187.9410 499.7165 237.3513 1.5458 1.7040 4.2320 -4.6440 1.6487 24.9367 4.5895 0.0508
Car -1 -1 0.9386 438.1340 185.4448 506.8890 214.0333 1.4962 1.6501 4.0535 -7.4648 1.5095 39.6426 0.7533 0.0506
Car -1 -1 4.7146 307.4467 176.3454 354.7507 216.8332 1.4848 1.6373 4.0249 -10.9376 1.1595 28.5349 4.3514 0.0502