Car -1 -1 1.8466 290.6448 188.2126 508.0302 329.9981 1.5416 1.7872 4.4587 -2.7519 1.8149 10.5854 1.5972 0.9618
Car -1 -1 4.5684 661.2927 183.2491 728.2866 233.4852 1.4632 1.6311 3.9014 2.7231 1.8347 23.8093 4.6801 0.9408
Car -1 -1 4.5043 678.0728 186.9086 779.7066 256.1601 1.4407 1.6490 4.0478 2.8239 1.8299 17.9160 4.6571 0.9382
Car -1 -1 4.3959 732.5522 157.5166 976.2383 324.0088 1.8776 1.8332 4.6735 3.1741 1.7046 10.5019 4.6804 0.8245
Car -1 -1 1.6145 668.1204 176.1490 691.7352 195.2937 1.5021 1.7581 4.2899 5.8483 1.7846 59.6308 1.7114 0.3756
Car -1 -1 1.4644 569.8804 180.2623 594.2460 199.3031 1.5055 1.6332 3.9876 -2.3470 2.1509 60.7679 1.4255 0.3644
Car -1 -1 1.5448 656.5934 184.5848 679.0858 205.9091 1.4890 1.5876 3.7454 4.3641 2.4045 54.3988 1.6238 0.2428
Car -1 -1 0.4025 548.4412 179.9386 597.3204 199.1248 1.5292 1.6043 3.7240 -3.0428 2.1314 59.9328 0.3515 0.1211
Car -1 -1 1.5568 633.6636 189.5275 669.4839 223.3104 1.4611 1.6480 4.0007 2.0191 2.3226 35.2462 1.6128 0.1204
Car -1 -1 1.5903 650.3555 192.2967 689.7726 229.9891 1.4454 1.6267 3.9701 2.7064 2.3591 31.8501 1.6735 0.0860
Car -1 -1 2.9908 437.5014 180.0102 500.5737 204.9008 1.5150 1.6241 3.7560 -8.9869 1.9862 46.1152 2.7990 0.0835
Car -1 -1 1.4866 663.5990 176.1252 689.2740 195.8971 1.5211 1.7068 4.2937 5.3721 1.7955 58.3733 1.5775 0.0794
Car -1 -1 2.6343 566.5887 179.7245 615.9243 199.4271 1.5596 1.6074 3.7928 -1.5108 2.1459 59.9232 2.6087 0.0786
Car -1 -1 1.6650 416.3455 210.8681 513.7053 297.7242 1.4456 1.6928 3.9003 -3.0283 2.3844 15.7982 1.4775 0.0715
Car -1 -1 2.4857 664.0367 184.2457 721.0598 205.5730 1.4711 1.6726 4.0031 6.1529 2.3416 53.3866 2.5993 0.0681
Car -1 -1 1.5033 629.0454 190.5112 672.8972 228.5475 1.4712 1.6484 4.1341 1.7693 2.3031 31.9154 1.5574 0.0665
Car -1 -1 4.5311 485.8377 217.4040 592.6320 302.8968 1.4521 1.7434 3.8936 -1.7352 2.6058 16.5715 4.4270 0.0652
Car -1 -1 1.3376 703.4625 170.2946 755.3641 203.6141 1.4981 1.6147 3.6975 5.6404 1.3830 34.3427 1.4986 0.0636
Car -1 -1 1.5068 615.9280 183.2197 641.7074 204.5306 1.4576 1.6518 3.8780 1.3869 2.2507 53.2370 1.5322 0.0621
Car -1 -1 2.5556 644.0371 184.2440 696.0855 206.3157 1.5367 1.6100 3.5395 4.4833 2.4043 53.4030 2.6383 0.0608
Car -1 -1 1.9002 556.8230 178.3944 592.2181 199.0761 1.5603 1.6395 3.9369 -2.7606 2.0195 57.6877 1.8522 0.0582
Car -1 -1 2.7728 655.4827 175.6617 708.4482 194.9053 1.5159 1.6469 3.9475 5.8649 1.7488 58.5420 2.8718 0.0566
Car -1 -1 1.6271 651.4490 188.2787 690.0337 222.4230 1.4740 1.6495 4.0707 3.0359 2.2721 35.2044 1.7117 0.0563
Car -1 -1 1.6647 657.5898 165.8680 679.3066 183.9775 1.6595 1.6638 4.2022 5.6059 1.0193 68.3318 1.7460 0.0553
Car -1 -1 2.1798 676.7366 181.0448 726.9271 202.8245 1.4655 1.6457 3.9225 6.6896 2.0793 52.0647 2.3064 0.0553
Car -1 -1 4.5789 436.1497 176.5771 476.5284 207.0577 1.4596 1.5626 3.5696 -7.8901 1.6603 36.9689 4.3697 0.0531
Car -1 -1 2.9219 664.4934 158.7313 1015.2745 301.7394 1.9034 1.8569 4.6235 3.1464 1.7154 10.6654 3.2000 0.0530
Car -1 -1 1.2627 708.6071 170.4684 769.8221 205.7909 1.4789 1.5876 3.8375 5.7131 1.3790 32.2173 1.4362 0.0520
Car -1 -1 4.6500 674.8041 165.9691 695.7549 183.8808 1.6399 1.7051 4.2172 7.1260 1.0095 68.2004 4.7534 0.0516