Car -1 -1 4.5042 704.9050 191.4681 837.0945 281.4364 1.3701 1.6492 3.6834 2.8742 1.7685 13.5981 4.7070 0.9520
Car -1 -1 -0.2651 776.0884 178.6464 960.7631 245.7766 1.6260 1.6864 4.1862 6.5576 1.7834 18.6285 0.0676 0.9508
Car -1 -1 0.5167 91.4300 188.2763 389.1216 301.2160 1.5790 1.5864 3.8625 -5.6186 1.8389 11.2488 0.0623 0.9219
Car -1 -1 0.5730 0.0000 196.8222 319.3125 327.9623 1.4268 1.5978 4.3107 -6.0855 1.7520 8.9699 -0.0097 0.9065
Car -1 -1 0.4567 229.1948 185.1004 448.0988 263.1157 1.5867 1.6074 4.2868 -5.9307 1.8762 16.0260 0.1071 0.8502
Car -1 -1 3.4706 251.0867 179.7022 427.8683 236.7123 1.3861 1.5704 3.9635 -6.8483 1.5701 18.5655 3.1214 0.8441
Car -1 -1 3.3274 389.5937 177.8688 495.1124 220.2702 1.5757 1.5947 3.7394 -6.3989 1.7755 27.8869 3.1034 0.8048
Car -1 -1 0.5152 173.1259 183.3266 400.6460 266.6259 1.4419 1.4344 3.7038 -6.0129 1.6529 13.6278 0.1063 0.7362
Car -1 -1 3.3791 309.3597 184.2098 466.4985 238.0613 1.4630 1.4889 4.0946 -6.3005 1.8040 20.8143 3.0881 0.7211
Car -1 -1 3.8596 0.0000 204.0234 89.9221 375.0000 1.4802 1.5785 3.6652 -6.9388 1.7917 6.2446 3.0430 0.7161
Car -1 -1 3.4499 344.3709 185.4422 477.5353 233.5871 1.4708 1.6378 3.8500 -6.3789 1.8952 23.4200 3.1863 0.6408
Car -1 -1 4.6526 638.0082 179.1368 667.6692 202.7666 1.4507 1.6904 4.3371 2.8118 1.8842 47.6203 4.7107 0.6392
Car -1 -1 4.8416 528.9668 173.0372 556.7318 194.6080 1.6268 1.6669 3.9357 -5.1818 1.6417 56.4492 4.7502 0.6106
Car -1 -1 2.8225 707.2173 182.8650 820.1263 223.0777 1.5315 1.6050 4.1466 6.1552 1.9485 29.0247 3.0287 0.5912
Car -1 -1 0.1394 476.4548 176.1677 545.2328 203.8311 1.5650 1.5966 3.7628 -5.6838 1.7607 41.8194 0.0047 0.5263
Car -1 -1 2.8743 694.0923 179.6722 791.9244 214.2861 1.4635 1.5851 3.9672 5.8492 1.7736 31.8511 3.0536 0.4860
Car -1 -1 0.1767 398.0225 172.6504 507.8295 211.9956 1.6139 1.6698 4.3070 -6.5529 1.6056 30.5040 -0.0335 0.4096
Car -1 -1 5.4185 0.0000 201.1059 123.0689 312.6521 1.3894 1.5581 3.5022 -9.8300 1.9143 11.6438 4.7285 0.2972
Car -1 -1 4.7225 381.0852 170.9362 400.8718 189.1242 1.5532 1.6231 3.8667 -19.2704 1.3894 63.6981 4.4297 0.2732
Car -1 -1 4.5659 701.2192 173.6290 747.4683 207.0673 1.5314 1.6622 3.8563 5.5168 1.5711 35.0682 4.7201 0.2574
Car -1 -1 4.3430 459.4585 169.6922 497.1742 190.8858 1.6096 1.6310 3.8894 -10.3789 1.3695 56.8833 4.1630 0.2099
Car -1 -1 -0.1617 682.7066 174.9707 767.6231 206.6176 1.4552 1.5938 3.7514 5.4165 1.5576 34.0950 -0.0059 0.2053
Car -1 -1 3.5322 483.2781 179.3649 548.7938 205.0166 1.5237 1.5817 3.7050 -5.7855 1.9386 44.7344 3.4039 0.1983
Car -1 -1 0.5545 0.0000 179.2472 301.4658 282.4310 1.4962 1.6046 3.9758 -7.1840 1.6040 11.3667 0.0011 0.1742
Car -1 -1 5.8827 0.0000 195.0616 92.2854 331.1469 1.4407 1.6129 4.1857 -10.3268 1.8362 10.6107 5.1234 0.1610
Car -1 -1 5.1945 58.2712 178.6404 141.4854 212.6892 1.4199 1.5650 3.6052 -22.9327 1.6967 32.6191 4.5854 0.1508
Car -1 -1 0.7205 0.0000 194.2569 84.4881 296.7303 1.4487 1.6118 3.9595 -10.8986 1.8132 11.4258 -0.0297 0.1459
Car -1 -1 1.2818 621.9271 177.1783 651.9445 195.4210 1.5053 1.5750 3.8145 2.3390 1.8925 62.5517 1.3186 0.1440
Car -1 -1 4.6166 345.8773 173.5029 369.4627 191.1701 1.5012 1.5933 3.9679 -22.2274 1.5603 63.6015 4.2814 0.1385
Car -1 -1 4.5753 383.3832 161.7581 415.1295 185.9238 1.6663 1.6762 3.9002 -15.1516 0.9012 51.8757 4.2923 0.1212
Car -1 -1 4.5984 689.9028 177.6065 735.4805 212.0112 1.4493 1.6000 4.0387 4.6520 1.6801 32.9969 4.7366 0.1167
Car -1 -1 5.3197 6.2803 178.5322 100.5978 212.5811 1.4269 1.5651 3.6617 -25.0979 1.6990 32.7213 4.6692 0.1141
Car -1 -1 3.7016 378.3134 157.4946 441.7009 180.6952 1.7827 1.7088 4.6187 -15.7361 0.6025 56.9230 3.4329 0.1120
Car -1 -1 1.9199 0.0000 184.5508 112.1430 288.6050 1.4489 1.5840 3.8097 -10.2272 1.6860 12.5674 1.2470 0.1106
Car -1 -1 4.6603 924.3731 168.9304 953.3561 192.2097 1.5255 1.5902 3.9413 22.5072 1.2684 49.4089 5.0853 0.1062
Car -1 -1 5.0001 284.6180 167.8203 330.4037 194.2785 1.6123 1.6626 3.8284 -19.1763 1.3055 45.9596 4.6067 0.1058
Car -1 -1 1.4434 743.9781 178.2528 810.8134 230.7341 1.5025 1.5493 4.1866 5.3099 1.6926 23.2571 1.6644 0.0976
Car -1 -1 3.2680 608.0424 179.6379 670.6833 204.2688 1.5230 1.6373 3.8463 1.9362 1.9695 46.3630 3.3090 0.0963
Car -1 -1 1.8959 331.8902 166.6290 373.5113 190.3205 1.6180 1.6092 3.9216 -18.1875 1.1929 51.2499 1.5563 0.0946
Car -1 -1 5.0883 405.5305 156.1438 444.5182 179.0136 1.7537 1.7066 3.8385 -14.6169 0.4723 57.3421 4.8397 0.0936
Car -1 -1 1.5364 853.1733 174.6397 903.4556 216.9045 1.5031 1.6668 4.0936 10.3718 1.5780 28.0517 1.8867 0.0919
Car -1 -1 4.7335 467.6834 184.4550 507.2261 221.6720 1.4601 1.6032 3.7832 -5.2884 1.9991 31.5335 4.5681 0.0893
Car -1 -1 4.5095 823.4766 165.1003 858.8474 187.3231 1.5193 1.6217 3.9714 16.4442 0.9892 51.3877 4.8173 0.0862
Car -1 -1 1.4868 748.4653 183.0078 800.4094 225.6405 1.5041 1.6441 4.2115 6.4790 1.9388 28.6993 1.7059 0.0787
Car -1 -1 0.7505 0.0000 176.9441 113.3367 211.4500 1.4548 1.5959 3.9978 -24.2448 1.6399 31.6520 0.1008 0.0784
Car -1 -1 4.8919 431.6079 180.2840 491.2447 222.6727 1.5529 1.6669 3.9388 -5.8953 1.8732 29.1149 4.6933 0.0765
Car -1 -1 1.4333 0.0000 181.3685 10.4459 290.5065 1.4785 1.6395 4.0977 -11.5346 1.6428 11.9994 0.6787 0.0693
Car -1 -1 2.7018 0.0000 197.2125 100.0850 375.0000 1.4943 1.5968 3.9299 -6.6313 1.7630 5.8426 1.8760 0.0691
Car -1 -1 4.8470 696.6909 170.6218 725.0810 192.3849 1.6192 1.6780 3.8078 7.8594 1.4531 55.7413 4.9860 0.0690
Car -1 -1 4.9351 510.9650 177.6325 550.3708 203.5016 1.5404 1.6548 3.9205 -4.9529 1.8570 45.7614 4.8275 0.0686
Car -1 -1 3.8851 727.1825 168.9948 792.7926 195.2528 1.5467 1.5813 3.9286 9.2380 1.3194 44.5571 4.0878 0.0678
Car -1 -1 2.9197 634.3771 178.1010 701.2380 201.8876 1.4754 1.5964 4.0233 3.7148 1.8199 46.3054 2.9987 0.0656
Car -1 -1 4.3668 705.8336 179.8757 788.1233 227.3772 1.4624 1.5717 3.7743 4.6229 1.7230 24.7921 4.5483 0.0653
Car -1 -1 1.8973 166.4460 181.8577 330.1514 276.5247 1.4386 1.4714 3.9035 -6.4663 1.6307 13.3735 1.4542 0.0652
Car -1 -1 3.5581 363.4867 171.2241 413.3145 188.7751 1.5025 1.5946 3.8280 -19.2262 1.3629 62.7894 3.2619 0.0636
Car -1 -1 -0.1503 772.6324 179.1657 915.8714 234.9688 1.5080 1.4687 3.7296 6.6458 1.6983 20.7412 0.1549 0.0634
Car -1 -1 4.9062 416.5826 178.8538 490.6141 229.0335 1.5546 1.6960 4.2677 -5.2962 1.7804 25.0116 4.6991 0.0622
Car -1 -1 1.3347 699.2507 183.8897 759.2964 221.7707 1.4164 1.5640 4.0473 4.9402 1.9111 30.2664 1.4942 0.0619
Car -1 -1 1.7606 401.2852 181.1509 477.5339 236.2675 1.4861 1.5417 3.8445 -5.0826 1.7614 21.9898 1.5355 0.0609
Car -1 -1 -0.3612 744.4669 176.3184 852.8570 214.4871 1.4910 1.5437 3.9755 7.6502 1.6366 29.3477 -0.1092 0.0603
Car -1 -1 -0.0608 652.8212 178.9937 741.8103 213.2395 1.4517 1.6148 3.8008 3.8147 1.7303 31.8279 0.0568 0.0602
Car -1 -1 1.5268 638.9076 176.3162 666.5684 200.7020 1.4686 1.5819 3.9518 2.7150 1.6989 46.0054 1.5849 0.0597
Car -1 -1 3.6803 245.9877 170.0940 321.8348 194.6105 1.4857 1.6276 4.0263 -20.1749 1.3184 44.7682 3.2589 0.0590
Car -1 -1 3.3692 643.8114 185.1602 742.8557 223.8166 1.4525 1.5140 3.7523 3.4085 1.9752 29.3067 3.4830 0.0585
Car -1 -1 2.9315 858.6620 170.1380 928.4479 192.5229 1.4798 1.6496 4.1405 19.1698 1.3002 48.8449 3.3031 0.0570
Car -1 -1 -0.1107 745.2796 180.6828 872.2227 227.4570 1.4519 1.5819 3.8819 6.4842 1.7221 23.8301 0.1511 0.0553
Car -1 -1 4.8397 0.0000 194.5372 102.8781 375.0000 1.4029 1.5641 4.2099 -6.5555 1.7026 7.7731 4.1558 0.0552
Car -1 -1 2.1280 640.2343 175.7704 681.0211 194.4342 1.5195 1.6286 3.9406 4.3817 1.7763 61.4623 2.1985 0.0551
Car -1 -1 4.8429 493.5117 177.2153 528.4150 202.3730 1.4298 1.5719 4.1014 -5.9319 1.7068 43.7741 4.7086 0.0544
Car -1 -1 2.9062 694.4915 170.1362 750.9258 191.4724 1.5882 1.6822 3.9425 8.5528 1.3859 54.7088 3.0601 0.0543
Car -1 -1 4.7236 760.1420 176.1006 804.0565 215.9483 1.5005 1.6409 4.0384 7.1093 1.6437 29.6791 4.9559 0.0537