Car -1 -1 1.7205 423.8228 185.9915 536.7404 268.9794 1.4434 1.6968 4.3395 -2.5925 1.7639 15.4225 1.5558 0.9510
Car -1 -1 4.3406 774.1637 174.4417 1183.7090 375.0000 1.6075 1.6532 3.9175 2.7084 1.6259 6.3817 4.7242 0.9368
Car -1 -1 1.9809 18.1967 151.0742 434.7892 375.0000 1.7694 1.6746 3.9656 -2.9215 1.6308 6.5784 1.5767 0.9175
Car -1 -1 1.7427 514.9619 173.7183 579.6849 222.9142 1.6539 1.6596 4.2064 -2.1953 1.6882 26.5016 1.6602 0.8306
Car -1 -1 1.6652 482.6845 173.2758 553.3770 239.0122 1.7437 1.6548 4.2621 -2.5989 1.7574 21.3190 1.5446 0.6949
Car -1 -1 5.3472 628.7143 175.7690 685.0893 204.2896 1.5117 1.5427 3.2068 2.6739 1.6815 40.3187 5.4124 0.6801
Car -1 -1 2.2480 455.0414 158.3367 533.1736 193.4802 1.4810 1.5409 3.5953 -5.1125 0.8692 32.3493 2.0922 0.2122
Car -1 -1 5.0410 411.7821 156.7853 475.7192 193.8444 1.5940 1.6661 3.9269 -7.5184 0.9029 33.0765 4.8190 0.0780
Car -1 -1 -0.3452 407.4749 168.3038 532.2469 215.6260 1.4623 1.5641 3.7543 -4.6076 1.3216 23.9238 -0.5338 0.0721
Car -1 -1 -0.7264 834.6500 153.9686 1242.0000 375.0000 1.5857 1.6390 4.1657 4.0083 1.4733 5.3381 -0.1092 0.0692
Car -1 -1 0.0033 413.9612 164.2563 525.8266 207.1929 1.5056 1.5960 3.9059 -5.0861 1.2041 26.4449 -0.1853 0.0651
Car -1 -1 3.8170 404.8446 157.5342 502.5870 194.3482 1.5573 1.6561 4.1361 -6.9646 0.9092 32.1876 3.6054 0.0649
Car -1 -1 4.7926 621.9260 166.1617 645.1182 186.5179 1.6720 1.6674 3.8177 2.0633 1.1223 61.2567 4.8258 0.0644
Car -1 -1 0.0673 519.2570 169.9384 586.9822 194.1066 1.4909 1.6367 4.1416 -3.5079 1.3110 45.3488 -0.0098 0.0577
Car -1 -1 4.9539 542.0925 175.4047 603.8897 214.9002 1.5190 1.6560 4.0279 -1.4508 1.6332 30.1620 4.9057 0.0576
Car -1 -1 4.3948 569.3313 184.2917 634.5478 222.7363 1.4587 1.6347 3.8938 -0.3958 1.9793 30.7377 4.3813 0.0566
Car -1 -1 1.6342 565.9408 186.2936 605.3448 221.4125 1.4664 1.5845 4.0096 -1.0633 2.1320 33.7090 1.6022 0.0563
Car -1 -1 1.3031 525.4221 161.6144 566.9127 185.4340 1.4260 1.6039 3.9598 -4.0280 0.7531 45.3316 1.2147 0.0562
Car -1 -1 4.6708 631.1891 207.2567 866.2724 375.0000 1.5468 1.5926 3.5611 1.1526 1.9567 6.7335 4.8307 0.0544