Car -1 -1 1.9117 180.1501 190.5520 433.9940 334.5009 1.4848 1.8089 4.3598 -3.8800 1.7882 10.1757 1.5552 0.9623
Car -1 -1 4.4193 730.0491 178.7755 944.2322 326.9088 1.4864 1.5734 3.3433 2.6133 1.5746 9.0635 4.6902 0.9552
Car -1 -1 4.6806 663.0530 177.3355 734.4194 238.1980 1.4568 1.7351 4.1953 2.3562 1.5929 19.7529 4.7968 0.9258
Car -1 -1 3.3411 371.6062 173.3582 484.4723 218.1820 1.6092 1.6486 3.8150 -6.6786 1.6286 26.8284 3.0990 0.8440
Car -1 -1 4.7475 616.8380 171.9863 637.9476 192.4378 1.5968 1.5757 3.6351 1.4642 1.5290 58.1966 4.7721 0.2378
Car -1 -1 1.7012 536.8771 176.9075 560.3949 195.1534 1.5421 1.5957 3.7399 -5.3515 1.9108 63.7332 1.6174 0.2235
Car -1 -1 1.3761 642.9909 138.1697 711.4342 186.2916 1.5562 1.6466 3.9571 2.2912 0.4346 25.3878 1.4649 0.1458
Car -1 -1 4.9043 415.4497 163.5722 454.7402 190.7055 1.4729 1.5560 3.2919 -9.8308 0.9691 40.8464 4.6693 0.1378
Car -1 -1 2.6963 748.5887 170.4834 837.7902 203.1238 1.5611 1.5749 3.9853 9.0558 1.4477 35.6748 2.9425 0.1285
Car -1 -1 4.7756 420.2753 159.8272 454.0598 186.9902 1.5128 1.6520 4.3568 -10.0937 0.7873 42.4709 4.5435 0.1121
Car -1 -1 4.6490 606.9441 170.1694 645.8475 203.2287 1.5029 1.6189 4.0010 0.7599 1.3809 34.8356 4.6701 0.1001
Car -1 -1 1.1034 603.5331 180.4889 640.8368 198.6628 1.4714 1.5980 3.9803 1.0538 2.1538 62.3538 1.1198 0.0924
Car -1 -1 1.6197 539.2220 182.8533 559.0928 199.2438 1.4215 1.6474 3.9340 -5.5815 2.3776 67.0024 1.5365 0.0756
Car -1 -1 3.2273 560.3806 168.9584 648.4526 203.0457 1.5386 1.6538 3.9671 -0.1984 1.3628 33.5497 3.2209 0.0743
Car -1 -1 4.3277 870.7689 176.1568 1050.2845 264.0048 1.4389 1.6343 4.1601 6.5913 1.5131 14.0913 4.7565 0.0742
Car -1 -1 1.7317 530.5048 176.4396 557.2350 196.0359 1.6050 1.6135 4.3539 -5.6182 1.9249 62.1407 1.6415 0.0641
Car -1 -1 4.8159 431.4029 164.5554 463.5415 189.8070 1.4670 1.5128 3.8333 -9.8195 0.9849 43.9094 4.5970 0.0630
Car -1 -1 4.3634 599.9329 172.9059 635.7321 193.2637 1.5654 1.5903 3.9812 0.6208 1.5697 57.6366 4.3737 0.0622
Car -1 -1 4.5859 351.1755 173.2396 436.6973 238.6952 1.4893 1.6220 3.9369 -5.6366 1.5004 18.5702 4.2946 0.0603
Car -1 -1 1.3635 689.4717 170.3972 739.1915 202.7903 1.4749 1.5863 3.9536 4.9985 1.3631 34.8785 1.5042 0.0568