Car -1 -1 4.3073 806.4816 186.5772 1053.5931 328.7003 1.4470 1.5754 3.6380 3.9296 1.6634 9.5404 4.6861 0.9655
Car -1 -1 1.8191 395.6898 184.7661 491.3618 248.3499 1.4994 1.6417 3.7309 -4.3910 1.8544 19.6124 1.6010 0.9648
Car -1 -1 4.4575 747.0238 185.1554 880.9855 270.6851 1.4525 1.6664 3.8030 3.9902 1.7358 14.7066 4.7164 0.9418
Car -1 -1 1.7891 457.8456 184.9657 526.6216 232.8096 1.4921 1.5890 3.8260 -4.0499 1.9522 25.4519 1.6322 0.9342
Car -1 -1 4.5415 716.7842 182.7633 798.2341 241.0575 1.4375 1.6163 3.6398 4.0495 1.7409 20.2550 4.7352 0.9275
Car -1 -1 4.5388 695.4683 178.3215 765.1362 225.9894 1.5057 1.6760 4.3364 4.1583 1.7152 25.4710 4.6981 0.8742
Car -1 -1 1.6384 545.0581 177.4969 573.4542 202.0681 1.5045 1.5884 3.6417 -3.2193 1.8167 46.6908 1.5695 0.7361
Car -1 -1 1.7487 485.5287 182.0448 542.1491 221.4293 1.4919 1.6447 4.1697 -3.9589 1.9068 30.4460 1.6199 0.7270
Car -1 -1 4.1290 962.9274 224.6043 1242.0000 375.0000 1.4106 1.5788 3.7505 3.7588 1.8689 4.4547 4.7962 0.6756
Car -1 -1 4.3459 669.7485 172.7164 725.6472 202.7564 1.4321 1.6011 3.6036 4.3791 1.4255 36.3403 4.4644 0.4240
Car -1 -1 1.7396 719.8971 174.8623 744.7599 190.5917 1.4204 1.7079 3.6788 11.5426 1.6144 67.6908 1.9075 0.3712
Car -1 -1 1.3886 989.0117 173.2234 1040.2185 206.2078 1.5235 1.5210 3.7263 19.7898 1.5426 35.3792 1.8947 0.2318
Car -1 -1 2.4711 994.5139 173.4924 1086.7777 206.2738 1.5206 1.5863 3.5872 20.6015 1.5521 34.5400 3.0048 0.2293
Car -1 -1 1.2174 1118.3408 196.8139 1242.0000 282.4995 1.4279 1.6311 3.7484 12.3393 2.0001 15.1971 1.8891 0.2209
Car -1 -1 -0.3868 681.2729 173.1096 762.5916 203.3965 1.4400 1.4065 3.6883 5.5045 1.4529 35.4362 -0.2345 0.2106
Car -1 -1 1.4829 939.7750 172.8777 977.1373 200.4452 1.4822 1.5547 3.8929 19.7196 1.4836 40.8934 1.9290 0.2081
Car -1 -1 -0.2992 977.2183 187.9790 1139.3993 245.2445 1.4030 1.4688 3.4173 11.9392 1.8333 19.4004 0.2450 0.1983
Car -1 -1 3.8408 393.0121 179.4866 468.4183 211.1435 1.5061 1.4789 3.5812 -9.0266 1.8540 36.3907 3.5989 0.1867
Car -1 -1 0.1493 971.2626 171.8143 1075.6428 211.2265 1.4715 1.6027 3.3965 16.3858 1.4327 28.6177 0.6646 0.1865
Car -1 -1 3.3677 439.6501 173.5351 509.0172 199.5526 1.5517 1.6407 3.8861 -8.2077 1.5941 43.9835 3.1840 0.1821
Car -1 -1 1.3758 684.7649 175.8549 731.7130 207.9308 1.4267 1.4649 4.0019 4.6573 1.5787 34.5178 1.5082 0.1538
Car -1 -1 4.8739 659.1708 177.9793 698.2408 205.9655 1.4862 1.6140 3.8968 3.9910 1.7935 41.1710 4.9693 0.1342
Car -1 -1 -0.2896 646.6854 171.2668 734.1282 202.2515 1.4597 1.5561 3.9479 3.9092 1.3849 35.1112 -0.1801 0.1291
Car -1 -1 4.4863 408.0857 176.9326 447.1646 201.7056 1.4543 1.5557 3.8019 -11.4026 1.7207 45.0783 4.2396 0.1216
Car -1 -1 1.7415 744.7202 175.8297 770.3066 192.5819 1.4693 1.6482 3.9950 13.6045 1.7512 66.2108 1.9430 0.1144
Car -1 -1 0.7238 938.9328 168.6505 1048.2336 207.4995 1.4798 1.5766 3.8708 15.6245 1.3197 29.5738 1.2054 0.1069
Car -1 -1 1.4232 401.8960 177.3298 433.0699 200.2164 1.5025 1.5546 3.8165 -13.4038 1.8269 50.2345 1.1635 0.1061
Car -1 -1 2.4850 964.0377 175.7772 1052.1873 207.9385 1.4821 1.5759 3.4470 19.0191 1.6261 34.4884 2.9849 0.1042
Car -1 -1 4.9033 543.4540 170.4836 568.9424 187.0911 1.5145 1.6431 4.1001 -4.9897 1.2984 67.9334 4.8300 0.0952
Car -1 -1 4.8736 989.4626 168.3333 1054.7311 209.2153 1.5688 1.6998 4.2449 17.1319 1.3953 29.8753 5.3897 0.0950
Car -1 -1 -0.6073 812.3386 172.7225 883.2203 197.9707 1.4850 1.6463 3.8314 14.4412 1.4773 43.7759 -0.2910 0.0945
Car -1 -1 4.9530 745.8329 174.1119 776.9216 193.1022 1.5171 1.5956 4.1532 12.6898 1.6259 60.1540 5.1596 0.0889
Car -1 -1 -0.4249 938.8959 171.7324 1024.4395 199.4697 1.4885 1.6040 3.8562 20.3757 1.4283 39.6120 0.0468 0.0875
Car -1 -1 2.2853 641.2576 180.3086 709.5947 209.6391 1.5069 1.6215 3.8867 3.6860 1.9399 39.9826 2.3760 0.0864
Car -1 -1 1.2376 711.7863 173.2898 742.7680 189.9649 1.4919 1.6084 3.9884 10.8539 1.5335 66.7678 1.3978 0.0820
Car -1 -1 0.7801 409.9124 178.1850 490.3611 210.4344 1.4971 1.5987 3.8993 -7.9258 1.7741 35.7797 0.5632 0.0812
Car -1 -1 -0.1164 634.5990 178.1441 704.2695 206.0141 1.5130 1.6244 3.7200 3.3150 1.8155 40.3822 -0.0357 0.0777
Car -1 -1 1.6768 538.8093 176.6933 572.6017 204.8601 1.6618 1.6876 4.0477 -3.3254 1.9131 45.1796 1.6033 0.0752
Car -1 -1 1.0480 950.8970 162.1472 1072.7181 214.4861 1.5170 1.6372 3.8549 12.5833 1.2066 22.8601 1.5454 0.0742
Car -1 -1 4.4753 833.8477 172.0496 883.8414 204.0756 1.5518 1.5911 3.6280 12.6630 1.5128 36.8404 4.8035 0.0737
Car -1 -1 5.4971 416.0418 177.0828 491.4891 208.0870 1.4847 1.6044 3.7561 -7.9539 1.7140 37.1135 5.2870 0.0728
Car -1 -1 4.8487 493.6654 179.7745 542.8334 215.7643 1.4740 1.6445 4.0401 -4.0269 1.8038 32.3621 4.7253 0.0727
Car -1 -1 4.6858 693.6313 186.2900 732.8442 223.2429 1.4036 1.5421 3.7240 4.3661 2.0123 30.7517 4.8248 0.0684
Car -1 -1 1.7283 661.8862 176.8074 703.7589 207.7211 1.5361 1.6205 3.9794 3.9619 1.7589 38.5284 1.8295 0.0684
Car -1 -1 0.7524 1027.7811 166.4003 1165.5498 213.2939 1.4713 1.5818 3.8520 16.5106 1.2688 24.6956 1.3359 0.0677
Car -1 -1 4.4567 843.3510 173.6180 898.4054 206.0425 1.4869 1.5862 3.8407 12.6593 1.5262 35.1629 4.7992 0.0640
Car -1 -1 -0.5443 695.1641 183.8972 804.0638 222.8908 1.4641 1.6342 4.1067 5.7048 1.9369 29.4103 -0.3553 0.0630
Car -1 -1 -0.2378 959.8828 172.1292 1053.4030 200.5652 1.4724 1.6331 4.1203 21.2013 1.4349 38.6801 0.2600 0.0623
Car -1 -1 2.1783 1030.5092 173.7659 1120.6243 207.1097 1.4752 1.6302 3.8280 21.6302 1.5195 33.4926 2.7474 0.0614
Car -1 -1 0.5833 1024.4922 197.7351 1242.0000 375.0000 1.5012 1.6244 4.1522 3.7234 1.6692 2.7251 1.4711 0.0599
Car -1 -1 1.1242 1078.1086 194.8014 1242.0000 269.4878 1.4028 1.5845 3.9107 12.6874 1.9780 16.8387 1.7608 0.0597
Car -1 -1 3.5674 718.6284 174.0854 768.3958 192.7391 1.4863 1.6045 3.6978 11.0200 1.5907 59.4332 3.7495 0.0596
Car -1 -1 1.7836 713.8887 173.2887 741.8572 191.1448 1.5574 1.6343 4.2794 10.7461 1.5982 65.3355 1.9456 0.0589
Car -1 -1 2.3934 1025.8363 212.7257 1242.0000 375.0000 1.4384 1.6659 4.3572 5.1935 1.7353 4.3447 3.2337 0.0579
Car -1 -1 1.8422 588.9520 177.5733 630.8049 203.5179 1.4964 1.5849 3.9229 0.0683 1.8011 44.4839 1.8432 0.0573
Car -1 -1 2.7538 676.4016 178.2602 748.5319 206.0964 1.4862 1.6253 3.6373 5.7216 1.7969 40.2367 2.8935 0.0565
Car -1 -1 2.3549 1034.2632 191.6897 1242.0000 268.1787 1.4715 1.6504 4.2025 11.6629 1.9078 15.5783 2.9878 0.0563
Car -1 -1 1.4941 929.7596 173.6672 967.4957 202.0030 1.4896 1.5869 3.9602 18.8291 1.5373 40.1871 1.9291 0.0560
Car -1 -1 4.4911 653.5616 185.2914 710.5670 222.4940 1.4116 1.6017 3.8163 3.0144 1.9752 30.7032 4.5873 0.0549
Car -1 -1 2.6776 707.2106 173.3161 755.0342 189.4397 1.4549 1.6396 4.0449 11.2084 1.4984 66.5647 2.8433 0.0530
Car -1 -1 -1.1153 1016.8854 170.3134 1116.0902 213.9868 1.5160 1.6304 3.7589 16.9477 1.4278 26.7298 -0.5556 0.0519
Car -1 -1 4.8711 654.0465 187.4244 727.6500 246.8745 1.4700 1.5467 3.6207 2.4159 1.9284 20.7489 4.9844 0.0512
Car -1 -1 4.5372 837.0781 170.2834 894.2718 208.1975 1.5357 1.6425 4.0343 11.0430 1.4316 31.3477 4.8725 0.0507
Car -1 -1 1.0526 967.8907 173.4014 1097.7012 226.7506 1.4307 1.5843 3.8333 12.3252 1.4483 21.3060 1.5707 0.0506
Car -1 -1 0.9940 958.4207 176.4151 1037.1489 208.8156 1.4689 1.5082 3.8444 18.8003 1.6520 35.1286 1.4815 0.0500