Car -1 -1 5.0311 215.8502 195.8448 343.4961 267.6698 1.4770 1.6266 3.9037 -7.7487 1.7642 17.4009 4.6174 0.9703
Car -1 -1 4.7669 682.0369 181.4346 741.7965 233.2011 1.5287 1.7113 3.5101 3.4323 1.4170 23.1182 4.9121 0.9575
Car -1 -1 5.1433 77.5450 199.4720 223.3541 263.1950 1.4083 1.6562 4.0646 -11.8265 1.8261 18.9513 4.5914 0.9327
Car -1 -1 5.2868 0.0000 208.6213 163.8357 376.0000 1.4319 1.6081 3.7402 -6.7976 1.7592 8.1052 4.6049 0.9288
Car -1 -1 4.8593 210.4044 192.4845 263.3544 228.1046 1.6024 1.6835 4.4619 -18.2999 1.9875 35.6943 4.3881 0.7516
Car -1 -1 4.7917 770.4720 178.0780 799.1027 200.1301 1.5021 1.6770 3.8771 12.6482 1.0159 51.0697 5.0328 0.6371
Car -1 -1 4.8605 315.2977 191.4777 358.7159 220.4313 1.4468 1.6203 3.9818 -14.5760 1.8045 38.9509 4.5042 0.6151
Car -1 -1 1.5844 303.6791 189.5712 328.1233 210.6513 1.4909 1.6355 3.7540 -21.7380 1.8288 53.7315 1.2013 0.3217
Car -1 -1 1.7870 45.6094 198.5470 134.5571 249.8021 1.4054 1.5268 3.5165 -16.1567 1.8606 22.6250 1.1721 0.2764
Car -1 -1 4.8347 254.5448 188.3488 284.0605 209.8193 1.5298 1.5777 3.4536 -25.1818 1.7719 53.6563 4.3973 0.2458
Car -1 -1 1.8153 0.0000 188.3525 60.9355 228.7260 1.4730 1.5886 3.7988 -23.2238 1.6068 28.6047 1.1377 0.2290
Car -1 -1 4.6071 442.7665 180.9317 466.6891 199.4908 1.4813 1.5543 3.6876 -12.6172 1.1394 59.3699 4.3982 0.2233
Car -1 -1 1.7694 399.7845 178.6658 449.9447 212.2166 1.6004 1.6778 4.0695 -9.1506 1.2880 36.3624 1.5242 0.2080
Car -1 -1 4.9345 65.7155 193.8481 150.9625 242.8237 1.4499 1.5493 3.6091 -16.4945 1.7609 23.9366 4.3360 0.1982
Car -1 -1 -0.4388 785.9186 173.2919 871.4705 204.6633 1.4486 1.5363 3.5776 10.5113 0.8980 34.2107 -0.1434 0.1765
Car -1 -1 0.3608 59.7687 196.8487 208.1263 244.5314 1.4555 1.5358 3.7777 -15.4534 1.8569 23.6538 -0.2131 0.1640
Car -1 -1 1.3595 817.0448 171.9070 866.0448 203.2843 1.4498 1.5024 3.7938 11.4013 0.8349 35.1777 1.6702 0.1624
Car -1 -1 5.1768 14.9802 194.1206 109.0276 234.5343 1.4633 1.5747 3.5023 -21.6542 1.8421 28.7127 4.5347 0.1534
Car -1 -1 1.5053 273.8490 183.5030 305.0862 208.4257 1.4944 1.5574 3.7237 -19.9677 1.3917 45.1136 1.0904 0.1511
Car -1 -1 1.6040 734.6639 192.1062 775.8663 227.8834 1.4464 1.6688 3.9652 6.6415 1.7735 32.0018 1.8064 0.1357
Car -1 -1 5.0846 187.7731 195.2446 271.4745 237.6402 1.4192 1.5547 3.5607 -13.9641 1.8188 26.7917 4.6077 0.1310
Car -1 -1 3.7415 19.1204 199.1030 161.7403 244.8997 1.3969 1.5671 3.4679 -16.6185 1.8613 23.2295 3.1256 0.1210
Car -1 -1 3.7451 0.0000 191.3881 85.7669 231.1839 1.4891 1.5391 3.5354 -22.7188 1.7378 28.0716 3.0690 0.1195
Car -1 -1 4.6487 403.7265 159.0580 430.2990 182.5805 1.7291 1.7327 4.0426 -14.7201 -0.2116 55.5252 4.3906 0.1176
Car -1 -1 -0.2153 800.5139 177.1511 877.5887 205.5442 1.5886 1.6762 3.9381 13.2466 1.1374 41.2389 0.0931 0.1162
Car -1 -1 1.6742 260.5504 184.6077 288.9916 203.8644 1.4740 1.6362 4.0633 -26.4140 1.4275 57.2134 1.2430 0.1106
Car -1 -1 1.7158 303.6215 185.3870 351.8624 219.7753 1.6595 1.7126 4.1560 -14.2814 1.6689 36.9286 1.3488 0.1101
Car -1 -1 1.9197 234.2442 182.2048 281.5751 204.8809 1.5427 1.6093 4.4118 -24.7937 1.3379 51.1818 1.4703 0.1088
Car -1 -1 1.4770 655.0643 185.9826 690.7944 213.4632 1.4683 1.6231 4.0872 3.6594 1.5138 40.5714 1.5658 0.1087
Car -1 -1 5.2328 340.6782 197.8928 412.5855 231.2967 1.4504 1.6527 3.7534 -11.0613 2.0985 34.7462 4.9263 0.1076
Car -1 -1 5.0589 221.6031 195.7959 301.2081 237.6566 1.4179 1.5499 3.6418 -12.9742 1.8458 27.1891 4.6170 0.1074
Car -1 -1 0.2107 199.7531 194.1921 293.2686 228.2141 1.5427 1.6401 3.7498 -17.2374 1.9894 34.5180 -0.2498 0.1063
Car -1 -1 1.1417 708.8519 182.5978 751.0936 203.6672 1.5063 1.6142 3.9034 9.0861 1.3191 53.4861 1.3087 0.1053
Car -1 -1 1.5555 825.7897 173.8683 872.3176 216.5577 1.4899 1.5537 4.1827 9.1379 1.0939 27.3167 1.8748 0.1025
Car -1 -1 1.9480 422.1929 179.5168 475.7039 208.6634 1.4999 1.5448 3.7733 -8.5163 1.2066 38.9804 1.7340 0.1011
Car -1 -1 4.8378 369.9102 160.6224 429.9785 207.8156 1.7936 1.7930 4.7047 -8.4831 0.8589 29.7807 4.5625 0.1003
Car -1 -1 1.6245 294.2532 186.7660 323.0538 209.6685 1.5522 1.6573 4.4171 -21.2975 1.6681 51.3962 1.2331 0.0913
Car -1 -1 1.4785 766.5493 176.3811 797.0352 199.6059 1.5447 1.6798 4.0794 12.0869 0.9571 49.9504 1.7142 0.0912
Car -1 -1 1.5812 443.9848 176.7504 466.0920 198.6521 1.6650 1.6492 4.0234 -11.9932 1.0215 56.7844 1.3736 0.0898
Car -1 -1 3.3794 0.0000 194.0288 137.9288 243.4412 1.4396 1.6072 3.7922 -17.3832 1.7393 22.9587 2.7366 0.0854
Car -1 -1 0.4842 670.0496 189.1220 756.9549 218.3956 1.4667 1.7194 4.2967 5.6593 1.6866 38.4995 0.6286 0.0845
Car -1 -1 2.2575 0.0000 191.2079 70.3745 233.1841 1.4616 1.5683 3.7252 -22.6571 1.7058 27.4263 1.5715 0.0840
Car -1 -1 0.1908 615.7395 186.9398 687.4608 214.7838 1.4712 1.6924 3.6713 2.4530 1.5688 39.4170 0.2520 0.0810
Car -1 -1 -0.5956 816.7728 172.9799 903.5164 205.1974 1.4818 1.5186 3.6868 12.0442 0.9191 34.2724 -0.2606 0.0809
Car -1 -1 -0.2645 753.0706 177.8058 811.9396 199.7202 1.5132 1.6533 3.7145 12.2876 1.0015 50.5145 -0.0276 0.0805
Car -1 -1 1.8864 720.5215 175.5458 752.1938 194.1159 1.6797 1.7312 4.0993 12.1118 0.8050 67.2361 2.0635 0.0787
Car -1 -1 4.4771 347.0635 199.7177 404.4250 235.9057 1.4855 1.6976 3.7352 -10.7281 2.1959 33.1772 4.1661 0.0770
Car -1 -1 1.4817 297.6435 182.7017 328.3808 205.6743 1.5324 1.6329 4.0628 -20.5466 1.3647 50.1325 1.0943 0.0763
Car -1 -1 3.9324 220.3877 186.5558 278.5895 207.9322 1.5308 1.6218 3.8313 -26.3878 1.6323 53.0417 3.4723 0.0705
Car -1 -1 3.4181 0.0000 189.7511 60.7334 231.7507 1.4795 1.6026 3.9571 -23.3284 1.6609 27.2072 2.7139 0.0685
Car -1 -1 2.2271 0.0000 196.9801 137.7761 247.2676 1.4194 1.5915 3.7074 -17.0812 1.8271 23.0384 1.5943 0.0684
Car -1 -1 1.8028 2.1657 191.3344 84.1704 235.5229 1.5188 1.6166 3.7115 -21.2983 1.7683 27.2921 1.1446 0.0677
Car -1 -1 1.3078 668.0172 184.8913 701.5266 205.6280 1.4650 1.4824 3.8863 5.6585 1.4421 52.8218 1.4134 0.0662
Car -1 -1 1.4267 188.7437 195.9615 237.5176 226.9176 1.5059 1.7267 4.1663 -21.2371 2.1166 38.6701 0.9269 0.0657
Car -1 -1 1.7273 299.8939 186.4637 326.6786 203.4518 1.4941 1.6319 4.1719 -26.8475 1.6121 65.7663 1.3407 0.0646
Car -1 -1 1.5768 44.4374 224.3264 177.0373 336.8767 1.4615 1.7137 3.9762 -8.8495 2.2817 12.9459 0.9861 0.0636
Car -1 -1 1.6660 121.6152 181.1264 168.1016 212.1805 1.4507 1.5445 4.0980 -22.9276 1.2597 35.7581 1.0990 0.0633
Car -1 -1 1.9307 333.3604 186.4380 375.6954 207.3979 1.4805 1.6357 3.9997 -18.5807 1.5741 53.0297 1.5949 0.0633
Car -1 -1 2.4607 685.2098 183.4581 745.1353 204.8145 1.4870 1.7315 4.0988 7.7992 1.3646 51.8400 2.6088 0.0632
Car -1 -1 1.8633 164.0269 192.5499 253.0226 239.4578 1.4735 1.6406 3.9816 -13.9329 1.7538 25.3592 1.3649 0.0628
Car -1 -1 1.9401 297.4530 183.8097 339.4631 203.3284 1.4524 1.6235 4.1334 -22.2585 1.3478 55.5674 1.5604 0.0616
Car -1 -1 -0.6869 830.1136 172.1190 929.9744 211.7474 1.4907 1.5224 3.5153 10.7419 0.9981 28.3289 -0.3282 0.0616
Car -1 -1 0.9362 261.5911 190.6920 337.8326 220.4910 1.4655 1.6471 3.9710 -16.1435 1.7658 37.7043 0.5338 0.0615
Car -1 -1 0.9050 234.0359 184.4837 298.8016 209.7831 1.4981 1.6336 3.7431 -20.9276 1.4548 44.1360 0.4642 0.0600
Car -1 -1 1.7833 650.6317 188.0931 694.8047 216.4322 1.4625 1.7082 3.5253 3.6380 1.6281 39.4297 1.8741 0.0597
Car -1 -1 3.8011 418.4698 164.5639 466.5208 182.3527 1.6333 1.6924 4.3132 -15.6346 -0.2784 68.2198 3.5765 0.0594
Car -1 -1 1.7863 668.5404 186.6638 712.0870 214.3918 1.4637 1.6318 3.8778 4.7032 1.5490 40.2637 1.9013 0.0592
Car -1 -1 1.8370 475.7985 179.6685 508.9823 199.3053 1.4997 1.5912 4.0240 -9.0565 1.0760 56.9856 1.6798 0.0591
Car -1 -1 1.2870 824.4885 174.7649 889.0759 215.6773 1.5055 1.4393 3.5687 9.7327 1.1209 28.2664 1.6152 0.0579
Car -1 -1 -0.7806 849.0367 169.7974 938.6208 202.4588 1.4828 1.6326 3.9564 13.6242 0.7828 34.1638 -0.4043 0.0577
Car -1 -1 3.4828 378.1217 161.2101 439.3652 183.2818 1.6327 1.7094 4.1297 -14.9760 -0.1489 54.3567 3.2151 0.0569
Car -1 -1 0.6270 154.4885 193.7023 255.2399 226.3170 1.4938 1.6400 4.0318 -19.2861 1.9139 34.5309 0.1205 0.0565
Car -1 -1 1.2428 282.7083 186.3069 315.9441 203.1761 1.4672 1.6198 3.7868 -27.7397 1.5684 64.7243 0.8390 0.0545
Car -1 -1 2.0445 153.0275 195.6216 217.6364 224.2545 1.4594 1.6305 3.5582 -23.2643 2.0616 39.7820 1.5178 0.0541
Car -1 -1 1.9982 329.4357 182.7927 375.6392 204.3820 1.4873 1.5897 4.0351 -18.2180 1.3204 51.6027 1.6601 0.0526
Car -1 -1 1.6492 727.0602 190.7721 768.4974 223.3337 1.4549 1.6647 4.2317 6.9272 1.7441 35.1534 1.8417 0.0525