Car -1 -1 4.4384 739.1817 192.9771 976.3908 351.7150 1.4265 1.5974 4.2360 2.7985 1.7411 9.1513 4.7248 0.9718
Car -1 -1 1.6648 497.9313 183.7776 554.6309 230.3153 1.3749 1.5315 3.5415 -2.6929 1.7644 23.9390 1.5533 0.9642
Car -1 -1 4.5629 646.5071 177.5352 704.1153 222.0186 1.5565 1.6191 3.9200 2.4460 1.7491 27.6763 4.6494 0.9441
Car -1 -1 3.4421 203.4590 180.5986 405.8776 251.4077 1.3814 1.5047 3.6364 -6.2879 1.5541 15.1816 3.0551 0.9020
Car -1 -1 0.6036 0.0000 194.2073 321.6536 324.1586 1.4191 1.5305 4.2240 -5.9949 1.7090 8.9738 0.0279 0.8553
Car -1 -1 0.5305 105.2380 189.7553 366.2645 283.0289 1.4918 1.6254 3.8316 -6.5196 1.8142 12.8220 0.0679 0.8359
Car -1 -1 0.7395 0.0000 219.7945 237.4809 375.0000 1.4731 1.6301 4.1043 -5.7619 1.9456 6.3932 0.0265 0.6841
Car -1 -1 4.6554 619.2164 177.3409 640.5803 195.3002 1.4553 1.5946 3.9091 1.7032 1.8496 61.4343 4.6826 0.5366
Car -1 -1 0.2841 284.3923 173.4584 355.5521 196.9873 1.4556 1.5956 3.8870 -18.2794 1.4947 45.6654 -0.0949 0.4080
Car -1 -1 3.2810 396.1258 179.5260 503.4741 215.7286 1.4798 1.7069 4.2856 -6.7615 1.7747 30.8774 3.0668 0.3793
Car -1 -1 4.6203 683.3834 174.0012 705.2007 191.0346 1.4649 1.5746 3.8883 7.5191 1.5703 64.2815 4.7359 0.3202
Car -1 -1 1.3992 475.2418 166.8787 502.4452 186.7791 1.5583 1.5841 3.5909 -9.8070 1.0904 58.4564 1.2335 0.2863
Car -1 -1 3.3623 435.5216 179.2718 517.7043 210.4535 1.4935 1.5989 3.7489 -6.5540 1.8196 35.7939 3.1821 0.2792
Car -1 -1 4.6484 213.2171 183.0896 259.5509 221.1507 1.4693 1.5417 3.5288 -15.9605 1.9331 30.7904 4.1734 0.2634
Car -1 -1 4.9204 304.7377 173.4985 345.5297 198.5399 1.5468 1.6577 4.0154 -18.3865 1.5905 46.7950 4.5477 0.1560
Car -1 -1 4.3566 666.9883 163.9150 706.3654 187.7851 1.7619 1.7145 4.0036 5.8752 1.1021 55.4113 4.4614 0.1530
Car -1 -1 4.7870 309.5533 173.8483 332.7301 191.9984 1.6211 1.6837 4.1727 -26.7195 1.7165 66.9347 4.4083 0.1443
Car -1 -1 1.6333 618.0474 174.3203 642.5360 196.9430 1.7611 1.7208 4.3983 1.7234 1.8851 58.7324 1.6621 0.1441
Car -1 -1 4.7405 93.5430 174.0689 126.9733 197.9535 1.4732 1.6545 4.4080 -32.4973 1.5563 47.0387 4.1385 0.1368
Car -1 -1 3.0931 421.7961 174.0534 500.0766 202.3302 1.4345 1.5646 3.9577 -7.8306 1.4997 37.9603 2.8907 0.1325
Car -1 -1 1.7554 416.1986 174.0901 453.7018 200.4431 1.5094 1.5083 3.8451 -10.4684 1.5872 43.4690 1.5201 0.1173
Car -1 -1 1.4678 463.1390 175.9191 503.2712 208.2956 1.5365 1.6228 3.8432 -6.4728 1.7012 36.7040 1.2940 0.1161
Car -1 -1 0.4806 75.5297 208.4871 375.6284 318.3183 1.4619 1.4717 3.7371 -5.6272 2.0353 10.8532 0.0116 0.1159
Car -1 -1 4.0393 0.0000 185.9252 49.2025 219.0428 1.4457 1.5722 3.5664 -28.2530 2.0732 33.5135 3.3426 0.1128
Car -1 -1 4.5712 450.3439 167.2908 480.7333 190.3070 1.6568 1.6943 3.9554 -10.8292 1.2564 54.0867 4.3742 0.1108
Car -1 -1 2.2271 0.0000 181.9188 81.4592 216.2771 1.4949 1.5274 3.9337 -27.3734 1.9521 34.4131 1.5587 0.1105
Car -1 -1 4.6147 474.7103 170.4730 496.1579 187.0652 1.5093 1.6034 3.9949 -11.6840 1.2927 67.7708 4.4443 0.1099
Car -1 -1 1.8905 478.1631 176.9522 530.9249 208.2698 1.4929 1.5485 3.8035 -5.3115 1.7141 36.9301 1.7482 0.1097
Car -1 -1 1.0686 622.5286 178.5718 667.5891 200.4757 1.6493 1.6828 4.4314 2.7992 2.1270 57.9230 1.1162 0.1081
Car -1 -1 0.5133 344.8188 172.4475 404.7234 190.1765 1.4521 1.6414 4.5458 -19.6248 1.4188 60.3548 0.2000 0.1000
Car -1 -1 4.0935 320.6509 173.6871 407.0854 207.2996 1.4353 1.6128 4.1468 -11.1925 1.4753 32.7713 3.7666 0.0964
Car -1 -1 1.7606 0.0000 220.2616 45.4509 315.9829 1.4168 1.6463 3.5616 -12.7485 2.5025 14.5701 1.0508 0.0952
Car -1 -1 5.4286 476.9977 170.9023 521.2981 188.9782 1.6440 1.7515 4.2608 -10.3482 1.4665 67.8924 5.2777 0.0946
Car -1 -1 4.0120 207.8905 165.5868 280.6931 192.0695 1.5291 1.6454 4.0921 -21.8826 1.1095 43.2215 3.5456 0.0920
Car -1 -1 1.9758 636.6746 181.8308 676.4665 203.5755 1.5757 1.6625 3.9735 3.7006 2.3017 56.2073 2.0407 0.0881
Car -1 -1 4.4996 327.8507 170.7191 357.9160 188.9165 1.4495 1.5566 3.8221 -22.0176 1.2795 59.5051 4.1464 0.0868
Car -1 -1 1.7767 34.2274 173.0972 93.2970 205.8031 1.5990 1.5844 4.3314 -28.3533 1.6124 37.6071 1.1339 0.0849
Car -1 -1 5.1720 217.7565 172.8283 265.6163 195.5743 1.5768 1.5642 3.7357 -26.3949 1.5750 51.8923 4.7033 0.0836
Car -1 -1 1.9234 353.9205 172.1039 418.8963 206.2421 1.4731 1.5838 3.9115 -10.1613 1.4408 33.1334 1.6277 0.0827
Car -1 -1 2.1358 0.0000 198.1188 95.0835 328.7374 1.4127 1.5428 3.9479 -9.5468 1.8588 10.6720 1.4184 0.0820
Car -1 -1 5.1139 648.9003 173.0413 686.9869 193.7400 1.6146 1.6806 3.9110 4.7644 1.6303 58.4428 5.1945 0.0808
Car -1 -1 1.4943 365.1429 178.1421 386.7327 195.9139 1.5204 1.5592 3.9432 -21.1050 2.0132 65.1120 1.1818 0.0803
Car -1 -1 2.9390 137.5552 173.8047 252.5812 213.7890 1.5176 1.6167 3.8122 -16.8015 1.5587 29.3375 2.4226 0.0788
Car -1 -1 1.4581 610.4029 176.1574 637.7356 197.0388 1.5764 1.7021 4.2304 1.1149 1.8490 57.3485 1.4770 0.0775
Car -1 -1 1.8199 532.5184 182.9320 567.3323 205.6428 1.5508 1.6071 4.0693 -4.3607 2.3252 53.3080 1.7382 0.0754
Car -1 -1 4.7209 62.9269 174.5620 98.2902 202.1835 1.5196 1.5978 4.0455 -30.7962 1.6241 42.0655 4.0918 0.0754
Car -1 -1 4.7166 467.6760 169.3463 499.1743 198.4124 1.5076 1.6152 3.7134 -6.8730 1.3257 39.3912 4.5447 0.0740
Car -1 -1 1.9022 71.7000 181.7307 263.2981 291.8876 1.5083 1.5681 3.6715 -7.1823 1.6817 12.1462 1.3774 0.0731
Car -1 -1 2.3612 0.0000 185.3425 56.7878 222.4091 1.5027 1.6172 3.8753 -27.3911 2.1019 32.6100 1.6665 0.0721
Car -1 -1 1.7247 208.3560 186.1583 269.2235 226.3427 1.4471 1.6558 3.4860 -14.9056 2.0201 29.1641 1.2556 0.0707
Car -1 -1 4.9829 350.1518 172.7968 383.2414 191.2077 1.5173 1.6418 4.0660 -20.6657 1.5126 61.5384 4.6600 0.0693
Car -1 -1 2.1848 433.1016 177.9915 507.3498 211.6297 1.4828 1.5619 3.8226 -6.5892 1.7431 34.4996 1.9971 0.0674
Car -1 -1 0.4733 228.8090 174.4473 290.8640 191.6517 1.4093 1.5567 4.4290 -29.0938 1.5438 60.0897 0.0240 0.0656
Car -1 -1 3.7997 0.0000 202.9216 131.9920 375.0000 1.5063 1.6713 4.3213 -6.5372 1.7930 5.6832 2.9679 0.0647
Car -1 -1 3.4534 418.3535 176.3779 510.1103 208.2179 1.5550 1.6970 4.2417 -7.3266 1.7389 36.5653 3.2566 0.0645
Car -1 -1 4.4710 417.5070 173.0785 459.8826 199.4458 1.5600 1.6377 4.0880 -10.6793 1.5746 44.9181 4.2386 0.0637
Car -1 -1 4.8351 84.6742 177.2890 157.7660 222.3075 1.4444 1.6516 4.0191 -17.3133 1.6159 25.7432 4.2477 0.0608
Car -1 -1 4.6168 388.8979 176.9103 426.1470 206.5702 1.5048 1.5995 3.7576 -11.0162 1.7367 39.2072 4.3443 0.0602
Car -1 -1 5.3574 223.4614 182.7789 312.9275 221.2155 1.4910 1.4686 3.8160 -14.5836 1.9458 31.0498 4.9212 0.0601
Car -1 -1 1.8242 532.0836 173.5952 562.7236 196.2986 1.7911 1.5787 3.8681 -5.0530 1.8539 59.0949 1.7389 0.0598
Car -1 -1 3.2249 476.5439 178.3924 558.3561 209.4068 1.4867 1.6241 3.9025 -4.5194 1.7683 35.7992 3.0997 0.0596
Car -1 -1 4.6943 694.5824 168.8122 720.8005 193.4944 1.5266 1.6022 3.8681 6.3066 1.2766 46.6396 4.8276 0.0592
Car -1 -1 4.7014 285.6251 173.6501 313.8740 198.4984 1.5236 1.6081 3.8177 -19.9561 1.5772 46.4464 4.2974 0.0585
Car -1 -1 2.9286 462.5513 171.4705 509.3872 187.7369 1.4721 1.5822 4.0297 -11.4387 1.3469 66.7842 2.7594 0.0577
Car -1 -1 2.2277 0.0000 208.3445 161.8937 375.0000 1.4695 1.6242 4.1926 -5.8750 1.8836 6.2664 1.4956 0.0565
Car -1 -1 1.5503 682.5516 172.6227 702.2059 190.6944 1.5245 1.6150 4.1380 7.2027 1.5050 63.0042 1.6632 0.0547
Car -1 -1 2.3472 0.0000 189.2720 55.9886 239.2284 1.4452 1.5376 3.5978 -20.5952 2.0320 23.9381 1.6422 0.0542
Car -1 -1 4.6101 656.7343 168.0906 684.7618 190.4432 1.6562 1.7336 4.1055 4.6697 1.3033 55.5313 4.6933 0.0542
Car -1 -1 2.2829 325.1179 172.1317 415.2063 209.0409 1.5111 1.6356 3.8266 -10.4007 1.4815 31.6202 1.9672 0.0538
Car -1 -1 4.7641 116.0812 176.5646 162.2368 210.3181 1.5047 1.6434 3.9143 -22.5785 1.6942 34.7361 4.1910 0.0534
Car -1 -1 2.0815 69.1967 182.3799 148.0423 214.6141 1.5049 1.6245 3.8402 -25.4725 2.0176 36.8460 1.4798 0.0529
Car -1 -1 2.0938 0.0000 175.7995 69.3311 211.5707 1.5873 1.6941 4.4434 -28.2345 1.7386 34.7275 1.4148 0.0526
Car -1 -1 1.6048 204.2316 179.9188 234.7063 204.3523 1.4981 1.6222 4.1393 -25.7614 1.9872 47.7366 1.1120 0.0522
Car -1 -1 1.7410 676.7575 171.8399 704.6472 191.8622 1.6393 1.6628 4.2446 6.9337 1.5563 61.3447 1.8526 0.0519
Car -1 -1 2.7031 1.1018 187.3993 146.2951 233.6104 1.4397 1.5920 3.8669 -19.0768 2.0029 25.8648 2.0723 0.0516
Car -1 -1 3.3534 10.4465 192.4258 317.7419 306.5797 1.4913 1.5439 3.7999 -6.6326 1.8309 11.1981 2.8286 0.0514
Car -1 -1 2.2782 0.0000 191.0687 55.3757 255.1363 1.3906 1.5945 3.1892 -15.9719 1.8897 18.1709 1.5643 0.0509