Car -1 -1 4.5787 664.5892 181.0339 747.1721 250.7355 1.6616 1.7042 3.7176 2.4979 1.9039 19.5051 4.7032 0.9693
Car -1 -1 1.7414 457.6728 194.0621 539.4170 259.2725 1.4690 1.5694 3.3468 -2.8366 2.0785 19.0458 1.5946 0.9646
Car -1 -1 1.0827 818.4439 202.1416 1242.0000 375.0000 1.3970 1.5365 3.5249 2.7700 1.6751 5.0771 1.5566 0.9263
Car -1 -1 2.0401 0.0000 210.5133 381.3883 375.0000 1.3629 1.6098 3.9933 -2.7739 1.7061 4.5381 1.5161 0.9197
Car -1 -1 4.5925 642.1567 180.2431 695.8875 226.4400 1.6973 1.6704 4.1901 2.3396 2.0193 29.3187 4.6706 0.7610
Car -1 -1 4.6168 654.8024 187.4856 712.3383 235.2316 1.4131 1.5748 3.4990 2.4102 1.9389 24.1781 4.7141 0.6732
Car -1 -1 1.5203 538.6993 187.2265 568.7674 214.4806 1.4815 1.6053 3.8486 -3.3919 2.3851 43.3536 1.4421 0.6323
Car -1 -1 4.5936 635.5964 176.3466 670.0336 205.4919 1.6556 1.6167 3.8569 2.5591 1.8754 43.4343 4.6516 0.5681
Car -1 -1 1.5338 516.5527 188.0612 538.8429 209.2228 1.5395 1.6199 3.5088 -6.4934 2.7802 57.0144 1.4204 0.2679
Car -1 -1 4.6170 641.1335 191.0828 687.3400 229.2497 1.4838 1.6526 4.0998 2.3671 2.3469 32.0952 4.6891 0.1560
Car -1 -1 4.6567 654.3218 167.8668 677.3181 187.9736 1.6191 1.6794 4.1486 4.6600 1.2175 60.1913 4.7333 0.1208
Car -1 -1 1.5178 609.9905 189.9308 653.6368 229.2346 1.5349 1.7106 4.1917 0.9284 2.3455 32.1341 1.5455 0.1099
Car -1 -1 1.7119 521.5405 182.4468 546.0233 202.9218 1.6077 1.5320 3.6624 -6.2976 2.4335 60.2551 1.6077 0.1099
Car -1 -1 1.9721 493.9671 184.8019 538.9360 208.5388 1.5206 1.6763 4.0451 -6.4739 2.3942 50.5849 1.8449 0.1064
Car -1 -1 0.0132 659.6938 183.1777 795.8215 233.4931 1.4865 1.6502 4.1235 3.7357 1.8317 22.9598 0.1717 0.1022
Car -1 -1 3.1285 493.9984 188.5808 542.5302 209.4929 1.5441 1.6547 3.6803 -7.0837 2.7874 55.9667 3.0026 0.1014
Car -1 -1 4.9823 647.1676 165.2493 675.7474 185.1018 1.8137 1.7117 3.8956 4.9247 1.1190 68.0410 5.0540 0.0968
Car -1 -1 3.5894 499.4204 183.4971 546.6621 203.5660 1.5816 1.5532 3.5492 -7.1362 2.4794 59.5581 3.4702 0.0965
Car -1 -1 2.3282 37.0042 203.7205 222.1255 284.0904 1.5579 1.6546 3.6314 -11.3734 2.3856 17.4114 1.7562 0.0925
Car -1 -1 0.5720 507.3908 186.1368 573.4226 213.1516 1.4801 1.6203 3.5706 -4.0858 2.2924 42.5841 0.4764 0.0768
Car -1 -1 1.4680 511.2954 194.7013 554.2518 228.4040 1.4612 1.7258 4.2520 -3.9378 2.6339 36.4714 1.3605 0.0765
Car -1 -1 1.4642 693.2188 170.5949 732.2115 199.3206 1.4197 1.5812 4.0853 5.3380 1.3081 37.7283 1.6032 0.0751
Car -1 -1 -0.2498 633.6835 174.9923 701.3773 203.3331 1.6186 1.6380 3.6825 3.3913 1.7478 42.4975 -0.1712 0.0703
Car -1 -1 -0.7615 1110.9518 172.3086 1242.0000 359.2605 1.4766 1.5840 3.7212 6.9787 1.4723 6.5515 0.0328 0.0696
Car -1 -1 1.5732 528.3391 189.2922 549.2454 210.0321 1.4953 1.5970 4.0067 -5.6213 2.8496 57.3748 1.4754 0.0692
Car -1 -1 2.2509 536.5744 185.8204 584.9838 206.1420 1.4896 1.7311 4.0053 -3.8660 2.5657 57.7495 2.1839 0.0589
Car -1 -1 0.7466 1111.4973 164.7496 1242.0000 375.0000 1.4997 1.6105 3.6796 5.9183 1.4592 5.4637 1.5449 0.0569
Car -1 -1 1.3907 504.6176 188.2754 536.6616 212.2559 1.6107 1.6504 4.0810 -6.6282 2.8005 53.4776 1.2674 0.0566
Car -1 -1 4.7735 641.8107 167.2396 663.2603 186.5362 1.7460 1.7546 4.0873 4.0442 1.2380 67.4198 4.8329 0.0554
Car -1 -1 2.1304 525.4153 182.2640 566.4874 202.2290 1.5512 1.5768 3.9031 -5.2619 2.3628 60.1339 2.0431 0.0530
Car -1 -1 3.6502 7.3687 196.8579 213.2421 262.7719 1.4768 1.6378 3.8916 -12.2184 2.1036 17.8607 3.0569 0.0530
Car -1 -1 3.9771 478.5255 185.6186 531.9888 207.2572 1.4561 1.6427 3.9416 -7.6372 2.4213 52.6719 3.8334 0.0529
Car -1 -1 -0.2230 628.9434 176.0887 699.1881 201.8930 1.5462 1.6672 4.0646 3.3469 1.7513 44.6423 -0.1492 0.0526
Car -1 -1 0.5961 122.0289 194.8428 307.0984 268.1978 1.6329 1.7049 3.6699 -9.6190 2.2048 17.7247 0.1047 0.0524
Car -1 -1 4.9572 454.7197 179.3467 499.0825 207.6228 1.4991 1.6141 3.7573 -7.4942 1.8860 41.0663 4.7774 0.0518
Car -1 -1 1.2786 490.9680 183.9889 526.7650 204.0672 1.4731 1.6808 4.2585 -8.0994 2.3996 57.7565 1.1395 0.0514
Car -1 -1 4.7811 601.9464 186.8687 649.6127 230.4264 1.5534 1.6467 4.1282 0.7226 2.1627 29.2352 4.8047 0.0509