Car -1 -1 4.6910 560.4090 179.8199 606.1735 220.0572 1.4898 1.6970 3.3671 -0.9794 1.2900 28.3444 4.6563 0.9559
Car -1 -1 4.9791 300.7966 183.3295 482.8393 302.1310 1.6122 1.7142 4.3273 -3.2978 1.5866 11.9208 4.7145 0.9445
Car -1 -1 5.0694 228.6509 184.8872 350.1461 245.8488 1.4346 1.6660 3.7628 -8.1645 1.4269 18.8350 4.6653 0.9365
Car -1 -1 4.8169 462.2097 183.3855 519.0195 228.7492 1.5040 1.6266 3.5452 -4.0873 1.4433 25.6454 4.6600 0.9351
Car -1 -1 5.2805 36.3078 181.3385 205.7059 240.8710 1.4209 1.6495 4.3545 -12.8248 1.3283 19.3431 4.7012 0.9257
Car -1 -1 5.4232 0.0000 188.9630 151.7224 343.3040 1.4702 1.5848 3.7764 -7.6099 1.5262 8.8395 4.7273 0.9080
Car -1 -1 5.4039 209.1616 185.8836 316.3092 228.1764 1.4202 1.5681 3.5950 -12.4086 1.4463 26.1361 4.9643 0.8198
Car -1 -1 1.6687 509.7557 176.1795 545.6014 206.5412 1.5104 1.5071 3.6597 -4.1129 1.0608 37.5975 1.5602 0.6647
Car -1 -1 4.5034 417.1163 180.9669 462.3748 210.4159 1.4993 1.6389 3.6879 -9.0367 1.2830 38.6162 4.2747 0.4411
Car -1 -1 4.9267 377.2044 172.5592 434.7228 207.4602 1.4063 1.5865 3.8474 -8.5798 0.8964 30.9305 4.6581 0.4044
Car -1 -1 1.4810 307.8044 188.2941 366.1540 236.9743 1.4635 1.4862 3.7911 -9.0394 1.5745 23.8981 1.1227 0.2687
Car -1 -1 4.7506 367.3562 171.8921 399.2863 199.7708 1.5132 1.5907 3.6562 -12.7216 0.7900 40.9898 4.4512 0.2429
Car -1 -1 1.6016 318.8787 166.1159 348.8978 192.2912 1.5926 1.6567 4.1416 -17.4294 0.4305 45.9659 1.2409 0.2374
Car -1 -1 3.7774 279.1776 166.8800 351.0241 192.0422 1.5357 1.6568 3.9784 -18.3389 0.4166 45.1709 3.3937 0.1669
Car -1 -1 5.0777 394.9302 171.1943 427.8883 188.5131 1.5323 1.6068 3.9140 -17.8313 0.2917 65.6280 4.8132 0.1191
Car -1 -1 3.2582 330.6386 174.9332 403.9182 201.8491 1.4553 1.5770 3.7072 -13.2952 0.8993 40.0112 2.9391 0.1169
Car -1 -1 1.7737 449.1716 179.1767 486.7803 204.8369 1.5095 1.5178 3.8652 -8.5157 1.1543 44.2308 1.5842 0.1158
Car -1 -1 0.4459 259.4787 188.6219 390.8687 235.0155 1.4780 1.5306 3.7855 -9.3372 1.5957 23.9438 0.0775 0.1147
Car -1 -1 0.0117 308.5141 187.6803 440.2191 234.3768 1.4951 1.5613 4.1425 -7.8689 1.5838 24.5096 -0.2962 0.0978
Car -1 -1 4.6191 313.3298 175.4135 356.8122 209.2440 1.4947 1.5793 3.6710 -12.8176 1.0616 33.7558 4.2586 0.0931
Car -1 -1 2.0921 51.7054 175.3578 175.5233 224.9092 1.4981 1.5264 4.0772 -16.1758 1.2001 23.8204 1.5007 0.0930
Car -1 -1 1.7803 298.1640 181.4922 358.9255 218.5533 1.5297 1.6658 4.1457 -12.2530 1.3760 31.8477 1.4155 0.0864
Car -1 -1 1.1272 509.5565 188.2945 580.4197 222.4949 1.4746 1.6376 4.2378 -2.9805 1.6283 33.6396 1.0390 0.0848
Car -1 -1 5.0482 309.8626 185.9628 391.5610 231.8726 1.4851 1.5917 3.5297 -8.8467 1.5130 25.0765 4.7120 0.0846
Car -1 -1 1.7604 353.7478 179.1518 400.1956 207.9034 1.4612 1.6289 4.0658 -12.3086 1.1530 38.6464 1.4537 0.0809
Car -1 -1 1.7418 231.7202 166.9528 279.5710 198.6774 1.4427 1.4904 3.4278 -16.8312 0.6122 34.5431 1.2913 0.0762
Car -1 -1 0.1261 371.2109 171.1867 446.0147 199.1649 1.5149 1.5888 3.8375 -10.9886 0.7553 39.9775 -0.1407 0.0747
Car -1 -1 2.1254 395.8499 180.2377 467.4942 211.4443 1.4818 1.6421 4.0057 -8.7799 1.2455 36.2942 1.8893 0.0746
Car -1 -1 4.5781 296.5104 172.7872 334.4800 198.1492 1.5616 1.7118 4.3962 -18.9470 0.7964 46.5961 4.1937 0.0713
Car -1 -1 1.7360 373.2921 174.5449 432.6199 213.3801 1.4694 1.6173 4.4032 -8.2799 1.0656 29.4735 1.4642 0.0711
Car -1 -1 5.1640 347.7855 168.2570 392.0223 189.7149 1.5817 1.6501 3.9566 -18.1176 0.3316 55.0588 4.8473 0.0695
Car -1 -1 3.2262 490.4648 175.1105 567.6132 205.8206 1.5677 1.5543 3.8833 -4.0347 1.0518 37.5158 3.1194 0.0664
Car -1 -1 1.6093 508.7381 180.2454 543.8531 210.6876 1.4519 1.6101 3.6395 -4.0233 1.2148 36.1574 1.4989 0.0656
Car -1 -1 3.9005 259.5771 173.8811 332.3386 200.3083 1.4528 1.5808 3.7419 -17.7058 0.8297 40.9060 3.4942 0.0648
Car -1 -1 2.0624 431.5925 179.0728 486.8572 205.5884 1.5160 1.5804 3.9285 -8.8305 1.1648 43.2095 1.8616 0.0622
Car -1 -1 1.7517 303.2443 178.7097 361.6548 214.6188 1.4341 1.6379 3.9343 -11.6832 1.1742 30.7898 1.3916 0.0613
Car -1 -1 1.6623 352.2101 172.8747 379.5244 195.6715 1.5952 1.5620 3.4783 -17.4799 0.7317 52.1746 1.3403 0.0573
Car -1 -1 1.7469 37.2304 171.7946 77.2205 195.8862 1.6586 1.6058 3.9291 -39.4228 0.7346 51.6060 1.0968 0.0571
Car -1 -1 3.8664 124.1345 174.6176 235.9364 210.7045 1.4616 1.6034 3.9977 -17.9649 1.0324 30.2857 3.3347 0.0568
Car -1 -1 1.7657 424.1288 179.5494 469.5372 209.0809 1.4629 1.5976 3.8076 -8.3115 1.1822 37.5306 1.5489 0.0539
Car -1 -1 2.2338 0.0000 176.6388 76.2674 237.2630 1.4568 1.5491 3.5349 -16.1221 1.2507 19.0660 1.5387 0.0535
Car -1 -1 1.9060 318.6454 172.2289 367.1344 198.2243 1.6208 1.6432 4.2926 -17.1999 0.8111 46.9787 1.5566 0.0526
Car -1 -1 0.2112 446.2899 182.7944 537.4592 214.4767 1.5625 1.7001 4.2980 -5.7956 1.4431 36.4174 0.0541 0.0523
Car -1 -1 3.1423 338.4871 173.5710 443.0185 209.3744 1.4258 1.6227 4.0666 -8.9821 0.9621 29.9835 2.8534 0.0521
Car -1 -1 0.7582 0.0000 174.8599 85.0291 231.8491 1.5178 1.5872 3.7249 -16.9662 1.2420 20.0542 0.0625 0.0514