Car -1 -1 1.8191 361.0513 195.0536 485.7122 281.3245 1.4347 1.5614 3.7913 -3.6767 1.9511 14.8812 1.5801 0.9719
Car -1 -1 4.4050 740.8084 186.8066 980.1195 334.7387 1.4643 1.6577 4.3605 3.0307 1.6952 9.7489 4.6966 0.9678
Car -1 -1 4.5229 707.5788 183.5763 814.5386 265.9783 1.4967 1.5650 3.3723 3.0737 1.7483 15.2355 4.7172 0.9460
Car -1 -1 1.8790 212.9417 200.9122 414.3187 342.1466 1.4942 1.5526 3.4573 -3.8967 1.9557 10.1021 1.5186 0.9307
Car -1 -1 2.1237 0.0000 222.3155 315.8867 375.0000 1.4107 1.5443 3.6692 -3.4764 1.8773 4.9450 1.5352 0.8978
Car -1 -1 4.4199 638.0628 181.4911 687.3189 211.8763 1.4292 1.5622 3.4936 2.6634 1.8931 36.8795 4.4908 0.8218
Car -1 -1 4.1404 855.4380 200.5495 1242.0000 375.0000 1.3357 1.6046 3.9131 2.7858 1.5614 3.9161 4.7229 0.7815
Car -1 -1 4.5906 594.6636 180.9751 624.0610 202.8834 1.4616 1.6271 4.0374 -0.0529 2.0683 51.8001 4.5890 0.6352
Car -1 -1 2.7870 951.7272 141.6000 1118.6763 194.1325 1.5513 1.6313 4.1683 13.1160 0.6283 22.4601 3.3099 0.3917
Car -1 -1 3.2401 725.5461 176.3391 834.3651 216.2435 1.5199 1.7072 4.1435 6.9099 1.6681 29.2145 3.4695 0.3240
Car -1 -1 2.5167 548.6292 182.5356 596.3813 199.6301 1.4813 1.6468 4.2500 -3.4040 2.4031 66.7277 2.4655 0.2721
Car -1 -1 -0.0204 772.1064 175.9550 889.1075 215.6167 1.4886 1.6889 4.3238 8.7201 1.6179 28.6922 0.2713 0.2556
Car -1 -1 2.7915 998.1883 148.7698 1120.5880 188.0711 1.5523 1.6114 3.9594 18.4046 0.6010 29.6825 3.3421 0.1950
Car -1 -1 5.1241 429.1710 183.8264 493.1149 218.4153 1.4649 1.5630 3.7326 -6.8807 2.0092 33.8085 4.9243 0.1903
Car -1 -1 1.4525 719.2189 178.7177 743.2268 197.2815 1.5086 1.5783 3.8599 10.3949 2.0271 61.8421 1.6178 0.1368
Car -1 -1 4.3800 1041.6824 147.2648 1120.1703 185.9789 1.5396 1.6163 3.8347 19.9763 0.5220 30.7494 4.9518 0.1281
Car -1 -1 3.9421 730.4401 171.7647 811.8217 203.2570 1.4096 1.6019 3.7642 7.6185 1.3609 34.3192 4.1584 0.1263
Car -1 -1 4.0646 637.2140 173.3727 769.9534 233.8162 1.4985 1.5945 3.9147 2.4897 1.5144 20.0173 4.1858 0.1253
Car -1 -1 1.4997 701.1614 178.3374 726.0735 200.7865 1.5657 1.5402 3.9193 7.6540 1.9861 53.3134 1.6410 0.1157
Car -1 -1 4.6886 793.6884 176.6502 836.7322 214.6855 1.4422 1.6012 3.8127 8.4359 1.6098 29.8118 4.9612 0.1146
Car -1 -1 1.7804 574.0049 183.0194 600.5844 200.2997 1.5407 1.7772 3.8117 -2.0901 2.5380 68.7579 1.7496 0.1084
Car -1 -1 1.7268 557.6116 182.2240 583.0575 198.9059 1.4530 1.7510 4.1380 -3.6297 2.3562 67.4062 1.6728 0.1079
Car -1 -1 -0.4299 703.0703 204.0573 817.9199 251.2658 1.5277 1.7577 3.7034 5.4691 2.7207 26.3107 -0.2283 0.1040
Car -1 -1 1.6639 591.8619 177.8456 621.8674 203.0318 1.6118 1.6690 4.0851 -0.1427 1.9662 49.1208 1.6605 0.1013
Car -1 -1 1.0475 731.2214 194.6670 819.6121 239.1288 1.4602 1.6654 3.6972 6.2710 2.3580 27.6848 1.2670 0.1009
Car -1 -1 0.7692 791.1509 202.0580 909.4529 253.7473 1.4770 1.7020 3.7468 8.2357 2.5717 24.9922 1.0830 0.0969
Car -1 -1 1.4660 783.5248 184.1759 839.5009 225.4455 1.4352 1.6986 3.7868 7.8146 1.9091 28.1981 1.7330 0.0813
Car -1 -1 1.5341 906.5460 171.7179 957.8115 214.2654 1.5029 1.6215 3.9768 12.2798 1.4628 27.6345 1.9479 0.0806
Car -1 -1 4.9102 415.9359 180.4805 470.9370 216.4835 1.4855 1.6359 4.1515 -7.4614 1.8539 32.7548 4.6875 0.0800
Car -1 -1 1.7103 643.3100 178.9672 674.2561 201.9536 1.4698 1.5769 3.9609 3.4051 1.9058 49.3545 1.7783 0.0722
Car -1 -1 1.9250 602.5779 187.4242 654.7728 217.6689 1.4169 1.6060 3.4865 1.0430 2.2142 37.5660 1.9518 0.0720
Car -1 -1 1.2607 465.6699 211.1148 568.2621 277.2772 1.4414 1.7771 3.7448 -2.6841 2.6219 20.1890 1.1290 0.0715
Car -1 -1 -0.4059 790.2538 197.4525 920.6443 241.7120 1.4848 1.7123 4.1756 8.9277 2.4191 26.3773 -0.0838 0.0713
Car -1 -1 -0.2665 929.0843 144.4776 1041.8588 185.4145 1.6369 1.6121 3.8726 15.5571 0.5022 30.0390 0.2074 0.0691
Car -1 -1 4.5543 413.3385 181.8926 462.3871 215.8776 1.4346 1.6314 3.9280 -8.0740 1.8836 33.7156 4.3206 0.0680
Car -1 -1 4.7931 437.4471 186.5883 490.5617 232.4442 1.5038 1.6231 3.7146 -5.3271 2.0501 26.7607 4.5979 0.0668
Car -1 -1 1.2493 543.0356 182.0334 573.9543 198.8417 1.4627 1.6626 4.1243 -4.8070 2.3490 67.4425 1.1780 0.0664
Car -1 -1 4.3056 876.1993 166.9775 958.2659 207.5741 1.5178 1.6178 3.8356 12.2164 1.2981 28.9037 4.7015 0.0657
Car -1 -1 1.0626 558.6115 183.9139 599.5937 203.6906 1.5868 1.6630 4.3229 -2.6873 2.5831 62.7171 1.0195 0.0637
Car -1 -1 1.5773 427.5343 209.7099 497.5127 274.7616 1.4220 1.7151 3.4614 -3.9995 2.5258 19.7458 1.3790 0.0622
Car -1 -1 0.9443 704.1076 173.6773 785.2992 207.5687 1.4720 1.6722 4.0140 6.2147 1.5129 33.6161 1.1251 0.0617
Car -1 -1 1.9325 545.1048 182.8014 578.6760 202.1299 1.6322 1.6004 4.3794 -4.2941 2.5694 65.6526 1.8669 0.0607
Car -1 -1 1.5907 769.8025 207.6097 824.0142 259.1783 1.4940 1.7141 3.2737 6.5484 2.7922 25.1450 1.8414 0.0607
Car -1 -1 1.5366 601.7553 178.9616 626.9328 202.4859 1.5414 1.6176 3.8558 0.2999 1.9831 50.2396 1.5420 0.0569
Car -1 -1 1.5359 701.1338 200.4930 756.2228 250.8813 1.4413 1.7163 3.8215 4.0238 2.4693 24.8360 1.6936 0.0568
Car -1 -1 1.5771 510.9113 182.0406 546.5927 215.7223 1.4822 1.6222 4.1498 -3.9111 1.9561 35.0719 1.4663 0.0567
Car -1 -1 1.2448 675.7817 186.2820 737.8114 221.9294 1.4535 1.6297 3.9404 4.3827 2.1082 33.0870 1.3747 0.0557
Car -1 -1 1.1479 803.1814 177.5801 892.2641 218.8322 1.4516 1.6735 4.2498 9.1506 1.6501 28.1000 1.4591 0.0554
Car -1 -1 2.6541 861.3671 169.6793 985.8896 210.5854 1.5338 1.6339 4.1593 12.1499 1.4147 28.0403 3.0587 0.0551
Car -1 -1 0.6847 0.0000 0.0000 1242.0000 375.0000 1.5360 1.6487 4.1535 2.7209 1.5756 1.9070 1.5736 0.0546
Car -1 -1 4.6728 483.2577 187.4615 529.5261 233.1934 1.5330 1.5883 3.5247 -3.9492 2.1230 27.2637 4.5296 0.0543
Car -1 -1 1.2966 597.0649 178.7930 638.6630 204.6639 1.5894 1.6654 4.1911 0.4958 1.9996 47.5972 1.3065 0.0535
Car -1 -1 3.7756 365.9874 190.0981 486.6791 235.6850 1.4656 1.6450 3.9969 -6.5664 2.1199 25.8605 3.5288 0.0531
Car -1 -1 1.6895 752.4288 177.0470 783.0715 199.9752 1.5191 1.6396 4.0819 11.1742 1.8272 50.8070 1.9043 0.0527
Car -1 -1 1.4876 646.6507 175.4581 688.1696 211.0229 1.6022 1.6584 4.0077 2.7334 1.7351 34.8093 1.5648 0.0525
Car -1 -1 4.9846 686.6012 182.7091 737.8784 215.2142 1.5044 1.6128 3.8412 5.2794 2.0347 36.7399 5.1256 0.0516
Car -1 -1 0.7635 748.5860 171.8080 843.4938 205.9280 1.4568 1.6447 4.2379 8.4495 1.4121 33.0389 1.0113 0.0511
Car -1 -1 1.7246 468.4200 184.4980 515.9200 218.0097 1.4553 1.6654 3.8931 -5.5716 2.0458 34.6404 1.5657 0.0509
Car -1 -1 4.4577 708.2634 167.9755 800.8969 227.1648 1.5058 1.6178 3.8172 3.9639 1.3817 20.3137 4.6470 0.0504
Car -1 -1 4.7210 437.0161 183.8549 473.3605 217.3342 1.4624 1.6310 4.1128 -7.4891 2.0311 35.1254 4.5120 0.0502