Car -1 -1 4.4576 558.2826 202.8046 692.4622 306.7233 1.4825 1.5431 3.9112 0.1388 2.1327 13.5797 4.4660 0.9691
Car -1 -1 4.3150 619.5199 200.3201 884.3461 373.4374 1.4748 1.6390 4.2065 1.4571 1.9063 9.0966 4.4669 0.9567
Car -1 -1 1.8685 0.0000 216.8926 235.5273 375.0000 1.4320 1.6632 4.1262 -5.3938 2.0433 7.7992 1.2788 0.9355
Car -1 -1 1.7526 172.7626 215.5018 294.6407 312.9343 1.4478 1.4878 3.3618 -7.2111 2.3912 14.1385 1.2879 0.9244
Car -1 -1 3.9884 759.3025 199.1401 1242.0000 375.0000 1.4088 1.5653 3.4517 2.4520 1.6433 4.5697 4.4530 0.9130
Car -1 -1 4.5444 505.0954 194.8699 590.5647 265.0044 1.4956 1.6023 3.5123 -1.6698 2.1176 18.4832 4.4545 0.9087
Car -1 -1 4.7765 279.9811 196.8128 344.0277 254.3519 1.6680 1.7657 4.2663 -10.2638 2.5791 25.1364 4.3920 0.8547
Car -1 -1 4.5753 461.2939 197.3414 511.8129 238.3647 1.4839 1.5983 3.8868 -5.2888 2.5966 30.6927 4.4054 0.8120
Car -1 -1 1.4317 336.5428 201.2241 372.9514 229.8794 1.5900 1.7297 3.3150 -16.1338 3.4568 45.6083 1.0931 0.6850
Car -1 -1 4.3464 437.1794 193.4343 486.3286 221.8645 1.4799 1.6059 3.7259 -8.7365 2.7481 42.4598 4.1442 0.3877
Car -1 -1 1.4275 432.1502 191.2727 466.6772 217.7638 1.5275 1.6481 3.8045 -10.3684 2.7688 46.5547 1.2090 0.3025
Car -1 -1 4.6439 460.5964 191.1271 498.8285 225.3902 1.5172 1.6285 3.7773 -6.5480 2.4840 36.1457 4.4654 0.2606
Car -1 -1 -0.4532 450.1329 194.8034 517.8729 223.3853 1.4981 1.5966 3.5531 -7.3068 2.8300 42.0959 -0.6246 0.2509
Car -1 -1 3.5452 356.8357 198.7793 520.7330 259.7354 1.4521 1.6469 3.9423 -4.5215 2.1881 19.3273 3.3176 0.2176
Car -1 -1 4.7220 301.6820 202.4321 350.6255 246.0922 1.4763 1.7327 3.6652 -11.4156 2.7544 29.1565 4.3514 0.2164
Car -1 -1 1.8467 255.8020 194.6264 309.3929 228.0835 1.5214 1.5808 3.6079 -16.7786 2.7007 37.1827 1.4251 0.2079
Car -1 -1 4.2138 0.0000 237.1855 80.5488 375.0000 1.4737 1.5874 3.8898 -5.2857 1.9281 3.9705 3.3199 0.1911
Car -1 -1 1.7335 476.6263 195.0019 544.3796 244.4200 1.4411 1.6873 3.8264 -3.3046 2.2593 24.7160 1.6012 0.1899
Car -1 -1 4.9889 415.0012 198.1722 517.1310 267.2855 1.4355 1.5841 3.5828 -3.4979 2.1391 18.1991 4.8007 0.1844
Car -1 -1 5.4061 400.5593 202.8491 453.9013 226.9179 1.4743 1.8026 3.5650 -12.8860 3.6847 51.1724 5.1601 0.1767
Car -1 -1 2.7427 443.6228 193.2680 573.2712 242.0439 1.4802 1.6925 4.1489 -3.4987 2.2431 25.1796 2.6053 0.1728
Car -1 -1 2.3562 0.0000 230.8325 64.9277 375.0000 1.4860 1.5998 3.8126 -3.9944 1.8586 2.6301 1.4147 0.1701
Car -1 -1 3.2327 469.3631 192.4433 586.0649 237.1471 1.4580 1.6402 3.9034 -2.7824 2.1638 25.1403 3.1228 0.1440
Car -1 -1 1.5904 458.5793 200.9445 496.8744 237.1413 1.4505 1.6827 3.8754 -6.1910 2.8591 34.1359 1.4116 0.1375
Car -1 -1 1.5849 224.2807 219.4981 300.8784 289.6651 1.4350 1.7307 4.1240 -9.5320 2.8700 19.9633 1.1440 0.1208
Car -1 -1 1.4667 342.1875 202.7555 395.5039 243.9169 1.4507 1.7620 3.6951 -10.2071 2.7974 30.4497 1.1453 0.1204
Car -1 -1 4.9529 506.9388 188.1642 576.2676 233.4351 1.4576 1.6614 3.8840 -2.4245 2.0666 26.6584 4.8624 0.1114
Car -1 -1 4.7583 511.3644 223.5120 669.9539 375.0000 1.4751 1.5815 3.6087 -0.1394 2.2345 8.9908 4.7408 0.0933
Car -1 -1 4.6299 485.2398 190.5558 538.7823 236.4468 1.4512 1.6279 3.8364 -3.6384 2.1503 26.4471 4.4938 0.0889
Car -1 -1 0.3572 334.9201 202.8839 391.2779 231.0972 1.6707 1.7511 2.9432 -15.5448 3.6070 45.6040 0.0299 0.0857
Car -1 -1 1.0292 217.1979 194.2990 291.3374 227.4181 1.4903 1.6715 3.7423 -17.9446 2.6235 36.4098 0.5738 0.0843
Car -1 -1 1.5080 560.6487 179.3492 591.1114 206.2916 1.4954 1.5712 3.8484 -2.0461 1.9005 43.0098 1.4602 0.0836
Car -1 -1 4.5882 435.9265 192.3053 479.0759 226.2162 1.4659 1.6197 3.8747 -7.5681 2.4845 35.6892 4.3802 0.0834
Car -1 -1 -0.1837 495.5429 187.2888 614.5635 232.0381 1.4714 1.6094 4.0260 -1.9747 2.0146 25.8558 -0.2599 0.0832
Car -1 -1 4.7941 300.7460 196.9693 355.2128 243.5862 1.5408 1.6492 3.7383 -10.8387 2.5433 27.9697 4.4271 0.0822
Car -1 -1 1.6449 299.2328 206.5733 350.1615 247.6395 1.4462 1.7330 3.3792 -11.9161 2.9519 30.3497 1.2732 0.0820
Car -1 -1 4.4781 730.2162 188.4308 810.5938 243.1643 1.4273 1.5650 3.4265 4.7055 1.9295 21.5318 4.6895 0.0811
Car -1 -1 1.7731 334.3292 193.5129 372.4520 219.1719 1.5071 1.6189 3.8836 -16.8771 2.9307 47.6883 1.4343 0.0793
Car -1 -1 1.6626 433.3004 194.3983 468.0672 223.6347 1.4952 1.6302 3.5043 -9.0826 2.7878 41.4500 1.4476 0.0766
Car -1 -1 1.5910 215.0374 218.8332 299.7154 293.6154 1.4270 1.7561 3.6935 -8.8649 2.7251 18.3266 1.1455 0.0764
Car -1 -1 1.8159 0.0000 201.1504 93.9657 375.0000 1.4979 1.6235 4.2458 -2.7866 1.6766 2.3334 0.9974 0.0759
Car -1 -1 5.1387 409.4694 195.3974 485.6747 236.2367 1.5019 1.6624 4.0527 -6.8798 2.5400 31.0700 4.9220 0.0721
Car -1 -1 1.4530 434.7610 202.6416 479.0213 238.4760 1.4083 1.6084 3.4580 -7.1099 2.8655 33.4027 1.2442 0.0707
Car -1 -1 -0.3620 440.6005 191.5833 509.1968 217.3142 1.4965 1.6705 3.9906 -8.6186 2.7428 46.2622 -0.5458 0.0683
Car -1 -1 1.3158 462.6023 185.6652 493.0880 205.1394 1.4941 1.5866 3.8227 -11.0087 2.5987 60.1444 1.1351 0.0663
Car -1 -1 3.5479 243.6586 196.2084 326.5437 228.1540 1.5406 1.5665 3.5208 -16.4931 2.7572 36.7806 3.1287 0.0652
Car -1 -1 2.1717 0.0000 215.6237 84.2879 375.0000 1.4647 1.5761 3.7820 -4.6908 1.8200 3.9712 1.3366 0.0645
Car -1 -1 1.1249 452.2585 191.3366 512.7882 222.6552 1.5342 1.7187 4.0721 -7.0992 2.6152 40.0466 0.9500 0.0631
Car -1 -1 2.0662 544.8893 181.6775 590.5511 204.1358 1.5258 1.5842 4.0993 -3.0214 2.2000 52.9358 2.0089 0.0628
Car -1 -1 2.3071 410.0193 187.4252 525.0865 236.6861 1.4522 1.6220 3.9313 -4.7440 1.9916 24.6134 2.1180 0.0601
Car -1 -1 4.5020 546.7336 186.5503 595.3087 223.9636 1.5284 1.5623 3.0997 -1.7751 2.1761 32.4212 4.4470 0.0594
Car -1 -1 1.5925 292.5229 182.6581 318.2186 205.2763 1.5391 1.6503 4.3346 -22.4826 2.2965 53.4268 1.1957 0.0586
Car -1 -1 3.8390 0.0000 227.4542 155.5933 375.0000 1.4854 1.6121 3.8736 -4.3121 1.8001 2.9233 2.9068 0.0585
Car -1 -1 2.3923 1118.8931 136.9577 1242.0000 352.6592 1.4757 1.6107 4.0976 6.8341 1.2301 5.9106 3.2256 0.0582
Car -1 -1 1.4049 453.8072 194.8400 492.1169 224.0728 1.4845 1.6411 3.1712 -7.8083 2.7901 41.0765 1.2176 0.0573
Car -1 -1 1.3017 360.4444 199.0998 399.4342 221.9815 1.4492 1.7120 4.0206 -16.8315 3.4476 52.7863 0.9940 0.0543
Car -1 -1 1.4799 0.0000 205.0535 416.1302 375.0000 1.4642 1.6303 3.9529 -2.6188 1.7369 4.0386 0.9331 0.0537
Car -1 -1 1.4950 464.5885 186.1113 488.7244 206.7679 1.4697 1.5572 3.8294 -10.3459 2.5366 56.0186 1.3128 0.0530
Car -1 -1 0.5886 524.3884 182.5754 577.6585 205.3004 1.5497 1.5472 3.5739 -4.2313 2.2720 52.0692 0.5075 0.0530
Car -1 -1 1.1528 403.5972 193.0989 458.6631 222.0786 1.4660 1.6521 3.8256 -10.2603 2.6824 41.3362 0.9105 0.0526
Car -1 -1 5.7576 263.5327 195.6680 352.4737 228.2574 1.4684 1.6496 3.9713 -15.6060 2.7198 37.4995 5.3653 0.0517
Car -1 -1 0.9562 405.9087 193.4148 461.4906 219.6483 1.4873 1.6898 3.5134 -11.1114 2.8351 45.5071 0.7175 0.0517
Car -1 -1 1.5205 555.8315 178.7130 588.5052 207.7197 1.5414 1.6586 4.1551 -2.1884 1.8948 41.3640 1.4674 0.0510