Car -1 -1 4.4159 734.4672 191.5060 948.5869 325.4584 1.4387 1.6222 4.5131 3.0942 1.7730 10.6573 4.6898 0.9647
Car -1 -1 4.5699 644.0480 176.2676 706.4078 227.0417 1.7477 1.7307 4.3819 2.3988 1.8877 27.3728 4.6556 0.7968
Car -1 -1 4.6437 667.9234 168.0891 690.6950 188.4758 1.6843 1.6624 3.9678 5.9248 1.2906 61.6173 4.7388 0.3288
Car -1 -1 4.5202 642.1978 160.4639 682.4244 186.5132 1.4660 1.6305 4.0122 3.0687 0.7687 42.6956 4.5912 0.2214
Car -1 -1 4.8967 656.5637 168.9788 681.9579 187.1914 1.6414 1.6741 3.8675 5.5821 1.2921 67.1136 4.9791 0.1334
Car -1 -1 3.1859 645.2175 160.4561 717.8240 186.9445 1.4855 1.6005 4.0849 4.1643 0.7902 41.5480 3.2849 0.1119
Car -1 -1 4.2893 864.4030 197.2374 1075.9069 310.7212 1.4870 1.6588 3.9634 5.8554 1.9699 12.3001 4.7232 0.0907
Car -1 -1 4.2468 899.4338 198.3166 1159.5323 331.6587 1.4598 1.6148 3.9421 5.8386 1.9058 10.6484 4.7355 0.0829
Car -1 -1 4.3157 860.0782 183.7330 976.3682 240.6984 1.3928 1.6035 3.8729 8.5382 1.7285 20.3231 4.7076 0.0809
Car -1 -1 4.5463 659.6445 160.3555 698.0966 186.9093 1.4823 1.6140 3.8923 4.0110 0.7846 42.2777 4.6400 0.0730
Car -1 -1 4.6822 850.2434 184.5131 903.4949 233.2138 1.4771 1.5823 3.6782 9.1264 1.9106 24.8332 5.0298 0.0614
Car -1 -1 1.5475 673.2406 165.2849 707.4417 200.0815 1.6658 1.6217 3.9129 4.0455 1.3035 36.5612 1.6564 0.0609
Car -1 -1 4.9017 733.4910 185.2378 786.6153 223.0520 1.4774 1.5983 3.7727 6.6400 2.0546 31.5817 5.1063 0.0594
Car -1 -1 2.6650 934.0203 192.0898 1242.0000 305.4044 1.5101 1.6643 4.3802 7.5310 1.8328 11.0418 3.2502 0.0545
Car -1 -1 3.1217 881.6769 175.7701 1034.1783 226.0516 1.4733 1.6339 4.2253 10.9559 1.5725 22.9359 3.5618 0.0539
Car -1 -1 1.2926 856.8334 178.7149 948.9429 231.5090 1.4470 1.6175 3.7643 8.8847 1.6428 22.1613 1.6687 0.0519