Car -1 -1 1.9623 116.0545 204.0800 399.9477 372.6982 1.4612 1.6230 4.1114 -4.0203 1.9439 9.0862 1.5555 0.9774
Car -1 -1 1.8001 384.8161 197.7143 486.3868 269.7251 1.4132 1.5553 3.5347 -4.0106 2.0650 17.1504 1.5729 0.9623
Car -1 -1 1.7454 443.4802 185.1264 515.5233 241.4981 1.6159 1.6314 3.9444 -4.1403 2.0494 23.5153 1.5723 0.9470
Car -1 -1 1.0446 803.0159 144.4055 1202.7241 373.0678 1.7532 1.6788 4.1797 3.6419 1.5350 7.6952 1.4709 0.8399
Car -1 -1 4.6539 596.4194 180.2260 630.9624 209.6908 1.4886 1.6434 4.4075 0.1764 1.9184 39.8227 4.6577 0.8223
Car -1 -1 1.5242 537.7626 176.2349 563.8640 199.6007 1.6056 1.6923 4.2318 -4.3044 1.8616 52.4264 1.4423 0.3068
Car -1 -1 1.3042 483.8023 173.0728 516.8027 192.8963 1.4992 1.5826 3.9411 -8.6249 1.5170 56.7354 1.1537 0.2250
Car -1 -1 1.6444 535.6197 177.1107 565.6711 204.1968 1.7809 1.7733 4.2754 -4.0589 2.0900 50.2574 1.5637 0.2197
Car -1 -1 4.9471 463.5889 172.1801 504.9825 197.3451 1.4501 1.5969 3.8824 -7.5101 1.4113 43.5671 4.7771 0.1534
Car -1 -1 3.0874 521.5331 172.2670 580.1870 194.5539 1.6092 1.6675 4.2265 -4.3507 1.5668 53.2095 3.0058 0.1332
Car -1 -1 0.4071 505.6238 177.6088 571.0241 201.6835 1.6583 1.6766 4.3595 -5.1019 2.0089 51.7396 0.3089 0.1136
Car -1 -1 1.5528 541.0906 168.5105 564.1556 190.6073 1.5952 1.6523 4.0212 -4.3052 1.2816 54.1694 1.4736 0.1079
Car -1 -1 1.3781 541.8970 176.9034 579.6310 204.0711 1.7394 1.7604 4.3681 -3.3786 2.0288 49.2312 1.3095 0.0964
Car -1 -1 1.4641 491.2835 179.3824 519.9504 202.3631 1.5578 1.6323 4.0649 -7.5717 2.0508 52.3169 1.3207 0.0809
Car -1 -1 1.0373 460.1367 183.6445 512.7069 206.9670 1.4719 1.6604 4.1994 -8.5129 2.2465 49.6546 0.8679 0.0805
Car -1 -1 3.6492 428.3677 172.6234 500.4694 197.5036 1.4281 1.5963 3.9077 -8.5959 1.4149 42.7734 3.4518 0.0741
Car -1 -1 4.5090 763.8936 138.8922 832.4720 185.4111 1.5264 1.6203 3.6763 6.5900 0.4120 25.5491 4.7586 0.0740
Car -1 -1 1.7134 587.3220 179.4068 618.3921 201.5137 1.4462 1.6085 4.1249 -0.4286 1.9255 50.6287 1.7045 0.0695
Car -1 -1 4.7510 551.8159 166.0023 575.8395 189.2594 1.6967 1.6603 4.0108 -3.4309 1.1968 54.6641 4.6884 0.0668
Car -1 -1 4.6972 530.0658 166.4518 552.8992 188.5304 1.6041 1.6547 4.1048 -5.1778 1.1390 54.5547 4.6028 0.0654
Car -1 -1 1.8397 519.6443 177.7319 561.2757 204.2383 1.6944 1.7662 4.2043 -4.6531 2.0418 49.1656 1.7454 0.0625
Car -1 -1 3.2482 568.7247 180.4759 652.1289 208.8561 1.5004 1.6419 4.4474 0.0811 1.9317 39.7706 3.2496 0.0555
Car -1 -1 1.4638 487.2696 175.7640 515.0743 197.5918 1.5396 1.6155 4.0999 -8.0955 1.7649 53.6641 1.3145 0.0545
Car -1 -1 0.2857 519.9781 179.6688 584.0563 203.0279 1.5801 1.6721 4.1944 -4.0327 2.0715 50.7841 0.2064 0.0540
Car -1 -1 1.8202 544.3247 173.4807 580.5097 195.0776 1.5197 1.6845 4.1373 -3.4213 1.5677 53.0861 1.7558 0.0533
Car -1 -1 1.8765 570.5546 178.4208 609.8549 200.6017 1.4839 1.6257 4.1815 -1.3361 1.8994 51.6243 1.8503 0.0516
Car -1 -1 0.1571 529.8414 178.5872 590.1726 201.0001 1.5595 1.6680 4.1049 -3.5259 1.9786 51.7357 0.0889 0.0501
Car -1 -1 4.6564 595.3306 177.4930 629.9278 208.8312 1.5409 1.6070 3.7334 0.1178 1.7971 37.9493 4.6590 0.0500