Car -1 -1 4.4443 733.2795 189.5573 932.7814 324.3221 1.5277 1.7200 3.9492 3.0235 1.8198 10.6437 4.7125 0.9811
Car -1 -1 4.5082 692.6536 186.1584 808.0641 267.9276 1.5029 1.6724 4.0322 2.9551 1.8347 15.9610 4.6869 0.9278
Car -1 -1 1.5962 500.6122 181.1953 542.9814 223.3657 1.4807 1.5251 3.6482 -3.3488 1.8259 27.9688 1.4775 0.8569
Car -1 -1 4.6321 649.6406 179.3573 688.9100 212.3466 1.4510 1.5661 3.5604 2.7835 1.7754 34.2183 4.7119 0.6453
Car -1 -1 1.1816 623.0222 179.7864 665.1442 203.6821 1.5249 1.5785 3.7021 2.3119 2.0171 49.2193 1.2277 0.5733
Car -1 -1 1.7490 542.9360 175.4362 575.3737 199.7052 1.5666 1.5501 3.7631 -3.3791 1.7487 48.9463 1.6800 0.4881
Car -1 -1 4.5677 660.8833 150.6954 741.4727 217.2248 1.8860 1.8365 4.7079 2.7689 1.2578 22.8310 4.6863 0.3464
Car -1 -1 4.8916 539.4059 181.0957 580.1151 208.4669 1.4138 1.5767 4.1174 -2.7529 1.9029 40.6871 4.8239 0.2387
Car -1 -1 1.4043 610.0889 183.1723 636.7096 201.9267 1.5010 1.6489 3.9983 1.1580 2.4199 62.1572 1.4224 0.2186
Car -1 -1 1.5836 496.2987 170.8547 519.7598 193.6010 1.4835 1.5184 3.8921 -6.8781 1.3531 49.0844 1.4449 0.1329
Car -1 -1 1.7868 554.4008 180.4221 584.2470 201.8299 1.5532 1.5449 3.6785 -3.0689 2.1574 55.6610 1.7315 0.1326
Car -1 -1 4.9614 638.9267 180.8949 676.7310 204.5514 1.5083 1.6344 4.1200 3.3708 2.0870 49.7190 5.0282 0.1171
Car -1 -1 1.5652 636.7767 178.9501 663.2371 205.1017 1.6139 1.6690 4.2683 2.6595 2.0354 47.7138 1.6201 0.1065
Car -1 -1 1.7934 557.0375 177.8684 586.8907 198.0696 1.5420 1.5782 3.9057 -2.9933 1.9605 58.1582 1.7418 0.0934
Car -1 -1 1.5994 518.2528 188.1664 556.9518 223.2029 1.4613 1.6953 4.2200 -3.3475 2.2319 34.1485 1.5017 0.0833
Car -1 -1 1.6912 629.6832 177.8081 663.1155 204.5673 1.6008 1.6511 4.1264 2.3998 1.9326 46.1440 1.7424 0.0832
Car -1 -1 4.1789 718.6498 149.4711 791.7065 186.9893 1.6078 1.6624 3.5863 6.5656 0.6057 32.8876 4.3741 0.0729
Car -1 -1 4.5231 655.6056 165.2401 721.2053 218.0242 1.6547 1.5693 3.4513 2.5917 1.4160 24.4049 4.6271 0.0661
Car -1 -1 1.5974 682.1107 179.7755 707.9150 203.7048 1.4748 1.5930 3.7988 5.6711 1.9507 47.6178 1.7147 0.0661
Car -1 -1 4.4011 893.8635 187.4831 1130.3738 333.2409 1.5349 1.6323 3.9521 5.2917 1.7818 10.0958 4.8708 0.0639
Car -1 -1 1.6885 505.5341 170.8787 535.2538 195.0255 1.5730 1.5536 3.8624 -6.0077 1.4443 48.9379 1.5667 0.0605
Car -1 -1 1.6755 533.2402 182.0088 571.0009 211.7666 1.4711 1.6272 3.8458 -3.0398 1.9882 38.8101 1.5973 0.0602
Car -1 -1 -0.6422 913.5233 194.5675 1242.0000 303.6516 1.5063 1.6460 4.4280 7.3305 1.8785 11.3641 -0.0821 0.0596
Car -1 -1 0.1037 526.3920 175.8707 582.1764 199.6358 1.5574 1.5487 3.5829 -3.6734 1.7628 48.3170 0.0278 0.0589
Car -1 -1 1.8728 517.0263 181.8686 570.4742 213.5049 1.4928 1.6388 3.9897 -3.3434 1.9863 37.3793 1.7837 0.0574
Car -1 -1 1.0759 638.3131 176.6046 691.9567 202.3358 1.5157 1.6193 4.0599 3.4342 1.7626 45.3216 1.1505 0.0553
Car -1 -1 0.0253 625.4730 180.7273 681.0094 204.0215 1.5182 1.5869 3.6754 2.9567 2.0591 48.6145 0.0851 0.0540
Car -1 -1 1.5261 649.4860 180.4282 670.7460 199.8242 1.5499 1.6213 3.8485 4.2538 2.2119 61.1177 1.5948 0.0531
Car -1 -1 2.0420 617.9814 182.2167 655.2831 201.2698 1.5236 1.5890 3.9218 2.3554 2.3536 61.8616 2.0794 0.0523
Car -1 -1 0.8586 588.6841 183.1984 631.8311 201.9670 1.4861 1.6336 3.7056 0.0333 2.3913 61.2019 0.8586 0.0522