Car -1 -1 1.8015 431.1021 185.9447 513.2379 240.5324 1.5007 1.6703 3.9585 -4.2353 1.9514 22.8215 1.6193 0.9613
Car -1 -1 4.3425 764.8274 184.2331 933.1735 286.2527 1.4757 1.5940 3.4597 3.9921 1.7028 12.6166 4.6412 0.9588
Car -1 -1 4.5411 732.0425 184.0039 827.4559 252.5987 1.4518 1.6352 3.7799 4.0770 1.7570 17.8254 4.7615 0.9585
Car -1 -1 4.2495 863.2160 196.3784 1242.0000 375.0000 1.4218 1.6126 4.1099 3.9184 1.7163 6.9557 4.7434 0.9506
Car -1 -1 1.7879 478.5486 183.7354 539.3350 226.1417 1.5024 1.5759 3.8751 -3.9073 1.9636 28.5834 1.6526 0.9231
Car -1 -1 4.5825 709.9476 179.8314 776.1569 232.9634 1.5466 1.6190 3.7333 4.2428 1.7913 23.4045 4.7589 0.8665
Car -1 -1 1.7592 502.2273 183.9631 552.8337 218.2896 1.4370 1.6159 3.9727 -3.7492 1.9853 33.5698 1.6482 0.7206
Car -1 -1 4.5765 692.5869 180.2194 747.3632 220.6242 1.4522 1.6202 3.8541 4.2993 1.7636 28.5748 4.7236 0.6163
Car -1 -1 1.6641 553.6600 177.7675 583.7158 202.1497 1.5942 1.7044 4.1307 -2.7966 1.9498 50.1187 1.6081 0.5723
Car -1 -1 4.5445 682.8276 171.9057 721.9174 198.8765 1.4076 1.5530 3.4665 5.0250 1.3582 39.4227 4.6699 0.4272
Car -1 -1 4.5842 871.0297 174.0299 903.2036 196.7323 1.4959 1.5846 3.8335 19.1129 1.5804 49.8046 4.9483 0.3584
Car -1 -1 -0.4194 692.8430 181.9631 797.3876 222.4176 1.4583 1.5648 3.6259 5.1854 1.8233 27.7298 -0.2371 0.2594
Car -1 -1 1.6204 747.7636 173.6226 768.7076 192.4141 1.5804 1.6029 3.8514 12.9885 1.6496 62.9168 1.8228 0.2431
Car -1 -1 1.5138 689.1865 177.2271 734.2819 217.8492 1.6128 1.6837 4.1406 4.3567 1.8150 31.2363 1.6505 0.1853
Car -1 -1 4.5098 852.7870 172.5526 904.0122 205.9476 1.4894 1.5237 3.7943 12.6608 1.4760 34.1698 4.8614 0.1820
Car -1 -1 1.1660 690.4529 180.7128 769.7637 223.1057 1.4064 1.5396 3.7048 4.3651 1.7183 26.6566 1.3259 0.1748
Car -1 -1 0.7516 1156.8329 183.5217 1242.0000 241.6476 1.4284 1.6610 3.7792 17.8758 1.7595 20.4220 1.4630 0.1553
Car -1 -1 3.3812 442.3658 174.7003 512.9504 198.0045 1.4899 1.6332 4.2780 -8.5987 1.6131 47.2212 3.2017 0.1261
Car -1 -1 -0.0702 684.7479 174.4158 756.0492 201.4699 1.4023 1.4078 3.6523 5.8484 1.4871 38.3441 0.0795 0.1234
Car -1 -1 1.3070 797.4770 171.4469 838.9522 200.2404 1.8028 1.6406 3.8654 13.5709 1.7147 47.1220 1.5854 0.1138
Car -1 -1 1.0378 988.9832 179.7758 1089.2211 221.1146 1.4571 1.5861 3.8484 16.5390 1.7443 28.0059 1.5661 0.1118
Car -1 -1 4.6148 661.1542 183.7898 711.2062 225.1705 1.4720 1.5895 3.8819 2.9736 1.9355 28.6375 4.7165 0.1058
Car -1 -1 5.4538 439.4249 177.5697 506.3754 206.0575 1.4838 1.5824 3.6976 -7.5656 1.7597 40.2275 5.2686 0.0964
Car -1 -1 2.0473 956.8717 180.3051 1077.6002 231.2335 1.4072 1.5608 4.0673 12.5993 1.6551 22.2293 2.5567 0.0952
Car -1 -1 1.7135 545.7000 176.9596 580.0081 204.0280 1.6821 1.6787 4.1865 -3.0359 1.9654 47.6432 1.6498 0.0935
Car -1 -1 -0.0449 868.2771 172.2158 966.3343 207.2520 1.5091 1.6357 3.9759 13.7836 1.4816 32.5323 0.3522 0.0888
Car -1 -1 1.6368 872.5646 171.5545 903.8858 196.8659 1.5885 1.6557 4.2723 18.4058 1.5069 47.5678 2.0035 0.0815
Car -1 -1 1.1447 749.3871 173.0602 791.6514 194.3898 1.5821 1.6491 4.0565 12.3764 1.5987 55.7177 1.3618 0.0793
Car -1 -1 1.5439 659.7275 179.1047 699.9780 218.9564 1.5713 1.6085 3.9711 2.9753 1.8586 31.1231 1.6376 0.0783
Car -1 -1 4.2239 947.3288 179.1788 1060.1301 227.7592 1.4187 1.5861 3.8202 12.6774 1.6413 23.4797 4.7132 0.0773
Car -1 -1 1.4709 881.3476 171.4902 916.3707 197.7366 1.5921 1.6617 4.0374 18.3657 1.5093 45.9368 1.8487 0.0757
Car -1 -1 0.7399 1113.0359 178.9422 1242.0000 234.0288 1.4654 1.6818 3.9131 17.5471 1.6661 21.7154 1.4125 0.0717
Car -1 -1 4.2779 962.6010 189.2035 1044.0469 228.2609 1.4701 1.6452 3.6008 16.5667 2.2041 30.5477 4.7702 0.0696
Car -1 -1 1.7325 533.6531 185.9476 568.2817 211.6472 1.4894 1.5836 3.9012 -3.6799 2.3583 45.8725 1.6524 0.0683
Car -1 -1 0.8876 1031.7798 182.9992 1194.1437 247.1497 1.4620 1.5354 3.5938 12.9848 1.7537 18.8891 1.4820 0.0679
Car -1 -1 1.4670 688.5288 174.3467 726.7489 203.9252 1.4447 1.5509 3.9807 5.0381 1.5263 37.4554 1.5992 0.0653
Car -1 -1 1.2319 1164.1350 209.8865 1242.0000 368.9481 1.4603 1.5949 3.8696 9.0469 2.0651 9.6915 1.9667 0.0652
Car -1 -1 -0.8481 805.0032 172.4622 873.4847 201.0692 1.6029 1.6544 3.8921 13.4286 1.5809 42.1411 -0.5421 0.0652
Car -1 -1 1.7443 518.1714 179.1356 565.3984 212.9613 1.5815 1.6673 4.3280 -3.3870 1.9211 36.7863 1.6526 0.0648
Car -1 -1 1.7818 489.6696 176.0106 547.4789 212.8599 1.4937 1.6316 4.4385 -3.9396 1.6433 31.9212 1.6595 0.0639
Car -1 -1 2.5326 869.8630 173.7308 934.5157 196.4871 1.4922 1.6006 3.8079 19.6999 1.5527 48.6129 2.9152 0.0635
Car -1 -1 1.3545 607.3588 178.8447 643.1740 202.2038 1.4755 1.5917 4.0116 1.0170 1.8981 48.7866 1.3747 0.0626
Car -1 -1 4.4041 825.9850 174.5039 880.0344 204.1750 1.4984 1.6051 3.9505 12.9642 1.5913 38.6437 4.7250 0.0623
Car -1 -1 0.9565 892.5634 171.2264 957.1953 197.0522 1.5487 1.6768 4.0759 19.7744 1.4511 45.4359 1.3643 0.0587
Car -1 -1 4.3713 828.4441 171.0169 891.3383 204.3454 1.4842 1.5849 3.8755 11.7392 1.4024 34.0785 4.7000 0.0585
Car -1 -1 3.8859 752.5760 176.3716 825.4495 202.4344 1.4242 1.6275 4.1136 10.4261 1.6404 42.1772 4.1262 0.0573
Car -1 -1 0.1547 429.0134 179.1357 500.9253 208.5308 1.5635 1.5428 3.6729 -7.8907 1.9155 39.5868 -0.0412 0.0567
Car -1 -1 4.9200 445.5956 178.6121 486.7522 209.6797 1.6036 1.5013 3.6284 -7.8466 1.9353 39.7441 4.7259 0.0560
Car -1 -1 3.8564 416.2700 180.7066 485.4952 209.7226 1.5002 1.4672 3.6463 -8.7288 1.9481 39.6421 3.6406 0.0555
Car -1 -1 1.3519 862.9796 171.9522 922.1083 208.9647 1.5591 1.6293 3.9970 12.6571 1.5211 32.4915 1.7199 0.0553
Car -1 -1 1.0976 767.2610 175.6722 818.1757 198.8914 1.4347 1.6174 3.9018 11.9141 1.6271 47.1734 1.3431 0.0550
Car -1 -1 1.1865 891.7275 175.0835 974.9609 215.0876 1.4488 1.5920 3.9614 12.6098 1.5426 28.3577 1.6006 0.0548
Car -1 -1 2.8443 896.2129 179.2065 1052.7153 227.3098 1.4496 1.6200 4.1930 11.5994 1.6637 23.1793 3.3027 0.0528
Car -1 -1 1.6981 741.1010 172.9286 766.6439 191.9618 1.5644 1.6192 4.2080 12.3461 1.5710 61.5745 1.8948 0.0509
Car -1 -1 -1.5890 926.9669 174.6947 955.4902 198.2979 1.4655 1.6123 3.9806 21.6915 1.5916 47.2817 -1.1616 0.0508
Car -1 -1 3.0751 658.7233 171.5387 732.5323 199.2265 1.4491 1.4962 3.8275 4.5621 1.3803 38.6067 3.1914 0.0508
Car -1 -1 1.4215 1046.6948 180.7554 1153.9242 249.6197 1.4598 1.5721 4.0142 12.0427 1.6799 17.9411 2.0045 0.0506
Car -1 -1 1.1760 743.1503 177.8306 793.7136 200.7169 1.4069 1.6841 4.4162 10.4298 1.7518 47.6895 1.3896 0.0500