Car -1 -1 2.0881 90.2578 196.2004 224.8924 259.3546 1.5118 1.5602 3.7873 -12.7292 2.2406 20.6060 1.5402 0.9173
Car -1 -1 4.7434 598.6056 174.9208 629.9910 204.7597 1.6876 1.7468 4.5321 0.3337 1.8186 43.4251 4.7505 0.8468
Car -1 -1 2.0078 220.1470 195.9451 293.5875 233.6904 1.5299 1.6240 3.7053 -16.2250 2.6580 33.3871 1.5582 0.6934
Car -1 -1 4.8047 256.6392 184.3526 293.9390 212.3223 1.5060 1.6439 3.8081 -19.6917 2.2182 42.6209 4.3739 0.3222
Car -1 -1 1.4120 688.1868 173.2072 729.9563 202.3622 1.4959 1.6106 4.0597 5.3372 1.5161 39.1200 1.5461 0.1671
Car -1 -1 5.6220 50.5754 213.2480 249.9051 297.9933 1.4542 1.6250 3.4795 -10.0761 2.4638 16.1203 5.0704 0.1410
Car -1 -1 1.4772 664.5743 172.9613 701.5118 202.0851 1.4978 1.6155 4.0101 3.9338 1.5039 39.1308 1.5762 0.1236
Car -1 -1 -0.1979 662.1967 163.7205 706.3261 180.9781 1.6015 1.6973 3.8772 7.0188 0.7539 67.9889 -0.0957 0.1233
Car -1 -1 2.0873 42.7722 194.3589 138.2228 234.8837 1.4558 1.5753 3.6867 -21.3567 2.4029 29.8634 1.4705 0.1136
Car -1 -1 1.5972 250.9080 186.3683 287.5781 216.8319 1.5471 1.7580 4.2359 -19.2654 2.3574 40.9699 1.1598 0.1052
Car -1 -1 1.3968 265.7592 197.4862 318.0110 231.9721 1.4807 1.7042 4.2908 -16.1013 2.8025 36.4630 0.9832 0.1029
Car -1 -1 3.2177 212.7900 183.8153 294.0423 211.9263 1.5100 1.6542 4.0676 -20.3798 2.1629 41.4624 2.7631 0.1024
Car -1 -1 1.4300 682.4498 170.1005 719.9719 197.5878 1.5247 1.6231 3.9244 5.2840 1.3719 41.9980 1.5539 0.1017
Car -1 -1 1.5623 675.5721 172.8136 699.9024 196.5591 1.5487 1.5803 4.3537 5.3188 1.5461 49.3043 1.6687 0.0981
Car -1 -1 1.5447 175.4020 201.5731 234.6507 251.0041 1.4609 1.7415 4.0484 -14.6408 2.5848 26.0504 1.0366 0.0976
Car -1 -1 2.2086 218.1535 191.9249 297.9070 223.2715 1.4956 1.7572 4.1770 -19.0618 2.5940 39.3397 1.7597 0.0888
Car -1 -1 4.9736 389.1057 168.5252 423.4163 193.7158 2.0244 1.7849 3.9291 -16.8474 1.6765 59.9608 4.7006 0.0746
Car -1 -1 4.9495 472.2101 153.3876 546.6914 201.1624 1.5113 1.6638 3.8533 -3.3502 0.8955 24.8275 4.8165 0.0732
Car -1 -1 1.4728 217.7318 198.8936 281.0541 247.0425 1.4781 1.7149 4.0015 -13.3461 2.5167 26.6278 1.0117 0.0723
Car -1 -1 0.7212 200.8062 196.5023 296.8126 233.3271 1.5400 1.6781 3.7816 -16.5474 2.6686 33.1395 0.2609 0.0683
Car -1 -1 1.7289 106.5218 211.0373 230.1814 300.3193 1.4327 1.6250 3.7199 -9.2072 2.3519 15.3414 1.1956 0.0666
Car -1 -1 3.8177 461.7799 155.1086 587.1094 204.1203 1.5322 1.6457 4.0596 -2.9028 0.9775 24.3300 3.6998 0.0624
Car -1 -1 4.8319 506.0333 152.9621 565.8048 200.8749 1.5441 1.6275 3.7048 -2.4880 0.9030 25.1221 4.7339 0.0612
Car -1 -1 1.8695 273.9710 185.4821 326.5033 214.0334 1.5144 1.6881 4.0886 -18.0427 2.2913 42.2672 1.4680 0.0601
Car -1 -1 0.3872 213.5979 183.0732 299.3953 209.8814 1.5228 1.6925 4.2370 -20.8427 2.1416 42.7145 -0.0646 0.0587
Car -1 -1 1.9421 369.2589 177.5944 409.1286 200.0662 1.8019 1.7482 4.3873 -18.5899 2.2178 61.0602 1.6474 0.0584
Car -1 -1 0.5326 233.0759 187.6130 314.8380 215.1710 1.4942 1.6611 3.9414 -19.1460 2.3587 41.2402 0.1001 0.0573
Car -1 -1 1.2922 485.4567 178.4777 516.2571 198.5342 1.7052 1.6857 4.0434 -9.7882 2.2270 64.7605 1.1424 0.0555
Car -1 -1 -0.2936 219.0901 196.4328 419.9376 270.9772 1.4591 1.6446 4.1699 -6.8581 2.0872 17.2834 -0.6667 0.0548
Car -1 -1 1.5032 662.3196 169.5497 695.3315 197.4809 1.5434 1.6282 4.1034 3.9791 1.3609 41.9436 1.5968 0.0543
Car -1 -1 2.5832 283.6376 189.3282 361.4512 218.2191 1.4657 1.6701 3.7905 -16.2253 2.4463 40.9286 2.2076 0.0533
Car -1 -1 5.5703 275.1604 199.4792 364.5588 233.5672 1.4599 1.7016 4.0749 -14.5825 2.8893 36.5380 5.1926 0.0519
Car -1 -1 1.7961 254.3687 188.8169 305.9583 218.9614 1.4852 1.7481 3.9227 -18.1245 2.4136 39.8656 1.3716 0.0502