Car -1 -1 2.0936 220.3604 182.5280 297.9765 216.9279 1.7305 1.7539 4.6885 -19.3279 2.2997 40.0523 1.6462 0.8436
Car -1 -1 1.8622 364.5850 181.7898 402.8598 204.1838 1.4948 1.6478 3.5351 -16.0264 2.1527 51.3540 1.5609 0.6903
Car -1 -1 4.4394 673.3611 168.0743 705.1663 187.9830 1.5904 1.6439 3.8043 6.5508 1.2086 59.6499 4.5480 0.3019
Car -1 -1 1.4731 222.6432 177.6219 252.2588 198.3159 1.4719 1.6044 4.0478 -28.1014 1.8457 54.4397 0.9984 0.1044
Car -1 -1 1.6707 365.4633 182.0059 395.6385 205.8179 1.5289 1.5965 4.0184 -15.8555 2.1914 50.0963 1.3653 0.1037
Car -1 -1 1.6119 209.6158 190.9698 243.2068 219.2220 1.4907 1.5919 3.8433 -22.6863 2.6178 42.8136 1.1269 0.0843
Car -1 -1 1.5505 273.8531 180.2393 298.0977 201.0634 1.5394 1.6740 4.3290 -25.7222 2.1496 57.2962 1.1301 0.0784
Car -1 -1 1.6528 418.0750 181.8571 446.8733 204.6807 1.4775 1.6213 4.1285 -12.3710 2.1356 50.5819 1.4138 0.0758
Car -1 -1 1.8546 250.4284 184.3313 303.1631 212.9772 1.5464 1.7232 4.2229 -19.7216 2.2646 42.9381 1.4261 0.0739
Car -1 -1 0.4674 333.7292 184.0494 396.7810 206.6436 1.5095 1.6526 3.8369 -17.0328 2.3080 50.3757 0.1426 0.0710
Car -1 -1 1.7482 413.3220 182.2503 448.4163 205.6729 1.4659 1.6223 3.9775 -12.0428 2.1283 48.8278 1.5072 0.0659
Car -1 -1 2.0599 385.0999 183.3443 434.5409 206.6172 1.4874 1.6217 3.9904 -13.8236 2.2475 50.1554 1.7919 0.0634
Car -1 -1 1.8409 348.5583 181.4346 392.1092 207.0061 1.5144 1.6147 4.0475 -15.2464 2.0880 46.1728 1.5234 0.0603
Car -1 -1 1.8787 208.1058 184.2594 268.1973 217.6581 1.6049 1.6517 4.1189 -19.6335 2.2448 38.3175 1.4077 0.0596
Car -1 -1 2.4020 393.9243 181.3697 458.4424 205.7451 1.4880 1.6437 4.0940 -12.0713 2.0767 47.7180 2.1552 0.0595
Car -1 -1 4.5465 268.8184 174.1650 297.3751 193.3104 1.5487 1.5932 3.7510 -27.4604 1.6626 60.6434 4.1228 0.0569
Car -1 -1 5.1215 275.3360 178.1088 314.8872 198.1244 1.5448 1.5785 3.7391 -25.4612 1.9848 58.5413 4.7127 0.0541
Car -1 -1 3.1251 670.9140 166.5596 716.8691 186.7418 1.6212 1.6726 3.6786 6.8722 1.1156 58.9740 3.2403 0.0537
Car -1 -1 2.1286 393.5947 182.9171 444.5620 206.0425 1.4599 1.5805 3.8332 -12.9885 2.1779 49.4134 1.8725 0.0518
Car -1 -1 1.5439 279.7173 188.5529 309.8801 215.1623 1.4914 1.6274 3.9937 -19.7197 2.5202 45.1340 1.1338 0.0510