Car -1 -1 5.2886 0.0000 185.2650 241.1467 296.1782 1.4504 1.5802 3.9511 -7.5881 1.4513 11.3786 4.7112 0.9712
Car -1 -1 4.7493 561.2168 185.6457 616.4131 230.8672 1.3605 1.6612 3.3185 -0.5332 1.3754 23.3289 4.7263 0.9486
Car -1 -1 4.9990 279.3840 183.7204 477.4408 311.4937 1.5655 1.6558 4.1136 -3.1776 1.5472 10.8715 4.7209 0.9453
Car -1 -1 5.0665 271.9584 185.3911 341.9020 221.8763 1.4378 1.5804 3.4814 -12.4923 1.4456 30.1137 4.6760 0.9064
Car -1 -1 4.8981 419.2860 179.4812 465.1613 210.9982 1.5029 1.5626 3.8313 -8.2503 1.2294 36.2211 4.6753 0.8748
Car -1 -1 4.8433 472.0854 186.9032 539.1423 229.9518 1.3208 1.7324 3.7603 -3.3159 1.3818 24.0880 4.7076 0.8148
Car -1 -1 2.2554 66.2671 184.5257 230.5463 242.2703 1.4098 1.5445 4.0499 -12.3288 1.3930 19.6591 1.7012 0.6728
Car -1 -1 4.8196 465.1186 178.6780 494.7281 201.7673 1.5284 1.6142 3.7201 -8.7236 1.0957 49.4956 4.6457 0.6613
Car -1 -1 4.8967 505.5720 180.6472 549.2190 210.6102 1.4782 1.6116 3.6149 -4.0906 1.2528 37.3265 4.7879 0.5014
Car -1 -1 5.0301 308.7862 180.6999 396.4998 230.2660 1.4389 1.5563 3.5357 -7.9110 1.3078 22.6474 4.6975 0.4185
Car -1 -1 5.3266 0.0000 220.9163 276.7585 376.0000 1.4301 1.5661 3.6375 -3.0878 1.6946 3.4525 4.6346 0.3758
Car -1 -1 1.5608 533.6495 181.5543 557.4553 204.1969 1.5232 1.5982 4.0854 -4.3475 1.2769 50.4690 1.4749 0.3631
Car -1 -1 4.7794 387.2622 182.3676 417.9883 205.5366 1.3977 1.6016 3.9207 -12.8890 1.2259 45.4488 4.5042 0.3387
Car -1 -1 4.8486 149.6033 171.9005 191.1955 198.9879 1.5160 1.5789 3.7813 -25.6310 0.7708 42.2800 4.3062 0.2293
Car -1 -1 5.1717 432.7169 178.0040 489.0193 205.2330 1.5632 1.6867 4.0987 -8.7786 1.1492 43.4663 4.9733 0.2131
Car -1 -1 5.0114 0.0000 208.9252 299.0038 376.0000 1.4788 1.6963 4.1556 -3.4078 1.7202 5.0918 4.4453 0.1957
Car -1 -1 1.8596 188.6746 186.6144 261.2934 224.0798 1.4535 1.6229 3.8991 -15.9058 1.5161 30.1121 1.3770 0.1797
Car -1 -1 1.3303 396.4763 172.8117 425.0562 189.9132 1.4908 1.5836 3.9809 -17.7308 0.4095 64.7902 1.0640 0.1513
Car -1 -1 0.1957 404.1348 180.7227 473.0024 207.4928 1.5356 1.6383 3.6779 -9.8368 1.2779 42.1142 -0.0328 0.1408
Car -1 -1 1.8484 295.9930 180.3887 392.0242 236.4433 1.4981 1.5812 4.0801 -7.6585 1.3691 21.2988 1.5069 0.1367
Car -1 -1 2.3266 116.4210 184.9112 248.7446 228.6868 1.5365 1.7049 4.5512 -16.1419 1.5259 27.6426 1.8020 0.1333
Car -1 -1 5.1909 0.0000 225.1094 482.1804 376.0000 1.4688 1.5842 3.7798 -1.7265 1.7552 3.2541 4.7353 0.1296
Car -1 -1 4.6258 527.0307 173.9621 553.9897 196.1162 1.5323 1.6020 3.8797 -4.8357 0.7540 51.7728 4.5328 0.1122
Car -1 -1 1.8442 421.4413 177.3909 472.7218 207.7113 1.5899 1.6832 4.2390 -8.8039 1.1796 39.8585 1.6278 0.0981
Car -1 -1 0.5807 110.8798 181.2878 232.9957 219.8960 1.4891 1.6301 3.9102 -17.2681 1.3376 28.6223 0.0417 0.0967
Car -1 -1 3.7667 66.6718 191.0468 229.9443 241.5668 1.3997 1.5938 3.8288 -13.3603 1.5779 21.0486 3.2066 0.0916
Car -1 -1 0.2970 512.7230 181.7850 575.3160 204.0572 1.5240 1.5663 4.0906 -4.4127 1.2893 50.3812 0.2097 0.0906
Car -1 -1 3.2706 489.7476 179.2302 570.8438 209.1247 1.5006 1.6194 3.9668 -3.9087 1.2002 36.9415 3.1656 0.0852
Car -1 -1 2.0450 8.2234 178.4471 73.9117 202.0087 1.5472 1.7761 4.2944 -38.8632 1.1027 49.4798 1.3816 0.0833
Car -1 -1 -0.5483 529.8585 179.8009 620.5557 211.8877 1.5762 1.7314 4.4465 -1.6254 1.3102 37.2707 -0.5921 0.0828
Car -1 -1 3.5399 288.4738 179.0626 429.6021 228.7696 1.4757 1.5561 3.8264 -7.6200 1.2931 22.2552 3.2134 0.0825
Car -1 -1 2.1601 418.5208 181.5805 481.4224 210.4414 1.5703 1.6184 3.9098 -8.9503 1.3725 41.2274 1.9472 0.0794
Car -1 -1 4.7219 531.1003 179.6427 563.5694 209.6656 1.4858 1.6041 3.9417 -3.1094 1.2100 37.6003 4.6395 0.0770
Car -1 -1 5.0727 0.0000 214.7802 466.4300 376.0000 1.4687 1.6572 4.1088 -2.0510 1.7428 4.5796 4.6724 0.0715
Car -1 -1 3.3468 452.3645 178.4934 513.1846 201.3741 1.5389 1.6207 3.8535 -8.4885 1.0868 49.2260 3.1766 0.0713
Car -1 -1 2.3381 0.7497 187.7315 197.0024 253.4109 1.4538 1.6193 4.1400 -12.6482 1.5253 18.2547 1.7388 0.0702
Car -1 -1 1.7997 453.8428 175.7143 493.0917 200.9320 1.5990 1.6776 4.0425 -8.8083 0.9966 47.6404 1.6175 0.0694
Car -1 -1 1.6603 597.1322 189.6240 634.7234 218.0816 1.4557 1.6960 4.2723 0.5353 1.7125 39.6676 1.6732 0.0693
Car -1 -1 1.7126 387.8092 179.5840 423.9789 205.1534 1.5040 1.5904 4.0108 -12.3733 1.1727 44.3740 1.4419 0.0691
Car -1 -1 1.6255 431.2393 191.2653 476.6746 228.6618 1.4511 1.6644 4.1366 -6.4898 1.7283 30.7665 1.4189 0.0690
Car -1 -1 1.4757 611.7682 193.3056 662.3678 232.4422 1.4186 1.6536 3.9455 1.1337 1.7666 28.9065 1.5140 0.0675
Car -1 -1 1.5265 513.9071 182.6422 549.9050 215.0661 1.5018 1.5879 3.7990 -3.7404 1.3826 35.2935 1.4213 0.0671
Car -1 -1 1.9800 152.0038 185.3085 241.0255 225.3358 1.5050 1.6431 4.0298 -16.5108 1.5090 29.1271 1.4679 0.0664
Car -1 -1 1.7613 137.2579 172.1562 187.8328 200.9021 1.5401 1.6426 4.2927 -25.1637 0.8404 40.8125 1.2115 0.0632
Car -1 -1 2.1035 29.5623 181.4475 152.1989 230.6009 1.4628 1.5326 3.7121 -16.5756 1.3507 23.3050 1.4905 0.0629
Car -1 -1 1.7038 0.0000 227.7796 281.4286 376.0000 1.4668 1.6586 3.9292 -3.9260 1.9780 6.5005 1.1778 0.0623
Car -1 -1 3.9309 101.0835 174.6757 181.3048 201.7726 1.5124 1.6058 3.8831 -26.7692 0.9241 41.3260 3.3589 0.0619
Car -1 -1 1.5725 581.0895 191.6989 626.0609 231.0055 1.4466 1.6953 3.8768 -0.1435 1.7259 29.0373 1.5670 0.0614
Car -1 -1 3.4342 36.6556 183.6942 233.9826 240.3678 1.4296 1.5912 4.1826 -12.5960 1.3912 19.4678 2.8660 0.0611
Car -1 -1 0.6141 314.4817 188.7871 469.6299 242.5238 1.4940 1.6689 4.3091 -6.4732 1.6090 21.6650 0.3268 0.0588
Car -1 -1 -0.0553 519.2096 178.2299 600.2430 209.1101 1.5210 1.6393 4.0161 -2.4400 1.1770 36.4664 -0.1221 0.0562
Car -1 -1 1.6548 522.3964 192.8259 567.3831 228.3089 1.4318 1.6591 3.7603 -2.6881 1.7872 31.6940 1.5704 0.0559
Car -1 -1 1.6333 538.0634 179.6332 564.8292 202.6414 1.5205 1.5965 3.8256 -3.7975 1.1516 49.4306 1.5566 0.0558
Car -1 -1 0.1307 360.9348 180.4559 427.3031 205.1566 1.4936 1.5807 3.7662 -13.1526 1.2058 44.5402 -0.1551 0.0548
Car -1 -1 5.2241 404.3348 173.3772 442.7143 190.5312 1.5056 1.6203 3.9988 -16.6215 0.4665 65.2344 4.9753 0.0533
Car -1 -1 4.0142 276.0665 180.7824 401.6241 231.2859 1.4694 1.6216 3.8196 -8.4444 1.3404 22.5646 3.6597 0.0532
Car -1 -1 5.1681 453.5074 177.0959 509.8935 204.4114 1.5603 1.6868 4.1434 -7.4880 1.0965 43.2866 4.9975 0.0532
Car -1 -1 3.2302 78.0701 187.8189 237.7455 238.2063 1.4622 1.6514 4.1297 -13.9954 1.5503 22.6868 2.6825 0.0531
Car -1 -1 0.5610 554.3110 191.8198 626.7338 218.7946 1.4766 1.7262 3.9038 -0.9856 1.8778 41.9411 0.5370 0.0525
Car -1 -1 1.8134 530.3301 186.9651 582.1939 219.2067 1.4524 1.5901 3.9378 -2.3923 1.5418 34.6837 1.7446 0.0519
Car -1 -1 1.2994 385.1451 172.0434 416.8342 191.0182 1.5534 1.5877 3.9322 -17.5082 0.4750 60.9393 1.0205 0.0510
Car -1 -1 3.2934 443.3997 186.8831 569.0092 229.9327 1.3828 1.7022 3.9438 -3.3060 1.4406 24.0419 3.1578 0.0507
Car -1 -1 5.0237 476.3242 178.9149 516.8655 201.7828 1.5173 1.6247 3.9980 -7.6096 1.0992 49.7981 4.8724 0.0504