Car -1 -1 4.3940 367.5074 192.7420 487.4625 270.0016 1.4674 1.6336 3.6110 -4.2979 1.9810 16.6751 4.1447 0.9468
Car -1 -1 1.3403 856.4466 174.4854 980.8441 242.0896 1.3839 1.6768 4.5296 7.1863 1.4282 17.2525 1.7283 0.9000
Car -1 -1 4.5815 253.8926 187.3187 311.7202 229.0690 1.4839 1.6384 3.9401 -13.2778 2.1117 29.2100 4.1579 0.8879
Car -1 -1 1.5442 771.1337 173.5139 841.2147 236.9965 1.4611 1.5778 3.4280 4.9691 1.4797 18.4947 1.8020 0.8753
Car -1 -1 1.6302 28.6496 189.8675 75.9607 224.6738 1.6080 1.6963 4.0365 -28.9535 2.5448 37.5804 0.9770 0.6842
Car -1 -1 3.3831 431.3164 177.0526 527.1190 210.2138 1.4623 1.6145 4.0405 -5.9151 1.6598 32.9920 3.2066 0.6129
Car -1 -1 4.6971 210.9112 183.2224 234.9984 203.1677 1.4935 1.6599 3.7022 -31.1792 2.3582 58.1533 4.2066 0.5633
Car -1 -1 4.1488 497.2277 173.3832 780.7070 334.9876 1.7888 1.8475 4.5915 0.1370 1.7982 10.4416 4.1598 0.5037
Car -1 -1 0.3991 955.1151 177.1095 1162.4592 238.3417 1.3890 1.6384 4.3113 11.5869 1.5136 18.9016 0.9416 0.4482
Car -1 -1 0.1978 755.7128 159.5201 868.5674 197.2808 1.5068 1.6404 4.3594 8.5460 0.9748 30.5086 0.4682 0.4467
Car -1 -1 1.5896 1055.1077 149.5276 1117.1511 199.0847 1.4087 1.5021 3.8873 14.9004 0.7457 22.5408 2.1676 0.3858
Car -1 -1 3.1149 267.1053 179.9518 324.6338 201.2293 1.4801 1.5905 3.8041 -22.9147 2.0138 52.7312 2.7065 0.3829
Car -1 -1 1.4475 362.5778 183.5195 389.3015 203.0740 1.4723 1.6047 3.8924 -19.0399 2.3714 58.7234 1.1349 0.3678
Car -1 -1 0.8378 619.0122 155.3866 680.7076 182.1020 1.5551 1.6290 3.7998 2.4156 0.5383 43.9899 0.8922 0.1867
Car -1 -1 1.5658 288.3373 179.5622 317.3730 206.7085 1.4929 1.5155 3.5049 -18.0792 1.9060 42.5327 1.1658 0.1676
Car -1 -1 0.2646 364.4527 176.9066 449.1662 207.6832 1.5768 1.6313 4.0083 -10.6332 1.7950 38.0142 -0.0067 0.1473
Car -1 -1 -0.3069 1045.9893 150.5150 1226.9062 201.8493 1.4237 1.5747 4.0395 15.4413 0.8042 21.3809 0.3120 0.1442
Car -1 -1 -0.6922 577.8228 150.1776 643.4483 177.7943 1.7954 1.7228 4.3547 0.1059 0.3212 48.9577 -0.6902 0.1224
Car -1 -1 5.0594 275.8988 179.9437 317.1382 200.7595 1.4441 1.5661 3.8785 -23.1061 1.9881 53.3887 4.6525 0.1220
Car -1 -1 4.5768 233.5099 184.8031 282.5614 218.9844 1.4426 1.5856 3.7243 -16.5206 2.0358 33.8327 4.1254 0.1169
Car -1 -1 3.5730 625.5271 148.2549 715.9619 179.7705 1.5502 1.6577 4.3626 3.1397 0.3402 37.2857 3.6562 0.1134
Car -1 -1 1.9764 6.8810 186.6022 82.8825 220.3045 1.6349 1.6420 4.3790 -30.5749 2.4266 39.2248 1.3174 0.1100
Car -1 -1 1.7946 367.0826 184.0931 398.9367 204.9223 1.5481 1.5685 4.0881 -18.1621 2.4841 57.9921 1.4920 0.1042
Car -1 -1 -0.2609 447.6175 168.7753 498.3340 185.3302 1.4427 1.6491 4.1723 -12.2085 1.0872 64.5241 -0.4474 0.1003
Car -1 -1 4.8426 425.8553 179.5483 465.9959 211.1003 1.4752 1.5121 3.5900 -8.1984 1.8299 36.3784 4.6220 0.0975
Car -1 -1 1.7057 204.5603 182.0033 235.7660 203.2910 1.5481 1.5924 4.2388 -30.5420 2.2956 56.6841 1.2132 0.0932
Car -1 -1 0.8720 789.1676 166.4132 885.4598 205.4428 1.4768 1.5786 3.9212 9.1849 1.2331 29.4151 1.1715 0.0921
Car -1 -1 0.3714 1006.5067 184.5800 1235.6627 256.3012 1.4573 1.5697 4.2795 12.2622 1.7791 17.5932 0.9716 0.0878
Car -1 -1 4.7300 419.8102 174.9120 451.8336 204.7549 1.5278 1.6136 3.7546 -9.4023 1.6454 39.2228 4.4959 0.0850
Car -1 -1 1.5949 408.9337 180.4001 431.1071 201.2158 1.5520 1.6071 4.1144 -15.0888 2.1769 57.5681 1.3393 0.0836
Car -1 -1 -0.6339 524.8998 161.0872 589.3586 186.5401 1.5645 1.6426 3.9052 -3.3315 0.8412 46.2420 -0.7057 0.0825
Car -1 -1 0.9204 1037.3383 150.3848 1185.9213 202.1976 1.4142 1.5837 3.9318 14.9019 0.8009 21.6998 1.5158 0.0820
Car -1 -1 1.5159 291.2500 178.5831 319.9632 203.7993 1.6760 1.6549 4.2106 -21.6141 2.1007 51.2363 1.1183 0.0801
Car -1 -1 1.5585 368.7484 182.4639 391.7633 204.3831 1.5922 1.6622 4.2595 -18.0403 2.3778 56.6980 1.2515 0.0794
Car -1 -1 2.2807 972.4800 180.3009 1153.3851 248.0813 1.4890 1.6053 3.8581 10.9728 1.6835 17.4986 2.8326 0.0789
Car -1 -1 1.1825 1076.0077 166.0511 1190.7136 217.0031 1.4742 1.5957 3.7985 16.4683 1.2774 22.9075 1.7994 0.0735
Car -1 -1 3.6758 196.9951 183.3771 255.1987 202.8801 1.5023 1.6472 3.7839 -30.5178 2.3539 57.4790 3.1894 0.0724
Car -1 -1 -1.1064 1030.2743 156.6588 1219.3154 243.5551 1.4978 1.5807 3.5493 9.9993 1.2186 13.9758 -0.4956 0.0722
Car -1 -1 1.4093 893.1896 169.0998 963.5091 216.7652 1.5258 1.6036 3.9467 11.0337 1.4056 25.2059 1.8172 0.0709
Car -1 -1 -0.4446 425.3600 169.5484 480.4023 187.0428 1.4836 1.6781 4.4191 -13.6981 1.2033 63.2032 -0.6574 0.0702
Car -1 -1 1.7717 196.8820 178.7739 233.7111 201.9210 1.6513 1.6500 4.1605 -29.9123 2.1196 54.8464 1.2742 0.0690
Car -1 -1 3.8582 175.9810 184.8855 277.2588 219.1105 1.4602 1.6236 4.0048 -17.4462 2.0300 32.9158 3.3739 0.0682
Car -1 -1 2.0568 247.1249 177.5557 299.5075 201.7814 1.5632 1.6304 3.8391 -22.8959 1.8970 49.2778 1.6237 0.0672
Car -1 -1 1.8014 270.7877 177.4149 310.5834 201.1690 1.5391 1.6316 3.9689 -21.8869 1.8662 49.6561 1.3880 0.0650
Car -1 -1 1.4309 344.2152 184.1355 372.9001 203.9329 1.4683 1.6695 3.7523 -20.1678 2.4057 57.9015 1.0968 0.0624
Car -1 -1 0.0865 425.8058 181.0001 513.1644 211.1922 1.4234 1.4835 4.1007 -6.8296 1.8346 35.4755 -0.1027 0.0616
Car -1 -1 1.7722 64.7612 187.5245 111.6580 215.3999 1.4832 1.5052 3.7708 -30.6830 2.3897 42.5559 1.1503 0.0614
Car -1 -1 3.6518 661.5510 155.0185 733.6068 180.2584 1.6055 1.6810 4.4996 5.8113 0.4710 47.9025 3.7717 0.0593
Car -1 -1 4.9576 460.3689 169.1171 489.4198 185.6643 1.4411 1.6480 3.9755 -12.0690 1.1157 64.8743 4.7742 0.0578
Car -1 -1 1.9538 101.8575 185.1004 171.9096 217.8323 1.5274 1.6126 4.0934 -24.4286 2.1997 37.4504 1.3789 0.0576
Car -1 -1 2.4826 557.7758 151.7099 625.4849 178.1167 1.6888 1.7078 4.3946 -1.1635 0.3366 48.1936 2.4584 0.0563
Car -1 -1 2.2278 999.7945 152.4842 1143.5740 205.5332 1.4883 1.5475 3.9651 13.8617 0.9168 21.6500 2.7911 0.0548
Car -1 -1 2.0413 174.7725 179.1988 224.9530 201.9780 1.6044 1.6469 3.9402 -30.5584 2.0964 53.9407 1.5278 0.0537
Car -1 -1 4.3387 663.9695 148.3026 721.9903 179.2623 1.5442 1.6666 4.0791 4.3430 0.3196 38.1750 4.4510 0.0533
Car -1 -1 -0.7130 592.9667 177.6817 882.0943 332.0680 1.6749 1.6743 3.5424 1.7341 1.7497 9.5588 -0.5405 0.0531
Car -1 -1 2.0798 172.0078 180.0018 223.3935 202.9526 1.6388 1.6198 4.0376 -31.2121 2.2018 54.8070 1.5640 0.0528