Car -1 -1 4.9880 333.9501 183.6881 464.6995 267.2409 1.5374 1.6679 4.0429 -4.4293 1.8055 15.8284 4.7187 0.9731
Car -1 -1 4.4973 724.7640 188.7633 887.8256 313.9475 1.4805 1.5663 3.4117 2.7218 1.7544 10.6975 4.7386 0.9490
Car -1 -1 1.7522 462.1243 184.2248 518.7902 224.1305 1.4818 1.6450 3.7565 -4.8407 1.9808 29.7684 1.5918 0.9429
Car -1 -1 5.1948 0.0000 208.5842 325.7672 375.0000 1.3753 1.6089 3.7062 -4.1625 1.8090 6.8687 4.6663 0.9011
Car -1 -1 4.5992 659.0649 175.9142 711.8817 219.7395 1.4764 1.5264 3.3678 2.6992 1.5949 26.2379 4.6999 0.8892
Car -1 -1 1.6008 513.8123 183.6550 539.9322 209.6112 1.5067 1.5183 3.5333 -5.1496 2.2110 45.2243 1.4875 0.5438
Car -1 -1 4.2463 672.5122 167.3236 720.5291 188.3880 1.4529 1.6807 4.3013 6.2186 1.0714 52.0759 4.3642 0.4438
Car -1 -1 3.2466 652.5807 167.5052 718.3922 190.8321 1.5123 1.6792 4.2051 5.0723 1.1655 48.0353 3.3509 0.3824
Car -1 -1 4.4527 654.0792 165.8820 693.8119 189.1306 1.5175 1.6801 4.1804 4.3465 1.0624 49.3000 4.5398 0.2402
Car -1 -1 4.8160 633.0167 178.4222 654.6968 194.9620 1.4460 1.6153 3.7319 3.1807 1.9733 66.3691 4.8633 0.1245
Car -1 -1 4.5556 653.0068 170.8082 701.7233 206.8517 1.5520 1.6310 3.8310 3.0417 1.4640 33.0350 4.6461 0.1080
Car -1 -1 1.6384 509.4293 182.6866 541.7097 211.3958 1.5830 1.6428 4.2012 -5.0023 2.2033 43.3845 1.5238 0.1049
Car -1 -1 4.2978 627.2660 169.8210 673.4564 196.4392 1.6828 1.6523 3.7999 2.6489 1.4911 47.6852 4.3526 0.1013
Car -1 -1 4.6167 696.1788 173.1993 725.9071 196.9937 1.5445 1.6199 3.9191 6.8345 1.5688 48.8842 4.7544 0.0955
Car -1 -1 4.8809 692.1362 178.2910 726.7730 203.7255 1.4749 1.5399 3.6131 6.2148 1.8259 44.6308 5.0179 0.0901
Car -1 -1 4.5816 626.6022 175.6748 673.5338 211.9753 1.5317 1.6183 3.9420 1.7790 1.6678 32.7888 4.6348 0.0886
Car -1 -1 5.3244 0.0000 193.2181 220.7219 320.8266 1.5243 1.6706 4.3035 -8.1760 1.9085 11.4604 4.7154 0.0851
Car -1 -1 5.0130 136.0325 184.3914 319.3158 293.9303 1.5530 1.6714 4.0454 -6.5090 1.7919 12.8096 4.5507 0.0789
Car -1 -1 4.4077 671.1984 166.5969 713.3969 190.0227 1.5175 1.6583 4.1836 5.5581 1.1122 48.9538 4.5197 0.0785
Car -1 -1 1.4658 497.4373 192.4148 539.9598 225.8993 1.4483 1.6799 4.0409 -4.5718 2.4798 35.8901 1.3394 0.0759
Car -1 -1 4.5634 734.1077 181.7468 786.0303 220.1681 1.4455 1.5487 3.7938 6.1831 1.8387 29.9751 4.7642 0.0726
Car -1 -1 3.3406 610.7441 174.2304 656.8159 191.3552 1.4901 1.6248 3.8531 2.1667 1.6149 64.2157 3.3738 0.0713
Car -1 -1 4.3624 683.1727 168.0283 724.8721 191.4512 1.5637 1.6118 3.9687 6.5321 1.2415 50.2821 4.4905 0.0708
Car -1 -1 1.2596 503.1220 183.2701 563.0067 219.2069 1.4919 1.6409 3.8465 -3.5848 2.0021 33.2561 1.1524 0.0705
Car -1 -1 1.9347 499.9720 187.4130 540.8040 211.2033 1.4476 1.5124 3.6308 -5.9155 2.4600 48.2276 1.8128 0.0701
Car -1 -1 1.5254 491.8521 186.4018 525.2969 217.1916 1.5338 1.6497 4.1088 -5.6450 2.3260 40.0245 1.3856 0.0699
Car -1 -1 -0.4361 644.5148 168.3005 713.5516 192.3025 1.5142 1.6381 4.1743 4.5209 1.2269 46.9897 -0.3412 0.0687
Car -1 -1 4.5383 662.4135 167.4618 698.5691 191.4645 1.5190 1.6771 4.1851 4.6497 1.1777 47.8128 4.6343 0.0647
Car -1 -1 4.9730 402.0895 174.9517 460.4508 209.6413 1.5056 1.6409 4.0364 -8.2211 1.6092 33.5982 4.7344 0.0631
Car -1 -1 1.5542 633.5184 187.7538 669.1225 220.6978 1.4733 1.6920 4.4458 2.0731 2.2749 36.5621 1.6096 0.0628
Car -1 -1 4.5609 451.9906 179.6811 489.4002 205.9829 1.4276 1.5988 3.7870 -8.1763 1.8470 42.2798 4.3706 0.0612
Car -1 -1 4.8338 473.5027 183.6676 521.5801 221.4781 1.5389 1.6543 4.0881 -4.9950 2.0588 32.6180 4.6825 0.0598
Car -1 -1 1.7526 492.7927 182.3863 534.5940 211.2969 1.5599 1.7076 4.1599 -5.5812 2.1487 42.4504 1.6222 0.0579
Car -1 -1 3.5919 502.1126 192.5125 594.2043 226.3044 1.4621 1.6800 4.0591 -2.9309 2.4428 34.4860 3.5070 0.0569
Car -1 -1 4.8565 745.2222 167.8081 849.7115 251.1869 1.5115 1.5977 3.7091 4.0335 1.4201 15.0996 5.1119 0.0562
Car -1 -1 1.4466 511.9451 184.3105 548.9389 213.3258 1.5319 1.6547 3.9447 -4.6354 2.2302 41.8706 1.3365 0.0562
Car -1 -1 1.3415 453.3416 199.1414 535.8404 255.4121 1.4436 1.6881 4.0115 -3.7079 2.3507 22.7204 1.1807 0.0560
Car -1 -1 1.5808 511.3612 188.2592 542.3152 218.3753 1.4990 1.6262 4.0669 -4.5823 2.4018 40.1756 1.4673 0.0558
Car -1 -1 4.4235 608.2908 175.1504 636.7566 192.2037 1.4881 1.5788 3.7508 1.1459 1.7031 65.5256 4.4406 0.0556
Car -1 -1 -0.0863 695.7315 173.7574 755.2997 196.6986 1.4828 1.5716 3.7581 7.6161 1.5436 47.6266 0.0710 0.0553
Car -1 -1 1.8856 549.1784 180.5717 595.8087 207.8495 1.5023 1.6077 4.0400 -2.1589 1.9866 43.1199 1.8353 0.0552
Car -1 -1 0.0052 738.9879 171.8977 853.1795 212.7948 1.4787 1.6358 4.0756 7.0410 1.4441 27.3909 0.2537 0.0552
Car -1 -1 4.6474 416.5149 206.4406 486.3546 270.3677 1.4531 1.7046 3.9536 -4.6347 2.5199 20.7820 4.4298 0.0543
Car -1 -1 3.0562 667.8459 166.2055 724.6358 188.3163 1.5345 1.5950 3.8562 6.0851 1.0731 50.9338 3.1741 0.0538
Car -1 -1 3.9982 0.0000 207.4978 234.7508 375.0000 1.4797 1.6425 4.2507 -5.6016 1.8186 5.9778 3.2673 0.0535
Car -1 -1 4.0751 403.4722 181.1797 471.1054 208.8968 1.4396 1.6389 3.9993 -9.7101 1.9295 40.5400 3.8411 0.0529
Car -1 -1 0.3177 493.8358 183.1898 557.3485 208.9692 1.5298 1.5265 3.6233 -5.1992 2.1878 44.8221 0.2024 0.0528
Car -1 -1 -0.9821 716.0647 173.8806 769.9589 197.9723 1.5205 1.5985 3.9148 8.8480 1.5911 47.6671 -0.8001 0.0515