Car -1 -1 1.9509 131.5623 195.2232 430.6107 360.7090 1.4576 1.7373 4.5838 -3.7471 1.8163 9.2724 1.5758 0.9602
Car -1 -1 1.7775 379.9159 188.4834 483.8064 265.3998 1.5173 1.5976 3.7078 -4.0193 1.9233 16.8677 1.5463 0.9572
Car -1 -1 4.6471 642.7782 177.0967 686.4554 213.4237 1.4283 1.5891 4.0679 2.2950 1.6219 30.8861 4.7200 0.8899
Car -1 -1 2.1607 0.0000 208.3470 234.2494 365.3828 1.4067 1.6546 4.0125 -6.7299 1.9684 9.3983 1.5523 0.8871
Car -1 -1 2.8532 771.6030 167.5139 928.9033 218.6248 1.6189 1.7260 4.6139 7.8307 1.4497 23.7756 3.1671 0.8160
Car -1 -1 2.8780 755.6034 158.4718 876.9194 203.1926 1.6125 1.6755 4.0438 7.6268 1.0939 26.8745 3.1513 0.8082
Car -1 -1 1.7811 366.2629 185.9578 436.3129 234.2995 1.3989 1.4655 3.6624 -6.7703 1.8646 23.7704 1.5060 0.7506
Car -1 -1 2.9340 720.7283 163.9237 820.3486 196.9957 1.4769 1.6688 4.2001 7.3200 1.0781 33.0732 3.1497 0.6842
Car -1 -1 1.7963 479.4709 181.6003 519.1213 207.9866 1.5657 1.6302 4.1259 -7.0264 2.1531 46.3380 1.6462 0.6796
Car -1 -1 4.7968 447.1602 183.1605 488.2971 216.8079 1.4865 1.6364 3.8396 -6.8416 2.0163 35.0951 4.6052 0.6469
Car -1 -1 5.3351 29.3930 191.3412 146.6404 240.8573 1.4568 1.5192 3.3042 -17.3013 2.1173 24.1210 4.7179 0.3521
Car -1 -1 4.5134 627.2187 170.1196 670.3162 199.6709 1.5184 1.6247 3.6784 2.0691 1.3779 39.0122 4.5656 0.2307
Car -1 -1 4.8871 713.3348 168.7736 741.4854 189.1852 1.6333 1.6422 3.9728 9.8122 1.3068 59.8834 5.0485 0.2296
Car -1 -1 3.8172 0.0000 190.8367 103.6064 239.3779 1.4673 1.6065 3.3744 -18.5375 2.0666 23.2311 3.1492 0.2295
Car -1 -1 4.4523 875.9639 159.6892 911.4600 181.3214 1.7098 1.6938 4.1324 23.2531 0.6693 59.1798 4.8248 0.2105
Car -1 -1 1.5685 441.5298 188.5065 483.1414 226.6495 1.4698 1.6802 4.0357 -6.4679 2.2043 31.7107 1.3683 0.1725
Car -1 -1 1.5984 682.5223 170.4669 703.5905 190.2821 1.5846 1.6290 3.7911 6.9333 1.3937 59.6920 1.7132 0.1585
Car -1 -1 4.9804 381.4712 174.8495 431.1404 202.0297 1.4826 1.6935 4.2514 -11.7017 1.6041 41.8005 4.7088 0.1557
Car -1 -1 -0.5163 932.7080 155.8485 1016.8655 182.3635 1.5383 1.6638 4.1796 21.6222 0.5517 42.7998 -0.0514 0.1493
Car -1 -1 4.4715 675.5067 160.8540 723.0673 190.2431 1.5669 1.6857 4.2483 4.9926 0.9271 40.6799 4.5924 0.1450
Car -1 -1 4.4321 492.6794 173.2020 529.8987 195.7467 1.5983 1.6695 4.0657 -7.3144 1.6251 53.4171 4.2964 0.1390
Car -1 -1 -0.5905 1028.2806 144.9581 1142.0951 178.9688 1.5123 1.6180 4.1409 21.6382 0.2719 32.9191 -0.0130 0.1379
Car -1 -1 2.5820 632.0084 168.7512 703.4075 198.1592 1.5004 1.5538 3.4859 3.0930 1.2911 38.3080 2.6615 0.1334
Car -1 -1 -0.5862 961.3384 151.4706 1046.3057 181.4719 1.6043 1.6232 3.8336 21.5815 0.4608 39.5648 -0.0900 0.1334
Car -1 -1 2.0743 403.8098 177.0701 453.6278 202.3608 1.4668 1.5921 3.2372 -11.0327 1.7355 44.2067 1.8308 0.1310
Car -1 -1 4.1343 1001.2972 170.8083 1092.7400 208.2891 1.4871 1.5787 3.5919 18.3525 1.4059 30.4546 4.6721 0.1280
Car -1 -1 2.6398 1072.3085 151.9624 1215.8732 195.5098 1.5106 1.5783 3.8909 19.2029 0.7859 26.0595 3.2694 0.1274
Car -1 -1 3.0215 924.0667 157.4197 998.9040 186.4252 1.5486 1.5819 3.5454 19.3653 0.7246 39.8443 3.4709 0.1251
Car -1 -1 4.1982 1001.5571 144.0188 1089.5460 180.6976 1.6209 1.7399 4.0888 20.3885 0.3466 33.9498 4.7353 0.1231
Car -1 -1 0.5156 356.3523 175.1359 429.7350 201.8112 1.4470 1.5902 3.6373 -12.1421 1.5790 40.5259 0.2260 0.1184
Car -1 -1 3.7780 1072.7007 143.9981 1193.4591 187.6071 1.6368 1.6988 3.6343 20.9715 0.5537 29.0728 4.3982 0.1163
Car -1 -1 4.1970 827.8789 173.9778 928.1165 220.9510 1.4889 1.5723 3.7741 9.1653 1.5309 24.9583 4.5446 0.1036
Car -1 -1 -0.5951 866.1601 166.9636 1006.2518 213.8057 1.4794 1.5685 4.0542 10.7867 1.2934 23.9162 -0.1764 0.1031
Car -1 -1 4.4934 606.4197 174.3162 633.2604 190.7557 1.4170 1.5790 3.9634 0.8883 1.5523 64.6687 4.5068 0.0988
Car -1 -1 1.3984 427.1595 176.5638 460.0951 199.7907 1.5091 1.5714 3.8485 -11.4451 1.7749 49.6221 1.1726 0.0925
Car -1 -1 3.1072 684.4081 169.1908 734.3853 188.2768 1.5248 1.5864 3.9686 8.0789 1.2322 58.6352 3.2432 0.0893
Car -1 -1 2.3049 0.0000 224.7799 108.6837 332.0986 1.3786 1.6728 3.2962 -10.7450 2.4040 12.5706 1.6080 0.0884
Car -1 -1 1.4022 901.3051 172.1945 954.5308 206.4236 1.4730 1.5832 3.9061 14.5433 1.4446 33.1356 1.8121 0.0877
Car -1 -1 3.0585 684.4772 161.3068 757.7318 189.8705 1.5181 1.6248 3.8170 6.0260 0.9044 39.2885 3.2094 0.0863
Car -1 -1 1.5398 642.0384 174.1115 676.1456 204.8572 1.4929 1.6220 4.1230 2.5108 1.5615 37.2943 1.6059 0.0850
Car -1 -1 3.3153 389.3589 186.0401 482.3864 217.9577 1.4208 1.5940 4.0181 -8.0751 2.0551 33.7909 3.0820 0.0844
Car -1 -1 -0.4547 909.0276 153.5899 991.4889 178.9879 1.5534 1.6784 4.3584 21.2061 0.3752 45.0078 -0.0169 0.0837
Car -1 -1 1.1085 466.8225 188.7791 541.4471 227.4586 1.4721 1.7184 3.6841 -4.5986 2.2030 31.1125 0.9623 0.0831
Car -1 -1 5.2482 501.7725 171.3485 553.9800 198.6075 1.9236 1.8110 4.4512 -5.9762 1.8174 53.3193 5.1368 0.0823
Car -1 -1 4.4782 611.8724 175.0137 642.0062 193.8143 1.4807 1.6154 3.8951 1.3940 1.6646 59.3755 4.5012 0.0782
Car -1 -1 4.1523 915.4892 156.1537 977.3182 182.9548 1.5523 1.6196 3.7975 20.3610 0.5850 43.7778 4.5850 0.0766
Car -1 -1 3.8260 6.0698 189.6629 122.0508 238.3312 1.4574 1.5042 2.5786 -17.3120 2.0114 22.9726 3.1856 0.0751
Car -1 -1 1.2691 744.0223 165.1543 807.3410 199.3638 1.4637 1.6584 4.1090 7.5075 1.1342 32.9857 1.4906 0.0727
Car -1 -1 4.5097 888.5131 160.7923 919.5526 182.3326 1.7814 1.6813 4.0006 25.1721 0.7839 61.7900 4.8947 0.0723
Car -1 -1 1.0337 920.7695 167.6712 989.8331 196.8840 1.4849 1.6163 3.7803 18.4263 1.2215 38.6346 1.4755 0.0721
Car -1 -1 2.1033 0.0000 220.4067 156.3681 322.2713 1.4279 1.5929 3.5769 -10.3874 2.4547 13.7169 1.4643 0.0706
Car -1 -1 4.2636 250.4862 172.7412 758.4949 375.0000 1.4902 1.5783 3.7433 -1.0231 1.4898 4.6103 4.0549 0.0701
Car -1 -1 1.4941 908.2421 179.9247 959.3919 220.3510 1.4465 1.5442 3.6470 12.7310 1.7450 28.4850 1.9100 0.0696
Car -1 -1 4.5690 690.2299 175.4050 742.1089 212.7900 1.4744 1.6145 4.0051 4.4690 1.5902 30.7335 4.7115 0.0682
Car -1 -1 4.3415 869.5880 161.2860 909.9111 181.1611 1.5495 1.6703 4.0588 22.5770 0.6476 58.2854 4.7092 0.0673
Car -1 -1 4.1445 973.6425 155.2096 1041.9690 185.3090 1.6562 1.6842 3.7580 22.8932 0.6853 41.6334 4.6441 0.0658
Car -1 -1 4.7010 713.2018 168.1177 763.0955 214.0592 1.5082 1.6216 3.9117 4.5542 1.3528 25.7484 4.8736 0.0651
Car -1 -1 1.6074 445.6467 188.0232 489.0822 227.7651 1.4805 1.6486 3.9287 -5.9537 2.1658 30.5266 1.4158 0.0635
Car -1 -1 4.5850 910.0934 175.2671 954.9099 207.0667 1.4680 1.5506 3.6354 15.8598 1.5936 35.5712 5.0009 0.0633
Car -1 -1 -0.1115 878.3047 160.2334 936.1044 179.5252 1.5123 1.6580 4.1275 23.8405 0.5230 57.9253 0.2771 0.0627
Car -1 -1 -1.0825 870.5733 158.5942 918.8533 181.5731 1.8284 1.7568 4.6058 23.5729 0.6938 59.5774 -0.7076 0.0625
Car -1 -1 3.6192 600.1397 175.5058 653.0503 194.8338 1.5113 1.6234 3.9922 1.3733 1.7326 58.5461 3.6421 0.0612
Car -1 -1 -0.3140 653.8115 161.8768 732.9830 191.2057 1.5347 1.6397 3.9303 4.5030 0.9603 38.9490 -0.2000 0.0598
Car -1 -1 5.0510 0.0000 191.0769 100.6372 243.8233 1.4850 1.5890 3.2755 -18.0020 2.1206 23.3622 4.3998 0.0590
Car -1 -1 3.6859 0.0000 205.3979 123.1001 296.5364 1.4413 1.5929 4.0497 -11.5997 2.0922 13.3190 2.9792 0.0577
Car -1 -1 1.5070 905.2239 174.3333 941.9221 203.4265 1.5040 1.5855 3.9138 17.1912 1.5896 39.6251 1.9132 0.0569
Car -1 -1 4.6005 308.9551 185.0901 357.9077 222.2453 1.4164 1.5536 3.7069 -11.8420 1.9732 30.8293 4.2362 0.0566
Car -1 -1 4.7772 626.8463 176.3808 649.5493 195.0459 1.4583 1.6133 3.8496 2.3756 1.7571 59.1277 4.8168 0.0553