Car -1 -1 1.7180 455.3222 183.5668 546.9100 247.3788 1.4408 1.7558 4.3854 -2.7509 1.7589 19.2272 1.5770 0.9726
Car -1 -1 4.2415 777.5144 196.5594 1242.0000 375.0000 1.4186 1.6619 3.7754 2.7014 1.6714 5.7659 4.6588 0.9653
Car -1 -1 4.4272 721.0231 165.2472 922.5534 310.1478 1.6892 1.6579 3.8530 2.7827 1.6005 10.3627 4.6813 0.9559
Car -1 -1 5.0241 199.7659 198.7613 475.9464 375.0000 1.4166 1.6344 4.0050 -2.7128 1.7838 8.2215 4.7137 0.9547
Car -1 -1 4.6697 653.0117 177.2774 696.9656 217.0993 1.4611 1.5760 3.7529 2.5541 1.6494 28.8074 4.7566 0.8988
Car -1 -1 1.5151 549.4152 176.6926 580.1066 203.4577 1.5978 1.7143 4.1453 -2.8885 1.8532 45.8522 1.4520 0.7918
Car -1 -1 1.4788 521.0785 174.9065 544.7055 194.3559 1.5744 1.6213 4.0322 -6.5109 1.7540 60.9957 1.3726 0.3148
Car -1 -1 1.7193 568.3412 175.7348 593.4633 195.2593 1.5922 1.5692 3.9656 -2.4099 1.8460 61.5044 1.6799 0.2792
Car -1 -1 4.6164 626.9296 173.7568 649.2487 192.1836 1.5211 1.5547 3.6931 2.4092 1.6006 61.6347 4.6549 0.2036
Car -1 -1 4.1190 1034.1268 177.3990 1242.0000 375.0000 1.4823 1.6338 4.1360 5.9172 1.5391 6.8733 4.8081 0.1884
Car -1 -1 4.7795 640.2463 178.0701 671.3915 204.9560 1.4558 1.5570 3.6299 2.7106 1.7710 41.7072 4.8434 0.1619
Car -1 -1 0.8239 1140.8032 175.3023 1242.0000 375.0000 1.4774 1.6023 3.9981 5.8872 1.5016 5.0787 1.6541 0.1231
Car -1 -1 1.5243 667.3513 170.8566 688.6539 190.9825 1.6234 1.5866 3.8406 5.6775 1.4623 60.1570 1.6176 0.1228
Car -1 -1 1.7552 464.0539 169.6704 509.1896 199.9961 1.4600 1.5660 3.8998 -6.1929 1.3068 36.7022 1.5889 0.1193
Car -1 -1 4.7280 666.8654 170.9235 699.4445 199.8274 1.4887 1.6739 4.1133 4.0381 1.3893 39.3040 4.8292 0.1042
Car -1 -1 1.7524 533.7303 172.1123 562.0538 191.2007 1.5957 1.7080 4.2178 -5.3020 1.5337 62.4995 1.6679 0.0992
Car -1 -1 1.5126 544.9641 174.9363 577.4504 206.1615 1.7973 1.7358 4.0792 -2.9882 1.9303 43.9481 1.4446 0.0888
Car -1 -1 1.5138 522.5809 174.4816 545.4789 194.0434 1.5376 1.6322 4.2252 -6.2383 1.6763 59.2987 1.4092 0.0863
Car -1 -1 1.3409 667.8715 173.4009 700.3972 193.5001 1.4510 1.5540 4.0165 5.5688 1.4937 54.2927 1.4422 0.0799
Car -1 -1 3.2226 506.4990 174.8317 554.5836 193.6355 1.5335 1.5823 3.8497 -6.5280 1.6999 59.8661 3.1141 0.0718
Car -1 -1 0.2968 548.9600 175.4756 597.4290 194.5066 1.5601 1.5852 3.7749 -3.0497 1.7852 60.7163 0.2464 0.0713
Car -1 -1 1.4914 527.6337 181.5494 552.1616 202.6498 1.4951 1.5527 3.8514 -5.3237 2.1804 54.8317 1.3946 0.0710
Car -1 -1 1.3938 644.2863 173.4792 687.2039 201.7642 1.4755 1.6438 4.1975 3.0480 1.5120 39.9076 1.4691 0.0684
Car -1 -1 4.1746 921.9561 158.1564 1231.9370 291.8361 1.4626 1.6220 4.0397 5.9938 1.3018 9.9207 4.7045 0.0677
Car -1 -1 -0.5858 633.7150 177.4345 704.6801 204.6699 1.4657 1.5684 3.7792 3.3972 1.7359 40.9669 -0.5042 0.0644
Car -1 -1 1.7920 617.7751 179.1342 662.8571 208.4236 1.4774 1.6411 3.9043 1.7314 1.8386 39.3944 1.8350 0.0641
Car -1 -1 1.8102 560.2366 173.1722 592.5497 193.9639 1.6266 1.6543 4.3051 -2.6586 1.6535 58.7898 1.7648 0.0638
Car -1 -1 1.7275 536.7845 176.5708 576.5397 207.0335 1.6585 1.6696 4.1750 -3.0207 1.8857 41.9582 1.6556 0.0612
Car -1 -1 1.6935 517.1949 173.8495 544.1606 195.2572 1.6394 1.6419 4.1211 -6.2501 1.7216 57.5201 1.5854 0.0562
Car -1 -1 4.8741 689.6210 169.2590 732.5342 199.6130 1.5597 1.6653 4.1786 5.5838 1.3750 39.3174 5.0137 0.0545
Car -1 -1 3.5061 416.8762 170.9670 506.3992 201.0240 1.4456 1.6118 4.0459 -7.3164 1.3549 35.8289 3.3057 0.0545
Car -1 -1 1.9482 492.4527 174.3470 548.4626 204.8202 1.5116 1.6052 3.8957 -4.6378 1.5948 38.0843 1.8274 0.0545
Car -1 -1 1.5573 628.6247 179.5728 657.9816 207.9567 1.4795 1.5693 4.0617 1.8692 1.8770 40.6373 1.6024 0.0519
Car -1 -1 1.7464 617.1027 172.4320 645.8344 193.0571 1.6173 1.6415 4.1372 1.8216 1.5842 58.7729 1.7768 0.0506