Car -1 -1 -0.5161 771.3699 149.7915 1109.4573 271.6556 1.5354 1.6282 4.0483 4.5022 1.2448 10.1198 -0.1088 0.9574
Car -1 -1 0.4689 0.0000 132.6507 259.0904 240.1230 1.5123 1.5423 3.6730 -7.6200 0.9466 11.1388 -0.1201 0.9382
Car -1 -1 -0.2515 681.4211 139.9698 826.8038 194.6008 1.5075 1.5741 3.8371 4.1016 0.6001 20.8104 -0.0597 0.9081
Car -1 -1 3.4289 254.1123 135.0218 414.7712 186.7866 1.4891 1.6158 4.2291 -8.1712 0.4008 21.7081 3.0728 0.8584
Car -1 -1 3.6312 70.9894 133.3416 322.4534 219.6143 1.5482 1.6173 3.8708 -7.7413 0.8392 13.7843 3.1276 0.7202
Car -1 -1 3.7676 181.2724 143.2436 363.7508 211.3615 1.4678 1.4880 3.6370 -7.7229 0.8298 16.6339 3.3389 0.5562
Car -1 -1 -0.2507 660.9065 145.6511 789.4700 193.1342 1.4658 1.5219 3.8242 3.6692 0.6261 23.2154 -0.0961 0.3766
Car -1 -1 -0.8230 770.1098 141.5832 843.5392 171.4259 1.7342 1.7056 4.5209 12.0624 -0.0910 44.0328 -0.5572 0.1861
Car -1 -1 3.0111 1014.0809 149.2183 1108.9746 179.8360 1.5414 1.6137 4.0418 23.6318 0.3515 37.8910 3.5653 0.1374
Car -1 -1 1.6087 274.9221 143.7997 352.5203 212.1257 1.4845 1.5815 4.0958 -7.2094 0.8533 17.8712 1.2302 0.1300
Car -1 -1 1.2044 1020.6669 154.6796 1072.8145 180.0383 1.6175 1.6618 3.9359 29.0717 0.4582 48.1050 1.7453 0.1212
Car -1 -1 4.0885 1022.5225 148.6381 1103.3499 179.6289 1.5462 1.6265 3.8889 23.7686 0.3380 37.9951 4.6441 0.1101
Car -1 -1 3.5998 204.4007 164.1212 375.6057 221.8331 1.4771 1.5950 3.8997 -8.4916 1.2536 19.3610 3.1912 0.1020
Car -1 -1 4.6585 371.4204 151.5099 419.3690 193.4675 1.4941 1.5715 3.6596 -8.2649 0.7341 27.6814 4.3708 0.0856
Car -1 -1 -0.4540 736.4429 130.2774 900.4832 189.7274 1.6521 1.6643 4.3556 6.1048 0.4689 21.2559 -0.1780 0.0841
Car -1 -1 1.5763 364.4468 147.3695 415.3796 194.5810 1.5602 1.6258 4.0808 -7.8966 0.7180 26.0311 1.2845 0.0814
Car -1 -1 5.0108 837.9462 141.6114 884.1248 173.4986 1.9967 1.7670 3.9948 16.5252 0.0404 47.3144 5.3450 0.0713
Car -1 -1 4.7438 1011.6932 157.0747 1044.7861 184.3753 1.6223 1.6708 3.9930 26.1481 0.6846 45.0130 5.2671 0.0702
Car -1 -1 0.2209 328.7738 170.6710 496.1428 226.9850 1.4492 1.6200 4.0926 -5.2117 1.3930 19.4552 -0.0379 0.0649
Car -1 -1 4.9529 661.3203 144.4004 733.1497 192.5572 1.4743 1.5371 3.7140 3.0011 0.6032 24.0982 5.0750 0.0625
Car -1 -1 -0.5043 768.1481 146.0587 866.9134 179.8535 1.5727 1.6619 4.3238 10.0294 0.3257 34.8732 -0.2265 0.0622
Car -1 -1 2.8894 982.5703 163.1265 1096.3298 198.9290 1.4885 1.5900 3.9655 18.5498 1.0841 31.3076 3.4199 0.0585
Car -1 -1 2.9514 1037.5583 148.0127 1144.1278 178.2654 1.4862 1.6491 4.3117 24.5846 0.2658 37.0327 3.5339 0.0566
Car -1 -1 3.0404 937.6699 150.5736 1063.1982 191.9031 1.5003 1.5891 4.0882 14.8746 0.6915 27.6999 3.5287 0.0560
Car -1 -1 3.7795 172.5433 149.4113 372.4308 217.0131 1.5420 1.6816 4.3043 -8.2294 1.0073 17.7274 3.3504 0.0554
Car -1 -1 4.2033 871.0349 144.4513 947.5401 180.5807 1.5873 1.6769 3.7297 13.8865 0.3395 33.6524 4.5916 0.0549
Car -1 -1 1.3395 1014.4041 171.5074 1088.6681 214.2956 1.4865 1.5071 3.8713 16.5181 1.4397 27.1403 1.8810 0.0549
Car -1 -1 4.8092 397.6632 151.7358 448.6688 192.6343 1.4941 1.5736 3.6775 -7.2411 0.7226 28.2955 4.5607 0.0544
Car -1 -1 4.0088 742.3176 152.2502 808.4041 178.8758 1.5486 1.6558 4.1350 10.0863 0.3502 44.1826 4.2317 0.0540
Car -1 -1 4.5778 336.1292 161.1445 448.2054 246.4930 1.4819 1.6584 3.9395 -4.5305 1.2786 14.6645 4.2827 0.0539
Car -1 -1 5.1743 180.3539 140.7373 332.8626 213.6582 1.4685 1.4977 3.9227 -7.8699 0.8217 16.5083 4.7355 0.0529
Car -1 -1 4.4858 401.9305 145.7873 469.9842 190.0273 1.5343 1.6616 3.8614 -6.5896 0.5956 27.1223 4.2495 0.0511
Car -1 -1 2.2140 201.6683 158.6042 360.9955 223.7646 1.4754 1.5977 4.0067 -8.2067 1.1527 18.4698 1.8010 0.0505
Car -1 -1 -0.4825 861.2995 125.0532 1028.3103 181.5457 1.5951 1.6393 4.1954 9.8191 0.2454 21.3081 -0.0557 0.0504
Car -1 -1 4.7663 789.1210 141.3432 833.7272 180.1739 1.6213 1.7107 4.0895 9.0983 0.3056 32.3367 5.0382 0.0501