Car -1 -1 4.4185 718.0476 175.7296 951.2767 323.3261 1.5371 1.6772 4.3985 2.7150 1.5851 9.8267 4.6792 0.9627
Car -1 -1 4.5973 672.3940 179.1773 744.8073 239.5624 1.5496 1.6126 3.8990 2.7687 1.7499 20.8875 4.7264 0.9258
Car -1 -1 3.5455 175.0958 177.6392 385.8928 261.0170 1.5384 1.5748 3.4338 -6.3633 1.6379 14.2108 3.1309 0.9184
Car -1 -1 0.5031 73.4065 184.8908 339.7147 282.9342 1.4992 1.5502 3.5776 -6.5767 1.7131 12.0244 0.0115 0.9029
Car -1 -1 4.6347 648.8078 176.3898 690.9927 211.6704 1.4976 1.6173 3.7824 2.6961 1.6681 32.9011 4.7152 0.8915
Car -1 -1 3.8333 0.0000 187.6017 301.3078 310.3809 1.4143 1.4635 3.9633 -6.3236 1.6281 9.4998 3.2585 0.8877
Car -1 -1 4.5026 684.8738 183.1065 805.7341 262.6772 1.4403 1.6880 4.2814 2.7947 1.6956 15.7924 4.6736 0.8400
Car -1 -1 0.7286 0.0000 197.3760 242.6621 375.0000 1.5337 1.6693 4.2330 -6.1405 1.8057 7.0976 0.0337 0.8082
Car -1 -1 3.3009 438.6540 172.1765 522.2054 204.5662 1.5806 1.7145 3.8895 -6.4089 1.5475 36.0981 3.1261 0.7964
Car -1 -1 3.5005 348.3068 172.4232 477.3827 224.2799 1.6209 1.6036 3.7355 -6.3607 1.6074 23.5329 3.2389 0.7632
Car -1 -1 0.3552 222.9756 169.8406 444.2063 247.8403 1.6992 1.6967 4.4316 -6.2080 1.6335 16.5700 0.0015 0.6960
Car -1 -1 4.6770 636.5897 172.0761 663.9666 198.4783 1.5293 1.5215 3.5245 2.4252 1.4843 43.5716 4.7318 0.6653
Car -1 -1 3.4943 269.1180 162.9039 435.7122 221.4748 1.4594 1.5294 3.7880 -6.6079 1.2115 18.7780 3.1600 0.6402
Car -1 -1 3.6829 418.0908 178.0052 511.5712 213.4677 1.4630 1.5660 3.7329 -6.3177 1.6978 31.5310 3.4863 0.6094
Car -1 -1 3.5875 315.9264 181.6985 466.7788 235.2594 1.4553 1.5751 3.9172 -6.3160 1.7266 21.0478 3.2989 0.5181
Car -1 -1 4.6107 526.9819 165.1594 550.8647 185.2771 1.7142 1.6896 4.0847 -6.2616 1.0586 63.6511 4.5128 0.3611
Car -1 -1 -0.0775 767.2911 139.9252 872.9454 177.1389 1.6132 1.6593 4.4520 9.4027 0.1858 32.5367 0.2014 0.1938
Car -1 -1 -0.4557 755.8341 172.6295 1178.6273 322.1852 1.5875 1.6465 4.2076 4.0144 1.5851 8.5465 -0.0308 0.1851
Car -1 -1 1.3965 507.0786 171.2115 543.3596 196.4895 1.4968 1.5785 3.9361 -5.2826 1.3995 44.8362 1.2796 0.1772
Car -1 -1 3.4106 506.7572 171.7330 563.5486 193.3237 1.5535 1.6196 3.8604 -5.4503 1.4728 53.0351 3.3083 0.1508
Car -1 -1 4.7636 416.3018 174.6870 472.7427 225.7656 1.5814 1.6545 3.9752 -5.5419 1.6492 24.5880 4.5437 0.1411
Car -1 -1 4.4662 620.1039 164.8841 652.2268 186.0763 1.6770 1.6865 4.0932 2.1451 1.0463 59.2747 4.5020 0.1398
Car -1 -1 1.6265 613.8362 180.3026 636.9076 201.1885 1.4643 1.5162 3.7657 1.2103 2.0407 53.9018 1.6483 0.1387
Car -1 -1 4.2209 515.7612 174.8515 555.2596 193.7914 1.4676 1.5783 3.7811 -6.0181 1.6346 58.3411 4.1182 0.1342
Car -1 -1 0.0357 687.5018 168.5300 740.4845 185.4410 1.4711 1.5924 4.5940 9.2705 1.0950 63.9598 0.1787 0.1265
Car -1 -1 3.9261 723.1366 148.5888 805.5173 182.8730 1.5052 1.5801 3.7255 7.1575 0.4399 33.6686 4.1337 0.1264
Car -1 -1 1.2727 670.9311 172.2639 705.9278 192.4515 1.4811 1.5642 3.9211 5.9700 1.4378 55.0102 1.3799 0.1225
Car -1 -1 4.8445 533.0375 169.9609 561.5887 192.6251 1.6380 1.6279 3.9347 -4.6335 1.4289 54.1520 4.7592 0.1218
Car -1 -1 4.8681 482.8750 166.9058 528.0886 201.0105 1.6715 1.6881 4.1718 -5.3387 1.3800 37.4619 4.7271 0.1098
Car -1 -1 4.6793 721.1938 168.6993 741.1296 186.1434 1.5210 1.6346 3.9784 10.9249 1.1588 64.9940 4.8449 0.1073
Car -1 -1 1.4973 420.0876 159.5831 444.6524 180.7180 1.6382 1.6403 3.8723 -14.2758 0.6096 58.0227 1.2570 0.1068
Car -1 -1 1.6093 468.8908 178.2831 506.6853 212.9774 1.4250 1.5125 3.5837 -5.3675 1.6806 32.0950 1.4445 0.0942
Car -1 -1 2.9363 787.1924 151.6514 865.1870 179.0562 1.6370 1.6876 4.3120 13.1915 0.3705 44.1209 3.2249 0.0935
Car -1 -1 2.0887 542.6063 173.3473 577.5084 189.7619 1.5079 1.5914 3.8823 -4.6658 1.5562 68.5023 2.0206 0.0926
Car -1 -1 4.8451 766.2999 142.0318 814.2443 178.9068 1.6008 1.6585 3.8796 8.4228 0.2628 33.4313 5.0898 0.0896
Car -1 -1 4.4846 777.0801 154.9458 817.6885 180.8358 1.5460 1.6098 3.8759 11.6698 0.4766 45.0414 4.7364 0.0841
Car -1 -1 3.2850 466.5169 172.7883 538.4679 198.6293 1.5386 1.6692 4.1226 -6.4575 1.5347 43.7999 3.1391 0.0808
Car -1 -1 4.0185 385.2787 158.6427 438.0403 181.5413 1.7232 1.6570 4.2056 -15.4286 0.6538 56.1821 3.7515 0.0805
Car -1 -1 4.4979 743.5870 150.2622 795.0231 183.9788 1.5075 1.5749 3.8948 7.5043 0.4974 34.2090 4.7120 0.0795
Car -1 -1 4.8188 451.2618 168.2805 474.7681 186.3019 1.5924 1.6686 4.1473 -13.3488 1.1883 65.8972 4.6195 0.0763
Car -1 -1 1.7113 349.5241 174.3213 432.5140 234.0210 1.4690 1.6193 4.0056 -5.9236 1.5138 19.9561 1.4259 0.0751
Car -1 -1 4.3844 892.7369 155.5501 942.2103 181.8981 1.5394 1.6436 3.7668 18.7501 0.5284 44.0929 4.7840 0.0746
Car -1 -1 4.9880 231.8668 149.8534 287.6925 183.0204 1.6372 1.6707 3.6536 -18.1326 0.5018 37.5596 4.5409 0.0744
Car -1 -1 1.7310 909.2294 174.0554 966.1511 212.4352 1.4414 1.5481 3.6041 13.2985 1.4931 29.1491 2.1548 0.0715
Car -1 -1 1.5100 359.2274 180.4149 439.4426 253.3214 1.4829 1.5999 3.8455 -5.0931 1.6848 17.1873 1.2254 0.0710
Car -1 -1 4.4078 754.0754 161.4079 802.2085 189.5231 1.5262 1.5984 3.7885 9.5461 0.9049 41.1182 4.6341 0.0686
Car -1 -1 3.7039 421.5321 165.1429 475.8157 182.8967 1.5514 1.6750 4.5526 -14.4045 0.8775 64.6047 3.4852 0.0685
Car -1 -1 1.4412 621.1974 178.5504 651.0693 202.0957 1.5474 1.5787 4.0056 1.8197 1.9623 50.4880 1.4765 0.0672
Car -1 -1 0.0672 668.6315 168.8364 720.3257 185.5217 1.4582 1.5835 4.4758 7.5745 1.1071 64.2461 0.1838 0.0644
Car -1 -1 0.3178 155.4769 155.2473 375.4734 223.8539 1.4860 1.6261 4.2949 -7.7937 1.1046 16.6792 -0.1135 0.0634
Car -1 -1 4.9640 503.1802 173.3573 545.7714 200.6074 1.5174 1.5863 3.7500 -4.9266 1.5483 42.2171 4.8481 0.0621
Car -1 -1 4.7450 444.4344 163.6003 465.0750 181.7615 1.5550 1.6540 3.9591 -13.6740 0.7627 63.8736 4.5348 0.0613
Car -1 -1 3.4727 302.3639 144.0696 417.8955 181.4972 1.5495 1.6602 4.3424 -10.5492 0.3578 30.7069 3.1444 0.0602
Car -1 -1 3.7943 280.2885 145.0948 393.9839 184.3155 1.5874 1.6711 4.4141 -11.5574 0.4639 30.6439 3.4364 0.0586
Car -1 -1 2.9769 729.6460 152.8986 827.4671 186.5183 1.5735 1.6260 4.3717 8.0669 0.6395 34.7156 3.2032 0.0586
Car -1 -1 2.8539 0.0000 189.5928 102.8771 241.2046 1.4469 1.5139 3.5534 -18.7474 2.0322 23.3419 2.1827 0.0573
Car -1 -1 -0.1030 617.5916 172.4542 683.5896 198.6509 1.5582 1.5653 3.8567 2.4587 1.5344 43.7906 -0.0477 0.0560
Car -1 -1 2.9192 730.6321 145.6822 827.4680 179.4030 1.5448 1.5789 4.1755 7.8987 0.3000 33.8541 3.1464 0.0545
Car -1 -1 3.0366 731.7685 160.7395 803.1493 189.2435 1.5385 1.5999 3.7091 8.6911 0.8846 39.9396 3.2491 0.0543
Car -1 -1 2.9684 645.6867 173.8419 738.1518 206.2401 1.4889 1.6300 4.1275 3.8551 1.5369 34.1580 3.0793 0.0543
Car -1 -1 4.9996 409.0252 156.3188 444.8319 179.9035 1.7857 1.7037 3.8200 -14.2731 0.5337 56.5738 4.7535 0.0530
Car -1 -1 -0.1194 851.3843 148.2456 975.2615 196.4011 1.5383 1.5671 3.6749 10.1214 0.7522 24.2959 0.2709 0.0528
Car -1 -1 5.2135 628.2100 165.4393 670.9583 185.4462 1.5657 1.6848 4.1484 3.2936 0.9854 58.6726 5.2690 0.0527
Car -1 -1 1.6275 499.5706 170.8154 530.7677 196.6924 1.4808 1.6289 3.9881 -5.6252 1.3642 43.3382 1.4989 0.0522
Car -1 -1 4.9884 0.0000 187.7189 57.8067 234.3150 1.5139 1.5552 3.6025 -21.8852 2.1034 26.6556 4.3057 0.0508