Car -1 -1 1.9735 174.5700 181.5471 275.1020 228.1488 1.5322 1.7092 4.3154 -14.1185 1.8814 26.7687 1.4920 0.9447
Car -1 -1 4.7712 505.5028 179.8331 544.7399 214.8691 1.5077 1.6018 3.5758 -3.8834 1.8505 33.6096 4.6565 0.9205
Car -1 -1 4.6766 560.2189 183.8613 613.9218 230.3167 1.3505 1.6244 3.5796 -0.8027 1.7400 23.6907 4.6423 0.8969
Car -1 -1 1.7130 324.6890 182.6780 362.2622 209.1826 1.4835 1.6076 3.8590 -16.1588 2.1100 43.9626 1.3624 0.5818
Car -1 -1 1.6707 130.8139 179.8687 188.0674 220.0148 1.4954 1.5989 3.8828 -18.4471 1.8045 29.7039 1.1188 0.2949
Car -1 -1 0.1384 319.7529 185.5489 385.9826 212.0163 1.4972 1.5818 3.5333 -15.2539 2.2739 43.0228 -0.2007 0.2498
Car -1 -1 4.6235 734.8452 169.7606 767.9672 195.7039 1.4862 1.5997 3.9479 8.4811 1.3090 43.3799 4.8149 0.2407
Car -1 -1 1.5579 829.3387 182.0098 849.6693 199.7928 1.4974 1.6889 4.0411 20.7407 2.3521 65.1782 1.8642 0.2083
Car -1 -1 1.8451 306.8040 188.3446 347.4085 212.0893 1.4797 1.5503 4.1001 -19.4501 2.5950 49.8381 1.4744 0.2062
Car -1 -1 4.7099 186.4583 173.0863 221.6402 203.6882 1.5926 1.6142 3.8724 -22.2814 1.6060 39.6645 4.2007 0.1999
Car -1 -1 1.6038 831.4258 174.4289 857.0937 198.4950 1.5827 1.5660 3.7580 16.2093 1.6957 49.7501 1.9166 0.1800
Car -1 -1 4.6314 569.7723 161.3678 598.8375 187.1702 1.6874 1.6794 3.7212 -1.7549 0.9362 49.1310 4.5956 0.1419
Car -1 -1 4.8804 745.2367 170.9009 775.7980 194.1347 1.7218 1.6673 3.9815 11.6716 1.5771 55.6301 5.0857 0.1187
Car -1 -1 1.7188 299.8561 186.2302 334.7426 210.2849 1.4721 1.6507 3.5152 -19.4664 2.4004 48.1725 1.3364 0.1115
Car -1 -1 4.5505 705.8384 169.9400 753.3250 203.0145 1.4890 1.6075 3.9543 5.6672 1.3578 34.4608 4.7117 0.1057
Car -1 -1 1.9173 112.0149 183.5776 197.1605 225.2660 1.4693 1.6148 3.8522 -17.8739 1.9240 28.5381 1.3618 0.0974
Car -1 -1 5.1274 323.2703 184.2678 374.4000 211.2405 1.4863 1.5803 3.5199 -15.5151 2.1968 43.1037 4.7835 0.0960
Car -1 -1 1.4082 716.9628 177.7856 742.6371 197.7855 1.6129 1.5249 3.9147 10.1494 2.0440 61.1133 1.5715 0.0906
Car -1 -1 4.5614 719.9257 169.5500 771.3163 205.6105 1.4021 1.5568 3.5675 5.5666 1.2736 29.8609 4.7435 0.0858
Car -1 -1 3.7847 140.0961 175.4408 226.7776 205.1129 1.5470 1.6055 3.8180 -22.8849 1.6898 38.8094 3.2548 0.0836
Car -1 -1 4.6240 744.3904 168.3708 793.2167 205.7086 1.4461 1.6249 3.9143 6.5494 1.2725 29.9887 4.8365 0.0718
Car -1 -1 5.0802 199.0230 175.7253 258.6748 204.8143 1.5153 1.5864 3.9945 -21.0572 1.6831 40.0710 4.5989 0.0713
Car -1 -1 3.4590 44.5303 185.4545 180.9933 226.8294 1.4874 1.6063 4.0751 -19.2098 2.0011 28.0828 2.8633 0.0704
Car -1 -1 1.0356 805.8484 183.5238 847.7353 200.5385 1.4329 1.6911 4.3229 19.8022 2.4423 65.9554 1.3256 0.0669
Car -1 -1 1.8784 94.9754 187.7323 184.0601 232.3667 1.4497 1.6164 4.0707 -17.4942 2.0526 27.0606 1.3088 0.0639
Car -1 -1 4.4050 691.5839 171.1189 758.2968 206.9094 1.3859 1.5991 3.9715 4.7162 1.3187 30.0249 4.5589 0.0624
Car -1 -1 0.7539 169.2058 173.9341 253.4586 203.4544 1.5274 1.6191 3.9127 -21.3411 1.5872 38.6985 0.2526 0.0615
Car -1 -1 1.6760 822.5125 179.4325 847.5490 199.1475 1.6165 1.6569 4.2089 19.6932 2.2109 62.9317 1.9775 0.0612
Car -1 -1 1.5869 729.2343 167.3243 758.9407 194.1042 1.4808 1.6215 4.1139 7.8732 1.1750 42.0747 1.7703 0.0597
Car -1 -1 4.7539 505.5520 171.2089 526.6379 190.2387 1.6042 1.6573 3.9270 -8.1122 1.4656 62.8546 4.6258 0.0586
Car -1 -1 4.0483 464.1973 175.4970 509.3656 194.4349 1.5525 1.6552 4.0612 -10.5192 1.7856 61.6800 3.8798 0.0577
Car -1 -1 4.8286 725.0945 170.3690 770.2238 204.4488 1.5056 1.6472 3.9168 6.5566 1.3958 33.9916 5.0171 0.0571
Car -1 -1 -0.3401 714.4330 167.4804 789.3234 193.7368 1.4989 1.5969 4.0009 8.3126 1.1921 42.2741 -0.1475 0.0567
Car -1 -1 0.5248 289.9983 182.9397 364.5338 209.3129 1.5053 1.6251 3.8541 -16.8453 2.1235 43.1233 0.1542 0.0565
Car -1 -1 1.4842 824.7484 173.6446 854.9333 197.2796 1.5288 1.6137 3.7897 15.5427 1.5845 48.8325 1.7902 0.0560
Car -1 -1 1.8537 156.0316 179.8932 230.4323 218.2126 1.4626 1.6225 4.1069 -17.5020 1.7817 30.5281 1.3367 0.0535
Car -1 -1 -0.6114 836.5654 173.3648 899.5635 196.5631 1.5205 1.6259 3.7443 17.4103 1.5558 48.6302 -0.2699 0.0533
Car -1 -1 3.3643 658.6456 172.4819 748.4109 205.0763 1.4404 1.5911 3.8521 4.3413 1.4239 33.2938 3.4923 0.0512
Car -1 -1 -1.3796 400.1197 181.7482 439.2157 209.4470 1.5242 1.5193 3.9757 -11.2726 2.0798 43.0421 -1.6347 0.0502