Car -1 -1 4.3862 831.0408 134.9499 1189.2473 366.2942 1.7890 1.7974 4.6445 3.8359 1.4959 7.9843 4.8188 0.9120
Car -1 -1 4.6600 787.7127 164.6532 865.0500 235.9154 1.6421 1.6803 3.8795 5.5097 1.4531 18.7061 4.9416 0.8656
Car -1 -1 4.0020 1020.4547 209.8801 1242.0000 375.0000 1.4684 1.5635 3.6524 3.3507 1.7154 2.9241 4.8055 0.5024
Car -1 -1 -0.7100 1000.4010 201.4373 1242.0000 375.0000 1.4990 1.6518 4.2274 4.5645 1.6886 3.6631 0.1451 0.2653
Car -1 -1 3.2988 762.0053 143.6119 858.8925 178.4282 1.5113 1.6070 4.0555 9.1502 0.2420 32.8905 3.5678 0.1452
Car -1 -1 4.6859 832.5015 187.4337 931.3606 278.7646 1.4574 1.5908 3.6654 5.2416 1.7834 14.1394 5.0332 0.1421
Car -1 -1 3.6075 626.6693 181.6141 851.4872 269.6658 1.4427 1.6046 4.0006 2.4324 1.6351 14.0166 3.7747 0.1326
Car -1 -1 1.2939 896.4789 220.0692 1242.0000 375.0000 1.4679 1.6141 3.8187 2.1205 1.7883 2.8299 1.8867 0.1161
Car -1 -1 4.7197 846.0579 170.9715 875.5126 196.9039 1.4586 1.5747 3.9985 14.8832 1.3527 42.7311 5.0524 0.1018
Car -1 -1 4.4707 719.9706 184.3127 851.7455 272.9214 1.4646 1.6222 3.8226 3.3334 1.7231 14.3510 4.6934 0.0934
Car -1 -1 -0.4577 794.8845 186.0021 1049.0769 275.2140 1.4980 1.6249 4.0118 5.6544 1.7581 13.3353 -0.0655 0.0884
Car -1 -1 5.0132 665.4482 157.4579 716.3295 192.7557 1.8372 1.6895 3.9409 4.5263 1.0358 39.6979 5.1256 0.0852
Car -1 -1 -0.8372 812.8607 152.3160 871.6681 176.3789 1.6686 1.6664 4.1566 16.7190 0.2444 51.7988 -0.5266 0.0850
Car -1 -1 1.2353 797.6072 189.0537 947.1646 287.4569 1.5082 1.5589 3.1818 4.6362 1.8399 13.1791 1.5655 0.0798
Car -1 -1 1.6363 743.9292 177.0320 782.1722 209.5282 1.5121 1.6175 4.2406 7.7947 1.7360 36.4145 1.8450 0.0785
Car -1 -1 4.8254 790.5974 148.2940 836.1707 182.6965 1.5176 1.6190 4.1158 9.6663 0.4342 34.0398 5.0997 0.0781
Car -1 -1 4.5829 849.2922 139.7086 905.7280 181.6953 1.5730 1.6374 3.7674 10.7088 0.3312 29.0490 4.9328 0.0764
Car -1 -1 1.7153 740.9352 186.9369 857.9185 284.5762 1.4620 1.5772 3.7417 3.6458 1.7636 13.4200 1.9739 0.0754
Car -1 -1 0.6272 1055.6986 192.6599 1242.0000 375.0000 1.4927 1.6466 4.1715 4.3480 1.6454 3.4196 1.4897 0.0740
Car -1 -1 -0.8266 853.3652 167.3518 928.3406 195.0155 1.5284 1.6623 4.1364 16.1966 1.2244 41.5230 -0.4573 0.0738
Car -1 -1 2.6308 894.9570 208.5507 1242.0000 375.0000 1.4997 1.5897 3.8498 3.3216 1.7112 2.9797 3.4214 0.0732
Car -1 -1 2.9138 665.9172 186.5110 893.0996 272.0468 1.4874 1.6216 3.9069 3.0896 1.7614 13.6448 3.1307 0.0704
Car -1 -1 -0.4628 491.1949 188.7760 1242.0000 375.0000 1.5081 1.6340 4.0954 1.4422 1.6199 3.9702 -0.1397 0.0658
Car -1 -1 -0.5442 884.7253 145.5427 1242.0000 352.2816 1.5355 1.6398 4.2528 4.8539 1.3327 6.3574 0.0853 0.0637
Car -1 -1 3.4990 0.0000 0.0000 1242.0000 375.0000 1.6516 1.6925 4.0321 3.6952 1.3717 1.5953 4.5970 0.0628
Car -1 -1 4.6616 835.2111 157.8796 861.8500 180.5823 1.5929 1.6454 3.8299 17.4121 0.5422 52.6882 4.9791 0.0615
Car -1 -1 2.4783 771.3643 224.6014 1242.0000 375.0000 1.4458 1.5354 3.5860 2.8742 1.7938 3.9594 3.0699 0.0580
Car -1 -1 0.0480 771.4800 144.4544 874.1858 184.6622 1.5546 1.6471 3.8989 8.6574 0.4565 29.3119 0.3324 0.0558
Car -1 -1 1.2256 699.3455 200.3024 1171.0779 375.0000 1.4691 1.6042 3.8835 1.7814 1.7468 5.3285 1.5298 0.0544
Car -1 -1 1.5244 771.0600 175.6310 808.0931 207.8837 1.5005 1.5941 4.1105 8.9542 1.6479 36.1132 1.7651 0.0539
Car -1 -1 4.7815 775.7144 147.8304 821.6093 185.9343 1.5250 1.6443 3.9132 8.1738 0.5235 30.9945 5.0369 0.0534
Car -1 -1 1.6157 749.9582 187.4424 797.6676 230.1209 1.3890 1.5702 3.6412 6.1495 1.9703 26.7887 1.8382 0.0532
Car -1 -1 5.0707 700.5323 175.7465 801.5402 237.4008 1.4920 1.5254 3.5906 3.9162 1.5781 19.5698 5.2646 0.0529
Car -1 -1 0.9061 954.9907 202.4423 1242.0000 375.0000 1.4416 1.5899 3.3548 3.6101 1.6838 4.2237 1.5784 0.0506
Car -1 -1 -0.0284 768.1271 187.6887 993.5607 289.0166 1.5386 1.5942 3.4755 4.6260 1.8249 12.6300 0.3141 0.0502