Car -1 -1 1.9286 356.6857 180.7229 403.3276 205.3716 1.5863 1.7138 4.1751 -15.8176 2.1540 49.9256 1.6230 0.7804
Car -1 -1 4.8487 720.2976 168.3904 747.5031 189.7876 1.7173 1.6919 4.1234 10.3941 1.3590 60.1286 5.0188 0.3325
Car -1 -1 2.1188 144.8252 171.6936 237.1638 214.4475 1.9293 1.8005 4.4090 -20.0416 1.8769 34.7887 1.5992 0.2882
Car -1 -1 1.8869 317.8323 175.7540 357.2179 199.1575 1.6793 1.6329 3.8971 -20.3972 1.9052 54.2444 1.5286 0.2312
Car -1 -1 3.6608 187.5877 171.7000 272.9053 202.1207 1.6613 1.6665 3.9091 -21.1470 1.5983 40.3115 3.1802 0.1738
Car -1 -1 4.8639 302.9366 179.2910 336.3494 202.9276 1.5314 1.5805 3.7945 -19.9950 1.9945 49.8799 4.4842 0.1314
Car -1 -1 1.9185 342.0431 179.3061 391.4183 207.1984 1.7068 1.6782 4.3575 -15.8684 2.1501 47.3705 1.5966 0.1154
Car -1 -1 5.1394 246.9525 169.3441 287.3081 188.4526 1.5556 1.6499 3.7560 -28.7203 1.2699 60.6283 4.6986 0.1138
Car -1 -1 4.0919 228.4953 168.2042 279.4361 187.4974 1.5657 1.6600 4.2503 -29.7243 1.1884 60.2939 3.6354 0.1090
Car -1 -1 3.8815 202.8903 162.9982 276.3030 188.6219 1.6498 1.7006 4.3184 -24.5213 1.0152 47.8484 3.4100 0.1073
Car -1 -1 5.0984 226.9852 171.1931 283.6491 200.4389 1.5982 1.6131 3.7448 -20.2264 1.5074 41.3519 4.6458 0.0934
Car -1 -1 5.1560 154.0375 156.3176 216.2883 185.8214 1.7444 1.7200 4.1112 -26.2476 0.7667 44.7804 4.6284 0.0864
Car -1 -1 3.7443 259.3138 177.7760 328.2881 202.0504 1.5759 1.7323 3.9736 -21.2335 1.9156 48.5719 3.3339 0.0727
Car -1 -1 0.3890 157.7144 157.6841 247.8790 185.2193 1.6409 1.6743 4.5026 -24.7924 0.7369 44.1003 -0.1207 0.0718
Car -1 -1 2.1105 325.3631 179.1283 383.9092 206.1126 1.5991 1.6557 4.0567 -16.1480 2.0171 45.9145 1.7738 0.0683
Car -1 -1 5.2620 122.4576 163.9406 196.2779 193.7063 1.5247 1.5932 3.8379 -24.1607 1.0681 38.8807 4.7089 0.0591
Car -1 -1 1.9111 397.1581 180.0234 441.4722 204.4617 1.5060 1.5685 4.0485 -12.5354 2.0014 47.7702 1.6554 0.0574
Car -1 -1 1.4303 359.1412 178.8576 395.4865 204.9901 1.5484 1.6491 4.0950 -14.8327 1.9492 45.9660 1.1195 0.0563
Car -1 -1 5.2986 347.0308 166.2397 387.9418 186.3347 1.8248 1.7127 3.9897 -22.6550 1.2242 67.6706 4.9765 0.0549
Car -1 -1 4.7693 312.2928 165.2649 335.9240 186.0571 1.7229 1.6510 4.0864 -24.4874 1.0941 61.9882 4.3944 0.0531
Car -1 -1 1.4762 308.2163 177.8344 341.3074 203.9206 1.6247 1.6611 4.2449 -19.0102 1.9722 48.0744 1.1012 0.0518