Car -1 -1 -0.2173 230.3757 177.8786 369.9933 227.5424 1.4337 1.5715 3.7794 -9.3459 1.3288 22.4661 -0.6125 0.9131
Car -1 -1 4.8108 544.3057 168.2517 580.8477 196.3875 1.4814 1.6249 4.3877 -2.0532 0.7832 40.0480 4.7550 0.8589
Car -1 -1 4.8482 580.2406 167.9515 611.4871 191.3029 1.5479 1.6558 3.9541 -0.2726 0.6490 49.6813 4.8379 0.5910
Car -1 -1 2.1549 322.9700 176.3017 394.6730 205.1529 1.4456 1.6726 4.0190 -12.7430 1.1845 38.1497 1.8296 0.5621
Car -1 -1 -0.3736 317.3200 156.4447 389.8604 180.9992 1.4950 1.6635 4.0419 -15.6877 -0.0341 45.7608 -0.7068 0.2349
Car -1 -1 4.3449 560.1888 164.6764 596.8591 185.7605 1.6549 1.6680 3.9329 -1.8190 0.3334 58.5174 4.3092 0.2214
Car -1 -1 4.8645 384.4696 169.1460 411.1170 189.0979 1.6670 1.6553 3.9013 -17.4643 0.6338 62.0564 4.5864 0.2133
Car -1 -1 3.8636 167.4531 162.0601 265.4233 195.1179 1.5186 1.6518 4.0344 -18.2897 0.6250 34.2623 3.3716 0.1393
Car -1 -1 -0.2912 230.3725 162.5983 320.5501 191.3453 1.6040 1.6993 4.5305 -19.0402 0.5487 42.2111 -0.7175 0.1378
Car -1 -1 4.6762 546.1987 182.5812 575.1984 208.8029 1.5059 1.5966 3.5405 -2.4233 1.5730 43.2423 4.6154 0.1133
Car -1 -1 5.3442 196.2990 164.5767 279.1573 197.8813 1.5074 1.6448 3.7668 -17.3206 0.7409 34.5043 4.8771 0.0984
Car -1 -1 2.1396 303.8634 174.9922 378.2408 207.3272 1.5575 1.6393 4.0871 -13.1825 1.2434 36.7741 1.7927 0.0981
Car -1 -1 4.5872 369.8443 167.7717 420.7001 204.4786 1.4843 1.6211 3.9999 -8.9637 0.9287 31.2037 4.3047 0.0879
Car -1 -1 1.3041 316.1596 177.1203 376.5007 212.4536 1.5692 1.6443 4.1680 -12.1054 1.3741 34.0803 0.9601 0.0695
Car -1 -1 4.9240 332.1887 154.7659 374.1222 181.0452 1.6179 1.7036 4.3384 -15.9595 -0.0317 46.5616 4.5908 0.0689
Car -1 -1 2.1230 179.8334 161.0057 263.4471 199.0005 1.6430 1.6607 3.7788 -17.2958 0.7563 33.0050 1.6387 0.0667
Car -1 -1 0.4733 304.8555 175.8550 390.4141 204.6891 1.4725 1.6493 3.9212 -13.2534 1.1836 37.7608 0.1329 0.0662
Car -1 -1 -0.0807 342.7502 156.7839 412.7971 180.9368 1.5168 1.6983 4.2287 -14.4931 -0.0387 46.7672 -0.3844 0.0660
Car -1 -1 1.5956 360.7310 185.2925 397.7759 218.9160 1.4862 1.5997 3.9677 -10.5226 1.6782 34.3562 1.2954 0.0652
Car -1 -1 4.5525 313.1711 158.8050 352.6567 184.8473 1.5918 1.6910 4.3786 -17.2531 0.2038 46.2259 4.1924 0.0651
Car -1 -1 1.5756 570.0371 164.5265 591.4432 184.6873 1.5526 1.6486 4.1602 -1.5702 0.2445 57.4219 1.5435 0.0636
Car -1 -1 3.3537 562.2750 166.9067 620.5197 189.5523 1.4987 1.5751 3.7009 -0.5925 0.5321 48.6723 3.3368 0.0622
Car -1 -1 2.3489 361.9260 175.9223 426.0007 201.0019 1.5157 1.6412 3.8995 -13.0217 1.1779 45.5195 2.0668 0.0596
Car -1 -1 4.9819 360.1806 156.9193 403.6597 181.2273 1.5332 1.7231 4.1036 -14.3624 -0.0196 47.4307 4.6847 0.0577
Car -1 -1 3.0676 551.9434 163.9532 606.8844 183.8250 1.5576 1.6655 4.2674 -1.6979 0.1813 57.3636 3.0334 0.0555
Car -1 -1 5.1462 393.7906 169.7204 431.9588 188.9566 1.6159 1.6854 4.0243 -16.2586 0.6253 62.4706 4.8878 0.0550
Car -1 -1 4.4941 224.9364 164.2379 272.8086 192.8519 1.6098 1.6675 4.1956 -20.8692 0.6380 42.5710 4.0359 0.0549
Car -1 -1 3.7805 360.4244 181.2308 460.0944 215.7149 1.4905 1.6500 4.2154 -8.6270 1.4783 32.5915 3.5186 0.0521