Car -1 -1 1.9559 262.2704 190.0077 335.9277 226.8498 1.4031 1.6051 3.7750 -13.3058 2.1888 31.1492 1.5549 0.9277
Car -1 -1 4.7395 595.9835 179.2472 628.5004 207.6947 1.5194 1.7614 4.4310 0.2046 1.9096 41.7883 4.7438 0.8689
Car -1 -1 1.6762 348.5593 189.6391 379.5383 214.4356 1.5412 1.6260 3.6849 -16.7990 2.7385 49.4956 1.3503 0.3723
Car -1 -1 1.6239 408.0027 184.0679 434.3377 206.9256 1.5155 1.6239 3.9075 -13.5270 2.3553 51.9541 1.3700 0.3058
Car -1 -1 1.3126 300.6985 181.3274 335.5590 200.4014 1.4563 1.6658 4.0757 -23.9036 2.1755 59.1138 0.9296 0.2493
Car -1 -1 2.0053 370.7293 180.9219 406.5568 199.2011 1.5152 1.5848 3.7378 -19.3990 2.2471 63.5006 1.7096 0.2265
Car -1 -1 1.5524 256.0394 199.1581 294.4820 232.8459 1.4712 1.6778 3.2097 -16.7668 2.8549 36.1470 1.1205 0.2252
Car -1 -1 1.5264 678.4911 167.7966 719.1423 202.5981 1.4815 1.6414 4.1150 4.0017 1.2662 32.8299 1.6462 0.2173
Car -1 -1 -0.2040 248.8985 195.1531 339.0329 226.9510 1.4665 1.6753 4.0660 -16.4745 2.6900 37.7348 -0.6135 0.2056
Car -1 -1 1.4959 248.1563 189.4831 286.5380 220.6985 1.4661 1.5595 3.7183 -18.0664 2.3885 38.0231 1.0547 0.1668
Car -1 -1 2.1631 208.7861 195.2575 284.2177 228.1821 1.4433 1.6593 3.5453 -18.0447 2.6200 36.0333 1.7015 0.1400
Car -1 -1 0.5962 382.0482 183.9459 439.3798 207.2153 1.5587 1.6314 3.6131 -14.0416 2.3632 50.9791 0.3283 0.1306
Car -1 -1 1.3475 697.8616 171.1970 752.6185 205.0834 1.4771 1.6296 4.1129 5.3046 1.4049 33.5588 1.5024 0.1092
Car -1 -1 3.1282 197.8381 192.4526 281.6592 224.3075 1.4636 1.6378 3.7190 -18.7672 2.5035 36.6968 2.6581 0.0920
Car -1 -1 2.0647 248.7409 196.0020 318.6335 228.8604 1.4741 1.5942 3.9527 -16.7350 2.7345 37.2592 1.6448 0.0910
Car -1 -1 1.8837 338.4451 190.6837 383.3006 216.4821 1.5438 1.6300 4.1212 -16.5194 2.7840 48.1164 1.5543 0.0908
Car -1 -1 1.7931 406.5591 183.6609 443.7611 208.1522 1.5935 1.6752 4.0734 -12.9344 2.3854 50.8188 1.5447 0.0843
Car -1 -1 1.5770 342.7105 181.1548 362.4600 199.2352 1.4748 1.5738 3.8830 -22.3712 2.2221 62.8679 1.2362 0.0800
Car -1 -1 0.3508 321.7307 194.0357 386.7838 217.4788 1.4921 1.6756 3.7617 -17.0686 2.9366 48.3430 0.0127 0.0769
Car -1 -1 1.4224 321.1709 199.2071 382.7065 244.5567 1.4495 1.7158 3.2126 -9.6835 2.5022 27.0003 1.0806 0.0731
Car -1 -1 5.1385 263.2029 198.2915 348.8909 243.4219 1.4326 1.6315 3.4107 -11.0849 2.4310 26.5887 4.7466 0.0730
Car -1 -1 0.0971 331.3772 192.6880 450.1393 234.9629 1.4708 1.7044 4.1785 -8.2365 2.2606 27.4965 -0.1919 0.0726
Car -1 -1 1.6015 654.3636 176.8190 680.8759 201.4919 1.4699 1.5535 3.9968 3.7142 1.7325 45.7234 1.6816 0.0685
Car -1 -1 1.4584 661.9965 176.4886 688.9889 199.9314 1.6935 1.5937 4.0219 4.9686 1.9797 54.7815 1.5479 0.0678
Car -1 -1 1.3356 357.8697 180.5636 388.6602 198.3126 1.4615 1.6416 4.2220 -20.8495 2.1646 63.5759 1.0196 0.0646
Car -1 -1 1.5858 371.7057 182.5171 393.4351 202.4250 1.5622 1.6883 4.5014 -19.2625 2.4159 61.3452 1.2825 0.0628
Car -1 -1 1.6302 344.3460 190.6827 374.9703 216.7429 1.5048 1.6276 4.2267 -16.2315 2.7219 47.0032 1.2991 0.0596
Car -1 -1 1.3982 409.6420 181.5386 445.9650 206.2262 1.5396 1.6937 4.1655 -12.3383 2.1543 48.8252 1.1516 0.0589
Car -1 -1 1.9273 326.8493 192.7488 405.0508 234.6136 1.4450 1.6547 3.9984 -9.6372 2.2967 28.8600 1.6072 0.0587
Car -1 -1 3.8310 218.7857 194.5246 337.4294 238.1868 1.4840 1.6094 3.9252 -12.4212 2.3362 27.0876 3.4043 0.0584
Car -1 -1 1.8701 458.3728 179.1733 502.7551 206.1370 1.5903 1.6255 4.0939 -8.1086 2.0091 45.6878 1.6950 0.0563
Car -1 -1 2.1278 412.3410 185.0552 462.3370 207.2076 1.4642 1.6053 4.0802 -12.4232 2.3855 52.2919 1.8953 0.0555
Car -1 -1 1.6022 288.8051 197.0755 342.1203 244.8121 1.4396 1.6296 3.6393 -10.4286 2.3713 25.7658 1.2207 0.0553
Car -1 -1 1.2050 363.4262 190.2536 405.4457 213.7998 1.5622 1.6698 3.8697 -16.5396 2.8874 52.9173 0.9031 0.0553
Car -1 -1 1.2795 691.6928 178.5438 746.1393 209.4783 1.4034 1.5725 3.9521 5.3206 1.7002 35.5643 1.4263 0.0550
Car -1 -1 1.4727 354.1886 188.3939 384.9785 211.9986 1.5073 1.6759 4.2162 -17.1043 2.6615 51.3259 1.1522 0.0544
Car -1 -1 1.5040 317.1740 192.6178 348.1715 217.3514 1.4729 1.6931 3.8266 -18.6038 2.8560 48.4021 1.1385 0.0541
Car -1 -1 1.5332 274.2661 176.8220 299.6815 198.2676 1.4780 1.5481 4.0423 -23.5788 1.7796 52.6814 1.1140 0.0520
Car -1 -1 3.5043 280.9402 181.9961 337.5394 201.2945 1.5065 1.6251 3.8773 -24.1158 2.2527 58.0219 3.1117 0.0520
Car -1 -1 1.4447 677.1754 174.5753 711.8722 200.3136 1.4566 1.5742 3.8564 5.0208 1.5639 43.0293 1.5596 0.0518
Car -1 -1 1.5444 403.9904 182.3768 430.7388 207.3638 1.5795 1.6674 4.2737 -13.2557 2.2648 49.6383 1.2844 0.0512
Car -1 -1 1.5832 453.7128 181.3230 478.1252 205.2926 1.5637 1.6167 4.0168 -10.0614 2.1836 50.6925 1.3878 0.0502