Car -1 -1 4.6425 589.5039 173.8712 627.3474 204.5049 1.5752 1.7630 4.3619 -0.1174 1.6340 39.4893 4.6391 0.8070
Car -1 -1 0.4528 694.4931 156.9389 790.7988 193.1162 1.5388 1.6254 3.9546 5.9632 0.8619 32.5155 0.6324 0.1447
Car -1 -1 4.4968 684.1500 161.5870 713.7608 180.8467 1.6187 1.6759 4.2895 7.7454 0.6718 62.8560 4.6187 0.1107
Car -1 -1 4.8086 663.1663 170.6887 698.9351 198.7498 1.4864 1.6179 3.9400 4.0381 1.3717 40.3104 4.9073 0.1006
Car -1 -1 3.2960 680.8058 152.0632 765.6364 183.3570 1.5049 1.6313 3.9882 5.6939 0.5051 36.0823 3.4511 0.0921
Car -1 -1 0.0958 713.2586 152.1611 799.8186 184.1162 1.5197 1.6306 4.0592 7.2803 0.5356 35.6841 0.2953 0.0906
Car -1 -1 3.4286 401.7984 170.8730 458.1588 192.8224 1.6292 1.7241 3.7976 -13.5340 1.4821 54.5003 3.1860 0.0886
Car -1 -1 4.6232 712.9658 150.2533 752.0422 181.2396 1.5028 1.6274 3.8489 6.2467 0.4067 36.9757 4.7892 0.0794
Car -1 -1 4.7365 694.0648 168.0199 725.1766 196.7628 1.5147 1.6196 4.0056 5.6051 1.2600 40.1307 4.8739 0.0689
Car -1 -1 4.6605 689.7544 176.1835 717.7662 201.2559 1.5092 1.5678 3.6888 5.9471 1.7294 45.8343 4.7883 0.0627
Car -1 -1 1.5152 689.7195 173.2223 719.3201 200.1564 1.5315 1.5328 3.8163 5.6244 1.5545 43.0412 1.6439 0.0603
Car -1 -1 1.7485 661.7339 166.2789 707.3457 198.5565 1.5776 1.6513 4.1318 3.9502 1.2562 37.4788 1.8523 0.0587
Car -1 -1 1.6143 495.4663 178.2928 519.5792 200.2437 1.5164 1.5729 4.1248 -7.4635 1.9322 53.0284 1.4748 0.0572
Car -1 -1 1.3493 682.6941 156.7293 731.9625 188.2448 1.5349 1.6429 4.1342 4.9828 0.7496 37.2737 1.4810 0.0540
Car -1 -1 3.3208 691.2448 176.3971 754.7921 201.3982 1.4757 1.6213 3.6277 6.9792 1.7001 44.3357 3.4755 0.0524