Car -1 -1 1.3602 682.9901 191.0124 802.2341 273.0957 1.4313 1.6718 3.9941 2.6984 1.8728 15.5111 1.5281 0.9569
Car -1 -1 4.2728 807.1975 201.4889 1242.0000 375.0000 1.3264 1.5505 3.5851 2.6589 1.6025 5.1556 4.7247 0.9413
Car -1 -1 2.1204 0.0000 190.4070 363.1476 375.0000 1.4395 1.6205 4.1385 -3.3204 1.6175 5.2440 1.5778 0.9398
Car -1 -1 4.6130 666.6486 187.0078 731.3338 240.2446 1.3879 1.5568 3.4332 2.5825 1.8428 21.4612 4.7303 0.9323
Car -1 -1 1.7407 405.0807 190.2450 506.8057 266.5359 1.4344 1.6090 3.7163 -3.3388 1.8728 16.3055 1.5410 0.9238
Car -1 -1 1.4765 654.0680 184.9138 707.1831 229.1549 1.4280 1.5473 3.9495 2.5218 1.9013 26.3413 1.5701 0.8262
Car -1 -1 4.1829 1017.2139 185.0416 1242.0000 370.5747 1.4534 1.7230 4.1846 6.4218 1.6274 8.1199 4.8337 0.2137
Car -1 -1 1.3301 712.6324 177.7232 751.5372 202.2541 1.4960 1.6174 3.7963 7.8861 1.8245 46.7314 1.4958 0.1275
Car -1 -1 -0.0591 156.5583 177.1549 266.8406 215.9434 1.4686 1.6027 3.8492 -16.1810 1.6540 29.3954 -0.5588 0.1138
Car -1 -1 1.3752 633.4143 183.8386 666.9765 207.4422 1.4823 1.5674 3.8060 2.7276 2.2611 49.1633 1.4297 0.1057
Car -1 -1 -0.0236 725.2446 180.4428 790.0361 205.4825 1.5197 1.6470 3.9454 9.3308 2.0119 45.6480 0.1762 0.1044
Car -1 -1 3.4821 447.6296 180.1096 511.0174 201.1135 1.5503 1.5924 4.4987 -9.9450 2.1169 55.2000 3.3043 0.1044
Car -1 -1 5.2778 196.9780 177.6365 289.3784 216.4118 1.4965 1.6166 3.8949 -15.2996 1.7111 30.3644 4.8143 0.0982
Car -1 -1 4.8213 741.2021 179.3264 798.7960 226.6707 1.4833 1.5725 3.6698 5.6494 1.7267 25.1403 5.0392 0.0889
Car -1 -1 -0.2273 500.6169 191.4602 603.6011 229.4066 1.4804 1.7034 4.1320 -2.4813 2.3168 30.9956 -0.3073 0.0875
Car -1 -1 1.1202 774.6439 175.5506 830.0676 201.2499 1.4516 1.6272 3.9934 11.5043 1.6213 43.3139 1.3777 0.0871
Car -1 -1 3.5361 0.0000 234.8660 42.6947 371.9648 1.4791 1.7081 3.8826 -11.0833 2.5316 10.7099 2.7461 0.0871
Car -1 -1 4.8798 502.2130 188.8386 554.2937 226.5955 1.4770 1.6676 3.7658 -3.5155 2.2238 31.7848 4.7699 0.0862
Car -1 -1 1.5590 491.2989 192.8882 518.3289 220.0295 1.5112 1.6006 3.6872 -6.5518 2.8146 44.9936 1.4146 0.0856
Car -1 -1 1.9270 0.0000 243.8285 18.5283 375.0000 1.4500 1.7080 3.6567 -9.7435 2.6140 9.8160 1.1589 0.0848
Car -1 -1 1.5406 467.4611 187.8723 508.1475 226.4101 1.4889 1.6351 3.8927 -5.3745 2.1888 31.5579 1.3727 0.0811
Car -1 -1 5.2614 410.6700 183.9881 501.0930 226.4064 1.5396 1.6741 4.1996 -6.2054 2.0317 29.6338 5.0562 0.0798
Car -1 -1 1.7846 769.2259 177.0777 807.6974 202.2343 1.5072 1.6205 3.7669 11.4322 1.7882 45.9642 2.0264 0.0775
Car -1 -1 4.7050 464.0158 172.2993 516.8434 219.9289 1.4579 1.6053 3.6066 -3.9692 1.4410 23.9994 4.5424 0.0767
Car -1 -1 1.4913 648.7704 180.4408 679.5269 206.4206 1.5181 1.6030 4.0788 3.3915 2.0169 45.3999 1.5648 0.0762
Car -1 -1 3.5536 679.5252 178.8894 743.5914 203.5516 1.4899 1.6101 3.7156 6.4984 1.8890 46.0592 3.6924 0.0676
Car -1 -1 1.2520 494.2979 192.3397 558.1242 231.7970 1.4436 1.6789 3.3444 -3.5302 2.3074 30.1153 1.1355 0.0646
Car -1 -1 5.0557 452.6611 191.4939 521.1738 231.4182 1.4545 1.6702 3.6580 -5.0300 2.2813 30.0545 4.8906 0.0631
Car -1 -1 1.8286 0.0000 236.3114 82.1497 363.5099 1.4176 1.6785 3.6192 -10.2433 2.6507 12.0263 1.1338 0.0616
Car -1 -1 1.4035 438.3633 178.8516 467.3147 198.7345 1.4615 1.5894 3.8689 -12.2783 1.9476 56.3903 1.1897 0.0610
Car -1 -1 2.6512 776.0822 176.9053 847.2566 201.5321 1.4720 1.6170 3.9563 12.5169 1.7301 44.7485 2.9218 0.0601
Car -1 -1 5.6178 218.4864 175.9561 327.3314 215.1314 1.5383 1.6635 4.0481 -14.2905 1.6803 30.8583 5.1871 0.0597
Car -1 -1 0.8545 1064.2206 185.3602 1242.0000 375.0000 1.4325 1.5880 4.1927 6.2995 1.5849 6.6844 1.5878 0.0584
Car -1 -1 1.4826 482.2991 181.5574 508.1424 202.6596 1.5149 1.6320 3.8538 -8.8358 2.2101 55.5699 1.3253 0.0575
Car -1 -1 1.2350 487.8707 188.2620 592.8748 249.4017 1.4344 1.6974 3.9547 -2.0376 1.9108 20.1623 1.1347 0.0561
Car -1 -1 1.3328 746.6838 177.3878 781.6600 198.7122 1.4907 1.6228 3.9939 11.3771 1.8384 53.3171 1.5415 0.0538
Car -1 -1 0.0225 703.8837 178.4541 765.1959 202.6028 1.4826 1.6050 3.7849 7.9665 1.8484 45.9825 0.1925 0.0533
Car -1 -1 -1.0153 508.6684 188.2529 591.1063 226.2397 1.4883 1.6643 4.3058 -2.5941 2.2293 32.4258 -1.0952 0.0516
Car -1 -1 2.5013 1128.2335 166.0796 1242.0000 371.1605 1.5219 1.6399 4.2533 7.5183 1.4716 6.5621 3.3320 0.0515
Car -1 -1 2.0423 172.3049 179.4847 263.2772 222.0363 1.5246 1.6018 3.7259 -15.2554 1.8020 28.3146 1.5518 0.0510