Car -1 -1 4.5811 628.9550 182.2926 691.4315 227.2778 1.3850 1.6382 4.0530 1.6805 1.7413 25.1616 4.6462 0.9596
Car -1 -1 2.3991 952.0126 196.0250 1242.0000 375.0000 1.6100 1.6608 4.0376 5.6503 1.8616 6.8556 3.0663 0.8963
Car -1 -1 0.3527 249.5965 186.5272 428.1978 241.4051 1.3854 1.5719 4.2124 -7.1805 1.7680 19.3998 0.0022 0.8699
Car -1 -1 2.6151 837.6292 198.6030 1195.6261 316.0988 1.3784 1.5437 3.9681 5.2946 1.7546 9.6889 3.1014 0.8697
Car -1 -1 2.7231 812.8163 174.4173 1081.5822 267.1990 1.4367 1.5018 3.7487 5.4523 1.4643 11.9502 3.1412 0.8501
Car -1 -1 4.6198 613.4512 179.3539 648.0602 207.5332 1.4644 1.5750 3.9303 1.1421 1.8467 40.4355 4.6473 0.6880
Car -1 -1 3.8128 0.0000 211.1191 57.4872 375.0000 1.4703 1.5514 3.6752 -6.8542 1.8300 5.6838 2.9576 0.6241
Car -1 -1 0.7349 0.0000 168.1124 223.3555 334.4031 1.6838 1.6631 3.8165 -6.7571 1.6358 8.2596 0.0648 0.5223
Car -1 -1 3.3728 407.5737 175.6818 493.1216 208.7716 1.4660 1.5452 3.5484 -7.2169 1.5981 32.9061 3.1582 0.4526
Car -1 -1 4.7201 373.2655 184.7252 432.1682 239.3175 1.4957 1.6393 3.8555 -6.4889 1.9041 22.7469 4.4447 0.4379
Car -1 -1 1.6625 475.0297 187.9368 508.7398 214.7072 1.4346 1.6471 3.3717 -6.8685 2.3565 42.3641 1.5022 0.3891
Car -1 -1 3.3480 419.3976 181.4785 501.7083 211.5321 1.4640 1.6022 3.8204 -7.4769 1.9091 36.4245 3.1465 0.3070
Car -1 -1 3.2023 294.8408 185.5598 440.4453 240.0904 1.4938 1.5874 4.0012 -7.1445 1.8971 21.6317 2.8864 0.3029
Car -1 -1 3.7408 134.9240 158.0179 260.7568 196.5233 1.4529 1.5798 4.0980 -16.0311 0.8931 28.1878 3.2276 0.2946
Car -1 -1 4.9744 228.9261 171.5554 287.6591 204.2972 1.5087 1.6155 3.8933 -17.1065 1.4489 35.3109 4.5260 0.2638
Car -1 -1 4.9966 488.6911 171.0753 524.1726 193.0689 1.6083 1.6384 3.8922 -7.7889 1.4782 54.8066 4.8558 0.2118
Car -1 -1 4.5948 387.1795 176.7050 440.2266 215.0533 1.3769 1.5791 3.8034 -7.7574 1.5394 28.3794 4.3300 0.2085
Car -1 -1 5.4468 0.0000 134.3205 74.4718 204.5042 2.1134 1.7015 3.8020 -19.8591 0.9531 23.6622 4.7540 0.2062
Car -1 -1 3.0016 338.2833 175.6228 446.4222 217.9781 1.4912 1.5980 3.7047 -8.1539 1.6010 27.0979 2.7116 0.1917
Car -1 -1 4.8544 446.5070 175.5754 493.1026 208.2620 1.4303 1.6086 3.8424 -6.4941 1.5653 33.8545 4.6659 0.1837
Car -1 -1 1.5296 639.9604 175.0202 659.3104 192.1065 1.5289 1.6305 3.9371 3.6973 1.7361 67.0446 1.5841 0.1754
Car -1 -1 1.3938 599.4221 180.5629 637.3265 207.2054 1.5082 1.6375 3.9844 0.4915 2.0025 44.1614 1.4043 0.1642
Car -1 -1 4.9375 458.1833 180.6126 505.9109 212.2066 1.5170 1.6247 3.8310 -6.5761 1.9420 37.5616 4.7649 0.1596
Car -1 -1 0.3882 335.2902 181.1233 466.0255 228.9725 1.5183 1.5619 3.9176 -6.9645 1.8073 24.2303 0.1107 0.1585
Car -1 -1 4.8604 477.7802 184.1630 512.3633 210.5006 1.4707 1.5208 3.8492 -6.9163 2.1887 43.8801 4.7045 0.1533
Car -1 -1 4.9629 327.6931 180.2512 403.3902 227.1634 1.4803 1.6193 3.7281 -8.4514 1.7592 25.2872 4.6431 0.1261
Car -1 -1 5.5084 262.2331 172.2740 351.8582 205.7724 1.4919 1.6170 3.8961 -14.2653 1.4660 34.2431 5.1162 0.1242
Car -1 -1 1.7886 0.0000 170.8986 191.5744 350.2043 1.6806 1.6527 3.8335 -6.3671 1.6622 8.8497 1.1788 0.1223
Car -1 -1 1.3912 643.7639 171.1301 672.6771 192.6802 1.5965 1.5460 3.8711 3.7037 1.4688 55.4634 1.4572 0.1191
Car -1 -1 5.0660 400.9716 169.5775 438.3010 190.8728 1.7189 1.6983 4.1062 -15.8395 1.4545 60.3685 4.8102 0.1160
Car -1 -1 1.7566 521.6740 179.6086 547.3772 197.4791 1.5766 1.6793 3.9521 -6.9584 2.2252 67.2381 1.6535 0.1054
Car -1 -1 4.0557 0.0000 183.4826 123.8933 375.0000 1.6037 1.7171 4.0892 -7.1046 1.7199 6.7858 3.2670 0.1047
Car -1 -1 3.2916 464.9536 178.0725 521.9298 200.1004 1.5223 1.6253 3.7813 -8.1887 1.8978 51.0869 3.1331 0.1027
Car -1 -1 1.4951 228.2464 176.2136 267.6664 205.7553 1.5151 1.6244 4.3977 -20.0024 1.7112 39.8324 1.0321 0.0968
Car -1 -1 1.4107 494.4381 175.9647 525.4873 199.4847 1.6038 1.6263 3.7688 -7.1812 1.8359 51.7810 1.2733 0.0961
Car -1 -1 -0.1607 386.0108 175.0397 498.8481 218.1668 1.5591 1.6859 4.0157 -6.4362 1.6479 27.7786 -0.3868 0.0958
Car -1 -1 2.0013 301.3154 182.4288 400.8088 233.1395 1.4687 1.5653 3.9010 -8.3525 1.8096 23.6736 1.6652 0.0938
Car -1 -1 0.3467 103.8177 145.9481 215.4310 178.9103 1.5475 1.6547 4.3035 -21.8052 0.2843 35.1227 -0.2056 0.0903
Car -1 -1 1.9805 0.0000 204.1327 165.4371 375.0000 1.4898 1.6148 3.9726 -5.8967 1.8875 7.0436 1.3018 0.0902
Car -1 -1 4.4006 604.9104 174.8470 647.6528 200.7065 1.5420 1.5850 3.8311 1.0046 1.6731 45.4041 4.4221 0.0900
Car -1 -1 4.3871 633.7577 175.0479 665.0334 193.2919 1.5106 1.5654 3.7789 3.4025 1.7061 62.2606 4.4411 0.0900
Car -1 -1 0.6645 476.6040 178.6920 531.3043 198.3833 1.4685 1.6319 4.1115 -8.2903 1.9401 56.5623 0.5193 0.0897
Car -1 -1 0.3343 297.3288 175.0155 402.2515 209.5682 1.5264 1.5797 4.1987 -11.7431 1.6270 32.7803 -0.0074 0.0895
Car -1 -1 3.2177 454.8009 187.2657 526.1314 212.9828 1.4712 1.5721 4.1151 -7.1014 2.3555 43.3120 3.0557 0.0869
Car -1 -1 1.8058 506.8002 177.2124 537.8226 198.5121 1.6018 1.5526 3.9843 -6.8733 1.9597 57.1780 1.6863 0.0869
Car -1 -1 -0.2770 454.6525 174.1790 553.0012 209.5381 1.5424 1.6910 4.1778 -4.8628 1.6064 33.2231 -0.4216 0.0841
Car -1 -1 4.8404 430.2758 178.3845 471.1174 208.6764 1.4640 1.6008 3.7368 -8.2033 1.7663 37.5066 4.6261 0.0826
Car -1 -1 0.9226 237.7886 173.6016 325.0646 207.0931 1.4629 1.5975 3.9612 -15.1307 1.4991 33.2386 0.4982 0.0820
Car -1 -1 2.1860 0.0000 172.3117 119.2708 375.0000 1.6564 1.7187 4.1535 -7.1583 1.6524 7.5035 1.4418 0.0808
Car -1 -1 5.5500 0.0000 129.4699 113.7658 197.8631 2.1685 1.7978 4.1889 -19.8031 0.7929 25.0956 4.8870 0.0757
Car -1 -1 4.6947 229.9797 174.4666 261.1251 202.1734 1.4904 1.5183 3.6126 -20.7047 1.5864 40.9927 4.2293 0.0751
Car -1 -1 2.5731 0.0000 204.9491 61.3370 375.0000 1.4615 1.5544 3.8396 -6.6429 1.7988 5.5681 1.7237 0.0720
Car -1 -1 0.3511 196.7737 170.5213 296.1643 203.2373 1.5064 1.6143 3.8947 -17.1597 1.3990 34.2392 -0.1106 0.0712
Car -1 -1 3.0303 631.3365 175.7141 676.6780 191.5141 1.4241 1.5945 4.0022 4.0597 1.6903 66.2561 3.0908 0.0690
Car -1 -1 4.7507 271.3576 195.6732 413.4664 330.6129 1.4234 1.5679 3.4410 -3.6203 1.8027 10.1199 4.4144 0.0677
Car -1 -1 2.7204 96.8358 190.0790 602.2958 375.0000 1.4564 1.6276 4.2644 -2.2163 1.6700 6.9253 2.4203 0.0676
Car -1 -1 3.1216 275.7463 184.4463 406.4487 232.0959 1.4573 1.5512 3.9893 -8.9575 1.8697 24.2177 2.7705 0.0675
Car -1 -1 4.7237 230.1356 171.8046 269.9009 205.1107 1.5673 1.6931 4.2624 -18.0129 1.5179 36.2409 4.2651 0.0673
Car -1 -1 0.2730 469.4244 172.6207 523.3741 193.0552 1.4928 1.5953 3.6735 -8.4032 1.4757 53.7184 0.1182 0.0661
Car -1 -1 1.9912 311.6309 184.5161 420.5339 241.1143 1.4750 1.5701 4.0448 -7.1971 1.8606 21.7600 1.6749 0.0651
Car -1 -1 3.9722 450.2534 178.9819 507.7186 202.2079 1.5033 1.6519 3.9480 -8.9856 1.9398 49.5348 3.7933 0.0647
Car -1 -1 5.5881 237.5779 172.2243 332.0467 204.5641 1.4866 1.6372 4.1261 -15.8264 1.4577 35.3804 5.1701 0.0636
Car -1 -1 1.9545 399.3688 169.8961 463.2321 201.6768 1.4340 1.5893 3.9843 -8.4765 1.3005 34.6430 1.7160 0.0633
Car -1 -1 5.0248 486.3940 181.5854 539.5330 212.9533 1.4770 1.6175 3.7811 -4.9033 1.9502 37.0969 4.8938 0.0629
Car -1 -1 1.5625 684.4348 190.0450 727.9110 230.5690 1.4302 1.6256 3.7290 3.8683 2.1693 29.0692 1.6927 0.0616
Car -1 -1 4.3557 501.8109 173.7316 534.5977 191.8946 1.5595 1.5903 4.0328 -8.1753 1.6403 64.3155 4.2294 0.0592
Car -1 -1 1.4631 394.8036 175.5804 450.7700 219.8422 1.4925 1.5984 3.8409 -6.9609 1.6011 26.6645 1.2097 0.0590
Car -1 -1 4.9427 492.2500 177.8872 527.4413 201.1691 1.5233 1.5813 3.8300 -6.8713 1.8862 50.0449 4.8066 0.0587
Car -1 -1 4.5928 666.6645 172.7298 698.9925 197.1099 1.4935 1.5875 3.9934 4.6482 1.4858 46.2116 4.6921 0.0585
Car -1 -1 1.6555 604.9349 179.3276 638.4130 206.5005 1.4844 1.6326 4.0732 0.7592 1.8849 42.5302 1.6727 0.0577
Car -1 -1 1.4115 235.4631 179.9899 274.9198 207.1619 1.5945 1.5931 4.2606 -22.4786 2.0683 45.6978 0.9564 0.0575