Car -1 -1 4.8449 442.0915 187.1945 506.8611 234.7990 1.4920 1.6367 4.2370 -4.4931 1.5664 24.8622 4.6676 0.8706
Car -1 -1 4.9057 483.4219 183.9800 529.2731 215.4337 1.4938 1.6060 3.5911 -4.9915 1.4352 35.9786 4.7684 0.8519
Car -1 -1 5.2070 88.5297 188.5494 278.0346 274.0138 1.4597 1.6706 3.6139 -8.1583 1.5342 14.2418 4.6946 0.8516
Car -1 -1 2.2660 0.0000 199.9236 115.8848 350.8617 1.3992 1.4853 3.4299 -7.8556 1.6133 8.7324 1.5486 0.8288
Car -1 -1 4.7159 439.1554 183.5535 466.7274 208.3986 1.4809 1.6131 3.8745 -9.6242 1.3818 44.9085 4.5056 0.6874
Car -1 -1 4.7125 573.6559 180.6064 604.2581 207.4462 1.4624 1.6678 4.0967 -1.0459 1.2113 41.2380 4.6869 0.5049
Car -1 -1 4.7111 428.8098 192.3449 481.5979 243.7108 1.4341 1.4817 2.6380 -4.6264 1.6658 21.9144 4.5051 0.4234
Car -1 -1 5.0192 216.2752 119.8403 431.8586 275.8067 2.0383 1.8283 4.6644 -4.2764 1.1839 11.7572 4.6776 0.3474
Car -1 -1 1.5141 526.5094 180.5213 549.9955 200.1560 1.4498 1.5719 3.9180 -5.3174 1.1032 55.1363 1.4180 0.2838
Car -1 -1 5.0380 152.3767 181.4872 247.8123 232.0999 1.5031 1.6257 3.4928 -13.0222 1.3924 23.2132 4.5314 0.2333
Car -1 -1 -0.2055 569.6514 180.5184 647.2637 207.4481 1.4613 1.6563 4.0914 0.0495 1.2064 40.2356 -0.2048 0.2255
Car -1 -1 5.4837 0.0000 196.3820 87.6634 296.8293 1.4416 1.6242 3.8086 -11.4216 1.6689 12.6903 4.7612 0.1499
Car -1 -1 2.2967 0.0000 195.2000 122.7743 253.1526 1.4710 1.6403 3.6973 -16.1720 1.7864 20.8042 1.6418 0.1251
Car -1 -1 1.4394 508.7635 183.4141 541.1680 207.9606 1.5015 1.5780 3.7639 -5.2975 1.3913 45.9908 1.3249 0.1238
Car -1 -1 1.7641 517.8226 179.1313 551.2976 200.7570 1.5182 1.6335 4.3461 -5.2767 1.0910 52.7052 1.6644 0.1201
Car -1 -1 1.9464 108.5366 183.6721 230.3934 240.8258 1.5020 1.6355 4.0486 -12.6194 1.4615 21.0205 1.4111 0.0959
Car -1 -1 0.3036 167.4925 142.6906 492.3382 272.0144 1.6158 1.5665 3.8480 -3.6012 1.0845 9.8381 -0.0385 0.0802
Car -1 -1 -0.0766 436.9868 184.7124 502.2194 209.9727 1.4968 1.5518 3.8004 -8.4029 1.4670 43.8426 -0.2653 0.0772
Car -1 -1 1.5449 381.3618 206.3608 461.5226 283.8243 1.4641 1.6091 3.7047 -4.3451 2.0136 16.6812 1.2934 0.0763
Car -1 -1 0.2343 340.8075 190.8407 485.5800 244.0343 1.4775 1.6307 3.8053 -5.5826 1.6486 21.0065 -0.0228 0.0758
Car -1 -1 1.8623 512.5901 177.1585 551.4935 199.7884 1.5403 1.6368 4.1007 -5.2912 0.9919 51.0947 1.7593 0.0757
Car -1 -1 1.8018 527.1727 179.0891 560.7347 199.4498 1.4734 1.6086 4.1561 -4.7222 1.0301 54.1934 1.7149 0.0729
Car -1 -1 3.2771 0.0000 192.3726 88.4115 251.8379 1.4884 1.6764 3.7903 -16.9213 1.7058 20.1194 2.5841 0.0698
Car -1 -1 2.2161 595.7439 177.5013 664.3437 205.7547 1.4981 1.6688 4.1658 1.3323 1.0891 40.2623 2.2485 0.0684
Car -1 -1 0.0759 517.0850 183.1082 576.3488 207.4428 1.4881 1.6143 3.5655 -3.7333 1.3592 44.7785 -0.0073 0.0670
Car -1 -1 0.3038 155.5923 179.8028 306.7780 229.7722 1.4775 1.5748 3.8699 -11.5787 1.3175 22.3579 -0.1694 0.0662
Car -1 -1 3.7093 0.0000 211.4566 109.2263 351.5732 1.4894 1.6571 4.0768 -9.1171 1.8729 9.2986 2.9478 0.0657
Car -1 -1 5.0105 119.2707 184.8089 196.0319 226.8373 1.5030 1.5296 3.4569 -17.1432 1.4885 27.5728 4.4583 0.0646
Car -1 -1 1.6887 558.5389 180.0663 585.6912 200.3892 1.4760 1.5777 4.0780 -2.6121 1.1020 54.2962 1.6405 0.0646
Car -1 -1 1.5430 495.7046 182.2246 518.7410 202.2183 1.4516 1.6125 3.9427 -7.5759 1.2344 54.2675 1.4046 0.0597
Car -1 -1 1.1639 526.7775 178.8769 570.2380 200.2566 1.4731 1.6131 4.1269 -4.2668 1.0364 51.7318 1.0816 0.0583
Car -1 -1 3.2870 70.7062 189.9776 235.7345 242.5001 1.4725 1.6280 4.0638 -13.7072 1.6285 21.9870 2.7347 0.0571
Car -1 -1 4.6074 420.6230 189.3460 489.6754 246.9781 1.4853 1.6018 3.2181 -4.4100 1.6136 20.5590 4.3983 0.0564
Car -1 -1 2.5504 51.1739 179.7402 182.1305 223.5991 1.4575 1.5048 3.6713 -17.5262 1.2755 25.8722 1.9596 0.0562
Car -1 -1 1.9444 515.3070 183.7115 561.0538 208.3153 1.4871 1.6190 3.7535 -4.3155 1.3962 45.4753 1.8499 0.0560
Car -1 -1 3.2433 135.5896 183.3309 257.8919 223.8718 1.4641 1.5363 3.9109 -15.5442 1.3960 27.4447 2.7318 0.0539
Car -1 -1 1.2813 512.0494 179.8901 559.0797 207.1380 1.5267 1.6590 4.1083 -4.2859 1.2283 42.4923 1.1810 0.0521
Car -1 -1 1.8871 554.6104 179.5461 592.1680 200.4568 1.4741 1.5852 4.0125 -2.4389 1.0745 52.8220 1.8407 0.0513
Car -1 -1 0.1759 509.7827 179.9740 566.2431 199.3180 1.4330 1.6072 4.0188 -5.1922 1.0447 54.2140 0.0804 0.0513
Car -1 -1 0.0277 551.3538 181.2692 618.2912 207.6065 1.4445 1.6753 3.6715 -1.2294 1.2281 40.2703 -0.0031 0.0505
Car -1 -1 1.1135 329.6807 193.1378 450.7503 254.5526 1.5006 1.6637 3.9582 -6.1407 1.7443 20.0989 0.8203 0.0503