Car -1 -1 1.8231 496.8122 186.8440 570.3633 237.8633 1.4668 1.5478 3.5497 -2.4058 1.9615 23.6416 1.7221 0.9744
Car -1 -1 2.1445 0.0000 200.6112 367.8195 375.0000 1.4680 1.7108 4.3926 -4.2708 1.8465 7.5844 1.6457 0.9662
Car -1 -1 1.8463 625.8994 181.0407 667.8825 205.3609 1.4652 1.7140 3.9964 2.4838 2.0242 47.0979 1.8981 0.8617
Car -1 -1 1.7430 628.3820 173.1797 655.6291 191.5410 1.4795 1.6101 4.0306 2.7480 1.5077 60.3565 1.7879 0.2202
Car -1 -1 4.4977 804.1522 161.9757 838.2745 185.9846 1.7134 1.6813 3.6172 15.6070 0.9371 53.3548 4.7806 0.2150
Car -1 -1 1.7229 609.0522 176.8335 639.1641 198.7518 1.5188 1.6011 4.1354 1.1075 1.8229 52.9620 1.7432 0.1480
Car -1 -1 4.4527 522.5840 177.3481 565.3628 203.1512 1.4729 1.6414 3.9417 -4.0517 1.7606 44.0625 4.3611 0.1089
Car -1 -1 4.8879 556.3706 180.1994 588.2466 204.0818 1.4517 1.5286 3.1257 -2.3694 1.9421 46.5181 4.8368 0.0974
Car -1 -1 4.8656 550.0012 176.8663 582.5727 202.0416 1.5039 1.5643 3.2403 -2.6836 1.7653 45.3266 4.8064 0.0926
Car -1 -1 5.5079 0.0000 191.0025 176.8728 349.9643 1.5914 1.7076 4.0618 -8.1266 1.8917 9.8238 4.8299 0.0832
Car -1 -1 0.7816 510.3912 177.1178 581.6534 204.4145 1.5209 1.6669 4.2818 -3.8083 1.7860 42.8397 0.6930 0.0830
Car -1 -1 1.6166 543.6581 179.0927 574.2222 206.0338 1.5198 1.6572 4.1464 -3.0259 1.9163 43.7635 1.5475 0.0742
Car -1 -1 4.8006 803.0801 162.8599 826.1151 181.7575 1.6110 1.6249 3.8373 18.0952 0.7590 63.5933 5.0765 0.0693
Car -1 -1 4.6127 801.5456 176.7687 824.0142 195.4791 1.6873 1.6714 3.6451 19.0706 2.0657 67.8176 4.8853 0.0678
Car -1 -1 4.3394 501.2306 177.9915 552.3856 203.5548 1.4668 1.6867 4.3056 -5.1708 1.8009 44.6209 4.2243 0.0673
Car -1 -1 1.5293 560.6880 180.3937 590.5828 206.5071 1.4700 1.6451 4.1618 -2.1102 1.9522 44.0020 1.4812 0.0667
Car -1 -1 1.6845 627.5659 175.5578 655.9568 197.9867 1.5639 1.6329 4.0466 2.3999 1.7703 52.9501 1.7291 0.0635
Car -1 -1 1.8078 522.7822 179.0547 567.7171 207.5254 1.5263 1.6669 4.1146 -3.6642 1.9039 41.7792 1.7204 0.0595
Car -1 -1 1.5238 687.0700 178.2290 715.6403 202.5530 1.4622 1.6203 4.2381 5.8740 1.8248 46.5100 1.6481 0.0580
Car -1 -1 3.7962 514.2032 179.5263 579.4910 205.0332 1.5220 1.6471 3.9309 -3.9902 1.9610 45.7211 3.7092 0.0532