Car -1 -1 1.9109 247.8231 127.8111 505.0536 309.7900 1.9180 1.8417 4.5399 -2.6948 1.3520 9.9039 1.6462 0.6419
Car -1 -1 3.5510 288.4455 123.1016 437.1964 179.4476 1.4975 1.5628 3.6308 -6.5860 -0.0605 20.1054 3.2338 0.2669
Car -1 -1 1.7985 442.5909 145.0437 563.4794 233.8917 1.7025 1.6758 4.5174 -1.9995 1.0037 16.0966 1.6718 0.2576
Car -1 -1 4.6529 739.7883 148.7999 787.9772 190.5482 1.5440 1.6116 3.8149 6.4364 0.3342 28.5752 4.8676 0.2260
Car -1 -1 4.9329 550.0411 149.8677 585.6166 175.1372 1.6532 1.6617 3.9903 -2.2288 -0.4639 50.1668 4.8841 0.1809
Car -1 -1 0.2435 548.5641 154.2125 608.6144 177.7622 1.5542 1.5999 3.8208 -1.4697 -0.2618 48.9621 0.2090 0.1557
Car -1 -1 1.6112 733.6492 161.8238 772.0638 197.0209 1.5694 1.6457 4.1814 7.3201 0.6915 34.2576 1.8152 0.1455
Car -1 -1 -0.7749 1068.6937 170.0661 1238.0000 310.9819 1.4848 1.5959 3.9405 7.9736 1.3641 8.4424 -0.0388 0.1342
Car -1 -1 1.7922 366.1791 120.9611 448.4963 177.9421 1.4889 1.5482 3.5613 -5.4879 -0.1124 20.8057 1.5329 0.1296
Car -1 -1 4.7818 582.4993 156.6988 609.2166 180.4982 1.5824 1.6073 3.8557 -0.2799 -0.0732 49.9016 4.7715 0.1268
Car -1 -1 4.4413 705.9222 150.4374 771.9041 190.8456 1.5001 1.5848 3.8323 5.4397 0.3465 28.6460 4.6224 0.1231
Car -1 -1 4.5781 1057.0427 181.2506 1238.0000 320.6066 1.4370 1.5466 3.5785 7.0175 1.4343 9.3499 5.2031 0.1200
Car -1 -1 1.7428 466.4312 142.1141 559.0358 209.3467 1.4847 1.6112 4.0482 -2.0602 0.6147 17.9281 1.6251 0.1150
Car -1 -1 0.3906 741.2135 164.1267 852.6332 202.4302 1.4777 1.6351 4.1168 8.0546 0.8070 29.6077 0.6490 0.1141
Car -1 -1 1.3593 735.2125 174.1270 789.4938 208.9178 1.4351 1.5354 3.7728 7.0353 1.1305 31.5188 1.5721 0.1128
Car -1 -1 4.6299 594.4897 162.9215 617.0898 181.3612 1.5969 1.6803 3.9792 0.4532 -0.0139 64.2938 4.6321 0.1117
Car -1 -1 0.0699 740.0604 147.3737 850.6805 190.0076 1.5252 1.6279 3.9208 7.3603 0.3039 27.1002 0.3278 0.1074
Car -1 -1 5.2802 220.1959 128.6664 362.8882 196.2194 1.5815 1.6721 3.7233 -7.9118 0.3443 18.7930 4.8820 0.0956
Car -1 -1 4.5734 1075.8951 196.7384 1238.0000 374.0000 1.4819 1.5959 3.6942 5.2247 1.6571 6.2662 5.2423 0.0900
Car -1 -1 5.0022 291.6618 113.2286 403.9871 185.8125 1.5234 1.5290 3.4963 -5.7869 0.0903 16.8543 4.6717 0.0833
Car -1 -1 1.0500 728.0331 168.6668 808.6354 205.3640 1.4568 1.6082 3.8665 7.0641 0.9468 30.6004 1.2700 0.0823
Car -1 -1 3.4968 688.2784 149.6748 797.4329 190.9222 1.5036 1.5841 3.8424 5.5010 0.3430 27.8579 3.6851 0.0822
Car -1 -1 4.6771 538.5340 154.4214 564.7466 177.8684 1.5490 1.6654 4.1023 -3.4456 -0.2657 50.2482 4.6043 0.0748
Car -1 -1 1.2534 734.7026 159.6560 792.6568 192.4809 1.5196 1.6112 3.9007 7.9442 0.5078 35.2772 1.4684 0.0731
Car -1 -1 1.0434 1093.3198 179.8098 1238.0000 347.9454 1.4511 1.5229 3.5305 7.2539 1.4364 8.0738 1.7539 0.0708
Car -1 -1 1.5656 753.4967 166.5914 792.0264 201.4134 1.4986 1.6219 4.0583 7.9045 0.8565 33.0723 1.7935 0.0696
Car -1 -1 -0.5225 1099.6477 164.1589 1238.0000 374.0000 1.5071 1.6174 4.1689 6.1500 1.4226 4.9515 0.3394 0.0653
Car -1 -1 3.0294 715.8123 149.9621 820.9000 191.4230 1.5650 1.6014 3.8397 6.5015 0.3741 28.1186 3.2498 0.0628
Car -1 -1 1.8275 502.7361 193.4329 583.2786 248.0825 1.4872 1.6123 3.7139 -1.6930 1.8912 22.3773 1.7474 0.0618
Car -1 -1 -0.8268 742.2249 175.5253 833.2247 210.6053 1.4393 1.5986 3.9306 8.1666 1.1937 31.2163 -0.5781 0.0599
Car -1 -1 3.7742 204.9766 111.0472 403.0247 183.2727 1.5123 1.5776 3.9957 -6.6825 0.0369 16.2900 3.3861 0.0579
Car -1 -1 0.6536 1115.5442 158.2477 1238.0000 343.1574 1.4913 1.6085 4.1727 8.2039 1.3037 7.9710 1.4318 0.0572
Car -1 -1 4.2763 547.3074 173.4776 668.2971 237.7927 1.5406 1.7210 3.9485 0.0799 1.3481 19.3595 4.2751 0.0557
Car -1 -1 4.7363 604.6891 163.3413 624.6887 182.6030 1.6566 1.6995 3.8868 1.2957 0.0938 63.7548 4.7517 0.0547
Car -1 -1 -0.8493 898.4348 165.8715 1238.0000 312.1473 1.4822 1.5825 3.7826 5.6875 1.3237 8.5660 -0.2826 0.0535
Car -1 -1 3.9937 896.3130 173.6370 1231.4674 307.9327 1.4506 1.5962 3.8967 5.9288 1.3656 9.8245 4.5195 0.0531
Car -1 -1 1.1926 1080.9569 194.5882 1238.0000 374.0000 1.4948 1.5513 3.6994 4.6448 1.6190 4.8170 1.9272 0.0525
Car -1 -1 1.4839 952.3377 181.8246 1238.0000 374.0000 1.5505 1.6200 4.0702 3.6581 1.5539 5.5735 2.0376 0.0514
Car -1 -1 4.8521 466.2927 172.1605 632.5300 314.5078 1.5334 1.6582 3.9414 -0.4747 1.4327 9.7734 4.7991 0.0507
Car -1 -1 4.6953 521.2817 166.8665 564.6479 207.9838 1.5231 1.6066 3.3616 -2.3030 0.9806 28.3627 4.6100 0.0504