Car -1 -1 4.7282 593.1259 174.7452 627.8534 206.1440 1.5991 1.7824 4.3686 0.0855 1.7076 39.2112 4.7298 0.8559
Car -1 -1 4.4292 684.6905 161.3714 715.0108 179.5714 1.6000 1.6479 4.1082 8.1679 0.5905 65.5898 4.5523 0.1760
Car -1 -1 4.6410 742.0629 155.3730 764.3939 175.6374 1.8206 1.7302 4.2552 13.3151 0.2501 67.0435 4.8362 0.1565
Car -1 -1 1.9027 435.8563 179.8188 475.1592 202.5974 1.5044 1.5405 3.8311 -10.8118 2.0147 50.8702 1.6940 0.1251
Car -1 -1 3.9605 698.2149 155.9900 783.8079 188.4052 1.4674 1.6442 4.1889 6.2748 0.7040 34.8686 4.1369 0.0918
Car -1 -1 3.4449 426.6761 171.5960 475.1878 190.6180 1.5629 1.6814 3.6209 -13.2295 1.4595 60.2800 3.2295 0.0709
Car -1 -1 4.2516 720.5204 160.5736 758.2725 179.5054 1.6997 1.7135 4.3063 12.0245 0.5972 67.0885 4.4280 0.0659
Car -1 -1 1.9885 458.8157 177.2730 504.2622 201.0534 1.5817 1.6164 4.1453 -8.9945 1.9076 51.0166 1.8145 0.0570
Car -1 -1 3.3732 713.2294 157.0034 806.6088 190.9754 1.5164 1.6353 4.0149 7.0355 0.8089 33.7941 3.5765 0.0569
Car -1 -1 4.8401 705.5956 151.4963 771.4622 204.7865 1.5986 1.6554 3.8317 4.3120 0.9579 23.7210 5.0174 0.0529
Car -1 -1 4.4817 734.8349 157.2127 788.4503 190.5752 1.4880 1.6227 3.8907 7.1261 0.7904 34.1478 4.6855 0.0527
Car -1 -1 4.5235 702.6073 157.6640 746.2736 187.0066 1.5299 1.6663 3.8246 6.2418 0.7379 39.5608 4.6786 0.0507