Car -1 -1 3.5494 816.3719 183.5462 937.1769 230.6660 1.4327 1.5738 3.5150 9.0293 1.8225 24.5242 3.8976 0.6025
Car -1 -1 1.5402 384.4579 182.2853 408.1552 201.9749 1.5083 1.7545 4.4242 -17.7409 2.3227 59.9246 1.2532 0.4789
Car -1 -1 4.6034 811.9688 177.5355 852.7321 211.8537 1.4790 1.4828 2.7109 10.1378 1.7025 32.9669 4.8987 0.1064
Car -1 -1 1.5662 386.7586 183.4757 408.2570 204.1839 1.5472 1.6142 4.2510 -17.1990 2.4419 58.5047 1.2811 0.1034
Car -1 -1 1.7876 418.2520 184.3432 446.5293 201.7554 1.5051 1.6293 4.5593 -16.5779 2.6196 67.6984 1.5480 0.0866
Car -1 -1 1.0851 813.5685 181.5793 968.3883 259.4319 1.4435 1.6190 3.5558 5.9322 1.6555 15.6655 1.4401 0.0758
Car -1 -1 1.5154 474.2943 180.1464 494.7476 199.1288 1.5971 1.5756 4.1814 -11.2250 2.2726 64.6219 1.3438 0.0695
Car -1 -1 3.1536 868.0845 167.2745 1125.5750 253.9519 1.5047 1.6355 4.2504 7.4598 1.4078 14.2405 3.6272 0.0682
Car -1 -1 3.2152 382.8494 184.5300 435.6318 204.3280 1.5500 1.6164 4.0542 -16.3577 2.5251 59.0758 2.9459 0.0656
Car -1 -1 2.7642 814.6434 175.1799 917.4000 209.8161 1.4978 1.6454 3.9995 11.4022 1.6046 32.2275 3.1009 0.0621
Car -1 -1 1.5797 379.9488 180.7368 402.5430 202.4279 1.5926 1.6417 4.0087 -17.1296 2.2356 56.6970 1.2872 0.0618
Car -1 -1 1.6308 778.7914 182.0087 871.8736 267.1349 1.4666 1.6241 3.9980 4.6042 1.6850 15.0515 1.9212 0.0615
Car -1 -1 4.7898 821.0302 170.1303 855.4962 197.9106 1.5907 1.6728 4.1578 13.8444 1.4347 43.5560 5.0953 0.0591
Car -1 -1 1.8573 415.1253 185.2406 446.9032 204.2647 1.4814 1.5907 3.7518 -14.9509 2.5542 60.5834 1.6160 0.0586
Car -1 -1 4.4975 747.0728 178.6201 857.5994 254.0749 1.4655 1.5774 3.8326 4.1932 1.6108 16.2509 4.7448 0.0583
Car -1 -1 4.0156 667.3419 174.5365 844.2626 251.6085 1.4705 1.5846 4.0583 3.0772 1.5129 16.0183 4.2012 0.0537
Car -1 -1 1.2191 416.6578 183.4749 452.3000 202.8263 1.6394 1.6867 4.6199 -16.0842 2.6481 66.1381 0.9811 0.0533
Car -1 -1 1.7340 433.1621 179.5932 464.7086 203.3918 1.6347 1.6178 3.9995 -11.7001 2.1465 52.7583 1.5164 0.0507
Car -1 -1 1.7888 409.6909 182.2763 438.6182 201.1586 1.6276 1.6648 4.4325 -17.0874 2.5275 66.6737 1.5385 0.0502