Car -1 -1 2.0236 223.3363 186.9428 293.7026 220.6422 1.4562 1.5335 3.7616 -16.7611 2.1694 34.6394 1.5756 0.9369
Car -1 -1 1.7517 182.3228 186.0551 233.1997 218.1619 1.4669 1.5899 3.7904 -20.3651 2.1759 36.7009 1.2480 0.2582
Car -1 -1 1.5960 203.8059 176.0195 238.9126 204.8565 1.5153 1.6225 4.0324 -21.7671 1.7027 40.5559 1.1059 0.1912
Car -1 -1 1.8698 159.6272 187.9337 228.0962 223.2127 1.4766 1.6399 4.1984 -19.6730 2.2406 34.3304 1.3525 0.1816
Car -1 -1 0.5853 131.1223 187.3190 229.8306 218.3110 1.4623 1.6100 3.9874 -21.2428 2.1982 35.8019 0.0528 0.1602
Car -1 -1 2.1798 178.5481 180.9869 243.9851 208.1686 1.5006 1.5390 3.7380 -23.6206 2.0064 42.9364 1.6793 0.1077
Car -1 -1 1.3633 245.8553 189.8338 318.1419 234.8139 1.4720 1.6549 4.3718 -12.5777 2.1737 27.5650 0.9385 0.1052
Car -1 -1 1.4360 278.0620 186.2904 314.9145 213.1433 1.5308 1.6170 3.9104 -19.6955 2.4137 45.3185 1.0278 0.0843
Car -1 -1 1.4852 272.7577 190.1590 311.6021 219.8773 1.5047 1.6835 4.4186 -18.3421 2.5588 41.6053 1.0719 0.0743
Car -1 -1 3.5298 283.1646 187.7874 351.9614 213.0980 1.4851 1.6345 3.5461 -17.8249 2.4158 44.1412 3.1478 0.0637
Car -1 -1 2.8738 123.2281 187.9669 229.6837 222.4950 1.4834 1.6121 4.1294 -20.8414 2.2559 34.8352 2.3378 0.0580
Car -1 -1 5.3461 285.8168 187.3511 347.4191 213.4378 1.4888 1.6255 3.8629 -18.4247 2.4458 45.5569 4.9635 0.0552
Car -1 -1 1.7287 185.8397 178.0584 236.5324 210.8268 1.5929 1.6727 4.2899 -20.9590 1.8844 38.1075 1.2286 0.0533