Car -1 -1 4.5729 693.0935 178.6616 808.1938 269.7227 1.5427 1.6725 4.0364 2.6785 1.6762 14.5341 4.7505 0.9687
Car -1 -1 4.5931 669.4054 181.5732 745.2206 238.1235 1.4036 1.6401 4.0722 2.6810 1.6770 20.5812 4.7200 0.9473
Car -1 -1 4.5603 647.5721 175.9366 698.2750 217.1375 1.5731 1.5504 3.4931 2.5412 1.7073 29.6131 4.6444 0.8996
Car -1 -1 0.5162 101.7947 194.6591 371.6735 295.8985 1.5193 1.6000 3.7323 -6.1329 1.9129 12.1205 0.0560 0.8843
Car -1 -1 3.4762 198.2235 189.9286 406.5919 270.7130 1.5010 1.5267 3.5816 -6.1039 1.8676 14.6306 3.0868 0.8830
Car -1 -1 4.1112 865.7885 194.0988 1242.0000 375.0000 1.4251 1.5754 3.7968 2.7634 1.5895 3.6833 4.7163 0.8766
Car -1 -1 3.8296 0.0000 152.9002 220.1491 375.0000 1.8728 1.7653 4.2700 -6.4048 1.7051 7.0151 3.1084 0.8191
Car -1 -1 4.6614 636.4230 177.9407 664.5361 205.3776 1.5574 1.5072 3.3932 2.4217 1.8745 43.2858 4.7163 0.8011
Car -1 -1 0.6977 0.0000 205.0515 310.3566 333.1310 1.4494 1.5811 3.9559 -6.3200 1.9308 9.7400 0.1341 0.6758
Car -1 -1 0.2515 392.4261 179.7627 509.5112 218.4338 1.4393 1.6267 4.1730 -6.1097 1.7166 28.0676 0.0387 0.5778
Car -1 -1 -0.1088 739.9748 167.0104 825.1581 198.9952 1.5032 1.6614 3.8524 8.3226 1.2286 34.9708 0.1226 0.5522
Car -1 -1 0.1794 449.3882 183.8585 527.4107 213.8867 1.5451 1.6752 3.8811 -6.4427 2.1475 38.6283 0.0147 0.5278
Car -1 -1 3.4317 411.8337 165.3084 498.6529 197.5035 1.4415 1.6093 3.6018 -7.0729 1.1036 33.2548 3.2234 0.5157
Car -1 -1 1.6902 493.8713 178.2239 530.3547 208.7094 1.5650 1.5457 3.7151 -5.2964 1.8734 39.5665 1.5575 0.3465
Car -1 -1 0.9714 679.1899 169.8617 739.2258 196.3745 1.4331 1.5866 3.6570 5.6078 1.2713 40.9902 1.1061 0.2691
Car -1 -1 3.2261 462.9188 180.8198 531.6994 207.8223 1.4712 1.6020 3.7177 -6.3009 1.9317 40.7855 3.0733 0.2464
Car -1 -1 2.0476 36.6382 140.1688 138.1167 189.0870 1.7373 1.6480 3.6022 -19.7862 0.5765 27.5247 1.4288 0.2369
Car -1 -1 1.6686 450.8447 175.1079 503.6566 213.9270 1.4385 1.6660 4.4441 -5.2863 1.5371 29.2841 1.4911 0.2325
Car -1 -1 5.1621 147.0594 151.1605 231.0253 193.6003 1.7504 1.6881 3.8000 -18.3701 0.8557 31.7153 4.6406 0.2082
Car -1 -1 1.5154 682.8151 173.0107 709.4590 196.6913 1.5612 1.5945 3.9894 5.9184 1.5725 49.6378 1.6330 0.1917
Car -1 -1 0.0906 340.5071 176.5545 397.2123 194.1471 1.4328 1.6103 4.3869 -20.1607 1.7501 60.5861 -0.2296 0.1857
Car -1 -1 4.8602 453.3452 163.6488 501.4059 197.5113 1.5259 1.6746 4.0559 -6.2642 1.1111 34.5669 4.6819 0.1751
Car -1 -1 4.6878 503.0137 180.8710 531.8539 208.3289 1.4775 1.5688 3.5881 -5.3731 1.9633 41.8238 4.5603 0.1634
Car -1 -1 4.8501 306.7124 188.8982 420.9935 286.1111 1.7500 1.7700 4.3044 -5.2730 2.1566 16.0135 4.5361 0.1598
Car -1 -1 1.5149 529.4073 171.4833 550.7241 192.3273 1.6338 1.5067 3.8944 -5.6701 1.5264 58.5943 1.4186 0.1552
Car -1 -1 4.5260 431.5039 167.8408 461.8265 188.6476 1.6301 1.6845 4.0634 -13.2903 1.2373 58.7266 4.3042 0.1378
Car -1 -1 1.6969 541.6302 177.3472 563.7197 195.1062 1.5037 1.5035 3.6304 -5.0089 1.9130 63.8793 1.6186 0.1360
Car -1 -1 3.8943 77.1822 166.1303 225.9678 212.3331 1.4609 1.6558 4.1952 -15.2106 1.2483 24.0303 3.3348 0.1321
Car -1 -1 4.3792 515.1979 169.1229 549.7711 189.5200 1.6732 1.6749 4.1014 -6.5948 1.3671 61.4013 4.2724 0.1212
Car -1 -1 4.7497 416.1369 158.2396 447.1246 186.3237 1.6284 1.6805 3.8059 -10.7744 0.7810 43.8696 4.5101 0.1164
Car -1 -1 4.8577 78.9313 164.9339 125.8170 194.1228 1.6311 1.6939 3.9107 -29.7681 1.1885 42.4474 4.2489 0.1140
Car -1 -1 1.5845 479.9946 181.1927 512.1351 213.0455 1.6055 1.6534 3.9553 -6.1851 2.0863 39.5285 1.4298 0.1128
Car -1 -1 4.9880 399.2929 176.1272 474.7309 220.5830 1.4088 1.5536 3.8173 -5.9032 1.5315 25.0944 4.7588 0.1090
Car -1 -1 0.8129 0.0000 0.0000 1242.0000 375.0000 1.5395 1.6180 4.3001 2.7245 1.6221 2.1896 1.6424 0.1068
Car -1 -1 -0.2416 644.1088 169.9479 694.3365 187.0809 1.4940 1.6386 4.1727 5.2804 1.2406 64.0584 -0.1600 0.1031
Car -1 -1 3.7573 83.1386 142.6711 232.5530 185.8512 1.5400 1.6867 4.5610 -16.6540 0.4635 26.7176 3.2043 0.1013
Car -1 -1 3.6389 388.2447 158.6942 462.8134 185.7166 1.5607 1.6495 4.0011 -10.9427 0.7429 42.9654 3.3908 0.0925
Car -1 -1 1.8992 121.8560 150.7255 199.1843 195.8759 1.8515 1.7063 3.8652 -19.5928 0.9441 31.6611 1.3487 0.0873
Car -1 -1 3.8631 131.5526 152.5205 257.2193 195.9011 1.5070 1.5611 3.9095 -15.0587 0.8006 26.2263 3.3461 0.0848
Car -1 -1 5.2156 133.8918 156.5672 213.0679 199.4863 1.8488 1.5958 3.4710 -19.7529 1.1472 32.8431 4.6775 0.0846
Car -1 -1 4.3054 471.7032 161.0326 512.6600 185.8732 2.0420 1.8629 4.4051 -10.0706 1.0702 61.6693 4.1439 0.0844
Car -1 -1 -0.0482 498.6777 169.8647 549.4937 189.2643 1.5865 1.6459 4.1330 -7.1431 1.3420 60.1602 -0.1661 0.0821
Car -1 -1 0.4030 31.1702 165.4406 126.6890 193.7002 1.5657 1.6675 4.0712 -30.2485 1.1549 41.2455 -0.2269 0.0771
Car -1 -1 4.7815 446.9395 174.4164 500.2617 220.7934 1.4573 1.5296 3.6868 -4.5871 1.5150 24.7202 4.5994 0.0768
Car -1 -1 3.7622 111.1892 152.5700 225.0015 190.8489 1.5939 1.6493 3.9570 -18.9249 0.7493 31.0177 3.2181 0.0763
Car -1 -1 5.1007 489.3652 162.5139 527.3890 185.0775 1.8395 1.6948 4.2688 -8.5195 0.9965 61.1023 4.9625 0.0739
Car -1 -1 5.1063 135.5845 172.1256 236.1772 220.1702 1.4735 1.5917 3.6373 -13.9805 1.4512 24.0354 4.5840 0.0711
Car -1 -1 2.0325 491.5832 174.5053 540.0193 199.4354 1.5878 1.5900 4.0285 -6.2348 1.7036 48.4056 1.9047 0.0706
Car -1 -1 2.4113 697.2621 167.9437 771.0564 195.1046 1.4799 1.6349 4.0977 7.1171 1.2124 41.0964 2.5813 0.0696
Car -1 -1 3.3771 1.1195 166.9527 101.9915 196.8123 1.5955 1.6679 4.1642 -30.9473 1.2802 40.1623 2.7237 0.0684
Car -1 -1 4.6064 517.0015 175.2533 545.4203 198.7605 1.5995 1.6106 3.9507 -5.6405 1.7782 51.6264 4.4977 0.0682
Car -1 -1 -0.0679 499.7739 179.1945 581.5994 207.9837 1.4750 1.6456 4.2590 -3.7142 1.8246 38.6354 -0.1636 0.0681
Car -1 -1 3.1595 478.1847 178.4206 550.2257 207.5513 1.5165 1.5685 3.7772 -5.1195 1.8245 38.9323 3.0291 0.0676
Car -1 -1 4.7892 490.9879 181.3781 534.8021 217.0627 1.4329 1.6211 3.7974 -4.2067 1.8320 31.8399 4.6584 0.0670
Car -1 -1 4.7065 338.1661 191.8090 411.2544 262.9249 1.4880 1.5802 3.6770 -5.8996 2.0173 18.1531 4.3959 0.0652
Car -1 -1 1.7304 526.3471 172.9653 556.0195 193.4823 1.5446 1.6423 4.3471 -5.3172 1.5537 56.5691 1.6368 0.0642
Car -1 -1 3.1686 207.7491 192.1688 394.4116 266.9862 1.5189 1.6158 3.8267 -7.0732 2.0079 16.8299 2.7758 0.0633
Car -1 -1 2.4183 0.0000 150.5594 169.6549 375.0000 1.8345 1.7774 4.3136 -6.5124 1.6931 6.8118 1.6749 0.0618
Car -1 -1 0.3196 325.9217 177.6006 456.9578 221.9620 1.4052 1.5596 3.8542 -7.1521 1.5678 23.8751 0.0312 0.0615
Car -1 -1 3.4293 0.0000 145.2178 120.7985 192.9843 1.6406 1.6154 3.6631 -20.1164 0.6914 26.1870 2.7791 0.0601
Car -1 -1 5.0759 714.9977 168.4095 765.7328 196.4231 1.6513 1.6810 4.3047 8.1728 1.3893 44.8085 5.2548 0.0588
Car -1 -1 2.2906 515.1630 178.5488 591.0533 208.4203 1.4761 1.6413 4.2781 -2.9636 1.7989 38.6987 2.2141 0.0582
Car -1 -1 3.4711 476.6698 163.4492 532.3208 183.6073 1.6533 1.6986 4.2918 -8.7795 0.8820 60.4102 3.3272 0.0577
Car -1 -1 -0.0732 619.5854 178.4188 680.9364 205.4306 1.5762 1.5582 3.5650 2.4080 1.9160 43.2492 -0.0185 0.0563
Car -1 -1 -0.1562 690.4591 168.8641 760.5083 194.5336 1.4249 1.5790 3.7123 6.5237 1.2034 40.8438 0.0008 0.0553
Car -1 -1 2.0517 0.0000 199.2042 239.8499 360.8987 1.4593 1.6166 4.2463 -6.5251 1.8839 9.4288 1.4591 0.0550
Car -1 -1 0.4535 465.0068 178.5139 544.2671 208.7254 1.5878 1.6345 4.0206 -5.7832 1.9112 39.8332 0.3098 0.0549
Car -1 -1 4.5635 742.9454 165.7451 789.2095 197.4242 1.5066 1.6752 4.1202 7.8334 1.1685 36.4230 4.7733 0.0547
Car -1 -1 4.7205 348.4790 175.3892 369.3055 194.6069 1.5618 1.6216 4.0228 -21.2984 1.7851 61.3763 4.3876 0.0533
Car -1 -1 3.7497 423.1199 178.8406 506.5390 209.9632 1.4786 1.6354 3.8890 -7.3015 1.7932 36.3930 3.5527 0.0528
Car -1 -1 0.8787 689.6738 169.1056 758.0328 196.8992 1.4561 1.6126 3.8937 6.2583 1.2597 39.8850 1.0328 0.0524
Car -1 -1 4.6740 472.5669 161.1595 494.5983 182.9122 1.8382 1.7413 4.2050 -11.0648 0.8499 63.2102 4.5012 0.0521
Car -1 -1 5.2543 76.4940 152.8262 169.8052 191.8359 1.5132 1.5652 3.5675 -19.9755 0.7363 29.8058 4.6679 0.0520
Car -1 -1 3.3930 360.9760 163.4262 439.7022 191.1908 1.6023 1.6763 4.1701 -12.2849 1.0582 42.5357 3.1132 0.0518
Car -1 -1 4.8321 729.6071 166.6420 762.5865 191.7393 1.5366 1.6238 3.9306 8.7980 1.1563 46.2965 5.0185 0.0516