Car -1 -1 1.9849 295.9628 190.3737 366.2379 224.8316 1.5000 1.7114 4.1228 -13.6598 2.4167 35.6494 1.6210 0.8618
Car -1 -1 1.7417 272.8492 194.8666 311.9235 221.5630 1.5208 1.6615 3.9199 -20.4586 3.0088 46.6707 1.3303 0.2728
Car -1 -1 1.4128 348.6202 194.1557 378.3091 215.9316 1.5281 1.6360 3.7797 -19.3664 3.2628 56.7036 1.0847 0.2188
Car -1 -1 1.9018 256.8997 196.3208 306.7970 223.7059 1.5099 1.7305 3.6394 -20.3354 3.0323 44.9175 1.4785 0.2031
Car -1 -1 0.4656 234.0646 193.9888 307.1035 218.9000 1.4814 1.7016 3.7955 -21.2649 2.8363 45.3498 0.0290 0.1086
Car -1 -1 1.8222 328.0535 183.6187 371.4742 209.3425 1.5129 1.6652 4.0030 -16.5856 2.2336 46.2365 1.4793 0.0822
Car -1 -1 1.0985 322.1919 192.9195 366.5861 214.0679 1.4802 1.7731 3.6387 -20.5872 3.0892 55.9696 0.7472 0.0814
Car -1 -1 1.4920 331.1353 195.4794 370.6824 226.7438 1.4823 1.7330 4.0272 -14.2268 2.7920 39.5741 1.1485 0.0759
Car -1 -1 1.5469 342.8214 192.7071 367.9030 214.3615 1.4871 1.7248 3.5139 -19.4255 3.0561 55.0733 1.2089 0.0748
Car -1 -1 2.1049 310.5787 181.5210 370.1590 207.8960 1.5015 1.6069 4.0468 -16.5678 2.0630 44.6126 1.7509 0.0696
Car -1 -1 1.6056 290.6897 191.5353 332.6450 229.1362 1.5646 1.6931 4.0256 -14.1279 2.5111 34.3733 1.2179 0.0641
Car -1 -1 1.7511 322.9567 182.1992 355.2006 204.3568 1.5447 1.5497 4.1246 -20.3045 2.2759 54.2937 1.3945 0.0613
Car -1 -1 0.0086 577.1137 169.3495 624.0581 191.0167 1.7861 1.7755 3.8702 -0.7431 1.4972 60.3750 -0.0040 0.0587
Car -1 -1 3.3099 283.6201 189.8301 379.9967 222.7704 1.5094 1.6459 4.2091 -13.5962 2.3740 35.5309 2.9465 0.0549
Car -1 -1 1.6626 264.8143 188.8178 301.4276 216.6977 1.5132 1.6537 3.9936 -19.7560 2.5297 43.7882 1.2408 0.0547
Car -1 -1 1.6769 295.0874 191.4182 332.5357 219.9179 1.6158 1.7864 3.8979 -18.7135 2.8484 45.7896 1.2906 0.0546
Car -1 -1 1.8752 290.2760 193.5262 336.7530 219.3081 1.4987 1.6614 4.1162 -19.4046 2.9192 47.4604 1.4886 0.0503