Car -1 -1 2.5432 945.7298 175.3819 1155.8536 244.9976 1.4314 1.4984 3.7322 9.5472 1.4896 15.7626 3.0790 0.9449
Car -1 -1 1.2719 104.0865 188.6010 205.7769 237.1642 1.3788 1.6783 4.2363 -15.0586 1.9426 23.8156 0.7129 0.6452
Car -1 -1 2.4694 1019.3244 158.5950 1168.2075 203.0639 1.5063 1.6425 4.2780 17.0122 1.0233 25.4473 3.0532 0.4831
Car -1 -1 3.7395 0.0000 189.7211 85.9218 296.3763 1.8826 1.7085 4.1103 -13.0535 2.2412 14.2159 3.0060 0.4177
Car -1 -1 2.2329 0.0000 191.9691 86.8113 295.0234 1.6413 1.6090 3.4175 -12.0477 2.0552 13.8799 1.5275 0.4122
Car -1 -1 4.9981 271.7218 177.2766 359.4612 223.1362 1.4296 1.6595 4.2909 -10.1053 1.5973 25.1336 4.6191 0.2403
Car -1 -1 1.7415 10.1042 174.0408 68.1015 208.8864 1.5535 1.5393 3.6998 -27.0352 1.6131 34.2966 1.0776 0.2045
Car -1 -1 2.8508 801.0881 130.0300 925.4184 171.4561 1.5575 1.6478 4.2732 9.8019 -0.0562 28.1015 3.1834 0.1437
Car -1 -1 4.8359 7.7387 173.6808 51.8550 201.6575 1.6308 1.6160 4.0162 -35.5469 1.6841 44.3207 4.1627 0.1359
Car -1 -1 3.9314 11.5257 178.0885 111.8984 211.3914 1.4715 1.4669 3.7538 -25.1700 1.7195 33.1916 3.2863 0.1357
Car -1 -1 2.5700 0.0000 186.2819 71.7093 309.1636 1.9113 1.7474 4.3153 -13.2411 2.2154 14.0343 1.8231 0.1218
Car -1 -1 4.7857 104.9195 184.5148 155.9030 220.8446 1.4878 1.6415 3.9156 -21.8484 2.0554 33.0132 4.2046 0.1214
Car -1 -1 2.3342 135.8747 184.3827 240.7353 223.7526 1.5441 1.6365 4.0302 -18.3865 2.0852 31.7122 1.8121 0.1196
Car -1 -1 4.9680 228.3575 173.7548 312.4362 220.5952 1.4748 1.6656 3.8934 -11.5656 1.5084 24.8604 4.5363 0.1083
Car -1 -1 0.7946 0.0000 176.0487 59.5656 210.5578 1.5341 1.6360 3.2873 -27.5505 1.6857 33.2467 0.1064 0.0956
Car -1 -1 1.5166 254.3096 176.3338 296.1702 210.0911 1.4459 1.5584 3.8606 -15.5162 1.6170 33.4034 1.0845 0.0940
Car -1 -1 3.7317 193.2665 175.7322 295.7540 209.2687 1.4607 1.5832 3.9219 -16.4723 1.5949 32.6341 3.2673 0.0931
Car -1 -1 3.8750 0.0000 189.8844 81.2552 285.8109 1.6323 1.6425 4.0744 -12.4576 1.9683 13.4056 3.1361 0.0921
Car -1 -1 0.4303 181.3877 193.5292 300.2330 233.1627 1.4800 1.5605 3.9142 -14.5896 2.3264 28.6851 -0.0368 0.0832
Car -1 -1 0.6912 108.0706 183.2375 220.0356 219.6803 1.5411 1.6667 4.1591 -19.8842 2.0216 32.2708 0.1425 0.0820
Car -1 -1 1.7479 23.4471 191.0437 114.8132 244.3801 1.4451 1.6394 3.9771 -17.2101 2.0830 23.1590 1.1141 0.0781
Car -1 -1 0.5452 262.9680 175.8331 390.1068 221.5649 1.4192 1.5175 3.6094 -9.2166 1.5210 23.5936 0.1763 0.0710
Car -1 -1 3.7537 45.7475 180.4657 166.9238 215.6393 1.5134 1.6302 4.2886 -22.4174 1.8623 32.2388 3.1498 0.0690
Car -1 -1 4.2596 821.2581 134.3447 904.1001 175.7178 1.5595 1.6284 3.8467 10.1413 0.1079 29.2048 4.5908 0.0667
Car -1 -1 1.7804 48.2686 174.0448 115.6895 211.6879 1.5676 1.6166 4.0292 -23.5558 1.6246 32.3544 1.1548 0.0658
Car -1 -1 3.2326 159.2463 180.9245 273.5966 218.6199 1.5327 1.6726 4.2588 -17.1046 1.9043 31.6255 2.7400 0.0616
Car -1 -1 2.5594 91.1723 186.1640 210.2943 225.1451 1.4583 1.6433 4.0235 -19.3661 2.0637 30.6478 1.9996 0.0585
Car -1 -1 1.7122 251.8639 174.0871 320.6378 220.5597 1.4145 1.5456 3.8569 -10.7170 1.4593 24.1372 1.2981 0.0582
Car -1 -1 2.2195 0.0000 177.8036 66.8095 213.1597 1.5199 1.6074 3.4294 -27.0638 1.7598 33.2426 1.5400 0.0578
Car -1 -1 4.7304 249.2274 191.0941 295.7158 232.5805 1.4857 1.6362 3.8860 -13.8629 2.2923 29.8004 4.2980 0.0570
Car -1 -1 1.8604 268.5117 175.1420 352.8263 222.2961 1.4167 1.5377 3.7559 -9.7492 1.4984 23.8091 1.4753 0.0568
Car -1 -1 4.5533 811.4955 176.7482 893.9744 236.9531 1.4691 1.5605 3.5591 6.5419 1.5858 19.7294 4.8684 0.0555
Car -1 -1 4.9701 28.5614 177.4566 97.2242 212.7297 1.4756 1.5175 3.9410 -24.7852 1.6986 32.8462 4.3275 0.0549
Car -1 -1 4.2220 0.0000 176.5240 36.0192 203.6411 1.5558 1.6132 3.8909 -36.5198 1.7834 43.2716 3.5240 0.0535
Car -1 -1 2.3495 0.0000 190.7939 49.7813 307.1920 1.6618 1.6693 4.1416 -12.5816 2.0377 13.0326 1.5919 0.0532
Car -1 -1 1.9242 10.4495 174.9567 86.4308 209.3093 1.4928 1.5478 3.8415 -26.0771 1.5970 33.6721 1.2689 0.0531
Car -1 -1 2.3911 0.0000 177.2219 42.2126 214.0893 1.5337 1.6717 3.8265 -28.0086 1.7424 32.4837 1.6835 0.0521
Car -1 -1 5.2361 0.0000 191.9884 125.4269 287.5330 1.6519 1.7000 3.9834 -12.2997 2.1159 15.4047 4.5706 0.0521
Car -1 -1 0.6813 4.7760 173.6306 107.7214 206.8676 1.5298 1.4943 3.7592 -26.0652 1.5673 34.0539 0.0317 0.0519
Car -1 -1 2.0346 0.0000 181.1013 89.8362 218.2222 1.4523 1.5654 3.7333 -24.2312 1.8303 31.0919 1.3766 0.0503