Car -1 -1 3.7037 793.3941 184.2132 931.8812 239.5082 1.4328 1.5574 3.5837 7.4027 1.7986 21.3526 4.0324 0.9312
Car -1 -1 1.8471 333.5397 183.6310 375.4605 208.0869 1.5505 1.6821 3.9972 -17.4720 2.3218 49.5949 1.5097 0.6681
Car -1 -1 1.7161 386.8135 183.4550 416.9393 203.4605 1.5266 1.8008 4.1543 -17.0944 2.4335 59.5478 1.4374 0.2955
Car -1 -1 1.6784 168.6140 188.8996 203.8571 215.2108 1.5875 1.6252 3.6951 -28.1209 2.7002 48.0149 1.1507 0.1459
Car -1 -1 1.8139 324.6678 181.6309 367.3434 209.6317 1.7209 1.7091 4.1045 -17.4005 2.3284 47.8102 1.4663 0.1198
Car -1 -1 4.7954 191.2376 175.2120 228.0260 203.6849 1.6538 1.6540 3.8216 -24.5215 1.8055 44.3367 4.2926 0.1171
Car -1 -1 1.5263 324.1254 189.4110 346.7257 209.0442 1.5082 1.6188 4.0285 -23.2973 2.9636 61.2568 1.1639 0.0920
Car -1 -1 1.5914 352.8103 179.0570 376.8837 201.3984 1.5049 1.5512 3.8079 -17.5300 1.9677 51.7883 1.2663 0.0718
Car -1 -1 0.3840 319.7307 183.8701 384.4821 207.7417 1.5683 1.6640 3.8087 -17.5067 2.3327 49.1584 0.0433 0.0717
Car -1 -1 1.9129 376.9814 183.5516 416.8893 205.7212 1.6272 1.6677 4.3652 -16.8367 2.5103 57.3354 1.6281 0.0660
Car -1 -1 1.8679 331.1897 181.7073 377.6439 208.8600 1.5148 1.5894 3.7820 -15.2940 2.0712 43.4261 1.5309 0.0607
Car -1 -1 0.9909 689.2043 186.7058 790.8969 232.0139 1.4371 1.6173 4.2099 4.6820 1.9894 26.5168 1.1630 0.0588
Car -1 -1 1.5339 326.2015 184.2370 354.9626 208.2347 1.5087 1.7089 4.1629 -18.5763 2.3290 49.7460 1.1779 0.0567
Car -1 -1 1.5338 148.0492 190.5677 180.4136 216.4444 1.5166 1.6665 3.6824 -29.0401 2.7197 47.0130 0.9828 0.0539
Car -1 -1 1.9337 390.1214 182.6338 429.3745 202.7987 1.5296 1.7405 4.1038 -16.2627 2.3570 58.9187 1.6651 0.0536
Car -1 -1 1.4210 296.4301 187.0206 325.5121 206.4251 1.4776 1.6751 3.9335 -24.9180 2.7003 60.1532 1.0295 0.0534
Car -1 -1 1.3564 372.4594 184.3944 403.3474 204.3711 1.5066 1.6015 4.0047 -18.1613 2.4848 59.0248 1.0588 0.0524
Car -1 -1 3.2460 683.7036 187.5547 807.6882 233.4275 1.4434 1.6137 4.0650 4.7190 1.9788 24.9226 3.4302 0.0519
Car -1 -1 3.9804 867.3079 187.3088 1003.4243 244.8811 1.5036 1.5929 3.8471 9.7689 1.9852 21.9637 4.3932 0.0510
Car -1 -1 1.8175 421.3359 178.9015 460.8504 204.9543 1.6326 1.6074 4.1273 -11.2117 2.0545 48.2597 1.5901 0.0502