Car -1 -1 4.6713 595.0128 175.6693 624.5164 201.8252 1.6019 1.7305 4.5172 -0.0320 1.7941 46.9762 4.6702 0.7879
Car -1 -1 1.7991 388.4867 188.7374 428.5648 216.4928 1.4423 1.4542 3.4683 -11.4510 2.3897 41.2751 1.5297 0.1996
Car -1 -1 1.8201 383.4124 177.4966 426.9842 203.5626 1.6222 1.7653 4.2972 -13.4860 1.9440 47.8463 1.5465 0.1820
Car -1 -1 1.9706 38.1567 197.7375 142.8643 247.6561 1.5138 1.6589 3.8883 -18.5724 2.4830 26.0272 1.3554 0.1638
Car -1 -1 1.7574 365.8355 186.9750 394.8554 206.8345 1.5306 1.6243 3.8670 -19.1772 2.7540 60.4951 1.4513 0.1347
Car -1 -1 1.2009 340.4535 187.4506 377.6616 207.1003 1.4810 1.6516 3.7288 -20.5908 2.7190 59.2433 0.8674 0.0943
Car -1 -1 -0.1756 633.5633 170.1658 680.8902 186.3310 1.5148 1.7121 4.2619 4.5183 1.2629 68.6994 -0.1105 0.0922
Car -1 -1 5.3620 169.3335 202.8878 264.5056 242.3317 1.4517 1.7011 3.7982 -17.0940 2.8517 31.6241 4.8696 0.0919
Car -1 -1 2.0668 103.3600 205.0240 195.8822 246.9860 1.4461 1.6933 3.5353 -18.6710 2.8413 29.4734 1.5059 0.0907
Car -1 -1 4.0377 173.1024 198.2917 281.5175 238.4047 1.4753 1.7488 4.2633 -16.0508 2.6015 30.2902 3.5536 0.0851
Car -1 -1 1.5511 157.9220 204.1669 206.5156 245.0525 1.4630 1.7064 3.8218 -18.4248 2.9015 31.0716 1.0193 0.0741
Car -1 -1 1.5302 408.8897 181.2878 431.3426 201.9558 1.5903 1.6282 4.0558 -15.6415 2.3109 59.4735 1.2738 0.0683
Car -1 -1 1.6202 131.5323 203.8298 187.0857 248.4520 1.4705 1.6666 3.6796 -17.7617 2.7843 28.5878 1.0682 0.0651
Car -1 -1 5.2853 63.6467 180.1682 190.9780 235.2701 1.7081 1.6565 4.1526 -16.5264 1.9827 25.0016 4.7059 0.0628