Car -1 -1 4.9281 379.1721 186.5779 473.2800 246.7760 1.3829 1.5643 3.6627 -4.5226 1.4214 18.4457 4.6907 0.9643
Car -1 -1 5.1790 61.6586 188.2186 362.0268 332.9289 1.4412 1.6347 3.9964 -4.6710 1.4882 9.2490 4.7228 0.9551
Car -1 -1 5.2767 9.4635 180.0042 182.7411 251.0044 1.5319 1.6923 3.6406 -12.1205 1.4195 17.3614 4.6743 0.9431
Car -1 -1 5.0178 316.8924 180.3193 398.9226 224.0384 1.4916 1.6585 4.2156 -9.1210 1.3246 26.6517 4.6909 0.8616
Car -1 -1 4.7034 574.6211 176.6468 610.3082 209.4440 1.5041 1.6376 3.7119 -0.7315 1.1111 34.8468 4.6821 0.8571
Car -1 -1 4.8973 426.3073 180.2540 491.3732 224.6500 1.5229 1.6527 3.9089 -5.4057 1.3527 26.6250 4.6986 0.7364
Car -1 -1 2.0358 125.0055 187.9138 287.9922 263.1910 1.4257 1.5371 3.7413 -8.5035 1.4915 15.6398 1.5447 0.4238
Car -1 -1 4.9650 327.5599 178.4230 380.7669 210.3730 1.4918 1.6400 3.4815 -12.3821 1.1746 35.3670 4.6303 0.3084
Car -1 -1 4.8352 486.6446 163.1166 532.5737 204.3778 1.8522 1.6764 4.0722 -4.5926 0.8602 34.3129 4.7028 0.2699
Car -1 -1 2.3668 79.1631 167.9076 201.3469 209.4244 1.3958 1.5532 3.6756 -16.8378 0.8139 26.1332 1.7990 0.2657
Car -1 -1 5.0033 406.8335 174.0230 458.1691 204.2089 1.4670 1.5730 3.6138 -8.8760 0.9230 36.7833 4.7679 0.2413
Car -1 -1 2.1203 0.0000 215.1112 98.8354 376.0000 1.4413 1.6534 3.9789 -7.9194 1.8810 8.4650 1.3836 0.1872
Car -1 -1 4.0375 52.3006 166.6086 171.0179 209.3526 1.4688 1.5886 3.6893 -17.9066 0.8294 26.0027 3.4392 0.1867
Car -1 -1 3.3612 437.9900 169.9672 499.1488 193.9817 1.6482 1.6802 3.9240 -9.6546 0.6016 50.2376 3.1720 0.1716
Car -1 -1 1.4608 394.2890 176.2449 423.9891 200.2434 1.5806 1.5578 3.8403 -13.6458 0.9897 49.4164 1.1924 0.1668
Car -1 -1 1.9564 303.3656 184.9554 376.0937 219.2652 1.4836 1.6299 4.3282 -12.2729 1.4724 33.2758 1.6053 0.1544
Car -1 -1 0.2146 395.8510 176.2338 483.6869 205.5641 1.4281 1.5293 4.0239 -8.2871 0.9907 35.7885 -0.0116 0.1427
Car -1 -1 4.9991 318.1057 172.6465 361.1534 197.7751 1.5725 1.5858 3.9143 -17.4297 0.7859 46.9893 4.6455 0.1419
Car -1 -1 4.8476 462.8873 168.9777 494.3235 192.1189 1.5901 1.6692 4.1316 -9.1651 0.4743 51.4933 4.6721 0.1373
Car -1 -1 1.6419 504.2378 166.1669 541.4972 199.0028 1.6665 1.6829 4.2666 -4.4778 0.6997 38.6514 1.5271 0.1281
Car -1 -1 3.3568 63.0574 191.3357 299.1195 268.6752 1.4684 1.5956 4.0418 -8.8019 1.6097 15.2265 2.8400 0.1098
Car -1 -1 0.0800 358.4331 174.9038 448.2505 205.6674 1.4697 1.5741 4.1519 -9.9975 0.9771 35.5127 -0.1927 0.0913
Car -1 -1 0.1895 394.9692 178.8172 455.1685 201.1461 1.4724 1.5448 3.6929 -12.1947 1.0505 48.2783 -0.0570 0.0862
Car -1 -1 1.6260 401.6393 178.7503 438.7683 210.6604 1.4607 1.5253 3.8580 -9.0377 1.1648 34.9470 1.3745 0.0801
Car -1 -1 3.4140 359.4899 177.5482 422.2728 200.5231 1.5176 1.6185 3.7434 -14.5055 1.0111 48.3277 3.1236 0.0799
Car -1 -1 3.5439 282.7832 173.7081 353.8901 198.0105 1.5201 1.5650 3.9017 -18.3630 0.8003 45.7896 3.1643 0.0788
Car -1 -1 4.7508 564.3185 179.1958 600.2853 212.4040 1.5610 1.6311 4.1008 -1.1900 1.2781 35.8464 4.7174 0.0769
Car -1 -1 4.9720 505.6204 173.2912 550.4433 201.1633 1.5012 1.5951 3.8043 -4.4290 0.8589 40.7178 4.8640 0.0745
Car -1 -1 2.3921 32.2397 169.9099 176.9081 217.2631 1.4854 1.5982 4.0572 -17.0915 1.0053 24.7042 1.7919 0.0725
Car -1 -1 0.4618 148.7509 189.6497 376.8535 264.3063 1.5178 1.6421 4.1743 -7.3513 1.6194 15.5973 0.0277 0.0684
Car -1 -1 5.0241 0.0000 220.3107 169.2365 376.0000 1.4721 1.6245 3.9019 -7.1878 2.0364 9.4504 4.3869 0.0680
Car -1 -1 -0.3031 414.3784 177.4722 506.3411 209.6659 1.5481 1.6484 4.2543 -7.3985 1.1758 36.3161 -0.5030 0.0669
Car -1 -1 0.6194 0.0000 205.5763 71.7773 359.4855 1.4944 1.6522 4.1776 -9.1195 1.7689 8.4948 -0.1859 0.0624
Car -1 -1 1.6029 391.6935 176.3744 420.1808 201.3364 1.5425 1.6437 3.8611 -12.9752 0.9962 46.4920 1.3319 0.0586
Car -1 -1 3.5802 295.3990 180.5090 384.5003 211.8793 1.4683 1.5554 3.7086 -12.8176 1.2480 34.5806 3.2275 0.0557
Car -1 -1 1.9778 353.2284 172.0847 397.2881 197.4689 1.8126 1.6465 4.0351 -17.1761 0.8750 53.4188 1.6679 0.0542
Car -1 -1 1.9349 265.0926 180.6931 327.1877 210.5588 1.5018 1.6285 4.2098 -16.4735 1.2744 38.2841 1.5308 0.0528
Car -1 -1 4.8345 525.4601 176.7806 559.7280 202.6304 1.4344 1.5343 3.7488 -3.7111 0.9663 41.7875 4.7462 0.0523
Car -1 -1 1.9478 357.7967 174.0084 400.3849 197.0518 1.7044 1.6974 4.1793 -17.4919 0.8754 55.3140 1.6426 0.0522
Car -1 -1 1.7404 523.3775 169.7060 564.8986 200.9085 1.6167 1.6130 3.9323 -3.3901 0.8131 39.2722 1.6546 0.0521
Car -1 -1 4.4786 201.5829 182.0829 612.5710 376.0000 1.4801 1.5868 3.8583 -1.6650 1.4685 4.7270 4.1571 0.0519
Car -1 -1 4.7765 460.4499 171.8327 489.0539 195.2970 1.5431 1.6693 4.0769 -9.0587 0.6630 49.3973 4.5958 0.0514
Car -1 -1 3.6139 39.3188 169.5798 188.3793 212.0187 1.4285 1.5756 4.0414 -17.2037 0.9022 25.2228 3.0202 0.0502