Car -1 -1 1.8980 321.8530 185.5594 367.4526 208.5148 1.4401 1.7331 4.0108 -18.1202 2.3478 49.5289 1.5487 0.7954
Car -1 -1 4.7712 593.0557 174.3232 619.0884 197.2605 1.5533 1.6197 3.8186 -0.2132 1.6612 51.0611 4.7666 0.5835
Car -1 -1 4.6766 341.0693 184.6390 379.0105 218.0782 1.4970 1.6493 3.8383 -12.4405 2.1168 35.8608 4.3446 0.1884
Car -1 -1 4.1527 290.1699 184.5164 367.1738 218.1221 1.4789 1.6376 3.9215 -13.5947 2.0717 34.8508 3.7830 0.1758
Car -1 -1 4.7796 363.2658 184.9640 402.6823 217.9797 1.4926 1.6222 3.7617 -11.2868 2.1326 36.1173 4.4784 0.1421
Car -1 -1 1.9526 303.6545 180.2773 373.7960 215.2790 1.4648 1.6008 4.0612 -12.3338 1.8267 33.1188 1.5984 0.1165
Car -1 -1 5.0536 319.4900 184.0795 382.2628 217.3320 1.4602 1.6195 3.9668 -12.4646 2.0357 35.0077 4.7136 0.1087
Car -1 -1 1.6639 590.5385 171.6696 620.8476 197.1651 1.6521 1.6620 4.3029 -0.2189 1.5753 48.9711 1.6591 0.0980
Car -1 -1 0.2340 355.2317 184.2600 445.5234 216.0217 1.4663 1.6510 3.9139 -10.0549 2.0321 34.8796 -0.0451 0.0851
Car -1 -1 1.5508 386.9958 180.4211 412.1142 203.7829 1.4754 1.5648 4.1644 -14.3579 2.0149 49.2263 1.2681 0.0745
Car -1 -1 1.8709 311.1357 181.7888 345.3039 204.6965 1.7821 1.5425 3.9036 -23.2283 2.5461 59.6940 1.5010 0.0664
Car -1 -1 1.5091 334.8334 180.5235 378.8832 217.0862 1.4849 1.6215 4.1335 -11.4148 1.8535 32.4539 1.1731 0.0640
Car -1 -1 0.4381 303.6424 186.1010 397.0967 217.8232 1.4526 1.6117 3.9382 -12.4828 2.1109 34.8603 0.0962 0.0638
Car -1 -1 1.7467 583.9473 173.3415 619.6729 200.0000 1.6515 1.6538 3.9410 -0.4585 1.6846 46.8552 1.7365 0.0622
Car -1 -1 0.6336 358.8215 182.4588 451.1731 215.6862 1.4540 1.6317 3.9806 -9.6017 1.9244 33.8818 0.3590 0.0608
Car -1 -1 0.3849 308.7409 185.9219 377.8603 208.3187 1.4785 1.6942 4.1245 -18.2713 2.3936 49.6146 0.0334 0.0582
Car -1 -1 1.3801 357.0593 184.9516 407.8807 218.7635 1.4599 1.6568 3.7008 -10.9404 2.0743 34.6232 1.0758 0.0574
Car -1 -1 3.1821 580.6520 173.8290 635.2852 196.5061 1.5398 1.6015 3.7194 -0.0825 1.6085 49.9400 3.1800 0.0542