Car -1 -1 1.9031 48.7308 188.4300 319.5968 349.2382 1.5493 1.6428 4.1064 -4.9597 1.6592 9.2607 1.4171 0.9731
Car -1 -1 3.1149 205.1076 172.6933 321.0348 216.2106 1.4600 1.5461 3.6412 -11.9819 1.1641 25.6082 2.6761 0.2548
Car -1 -1 4.7673 271.9926 170.8875 323.7859 212.6520 1.4518 1.5852 3.8659 -11.3187 1.0824 27.0568 4.3695 0.1574
Car -1 -1 1.7111 54.2387 181.3892 102.9645 210.8527 1.4401 1.5223 3.8115 -26.9157 1.4341 37.1496 1.0825 0.1467
Car -1 -1 5.0993 304.5295 171.2390 387.4245 212.0819 1.4456 1.6036 3.9626 -9.6076 1.0820 27.4432 4.7605 0.1046
Car -1 -1 1.9913 246.1680 181.7091 325.7755 220.7916 1.5450 1.6435 3.8683 -13.1811 1.5539 30.3581 1.5796 0.0968
Car -1 -1 5.0232 73.7397 179.4468 136.2744 208.9188 1.4611 1.5692 3.9577 -25.9293 1.3587 37.7330 4.4194 0.0813
Car -1 -1 0.0705 290.0438 172.2908 405.1555 212.8031 1.4309 1.5709 3.9236 -9.2761 1.1052 26.6469 -0.2665 0.0735
Car -1 -1 0.2785 233.9827 172.6195 352.4786 214.0264 1.4686 1.5330 3.7371 -11.2371 1.1532 26.4710 -0.1245 0.0674
Car -1 -1 2.3138 0.0000 182.8013 187.3455 289.8393 1.4899 1.5904 3.9561 -9.0403 1.5153 12.0997 1.6771 0.0597
Car -1 -1 3.4656 255.1765 182.8319 362.1801 219.9875 1.5760 1.6263 4.0361 -12.7111 1.6356 31.4728 3.0795 0.0589
Car -1 -1 1.4750 312.2589 211.2194 401.3044 287.9816 1.4350 1.6338 3.5297 -5.8024 2.2134 16.8784 1.1428 0.0583
Car -1 -1 0.6172 44.3681 181.1778 141.2458 210.6602 1.4812 1.5787 3.8600 -26.0078 1.4644 36.8816 0.0013 0.0540
Car -1 -1 3.1637 67.7986 178.8975 164.1041 210.0838 1.5265 1.6183 4.0305 -24.8120 1.3986 36.9322 2.5704 0.0515