Car -1 -1 1.2373 743.4814 195.1664 1067.2761 375.0000 1.4621 1.6985 3.9383 2.6159 1.7538 7.4535 1.5610 0.9606
Car -1 -1 1.4059 665.3043 183.3611 756.1661 251.4806 1.4800 1.6308 3.8434 2.4367 1.7738 18.2267 1.5357 0.9534
Car -1 -1 4.4812 686.6768 190.0241 818.6616 283.4748 1.4202 1.5988 3.4897 2.5031 1.7816 13.4045 4.6606 0.9352
Car -1 -1 1.9231 141.5698 195.8217 420.2661 373.2720 1.4499 1.5828 3.7176 -3.4001 1.7727 8.2622 1.5429 0.9278
Car -1 -1 2.7546 706.3163 175.0987 807.5483 210.4926 1.4583 1.6301 3.9444 6.3114 1.5586 31.0486 2.9527 0.8270
Car -1 -1 1.6685 785.8710 196.4537 849.7913 248.9327 1.3960 1.6245 3.2325 6.5816 2.1947 22.6165 1.9472 0.1107
Car -1 -1 1.2810 379.1683 184.9194 416.3824 207.4173 1.5417 1.6015 3.9475 -15.8168 2.4760 53.7798 0.9959 0.0887
Car -1 -1 4.5127 772.7452 176.6530 818.9072 207.0539 1.5017 1.6224 3.8038 9.7647 1.7123 38.0654 4.7614 0.0832
Car -1 -1 3.9292 703.6500 166.0581 775.1808 194.8400 1.4558 1.5895 3.7179 6.8714 1.1121 38.4755 4.1043 0.0822
Car -1 -1 0.0395 745.3207 169.8978 821.0598 200.3402 1.5108 1.5945 3.7081 8.9263 1.3640 37.0760 0.2735 0.0821
Car -1 -1 4.4918 644.9664 184.4792 686.2999 211.8583 1.4103 1.5557 3.6571 3.1160 2.0974 40.7211 4.5670 0.0769
Car -1 -1 1.6773 827.0394 185.2234 891.0389 235.9682 1.4815 1.6237 4.0582 8.4721 1.9357 24.3110 2.0081 0.0763
Car -1 -1 -0.7188 800.7817 175.7927 883.9072 205.1607 1.4341 1.6453 3.9685 11.9672 1.5914 37.0870 -0.4095 0.0756
Car -1 -1 -0.3095 661.8805 177.2950 770.7429 214.9016 1.5364 1.6754 4.3113 4.5419 1.7341 30.9383 -0.1657 0.0689
Car -1 -1 1.9384 720.4140 165.8073 779.4092 199.4445 1.6097 1.6248 3.9688 7.1785 1.2724 36.6412 2.1299 0.0671
Car -1 -1 4.9071 651.2705 186.7009 703.2873 223.8620 1.4688 1.6131 3.6927 3.0597 2.1215 32.0090 5.0008 0.0649
Car -1 -1 1.5991 789.6917 179.9517 824.8132 212.3277 1.5124 1.6212 4.0048 10.1236 1.8955 36.7997 1.8649 0.0648
Car -1 -1 1.5919 800.7185 191.3182 854.3167 243.2836 1.4660 1.5658 3.6992 7.2078 2.1256 23.7769 1.8819 0.0578
Car -1 -1 4.2791 738.6243 187.2300 831.8032 236.2934 1.4578 1.5878 3.9031 5.9056 1.9916 24.7232 4.5101 0.0553
Car -1 -1 1.7296 783.5831 167.9486 817.8171 195.0923 1.6971 1.5984 3.7166 12.5192 1.3904 47.1354 1.9873 0.0540
Car -1 -1 4.7168 809.3876 175.9819 842.8249 205.5666 1.4566 1.6068 3.9036 11.4236 1.6307 38.0695 5.0057 0.0540
Car -1 -1 2.8012 806.9927 185.0685 950.1647 233.2130 1.4680 1.6247 4.0091 8.5865 1.8756 23.2506 3.1501 0.0537
Car -1 -1 4.3301 728.8820 171.0789 800.6276 204.8798 1.4223 1.6388 4.3885 6.9258 1.3477 32.6661 4.5368 0.0532
Car -1 -1 5.1715 736.5949 165.0386 796.2370 193.8840 1.4556 1.5697 3.8282 8.3888 1.0612 38.3965 5.3848 0.0523
Car -1 -1 4.6137 371.9061 185.8901 401.1716 210.4162 1.5590 1.5788 3.7749 -15.5098 2.5008 50.0847 4.3145 0.0518
Car -1 -1 1.1175 813.5142 192.1817 912.3806 243.1770 1.3831 1.6266 3.2920 7.8383 2.0355 22.6188 1.4462 0.0514
Car -1 -1 4.4684 859.5706 188.6369 982.5372 269.8424 1.5064 1.5957 3.8510 6.8183 1.9049 16.1927 4.8595 0.0503