Car -1 -1 1.9828 136.8466 198.5626 421.7550 375.0000 1.4639 1.5589 3.6095 -3.4640 1.8260 8.3368 1.5992 0.9662
Car -1 -1 2.9965 373.8938 183.8055 477.5792 220.4998 1.4586 1.6879 4.1451 -7.9462 1.9560 31.1944 2.7486 0.9115
Car -1 -1 4.9195 510.5174 184.6757 555.1961 213.7167 1.4160 1.6172 3.9124 -4.0736 2.0860 38.8624 4.8153 0.6526
Car -1 -1 4.1661 569.4575 163.8554 611.4030 185.3325 1.9167 1.8566 4.4087 -1.8088 1.1136 66.7474 4.1388 0.2789
Car -1 -1 1.2883 496.0936 175.1989 524.3413 192.0235 1.5385 1.6105 4.0131 -9.4942 1.7690 68.7443 1.1512 0.2714
Car -1 -1 4.7414 307.5470 187.0357 349.5407 224.3802 1.4449 1.5761 2.9975 -11.9724 2.0845 30.8655 4.3739 0.1923
Car -1 -1 1.4489 425.9128 175.7198 450.0320 193.8223 1.4976 1.5644 3.9492 -14.8860 1.7542 62.4859 1.2157 0.1693
Car -1 -1 3.2522 249.9932 183.6958 354.1942 222.1638 1.4898 1.6271 3.8242 -12.6925 1.9606 30.0097 2.8549 0.1348
Car -1 -1 4.4456 441.4684 171.3080 481.3487 195.2548 1.5145 1.6179 3.8838 -9.8384 1.4168 47.7320 4.2432 0.1173
Car -1 -1 4.7746 408.9261 169.7384 441.5246 196.9254 1.5138 1.6156 3.5718 -10.7075 1.3403 42.0806 4.5266 0.0978
Car -1 -1 1.5599 510.0172 183.8944 542.7035 214.6351 1.4559 1.6044 3.6604 -4.3383 2.0585 37.4655 1.4449 0.0912
Car -1 -1 0.2868 483.6034 184.0187 556.4543 212.9315 1.4321 1.6305 3.4532 -4.6473 2.0318 37.6657 0.1643 0.0771
Car -1 -1 3.9869 341.9037 174.6605 419.0799 206.5415 1.4203 1.4441 3.5773 -10.7643 1.5089 33.8561 3.6810 0.0767
Car -1 -1 3.8243 412.9887 179.8059 493.3883 212.0975 1.5098 1.6092 3.7422 -7.8038 1.8715 35.9755 3.6117 0.0755
Car -1 -1 5.5540 371.3118 172.0383 453.5907 204.9781 1.4838 1.5166 3.7247 -9.3531 1.4471 34.4773 5.2907 0.0751
Car -1 -1 0.0503 170.2728 179.1117 277.8221 227.8690 1.5128 1.6206 3.0800 -12.7879 1.7340 24.1239 -0.4328 0.0751
Car -1 -1 1.5025 504.9055 175.6415 525.2537 192.7868 1.5382 1.6104 4.1596 -8.8841 1.8080 67.6453 1.3721 0.0695
Car -1 -1 3.7060 394.2014 169.3907 468.0227 196.5009 1.4846 1.6156 3.7838 -10.1020 1.2950 40.8809 3.4649 0.0615
Car -1 -1 0.0196 489.2274 185.1363 570.4791 212.9296 1.4304 1.6655 4.2797 -4.2866 2.1126 39.0574 -0.0895 0.0572
Car -1 -1 1.7138 578.1073 178.5924 619.6886 210.0606 1.4996 1.5908 3.9701 -0.4960 1.8120 37.2103 1.7000 0.0572
Car -1 -1 -0.9207 442.3134 179.9678 850.7123 375.0000 1.4845 1.5762 4.0319 0.6148 1.5702 6.6712 -0.8349 0.0532