Car -1 -1 -0.4659 827.1635 192.9738 1060.3789 269.5455 1.4272 1.6182 4.0606 6.7527 1.8659 14.8273 -0.0470 0.9706
Car -1 -1 3.6775 0.0000 188.7964 304.3533 310.1776 1.4388 1.5294 4.0077 -6.3962 1.6699 9.6158 3.1029 0.9566
Car -1 -1 0.4153 269.2649 178.0782 457.3398 253.2383 1.6249 1.6095 3.7979 -5.6243 1.7530 16.7165 0.0949 0.9248
Car -1 -1 -0.2181 710.4279 182.9336 827.6358 227.6195 1.5856 1.7439 3.9766 5.8721 1.9735 26.8846 -0.0061 0.9119
Car -1 -1 3.5765 108.7417 188.7645 391.9878 282.4819 1.4304 1.5359 3.9679 -5.8519 1.7138 12.0647 3.1329 0.9090
Car -1 -1 -0.6752 954.1942 192.5710 1242.0000 375.0000 1.5900 1.6880 4.4019 6.0932 1.8128 7.3054 -0.0008 0.8768
Car -1 -1 4.6829 643.1885 182.7739 674.3521 209.9097 1.4189 1.6528 4.3068 2.7837 2.0196 41.5064 4.7488 0.8526
Car -1 -1 -0.3895 800.5620 185.9192 976.5042 249.7605 1.4143 1.5511 3.5805 6.5455 1.7400 17.1559 -0.0315 0.8184
Car -1 -1 3.3712 321.0065 173.3287 472.0263 227.8190 1.5655 1.5766 4.0875 -6.2950 1.5803 21.6357 3.0908 0.7093
Car -1 -1 0.4394 296.6669 182.2713 473.4084 246.7108 1.5794 1.5395 4.2044 -5.8739 1.8420 19.0582 0.1437 0.6774
Car -1 -1 3.3310 428.3790 181.7610 525.6950 216.0957 1.6050 1.6664 4.4099 -6.3789 2.0480 35.0285 3.1517 0.6131
Car -1 -1 3.2873 462.2103 175.1004 541.9365 203.6998 1.4657 1.5825 3.9518 -5.6013 1.5861 37.8942 3.1412 0.4760
Car -1 -1 3.4057 384.9044 183.4669 498.9588 224.5429 1.4547 1.5511 3.8605 -6.1812 1.8621 26.8444 3.1810 0.4421
Car -1 -1 0.4203 207.6450 188.1314 415.6671 266.8553 1.4625 1.5394 3.5662 -5.9158 1.7888 14.5718 0.0404 0.3938
Car -1 -1 1.6792 755.7744 176.4049 778.2156 192.8851 1.4535 1.6098 3.9720 14.5782 1.7922 66.6969 1.8931 0.2504
Car -1 -1 4.8549 408.6326 171.7560 479.3831 226.9016 1.5983 1.6470 3.7489 -5.1468 1.5665 22.8446 4.6353 0.2504
Car -1 -1 3.4612 353.7260 185.4531 479.4284 231.4028 1.4475 1.5839 3.7531 -6.3969 1.8849 24.1364 3.2043 0.2302
Car -1 -1 1.6785 548.9886 183.9897 573.0443 202.9079 1.4574 1.5652 4.1165 -4.0116 2.4176 60.1303 1.6117 0.2194
Car -1 -1 1.6665 568.8163 181.9173 590.2570 199.6178 1.5073 1.5807 3.8587 -2.6945 2.3539 65.4292 1.6250 0.1909
Car -1 -1 1.5472 1104.9717 195.8367 1212.0435 274.7692 1.4067 1.7297 4.1561 12.2917 1.9970 16.3364 2.1828 0.1825
Car -1 -1 -0.1944 509.0507 171.9187 595.6601 201.9446 1.5360 1.6970 4.3384 -3.0514 1.4882 38.3148 -0.2738 0.1822
Car -1 -1 4.3422 809.9049 172.8924 863.0433 200.1070 1.4467 1.5351 3.8433 12.6155 1.4490 40.3327 4.6429 0.1796
Car -1 -1 1.2956 523.6149 174.3261 555.9288 193.7308 1.4884 1.5682 3.9181 -5.6225 1.6106 57.7748 1.1987 0.1651
Car -1 -1 1.7793 766.5645 168.1998 813.1233 197.8001 1.4712 1.6235 3.8165 9.5222 1.2399 37.9340 2.0231 0.1630
Car -1 -1 3.5666 119.6033 185.5335 343.3753 264.6267 1.4705 1.5764 3.6785 -7.4946 1.7416 14.5599 3.0982 0.1475
Car -1 -1 1.7565 540.3127 182.3327 569.5510 203.7611 1.4891 1.5113 3.7151 -4.0359 2.2210 53.7792 1.6814 0.1415
Car -1 -1 4.7060 255.6708 166.6282 279.8056 189.6055 1.7763 1.6973 3.9025 -27.4372 1.2950 57.9071 4.2652 0.1353
Car -1 -1 0.5313 436.8837 166.7137 517.4954 194.5710 1.5903 1.6785 4.4626 -7.8406 1.2398 42.7454 0.3506 0.1333
Car -1 -1 0.2384 225.9638 169.1648 303.5974 194.2005 1.4562 1.5353 3.9328 -20.5422 1.2416 43.1192 -0.2040 0.1313
Car -1 -1 1.6253 506.3219 169.9973 540.1329 199.0263 1.4929 1.5971 4.0846 -4.6407 1.3460 39.1949 1.5078 0.1241
Car -1 -1 0.3297 765.9312 172.5000 856.5020 203.3577 1.4777 1.5726 4.1082 10.1299 1.4607 36.3593 0.5989 0.1231
Car -1 -1 4.9236 445.9900 180.8524 506.5260 222.8497 1.4603 1.5443 3.6070 -5.0266 1.7866 27.6117 4.7446 0.1187
Car -1 -1 0.0100 616.8991 184.7038 676.5662 207.9924 1.5165 1.7012 3.9718 2.5242 2.3362 48.9404 0.0607 0.1109
Car -1 -1 1.6526 525.8263 181.6024 554.5414 205.7770 1.5207 1.6131 3.9511 -4.6537 2.1366 48.8114 1.5575 0.1064
Car -1 -1 1.5617 543.0099 180.4601 564.4837 199.7978 1.4796 1.6906 4.1750 -4.5867 2.1248 59.0529 1.4841 0.0934
Car -1 -1 1.3670 717.7716 173.1873 758.5776 199.9479 1.5613 1.6366 4.2090 7.8341 1.5828 44.2792 1.5406 0.0917
Car -1 -1 1.5049 529.8141 174.3958 555.0688 194.8855 1.5224 1.6764 4.3102 -5.2639 1.6474 56.2128 1.4116 0.0909
Car -1 -1 1.6995 751.8782 175.2553 775.8297 192.8101 1.5162 1.5760 4.3571 13.9871 1.7411 65.2694 1.9093 0.0892
Car -1 -1 1.8499 186.8503 182.8728 325.5713 265.6718 1.4457 1.5915 3.6669 -7.1614 1.6809 15.0038 1.4110 0.0880
Car -1 -1 0.7774 1132.4595 202.7438 1242.0000 279.5439 1.3774 1.6571 3.5181 13.9354 2.1238 16.1915 1.4783 0.0879
Car -1 -1 2.7263 1112.9167 179.2747 1222.6056 209.6994 1.4956 1.6297 4.1836 28.7546 1.8389 37.2946 3.3789 0.0874
Car -1 -1 5.2947 328.0717 162.8073 388.9920 189.6639 1.5249 1.6168 3.7657 -14.8889 0.9544 42.9926 4.9630 0.0868
Car -1 -1 1.7169 426.9902 180.0605 490.4077 226.4952 1.4677 1.6114 3.9762 -5.2353 1.7423 25.4660 1.5156 0.0837
Car -1 -1 4.6925 459.3339 181.5373 496.5728 217.6467 1.6075 1.6938 4.1675 -6.4942 2.0600 35.3947 4.5118 0.0831
Car -1 -1 1.4159 534.2134 178.7620 564.2993 199.8545 1.5024 1.6415 4.2635 -4.6298 1.9707 54.9280 1.3318 0.0821
Car -1 -1 1.6953 554.9319 183.9557 580.9688 203.4682 1.4842 1.6430 4.0795 -3.3870 2.4296 59.3531 1.6380 0.0789
Car -1 -1 3.9253 974.8822 196.4844 1189.0739 277.7313 1.4532 1.6690 4.0010 10.4020 2.0566 16.2863 4.4846 0.0744
Car -1 -1 5.0360 540.7153 177.7598 576.3182 197.7692 1.5161 1.6222 4.1263 -4.0554 1.9251 57.9521 4.9660 0.0725
Car -1 -1 1.0388 611.2963 177.5693 647.5317 194.7005 1.5364 1.5415 4.1129 1.8375 1.9955 68.0788 1.0653 0.0724
Car -1 -1 3.3488 468.3173 181.0814 598.6453 228.0749 1.4654 1.6292 4.0385 -2.4637 1.7493 23.8787 3.2464 0.0716
Car -1 -1 1.6842 540.2256 181.2274 570.2657 205.3005 1.5126 1.5925 3.8378 -3.6221 2.0996 48.6394 1.6098 0.0712
Car -1 -1 3.5982 362.9488 161.1815 452.6766 192.2286 1.5452 1.6567 4.1384 -10.3488 0.9643 37.1077 3.3278 0.0682
Car -1 -1 3.3804 461.4099 175.2359 538.5274 201.4445 1.5003 1.6324 4.2226 -6.4200 1.6439 42.4885 3.2310 0.0680
Car -1 -1 1.4227 1169.0662 191.9415 1242.0000 276.0666 1.4284 1.6100 4.1183 13.2460 1.8937 15.4142 2.1225 0.0674
Car -1 -1 3.8462 264.0323 179.4104 425.4265 239.8714 1.4940 1.6331 4.0256 -7.1929 1.6856 19.6160 3.4986 0.0672
Car -1 -1 2.8748 755.7661 172.0665 833.7299 201.0363 1.4543 1.5407 3.5943 9.4631 1.4148 37.0255 3.1227 0.0668
Car -1 -1 4.5898 709.5912 184.5476 766.8093 228.2007 1.5083 1.6907 4.0534 4.9285 1.9973 28.1031 4.7609 0.0658
Car -1 -1 1.7634 551.8740 181.5013 579.7280 201.5524 1.6051 1.6091 4.1857 -3.7112 2.3721 61.8205 1.7032 0.0656
Car -1 -1 2.9172 1167.6005 190.0791 1242.0000 269.0965 1.4603 1.6442 4.3232 15.1545 1.8832 15.9154 3.6682 0.0650
Car -1 -1 1.6336 621.6801 176.7303 642.5294 195.8633 1.6644 1.6382 4.2620 2.0873 2.0300 65.8571 1.6647 0.0642
Car -1 -1 1.5543 757.2913 173.7986 777.0540 192.4221 1.5821 1.6301 3.9844 13.8692 1.6682 63.6242 1.7676 0.0627
Car -1 -1 3.7846 1014.8279 204.9399 1220.9255 281.2088 1.4697 1.6686 3.9296 12.3312 2.3571 17.8253 4.3811 0.0616
Car -1 -1 1.1146 1106.2111 200.5988 1242.0000 290.2831 1.4137 1.6663 3.9599 12.0263 2.0638 14.7932 1.7866 0.0616
Car -1 -1 1.8220 558.5802 180.9455 589.6098 200.9139 1.6234 1.6647 4.3651 -3.0460 2.3539 62.8340 1.7733 0.0615
Car -1 -1 1.5214 641.1296 181.8549 674.0156 210.9350 1.4911 1.6315 3.6838 2.6194 2.0132 39.9995 1.5857 0.0603
Car -1 -1 1.3740 557.0302 184.3692 587.2249 204.7191 1.4902 1.6299 4.0966 -3.0201 2.4427 57.4968 1.3212 0.0589
Car -1 -1 4.6923 247.2327 167.8263 279.4322 196.6546 1.6748 1.6999 4.1006 -21.2094 1.3828 44.1330 4.2464 0.0586