Car -1 -1 4.7264 616.8792 166.9707 680.8985 225.4226 1.4269 1.5653 3.6955 1.0863 1.2833 19.5102 4.7805 0.9073
Car -1 -1 2.2482 0.0000 198.5107 239.4147 375.0000 1.4195 1.4667 3.3592 -3.7082 1.6279 4.1673 1.5521 0.7473
Car -1 -1 4.7092 610.3002 162.2143 642.7408 192.1166 1.4646 1.5892 3.9202 0.8692 0.9435 37.3156 4.7320 0.2774
Car -1 -1 4.8504 467.8051 167.8623 508.7604 198.1001 1.4926 1.6037 3.6400 -6.2435 1.2462 37.4566 4.6861 0.2433
Car -1 -1 -0.0875 631.7296 155.9756 689.7294 177.8653 1.5021 1.6271 3.9093 3.5402 0.3439 50.3610 -0.0179 0.2321
Car -1 -1 3.3226 601.7694 160.6741 683.1467 191.5768 1.4918 1.5826 3.8376 1.6621 0.9038 36.0324 3.3680 0.1691
Car -1 -1 5.0358 359.3760 172.7496 480.9178 249.3517 1.5969 1.6801 3.5398 -4.2859 1.5948 16.8717 4.7901 0.1605
Car -1 -1 0.0982 365.6186 140.7123 501.7519 193.9997 1.5371 1.6199 3.8609 -5.2316 0.6099 21.8734 -0.1340 0.1334
Car -1 -1 4.5641 638.1491 159.6315 680.6728 191.4216 1.5097 1.5688 3.8697 2.4502 0.8818 36.2585 4.6307 0.1283
Car -1 -1 3.5656 256.2185 174.1097 463.5756 248.5719 1.5714 1.5799 4.1322 -5.5401 1.6014 16.2520 3.2415 0.1106
Car -1 -1 1.6202 470.6078 173.4015 507.9149 205.3685 1.4948 1.6253 4.0304 -5.9323 1.5237 35.9061 1.4573 0.1096
Car -1 -1 4.6614 375.1915 141.4522 445.5197 204.8978 1.5945 1.7021 4.1285 -5.7037 0.8053 20.3610 4.3914 0.1078
Car -1 -1 4.8892 430.2661 140.5034 511.4160 199.6003 1.5724 1.6788 3.6945 -3.9430 0.7117 21.0510 4.7060 0.1077
Car -1 -1 4.7902 487.3212 143.3310 550.4069 199.6538 1.5169 1.5574 3.4866 -2.5882 0.7218 21.2076 4.6700 0.1012
Car -1 -1 3.4845 462.7074 169.7230 544.1069 200.0045 1.4830 1.5626 3.7645 -5.3438 1.3297 36.4742 3.3397 0.1001
Car -1 -1 4.5948 612.9729 160.8688 652.9083 192.2399 1.4787 1.5607 3.6604 1.1148 0.9138 35.9020 4.6253 0.0890
Car -1 -1 5.3261 0.0000 186.2310 259.7487 330.7975 1.5684 1.5495 3.7212 -6.6225 1.7901 10.0707 4.7561 0.0872
Car -1 -1 3.3413 429.0609 171.5646 508.8615 201.4481 1.4763 1.5839 3.7153 -7.0608 1.4126 36.4550 3.1510 0.0862
Car -1 -1 3.9325 0.0000 198.2703 244.4418 375.0000 1.4870 1.6004 4.0293 -4.9141 1.6920 4.9481 3.1772 0.0823
Car -1 -1 4.1431 630.1248 159.2671 673.9752 180.2958 1.6322 1.6980 3.8821 3.3833 0.5776 58.1117 4.2007 0.0791
Car -1 -1 5.0246 318.1762 174.0273 438.9825 248.7986 1.5486 1.5965 3.6854 -5.2427 1.5790 16.8560 4.7269 0.0768
Car -1 -1 4.5031 644.8674 154.6438 679.0895 177.9357 1.5944 1.6515 3.9147 3.6941 0.3479 51.4444 4.5743 0.0752
Car -1 -1 1.9225 637.0249 174.3773 707.1605 215.2709 1.5844 1.6822 3.9089 2.6894 1.6527 30.2400 2.0098 0.0697
Car -1 -1 4.9056 653.8967 162.5042 697.7262 194.2102 1.4929 1.5313 3.4651 3.3359 1.0056 35.8519 4.9973 0.0679
Car -1 -1 4.3478 619.2209 156.7802 661.6456 181.5371 1.8254 1.8077 4.4063 2.3252 0.6402 55.5782 4.3892 0.0676
Car -1 -1 4.6193 373.4803 137.9348 440.2422 194.2897 1.5339 1.5895 3.7542 -6.1574 0.5834 21.6765 4.3456 0.0586
Car -1 -1 2.3924 0.0000 178.7117 162.1934 375.0000 1.5243 1.6413 4.2790 -3.7141 1.5642 2.7205 1.5005 0.0577
Car -1 -1 5.1692 249.4083 171.9787 402.8936 249.2838 1.5419 1.6528 3.9104 -6.2503 1.5244 16.4178 4.8103 0.0575
Car -1 -1 -0.0259 346.0153 160.3448 521.9328 238.0132 1.6143 1.6039 3.6646 -3.9119 1.3543 16.2411 -0.2591 0.0571
Car -1 -1 2.8522 603.5111 160.3069 692.7103 193.4912 1.5458 1.6072 4.0113 1.8436 0.9613 34.8626 2.9042 0.0548
Car -1 -1 0.8710 0.0000 196.4512 261.3127 375.0000 1.4584 1.5127 3.8128 -4.1804 1.6203 4.0110 0.0978 0.0539
Car -1 -1 3.0825 642.2422 173.0350 732.8188 211.6126 1.6013 1.6702 3.7567 3.2790 1.6093 30.8777 3.1867 0.0525