Car -1 -1 3.5093 343.9196 177.7883 444.6751 217.6629 1.4624 1.5056 3.3727 -8.1822 1.6570 27.5694 3.2230 0.9376
Car -1 -1 4.2351 790.5793 200.6458 1242.0000 375.0000 1.3701 1.6508 4.0867 2.6547 1.6456 5.0921 4.6909 0.9342
Car -1 -1 1.3470 689.1652 170.4106 735.9967 199.3360 1.5523 1.7347 4.1628 5.7706 1.4212 40.8704 1.4859 0.8959
Car -1 -1 1.5687 560.8264 174.2506 590.2314 202.0859 1.5382 1.6333 4.0697 -1.9920 1.6238 42.1533 1.5214 0.8486
Car -1 -1 3.0726 681.7234 155.8513 742.2695 177.6850 1.5517 1.6198 4.2359 7.3756 0.3433 52.2347 3.2120 0.2372
Car -1 -1 1.5834 547.8965 165.2685 569.8010 187.3786 1.6970 1.6787 3.8675 -4.0050 1.1148 57.3579 1.5138 0.1219
Car -1 -1 3.2415 674.6625 158.9465 734.3492 182.2574 1.5213 1.6041 3.8217 6.3708 0.6137 48.3062 3.3717 0.1082
Car -1 -1 1.6146 553.9972 172.1488 588.8121 205.7431 1.7663 1.7467 4.0198 -2.0640 1.7292 39.9527 1.5628 0.0807
Car -1 -1 3.4444 340.1172 165.3565 443.4262 201.7575 1.6757 1.7141 4.3605 -10.2340 1.3306 34.1020 3.1547 0.0772
Car -1 -1 4.7425 559.6685 165.4888 581.9583 188.2414 1.7567 1.6630 3.7522 -3.0640 1.1880 57.6030 4.6893 0.0766
Car -1 -1 1.5861 558.6432 170.3206 578.9159 190.6801 1.6429 1.6277 3.9418 -3.3758 1.4385 60.2278 1.5301 0.0699
Car -1 -1 1.2670 435.7766 181.4361 502.8843 222.3417 1.5206 1.6748 3.7170 -5.8311 1.8981 29.7080 1.0743 0.0679
Car -1 -1 1.7422 404.3643 175.6761 455.7946 212.1472 1.5035 1.5928 3.6760 -7.8739 1.6357 31.9248 1.5019 0.0671
Car -1 -1 4.5809 687.7867 153.2056 718.9822 179.6670 1.8754 1.7315 4.2795 6.8823 0.4829 53.2818 4.7085 0.0656
Car -1 -1 3.6900 360.9819 177.5818 458.8882 214.2231 1.5025 1.6324 3.7909 -8.6237 1.7157 31.2336 3.4224 0.0559
Car -1 -1 4.6022 678.6234 158.3612 709.7350 183.0153 1.6008 1.6683 3.8617 5.6796 0.6598 48.7843 4.7172 0.0542
Car -1 -1 -0.2273 441.0872 179.5197 543.3660 216.5327 1.4665 1.6392 4.0236 -4.9847 1.7637 30.6544 -0.3877 0.0539
Car -1 -1 4.3460 797.1207 175.0249 856.9752 207.9622 1.4875 1.5265 3.6835 10.3952 1.5977 34.7314 4.6340 0.0531
Car -1 -1 4.5806 707.7883 155.5900 739.0704 180.0241 1.7384 1.7236 4.3891 8.4029 0.5101 53.5491 4.7352 0.0526
Car -1 -1 1.7870 389.6682 176.4897 455.3434 217.3912 1.5256 1.6877 4.3443 -7.5480 1.6853 29.5014 1.5382 0.0522