Car -1 -1 4.9415 335.2766 196.5876 455.9225 281.5544 1.4197 1.5818 3.5271 -4.2557 1.9675 14.8583 4.6664 0.9651
Car -1 -1 4.3569 747.9157 186.6670 999.4600 357.3003 1.5434 1.5956 3.4454 2.8435 1.7411 8.5693 4.6656 0.9580
Car -1 -1 4.8894 431.7737 182.2708 504.9717 234.7515 1.5365 1.6510 4.2150 -4.5888 1.8773 23.9998 4.7019 0.9475
Car -1 -1 4.6270 678.1480 181.7537 751.2087 246.3011 1.4948 1.5881 3.3897 2.6689 1.7496 18.9216 4.7641 0.9413
Car -1 -1 4.6112 644.2598 178.0701 682.9264 209.6200 1.4063 1.4955 3.4262 2.5360 1.6680 34.4694 4.6835 0.8958
Car -1 -1 1.7081 493.2117 183.5943 533.4077 214.9833 1.5110 1.5867 3.7693 -5.0054 2.1035 37.9155 1.5772 0.8637
Car -1 -1 2.8599 686.0163 175.5978 790.4722 211.9671 1.4476 1.6298 3.9627 5.2895 1.5652 29.8995 3.0328 0.3806
Car -1 -1 0.9966 657.8733 169.9056 702.5919 188.3098 1.4770 1.6374 4.2962 5.8481 1.2404 60.1906 1.0927 0.2019
Car -1 -1 -0.7099 964.3311 173.6411 1178.2429 242.0967 1.4818 1.6494 4.1274 10.6589 1.5014 16.7729 -0.1522 0.1825
Car -1 -1 4.4599 717.9633 174.6696 777.5933 210.7973 1.4523 1.5902 3.9142 5.9010 1.5359 31.2142 4.6445 0.1684
Car -1 -1 4.8762 470.4000 173.5061 503.0650 195.1126 1.4353 1.5741 4.1638 -8.4885 1.4825 50.1426 4.7091 0.1613
Car -1 -1 4.2299 931.0599 179.7382 1084.2563 249.0394 1.4716 1.6577 3.7962 9.5098 1.6577 17.6022 4.7176 0.1491
Car -1 -1 4.3679 642.8362 166.2199 680.9610 189.0090 1.7008 1.6845 4.0326 4.0183 1.2057 56.0201 4.4388 0.1398
Car -1 -1 1.0882 536.7471 187.2480 578.1957 207.2641 1.4936 1.6656 4.1220 -4.3099 2.7178 59.1798 1.0153 0.1311
Car -1 -1 4.7066 889.0753 178.5256 929.0966 214.6812 1.4288 1.5005 2.7914 12.6721 1.6816 30.5827 5.0955 0.1300
Car -1 -1 1.6961 451.5301 190.9314 511.5326 238.2875 1.5222 1.6872 4.0671 -4.6770 2.2466 26.8434 1.5246 0.1104
Car -1 -1 1.6720 521.9387 184.0099 547.8577 205.8963 1.5144 1.5448 3.7673 -5.5259 2.3742 53.7302 1.5695 0.1067
Car -1 -1 -0.1376 633.7738 165.7365 692.0254 186.6610 1.5612 1.6972 4.2193 4.0238 1.0301 54.8182 -0.0650 0.1008
Car -1 -1 4.6789 760.4075 178.9290 801.8347 215.5358 1.4232 1.5736 3.8042 7.2511 1.6990 30.7398 4.9078 0.0965
Car -1 -1 2.9413 723.9539 177.0259 825.6699 213.8459 1.4765 1.6143 3.8712 6.8049 1.6547 29.9726 3.1619 0.0955
Car -1 -1 1.5001 692.9022 172.2137 726.9084 201.8670 1.4854 1.5107 3.6634 5.2435 1.4534 38.0212 1.6357 0.0919
Car -1 -1 3.0908 886.5190 174.4973 975.2180 211.8932 1.4603 1.5788 3.2394 13.1018 1.5307 29.6026 3.5033 0.0895
Car -1 -1 -0.1120 841.0731 176.5346 936.0696 213.7525 1.4701 1.6465 3.5116 11.5110 1.6293 29.9778 0.2509 0.0833
Car -1 -1 0.8216 960.1198 175.4225 1177.6241 254.5695 1.4695 1.6037 4.0774 9.7147 1.5330 15.6952 1.3669 0.0820
Car -1 -1 1.4469 478.3889 193.1236 525.9866 230.6678 1.4844 1.6623 4.0816 -4.9801 2.4752 33.0806 1.2980 0.0789
Car -1 -1 4.7276 623.9099 166.8505 646.1212 189.3097 1.6805 1.6624 4.0279 2.0073 1.2313 56.0417 4.7629 0.0752
Car -1 -1 1.2301 666.3972 171.3745 705.6620 193.3721 1.5580 1.6249 4.0228 5.5953 1.4532 53.2479 1.3339 0.0669
Car -1 -1 1.1930 613.8281 183.7973 654.5558 206.6102 1.5310 1.6214 3.9451 1.7510 2.3611 52.5986 1.2255 0.0609
Car -1 -1 4.8607 466.1784 172.3269 499.6263 196.2206 1.5376 1.6225 4.0842 -8.4648 1.5037 48.4941 4.6885 0.0577
Car -1 -1 1.8411 516.5067 184.2249 552.8196 207.2204 1.5029 1.6200 3.7176 -5.2586 2.3388 51.0719 1.7385 0.0570
Car -1 -1 -0.0978 773.3809 176.2371 882.2324 216.8496 1.5854 1.6811 4.1196 8.8565 1.7298 29.5828 0.1898 0.0562
Car -1 -1 1.5809 492.5306 191.6663 535.4977 232.6584 1.4754 1.6506 3.9496 -3.9362 2.3091 29.9189 1.4505 0.0558
Car -1 -1 3.5490 345.0188 183.2085 493.7580 233.5449 1.4818 1.6646 4.2456 -5.9741 1.8263 22.8608 3.2957 0.0546
Car -1 -1 3.9330 588.6234 176.1345 629.3721 193.5697 1.5753 1.5880 3.8420 -0.0755 1.8925 67.8387 3.9315 0.0545
Car -1 -1 -0.2865 951.7712 175.7504 1189.2141 249.6492 1.4836 1.5837 4.1208 9.9357 1.5526 15.8883 0.2634 0.0542
Car -1 -1 1.4663 721.8532 176.6346 771.6990 214.2465 1.4250 1.6051 3.8819 5.5862 1.5913 29.7371 1.6497 0.0523
Car -1 -1 1.7829 381.9466 176.3226 442.1761 213.6715 1.4548 1.5999 4.2116 -8.2993 1.6125 30.6476 1.5202 0.0517