Car -1 -1 1.9194 237.9753 191.8725 460.1043 321.5580 1.4940 1.7491 4.3020 -3.6929 1.8449 11.1314 1.6052 0.9807
Car -1 -1 1.8069 408.5807 175.9965 504.0075 249.1378 1.7509 1.5934 4.0280 -4.0084 1.8446 19.4883 1.6060 0.9584
Car -1 -1 1.7246 516.1569 175.9094 558.7140 207.1525 1.4794 1.5788 3.7408 -3.5898 1.6418 36.4510 1.6267 0.8553
Car -1 -1 4.8239 559.8912 169.0713 583.3883 187.1619 1.5633 1.6534 4.0450 -3.3534 1.2364 64.4185 4.7718 0.4273
Car -1 -1 4.4111 462.6051 172.9546 507.8873 200.6601 1.6589 1.6789 4.0572 -7.8681 1.6656 45.4083 4.2402 0.3365
Car -1 -1 2.0301 505.5995 171.7667 539.4584 188.8427 1.5629 1.6284 3.8626 -8.1815 1.4634 68.1312 1.9108 0.2153
Car -1 -1 1.6614 530.0626 171.1129 564.2703 199.6893 1.6133 1.6508 4.1179 -3.6521 1.5150 42.7979 1.5764 0.1794
Car -1 -1 4.8691 485.4985 167.1184 515.1063 189.2853 1.6727 1.6690 4.0982 -8.5139 1.2399 56.5033 4.7199 0.1496
Car -1 -1 1.6755 551.8906 171.6397 585.6920 199.7960 1.5947 1.5983 3.9440 -2.3773 1.5259 42.8753 1.6200 0.1109
Car -1 -1 4.5044 392.1265 170.9883 437.8607 200.5672 1.4752 1.5944 3.7152 -10.2888 1.3822 38.0035 4.2414 0.1026
Car -1 -1 5.4132 392.3083 171.3438 456.1748 198.1947 1.5451 1.6174 3.8742 -11.1406 1.4582 43.6155 5.1643 0.0671
Car -1 -1 1.6611 548.9943 170.7798 573.0844 192.3255 1.7340 1.6386 4.0929 -4.0100 1.5671 60.1353 1.5945 0.0621
Car -1 -1 4.2032 342.9054 184.1698 706.3610 375.0000 1.5080 1.5673 3.7711 -1.0282 1.6421 6.5771 4.0523 0.0585
Car -1 -1 1.7238 506.5826 175.3379 553.8546 211.3658 1.6187 1.6630 4.0064 -3.7554 1.7453 34.7373 1.6164 0.0577
Car -1 -1 3.5224 431.5656 173.6698 503.0785 199.4634 1.5636 1.6547 4.0514 -8.8501 1.6158 45.0038 3.3290 0.0572
Car -1 -1 5.0173 289.5838 183.2437 353.2424 227.1698 1.5943 1.4956 2.9746 -11.2941 2.0261 28.4509 4.6422 0.0541
Car -1 -1 1.5617 563.2156 169.4472 583.8793 190.3500 1.6876 1.6677 4.0949 -3.0307 1.4126 60.3484 1.5114 0.0505
Car -1 -1 1.5375 555.5642 169.3231 575.5489 187.3495 1.5265 1.6105 4.0951 -3.8823 1.2275 63.2139 1.4762 0.0503
Car -1 -1 -1.4189 589.1110 185.3978 737.9496 319.7557 1.4562 1.4958 3.8807 0.9441 1.6705 10.2676 -1.3313 0.0502