Car -1 -1 2.0524 185.6225 182.2762 276.4065 221.1448 1.4836 1.6177 4.2462 -15.9727 1.9123 30.6993 1.5759 0.9139
Car -1 -1 1.8758 410.6648 177.4183 450.4391 199.2044 1.5266 1.6892 4.1599 -13.2371 1.8790 53.5803 1.6344 0.5538
Car -1 -1 1.5115 373.7144 180.1867 398.7595 201.6552 1.5074 1.5692 3.9545 -16.8161 2.0803 54.2432 1.2119 0.4373
Car -1 -1 1.5835 459.9312 179.0349 478.4666 195.5347 1.4838 1.6769 4.1187 -13.3349 2.0909 68.6929 1.3921 0.4047
Car -1 -1 2.0246 240.2856 173.2962 303.7600 200.9908 1.6094 1.7681 4.3831 -20.5862 1.6379 44.2105 1.5909 0.3491
Car -1 -1 1.9765 289.6678 174.1585 332.2631 200.3327 1.7525 1.5369 3.3394 -20.7088 1.8462 50.1600 1.5866 0.2896
Car -1 -1 4.5649 716.0654 168.9335 742.2218 189.1793 1.6590 1.6265 3.8756 10.0868 1.3377 61.0743 4.7275 0.2374
Car -1 -1 1.5814 145.0379 167.6542 173.6490 192.1282 1.6358 1.6368 3.8112 -31.3352 1.2883 50.2811 1.0264 0.2196
Car -1 -1 3.7975 27.1064 172.5319 151.6656 210.0835 1.5148 1.6229 4.0590 -21.5587 1.5018 29.9924 3.1783 0.2022
Car -1 -1 1.6857 230.5044 183.8392 281.7824 220.5305 1.5341 1.6712 4.1336 -16.4410 2.0815 33.7276 1.2350 0.1990
Car -1 -1 4.4651 742.9733 179.3079 784.6138 206.2249 1.5009 1.5650 3.6730 9.1380 1.9021 42.9930 4.6726 0.1929
Car -1 -1 1.5404 221.4547 192.5655 274.0972 238.9220 1.4572 1.6168 3.7159 -13.2905 2.2341 26.4177 1.0779 0.1909
Car -1 -1 1.3172 757.0627 169.5754 805.5870 200.4006 1.6136 1.6267 4.0555 9.4111 1.4420 39.8171 1.5473 0.1769
Car -1 -1 1.7767 405.2571 176.0344 441.6721 200.8643 1.6882 1.6778 4.3150 -13.3080 1.9263 51.8129 1.5262 0.1683
Car -1 -1 5.4348 0.0000 162.9816 98.6215 224.5863 1.9568 1.7248 4.3078 -20.2432 1.6432 25.1127 4.7614 0.1670
Car -1 -1 1.7755 363.8820 180.5730 400.4375 203.8661 1.5495 1.6581 4.2503 -16.2221 2.1255 51.6492 1.4723 0.1658
Car -1 -1 5.2768 86.2076 177.4810 179.5149 215.9506 1.5241 1.6090 3.6579 -20.2747 1.7339 30.8681 4.6995 0.1549
Car -1 -1 4.7786 84.8212 167.8803 120.7623 195.1326 1.7310 1.6852 3.9456 -33.6286 1.4151 47.9559 4.1695 0.1503
Car -1 -1 0.2797 756.7650 180.2477 822.8903 209.8281 1.5941 1.6074 3.3494 10.2823 2.0318 41.1810 0.5221 0.1427
Car -1 -1 0.4851 133.9338 189.0769 247.6331 225.4005 1.3915 1.5594 3.6849 -16.9041 2.0679 29.2399 -0.0354 0.1406
Car -1 -1 2.1052 377.1681 179.5183 425.1824 200.7720 1.5015 1.6007 4.1333 -15.6969 2.0258 54.5582 1.8260 0.1336
Car -1 -1 4.8523 672.2966 175.3759 696.2737 193.4841 1.5145 1.5666 3.8082 6.5471 1.7417 62.9512 4.9550 0.1328
Car -1 -1 4.4068 733.2817 166.3428 773.2440 191.7002 1.6699 1.6375 3.7132 9.8003 1.2411 49.4514 4.6010 0.1281
Car -1 -1 0.7410 97.5888 164.4458 174.5120 189.7771 1.6987 1.6986 4.4423 -32.5136 1.1348 49.5833 0.1629 0.1252
Car -1 -1 -0.1780 716.9060 181.5166 783.6872 209.0246 1.5462 1.6089 3.5754 8.1348 2.0592 41.9019 0.0118 0.1110
Car -1 -1 4.7789 52.5494 178.0501 106.4225 215.8106 1.5016 1.6152 3.7642 -22.8992 1.7414 31.2732 4.1508 0.1092
Car -1 -1 1.7748 361.7743 180.4068 398.1310 203.1880 1.5465 1.6676 4.4053 -16.7342 2.1227 52.7672 1.4688 0.1076
Car -1 -1 4.7802 747.0956 170.9878 782.8177 200.4535 1.5125 1.6300 4.0646 8.4885 1.4167 39.2147 4.9914 0.1012
Car -1 -1 1.3184 405.0109 177.3060 441.3759 198.8693 1.5347 1.6918 4.0852 -14.1007 1.8843 54.4582 1.0659 0.0953
Car -1 -1 5.3963 0.0000 164.5019 57.1702 230.1904 1.9272 1.7441 4.3364 -20.3735 1.6822 23.3604 4.6847 0.0953
Car -1 -1 1.4246 357.6596 180.2259 382.7159 200.5415 1.8083 1.6857 3.9300 -22.5518 2.5238 67.9058 1.1048 0.0951
Car -1 -1 0.3207 395.5726 177.7957 458.5934 198.6538 1.4978 1.7025 4.1893 -13.4479 1.8697 53.2948 0.0744 0.0850
Car -1 -1 0.4832 445.1588 179.7128 493.1927 196.0130 1.4960 1.6712 4.2010 -13.3807 2.1634 68.8071 0.2915 0.0824
Car -1 -1 1.7437 311.1796 181.8998 340.9844 203.2164 1.5775 1.5442 3.9053 -22.4367 2.3207 57.2171 1.3712 0.0809
Car -1 -1 5.1586 271.4179 191.4240 363.2308 235.8029 1.4431 1.6445 3.9462 -10.8870 2.1947 27.1808 4.7805 0.0796
Car -1 -1 4.3456 98.1712 177.5998 170.1082 208.8089 1.4284 1.6169 4.0384 -23.3637 1.6735 35.4192 3.7658 0.0762
Car -1 -1 1.8559 395.5032 176.2451 436.7996 201.5790 1.6519 1.6659 4.0472 -13.2481 1.8947 49.6378 1.5961 0.0755
Car -1 -1 2.0100 191.3976 196.3709 296.3771 246.0147 1.4399 1.6631 3.9837 -12.4433 2.3151 24.8412 1.5495 0.0745
Car -1 -1 0.1820 262.5719 191.2876 390.4708 235.1954 1.4421 1.6847 4.0304 -10.0553 2.1346 25.9046 -0.1853 0.0736
Car -1 -1 1.6177 415.3682 176.7058 442.6883 200.5164 1.5787 1.6619 4.2527 -12.6715 1.8620 50.8149 1.3742 0.0697
Car -1 -1 3.6892 236.1000 175.5437 309.8829 200.1720 1.5374 1.6469 4.0250 -21.5743 1.7139 46.3158 3.2553 0.0677
Car -1 -1 1.4217 750.8066 183.0041 789.4066 212.2072 1.5413 1.6029 3.7993 9.1561 2.1508 41.3841 1.6374 0.0662
Car -1 -1 1.9269 446.0410 180.5750 487.4513 202.7145 1.4631 1.5792 4.0192 -10.0939 2.0343 51.2668 1.7330 0.0660
Car -1 -1 1.4475 462.0125 178.9156 485.9116 197.1009 1.6004 1.6506 4.5549 -12.7234 2.1881 67.5342 1.2617 0.0653
Car -1 -1 2.1869 395.3156 182.4225 440.1777 202.7910 1.5152 1.5594 3.7858 -15.2773 2.3068 57.6437 1.9286 0.0652
Car -1 -1 2.8121 366.1699 181.6011 424.3830 202.2239 1.5020 1.6282 4.0148 -16.5890 2.2022 55.9264 2.5247 0.0642
Car -1 -1 3.7925 42.9153 167.9789 124.7845 193.0415 1.5939 1.6507 4.1383 -34.0278 1.2839 46.7636 3.1660 0.0634
Car -1 -1 2.4136 331.9542 178.1854 396.3834 202.8860 1.6199 1.7067 4.1968 -17.1243 2.0099 50.5358 2.0882 0.0627
Car -1 -1 1.4186 711.0324 169.1585 738.1796 188.2484 1.5349 1.6185 4.1308 9.5411 1.2378 60.0829 1.5751 0.0623
Car -1 -1 1.8069 390.7987 174.9026 429.5600 200.8070 1.7246 1.6802 4.1566 -13.8904 1.8739 50.4727 1.5394 0.0610
Car -1 -1 1.9953 126.5140 175.0056 195.5977 206.2648 1.4626 1.4995 3.7534 -22.2758 1.5758 35.9872 1.4442 0.0607
Car -1 -1 3.7932 129.2070 177.5387 214.0978 206.1818 1.5062 1.6161 3.7403 -23.8034 1.7677 39.2788 3.2512 0.0602
Car -1 -1 1.5763 263.6743 191.5224 301.1408 224.4222 1.4700 1.6645 4.3131 -16.8232 2.4913 37.1672 1.1536 0.0591
Car -1 -1 -0.1163 738.8053 183.5283 805.4391 211.1082 1.5225 1.5700 3.5809 9.3147 2.1513 41.5407 0.1022 0.0590
Car -1 -1 1.3990 253.6473 190.4921 325.9749 240.4708 1.4642 1.6497 3.6766 -10.9234 2.1123 24.5282 0.9837 0.0586
Car -1 -1 -0.4315 131.1172 190.2673 283.1272 241.8759 1.4920 1.6060 4.2205 -13.5365 2.1357 24.4994 -0.9320 0.0575
Car -1 -1 1.7401 196.7785 190.0699 276.8763 243.2388 1.4699 1.6233 4.1236 -12.0624 2.0854 23.5879 1.2716 0.0574
Car -1 -1 5.3247 15.1526 150.6043 106.9508 191.0492 1.8045 1.6185 3.6755 -25.7695 0.8118 34.0545 4.6806 0.0567
Car -1 -1 3.4299 0.0000 155.9060 127.4743 197.3760 1.5816 1.6774 4.3111 -22.1709 0.9352 29.0612 2.7825 0.0556
Car -1 -1 1.2838 416.6429 177.8946 457.3803 200.9774 1.4900 1.6304 4.1236 -11.9310 1.8528 49.7285 1.0492 0.0554
Car -1 -1 1.3963 460.3795 176.5600 486.9913 195.5053 1.6245 1.6651 4.1156 -12.2623 1.9695 64.9570 1.2102 0.0551
Car -1 -1 1.7852 447.4974 176.1957 475.4986 195.7650 1.6896 1.6560 3.9896 -13.2970 1.9999 64.9870 1.5838 0.0549
Car -1 -1 0.4030 354.6799 180.4118 420.5943 201.8015 1.5130 1.6854 4.2989 -16.2294 2.0778 52.8575 0.1061 0.0546
Car -1 -1 4.8620 255.5549 194.1066 319.2250 239.8164 1.4596 1.5988 3.8688 -11.9849 2.3174 27.0468 4.4481 0.0540
Car -1 -1 1.7156 669.2278 174.0689 695.3774 192.5461 1.5044 1.6102 4.2906 6.2165 1.6115 61.3218 1.8158 0.0516
Car -1 -1 4.8975 75.7546 168.5237 121.5325 194.6966 1.6127 1.6989 3.9740 -32.9431 1.3459 46.6205 4.2849 0.0512
Car -1 -1 4.7365 70.5962 166.9969 105.9815 195.5479 1.6738 1.6534 4.2167 -32.0999 1.3304 44.5074 4.1144 0.0508