Car -1 -1 4.2812 783.1058 192.0343 1126.9866 375.0000 1.4097 1.6404 3.5780 3.0825 1.6525 7.3075 4.6648 0.9636
Car -1 -1 2.0491 61.0098 188.2217 325.4506 316.4438 1.4683 1.6636 3.9905 -5.8330 1.7398 10.7453 1.5616 0.9594
Car -1 -1 1.1911 467.5899 175.7747 522.0324 204.7613 1.4347 1.5357 3.8182 -6.1149 1.5974 38.1548 1.0328 0.9045
Car -1 -1 2.3084 0.0000 198.1073 158.7066 375.0000 1.4442 1.5390 3.5764 -5.7124 1.7207 6.1073 1.5780 0.8396
Car -1 -1 1.9352 181.0842 177.2106 270.7404 220.6734 1.5297 1.6618 4.1977 -14.7598 1.7120 28.0141 1.4540 0.6793
Car -1 -1 1.7235 553.2438 174.7957 582.9985 195.5039 1.4694 1.6043 4.0974 -3.0441 1.6196 53.7101 1.6667 0.4090
Car -1 -1 2.7957 661.9539 172.1699 721.6921 191.0378 1.4574 1.6456 4.3945 6.4912 1.4045 57.0409 2.9081 0.3003
Car -1 -1 3.9433 353.6316 179.3433 417.3592 204.9787 1.4758 1.5921 3.6851 -13.6488 1.8851 43.9254 3.6434 0.2766
Car -1 -1 0.5608 995.7328 211.3143 1242.0000 375.0000 1.4815 1.6042 3.8601 3.0296 1.6942 1.9972 1.4821 0.2654
Car -1 -1 4.8378 382.4001 179.2251 418.8167 204.2726 1.4485 1.6684 4.1343 -12.9773 1.8650 45.0017 4.5583 0.2258
Car -1 -1 2.4073 987.5305 186.1463 1242.0000 375.0000 1.5091 1.6578 4.1849 4.1529 1.5868 3.0829 3.2941 0.2197
Car -1 -1 4.4308 587.6556 175.6618 621.5128 197.5048 1.6017 1.5814 3.8984 -0.4215 1.8260 55.5401 4.4228 0.1997
Car -1 -1 3.1974 133.9329 178.9470 252.0467 220.8826 1.5292 1.6023 3.9271 -16.2459 1.7822 28.3640 2.6810 0.1968
Car -1 -1 -0.7929 962.9506 174.9209 1080.9557 215.8460 1.4354 1.5186 3.8740 15.2431 1.5155 26.6979 -0.2793 0.1853
Car -1 -1 1.9794 538.3580 174.8023 583.9147 198.8040 1.6225 1.6712 4.2895 -3.3979 1.7676 51.4493 1.9133 0.1845
Car -1 -1 1.6777 705.5088 178.4172 732.9632 201.0401 1.5181 1.5444 3.7642 7.8478 1.9301 51.4258 1.8278 0.1791
Car -1 -1 4.3546 944.3209 175.5170 999.6215 209.1887 1.4449 1.4587 2.4167 16.2454 1.5694 32.4410 4.8148 0.1625
Car -1 -1 4.4212 647.7200 164.5719 697.5566 195.8885 1.4580 1.5373 3.3264 3.0422 1.0724 35.3790 4.5059 0.1255
Car -1 -1 4.3994 543.9990 177.8720 587.5331 202.2409 1.3991 1.5965 3.7173 -2.7310 1.7212 44.2817 4.3377 0.1189
Car -1 -1 1.6056 383.8177 178.7959 416.5350 209.4418 1.6355 1.6573 4.1353 -12.0128 1.9960 41.5687 1.3256 0.1166
Car -1 -1 1.3965 337.4148 183.2134 380.1512 211.4927 1.4629 1.6320 3.9855 -14.3001 2.0827 41.0299 1.0628 0.1141
Car -1 -1 4.9324 135.4088 183.2455 248.8730 253.3710 1.4697 1.6153 3.6109 -10.0651 1.7523 17.6648 4.4206 0.1052
Car -1 -1 2.6703 548.6390 175.2632 609.1611 196.4347 1.4975 1.6582 4.1567 -2.2470 1.6809 53.1763 2.6278 0.1021
Car -1 -1 1.1533 988.9793 178.0726 1085.0079 221.3304 1.4028 1.5061 3.8454 15.1940 1.6044 25.8724 1.6789 0.0969
Car -1 -1 1.2433 0.0000 0.0000 1242.0000 375.0000 1.4952 1.5923 4.0079 1.7270 1.6037 1.8965 1.9075 0.0935
Car -1 -1 4.2459 667.6983 171.6054 708.6182 190.7578 1.4842 1.6313 4.0315 6.2822 1.3874 58.0873 4.3528 0.0906
Car -1 -1 3.4408 85.1857 178.5900 212.0637 218.8131 1.4706 1.6023 3.8476 -17.7855 1.7035 28.0162 2.8793 0.0870
Car -1 -1 1.3017 376.4949 179.5977 422.9720 207.0329 1.5180 1.6298 4.1446 -12.6039 1.9422 43.1935 1.0191 0.0855
Car -1 -1 4.7688 551.5413 164.6226 584.1401 194.5660 1.4903 1.5144 3.0981 -2.1309 1.0806 37.4600 4.7120 0.0832
Car -1 -1 4.4211 677.3532 196.2147 1242.0000 375.0000 1.4917 1.6097 3.6851 1.3741 1.6883 4.2276 4.7130 0.0825
Car -1 -1 3.2694 578.1749 162.9400 629.2546 180.8864 1.5543 1.6528 4.3246 -0.4950 0.6957 63.5696 3.2614 0.0816
Car -1 -1 2.6491 678.9689 171.2718 739.1409 191.2356 1.5495 1.6893 4.4924 7.9392 1.4267 57.5769 2.7851 0.0812
Car -1 -1 -1.0036 327.9919 201.8702 1193.6591 375.0000 1.4961 1.5725 3.8177 1.0258 1.6924 3.0419 -0.7095 0.0801
Car -1 -1 2.8644 704.8313 176.7065 760.4054 198.8037 1.4988 1.5734 3.5183 8.5482 1.7723 50.2541 3.0315 0.0796
Car -1 -1 4.4457 488.1391 165.2977 517.6435 185.7807 1.8784 1.7957 3.9122 -10.1293 1.1854 68.3204 4.2988 0.0777
Car -1 -1 1.9570 112.6030 183.3720 264.9935 260.1902 1.4798 1.5722 4.0197 -9.4385 1.7517 16.5644 1.4457 0.0773
Car -1 -1 4.8674 606.3266 177.4544 629.7767 194.0973 1.5058 1.6245 4.0419 0.8375 1.9567 68.5876 4.8791 0.0767
Car -1 -1 4.8389 587.8601 163.0782 612.1083 181.9044 1.6209 1.6537 4.1007 -0.8200 0.7792 64.2531 4.8259 0.0732
Car -1 -1 -0.1869 664.0261 166.4371 750.3589 198.2283 1.4830 1.5924 3.8670 4.6352 1.1837 34.5598 -0.0551 0.0705
Car -1 -1 0.3287 133.6885 186.5529 342.8505 255.4581 1.4906 1.6150 4.1061 -8.6482 1.8358 17.1087 -0.1335 0.0683
Car -1 -1 1.3450 553.4584 174.8824 589.8308 198.2367 1.5334 1.6382 4.0811 -2.6681 1.6800 49.9423 1.2915 0.0681
Car -1 -1 3.6238 159.4716 178.8128 287.6760 219.2993 1.5273 1.6393 4.1476 -15.0599 1.7678 28.2892 3.1382 0.0678
Car -1 -1 5.2258 123.5160 177.5288 220.5849 217.3093 1.4587 1.5957 3.8982 -17.3847 1.6587 28.8891 4.6879 0.0650
Car -1 -1 -0.4283 819.2585 237.5357 1242.0000 375.0000 1.4739 1.5946 3.7753 2.7776 1.8366 2.7010 0.3164 0.0639
Car -1 -1 1.5723 512.1182 182.8635 540.3716 209.9401 1.4831 1.5968 3.7349 -4.9492 2.1053 42.9067 1.4576 0.0636
Car -1 -1 4.8530 671.9246 161.7312 716.0751 194.0224 1.5020 1.6250 3.9963 4.2309 0.9846 35.7015 4.9697 0.0625
Car -1 -1 4.4596 694.7481 170.9641 727.7033 191.5788 1.6175 1.6952 4.0293 8.2291 1.4692 58.7118 4.5978 0.0621
Car -1 -1 3.7384 45.4884 183.3073 254.0877 249.0232 1.4566 1.6095 3.9768 -10.8294 1.7180 17.1591 3.1822 0.0609
Car -1 -1 4.6171 660.3920 166.0446 700.3704 198.1841 1.4431 1.5472 3.5153 3.3038 1.1373 34.1550 4.7123 0.0602
Car -1 -1 3.8254 1011.7695 194.4144 1242.0000 375.0000 1.4794 1.6194 3.8647 3.7114 1.6317 3.1172 4.6513 0.0578
Car -1 -1 2.2753 721.0614 176.0921 774.3138 198.6443 1.4971 1.6100 3.7291 9.6325 1.7305 50.2123 2.4633 0.0576
Car -1 -1 2.0355 153.0403 183.6268 258.9912 230.3707 1.5048 1.6021 4.2960 -14.6095 1.9316 26.4075 1.5342 0.0573
Car -1 -1 3.4151 247.5165 177.7898 377.2917 220.8445 1.4855 1.5881 4.0673 -10.6751 1.6713 26.1423 3.0307 0.0565
Car -1 -1 4.5002 798.7155 173.8831 853.9213 211.0473 1.5332 1.6011 3.5155 9.4474 1.5809 31.6790 4.7869 0.0549
Car -1 -1 1.1734 645.8505 172.8344 683.8328 191.9613 1.4776 1.5928 4.0475 4.3932 1.4761 57.9120 1.2484 0.0548
Car -1 -1 2.1812 995.4838 173.6895 1110.4019 216.2915 1.5038 1.6473 4.0840 16.6633 1.5370 27.1081 2.7271 0.0544
Car -1 -1 -0.0903 624.2285 165.5760 705.9022 196.8776 1.4612 1.5962 3.7635 2.6114 1.1215 34.5111 -0.0158 0.0535
Car -1 -1 3.7842 0.0000 205.1248 153.1067 375.0000 1.5395 1.6779 4.1065 -6.9207 1.8928 6.7949 3.0092 0.0534
Car -1 -1 2.8392 890.8029 172.0099 996.6013 206.9503 1.5091 1.6404 3.9776 14.8459 1.4726 32.2260 3.2670 0.0531
Car -1 -1 3.6666 0.0000 185.0369 213.4191 253.1717 1.4350 1.6218 4.0331 -11.5397 1.7300 16.5064 3.0639 0.0530
Car -1 -1 1.6147 361.2463 181.1421 393.6606 209.9679 1.5339 1.6038 3.9079 -13.3660 2.0370 41.6967 1.3059 0.0529
Car -1 -1 2.1687 965.7022 177.8299 1088.3146 224.0164 1.4617 1.6082 4.1469 14.3740 1.6441 24.8173 2.6880 0.0528
Car -1 -1 1.9182 737.7621 174.8477 780.5428 197.9550 1.4881 1.6326 3.8348 10.1704 1.6288 48.8826 2.1217 0.0527
Car -1 -1 1.5162 395.9093 177.3342 430.8868 207.2969 1.5727 1.6847 4.1577 -11.1282 1.8398 40.7802 1.2511 0.0517
Car -1 -1 1.5553 596.5792 175.9239 619.1575 197.3826 1.5401 1.6358 3.9918 -0.1584 1.7799 54.3699 1.5520 0.0503