Car -1 -1 1.8041 367.2042 180.4095 429.3862 217.0655 1.4880 1.7077 4.3314 -9.3922 1.8504 32.4017 1.5237 0.8188
Car -1 -1 1.5097 458.7031 176.2426 486.6367 198.1368 1.5094 1.7453 4.3442 -10.0502 1.7682 52.7810 1.3222 0.5077
Car -1 -1 4.6591 585.4673 172.8901 612.9584 196.7516 1.5122 1.6088 3.9037 -0.7205 1.5147 47.7355 4.6437 0.4930
Car -1 -1 4.8245 428.2649 179.1073 475.4207 214.3099 1.4641 1.6491 3.9600 -7.1004 1.7661 32.7904 4.6124 0.3397
Car -1 -1 1.7327 454.8665 176.2600 504.5900 209.8148 1.4167 1.5870 4.0664 -5.8535 1.5818 32.9223 1.5577 0.1891
Car -1 -1 -0.0093 444.7833 176.5760 539.9387 210.5110 1.4370 1.6420 4.0546 -5.1747 1.6077 31.9560 -0.1690 0.1444
Car -1 -1 3.6988 559.6709 173.0769 620.1068 196.7804 1.4921 1.5563 3.6713 -1.2933 1.5071 47.0482 3.6711 0.1322
Car -1 -1 -0.6069 581.1669 172.4511 645.3262 196.8482 1.5376 1.6360 3.9817 0.2617 1.5122 47.2743 -0.6018 0.1280
Car -1 -1 4.8488 457.8642 175.5477 494.8430 203.2411 1.4833 1.5697 3.6666 -7.4986 1.6429 40.8768 4.6681 0.1145
Car -1 -1 4.9913 314.4282 176.3454 410.9034 233.7394 1.4673 1.5771 3.8745 -6.9357 1.5767 20.6539 4.6708 0.0957
Car -1 -1 4.6327 240.9003 167.4467 267.6617 189.1248 1.6951 1.6553 3.7720 -28.8094 1.2723 58.4640 4.1765 0.0919
Car -1 -1 1.3066 442.8136 180.2782 503.4569 217.1098 1.4254 1.6625 3.5487 -5.8513 1.7612 30.6729 1.1192 0.0853
Car -1 -1 0.3797 445.5347 176.6820 504.8922 197.8893 1.4762 1.6705 3.8484 -9.6362 1.7576 51.8517 0.1965 0.0774
Car -1 -1 1.8443 354.0210 182.6521 435.1678 229.1433 1.4063 1.5901 4.1277 -7.2631 1.7708 24.7698 1.5615 0.0724
Car -1 -1 1.6380 457.6791 175.8888 485.8328 199.4571 1.5834 1.6788 4.2080 -9.7413 1.8081 51.2292 1.4507 0.0710
Car -1 -1 4.9115 223.4558 164.2006 260.5740 193.7965 2.2272 1.7734 4.2789 -28.7708 1.5760 56.5969 4.4429 0.0709
Car -1 -1 1.6500 425.3838 184.8701 471.0216 221.6741 1.4225 1.6216 3.6800 -6.8903 1.9724 31.0849 1.4331 0.0616
Car -1 -1 1.8628 412.2224 181.3168 440.7450 197.9150 1.4719 1.5181 3.9996 -17.2375 2.2944 68.0893 1.6154 0.0610
Car -1 -1 1.7726 462.1920 172.9010 503.1628 200.4346 1.5812 1.6481 4.0432 -7.5907 1.5842 43.4884 1.6005 0.0589
Car -1 -1 -0.8125 614.0973 175.2819 676.4923 200.4089 1.5415 1.6757 4.0929 2.3466 1.7053 46.6739 -0.7631 0.0574
Car -1 -1 1.7144 453.7868 178.0482 500.4199 211.8718 1.4765 1.6071 3.9738 -6.2002 1.7367 34.1293 1.5356 0.0572
Car -1 -1 4.9675 372.7858 175.5744 463.4331 230.5701 1.4660 1.6337 3.9250 -5.5533 1.5540 21.3931 4.7160 0.0569
Car -1 -1 3.1831 448.3453 176.0433 508.7829 197.4168 1.5431 1.7049 4.3464 -9.6788 1.7850 53.5754 3.0048 0.0558
Car -1 -1 1.9686 478.2673 174.3853 525.4357 201.5587 1.6612 1.5918 3.9541 -6.8795 1.7643 46.4620 1.8220 0.0541
Car -1 -1 1.8707 490.3759 176.6356 529.1653 200.6414 1.6423 1.6483 4.0602 -7.1653 1.9269 52.1728 1.7345 0.0525
Car -1 -1 1.8886 626.1155 176.0253 670.9651 201.4542 1.4820 1.6074 3.9982 2.4660 1.6881 44.7433 1.9428 0.0524
Car -1 -1 0.6875 343.4149 181.3339 443.3166 216.6066 1.4722 1.6627 4.2079 -9.7285 1.8722 32.4571 0.3981 0.0522
Car -1 -1 3.8380 202.8712 166.3129 264.4632 188.3198 1.7171 1.7112 4.2565 -29.9888 1.2068 57.5953 3.3597 0.0515
Car -1 -1 4.8374 367.7324 178.1606 415.5280 212.8889 1.4798 1.6199 4.0447 -10.0549 1.7420 33.5239 4.5478 0.0514
Car -1 -1 3.0172 414.6149 178.4260 505.4885 212.0446 1.4222 1.5728 3.8232 -6.7083 1.6825 32.3356 2.8139 0.0509
Car -1 -1 1.7018 583.1229 172.3940 617.9803 200.3235 1.6216 1.6279 3.8644 -0.5042 1.5949 43.9088 1.6900 0.0504
Car -1 -1 4.9877 442.7052 180.3175 494.0266 213.1125 1.5022 1.5717 3.5870 -6.9340 1.8911 35.7475 4.7970 0.0501