Car -1 -1 1.3256 540.9994 179.2981 567.7952 196.0835 1.4907 1.5727 4.0691 -5.2245 2.1168 67.9302 1.2488 0.1679
Car -1 -1 3.5737 194.9709 180.7150 322.9169 226.7126 1.5579 1.5902 3.7534 -12.3381 1.8451 25.5406 3.1274 0.1576
Car -1 -1 1.7675 353.3740 192.6846 384.0200 212.5450 1.5210 1.7425 3.8746 -20.4339 3.2627 61.3419 1.4468 0.1354
Car -1 -1 5.0764 255.9247 182.8859 339.0277 230.2896 1.5633 1.6096 3.5528 -11.2996 1.9550 26.3651 4.6748 0.1211
Car -1 -1 1.6490 238.7632 197.9996 279.2290 228.9674 1.4764 1.7042 3.9017 -19.3658 2.9439 39.9820 1.2002 0.1159
Car -1 -1 0.9462 331.2543 192.2339 375.6277 211.7846 1.4918 1.7325 3.5670 -21.3820 3.1555 60.2111 0.6060 0.1148
Car -1 -1 1.7029 471.7418 178.5807 495.3388 195.3077 1.4835 1.6111 4.4254 -11.7999 2.0392 67.7719 1.5308 0.0946
Car -1 -1 5.0124 221.3018 199.3243 289.7996 240.8497 1.4894 1.6312 3.2896 -14.5661 2.6489 29.8576 4.5616 0.0782
Car -1 -1 1.7558 203.3070 194.2455 253.1465 224.9024 1.4737 1.7042 4.0783 -21.0388 2.7233 39.9522 1.2736 0.0662
Car -1 -1 1.8267 341.6145 192.5237 375.6539 212.8269 1.4896 1.6985 3.8256 -20.3788 3.1445 58.7332 1.4937 0.0658
Car -1 -1 1.7952 213.4514 194.4753 259.9372 223.5379 1.4728 1.5969 3.6030 -21.3302 2.7715 41.3975 1.3217 0.0641
Car -1 -1 5.0817 284.3758 151.5575 372.2746 201.6464 1.9224 1.8765 4.5044 -11.5364 1.1051 29.9493 4.7167 0.0628
Car -1 -1 1.7228 235.4710 199.6685 295.6936 239.2219 1.4463 1.7836 3.7983 -14.8209 2.6855 31.2704 1.2830 0.0620
Car -1 -1 1.8580 460.5460 175.4258 491.2108 194.6102 1.6987 1.6674 4.1720 -12.3028 1.9439 66.6317 1.6758 0.0556
Car -1 -1 2.1695 276.5427 195.2352 393.3026 253.3834 1.4817 1.5464 3.5413 -8.1571 2.2156 21.7563 1.8142 0.0520