Car -1 -1 4.3913 761.5646 161.2903 1013.7629 312.5031 1.5635 1.6855 4.4029 3.3395 1.4439 9.6631 4.7137 0.9696
Car -1 -1 4.8767 530.8057 168.4880 595.6642 214.2354 1.5098 1.6203 4.4550 -1.5807 1.3657 26.1122 4.8163 0.9470
Car -1 -1 1.8468 367.5744 177.7374 497.0017 261.8760 1.5242 1.6306 3.8315 -3.5788 1.6406 15.2507 1.6194 0.9394
Car -1 -1 4.9199 705.8594 171.9600 783.3466 223.2128 1.4434 1.5962 3.9013 4.2780 1.4182 22.4280 5.1054 0.9340
Car -1 -1 1.7483 452.1770 173.4329 512.1337 215.7982 1.4567 1.5351 3.7610 -4.6449 1.4797 26.7472 1.5775 0.9334
Car -1 -1 -0.4342 1051.4989 145.4780 1156.1713 173.1778 1.4875 1.6132 4.5188 27.2529 0.0174 39.9062 0.1616 0.2517
Car -1 -1 3.8522 903.1035 138.5508 1013.0863 179.9374 1.5366 1.6390 3.8044 13.8335 0.2630 28.8600 4.2953 0.2133
Car -1 -1 1.6072 508.3374 183.1048 539.1278 212.9051 1.5116 1.5492 3.6803 -4.6939 2.1040 39.8017 1.4900 0.2110
Car -1 -1 -0.1921 1058.6708 156.8121 1176.8511 192.3176 1.4330 1.5787 3.8645 21.4453 0.7856 30.6221 0.4143 0.1719
Car -1 -1 4.4402 803.4510 151.6825 845.8922 178.0331 1.6756 1.6740 4.0101 14.2209 0.3293 47.8994 4.7271 0.1687
Car -1 -1 4.4566 728.7651 161.4904 798.6442 203.9620 1.4736 1.6083 3.8861 5.6795 1.0793 27.0155 4.6613 0.1407
Car -1 -1 2.9567 803.7625 153.0602 870.4734 177.5368 1.5554 1.6470 3.8964 14.7423 0.2976 46.8980 3.2595 0.1380
Car -1 -1 1.4078 496.2869 172.8138 528.3361 195.6392 1.5511 1.6177 4.0454 -6.9389 1.5484 51.2040 1.2735 0.1282
Car -1 -1 1.2147 567.4845 167.5605 611.0887 193.9286 1.6836 1.6602 3.8748 -1.3984 1.3456 48.1772 1.1855 0.0967
Car -1 -1 2.2791 299.2442 191.2668 433.9991 252.5238 1.4379 1.5665 3.6132 -6.6360 2.0008 20.0891 1.9633 0.0928
Car -1 -1 3.0731 757.3281 151.9996 833.6060 179.4813 1.5494 1.6290 4.1790 10.7224 0.3736 41.8568 3.3221 0.0854
Car -1 -1 4.9395 757.8991 160.2807 823.8590 203.8703 1.5081 1.5855 3.7865 6.8483 1.0731 27.0107 5.1849 0.0846
Car -1 -1 1.8326 580.8132 180.9587 621.9204 207.5971 1.4689 1.5354 3.7261 -0.4422 1.9742 42.9959 1.8218 0.0766
Car -1 -1 1.8841 353.4086 177.5348 444.7612 232.1040 1.4988 1.5894 3.7044 -6.3081 1.6538 22.0205 1.6078 0.0764
Car -1 -1 1.5732 698.7234 180.2853 737.6796 216.7941 1.4614 1.5926 3.8874 4.7784 1.8094 31.7529 1.7205 0.0761
Car -1 -1 1.5467 574.1664 179.6985 605.7651 208.5756 1.4794 1.6487 4.0568 -1.1300 1.8786 40.0142 1.5181 0.0724
Car -1 -1 4.3514 1043.4980 155.6394 1122.2207 191.5173 1.4958 1.6362 3.9162 20.9876 0.7781 32.1688 4.9252 0.0709
Car -1 -1 1.5509 592.9074 179.2374 623.8610 207.9884 1.4728 1.6254 4.0523 -0.1080 1.8440 39.9132 1.5476 0.0693
Car -1 -1 4.1076 1031.1074 150.2924 1105.6927 179.0202 1.5598 1.6363 3.9293 26.0844 0.3348 41.1750 4.6691 0.0678
Car -1 -1 1.0919 1077.4569 161.6313 1209.7509 214.1702 1.4033 1.5860 3.6582 15.5121 1.1035 21.1966 1.7168 0.0677
Car -1 -1 1.2482 502.2182 189.8848 553.2944 221.4788 1.4697 1.6012 3.5431 -4.3081 2.4031 37.6034 1.1342 0.0659
Car -1 -1 2.9849 769.2435 161.6082 890.2635 205.9263 1.4991 1.6266 3.8726 7.6832 1.1187 25.4685 3.2743 0.0641
Car -1 -1 -0.5011 895.3121 142.7707 1018.3424 184.0394 1.5355 1.6366 3.9730 13.3098 0.4162 27.7786 -0.0583 0.0600
Car -1 -1 2.9256 475.2616 185.8186 549.7356 215.7646 1.4987 1.6077 3.7005 -5.2124 2.2190 38.7016 2.7921 0.0582
Car -1 -1 3.5985 692.7207 163.2004 804.7584 205.8768 1.4682 1.5758 3.7393 5.0880 1.1361 26.5750 3.7852 0.0558
Car -1 -1 1.6982 491.7031 180.9534 527.1157 208.0927 1.4789 1.5727 3.9272 -5.8459 1.9777 42.4654 1.5618 0.0532
Car -1 -1 3.2840 784.8734 158.0014 850.4024 182.3595 1.5346 1.5976 3.9150 13.5468 0.5988 46.9863 3.5629 0.0504
Car -1 -1 4.7492 550.0895 175.4587 595.4764 216.7111 1.5173 1.6548 4.1208 -1.4064 1.6289 28.8697 4.7003 0.0503