Car -1 -1 0.9872 478.2023 172.9650 578.7692 215.0816 1.4820 1.7200 4.3525 -2.9785 1.2166 27.1056 0.8808 0.8764
Car -1 -1 5.4557 0.0000 156.7514 297.3837 370.0000 1.5441 1.5900 3.8903 -3.2433 1.4919 3.5330 4.7586 0.5551
Car -1 -1 4.3729 517.7764 164.4124 564.0511 190.2609 1.5401 1.6537 4.0017 -4.0052 0.5812 44.2898 4.2853 0.2982
Car -1 -1 1.7331 240.5456 183.8438 287.3802 213.9137 1.5537 1.6580 4.2424 -18.8321 1.7500 39.3050 1.2910 0.2593
Car -1 -1 4.9036 5.3527 187.9730 52.2973 213.7394 1.4747 1.5642 3.6252 -35.3872 1.9556 43.5748 4.2266 0.2541
Car -1 -1 5.3166 0.0000 193.6877 92.2115 242.3105 1.5223 1.6711 4.6289 -21.0511 2.0473 25.7903 4.6396 0.1933
Car -1 -1 4.5276 497.4877 164.7293 524.2938 183.5303 1.6043 1.6653 3.9057 -8.2612 0.2580 62.4485 4.3986 0.1555
Car -1 -1 3.9439 859.2826 149.5781 922.0371 175.0582 1.6088 1.7066 3.8715 19.2523 -0.3836 47.6609 4.3274 0.1511
Car -1 -1 4.6448 481.7710 161.5850 515.6104 189.1363 1.4799 1.6346 4.1257 -6.0313 0.4635 40.1670 4.4989 0.1480
Car -1 -1 5.1025 0.0000 189.0091 339.0049 370.0000 1.5170 1.7170 4.3504 -3.2831 1.6057 5.0963 4.5596 0.1408
Car -1 -1 4.5700 552.3656 168.3189 583.1921 192.8806 1.5740 1.5498 3.7312 -2.4647 0.7930 47.2895 4.5200 0.1372
Car -1 -1 4.2133 0.0000 195.2736 59.4724 253.3938 1.4514 1.7170 4.0572 -17.6322 1.8994 19.9391 3.4987 0.1134
Car -1 -1 4.9319 541.3976 164.1796 583.0064 191.4784 1.6278 1.6935 4.3339 -2.5732 0.6542 44.4370 4.8763 0.1050
Car -1 -1 3.8277 0.0000 199.6050 13.7389 263.8129 1.4678 1.6019 3.9670 -17.4908 1.9718 17.6981 3.0586 0.1035
Car -1 -1 1.5754 572.4348 183.1438 612.2300 219.6554 1.4599 1.6077 3.9680 -0.4940 1.5813 30.5513 1.5609 0.1022
Car -1 -1 4.9045 565.1213 176.9827 602.9645 203.1292 1.5365 1.6067 3.9047 -1.1880 1.3294 43.6084 4.8791 0.1017
Car -1 -1 1.7644 0.0000 190.8413 18.7164 221.8247 1.5095 1.6258 3.4832 -32.6015 2.0878 37.6426 1.0564 0.1002
Car -1 -1 0.3588 513.1292 166.0832 585.5291 191.3933 1.4919 1.6389 4.0772 -3.3214 0.6417 43.0337 0.2842 0.0983
Car -1 -1 1.5095 537.6639 166.1024 568.3207 191.8599 1.4979 1.6313 4.0209 -3.1636 0.6602 43.2168 1.4388 0.0908
Car -1 -1 -0.3787 564.8688 184.4707 670.7263 221.7689 1.4558 1.6149 4.0910 0.5670 1.6287 29.3825 -0.3581 0.0843
Car -1 -1 4.6608 871.2199 159.7169 912.9667 194.5481 1.6138 1.6908 4.1046 14.1811 0.6506 34.9742 5.0446 0.0775
Car -1 -1 0.1555 539.8309 175.2941 606.0101 200.9083 1.5117 1.6197 3.7896 -1.8564 1.2040 42.7483 0.1141 0.0754
Car -1 -1 1.7005 549.0150 182.1488 594.8872 214.0970 1.4341 1.6673 4.1972 -1.4853 1.5184 34.1249 1.6590 0.0705
Car -1 -1 5.3762 0.0000 196.1162 79.9315 259.1086 1.4604 1.6730 3.9384 -16.6139 1.9324 19.3798 4.6771 0.0704
Car -1 -1 1.3742 553.5448 178.7532 585.3333 200.5904 1.4904 1.5499 3.7986 -2.5010 1.3707 50.2861 1.3264 0.0690
Car -1 -1 4.2342 833.9557 160.5159 904.3687 194.2048 1.5498 1.6551 3.7790 12.8477 0.6302 34.5042 4.5894 0.0681
Car -1 -1 1.5585 465.4417 183.4114 500.7883 214.8054 1.4328 1.6172 4.1607 -5.9817 1.5850 34.8649 1.3917 0.0676
Car -1 -1 2.8654 570.2458 177.7700 638.2941 203.4709 1.4855 1.6185 3.7589 -0.0017 1.3273 42.1550 2.8670 0.0655
Car -1 -1 1.4866 541.1778 182.5519 586.4219 219.2503 1.4715 1.6273 4.0624 -1.8105 1.5665 30.7135 1.4299 0.0655
Car -1 -1 -0.8608 875.6398 152.3607 957.7404 183.0129 1.5749 1.6721 4.2491 16.8097 0.1288 37.9985 -0.4456 0.0653
Car -1 -1 0.8481 576.4730 181.3133 663.7396 215.6777 1.4300 1.6516 4.0183 0.6540 1.4684 31.5873 0.8702 0.0644
Car -1 -1 0.8436 856.6462 156.8787 931.3890 187.6091 1.5569 1.6434 3.7140 15.4411 0.3598 37.8454 1.2299 0.0630
Car -1 -1 1.9387 61.4677 191.3925 141.3202 227.9059 1.5382 1.6394 4.2056 -23.5903 2.0863 33.3584 1.3292 0.0625
Car -1 -1 0.6976 0.0000 171.8658 379.6277 370.0000 1.5274 1.5581 3.8668 -3.3194 1.4932 3.5890 -0.0039 0.0619
Car -1 -1 1.8393 0.0000 193.8852 63.3197 226.9482 1.4785 1.6326 3.9763 -28.7624 2.1910 35.5056 1.1643 0.0606
Car -1 -1 4.9901 19.7464 192.7149 543.5921 370.0000 1.5149 1.6674 4.0830 -1.4315 1.6330 4.7931 4.7190 0.0603
Car -1 -1 3.2113 566.7034 180.6115 642.7484 210.0403 1.4615 1.6321 3.7716 0.0692 1.4670 36.0724 3.2148 0.0601
Car -1 -1 0.8337 0.0000 196.6615 41.5531 229.0126 1.4684 1.6699 3.6364 -29.6006 2.2742 34.2070 0.1264 0.0599
Car -1 -1 5.2715 244.9117 185.2533 315.6281 214.5774 1.5039 1.6601 4.0083 -17.7856 1.7801 39.0398 4.8487 0.0599
Car -1 -1 3.0294 517.4618 183.2834 589.8555 212.8721 1.4555 1.6729 3.5272 -2.6028 1.6019 36.1355 2.9597 0.0591
Car -1 -1 -0.1209 535.7658 170.4745 604.7014 195.9819 1.5672 1.6352 4.1781 -2.1572 0.9508 44.5955 -0.1671 0.0591
Car -1 -1 4.8350 561.9752 182.9186 600.3107 212.3494 1.4610 1.5656 3.7599 -1.1634 1.5951 37.3631 4.8057 0.0590
Car -1 -1 4.9561 90.2229 187.9026 148.6000 220.5255 1.4906 1.5678 3.5072 -23.9758 1.8777 35.0919 4.3625 0.0570
Car -1 -1 1.6070 0.0000 193.2510 20.0185 229.9325 1.4591 1.6761 4.1942 -27.4091 2.0712 31.7939 0.9020 0.0567
Car -1 -1 5.6246 0.0000 0.0000 159.3336 370.0000 1.6176 1.6862 4.1664 -3.6878 1.4760 2.4627 4.7029 0.0557
Car -1 -1 1.7093 0.0000 190.3009 27.3292 219.6664 1.5168 1.6132 4.1310 -34.1149 2.1032 40.1519 1.0104 0.0550
Car -1 -1 1.6134 525.2329 166.2282 555.7885 192.2584 1.4754 1.6250 4.1853 -3.7485 0.6661 42.2022 1.5273 0.0538
Car -1 -1 2.0473 585.3255 176.9063 637.3592 201.7823 1.4935 1.6031 4.0345 0.5097 1.2774 44.6079 2.0602 0.0535
Car -1 -1 2.1575 20.1003 191.1656 138.7924 231.0819 1.4413 1.6983 4.4511 -21.3242 1.9124 28.9940 1.5301 0.0521
Car -1 -1 4.3686 0.0000 194.5304 47.9059 250.5181 1.4505 1.6684 4.0317 -18.3941 1.8990 20.8962 3.6559 0.0519
Car -1 -1 1.0479 232.0012 184.2114 289.0667 207.6830 1.4663 1.6244 3.9662 -22.6247 1.7195 46.5263 0.5996 0.0515
Car -1 -1 3.3463 487.7989 164.4236 536.1970 183.5373 1.6412 1.6966 3.9233 -8.0131 0.2602 61.7095 3.2196 0.0511