Car -1 -1 5.0980 25.0491 179.0061 443.7715 375.0000 1.5019 1.6094 4.0558 -2.7282 1.5737 6.3811 4.7077 0.9485
Car -1 -1 4.7166 594.0954 167.7843 620.3801 193.6538 1.6023 1.6281 3.9724 -0.1421 1.2883 46.6784 4.7132 0.5699
Car -1 -1 1.9423 265.6143 183.2913 358.0169 232.0319 1.4683 1.5744 3.8930 -9.9970 1.8514 24.5299 1.5587 0.4196
Car -1 -1 4.5548 427.4255 182.5072 460.4554 207.2986 1.4739 1.5223 3.6106 -10.6783 2.1207 46.3828 4.3294 0.2797
Car -1 -1 3.2382 135.0963 172.7579 251.3105 210.6078 1.4707 1.6381 3.9806 -16.9517 1.4669 29.5946 2.7217 0.2788
Car -1 -1 0.5555 53.7979 167.9402 197.8236 213.3065 1.5654 1.6796 3.9963 -17.2030 1.3958 25.7925 -0.0281 0.2293
Car -1 -1 5.1599 215.4906 174.3022 289.6578 208.7398 1.4954 1.5726 3.8009 -16.4261 1.5663 33.3984 4.7058 0.2210
Car -1 -1 1.6975 59.3379 186.9969 96.0412 208.6058 1.4116 1.6325 3.9651 -38.3143 2.4736 52.0508 1.0652 0.1883
Car -1 -1 2.1400 64.2331 174.3214 197.0141 225.5017 1.5811 1.7068 4.2653 -16.0993 1.6354 24.5507 1.5644 0.1531
Car -1 -1 1.6207 590.3737 169.1032 621.2762 197.0277 1.6178 1.6729 4.1626 -0.1836 1.4005 43.9186 1.6161 0.1485
Car -1 -1 3.5158 164.1063 174.3504 271.4097 208.5340 1.4748 1.5972 3.8994 -17.4315 1.5438 32.2418 3.0234 0.1485
Car -1 -1 1.7837 370.7145 198.6436 466.4596 269.7237 1.4760 1.5679 3.6423 -4.6872 2.1916 18.1729 1.5340 0.1436
Car -1 -1 1.4370 424.6273 178.5411 461.2411 205.6848 1.5539 1.6508 4.2427 -10.3278 1.9229 44.5365 1.2100 0.1299
Car -1 -1 4.1522 263.0285 171.4743 332.1654 200.2925 1.4662 1.5975 3.8264 -16.6464 1.3960 38.4538 3.7460 0.1287
Car -1 -1 4.4238 279.2938 173.1307 328.0747 200.0113 1.5137 1.6266 3.8717 -18.1284 1.5309 42.6856 4.0242 0.1281
Car -1 -1 3.5488 280.6444 175.9918 357.5814 202.3369 1.4808 1.5158 3.8234 -16.6911 1.6650 41.5581 3.1689 0.1185
Car -1 -1 2.0327 111.6049 166.6140 211.1491 211.0386 1.4953 1.5780 3.6692 -16.1323 1.2853 26.1823 1.4849 0.1120
Car -1 -1 1.6270 61.1826 185.7771 95.0805 211.0625 1.5884 1.6362 4.2479 -36.6484 2.5208 49.8298 0.9952 0.1075
Car -1 -1 1.4358 269.0454 180.8051 296.4293 200.9176 1.5508 1.5443 3.8989 -26.8965 2.2273 59.3284 1.0116 0.1065
Car -1 -1 1.6977 135.2441 188.9024 168.2263 209.8337 1.4357 1.6232 3.9404 -34.7754 2.7037 54.8833 1.1349 0.0978
Car -1 -1 5.0637 435.7899 181.0419 480.5840 205.1657 1.4553 1.5842 3.9597 -9.8050 2.0123 47.0096 4.8588 0.0924
Car -1 -1 4.9344 332.6731 188.6014 413.8437 242.6042 1.4384 1.5850 3.6564 -7.1678 1.9644 22.2113 4.6252 0.0905
Car -1 -1 2.1027 205.4034 186.4772 316.5033 235.7564 1.4277 1.5668 3.8530 -11.4498 1.9182 23.9930 1.6614 0.0841
Car -1 -1 3.4174 317.6844 179.9234 383.7883 204.5995 1.5024 1.6051 3.6112 -16.2352 1.9560 45.3775 3.0753 0.0826
Car -1 -1 2.2602 30.2967 181.1895 106.1936 210.6228 1.6168 1.4980 3.8148 -31.9193 2.1323 42.6774 1.6208 0.0820
Car -1 -1 1.7893 260.6226 184.2237 344.2883 236.3306 1.4584 1.6148 4.0367 -9.7730 1.8583 23.2516 1.3951 0.0813
Car -1 -1 1.9206 300.5093 183.7892 405.8361 241.8488 1.4504 1.5895 3.8686 -7.2180 1.7938 20.7075 1.5887 0.0793
Car -1 -1 1.3807 434.4092 178.9947 474.4551 206.3344 1.5352 1.6289 4.0811 -9.4383 1.9258 43.6990 1.1688 0.0789
Car -1 -1 3.9832 397.4351 181.5043 458.3761 206.9736 1.5026 1.5854 3.8168 -11.4646 2.0684 45.4682 3.7372 0.0761
Car -1 -1 4.6471 121.5672 177.2585 152.4167 200.0374 1.5615 1.6180 4.0916 -34.3474 1.8944 52.4057 4.0690 0.0742
Car -1 -1 3.7093 31.8702 187.6885 106.0856 209.3911 1.4641 1.5659 3.9702 -38.0602 2.5288 50.8640 3.0692 0.0735
Car -1 -1 2.1556 175.1655 174.2532 265.0682 211.8012 1.4605 1.5309 3.6397 -16.1329 1.5225 30.0908 1.6669 0.0720
Car -1 -1 1.5992 270.0823 186.2565 294.0193 207.9497 1.5140 1.5449 3.7257 -24.8705 2.5706 54.8662 1.1751 0.0715
Car -1 -1 3.9699 0.0000 193.9256 146.5873 243.7911 1.4369 1.6466 3.9512 -17.1187 2.1428 22.9830 3.3351 0.0702
Car -1 -1 1.5060 416.5164 182.1784 446.3994 207.8771 1.5402 1.6275 4.1776 -11.6632 2.1778 47.1043 1.2641 0.0680
Car -1 -1 2.0283 268.5624 183.4898 401.1050 248.5730 1.4843 1.6326 4.0926 -7.1580 1.7996 19.2698 1.6766 0.0664
Car -1 -1 4.8883 319.8987 173.4594 361.7733 201.5400 1.5790 1.6325 4.0545 -15.8793 1.6167 42.8035 4.5348 0.0654
Car -1 -1 1.7175 346.5211 176.3041 382.8103 202.8575 1.6157 1.6201 4.1770 -15.7864 1.8494 46.6749 1.3928 0.0642
Car -1 -1 3.0792 578.7064 167.9140 639.9403 192.8629 1.5498 1.5836 3.7884 -0.0434 1.2429 45.7320 3.0779 0.0635
Car -1 -1 1.5870 490.3245 180.8591 516.6065 206.5869 1.4968 1.5633 3.9940 -6.6317 2.0230 45.3528 1.4422 0.0632
Car -1 -1 1.8829 413.2946 181.0432 462.3116 209.0957 1.5300 1.6363 4.0889 -10.0941 2.0384 42.6862 1.6516 0.0631
Car -1 -1 4.1808 32.9085 180.7870 104.2027 208.0621 1.5711 1.6639 4.0496 -33.0044 2.0721 44.0167 3.5402 0.0625
Car -1 -1 2.0854 40.6852 187.3584 100.6299 210.2311 1.4606 1.5763 4.0739 -37.9137 2.5260 50.8806 1.4473 0.0617
Car -1 -1 4.1862 0.0000 190.5608 73.4526 242.2757 1.4491 1.6126 4.0891 -19.0876 2.0415 22.6778 3.4922 0.0612
Car -1 -1 2.0470 43.1672 173.1133 167.9797 223.9796 1.5908 1.7186 4.2797 -17.1424 1.6006 24.8181 1.4474 0.0604
Car -1 -1 1.8207 471.1344 179.9159 512.5595 205.7767 1.4691 1.5619 3.9729 -7.1489 1.9213 44.1559 1.6607 0.0581
Car -1 -1 5.1082 189.0349 177.8146 269.6913 218.5435 1.5068 1.5085 3.8141 -15.2426 1.7206 29.1356 4.6297 0.0580
Car -1 -1 1.4302 581.7780 168.2804 617.3043 194.7685 1.5798 1.6438 4.2475 -0.6769 1.3070 45.2584 1.4150 0.0562
Car -1 -1 2.2312 0.0000 192.9692 92.4237 248.3685 1.4270 1.6187 3.8044 -17.8400 2.0907 21.8928 1.5532 0.0548
Car -1 -1 3.8633 263.1152 173.9348 344.0659 200.8528 1.4840 1.6292 4.2594 -17.5265 1.5481 41.3438 3.4644 0.0547
Car -1 -1 -1.5517 650.7923 176.0000 677.6514 201.4901 1.4836 1.5790 4.0427 3.4148 1.6872 44.5984 -1.4762 0.0546
Car -1 -1 4.8100 67.9721 180.1705 115.5959 213.1491 1.5875 1.6333 3.9433 -27.0479 1.9922 37.7895 4.1920 0.0545
Car -1 -1 1.4413 599.4703 171.2904 635.8672 198.5101 1.5447 1.6538 4.0763 0.4355 1.4560 43.0699 1.4509 0.0545
Car -1 -1 1.7742 9.3624 182.9168 54.3342 206.9660 1.4969 1.6246 3.7951 -38.9234 2.2047 48.6939 1.1024 0.0541
Car -1 -1 5.1168 6.9414 190.3535 123.9298 242.9850 1.4837 1.6416 3.9360 -17.8100 2.1130 23.8432 4.4804 0.0532
Car -1 -1 1.8625 352.0684 175.3717 395.9535 200.5319 1.6384 1.7194 4.2010 -16.1037 1.8186 49.5267 1.5494 0.0528
Car -1 -1 1.4502 343.3568 193.7944 428.4219 263.9060 1.4814 1.6339 3.9664 -5.8744 2.0855 18.6700 1.1487 0.0526
Car -1 -1 4.0246 389.5237 188.9995 471.3705 222.5364 1.4843 1.6403 4.1929 -8.8917 2.3255 35.6838 3.7816 0.0523
Car -1 -1 3.4223 257.9560 187.8787 406.4040 240.5810 1.4485 1.5810 3.7983 -8.0933 1.9117 21.3035 3.0629 0.0522
Car -1 -1 2.0536 172.4675 182.5758 226.9470 206.2442 1.5710 1.6174 4.2155 -29.3292 2.2973 51.7752 1.5402 0.0521
Car -1 -1 3.4208 254.1025 183.3533 391.3543 229.8187 1.4846 1.6088 4.0388 -9.6404 1.8553 24.4872 3.0490 0.0515
Car -1 -1 1.9120 301.6278 197.5788 424.6739 270.9498 1.4607 1.6158 3.8288 -5.8494 2.1301 17.6012 1.5949 0.0513
Car -1 -1 1.8332 299.1004 182.0657 340.2073 205.4503 1.5028 1.6334 4.1118 -20.1052 2.1709 50.1909 1.4537 0.0513
Car -1 -1 3.8856 101.4984 186.6874 164.2562 207.7720 1.4968 1.5862 3.8463 -35.4900 2.5483 53.7511 3.3041 0.0503