Car -1 -1 4.3851 729.9869 177.9162 1031.8579 369.2342 1.4427 1.5989 3.8427 2.4184 1.5089 7.4864 4.6849 0.9487
Car -1 -1 4.5037 660.2940 171.6439 749.3252 233.8592 1.5558 1.6335 4.0183 2.5362 1.5255 20.1152 4.6265 0.9481
Car -1 -1 4.7733 475.2629 172.6915 540.8798 230.0086 1.5255 1.6514 4.0846 -2.9008 1.5212 21.3018 4.6389 0.9476
Car -1 -1 3.8143 0.0000 193.0159 183.5904 295.4194 1.4400 1.6238 3.6207 -8.9647 1.7796 11.3130 3.1554 0.8775
Car -1 -1 4.5907 646.8373 169.8014 704.5601 213.1289 1.4556 1.6210 3.7873 2.3235 1.3531 26.1616 4.6778 0.6992
Car -1 -1 4.6404 638.6418 164.9544 677.0411 198.2934 1.6140 1.6729 3.9221 2.4170 1.2316 36.8981 4.7049 0.6628
Car -1 -1 4.7787 523.7699 175.2149 561.6973 208.9747 1.5407 1.5823 3.8379 -3.2034 1.6620 35.1379 4.6879 0.5896
Car -1 -1 4.7684 494.6115 168.5246 545.7962 214.4742 1.5499 1.6291 3.7631 -3.1845 1.4039 26.2675 4.6485 0.4456
Car -1 -1 3.3787 481.6956 161.0278 545.6465 181.9471 1.4867 1.6021 4.3402 -6.9261 0.6463 52.3062 3.2475 0.3313
Car -1 -1 0.3337 467.9099 156.5887 536.5496 180.1043 1.5167 1.6112 4.1937 -7.0794 0.4676 47.7203 0.1871 0.2629
Car -1 -1 5.0215 476.0255 156.6420 518.2137 182.5033 1.6650 1.6802 3.9370 -7.5094 0.6212 48.5289 4.8686 0.1329
Car -1 -1 4.8475 481.4991 161.5941 511.0041 184.9281 1.6682 1.6439 3.9360 -8.3714 0.8632 53.5670 4.6931 0.1220
Car -1 -1 4.5074 618.6517 164.6165 651.7317 189.0448 1.7188 1.6850 3.7509 1.8352 1.1392 52.7608 4.5417 0.1210
Car -1 -1 4.2544 608.1660 159.0426 657.1473 186.7099 1.7431 1.6765 3.8907 1.4746 0.8729 47.5749 4.2850 0.1191
Car -1 -1 4.7230 543.5618 185.5829 585.5470 225.8242 1.4512 1.5826 3.6773 -1.7924 1.9974 29.0848 4.6613 0.1092
Car -1 -1 3.4547 517.2959 163.8149 574.8218 184.9706 1.6577 1.7294 4.2698 -5.0773 0.9494 57.8569 3.3674 0.0890
Car -1 -1 1.5776 510.1735 185.3637 552.4661 225.4885 1.4459 1.5885 3.6407 -3.1359 1.9827 29.0709 1.4705 0.0830
Car -1 -1 -0.0214 640.1351 162.7547 717.7147 196.6639 1.6268 1.6557 3.7202 3.3935 1.1423 35.5760 0.0726 0.0821
Car -1 -1 3.8712 63.6315 181.2685 216.1191 236.2139 1.5421 1.5936 3.7352 -14.0516 1.8074 21.6658 3.3012 0.0797
Car -1 -1 4.5548 677.0469 158.1029 712.2952 183.2237 1.5129 1.5977 3.9535 5.3153 0.6245 45.4627 4.6702 0.0750
Car -1 -1 4.7804 455.8366 169.3343 494.8506 203.4066 1.4925 1.5329 3.5352 -6.1721 1.3383 33.4485 4.5990 0.0733
Car -1 -1 -0.4452 621.9589 162.9857 684.3702 186.3091 1.6326 1.6850 4.1778 3.1472 0.9419 52.0737 -0.3854 0.0727
Car -1 -1 3.6694 513.3314 162.9513 575.1226 188.8215 1.9376 1.7628 4.4799 -5.0578 1.1959 55.7874 3.5791 0.0593
Car -1 -1 -0.1972 595.3049 158.6679 664.4211 185.0817 1.6548 1.6964 4.1904 1.2824 0.7660 46.3938 -0.1700 0.0589
Car -1 -1 3.0650 622.8018 169.7097 739.0318 213.1416 1.5157 1.6365 4.0545 2.5059 1.4059 26.0339 3.1593 0.0573
Car -1 -1 0.1209 477.5823 160.9053 540.2968 181.7465 1.5421 1.6356 4.5039 -7.5272 0.6580 54.2435 -0.0165 0.0568
Car -1 -1 -0.4832 160.5240 178.0353 510.6988 320.9616 1.4704 1.5643 4.0794 -3.4109 1.5538 9.5923 -0.8170 0.0567
Car -1 -1 4.1802 674.5354 168.9858 734.0926 198.1530 1.5678 1.6277 3.8125 5.3065 1.3599 40.8582 4.3080 0.0563
Car -1 -1 1.5609 542.2767 184.7598 570.7232 212.2128 1.4484 1.5666 3.8182 -3.0885 2.1697 41.7433 1.4869 0.0554
Car -1 -1 -1.0555 1036.3772 187.3795 1242.0000 375.0000 1.4852 1.6515 4.2257 6.5624 1.6594 7.1784 -0.3359 0.0531
Car -1 -1 4.5521 575.3992 194.5770 864.1248 375.0000 1.4585 1.5146 3.6685 0.5344 1.6906 5.8201 4.6367 0.0522
Car -1 -1 1.3540 541.3074 176.6331 609.1185 222.4506 1.5305 1.6426 4.1266 -1.3530 1.6817 26.6728 1.3031 0.0515
Car -1 -1 4.2148 950.6138 178.5631 1242.0000 375.0000 1.5696 1.5951 3.7678 4.6842 1.6377 6.6542 4.8066 0.0507
Car -1 -1 4.5886 653.0226 159.7882 682.3886 184.1463 1.7421 1.6924 3.9751 4.2821 0.8076 53.6289 4.6676 0.0504