Car -1 -1 4.2266 796.6774 191.3280 1229.4161 375.0000 1.4071 1.6559 3.6713 3.0713 1.6203 6.4481 4.6522 0.9751
Car -1 -1 2.1007 0.0000 189.6590 300.0887 334.2669 1.4936 1.6610 3.8447 -5.8726 1.7672 9.8241 1.5733 0.9682
Car -1 -1 1.1930 465.7116 176.6801 520.1630 207.1869 1.4442 1.5874 3.3642 -5.9344 1.6475 36.4741 1.0324 0.9075
Car -1 -1 1.7768 175.5091 175.7648 250.9968 219.0976 1.4898 1.6803 4.0672 -14.8747 1.6088 27.2901 1.2816 0.7140
Car -1 -1 -0.0790 123.6899 177.2735 256.2888 221.6798 1.5710 1.6674 4.3069 -16.1226 1.7530 27.8098 -0.6004 0.5227
Car -1 -1 2.3884 0.0000 194.1449 88.1399 375.0000 1.4609 1.5421 3.6816 -5.8348 1.6679 5.1706 1.5684 0.5102
Car -1 -1 4.4649 370.8885 179.9432 415.5307 207.8253 1.5529 1.7036 3.7300 -13.0073 1.9979 43.2598 4.1741 0.4236
Car -1 -1 1.6076 546.5742 175.1354 570.9062 195.7696 1.4425 1.6283 4.1908 -3.6993 1.6169 53.0307 1.5379 0.4153
Car -1 -1 -0.4306 670.3562 172.0283 728.9561 191.4600 1.4774 1.5994 4.2557 7.0210 1.4146 56.2658 -0.3075 0.3740
Car -1 -1 4.0757 0.0000 210.8158 95.7912 375.0000 1.5128 1.6309 3.8839 -6.9064 1.8983 6.2805 3.2641 0.3290
Car -1 -1 4.6730 670.2584 166.2119 705.7647 199.6139 1.5123 1.5486 3.0678 3.6851 1.2116 34.2508 4.7789 0.2666
Car -1 -1 1.4898 617.9151 177.1805 638.9468 193.9905 1.4925 1.6381 3.9450 1.7273 1.9070 67.1140 1.5150 0.2337
Car -1 -1 2.6489 546.9131 174.5881 609.6274 196.5570 1.5388 1.6782 4.2875 -2.2667 1.6697 52.6441 2.6057 0.2093
Car -1 -1 4.6196 687.3261 164.0207 725.9749 195.3915 1.5484 1.6339 3.8612 5.0036 1.1124 37.5745 4.7506 0.1770
Car -1 -1 4.9266 107.9833 180.3593 182.5918 222.5294 1.4550 1.5736 4.0333 -17.7953 1.7670 27.8300 4.3618 0.1736
Car -1 -1 1.3891 642.6038 175.8540 672.8891 196.5343 1.5073 1.5784 4.2195 3.6587 1.7468 55.4130 1.4543 0.1591
Car -1 -1 0.5826 144.1380 176.2428 276.2189 217.7116 1.5203 1.6733 4.2017 -15.2296 1.6547 27.6235 0.0826 0.1407
Car -1 -1 4.6418 398.9395 171.3119 424.0204 192.8073 1.6820 1.6855 4.0624 -16.1309 1.5613 58.6560 4.3743 0.1372
Car -1 -1 2.1414 982.7847 167.3797 1095.1334 209.9982 1.4476 1.5498 4.0786 15.5623 1.2617 26.1201 2.6735 0.1346
Car -1 -1 1.2680 577.7661 176.5881 613.5353 197.7963 1.5142 1.5616 4.0378 -1.0907 1.8071 54.4379 1.2477 0.1283
Car -1 -1 4.1418 635.0739 174.1851 679.4823 193.8009 1.4752 1.5929 3.9546 3.7062 1.5837 56.6659 4.2064 0.1266
Car -1 -1 4.3695 488.6618 169.4091 521.7993 188.0300 1.6707 1.7295 4.2115 -9.7216 1.3616 67.0034 4.2257 0.1224
Car -1 -1 5.3128 10.8987 225.4261 391.5505 375.0000 1.4900 1.5633 3.5917 -3.7953 2.1728 7.4825 4.8565 0.1221
Car -1 -1 1.7516 537.5113 172.8781 571.1680 196.2063 1.5931 1.6462 4.2964 -3.8937 1.5949 51.5029 1.6761 0.1215
Car -1 -1 3.2150 563.8970 162.8496 616.0726 180.1765 1.4835 1.6048 4.4246 -1.6752 0.6269 62.6796 3.1882 0.1195
Car -1 -1 1.2791 1003.7947 171.0436 1096.1980 216.1866 1.4338 1.5634 4.2365 15.2159 1.3763 25.1626 1.8175 0.1186
Car -1 -1 1.9422 149.5625 186.9420 246.2492 232.9273 1.4244 1.5788 4.1596 -14.6016 1.9715 25.8480 1.4322 0.1181
Car -1 -1 1.4098 635.8765 177.0059 665.1212 197.9239 1.4963 1.5979 3.8662 3.0502 1.8209 54.4145 1.4651 0.1175
Car -1 -1 1.9058 529.2428 172.5999 572.5091 198.1807 1.6889 1.6789 4.2370 -4.0032 1.6721 49.8986 1.8257 0.1081
Car -1 -1 4.8324 493.0500 165.9745 515.9024 185.4217 1.7759 1.6784 3.8133 -9.8458 1.1476 67.8145 4.6885 0.1068
Car -1 -1 3.1810 633.7521 164.7726 702.6836 196.4836 1.4309 1.5876 3.1203 2.7482 1.0662 33.5324 3.2617 0.1008
Car -1 -1 -0.1518 666.0062 166.7407 755.9923 199.6181 1.4899 1.6130 3.9397 4.6659 1.2128 33.5331 -0.0152 0.1002
Car -1 -1 4.7459 545.4496 161.6266 578.1194 193.5823 1.5356 1.5295 3.2172 -2.3669 0.9961 36.3054 4.6810 0.1002
Car -1 -1 0.4695 73.3342 178.6858 200.5835 220.1835 1.4887 1.5805 3.6892 -17.6874 1.7159 27.1356 -0.1038 0.0989
Car -1 -1 4.7424 498.8419 181.7105 527.9913 208.9363 1.4936 1.5975 3.7142 -5.6595 2.0422 42.7660 4.6111 0.0965
Car -1 -1 2.2034 0.0000 181.6165 50.7867 375.0000 1.5272 1.6390 4.1969 -5.2909 1.6054 4.2039 1.3352 0.0899
Car -1 -1 5.2707 90.7355 179.2699 200.3169 221.6584 1.4329 1.5770 3.9371 -17.1884 1.6901 26.9597 4.7074 0.0892
Car -1 -1 -0.3848 511.0713 180.4179 584.6287 208.4678 1.5322 1.6393 3.9287 -3.5761 1.9885 41.9076 -0.4699 0.0840
Car -1 -1 1.1895 607.9135 180.0115 649.9971 200.8930 1.4769 1.6897 4.3868 1.4269 2.0457 54.9931 1.2148 0.0840
Car -1 -1 1.8624 219.3765 182.2421 301.5333 228.4802 1.4261 1.5484 3.6634 -11.9688 1.7760 24.9641 1.4191 0.0824
Car -1 -1 0.6600 458.0501 184.1217 528.1030 211.7791 1.4832 1.6187 3.7956 -6.7311 2.1587 41.6350 0.5003 0.0812
Car -1 -1 -0.3914 650.2841 172.3619 707.8242 192.5869 1.5284 1.6648 4.1154 5.3786 1.4913 55.9252 -0.2964 0.0797
Car -1 -1 0.5108 147.5378 180.3472 278.8219 220.2249 1.4063 1.5679 3.9811 -14.5234 1.6905 26.5623 0.0144 0.0779
Car -1 -1 1.8299 399.0283 182.4980 436.6824 206.3303 1.5075 1.5437 3.8156 -12.9936 2.1891 49.0929 1.5721 0.0773
Car -1 -1 1.4517 379.0607 177.8750 417.7993 206.3982 1.5376 1.6857 4.0951 -12.2987 1.8445 41.8887 1.1675 0.0756
Car -1 -1 4.6893 576.7333 163.2722 596.3096 181.2983 1.5305 1.6224 4.0550 -2.0489 0.7169 63.3296 4.6569 0.0740
Car -1 -1 3.6702 0.0000 195.2617 99.6088 375.0000 1.4812 1.5769 3.8910 -6.3248 1.6887 5.3259 2.8241 0.0733
Car -1 -1 3.1026 532.0078 174.6298 590.2053 195.1963 1.4596 1.6014 4.1562 -3.5416 1.5911 52.4014 3.0351 0.0720
Car -1 -1 4.6768 544.4110 174.5207 573.6318 201.1890 1.5192 1.6115 3.8969 -3.0759 1.6241 43.3804 4.6060 0.0711
Car -1 -1 1.0712 974.4963 167.1270 1077.3282 208.6339 1.4246 1.6048 3.8963 15.2810 1.2280 26.7238 1.5856 0.0698
Car -1 -1 0.5002 365.8520 183.0373 430.6308 206.6035 1.4940 1.6183 3.8274 -14.0353 2.1881 47.9812 0.2167 0.0696
Car -1 -1 5.0083 673.5696 164.6709 731.3114 198.7783 1.5270 1.6311 4.0305 4.4981 1.1607 34.4767 5.1366 0.0690
Car -1 -1 2.0731 514.0489 176.3068 565.5803 201.6066 1.6066 1.6781 4.1218 -4.6471 1.8501 48.6520 1.9779 0.0690
Car -1 -1 2.2868 0.0000 201.5254 86.3816 375.0000 1.4925 1.6052 3.9528 -6.5830 1.8182 6.1611 1.4899 0.0677
Car -1 -1 0.2581 236.1398 171.3323 371.7675 215.9493 1.4924 1.6250 4.0815 -10.5788 1.4415 25.2166 -0.1357 0.0639
Car -1 -1 3.3448 656.0048 164.5208 739.2305 195.1581 1.4904 1.6276 3.9320 4.4626 1.0850 36.4966 3.4652 0.0633
Car -1 -1 4.8450 552.3734 178.2165 581.6965 199.6054 1.5027 1.6439 4.2068 -3.1372 1.9196 53.9331 4.7867 0.0624
Car -1 -1 4.7556 516.3712 181.4382 546.0368 208.4964 1.4871 1.5842 3.8116 -4.6127 2.0200 42.8457 4.6485 0.0621
Car -1 -1 4.9613 191.0611 180.3428 258.1762 220.5344 1.5142 1.6139 3.5019 -15.7990 1.8429 29.7788 4.4769 0.0609
Car -1 -1 4.7764 388.8063 177.8425 421.6132 205.8277 1.6222 1.6841 4.2974 -12.6681 1.9484 44.9126 4.5026 0.0603
Car -1 -1 4.7415 677.4446 162.3211 713.0137 194.3635 1.5142 1.6559 4.0955 4.3503 1.0164 36.2439 4.8596 0.0598
Car -1 -1 1.5913 585.7081 177.8013 609.3554 200.0272 1.5456 1.6571 4.2011 -0.8527 1.9249 53.2168 1.5749 0.0585
Car -1 -1 3.1318 404.3383 182.3711 460.8730 206.0251 1.5024 1.5241 3.5937 -11.7517 2.1506 47.9613 2.8924 0.0578
Car -1 -1 4.2701 663.7598 171.7630 704.9118 191.7856 1.5289 1.6424 4.1163 5.8918 1.4456 57.3097 4.3717 0.0563
Car -1 -1 3.4523 415.0620 183.9713 492.0957 210.5236 1.5084 1.6557 4.1679 -9.2375 2.1850 42.8835 3.2410 0.0546
Car -1 -1 1.4725 391.3214 177.2607 428.2845 208.2169 1.6349 1.6275 4.1098 -11.3778 1.8985 40.9472 1.2028 0.0545
Car -1 -1 4.4987 644.5411 166.6264 693.4475 199.4486 1.4868 1.5906 3.6497 2.7925 1.2047 34.6005 4.5781 0.0545
Car -1 -1 1.7150 351.4616 178.7568 389.0918 205.5153 1.5157 1.6132 3.9350 -14.4921 1.8915 43.8630 1.3974 0.0544
Car -1 -1 1.9777 76.2953 183.9590 235.3364 263.1675 1.4614 1.5566 3.7223 -9.7270 1.7348 15.8096 1.4334 0.0540
Car -1 -1 4.8321 558.8502 162.2829 599.2763 194.3755 1.5453 1.5993 3.8858 -1.5004 1.0363 36.7425 4.7912 0.0535
Car -1 -1 4.7980 667.2111 167.0748 707.1723 200.0253 1.4196 1.5307 3.3368 3.5778 1.1706 32.8697 4.9051 0.0530
Car -1 -1 1.4077 548.3984 173.5181 582.4069 198.1461 1.5889 1.6466 4.1294 -3.0336 1.6359 48.8656 1.3456 0.0524
Car -1 -1 4.2412 683.4811 171.2925 725.7369 192.2701 1.6059 1.6653 4.0655 7.5174 1.4863 57.4295 4.3704 0.0524
Car -1 -1 2.1209 406.9669 181.9541 457.9842 205.9193 1.5071 1.5367 3.9313 -11.9879 2.1527 49.0811 1.8822 0.0517
Car -1 -1 2.5169 627.7075 176.2132 685.7706 198.0178 1.5868 1.6808 4.2244 3.6068 1.8510 54.9078 2.5817 0.0507