Car -1 -1 1.7245 422.2031 191.6396 501.1956 250.3252 1.4860 1.7130 3.8400 -4.2939 2.0960 21.4757 1.5288 0.9789
Car -1 -1 2.0399 0.0000 199.6557 330.0219 375.0000 1.4601 1.5250 3.4820 -3.4425 1.7294 5.4573 1.4981 0.9666
Car -1 -1 4.3590 743.9969 196.1541 962.2897 346.1497 1.4880 1.5495 3.3379 2.9299 1.8470 9.4037 4.6506 0.9482
Car -1 -1 4.5223 644.1791 188.3302 723.7955 248.9909 1.5040 1.6012 3.5830 2.0407 1.9878 20.6967 4.6181 0.9344
Car -1 -1 4.4753 677.4391 190.1355 783.9486 271.0316 1.5224 1.5644 3.3301 2.5748 1.9478 16.0382 4.6304 0.9020
Car -1 -1 4.1457 863.2193 206.7370 1242.0000 375.0000 1.3567 1.5347 3.5890 2.9588 1.6483 4.4080 4.7052 0.8390
Car -1 -1 4.5822 631.6299 187.4260 691.2874 233.0714 1.4539 1.6357 4.1917 1.8213 2.0322 26.4939 4.6492 0.8388
Car -1 -1 1.6892 456.9659 191.5502 513.6435 235.9100 1.4504 1.6360 4.1093 -4.6444 2.2158 27.4469 1.5225 0.6168
Car -1 -1 1.5461 490.4895 191.4210 524.4424 224.4971 1.5132 1.6391 3.7336 -5.3043 2.5214 37.2042 1.4048 0.4348
Car -1 -1 -0.0165 739.5696 173.8718 798.6730 194.3048 1.4872 1.6619 4.2443 11.8804 1.5649 53.8721 0.1991 0.3845
Car -1 -1 1.4252 598.8718 187.0056 625.4095 207.2133 1.5331 1.6463 3.8544 0.1803 2.7418 59.6019 1.4277 0.3358
Car -1 -1 4.3641 488.6674 185.7970 530.5191 210.1092 1.5330 1.6694 3.7725 -6.9291 2.4623 49.7454 4.2259 0.3348
Car -1 -1 1.5315 630.3920 188.2157 672.8209 227.8332 1.4932 1.6381 4.0661 1.7363 2.1931 30.8278 1.5864 0.3292
Car -1 -1 4.6757 632.1215 184.1950 670.4641 219.4448 1.4352 1.5767 3.7197 1.8275 1.9748 32.4576 4.7308 0.2543
Car -1 -1 2.9920 735.4191 178.1364 805.1861 203.8293 1.5014 1.6356 3.9021 9.6448 1.8268 43.4983 3.2083 0.2522
Car -1 -1 4.8260 473.9676 187.2157 519.4393 223.1701 1.5185 1.6776 3.9314 -5.2653 2.2363 34.0656 4.6732 0.2357
Car -1 -1 3.2957 470.3002 185.0008 528.2648 208.1922 1.5075 1.6676 3.6473 -7.3978 2.3401 48.6211 3.1450 0.1493
Car -1 -1 5.0607 784.7249 167.7664 839.6807 201.4179 1.4418 1.5405 2.7475 9.1472 1.2238 32.4789 5.3325 0.1455
Car -1 -1 1.6285 469.5625 187.6836 514.9957 227.9855 1.5163 1.6695 4.3132 -4.9715 2.1996 31.0175 1.4703 0.1452
Car -1 -1 0.0443 585.4817 188.3402 630.1871 207.9161 1.5349 1.6559 3.5799 -0.1175 2.8184 58.9019 0.0418 0.1331
Car -1 -1 1.4159 502.4645 189.7659 537.1015 215.9681 1.5702 1.7717 3.2838 -5.9315 2.7243 47.4143 1.2916 0.1295
Car -1 -1 3.1614 650.9999 195.8554 697.9700 219.4496 1.5138 1.7995 3.1476 4.4596 3.1236 49.4337 3.2501 0.1286
Car -1 -1 4.5053 761.8651 173.4693 799.2686 197.1679 1.4762 1.5928 3.9065 11.0924 1.5180 47.0179 4.7352 0.1285
Car -1 -1 3.0028 746.5878 173.2678 813.6572 197.7891 1.5295 1.6338 3.9734 10.8355 1.5565 46.0329 3.2321 0.1270
Car -1 -1 1.6670 491.3395 187.0662 521.9294 211.4463 1.5157 1.7043 3.6729 -6.9376 2.5160 48.9132 1.5264 0.1129
Car -1 -1 -0.1878 630.2400 182.9041 728.0154 218.0175 1.4762 1.6289 4.0692 3.0348 1.9346 31.9103 -0.0946 0.0982
Car -1 -1 1.6873 474.8115 189.7473 520.9907 226.8208 1.4851 1.6205 3.8195 -4.9836 2.2938 32.6048 1.5362 0.0950
Car -1 -1 1.9795 469.5671 183.5869 507.6721 204.1779 1.4847 1.5295 3.8251 -9.3747 2.3509 56.1938 1.8145 0.0897
Car -1 -1 1.0859 639.2796 181.1098 682.7031 202.4169 1.4685 1.5957 3.8413 3.7646 2.1035 53.4195 1.1554 0.0893
Car -1 -1 4.5939 595.1971 189.7006 651.6582 236.0096 1.4697 1.5926 4.0417 0.4342 2.1376 26.5140 4.6092 0.0860
Car -1 -1 1.7555 639.3669 191.6770 673.6000 215.1891 1.4727 1.7092 3.9241 3.3367 2.8502 50.6900 1.8202 0.0849
Car -1 -1 0.0708 487.2990 187.6887 543.4670 211.0497 1.5342 1.6699 3.7127 -6.4272 2.5717 49.5230 -0.0582 0.0828
Car -1 -1 0.5657 450.4644 194.9810 531.1942 227.3591 1.4769 1.6569 3.7139 -5.9945 2.6402 36.4409 0.4031 0.0811
Car -1 -1 1.3007 655.4922 193.5038 697.0797 217.8975 1.5162 1.8747 4.1155 4.6400 3.0314 50.7523 1.3906 0.0790
Car -1 -1 1.6772 504.5376 191.1626 542.7877 223.4723 1.4941 1.5814 3.5965 -4.3830 2.4844 37.2198 1.5601 0.0780
Car -1 -1 -0.4915 666.8547 178.7148 740.1752 205.2718 1.4506 1.5923 3.8894 5.3987 1.7992 41.4805 -0.3635 0.0779
Car -1 -1 1.7570 600.3412 186.0565 630.1125 207.2857 1.5561 1.6199 4.3268 0.4962 2.6591 58.0023 1.7649 0.0766
Car -1 -1 4.6002 749.5905 177.2876 785.2258 204.2419 1.5598 1.6937 4.0672 9.6956 1.8466 44.5570 4.8126 0.0748
Car -1 -1 1.3179 671.5227 177.6523 718.0148 206.2478 1.4642 1.6044 3.8993 4.6264 1.7416 39.6725 1.4326 0.0733
Car -1 -1 2.6782 589.9987 189.9778 694.4331 228.1171 1.4839 1.6554 4.2056 1.4163 2.2611 31.1333 2.7224 0.0728
Car -1 -1 4.5742 513.3394 190.7891 545.3139 214.4111 1.4753 1.6888 3.9560 -5.6439 2.7813 50.4155 4.4627 0.0719
Car -1 -1 4.6010 754.3200 173.5331 782.5789 194.2923 1.5107 1.6385 4.1250 12.0223 1.5643 54.7846 4.8156 0.0683
Car -1 -1 4.1514 757.5160 174.8143 883.9294 232.3860 1.4863 1.6413 3.9424 5.9699 1.5489 20.8954 4.4254 0.0673
Car -1 -1 1.4336 677.0053 193.8610 710.4697 217.3857 1.4626 1.7871 3.9999 5.8443 2.9913 50.4877 1.5475 0.0672
Car -1 -1 1.8301 480.5911 179.5882 522.0103 204.4627 1.4867 1.6456 4.0392 -6.9007 1.9389 46.3593 1.6828 0.0656
Car -1 -1 2.0313 490.9289 180.9055 534.2885 201.3232 1.4578 1.6532 4.0931 -7.4017 2.1013 55.4592 1.8988 0.0632
Car -1 -1 1.1599 571.7468 187.2822 610.1710 207.7315 1.5161 1.7018 3.8989 -1.5486 2.7308 58.6202 1.1330 0.0627
Car -1 -1 -0.4631 689.8627 190.3964 898.9785 269.5374 1.5038 1.6652 4.0431 3.9237 1.9118 15.5232 -0.2212 0.0612
Car -1 -1 1.3193 662.6780 177.8675 705.5718 204.0632 1.4371 1.5921 3.8400 4.3262 1.7456 42.3739 1.4198 0.0608
Car -1 -1 4.5639 625.8365 189.6719 682.7300 232.9461 1.5320 1.7133 3.9810 1.7351 2.2607 29.2049 4.6217 0.0603
Car -1 -1 1.2384 764.4545 174.1209 809.3677 198.5100 1.4555 1.5933 3.7274 11.0521 1.5382 45.1899 1.4763 0.0601
Car -1 -1 0.9765 641.8355 177.1406 685.4857 195.8049 1.4489 1.5917 4.0089 4.3927 1.8128 59.1266 1.0499 0.0596
Car -1 -1 1.6578 445.8210 187.6707 505.6346 238.9872 1.5582 1.6843 4.3038 -4.6212 2.1256 25.4106 1.4791 0.0590
Car -1 -1 -0.6408 520.9183 190.7404 605.1748 223.0244 1.4474 1.6591 4.0606 -2.3100 2.3993 36.4525 -0.7043 0.0572
Car -1 -1 4.4880 310.7804 224.5418 474.6686 351.8940 1.4311 1.7569 3.9276 -3.7455 2.4431 11.9859 4.1901 0.0570
Car -1 -1 0.5300 0.0000 169.8386 245.9631 267.2433 1.4982 1.5753 3.3007 -8.0801 1.4518 11.9730 -0.0536 0.0563
Car -1 -1 1.4605 493.6874 189.9773 547.1836 234.3438 1.4437 1.5708 3.9260 -3.4219 2.1385 27.1854 1.3357 0.0552
Car -1 -1 1.5371 605.1129 181.7504 627.7361 202.4909 1.5159 1.6326 4.0425 0.5065 2.2381 56.5296 1.5455 0.0545
Car -1 -1 1.7105 484.7253 190.6752 528.5325 224.3791 1.5027 1.6660 3.5886 -5.0615 2.4328 35.8629 1.5706 0.0538
Car -1 -1 -0.1590 762.9099 172.6644 829.4489 196.5838 1.4732 1.5973 3.8471 11.7004 1.4615 45.4109 0.0912 0.0534
Car -1 -1 -0.5124 516.6561 191.5389 578.1757 215.6361 1.5003 1.8005 3.8178 -4.2546 2.8309 49.5631 -0.5982 0.0529
Car -1 -1 1.6079 592.7265 187.9539 615.0651 208.2150 1.5017 1.6645 3.9459 -0.4286 2.7666 58.4491 1.6000 0.0521
Car -1 -1 -0.4461 639.2662 183.6058 768.1038 228.7063 1.4781 1.6308 4.2814 3.3542 1.8838 25.7824 -0.3190 0.0519