Car -1 -1 5.1854 0.0000 201.9533 401.4875 375.0000 1.4221 1.5833 3.8415 -3.1131 1.7439 6.0467 4.7266 0.9647
Car -1 -1 1.4483 629.5132 184.3350 697.5028 235.4138 1.4216 1.6828 3.7567 1.6233 1.8160 22.8650 1.5174 0.9369
Car -1 -1 1.6850 521.5931 173.2417 559.9003 207.0065 1.8421 1.7139 4.2859 -3.9085 1.8656 41.5742 1.5914 0.8698
Car -1 -1 3.3313 417.7852 178.3559 510.7433 211.0823 1.6377 1.7297 4.4607 -7.4510 1.9287 37.2832 3.1349 0.7513
Car -1 -1 4.6603 625.5757 170.1814 657.3654 199.8989 1.6114 1.5933 4.1225 1.7767 1.4665 41.1947 4.7027 0.4245
Car -1 -1 4.8666 476.1562 179.7460 517.1640 209.6541 1.4762 1.5813 3.8210 -5.9549 1.8612 38.4044 4.7134 0.3195
Car -1 -1 4.6962 554.4069 181.1806 577.5399 203.2988 1.4317 1.5417 3.9463 -3.0665 2.0351 50.2581 4.6351 0.2975
Car -1 -1 0.4048 0.0000 193.8978 313.3963 330.3461 1.4260 1.4958 3.3864 -5.5964 1.7124 8.8327 -0.1469 0.2962
Car -1 -1 -0.1567 622.8472 169.8775 693.3368 196.7707 1.4588 1.5922 3.7040 2.6667 1.2973 40.0999 -0.0911 0.2917
Car -1 -1 1.4756 661.8547 174.3977 690.1068 197.8617 1.4580 1.4732 3.7727 4.2872 1.5625 46.9727 1.5656 0.2901
Car -1 -1 4.7820 479.7133 170.8111 510.3929 197.1286 1.4700 1.5231 3.5062 -6.6449 1.3559 42.1141 4.6262 0.2632
Car -1 -1 5.2554 531.5310 168.1305 568.0062 185.3342 1.5570 1.6628 3.8119 -5.5497 1.1295 67.3802 5.1733 0.1325
Car -1 -1 3.3373 422.3797 169.6675 502.4084 196.8825 1.5206 1.6666 4.2274 -8.3472 1.3425 41.1542 3.1382 0.1303
Car -1 -1 4.9444 479.5645 174.0788 521.7933 201.6191 1.6001 1.6676 4.0362 -6.6111 1.6786 44.1872 4.7964 0.1162
Car -1 -1 3.2178 587.4562 172.0677 655.2088 199.5119 1.4828 1.5713 3.6403 0.6804 1.4403 39.9357 3.2342 0.1053
Car -1 -1 1.8190 0.0000 194.8461 163.7137 356.5368 1.4417 1.5447 3.0110 -6.4918 1.7545 8.5774 1.1858 0.0936
Car -1 -1 3.1769 663.6899 175.8338 719.7654 199.8551 1.4783 1.5827 3.4705 5.2218 1.6713 45.7000 3.2895 0.0919
Car -1 -1 1.5435 666.2557 175.1476 694.9113 203.2216 1.6356 1.6379 4.1752 4.3404 1.7839 44.5256 1.6396 0.0916
Car -1 -1 2.3713 0.0000 195.1051 110.5242 375.0000 1.4585 1.5309 3.7271 -6.3345 1.7060 6.1473 1.5926 0.0915
Car -1 -1 -0.5601 673.5819 173.2359 759.1790 203.6479 1.4765 1.6467 4.0436 5.4277 1.4967 36.6375 -0.4146 0.0826
Car -1 -1 4.9150 421.6369 180.7161 476.4897 218.0764 1.4718 1.5828 3.6928 -6.8387 1.8305 31.0620 4.6996 0.0813
Car -1 -1 1.5627 558.9547 174.8802 580.2870 195.5679 1.5407 1.5999 4.0905 -3.1296 1.7045 56.2371 1.5070 0.0767
Car -1 -1 4.9682 431.5822 177.7534 485.9316 211.3348 1.6093 1.7153 4.2993 -7.7395 1.8782 37.4097 4.7651 0.0744
Car -1 -1 1.5915 546.4146 179.9372 572.5757 204.1681 1.5127 1.6620 4.1300 -3.3184 2.0082 48.3747 1.5229 0.0732
Car -1 -1 3.7938 0.0000 186.5017 159.2161 325.9676 1.4825 1.6104 3.7646 -7.8811 1.6660 8.7758 3.0771 0.0727
Car -1 -1 1.6817 657.9481 190.2939 704.8674 229.1273 1.4185 1.5637 3.3953 3.0179 2.1833 29.8180 1.7808 0.0725
Car -1 -1 1.4531 689.8799 190.1884 746.5464 233.9549 1.4306 1.6417 3.8715 4.0028 2.1285 27.0917 1.5973 0.0720
Car -1 -1 1.2719 566.9697 178.3062 596.6752 196.0568 1.4854 1.5637 3.8171 -2.4806 1.9823 63.7047 1.2327 0.0692
Car -1 -1 3.7312 532.5568 169.1921 586.5994 189.5479 1.6339 1.7179 4.2185 -4.1475 1.3400 59.7106 3.6619 0.0673
Car -1 -1 1.3458 535.7104 180.5454 571.3586 203.8018 1.4836 1.5931 3.9707 -3.8901 2.0348 49.5737 1.2674 0.0664
Car -1 -1 1.5794 549.1986 176.5906 575.7639 202.5392 1.5902 1.6483 4.0825 -3.0410 1.8438 46.9013 1.5146 0.0661
Car -1 -1 4.8361 538.3876 178.1825 572.5272 205.3878 1.5900 1.6337 4.0567 -3.3307 1.9380 45.0470 4.7622 0.0638
Car -1 -1 1.5268 656.1086 171.9863 681.5996 197.1514 1.6725 1.5843 3.8216 4.0659 1.6149 49.8934 1.6072 0.0602
Car -1 -1 3.5635 622.0663 180.4482 695.8534 207.2965 1.4971 1.6578 4.0499 2.9239 1.9661 42.8698 3.6306 0.0599
Car -1 -1 2.6837 650.8679 174.2648 714.4268 198.0008 1.4816 1.4989 3.8118 4.7158 1.5753 46.5701 2.7835 0.0599
Car -1 -1 5.0327 556.1173 173.4669 589.5098 194.7927 1.7231 1.6246 3.9878 -3.0448 1.7764 60.5620 4.9823 0.0582
Car -1 -1 4.9068 635.7628 168.8031 678.2861 196.7943 1.4909 1.6521 3.9459 2.7174 1.2751 40.5493 4.9729 0.0556
Car -1 -1 5.3390 0.0000 181.5394 287.0505 316.5186 1.4824 1.6000 3.7479 -6.2742 1.6273 10.1064 4.7948 0.0551
Car -1 -1 3.3229 512.9749 179.3447 574.4594 202.7099 1.5423 1.6645 3.9387 -4.4615 1.9939 49.1956 3.2325 0.0540
Car -1 -1 4.5963 624.7825 172.2256 658.2096 199.6099 1.4430 1.4810 3.0881 1.7190 1.4099 39.6147 4.6389 0.0538
Car -1 -1 1.5270 522.9355 172.8329 553.6177 200.8054 1.5858 1.6403 4.1301 -4.2956 1.5846 43.0658 1.4278 0.0536
Car -1 -1 3.5555 373.0334 179.5347 472.8262 215.2094 1.4807 1.6403 3.8856 -8.1120 1.7827 31.4939 3.3049 0.0535
Car -1 -1 2.9062 635.1339 178.5359 696.0801 203.0791 1.5044 1.5918 3.5829 3.5359 1.8734 45.7922 2.9823 0.0526
Car -1 -1 4.5368 525.6572 163.3750 552.7548 183.8365 1.7360 1.6926 4.0132 -6.2115 0.9318 63.3765 4.4393 0.0525
Car -1 -1 1.6072 681.2867 171.6915 710.4785 198.9612 1.5786 1.6184 4.0474 5.2893 1.5113 43.8943 1.7259 0.0511
Car -1 -1 3.2715 539.9677 181.9997 600.2071 203.6018 1.4417 1.5575 3.9886 -2.7019 2.0855 49.8671 3.2172 0.0505
Car -1 -1 1.3792 676.9107 175.5405 724.2231 207.9181 1.4695 1.5852 3.7201 4.3524 1.6068 34.9751 1.5015 0.0504
Car -1 -1 2.1879 0.0000 181.7985 79.2670 375.0000 1.4237 1.5814 3.9228 -5.6981 1.5131 5.1356 1.3765 0.0500