Car -1 -1 4.9032 388.9515 191.8567 520.3085 288.2705 1.4400 1.6338 3.9602 -2.7273 1.8489 13.5428 4.7072 0.9833
Car -1 -1 4.4272 707.6132 190.9573 887.4285 306.4800 1.3804 1.6125 3.7628 2.6759 1.7084 11.1488 4.6556 0.9632
Car -1 -1 4.2543 794.4173 205.1397 1242.0000 375.0000 1.3880 1.6343 3.8274 2.8540 1.7370 5.8640 4.6862 0.9612
Car -1 -1 4.5183 689.3793 171.8693 797.7466 253.9619 1.5746 1.5964 3.6828 2.7788 1.5557 15.6992 4.6893 0.9501
Car -1 -1 1.6752 495.5820 184.6625 557.3645 231.8511 1.3910 1.6304 4.2450 -2.7256 1.8261 24.4609 1.5647 0.9368
Car -1 -1 4.6429 645.5741 179.8463 684.1334 213.4069 1.4631 1.5496 3.8029 2.5665 1.8126 34.1547 4.7167 0.9161
Car -1 -1 1.5897 558.2119 179.2480 583.4873 202.9026 1.5676 1.7053 4.0786 -2.7000 2.0379 51.0017 1.5366 0.7479
Car -1 -1 4.5550 483.6350 178.3455 519.9163 205.3573 1.4678 1.5424 3.5779 -6.3010 1.8017 41.9332 4.4063 0.2650
Car -1 -1 1.6714 573.1629 178.7118 594.5690 195.8012 1.5028 1.5865 4.0335 -2.3542 2.0629 66.9278 1.6360 0.2538
Car -1 -1 1.7326 536.2863 178.3930 561.6832 195.6300 1.5050 1.6938 4.0789 -5.5437 2.0312 66.4466 1.6493 0.2493
Car -1 -1 1.5048 632.5781 181.3764 660.9017 205.7582 1.4795 1.5886 3.8532 2.3884 2.0585 47.0781 1.5546 0.2471
Car -1 -1 4.9197 471.5377 181.5370 516.0252 212.0647 1.4698 1.5750 3.6105 -5.9839 1.9449 37.6311 4.7626 0.2296
Car -1 -1 1.4982 616.7714 184.0059 641.5265 205.5702 1.4972 1.5761 3.8180 1.4354 2.3626 54.0504 1.5240 0.2203
Car -1 -1 1.5757 624.1150 177.4844 641.7836 194.2094 1.4783 1.5885 3.9002 2.1756 1.9200 66.8504 1.6077 0.2006
Car -1 -1 4.1912 1009.4365 177.2778 1242.0000 375.0000 1.4389 1.6694 4.1950 5.9365 1.4983 7.5141 4.8403 0.1917
Car -1 -1 3.2243 421.7795 179.9377 505.8323 210.8846 1.4952 1.6448 4.0294 -7.2893 1.8627 36.3864 3.0275 0.1787
Car -1 -1 1.7187 551.2480 176.6262 585.7834 204.6592 1.7952 1.7341 4.2221 -2.7375 2.0626 48.9749 1.6626 0.1497
Car -1 -1 1.5753 663.2983 172.8819 680.8835 190.2599 1.5257 1.5399 3.8311 5.6683 1.5283 65.3289 1.6611 0.1095
Car -1 -1 0.2156 513.5161 180.9844 558.9380 198.3638 1.5252 1.5770 3.8386 -6.6150 2.2719 65.2620 0.1146 0.1076
Car -1 -1 1.5503 626.1593 183.6102 649.5825 205.0930 1.4705 1.6416 3.5795 2.0502 2.2874 52.9979 1.5882 0.0997
Car -1 -1 -0.1814 752.3782 149.3657 880.5305 195.8832 1.4825 1.5564 3.8656 6.7820 0.7339 23.9465 0.0912 0.0811
Car -1 -1 4.5632 746.6291 148.6903 806.1939 193.6289 1.4461 1.5201 3.2490 5.6877 0.6685 24.8948 4.7850 0.0791
Car -1 -1 1.9375 580.8894 179.7718 613.0917 196.5311 1.4616 1.6189 4.1176 -1.1295 2.1249 66.9653 1.9203 0.0785
Car -1 -1 0.8506 1072.9812 163.2525 1242.0000 375.0000 1.4806 1.6418 4.2483 5.9021 1.4308 5.8918 1.6117 0.0775
Car -1 -1 -0.3188 487.1125 180.7597 557.9718 208.0873 1.4725 1.5296 3.7276 -4.9664 1.9404 41.2215 -0.4384 0.0758
Car -1 -1 1.1282 617.2719 181.3766 662.9471 203.8180 1.4724 1.6898 3.9758 2.1179 2.1019 51.1406 1.1689 0.0751
Car -1 -1 2.8236 632.1356 181.4098 696.7971 206.0121 1.4962 1.6181 3.7932 3.4849 2.0563 45.9880 2.8982 0.0720
Car -1 -1 1.3919 663.3956 172.3214 690.7302 190.7583 1.4696 1.5553 3.9984 5.5367 1.4271 59.5709 1.4838 0.0681
Car -1 -1 1.6184 622.2509 177.0905 642.2020 194.9462 1.5241 1.5909 4.2515 2.0643 1.9174 64.8043 1.6497 0.0678
Car -1 -1 1.4259 717.6243 157.9387 765.4157 193.3258 1.4970 1.5899 3.6191 5.8570 0.8660 32.3571 1.6031 0.0677
Car -1 -1 2.7372 607.1475 183.0379 659.3291 204.3125 1.4867 1.5798 3.4994 1.7393 2.2557 53.1088 2.7692 0.0677
Car -1 -1 1.6285 535.3590 177.0262 556.5137 196.3546 1.6356 1.6282 4.2614 -5.6242 2.0189 64.1412 1.5410 0.0639
Car -1 -1 0.0141 462.8929 179.2898 538.3417 209.3677 1.4801 1.5808 3.7433 -5.5586 1.8192 36.9834 -0.1345 0.0619
Car -1 -1 1.3986 590.1700 179.7506 620.6668 200.5320 1.4825 1.6441 4.1085 -0.3557 2.0297 55.0795 1.3917 0.0608
Car -1 -1 1.5307 674.1063 171.2796 704.4346 199.7114 1.5887 1.6010 4.0657 4.6404 1.5008 42.4009 1.6385 0.0607
Car -1 -1 2.1221 419.1102 178.5332 491.5506 210.5700 1.4525 1.5927 4.0806 -7.5433 1.7505 35.6782 1.9148 0.0603
Car -1 -1 1.5302 662.1909 175.8112 688.7302 199.6989 1.6103 1.6995 4.3808 4.6556 1.8302 51.4224 1.6195 0.0602
Car -1 -1 1.7535 459.5473 178.6234 506.4872 210.5882 1.4829 1.6287 3.8787 -6.2729 1.7873 36.1255 1.5823 0.0593
Car -1 -1 0.5342 604.3261 180.9796 664.9263 205.8505 1.4973 1.5743 3.5663 1.5899 2.0350 46.1230 0.5679 0.0576
Car -1 -1 1.9013 394.5941 180.1525 457.8262 215.6490 1.4688 1.5735 3.9392 -8.2313 1.8202 32.7195 1.6563 0.0566
Car -1 -1 1.2070 768.7351 163.7017 869.4548 219.8150 1.4759 1.5534 3.7139 5.9447 1.2352 20.8982 1.4799 0.0555
Car -1 -1 1.8423 541.9011 176.4534 583.5422 203.4160 1.6631 1.6796 4.1043 -3.0154 1.9097 47.2680 1.7784 0.0555
Car -1 -1 4.8543 487.8757 181.1253 528.6448 210.9537 1.4550 1.5898 3.9698 -5.3193 1.9167 38.2874 4.7167 0.0551
Car -1 -1 1.4791 636.1065 213.4295 960.6766 375.0000 1.4243 1.5710 4.0015 1.0974 1.8526 5.5535 1.6616 0.0549
Car -1 -1 0.1049 558.4470 178.8099 603.2783 196.1195 1.5465 1.5604 3.9555 -2.6046 2.0987 65.9954 0.0652 0.0540
Car -1 -1 1.6095 571.5889 175.7233 592.3890 195.3512 1.6586 1.6717 4.2219 -2.4036 1.9203 63.6997 1.5716 0.0535
Car -1 -1 1.8047 521.8367 176.3344 551.2971 196.5181 1.6630 1.6461 3.9942 -6.2603 1.9734 62.2610 1.7045 0.0511
Car -1 -1 1.5384 531.4581 179.2451 551.1132 197.3214 1.5456 1.6381 4.1208 -6.2109 2.1435 65.3598 1.4436 0.0510
Car -1 -1 0.0819 474.2560 179.3405 537.7733 206.2173 1.4765 1.5506 3.4502 -5.8362 1.8524 40.9374 -0.0593 0.0508
Car -1 -1 1.4962 737.1858 166.4191 801.9712 222.4678 1.4952 1.5580 3.7411 4.6154 1.3236 21.2076 1.7071 0.0505
Car -1 -1 4.0902 407.0012 177.0474 480.8867 207.7431 1.4689 1.6292 4.0686 -8.5347 1.6954 37.0192 3.8648 0.0502
Car -1 -1 4.8313 453.8839 179.5696 494.9974 209.9875 1.4489 1.6325 3.8285 -6.9099 1.8134 37.1976 4.6485 0.0502