Car -1 -1 4.6263 803.8646 176.9855 872.2271 227.1588 1.4046 1.6605 4.4014 7.1440 1.5490 22.9080 4.9244 0.9467
Car -1 -1 3.8744 307.1468 183.7460 505.5766 267.5981 1.5672 1.6878 4.0298 -4.4032 1.8272 15.5669 3.6024 0.6609
Car -1 -1 4.3757 845.6146 184.2456 1242.0000 375.0000 1.4219 1.5937 3.3859 2.8280 1.5317 5.1644 4.8519 0.6133
Car -1 -1 4.6102 1002.4631 188.1975 1085.4729 246.9208 1.4351 1.6226 3.9235 12.4386 1.9238 20.8628 5.1409 0.2829
Car -1 -1 4.4610 827.6310 165.5370 868.3369 189.6948 1.5156 1.5949 3.9273 15.5662 1.0566 47.2792 4.7769 0.2767
Car -1 -1 4.6996 799.0604 168.1212 829.3876 195.8168 1.4066 1.4897 2.4927 10.7662 1.1662 38.0416 4.9731 0.2695
Car -1 -1 2.9837 829.9357 166.8724 901.4717 198.5551 1.4771 1.5986 3.0231 12.2643 1.1982 34.6950 3.3205 0.2542
Car -1 -1 4.5996 833.1769 167.2474 874.1818 198.7550 1.4801 1.5534 3.2180 12.0054 1.2167 35.6298 4.9218 0.1701
Car -1 -1 2.1485 331.5739 183.5468 505.6282 273.5298 1.4831 1.5988 3.6067 -3.6173 1.7245 14.3250 1.9047 0.1538
Car -1 -1 3.4061 807.9720 166.4217 876.3415 190.8357 1.5118 1.5859 3.9076 14.9407 1.1135 46.4054 3.7155 0.1457
Car -1 -1 1.4391 1003.1306 190.5074 1094.8789 253.1643 1.4174 1.5953 3.7772 11.7627 1.9453 19.5275 1.9739 0.1419
Car -1 -1 1.3329 821.6645 170.8146 856.1442 192.4922 1.5956 1.6120 3.9689 17.4791 1.4455 55.1435 1.6380 0.1401
Car -1 -1 2.6470 720.3783 194.7952 1242.0000 375.0000 1.4417 1.6263 3.5611 2.8232 1.6456 5.7825 3.0800 0.1351
Car -1 -1 -0.5291 891.0659 173.0335 1242.0000 375.0000 1.4836 1.6119 4.0861 3.8789 1.4849 4.0261 0.2013 0.1019
Car -1 -1 2.9226 824.8178 164.8475 892.8168 188.5894 1.4926 1.6137 3.8706 15.9729 0.9892 46.3759 3.2521 0.1007
Car -1 -1 0.7535 724.7426 179.0169 806.3994 210.3612 1.4664 1.6174 4.0418 7.8697 1.7980 36.7097 0.9625 0.0947
Car -1 -1 4.8497 795.7307 170.5286 838.5510 201.0472 1.4793 1.6126 3.8006 10.6976 1.3666 37.0383 5.1283 0.0860
Car -1 -1 3.0277 796.1045 171.0931 880.5685 204.9576 1.5652 1.6479 3.6810 10.8722 1.4838 34.5028 3.3301 0.0827
Car -1 -1 4.6031 796.9109 176.0187 841.7863 209.2989 1.5115 1.6719 3.9024 10.1784 1.6751 35.2277 4.8817 0.0763
Car -1 -1 4.5209 890.2371 182.0004 980.3934 240.3804 1.4957 1.6522 4.0085 9.4794 1.7927 21.2921 4.9339 0.0744
Car -1 -1 -0.0261 803.8176 166.3116 891.5271 197.3065 1.5449 1.6530 4.2227 12.2649 1.2188 37.3560 0.2885 0.0719
Car -1 -1 4.2930 1125.0044 177.0551 1242.0000 375.0000 1.4712 1.5661 3.7653 6.3302 1.5216 6.6194 5.0335 0.0715
Car -1 -1 4.7734 805.4750 167.1629 841.4236 195.9114 1.4634 1.6209 4.0269 11.5709 1.1737 38.8975 5.0602 0.0656
Car -1 -1 4.2236 473.6787 188.3414 608.2274 261.8131 1.4619 1.5930 3.7824 -1.7428 1.8748 17.2210 4.1232 0.0642
Car -1 -1 2.6244 772.7703 182.5103 1242.0000 375.0000 1.4628 1.5986 3.9865 3.2913 1.5414 5.0030 3.1787 0.0600
Car -1 -1 4.3870 822.0142 166.5258 868.0821 190.8352 1.4835 1.5914 3.9896 14.9616 1.0973 46.0365 4.6991 0.0563
Car -1 -1 1.3889 872.4422 176.7252 940.2307 220.6512 1.4559 1.5616 4.0471 10.7704 1.6091 26.4297 1.7714 0.0541
Car -1 -1 2.8897 787.1172 169.4354 877.9995 200.2953 1.4998 1.6255 4.0486 11.0592 1.3336 35.9666 3.1854 0.0539
Car -1 -1 -0.4805 958.5159 171.3450 1191.4109 247.3375 1.4710 1.5681 3.7442 9.4554 1.4418 14.8902 0.0759 0.0528
Car -1 -1 4.4558 806.3072 169.2206 860.6664 200.9866 1.4919 1.6214 3.9335 11.0613 1.3212 35.8842 4.7522 0.0521
Car -1 -1 1.7875 814.6682 167.0920 849.4565 191.7088 1.7455 1.6384 4.0026 16.4709 1.3369 53.3074 2.0853 0.0518