Car -1 -1 4.6927 549.6366 177.5108 714.5084 325.3010 1.4932 1.6985 4.4993 0.2374 1.5702 9.6836 4.7149 0.9063
Car -1 -1 2.0017 237.5674 185.0078 343.7425 231.7448 1.4487 1.6763 4.6294 -11.2840 1.9245 25.9126 1.5944 0.8158
Car -1 -1 4.6957 585.6094 174.7578 627.9152 214.3212 1.4172 1.5273 3.7217 -0.1421 1.4958 27.9039 4.6900 0.3918
Car -1 -1 4.4869 637.6869 164.3979 680.0546 192.5313 1.6464 1.6903 4.2436 2.9805 1.1515 44.4537 4.5530 0.2466
Car -1 -1 4.7779 640.6884 160.5947 673.0234 187.8056 1.4949 1.6001 4.1399 2.7834 0.8214 41.7963 4.8437 0.2412
Car -1 -1 4.9815 315.5833 182.4211 355.5961 206.4396 1.5105 1.5676 3.8274 -18.5241 2.1855 48.9302 4.6210 0.2257
Car -1 -1 4.5865 231.4070 181.3417 265.1307 206.5550 1.5927 1.6053 3.6121 -24.4791 2.1901 48.8383 4.1238 0.1913
Car -1 -1 3.9732 290.8727 182.7672 352.4173 206.3387 1.4813 1.6318 3.8893 -19.2634 2.1662 48.2631 3.5950 0.1355
Car -1 -1 1.4978 587.1888 175.8212 638.7316 221.4801 1.5086 1.5583 4.2492 0.0503 1.6257 26.2983 1.4990 0.1288
Car -1 -1 1.7012 632.6058 210.3011 724.5319 289.0228 1.4101 1.6523 3.8329 1.7264 2.3955 16.9323 1.7996 0.1255
Car -1 -1 4.8186 644.8254 162.4150 679.3576 190.9353 1.5176 1.5526 3.5750 2.9721 0.9621 40.2901 4.8914 0.1207
Car -1 -1 4.7027 681.4576 182.2968 713.0226 212.3902 1.4814 1.5998 3.7641 4.6793 2.0136 38.7062 4.8215 0.1139
Car -1 -1 3.5269 664.9504 175.5526 712.4869 193.0643 1.4560 1.5437 3.7586 6.7998 1.6939 62.0439 3.6352 0.1029
Car -1 -1 4.5783 694.7946 213.9488 793.9631 295.2750 1.4613 1.7391 3.9460 3.0378 2.5434 16.9955 4.7507 0.1026
Car -1 -1 4.8867 628.9231 167.6960 654.6802 185.9744 1.6430 1.7135 4.0510 3.0268 1.1793 67.0192 4.9313 0.0986
Car -1 -1 3.4827 624.1625 163.4490 699.3890 189.5958 1.5037 1.6674 4.1634 3.1149 0.9628 43.0932 3.5540 0.0970
Car -1 -1 4.6179 637.4172 165.9160 675.2625 195.7601 1.5393 1.6741 4.0226 2.4928 1.1814 39.2515 4.6805 0.0873
Car -1 -1 1.5102 328.6988 190.0468 361.4437 217.4740 1.4830 1.6308 4.1935 -16.1938 2.5868 44.0787 1.1597 0.0855
Car -1 -1 3.2861 285.0146 176.1954 342.5180 194.6083 1.4751 1.5250 4.2100 -24.3425 1.7564 59.5006 2.8991 0.0742
Car -1 -1 3.1948 602.8359 164.9803 674.5770 190.6630 1.5012 1.6529 4.2092 1.7760 1.0410 43.1950 3.2353 0.0702
Car -1 -1 1.9815 218.8721 179.6647 275.0262 205.6681 1.4598 1.7174 3.5738 -21.6857 1.8857 43.2927 1.5193 0.0685
Car -1 -1 3.1798 621.7694 165.2082 694.1456 193.3387 1.6876 1.6976 4.3583 2.9962 1.2289 44.3593 3.2464 0.0678
Car -1 -1 1.7525 512.3083 191.3374 562.1639 228.6195 1.4354 1.5345 3.5819 -3.0941 2.2887 31.4616 1.6546 0.0667
Car -1 -1 1.8243 362.0441 182.8892 403.1458 207.1743 1.4938 1.6135 4.2000 -15.1277 2.1951 48.2856 1.5219 0.0666
Car -1 -1 1.6114 310.9626 183.8372 343.5668 209.9857 1.4726 1.7055 4.1598 -17.4627 2.1882 44.7637 1.2411 0.0637
Car -1 -1 4.7227 660.9272 169.2283 692.4065 198.5025 1.5051 1.6152 4.1616 3.6689 1.3187 39.2500 4.8148 0.0631
Car -1 -1 0.3977 550.7913 174.4794 669.0963 216.4657 1.4812 1.5121 4.1799 0.0053 1.5456 27.0767 0.3972 0.0623
Car -1 -1 4.6111 304.9795 176.0019 330.9142 195.7679 1.5861 1.6325 3.9870 -24.5682 1.8604 60.7277 4.2280 0.0617
Car -1 -1 4.5380 626.2715 161.7367 667.0630 188.5770 1.5089 1.6749 4.3881 2.1448 0.8839 42.8439 4.5874 0.0599
Car -1 -1 1.5510 231.7753 188.5826 266.7066 220.0783 1.5060 1.6008 3.8686 -19.3401 2.3944 38.6685 1.0896 0.0581
Car -1 -1 4.9231 332.9895 182.4228 370.0554 206.4896 1.5120 1.5725 3.9458 -17.4800 2.1895 49.0264 4.5820 0.0570
Car -1 -1 -0.0807 624.7728 161.3967 693.6383 189.4758 1.5325 1.5559 3.7106 2.7289 0.9072 40.1822 -0.0137 0.0570
Car -1 -1 4.2070 641.2740 180.9145 886.2913 315.0801 1.4415 1.5852 3.8920 1.8895 1.5778 10.1017 4.3854 0.0566
Car -1 -1 1.2091 549.5260 178.3939 591.1498 201.5101 1.4664 1.5505 3.8428 -2.6962 1.8573 48.8354 1.1538 0.0552
Car -1 -1 1.8443 492.4417 197.3040 570.8124 249.1450 1.4477 1.6369 3.6979 -2.4964 2.3260 23.9598 1.7407 0.0544
Car -1 -1 1.8598 358.2047 182.4420 400.5040 206.4958 1.4463 1.5796 3.8443 -14.8945 2.0947 46.8621 1.5533 0.0530
Car -1 -1 1.5159 324.7851 190.4159 367.6956 227.0395 1.4859 1.6583 4.1629 -12.3318 2.3597 33.6617 1.1669 0.0526
Car -1 -1 1.6208 294.6210 184.2799 344.2960 225.9839 1.4863 1.6378 4.0871 -11.6311 1.9821 29.1172 1.2435 0.0524
Car -1 -1 1.4060 543.4055 196.0449 613.2928 249.4419 1.4587 1.6666 3.7272 -1.0937 2.2763 23.4423 1.3590 0.0521
Car -1 -1 2.2567 257.0231 189.2632 333.2242 221.0465 1.4586 1.6150 3.6979 -16.1194 2.3496 37.1777 1.8498 0.0505
Car -1 -1 5.0041 653.7525 165.7970 700.4116 194.2176 1.6522 1.6990 4.2412 4.1923 1.2419 44.2291 5.0976 0.0502