Car -1 -1 4.4535 721.0056 183.8591 886.4286 289.5305 1.4228 1.6542 3.8991 3.0318 1.6372 12.0904 4.6924 0.9457
Car -1 -1 1.8350 368.0045 193.1080 457.4411 249.2754 1.4941 1.7030 3.9669 -6.0468 2.1848 22.6153 1.5760 0.9174
Car -1 -1 4.6574 697.0623 181.6213 768.6167 245.1303 1.4026 1.5655 3.7967 3.0545 1.6507 18.4492 4.8181 0.9138
Car -1 -1 4.2622 811.0197 179.8331 1242.0000 375.0000 1.4857 1.7286 4.5990 2.9611 1.5605 5.4099 4.7392 0.8843
Car -1 -1 1.7878 488.5922 188.9280 527.9017 215.1123 1.4863 1.6292 4.0011 -6.3422 2.5468 45.5433 1.6496 0.7387
Car -1 -1 4.7022 638.3468 178.9700 663.9020 202.5804 1.5062 1.6651 3.8653 2.8008 1.9384 49.0180 4.7584 0.6712
Car -1 -1 1.7593 504.2571 187.2951 537.3088 212.0990 1.5976 1.5878 4.0144 -6.2209 2.6580 50.9239 1.6378 0.4985
Car -1 -1 0.1799 390.0452 191.0012 456.2844 218.1730 1.5387 1.6617 3.5889 -11.0881 2.6465 43.0922 -0.0710 0.4713
Car -1 -1 4.8565 756.0755 172.8962 781.1870 190.2018 1.4955 1.6396 3.9916 14.2515 1.4994 64.5192 5.0727 0.4297
Car -1 -1 0.2293 407.1147 187.3163 453.8949 204.2008 1.4533 1.7225 3.7654 -15.9793 2.7640 64.5078 -0.0130 0.3356
Car -1 -1 4.9576 426.1825 187.6899 455.0144 206.0030 1.5371 1.7149 3.6024 -15.2591 2.9174 65.3157 4.7286 0.3090
Car -1 -1 1.6007 424.0048 188.8714 453.6255 216.4910 1.5236 1.6443 3.6869 -10.3858 2.5455 44.0596 1.3701 0.2952
Car -1 -1 1.3541 431.1313 189.9087 467.2416 213.3670 1.5127 1.6663 4.2785 -11.6313 2.7996 52.1519 1.1352 0.2672
Car -1 -1 3.4804 346.0838 190.9666 397.9100 211.3757 1.5346 1.7442 3.4920 -18.6652 2.9829 56.7819 3.1638 0.2148
Car -1 -1 0.9506 1027.7380 178.9248 1242.0000 306.4509 1.3510 1.5158 4.0094 7.5982 1.4509 9.8570 1.5925 0.1848
Car -1 -1 -0.4495 1010.4781 173.1526 1242.0000 278.1942 1.3509 1.5084 4.1636 8.3402 1.3557 10.4570 0.2097 0.1747
Car -1 -1 1.6034 446.8261 189.7102 472.3079 212.2789 1.4781 1.6757 3.2353 -10.6929 2.7237 51.5856 1.3995 0.1353
Car -1 -1 -0.0741 733.3958 178.5078 811.7531 207.2808 1.5197 1.6095 4.0852 8.8938 1.8387 39.6278 0.1446 0.1241
Car -1 -1 2.2647 1132.5283 173.5353 1242.0000 301.6187 1.3886 1.5094 4.1088 8.8866 1.3978 8.7953 3.0383 0.1147
Car -1 -1 1.7388 490.1582 184.5088 525.7891 209.4864 1.4872 1.6192 4.1809 -6.5728 2.2813 47.0470 1.6003 0.1104
Car -1 -1 1.4529 427.6359 180.6489 453.7671 200.1413 1.4815 1.5968 4.1709 -13.8047 2.1415 58.8577 1.2232 0.1083
Car -1 -1 1.7357 518.0198 189.6234 544.9855 210.5318 1.5280 1.5168 4.0157 -6.2447 2.9250 58.0632 1.6285 0.1053
Car -1 -1 1.4658 685.6218 173.2347 707.8356 191.1406 1.5778 1.5938 3.9776 7.9019 1.6134 65.6618 1.5847 0.1031
Car -1 -1 1.2233 1139.6003 163.6512 1242.0000 278.8987 1.4986 1.6169 3.9492 10.0888 1.3789 11.5150 1.9298 0.0984
Car -1 -1 4.9491 386.4337 186.2562 432.3776 215.1009 1.5240 1.6533 4.1359 -11.6283 2.3460 42.1593 4.6812 0.0933
Car -1 -1 3.2360 648.2700 175.4349 707.8080 200.7556 1.5208 1.6270 3.5350 4.2615 1.6847 44.6978 3.3299 0.0884
Car -1 -1 1.6535 442.0286 185.9162 468.6329 208.0146 1.4974 1.5968 4.0114 -11.3875 2.5030 53.4552 1.4441 0.0882
Car -1 -1 1.5039 731.4084 176.0964 764.7906 205.4052 1.5597 1.5719 4.2947 7.8430 1.7544 41.1154 1.6906 0.0847
Car -1 -1 1.3834 444.7184 203.2249 506.2826 245.0974 1.4141 1.7875 3.8700 -5.5591 2.7488 29.5810 1.1985 0.0844
Car -1 -1 1.0856 401.4098 186.9476 450.3787 209.2916 1.4583 1.7033 4.0760 -13.2188 2.5109 51.8050 0.8365 0.0832
Car -1 -1 4.8930 384.6707 193.7788 457.8589 244.8394 1.5081 1.7357 4.1196 -6.4583 2.2990 25.1588 4.6436 0.0809
Car -1 -1 -0.2698 745.3497 173.1312 792.2758 190.1255 1.4782 1.5639 3.7620 14.0308 1.5030 63.6703 -0.0542 0.0775
Car -1 -1 4.9588 370.0439 191.0317 402.5674 211.6259 1.4964 1.6543 3.5440 -17.7325 2.9892 57.4419 4.6603 0.0743
Car -1 -1 1.7008 752.9786 172.8799 777.2296 190.3727 1.4790 1.5616 4.1005 13.6537 1.4814 63.2060 1.9122 0.0732
Car -1 -1 1.7484 416.7284 186.7895 443.3889 204.3920 1.4566 1.6778 3.7622 -16.0591 2.7434 64.6960 1.5057 0.0727
Car -1 -1 -0.2008 372.1284 186.4437 449.2299 214.7772 1.5275 1.6690 4.0945 -11.6135 2.3531 42.1686 -0.4684 0.0716
Car -1 -1 1.7442 704.2891 176.0042 744.8790 205.1836 1.5462 1.5925 4.0885 6.5671 1.7343 40.8992 1.9018 0.0716
Car -1 -1 1.3863 422.2245 182.8930 451.7855 203.3853 1.4972 1.5467 4.1059 -13.6756 2.3214 57.0509 1.1517 0.0714
Car -1 -1 0.8369 1112.7521 188.2792 1242.0000 364.4451 1.4096 1.4958 3.7131 7.5843 1.6196 7.9621 1.5790 0.0712
Car -1 -1 1.2563 436.0010 184.1418 470.6966 204.0427 1.4839 1.5973 3.9468 -12.6526 2.4289 58.2980 1.0431 0.0700
Car -1 -1 1.6783 405.7182 200.7025 461.4161 245.4046 1.4343 1.6632 3.6405 -6.6200 2.5672 27.4434 1.4431 0.0696
Car -1 -1 1.5001 511.0431 188.6375 537.5490 211.8696 1.5397 1.6489 3.9141 -6.2623 2.7384 52.7196 1.3819 0.0691
Car -1 -1 1.0044 476.7449 187.8998 526.6880 210.7585 1.4476 1.6488 3.8207 -7.5470 2.5375 50.2858 0.8556 0.0669
Car -1 -1 4.7015 610.0177 196.3458 934.5740 375.0000 1.5152 1.6200 4.0206 1.1551 1.7687 5.6671 4.8901 0.0654
Car -1 -1 2.7257 1170.0190 168.3681 1242.0000 336.7429 1.4264 1.5543 4.1137 8.7100 1.3884 7.6529 3.5564 0.0643
Car -1 -1 1.5590 429.5391 188.8311 459.8843 217.3246 1.5205 1.6815 3.8328 -9.8132 2.5154 42.8723 1.3348 0.0634
Car -1 -1 0.2620 427.8631 191.7620 489.8072 213.5279 1.5018 1.6619 4.1107 -10.9104 2.8991 52.3761 0.0572 0.0626
Car -1 -1 1.5598 424.6102 187.1337 449.8602 211.0599 1.5162 1.6487 3.9255 -12.0407 2.5542 50.3407 1.3258 0.0626
Car -1 -1 1.7988 509.2270 189.4769 541.2173 210.4824 1.5085 1.7070 3.7034 -6.6021 2.8620 56.8147 1.6831 0.0625
Car -1 -1 -0.3756 906.4296 159.1533 1242.0000 267.9541 1.4517 1.5410 4.0831 6.7533 1.2689 10.7381 0.1732 0.0624
Car -1 -1 4.9449 651.5695 172.3615 691.3085 199.1022 1.6263 1.6435 4.0269 3.9951 1.5964 46.0523 5.0304 0.0619
Car -1 -1 0.2003 418.4977 187.5098 463.9749 205.3837 1.5529 1.7262 3.7263 -15.1589 2.8939 65.1040 -0.0280 0.0616
Car -1 -1 4.4483 740.5522 173.4719 769.5996 190.5023 1.4795 1.5714 3.9720 13.0428 1.5368 64.8648 4.6455 0.0613
Car -1 -1 1.8533 684.1193 177.9235 728.8223 205.8100 1.5314 1.5901 3.8845 5.7512 1.8446 42.4841 1.9864 0.0608
Car -1 -1 0.2133 471.5750 189.7238 542.2251 214.5446 1.4960 1.6556 4.1831 -6.4828 2.5896 45.7958 0.0729 0.0603
Car -1 -1 -0.1866 698.8495 175.1492 887.9403 243.0314 1.5415 1.6682 4.1692 4.3071 1.5998 17.3885 0.0515 0.0602
Car -1 -1 2.1156 411.0819 181.4646 456.0027 203.3549 1.7663 1.7018 4.4761 -15.1859 2.5405 62.4904 1.8778 0.0598
Car -1 -1 1.7341 555.5720 184.7065 585.3359 205.3549 1.4965 1.6986 4.0848 -3.0413 2.4652 56.8526 1.6804 0.0596
Car -1 -1 4.2992 1053.8048 165.4909 1242.0000 264.7805 1.5052 1.6044 3.6748 9.5512 1.3936 12.9040 4.9251 0.0577
Car -1 -1 1.3034 411.7507 189.1633 461.7119 220.8000 1.5813 1.6900 4.1781 -9.7765 2.5498 40.6099 1.0681 0.0576
Car -1 -1 4.7427 403.7910 189.3110 433.8579 216.7046 1.4937 1.6441 3.7897 -11.5400 2.5394 43.8153 4.4861 0.0573
Car -1 -1 0.2201 1181.5924 139.1907 1242.0000 256.4814 1.4844 1.6309 3.9773 11.6581 1.0584 11.2495 1.0103 0.0559
Car -1 -1 2.0552 465.6280 188.1324 511.0667 209.8948 1.4320 1.6837 3.7869 -8.7607 2.5860 52.4370 1.8900 0.0557
Car -1 -1 1.5600 640.0779 176.2526 668.9799 203.1416 1.5275 1.6600 3.7772 2.6812 1.7411 43.4052 1.6208 0.0555
Car -1 -1 4.4136 692.9808 173.2332 736.9235 198.5835 1.4630 1.5803 3.7871 6.3292 1.4870 43.6951 4.5561 0.0553
Car -1 -1 1.4320 493.6511 188.1903 522.1204 209.2243 1.5084 1.7133 3.7538 -8.0289 2.7582 56.7585 1.2916 0.0548
Car -1 -1 1.5642 636.5547 176.2132 662.8146 201.2443 1.5628 1.6570 3.7172 2.6239 1.7926 47.4543 1.6186 0.0548
Car -1 -1 1.5291 531.2226 188.3999 554.7008 208.9522 1.4871 1.6962 3.3199 -5.2517 2.7451 56.6282 1.4365 0.0542
Car -1 -1 0.3998 366.5355 187.5607 445.7461 215.5380 1.5012 1.6659 3.9910 -11.5075 2.3574 40.9294 0.1269 0.0540
Car -1 -1 -0.0115 717.6270 176.0476 783.0557 202.4820 1.5057 1.5300 3.7108 8.2553 1.6983 42.4424 0.1788 0.0535
Car -1 -1 1.6883 464.7451 180.3681 488.6077 199.4024 1.6113 1.6283 4.1838 -11.9189 2.3096 64.9100 1.5071 0.0535
Car -1 -1 -0.1038 695.2924 177.6583 774.1788 205.4254 1.5028 1.5709 4.1966 6.9393 1.7772 40.2893 0.0650 0.0526
Car -1 -1 1.9422 1158.4197 167.0174 1242.0000 288.8479 1.4960 1.5743 4.3103 10.1027 1.4243 10.5026 2.6939 0.0526
Car -1 -1 4.6057 758.1226 174.3923 803.7208 209.4377 1.4572 1.5772 3.6568 7.5588 1.5297 32.0811 4.8346 0.0523
Car -1 -1 1.8627 681.2418 172.5307 711.9896 190.7470 1.5715 1.6229 4.0768 7.8077 1.5436 64.4387 1.9824 0.0521
Car -1 -1 1.5360 486.5358 183.9565 504.4213 201.6263 1.5407 1.5162 4.2289 -10.7633 2.6200 67.9242 1.3790 0.0514
Car -1 -1 2.7308 434.7220 191.8727 510.1592 221.4102 1.4923 1.6749 3.8063 -7.6741 2.6059 40.4865 2.5441 0.0513
Car -1 -1 1.4634 448.5713 200.8762 508.1048 247.2681 1.4305 1.7757 3.7990 -4.9436 2.5529 26.8271 1.2821 0.0510
Car -1 -1 1.8587 367.9977 190.2958 418.1668 219.9556 1.4750 1.6282 3.8737 -11.9634 2.4912 40.0995 1.5701 0.0509
Car -1 -1 1.5025 417.2769 198.2865 462.9627 236.3279 1.4692 1.7600 4.1353 -7.8252 2.7144 33.0913 1.2714 0.0504
Car -1 -1 1.2507 365.1175 195.7458 476.7684 266.3852 1.4736 1.6274 3.8458 -4.9103 2.1238 18.4388 0.9932 0.0502