Car -1 -1 1.8646 304.9945 190.3037 476.8525 296.0766 1.4941 1.7152 4.3817 -3.7201 1.8651 13.1304 1.5929 0.9751
Car -1 -1 1.7521 430.3120 177.2253 511.0955 246.0060 1.8275 1.6252 4.0965 -4.0193 1.9700 21.4817 1.5686 0.9288
Car -1 -1 1.6815 530.2676 173.2844 562.4818 199.3626 1.5423 1.5760 3.7593 -3.8671 1.5701 44.6344 1.5951 0.3583
Car -1 -1 4.7034 560.8961 169.6587 579.3232 186.6890 1.5307 1.6552 4.0844 -3.6785 1.2435 66.9428 4.6484 0.3489
Car -1 -1 4.2246 465.6429 170.4397 514.2870 195.8611 1.6008 1.6034 3.7030 -7.8887 1.4488 47.3939 4.0603 0.3394
Car -1 -1 1.4099 514.6730 176.7055 556.3999 205.8952 1.4516 1.5967 3.9919 -4.0076 1.6689 38.5802 1.3066 0.2872
Car -1 -1 4.7649 492.9319 167.0925 516.0339 188.5312 1.6762 1.6479 3.8345 -8.4728 1.2258 58.3994 4.6212 0.1844
Car -1 -1 3.4525 480.2967 177.1840 559.1464 206.0954 1.4515 1.5950 3.7814 -4.6706 1.6845 37.7012 3.3296 0.1389
Car -1 -1 4.8331 416.5695 176.3972 459.6875 213.1360 1.4611 1.4635 2.4984 -7.1530 1.6163 30.2725 4.6026 0.0965
Car -1 -1 3.3667 465.6343 168.2729 518.4033 187.7077 1.5190 1.6199 3.8737 -9.3140 1.1610 57.3288 3.2061 0.0905
Car -1 -1 0.0220 541.3353 171.0844 585.4524 187.2448 1.4507 1.5991 3.9584 -4.1804 1.2919 65.6548 -0.0417 0.0777
Car -1 -1 4.2073 378.7778 176.8684 655.0334 339.8232 1.4881 1.5576 3.9134 -1.3262 1.5479 8.7164 4.0594 0.0743
Car -1 -1 1.7301 509.5639 171.9295 534.2036 188.6695 1.5282 1.6640 4.1534 -8.2252 1.4438 67.9771 1.6099 0.0699
Car -1 -1 5.0141 567.6228 172.2609 598.5065 189.3799 1.5391 1.6848 4.2455 -2.4262 1.4857 67.1383 4.9778 0.0683
Car -1 -1 4.4617 457.1447 161.7776 499.2649 188.1747 1.5460 1.6059 4.0095 -8.1288 0.8973 44.4140 4.2815 0.0643
Car -1 -1 2.8724 446.2304 172.3272 512.1966 197.5498 1.5560 1.6236 3.8528 -8.3191 1.5235 46.0765 2.6944 0.0630
Car -1 -1 3.4916 431.6400 167.5803 501.1145 192.4312 1.5886 1.6757 4.1409 -9.3563 1.2515 47.2722 3.2970 0.0590
Car -1 -1 1.3191 546.4954 171.4644 574.3198 188.0154 1.4700 1.6001 4.0038 -4.5439 1.3466 66.2368 1.2506 0.0584
Car -1 -1 4.1936 452.4196 167.8338 506.4727 191.9559 1.5463 1.6884 4.2419 -8.7724 1.2245 48.4219 4.0151 0.0579
Car -1 -1 -0.4451 471.6824 176.3543 779.4844 301.8330 1.4793 1.5925 4.0352 0.2471 1.5361 10.1473 -0.4229 0.0573
Car -1 -1 3.7931 411.7552 167.7247 480.1857 194.2464 1.6559 1.6612 4.1632 -10.5870 1.3357 46.6724 3.5710 0.0560
Car -1 -1 1.5927 488.4225 170.5131 514.2279 195.0592 1.5308 1.5773 3.3098 -6.9800 1.3848 46.7391 1.4449 0.0558
Car -1 -1 2.9071 514.8114 176.6406 592.8998 206.3813 1.4845 1.5498 3.8092 -2.9168 1.6892 37.6737 2.8299 0.0519
Car -1 -1 2.0615 451.8899 172.6438 517.9600 203.7490 1.5002 1.6505 3.9688 -6.3070 1.4900 36.9423 1.8932 0.0513
Car -1 -1 1.7654 495.8520 176.7164 541.2780 207.2069 1.4710 1.6198 3.7781 -4.6393 1.6807 37.2433 1.6419 0.0512