Car -1 -1 1.8624 281.8112 194.4012 453.6585 304.4749 1.4575 1.6291 4.0130 -3.9014 1.8866 12.3561 1.5618 0.9749
Car -1 -1 4.6778 631.2045 174.6782 686.4407 225.4176 1.4578 1.5928 3.4860 1.4770 1.5195 22.6230 4.7415 0.9183
Car -1 -1 1.7355 472.8289 177.4776 535.3312 219.7152 1.4644 1.6900 4.1550 -3.9417 1.6546 27.5727 1.5943 0.8752
Car -1 -1 4.8510 517.7713 172.8190 543.2050 191.7888 1.5553 1.6307 3.7829 -6.6599 1.5524 61.0730 4.7425 0.5307
Car -1 -1 3.8906 577.4459 173.6860 618.6980 189.6002 1.4647 1.5410 3.9119 -1.1114 1.5459 68.4876 3.8741 0.2525
Car -1 -1 1.5254 624.3527 176.0806 645.4707 195.2995 1.5423 1.5881 3.9979 2.0997 1.8222 60.5858 1.5594 0.1951
Car -1 -1 4.9557 621.1686 172.0776 649.4760 190.3842 1.6553 1.6848 4.1962 2.4448 1.5851 67.4916 4.9914 0.1590
Car -1 -1 4.8438 657.3422 161.7042 689.9263 186.3516 1.5644 1.6528 3.9392 4.2931 0.8567 47.9005 4.9323 0.1280
Car -1 -1 1.8284 611.8961 178.3007 646.3852 200.5846 1.5075 1.5476 3.8559 1.4472 1.9148 51.8903 1.8557 0.0976
Car -1 -1 1.7782 510.5418 183.9363 555.1754 214.9409 1.4715 1.5502 3.8604 -3.9480 2.0809 37.6750 1.6739 0.0937
Car -1 -1 -0.1222 652.0865 162.0177 716.2431 184.6382 1.4442 1.5989 3.9818 4.8164 0.7524 46.9075 -0.0208 0.0923
Car -1 -1 4.3724 655.1615 163.8871 708.9218 193.5101 1.4786 1.5048 4.2175 3.7721 1.0310 38.2418 4.4697 0.0776
Car -1 -1 5.0466 438.2487 171.9521 494.6798 204.9765 1.5258 1.5961 3.6207 -6.9235 1.4842 35.2422 4.8536 0.0742
Car -1 -1 2.0559 622.2047 175.4560 660.9307 194.6624 1.5242 1.5887 3.8733 2.6911 1.7476 59.8943 2.1002 0.0717
Car -1 -1 2.9996 428.3753 181.5609 538.1357 220.9798 1.4559 1.6143 4.1100 -5.0291 1.8188 28.6728 2.8270 0.0714
Car -1 -1 1.1360 361.7863 162.8929 656.4527 350.5327 1.4862 1.5764 3.8917 -1.3186 1.4073 7.7665 0.9721 0.0623
Car -1 -1 3.4310 502.6017 172.5429 549.5175 191.2166 1.5292 1.5969 3.5804 -6.9495 1.5038 60.1859 3.3162 0.0583
Car -1 -1 0.1411 451.6000 179.4838 536.8441 210.3919 1.5052 1.6559 4.0477 -5.7623 1.8473 36.3661 -0.0154 0.0506