Car -1 -1 1.7668 492.4420 180.0587 540.4127 212.4808 1.4191 1.5497 3.8020 -4.3787 1.7820 34.3983 1.6407 0.8831
Car -1 -1 4.7752 486.5019 173.2775 507.8730 191.4156 1.6234 1.6870 4.3218 -10.3878 1.6640 66.9119 4.6215 0.1983
Car -1 -1 4.4994 490.1980 173.6968 525.3593 197.0720 1.5551 1.6318 3.9273 -7.1306 1.6163 50.2807 4.3589 0.1733
Car -1 -1 4.5090 467.9490 180.4236 509.5349 207.2123 1.4008 1.5854 3.8389 -6.9051 1.8525 40.9793 4.3427 0.1548
Car -1 -1 3.3498 489.1588 177.6764 550.0817 201.9027 1.5956 1.6793 3.8338 -6.0693 1.9292 48.9195 3.2266 0.1471
Car -1 -1 1.6972 493.1005 178.2243 526.7522 204.0035 1.6038 1.6969 4.1352 -6.5561 1.9753 47.8298 1.5613 0.0987
Car -1 -1 4.8282 507.8987 174.8174 538.6451 199.5573 1.6374 1.6466 4.1818 -5.9563 1.7796 50.1792 4.7103 0.0892
Car -1 -1 1.6120 476.5151 178.9514 510.6696 208.8275 1.4967 1.6537 4.1914 -6.2510 1.8465 39.2139 1.4545 0.0710
Car -1 -1 1.6857 501.6774 175.1709 534.5192 199.7194 1.5226 1.6768 3.9951 -5.9292 1.6804 47.1360 1.5608 0.0671
Car -1 -1 3.2626 475.9865 178.7661 539.3293 202.8649 1.5686 1.6832 4.0213 -6.7793 1.9714 48.2751 3.1234 0.0635
Car -1 -1 4.9513 488.4416 181.5018 532.2751 208.7246 1.4321 1.5941 3.9310 -5.6199 1.9514 41.2902 4.8164 0.0632
Car -1 -1 2.1278 442.5556 181.5830 512.9655 213.2091 1.5104 1.6716 4.1960 -6.8548 1.9970 37.9649 1.9499 0.0552
Car -1 -1 3.0582 467.8178 175.6902 526.6407 199.1852 1.5440 1.6333 3.8214 -7.6363 1.7413 48.9605 2.9039 0.0539
Car -1 -1 0.2304 455.0159 180.2573 538.6484 208.9162 1.4748 1.6232 4.1589 -5.9931 1.8809 38.6015 0.0770 0.0531