Car -1 -1 4.7998 581.4436 172.8175 612.3995 197.4917 1.5789 1.7110 4.1927 -0.8028 1.5766 48.3224 4.7829 0.6689
Car -1 -1 4.7962 17.6200 181.6760 59.1091 211.2359 1.6323 1.6166 3.8023 -34.0526 2.1840 43.0894 4.1303 0.2133
Car -1 -1 3.7562 4.2825 166.5076 139.2089 210.4085 1.5680 1.6405 3.7355 -19.7677 1.3414 26.6280 3.1223 0.1668
Car -1 -1 1.4564 581.6370 170.4653 615.3425 197.7761 1.6753 1.6900 4.2652 -0.7600 1.5288 46.4865 1.4397 0.1072
Car -1 -1 5.7895 0.0000 162.8754 117.3653 210.2799 1.6685 1.6698 3.8430 -21.2645 1.3173 27.4910 5.1357 0.1066
Car -1 -1 1.8735 42.5749 167.6598 130.3160 211.7189 1.5445 1.6524 3.6460 -19.6600 1.3625 27.2841 1.2536 0.0803
Car -1 -1 1.4427 639.6286 178.7095 671.8879 203.0092 1.4533 1.5558 3.9969 2.9137 1.8447 46.1847 1.5048 0.0757
Car -1 -1 4.4269 0.0000 183.5577 43.5173 211.2812 1.4884 1.6492 3.8842 -34.6029 2.1360 41.8820 3.7393 0.0745
Car -1 -1 1.1581 594.5582 174.1718 645.0946 200.0396 1.4851 1.6033 3.9701 0.5699 1.5690 43.7833 1.1706 0.0691
Car -1 -1 1.9127 385.0034 179.8234 425.1059 203.9444 1.7204 1.5921 4.2626 -15.5030 2.2717 54.9013 1.6384 0.0682
Car -1 -1 5.2368 67.6395 176.7562 175.5592 220.5242 1.5554 1.7438 3.8705 -18.7747 1.7175 27.9814 4.6501 0.0653
Car -1 -1 1.5702 587.5182 171.0210 615.9449 198.5746 1.6380 1.6902 4.1151 -0.4896 1.5291 44.9621 1.5590 0.0637
Car -1 -1 1.1437 247.3755 189.4001 291.7336 211.0228 1.4836 1.6407 3.6661 -25.5079 2.7657 54.0946 0.7047 0.0630
Car -1 -1 5.3134 23.8174 174.5967 137.2935 216.6149 1.5083 1.6541 3.8364 -20.3750 1.5806 27.9984 4.6887 0.0536
Car -1 -1 0.1184 567.3232 171.2424 629.4526 196.3357 1.5997 1.6320 3.8815 -0.7015 1.4970 47.0100 0.1032 0.0525
Car -1 -1 0.7450 0.0000 159.5013 73.3511 192.4622 1.5746 1.6543 4.0087 -28.8960 0.9367 35.4237 0.0643 0.0511
Car -1 -1 1.4177 599.0823 175.2889 635.4581 201.1963 1.5440 1.6617 4.2821 0.4376 1.7057 45.6614 1.4267 0.0505