Car -1 -1 4.6770 570.0472 175.5867 611.1398 214.3733 1.4613 1.5229 3.3261 -0.7109 1.0985 28.7887 4.6522 0.8763
Car -1 -1 4.5911 640.9745 169.7200 678.7570 199.3129 1.5164 1.5971 3.5950 2.7874 0.7224 38.6708 4.6622 0.8571
Car -1 -1 1.4966 609.4384 169.6506 630.2212 186.5084 1.5419 1.6613 4.0512 1.1637 0.1182 67.8216 1.5133 0.4111
Car -1 -1 4.4301 361.8821 159.7674 407.8537 188.2916 1.7098 1.7293 3.9656 -14.0238 0.1844 45.2217 4.1309 0.2621
Car -1 -1 5.1124 554.9893 167.0598 607.7043 195.4163 1.5010 1.6036 3.7417 -1.3877 0.5400 40.0862 5.0777 0.2300
Car -1 -1 4.5530 408.5796 157.9298 442.5270 183.5372 1.7327 1.7272 4.0099 -12.9499 -0.1244 51.1104 4.3060 0.1501
Car -1 -1 1.0779 556.8278 171.3936 619.8492 203.3580 1.5799 1.6124 3.9616 -1.0452 0.8967 37.6510 1.0500 0.0950
Car -1 -1 5.0012 352.4588 161.9451 390.2251 185.9538 1.7235 1.6956 3.6377 -17.4865 0.0530 53.4449 4.6863 0.0910
Car -1 -1 0.2392 331.1183 160.2771 408.0329 186.7684 1.5899 1.6776 4.2049 -14.5379 0.0932 44.1427 -0.0772 0.0878
Car -1 -1 1.5770 584.6533 185.2519 622.4060 218.4247 1.4765 1.6807 4.2875 -0.1610 1.4784 34.1456 1.5718 0.0780
Car -1 -1 2.1098 534.9767 168.9296 600.0353 200.6508 1.6109 1.6500 4.0421 -2.0719 0.7838 38.6783 2.0563 0.0744
Car -1 -1 1.5844 605.0129 184.4399 641.5282 217.1697 1.4650 1.6356 4.0411 0.7924 1.4302 34.2244 1.6069 0.0738
Car -1 -1 1.5922 609.8475 167.9093 629.1875 186.8438 1.6646 1.6678 4.1712 1.1474 0.1431 65.3123 1.6094 0.0712
Car -1 -1 4.9881 354.5630 161.8757 400.2159 188.5026 1.5581 1.6713 3.8379 -14.0070 0.1923 44.0088 4.6815 0.0699
Car -1 -1 4.8054 545.4827 169.2204 581.8143 199.0627 1.5548 1.6276 3.9223 -2.3402 0.7214 39.4399 4.7462 0.0627
Car -1 -1 -0.2091 561.7507 168.7154 633.4932 197.1697 1.4954 1.5713 3.6392 -0.5367 0.6282 38.9477 -0.2231 0.0611
Car -1 -1 3.9506 407.9888 158.7182 468.9115 182.9623 1.6182 1.7208 4.1983 -11.8015 -0.1632 50.1981 3.7207 0.0590
Car -1 -1 1.7332 606.5288 169.4548 632.3940 189.3303 1.7010 1.6602 4.0261 1.1193 0.3521 63.6495 1.7504 0.0550
Car -1 -1 4.9564 369.5765 162.2601 405.4632 185.6746 1.6976 1.6997 3.8304 -16.4752 0.0333 54.0729 4.6619 0.0542