Car -1 -1 4.9376 360.1167 195.8555 466.1755 269.5883 1.3979 1.5667 3.5624 -4.3886 1.9848 16.6087 4.6824 0.9633
Car -1 -1 4.4513 727.8266 185.0857 915.0175 317.5353 1.5131 1.6121 3.6567 2.8211 1.7207 10.4137 4.7074 0.9590
Car -1 -1 4.8938 442.3520 181.9853 508.3417 230.1182 1.5294 1.6056 3.9361 -4.6801 1.8789 25.6438 4.7145 0.9553
Car -1 -1 4.6183 670.6614 182.8927 736.2582 239.2437 1.4317 1.5392 3.1811 2.5970 1.7396 20.5189 4.7416 0.8947
Car -1 -1 1.6963 497.1541 185.5443 533.5626 216.0447 1.5333 1.5273 3.7168 -5.1337 2.2639 39.6814 1.5679 0.8587
Car -1 -1 4.5448 638.0709 178.5078 678.8164 208.7397 1.4219 1.5063 3.3183 2.4155 1.7199 36.3086 4.6102 0.8193
Car -1 -1 4.4649 712.4518 174.7893 769.3058 208.5834 1.4344 1.6348 3.8639 5.9031 1.5278 32.8391 4.6407 0.2733
Car -1 -1 1.6679 523.2918 184.9005 549.4942 205.9324 1.4949 1.6230 4.0404 -5.6040 2.4574 55.6264 1.5675 0.2472
Car -1 -1 1.7499 473.0171 173.4551 504.8127 194.5406 1.4477 1.5702 3.8918 -8.5865 1.4923 51.6082 1.5855 0.2208
Car -1 -1 1.9025 398.8898 176.7188 458.0523 209.0389 1.4360 1.5670 3.8477 -8.5879 1.6316 34.5199 1.6600 0.1658
Car -1 -1 1.5876 641.2422 179.2923 670.6354 206.4632 1.4655 1.6241 3.9377 2.7250 1.8575 41.9064 1.6515 0.1381
Car -1 -1 1.4291 666.4453 172.2599 692.0983 190.0045 1.4697 1.6239 4.0744 5.9386 1.4205 61.8334 1.5241 0.1153
Car -1 -1 4.5795 627.0568 172.9545 653.5739 193.8858 1.6114 1.6189 3.8009 2.4189 1.6197 57.5318 4.6209 0.1019
Car -1 -1 3.3934 361.8467 183.3796 498.0830 231.1965 1.5402 1.7028 4.1951 -6.0218 1.9105 24.5058 3.1544 0.0997
Car -1 -1 1.8929 512.6652 184.5579 551.2084 207.1676 1.5119 1.6109 3.9818 -5.6068 2.3988 52.5579 1.7866 0.0904
Car -1 -1 1.5716 602.4161 176.9688 619.2374 193.4920 1.4930 1.5436 4.0701 0.1208 1.8938 68.2484 1.5730 0.0850
Car -1 -1 1.1209 858.0944 179.0826 932.0815 214.9906 1.4824 1.6143 3.7171 12.7171 1.7783 32.3681 1.4916 0.0830
Car -1 -1 2.8051 640.1650 176.6072 716.2043 203.4466 1.4824 1.6684 4.0295 3.9308 1.7050 41.5084 2.8984 0.0718
Car -1 -1 1.2811 620.0496 180.5412 667.6194 209.1306 1.5057 1.6190 4.0709 1.9051 1.9693 41.3395 1.3263 0.0715
Car -1 -1 2.7801 783.8293 175.2820 891.3931 211.7268 1.5377 1.6662 4.1607 9.9120 1.6470 31.5273 3.0815 0.0677
Car -1 -1 -0.7162 698.8672 175.4250 771.9735 203.2545 1.4847 1.5745 3.9933 7.0859 1.6352 40.5175 -0.5447 0.0605
Car -1 -1 1.2957 667.2933 180.6754 700.6633 202.4057 1.5505 1.5796 3.6697 5.6162 2.1659 54.8272 1.3968 0.0599
Car -1 -1 1.4057 487.4978 191.8738 539.0958 227.8128 1.4583 1.7398 4.1332 -4.5802 2.4099 33.8703 1.2716 0.0597
Car -1 -1 1.7219 468.4171 171.4936 502.2286 196.0164 1.6130 1.6568 4.3031 -8.4939 1.5235 49.6252 1.5529 0.0594
Car -1 -1 -0.3020 726.5809 174.7367 831.4980 210.0718 1.5057 1.6617 4.2013 7.4295 1.5913 31.8375 -0.0753 0.0571
Car -1 -1 1.9687 522.3553 184.6142 562.9571 206.5337 1.5248 1.6387 3.9981 -5.0211 2.4507 54.6553 1.8771 0.0548
Car -1 -1 1.5324 497.3051 182.7360 528.8392 212.9453 1.5695 1.6201 4.0212 -5.5220 2.1600 40.9930 1.3988 0.0528
Car -1 -1 -0.7656 869.9205 175.7642 965.1401 209.8044 1.4669 1.6327 3.9637 14.0035 1.6052 32.8167 -0.3660 0.0518
Car -1 -1 -0.0933 503.8745 193.4859 597.2842 228.4317 1.4507 1.7069 4.0586 -2.6930 2.4160 32.5610 -0.1759 0.0513
Car -1 -1 4.6734 768.4691 156.7841 864.8096 245.2151 1.5203 1.6176 3.8179 4.0302 1.2441 14.4469 4.9395 0.0509
Car -1 -1 1.3160 719.7707 176.2444 776.7316 212.3991 1.4546 1.5479 3.6090 5.9340 1.6100 31.2299 1.5015 0.0508
Car -1 -1 4.8517 461.9853 191.3095 518.3944 234.8533 1.5031 1.6622 3.9205 -4.6477 2.2842 28.5605 4.6911 0.0507
Car -1 -1 4.6242 863.7191 175.7095 907.3007 209.2720 1.4700 1.5796 3.6660 12.9116 1.6120 33.9167 4.9846 0.0504