Car -1 -1 3.2992 284.9215 176.1113 415.0264 223.3077 1.6896 1.7257 4.4006 -9.6908 1.8183 27.2485 2.9601 0.8947
Car -1 -1 4.7119 480.1524 182.7475 515.3119 215.4414 1.3950 1.5411 3.4346 -5.2198 1.8820 33.7005 4.5588 0.7863
Car -1 -1 2.2886 0.0000 193.3978 249.7213 375.0000 1.4345 1.5612 3.8396 -3.4189 1.5879 3.4491 1.5455 0.7109
Car -1 -1 1.5166 490.0038 181.4682 523.4789 213.6682 1.6496 1.6297 4.0399 -5.7778 2.1557 40.2495 1.3744 0.5205
Car -1 -1 5.1330 0.0000 189.6651 295.2836 375.0000 1.5133 1.7415 4.4119 -3.6774 1.6856 5.0702 4.5296 0.1835
Car -1 -1 0.3759 182.8301 174.5514 398.1277 247.2014 1.4669 1.6192 3.8994 -6.7132 1.5053 15.4718 -0.0276 0.1007
Car -1 -1 5.1824 465.9775 175.8297 501.7951 194.7593 1.6969 1.7090 3.9162 -11.7115 1.9839 67.4715 5.0108 0.0865
Car -1 -1 1.6459 382.0543 189.8564 426.8487 228.2345 1.4616 1.5772 3.6888 -8.8029 2.2426 31.1818 1.3725 0.0823
Car -1 -1 4.4664 380.3107 170.9196 431.7296 203.5585 1.5020 1.5141 3.9107 -9.9985 1.4130 35.2777 4.1918 0.0793
Car -1 -1 1.4438 512.6141 183.5732 538.0330 203.3774 1.4952 1.5810 3.8348 -6.8879 2.3984 58.7480 1.3271 0.0785
Car -1 -1 1.9376 0.0000 172.9437 427.6228 375.0000 1.5859 1.6211 4.0879 -1.7517 1.5865 2.8283 1.4220 0.0757
Car -1 -1 4.6704 401.4308 165.7062 425.8063 188.2006 1.7768 1.7528 4.4316 -16.1535 1.2122 59.3690 4.4056 0.0669
Car -1 -1 4.8663 482.2861 179.4358 521.4768 208.1202 1.5318 1.6173 4.0794 -6.1402 1.9291 41.5151 4.7199 0.0669
Car -1 -1 0.7805 0.0000 214.8275 255.4308 375.0000 1.4965 1.6784 4.1341 -4.5714 1.7943 4.2603 -0.0091 0.0617
Car -1 -1 0.4417 36.1686 189.5135 263.7161 266.8320 1.4708 1.6054 3.7038 -9.4984 1.8440 15.1592 -0.1104 0.0615
Car -1 -1 -0.7267 524.3538 178.0434 618.1573 216.0087 1.4809 1.6044 3.8880 -1.5734 1.7150 30.6101 -0.7782 0.0563
Car -1 -1 4.7484 522.9838 178.9469 552.2972 205.0440 1.4735 1.6239 3.6739 -4.2978 1.8567 43.5023 4.6500 0.0507
Car -1 -1 4.7346 517.2498 179.6182 547.6291 208.6351 1.5212 1.6165 3.9751 -4.3208 1.9232 40.8292 4.6294 0.0505