Car -1 -1 4.3265 762.4465 189.2711 1161.0461 375.0000 1.4174 1.5991 3.6313 2.5227 1.5998 6.1881 4.6958 0.9670
Car -1 -1 1.3107 696.2710 175.8146 871.1106 293.2999 1.4758 1.6164 3.7502 2.4501 1.5291 11.0726 1.5218 0.9631
Car -1 -1 2.3928 580.5477 170.7114 726.9936 226.5132 1.4765 1.6741 4.2736 1.3640 1.4198 21.0928 2.4558 0.9141
Car -1 -1 1.5592 821.8320 184.1102 876.2623 233.0249 1.4185 1.5833 3.8340 7.9018 1.8242 23.9410 1.8736 0.1314
Car -1 -1 4.5832 762.4285 171.7737 797.2733 197.8660 1.5292 1.6000 3.7424 10.3916 1.4659 44.2288 4.8121 0.1219
Car -1 -1 1.5633 823.3102 172.2747 865.8524 211.0116 1.5058 1.5858 3.9336 9.7930 1.4832 30.1612 1.8739 0.1171
Car -1 -1 4.5813 829.4019 163.9369 866.4939 191.0707 1.5766 1.6260 4.0197 14.4990 1.0585 44.0500 4.8970 0.1171
Car -1 -1 4.7200 589.2003 167.2797 616.2162 193.6276 1.5911 1.6315 3.9683 -0.4174 1.2545 45.5574 4.7106 0.1044
Car -1 -1 0.0781 583.6447 164.4952 656.4296 190.2698 1.5490 1.6867 4.3600 0.6770 1.0466 44.4037 0.0929 0.1006
Car -1 -1 4.6238 720.4964 174.6941 753.4262 201.2979 1.5002 1.5980 3.6730 7.5220 1.6143 42.8460 4.7960 0.0726
Car -1 -1 1.7376 540.2454 181.7341 605.6839 229.2681 1.5225 1.7021 3.9926 -1.2319 1.8677 25.9717 1.6900 0.0668
Car -1 -1 1.4370 806.5356 191.5470 877.0967 244.0111 1.4195 1.6157 3.7943 7.2919 2.0662 22.9579 1.7400 0.0600
Car -1 -1 4.8687 821.1886 174.9631 873.4908 211.5452 1.4776 1.5935 3.8422 10.4149 1.5756 31.4556 5.1852 0.0568
Car -1 -1 1.0993 489.9266 180.3828 586.2781 226.9789 1.4961 1.6784 4.3474 -2.6848 1.7932 26.1858 0.9974 0.0561
Car -1 -1 0.7285 499.2696 171.0420 605.8408 212.4308 1.4856 1.6407 4.0125 -2.2347 1.4206 27.7644 0.6484 0.0538