Car -1 -1 2.0434 68.4314 197.6914 251.5512 280.0854 1.4564 1.6913 4.2513 -9.8438 2.0904 16.2420 1.5054 0.8744
Car -1 -1 1.8362 402.9049 184.2523 455.5347 214.7686 1.4748 1.6584 4.2822 -9.5815 2.1194 38.6450 1.5943 0.8669
Car -1 -1 4.6882 600.0094 174.6245 627.6223 199.9479 1.5534 1.6790 4.3151 0.2348 1.6734 46.7374 4.6928 0.6175
Car -1 -1 4.7966 290.6356 176.0559 329.3423 205.7126 1.5105 1.6153 3.8528 -16.2518 1.6940 39.2781 4.4064 0.2303
Car -1 -1 2.4211 0.0000 230.3306 351.3360 375.0000 1.4722 1.5691 3.6259 -2.4933 1.8214 2.4920 1.6871 0.2233
Car -1 -1 2.0213 262.9316 185.7569 334.6722 219.9194 1.5388 1.6832 4.0683 -15.4659 2.2222 36.1396 1.6193 0.1985
Car -1 -1 1.5737 219.9775 191.0868 244.5956 212.5150 1.5113 1.6620 4.0326 -29.6606 3.0005 56.7594 1.0938 0.1939
Car -1 -1 5.3990 235.1542 181.1356 324.7728 217.6617 1.5721 1.6703 4.0417 -15.5183 1.9896 34.2078 4.9758 0.1676
Car -1 -1 5.1030 147.3172 182.1902 234.9872 229.3163 1.5576 1.5292 3.5310 -15.2135 1.9235 26.4291 4.5848 0.1566
Car -1 -1 1.5609 288.9317 182.7877 325.1842 214.2401 1.4931 1.6664 4.0425 -15.8647 2.0439 37.8196 1.1659 0.1495
Car -1 -1 5.3790 0.0000 196.5691 112.6028 257.7782 1.4260 1.6564 3.9146 -16.1477 2.1570 20.2842 4.7129 0.1463
Car -1 -1 1.8481 385.0299 176.5459 421.1066 196.9207 1.4908 1.6056 4.0966 -15.8561 1.7857 55.5847 1.5711 0.1390
Car -1 -1 1.7126 236.2470 192.6701 277.0360 220.6078 1.5361 1.6965 4.2784 -22.0563 2.8413 45.2267 1.2608 0.1312
Car -1 -1 3.6878 0.0000 189.2097 119.6137 245.5303 1.5274 1.6851 4.0627 -17.1060 2.0347 21.2892 3.0169 0.1195
Car -1 -1 2.4294 0.0000 210.6030 137.6156 373.7361 1.4247 1.6011 3.8259 -8.2706 2.0130 9.2378 1.7134 0.1194
Car -1 -1 0.6095 252.7850 179.0752 336.3609 208.6820 1.4934 1.6618 3.7734 -16.6009 1.8320 38.0856 0.2007 0.1184
Car -1 -1 1.7757 395.9089 176.8585 457.7548 217.5726 1.4491 1.5597 3.8625 -7.0137 1.6155 28.0268 1.5322 0.1042
Car -1 -1 5.2240 24.2460 180.1396 153.8529 234.3415 1.4826 1.5881 3.7199 -15.8318 1.7261 22.1868 4.6097 0.1039
Car -1 -1 1.6637 2.8027 188.5415 40.3264 213.6533 1.5046 1.5855 3.5125 -38.6661 2.5789 47.5084 0.9831 0.0913
Car -1 -1 2.3760 0.0000 197.8755 75.6432 265.7625 1.4410 1.6229 3.7584 -16.1588 2.1573 18.7042 1.6704 0.0887
Car -1 -1 1.7617 49.2492 201.8334 123.8032 244.2812 1.5069 1.8115 4.1605 -22.3397 2.8422 30.9799 1.1408 0.0881
Car -1 -1 0.7502 0.0000 199.4258 63.8901 258.6922 1.4311 1.6156 3.7680 -16.8945 2.1653 19.0683 0.0320 0.0865
Car -1 -1 5.0222 282.0946 189.7506 393.1648 257.8494 1.4982 1.5902 3.7777 -6.9169 1.9821 18.7452 4.6727 0.0847
Car -1 -1 1.4431 318.4141 189.4455 354.4514 215.6362 1.4969 1.6597 4.0294 -17.5059 2.6081 46.1549 1.0821 0.0827
Car -1 -1 1.6608 441.8794 176.8738 492.0651 217.1795 1.4555 1.5785 4.0278 -5.5703 1.6261 28.5541 1.4694 0.0789
Car -1 -1 1.7024 157.6527 192.6132 189.8342 214.3501 1.4996 1.6255 3.8436 -33.5706 3.0808 55.6566 1.1616 0.0772
Car -1 -1 5.3961 0.0000 199.5487 184.0606 332.9562 1.4823 1.6295 3.9149 -8.3863 1.9552 10.7963 4.7474 0.0760
Car -1 -1 4.7952 180.9081 176.1974 233.6126 215.4535 1.4702 1.5615 3.5576 -16.2629 1.6149 29.2954 4.2920 0.0750
Car -1 -1 0.9313 0.0000 184.7099 39.3872 215.0197 1.5396 1.6995 4.0599 -33.2355 2.2007 38.9443 0.2281 0.0732
Car -1 -1 1.9636 42.9256 187.1874 99.9695 212.0014 1.5045 1.6371 4.0316 -36.0028 2.5085 48.3892 1.3264 0.0730
Car -1 -1 4.6080 0.0000 227.7711 976.3936 375.0000 1.4749 1.5841 3.7724 -1.0832 1.8044 2.2966 4.2059 0.0715
Car -1 -1 1.9703 441.8940 186.2481 503.2345 217.9883 1.4639 1.6428 4.0938 -7.0022 2.1965 37.2886 1.7854 0.0703
Car -1 -1 5.1712 323.5095 186.5803 388.0974 216.7265 1.4418 1.6403 3.9944 -13.4521 2.2136 38.4894 4.8367 0.0701
Car -1 -1 3.5967 55.9897 179.5294 207.1145 223.2904 1.4598 1.6716 4.1384 -16.7682 1.7056 25.4821 3.0193 0.0686
Car -1 -1 1.7617 0.0000 208.1114 64.8029 259.3958 1.4684 1.6638 3.7132 -20.6420 2.8128 25.4818 1.0858 0.0683
Car -1 -1 3.4064 256.5104 186.4549 344.9160 218.1620 1.5207 1.6599 3.8207 -15.6060 2.2312 36.6141 3.0057 0.0680
Car -1 -1 1.6446 0.0000 217.6131 101.0677 296.4935 1.4525 1.7023 3.7357 -13.5483 2.6715 17.6210 0.9962 0.0675
Car -1 -1 3.4868 226.3650 180.3945 319.8830 211.8748 1.5506 1.6912 4.0152 -17.2069 1.9483 37.0441 3.0544 0.0668
Car -1 -1 -0.2050 594.8839 175.2663 663.5248 199.5855 1.4919 1.6467 4.0926 1.2222 1.6485 45.6701 -0.1789 0.0667
Car -1 -1 1.8017 398.5809 174.0610 431.4837 195.2182 1.5617 1.5611 4.0161 -14.9229 1.6580 55.5236 1.5400 0.0667
Car -1 -1 1.1572 87.6536 191.6373 136.5767 213.1443 1.5178 1.6769 3.9335 -38.4289 3.0139 55.7247 0.5555 0.0666
Car -1 -1 -0.0248 171.2107 181.2706 298.9547 225.4962 1.4957 1.6271 4.0899 -13.8077 1.8273 26.7374 -0.4978 0.0664
Car -1 -1 4.9976 8.6545 180.5999 69.1746 209.9072 1.5250 1.6307 3.9264 -32.1745 1.9858 40.7950 4.3328 0.0655
Car -1 -1 1.6912 1.5732 210.2406 102.7748 283.0480 1.4945 1.6354 3.3934 -14.2500 2.5564 18.6172 1.0446 0.0639
Car -1 -1 1.9209 232.6087 194.6073 286.0269 222.0329 1.4828 1.7136 3.8584 -21.3781 2.8756 44.1942 1.4724 0.0636
Car -1 -1 1.9854 0.0000 213.7508 57.6841 267.0836 1.4264 1.7371 3.2351 -19.9996 2.8795 23.8426 1.2928 0.0635
Car -1 -1 4.7420 256.2434 181.9931 280.8644 203.5409 1.5463 1.5959 3.6902 -26.1923 2.2746 55.4932 4.3026 0.0614
Car -1 -1 4.7593 454.4789 181.6119 497.8545 219.7961 1.4619 1.6171 3.8472 -5.5894 1.8572 30.5611 4.5794 0.0591
Car -1 -1 6.0075 0.0000 0.0000 1242.0000 375.0000 1.5000 1.6915 4.1942 -3.2110 1.4990 1.5587 4.9567 0.0584
Car -1 -1 5.0889 101.8490 179.2843 199.1219 225.7801 1.4812 1.6148 3.7471 -16.1056 1.7264 25.5243 4.5305 0.0583
Car -1 -1 1.3546 135.4695 192.5537 173.8624 214.6061 1.5095 1.6861 3.8638 -34.6165 3.0614 54.8745 0.7938 0.0583
Car -1 -1 4.8224 0.0000 181.5766 56.8818 218.9914 1.5780 1.6944 3.9667 -26.9886 2.0094 33.5537 4.1487 0.0580
Car -1 -1 5.0175 130.1573 179.7153 220.1179 227.4303 1.4788 1.6063 3.6712 -14.8679 1.7343 24.8983 4.4837 0.0576
Car -1 -1 0.6459 222.2836 183.0578 316.3032 215.3047 1.5063 1.6758 4.0132 -16.8193 2.0290 35.7215 0.2084 0.0569
Car -1 -1 4.7935 162.0908 180.7867 220.6994 223.7414 1.4572 1.5821 4.0294 -15.8127 1.7826 27.4360 4.2746 0.0559
Car -1 -1 1.5712 210.1227 187.4105 236.1759 209.7312 1.5002 1.6470 4.0897 -28.6641 2.6247 53.5476 1.0816 0.0558
Car -1 -1 1.3761 594.7593 173.6639 631.7025 198.8926 1.5077 1.5917 3.8932 0.1855 1.5608 45.3137 1.3797 0.0551
Car -1 -1 0.6028 5.1570 191.4073 86.9089 216.2025 1.5508 1.4915 4.1028 -36.8757 2.7886 47.2780 -0.0570 0.0549
Car -1 -1 2.3247 0.0000 190.6734 65.8467 223.5791 1.5571 1.7030 4.1315 -31.5618 2.5619 38.5622 1.6420 0.0547
Car -1 -1 3.4719 443.4506 188.5836 521.2983 219.6136 1.4460 1.6506 3.4558 -6.2828 2.2503 35.8101 3.2989 0.0542
Car -1 -1 0.3977 0.0000 196.7588 120.1340 332.7798 1.4764 1.6184 4.1206 -9.3072 1.8499 9.8093 -0.3479 0.0541
Car -1 -1 1.7864 293.1492 186.6217 348.8761 220.7811 1.5150 1.7094 4.1805 -14.3013 2.2434 35.9741 1.4102 0.0540
Car -1 -1 5.1745 3.5653 189.0222 142.4725 248.2851 1.4555 1.6110 3.9429 -15.3650 1.9711 20.9317 4.5472 0.0528
Car -1 -1 2.2812 0.0000 189.3952 97.8436 253.7877 1.5366 1.7398 4.4144 -17.0753 2.0596 20.5897 1.5950 0.0525
Car -1 -1 2.5477 204.9451 180.4826 308.7549 219.1643 1.5988 1.6115 4.0238 -15.9441 1.9684 32.8131 2.0983 0.0520
Car -1 -1 1.9509 63.2276 177.7740 171.3015 228.1531 1.4931 1.6242 3.8013 -16.0923 1.6693 23.8085 1.3615 0.0513
Car -1 -1 3.7038 116.2407 182.9621 243.3946 227.1047 1.5196 1.5831 3.6733 -15.4653 1.8967 26.0748 3.1727 0.0509
Car -1 -1 1.2751 193.2681 191.4952 234.0046 212.7265 1.4823 1.7225 3.8336 -30.6205 2.9736 55.7660 0.7747 0.0508
Car -1 -1 3.4069 0.0000 248.3650 501.5120 375.0000 1.4430 1.5610 3.5643 -2.3979 1.9166 3.1946 2.8008 0.0506
Car -1 -1 3.3284 566.8438 174.6853 632.5819 199.0789 1.4997 1.6425 3.9245 -0.6019 1.6186 45.6794 3.3149 0.0506
Car -1 -1 1.7577 0.0000 196.1976 39.1571 261.2703 1.4430 1.6536 4.0503 -17.0220 2.1513 19.7246 1.0523 0.0503
Car -1 -1 0.5038 257.2354 187.0722 349.1406 219.4423 1.5134 1.6962 3.8457 -15.1175 2.2375 35.6996 0.1056 0.0503