Car -1 -1 4.5641 662.3307 184.6528 737.9012 238.0592 1.3205 1.5806 3.7039 2.4827 1.6871 20.5437 4.6818 0.9495
Car -1 -1 0.4121 164.7336 188.5143 419.9061 273.2509 1.5499 1.6339 4.3612 -6.1706 1.8797 14.3526 0.0121 0.9252
Car -1 -1 -0.8206 1001.6959 198.9502 1242.0000 375.0000 1.5117 1.6408 3.8903 5.7080 1.7712 6.1674 -0.0984 0.8228
Car -1 -1 0.3450 316.7637 171.0579 479.7897 221.4355 1.4498 1.6474 4.4153 -6.2876 1.3981 21.7330 0.0662 0.8178
Car -1 -1 1.6283 553.0137 177.7210 580.9659 202.2974 1.4398 1.5265 3.5652 -2.6062 1.7537 44.7604 1.5700 0.8149
Car -1 -1 3.8224 0.0000 208.4480 230.1605 352.0248 1.4276 1.5412 3.9419 -6.7746 1.8802 8.3735 3.1575 0.7940
Car -1 -1 3.8945 0.0000 205.6841 146.9717 375.0000 1.4700 1.6568 3.9931 -6.3381 1.7809 5.9162 3.0972 0.7593
Car -1 -1 4.6136 649.1524 179.0800 698.5134 215.4037 1.3735 1.6345 4.1357 2.6087 1.6509 30.0747 4.6987 0.6591
Car -1 -1 4.6127 632.6235 173.4926 662.3754 198.6678 1.6158 1.5983 4.0064 2.5073 1.6604 48.4520 4.6637 0.6499
Car -1 -1 1.6614 456.0529 181.5549 507.3948 222.2676 1.4171 1.5875 4.1890 -4.9171 1.7829 28.1857 1.4897 0.4363
Car -1 -1 0.0871 495.1932 174.5740 557.9407 196.6655 1.5543 1.6543 4.3454 -5.9181 1.6798 51.7867 -0.0265 0.4335
Car -1 -1 3.4023 434.3326 173.7534 523.3011 204.0583 1.4819 1.6315 4.1253 -6.5428 1.5284 36.3262 3.2249 0.3664
Car -1 -1 0.2629 382.2976 185.1608 505.1006 225.9903 1.4475 1.6364 4.2002 -6.1503 1.9238 27.0267 0.0407 0.3121
Car -1 -1 4.4353 538.9424 175.2085 568.2468 193.8416 1.5752 1.5790 3.8564 -4.9646 1.7896 63.6057 4.3574 0.2600
Car -1 -1 4.6851 490.3958 183.4303 525.4568 218.2570 1.4626 1.5024 3.2898 -4.7001 1.9735 33.1102 4.5447 0.2365
Car -1 -1 0.4217 406.1853 181.6256 512.7383 219.1209 1.4544 1.6009 3.9999 -6.1675 1.8311 29.7715 0.2187 0.2278
Car -1 -1 4.3325 1117.7784 172.4021 1241.7798 232.5060 1.4255 1.4903 3.0153 14.6888 1.4148 18.7665 4.9886 0.2203
Car -1 -1 1.9148 204.8306 171.4909 266.1149 200.8035 1.4197 1.5563 3.8788 -19.0809 1.3536 36.9690 1.4411 0.1601
Car -1 -1 1.4326 252.9578 176.1655 279.2485 194.4292 1.5281 1.5636 3.8722 -30.0866 1.8274 63.1608 0.9895 0.1524
Car -1 -1 4.6813 310.1332 165.8306 335.0533 188.6641 1.7053 1.6813 3.8933 -22.3007 1.1808 56.0091 4.3038 0.1458
Car -1 -1 4.5325 705.6368 176.5333 740.3610 203.3189 1.4953 1.5116 2.8451 6.5878 1.7174 42.1168 4.6861 0.1448
Car -1 -1 1.5582 278.5135 176.4966 297.6331 194.0007 1.5505 1.5745 4.0200 -29.8565 1.8994 66.9649 1.1401 0.1441
Car -1 -1 3.4842 272.0126 169.5257 425.8073 219.1762 1.4492 1.5688 4.0904 -7.8102 1.3520 21.8502 3.1444 0.1359
Car -1 -1 3.5393 162.4102 174.0187 255.1727 204.9597 1.4894 1.5892 3.6953 -19.8161 1.5488 35.7905 3.0365 0.1313
Car -1 -1 1.1696 671.0021 175.3376 708.5923 195.4085 1.6069 1.5952 4.2598 6.6917 1.8233 60.5991 1.2787 0.1135
Car -1 -1 0.3145 321.5347 173.6954 454.5102 218.9700 1.4807 1.5550 4.0226 -7.4393 1.5102 24.4497 0.0217 0.1082
Car -1 -1 4.7475 380.3643 154.7698 418.0638 187.2153 1.5706 1.7101 3.8731 -10.7360 0.6952 37.0141 4.4669 0.1078
Car -1 -1 1.8653 680.4393 173.0255 709.7781 190.9841 1.6435 1.6413 4.0916 8.1268 1.6602 68.2774 1.9829 0.1066
Car -1 -1 4.5571 724.1566 177.1972 773.5726 211.1783 1.4443 1.6315 3.8925 6.3311 1.6556 33.1418 4.7437 0.0900
Car -1 -1 5.1075 259.6582 174.7583 298.9582 193.8547 1.6158 1.6461 4.2202 -29.0577 1.7893 63.6127 4.6803 0.0869
Car -1 -1 1.8298 194.6466 176.1089 254.5370 210.1383 1.5467 1.6040 3.9810 -18.7567 1.7156 35.3202 1.3445 0.0864
Car -1 -1 4.6834 177.3920 170.5267 221.5484 206.1689 1.4782 1.6010 3.6891 -18.1756 1.3816 31.9166 4.1691 0.0861
Car -1 -1 3.6850 273.5383 166.8041 337.3885 188.3879 1.6142 1.6656 4.2446 -23.1982 1.1618 55.0971 3.2880 0.0843
Car -1 -1 4.6338 481.5117 172.8314 518.4923 203.2536 1.4745 1.5816 3.7682 -5.6585 1.4735 36.9871 4.4827 0.0834
Car -1 -1 1.4768 730.2084 196.9966 796.9235 252.3536 1.4375 1.6515 3.8417 4.7056 2.2565 22.4792 1.6795 0.0813
Car -1 -1 4.5251 373.2100 166.1810 400.1804 184.2552 1.5646 1.6045 3.9314 -19.9706 0.9870 64.5736 4.2262 0.0807
Car -1 -1 4.4930 390.6157 170.3356 461.2575 214.0961 1.4169 1.5816 4.0230 -6.5632 1.3353 25.5134 4.2434 0.0800
Car -1 -1 1.5942 632.4514 173.0115 659.7754 198.8228 1.5911 1.6677 3.9826 2.3948 1.6017 46.5506 1.6449 0.0774
Car -1 -1 1.7263 272.1613 177.6164 299.6217 194.9632 1.4854 1.6046 4.3741 -29.2837 1.9322 65.3792 1.3065 0.0735
Car -1 -1 1.6381 546.2742 173.6674 579.4596 203.6433 1.6799 1.6787 4.1129 -2.7100 1.7302 42.6067 1.5745 0.0730
Car -1 -1 4.5055 730.1999 186.2672 816.4460 246.1292 1.4933 1.6345 3.8655 4.6066 1.9162 20.8069 4.7195 0.0729
Car -1 -1 0.1167 343.4816 155.1299 433.9158 186.8151 1.5346 1.6390 4.1619 -10.9824 0.6762 36.1187 -0.1766 0.0724
Car -1 -1 3.1803 612.9883 173.8284 673.4443 198.1106 1.5873 1.6269 3.9712 2.2737 1.6537 48.2234 3.2267 0.0722
Car -1 -1 4.5811 405.7581 169.8276 430.1695 187.5034 1.6101 1.6917 4.1782 -18.0783 1.3344 67.9794 4.3219 0.0720
Car -1 -1 3.2835 1008.1716 167.5840 1242.0000 347.6318 1.5876 1.5692 3.6429 6.7994 1.5411 8.2257 3.9562 0.0716
Car -1 -1 1.5851 443.3018 183.0887 485.7157 223.3348 1.4597 1.5774 3.9335 -5.8528 1.9048 29.3023 1.3892 0.0698
Car -1 -1 4.6971 459.7015 173.9024 495.1173 205.0755 1.4809 1.6702 4.2063 -6.7412 1.5374 36.6517 4.5161 0.0650
Car -1 -1 1.6435 540.6049 174.7882 562.7375 193.7008 1.5718 1.6099 4.1673 -4.9808 1.7449 62.4816 1.5640 0.0635
Car -1 -1 1.7257 699.0491 174.0477 729.2443 196.0323 1.5642 1.6212 4.0594 7.8272 1.6568 53.7532 1.8692 0.0634
Car -1 -1 4.6984 517.4901 173.2978 540.5904 194.9558 1.5275 1.6252 3.8473 -5.9383 1.5613 52.9820 4.5870 0.0631
Car -1 -1 -0.1356 729.0041 177.2173 822.0042 210.5331 1.4175 1.5753 3.8242 7.2747 1.6161 31.8966 0.0861 0.0630
Car -1 -1 4.6719 172.1032 166.0325 222.4128 206.7772 1.4845 1.5746 3.5998 -16.1712 1.2359 28.2323 4.1556 0.0616
Car -1 -1 -0.1163 485.4742 181.8013 574.9024 216.8051 1.4900 1.6038 3.8493 -3.6020 1.9087 32.5472 -0.2262 0.0586
Car -1 -1 3.2059 422.9345 184.0209 536.5175 221.9534 1.4185 1.6065 4.3215 -5.0772 1.8775 28.6274 3.0314 0.0573
Car -1 -1 1.4472 446.2777 174.4245 489.4102 207.1761 1.4798 1.5727 3.9502 -6.9084 1.5604 34.9258 1.2530 0.0570
Car -1 -1 4.3872 624.8992 173.5848 664.5426 196.1118 1.5060 1.5998 3.9085 2.4140 1.5593 50.4729 4.4343 0.0563
Car -1 -1 5.2683 0.0000 204.6867 212.7033 375.0000 1.4300 1.6092 3.9998 -5.6364 1.8337 7.0802 4.6139 0.0560
Car -1 -1 1.4713 461.0072 182.5001 505.4926 218.4093 1.4810 1.6213 3.8960 -5.8242 1.9499 32.9789 1.2973 0.0553
Car -1 -1 3.3798 307.0169 183.5115 462.8131 241.3170 1.4599 1.5829 3.7363 -5.9581 1.7604 19.4472 3.0857 0.0549
Car -1 -1 3.4731 263.7631 177.6152 313.4948 194.0650 1.4822 1.5687 3.8892 -29.5490 1.9273 66.5075 3.0562 0.0532
Car -1 -1 1.4714 249.6920 176.9923 275.6617 196.0610 1.6125 1.6727 4.2767 -30.9176 1.9940 64.2585 1.0243 0.0529
Car -1 -1 4.7230 1080.0439 145.2250 1242.0000 293.0671 1.5083 1.6532 4.2009 7.3922 1.2264 9.5305 5.3676 0.0524
Car -1 -1 3.1805 615.8602 173.9374 679.0711 199.4078 1.7020 1.6454 4.2458 2.6141 1.7776 49.3149 3.2327 0.0524
Car -1 -1 0.4765 408.7434 180.2682 503.8357 214.1859 1.4851 1.6509 4.0088 -7.0991 1.8430 33.5017 0.2688 0.0513
Car -1 -1 0.3025 436.9023 181.0728 530.8506 216.0249 1.4867 1.6264 3.8248 -5.5808 1.8661 32.2465 0.1319 0.0512
Car -1 -1 1.3811 411.6136 180.7628 474.0419 222.9164 1.4616 1.6304 4.0114 -6.5338 1.7922 27.9940 1.1534 0.0507
Car -1 -1 0.1967 420.2244 172.3828 511.6880 204.2001 1.5119 1.5753 4.1311 -6.9318 1.4895 35.0782 0.0027 0.0507