Car -1 -1 4.4312 757.6847 196.8089 1061.7090 375.0000 1.4139 1.5782 3.3452 2.4325 1.6936 6.7143 4.7633 0.9788
Car -1 -1 4.8586 478.6062 183.6185 547.0935 237.2231 1.4467 1.5445 3.6383 -2.8687 1.8029 22.0420 4.7300 0.8986
Car -1 -1 1.5240 634.1922 177.4060 672.3182 210.0331 1.6476 1.8621 4.0610 2.3107 1.9068 39.0470 1.5821 0.8810
Car -1 -1 0.7175 0.0000 179.4529 198.4082 336.7890 1.5312 1.6958 4.2993 -7.1582 1.6116 7.9420 0.0005 0.8539
Car -1 -1 1.7371 375.1340 178.0406 501.7743 274.4386 1.5747 1.6959 4.0906 -3.1599 1.6911 14.0972 1.5198 0.8010
Car -1 -1 1.6431 559.4291 171.6940 584.8279 191.5828 1.5280 1.7109 4.3943 -2.9522 1.4388 57.6470 1.5919 0.4732
Car -1 -1 4.8351 486.6628 166.6033 512.8963 187.0574 1.6043 1.6456 3.8138 -8.8690 1.1141 58.5229 4.6851 0.1981
Car -1 -1 5.0321 380.8408 162.1830 438.0602 193.6394 1.4663 1.5908 3.8089 -9.7929 0.9689 35.5763 4.7652 0.1730
Car -1 -1 4.2527 920.4917 192.1891 1237.8064 356.6714 1.4639 1.5736 3.8894 5.3428 1.7553 8.8825 4.7786 0.1718
Car -1 -1 5.2903 424.8297 165.2214 695.6339 319.5025 1.4803 1.5673 3.5792 -0.3915 1.4071 8.8624 5.2460 0.1327
Car -1 -1 -0.7147 621.1031 171.0702 671.8638 192.4990 1.6288 1.6168 3.8692 2.9196 1.4932 56.6713 -0.6639 0.1290
Car -1 -1 1.3908 525.1169 177.9134 554.9212 199.2897 1.5194 1.5711 3.8286 -5.2683 1.9146 54.3145 1.2941 0.1281
Car -1 -1 1.8088 575.7225 172.8642 604.0515 191.3790 1.6483 1.6466 4.2782 -1.7755 1.6493 66.5035 1.7819 0.1135
Car -1 -1 1.6233 512.8671 178.5420 551.4919 213.6261 1.5765 1.6527 4.1086 -3.7185 1.8705 35.1966 1.5183 0.1083
Car -1 -1 1.2498 450.2458 165.8426 506.9919 197.7509 1.4842 1.5917 3.9595 -6.5285 1.1581 35.6814 1.0698 0.0979
Car -1 -1 3.4918 340.4216 166.8892 461.2089 211.7068 1.4943 1.5505 3.7070 -7.1694 1.2954 24.9659 3.2146 0.0945
Car -1 -1 3.3868 376.4221 162.6251 462.4228 194.2963 1.4795 1.5420 3.7108 -9.0432 1.0017 34.4958 3.1320 0.0808
Car -1 -1 0.9504 969.6608 188.0542 1242.0000 375.0000 1.5137 1.6179 3.9565 5.3055 1.7038 7.0448 1.5750 0.0789
Car -1 -1 3.6889 464.5723 167.3816 518.6976 187.3301 1.5504 1.6499 3.9881 -9.4124 1.1251 57.5946 3.5274 0.0769
Car -1 -1 2.1677 525.1616 176.3636 568.7000 197.0925 1.6010 1.6253 3.8639 -5.0401 1.8957 58.5147 2.0818 0.0742
Car -1 -1 1.7972 532.5740 186.7730 573.8477 215.2062 1.4978 1.5842 3.7571 -3.2238 2.3445 41.9178 1.7203 0.0698
Car -1 -1 3.2400 417.3293 166.3910 504.2159 198.6366 1.5009 1.5785 3.9377 -7.0692 1.2000 34.5697 3.0395 0.0686
Car -1 -1 1.6041 657.1611 179.3123 677.3207 199.6037 1.5463 1.4969 3.8275 4.6808 2.0853 58.2340 1.6834 0.0658
Car -1 -1 1.6612 554.0446 172.7019 580.1478 193.8438 1.5801 1.6424 4.2946 -3.2631 1.5687 56.0982 1.6030 0.0657
Car -1 -1 1.4690 547.2803 181.9850 590.2146 214.6533 1.4413 1.6707 4.1918 -2.0524 1.9155 35.2675 1.4107 0.0616
Car -1 -1 1.7793 527.8593 184.6188 572.9918 215.8794 1.5016 1.5818 4.0495 -3.0839 2.1615 38.3569 1.6990 0.0572
Car -1 -1 1.8042 555.6689 169.0497 588.8329 191.6957 1.7859 1.7559 4.3511 -3.0155 1.4859 59.1990 1.7532 0.0542
Car -1 -1 2.0253 1056.1600 159.9066 1242.0000 320.9310 1.4803 1.6188 4.1892 7.2684 1.3613 8.2098 2.7319 0.0537
Car -1 -1 1.2675 651.6382 175.1427 681.8854 192.7322 1.4836 1.5164 4.0309 5.0005 1.6920 63.5492 1.3453 0.0536
Car -1 -1 4.4963 466.3533 165.1022 499.7209 185.9838 1.5477 1.6703 4.2344 -9.8147 0.9732 55.7552 4.3226 0.0523
Car -1 -1 1.6384 513.5104 189.0979 555.6329 225.0129 1.4191 1.6046 4.0504 -3.3091 2.1951 32.4166 1.5368 0.0515
Car -1 -1 2.2076 547.0388 176.7249 592.2722 196.7215 1.6016 1.6946 4.1090 -3.3243 1.9396 60.8185 2.1528 0.0514
Car -1 -1 1.4461 619.3239 171.3280 646.8600 192.0702 1.5481 1.6162 4.2535 1.7889 1.4342 56.0446 1.4774 0.0513
Car -1 -1 1.8449 641.6504 176.9674 674.6550 197.8746 1.5791 1.5871 4.0573 3.9123 1.9195 57.5322 1.9120 0.0508
Car -1 -1 1.7131 651.4923 182.5325 683.0142 206.1275 1.4936 1.6079 3.9952 4.0002 2.1866 49.5432 1.7927 0.0503
Car -1 -1 3.2161 340.2383 177.6633 564.7792 263.8463 1.5985 1.7082 4.2050 -3.0671 1.7034 14.6257 3.0121 0.0501