Car -1 -1 4.7508 588.5816 175.7730 615.7368 201.2248 1.6061 1.6547 3.9225 -0.4555 1.8082 47.9710 4.7409 0.6315
Car -1 -1 1.8698 417.1611 183.1195 469.5251 211.9415 1.4862 1.6655 4.4284 -9.3887 2.1032 41.0938 1.6461 0.5437
Car -1 -1 5.4355 0.0000 138.2638 178.9382 330.6617 2.1709 1.8460 4.7688 -8.7309 1.7806 10.5648 4.7571 0.5242
Car -1 -1 1.6905 476.1677 181.2353 501.8813 199.5038 1.4355 1.6462 4.1670 -10.1123 2.1659 60.7597 1.5259 0.1719
Car -1 -1 -0.0331 581.1262 175.6062 641.2748 199.0540 1.4923 1.5876 3.8522 0.0824 1.6748 46.9772 -0.0318 0.1562
Car -1 -1 3.4609 378.6007 186.9482 454.8264 214.8233 1.4698 1.6122 3.7543 -10.6252 2.2670 39.8912 3.2018 0.1093
Car -1 -1 2.2838 0.0000 192.3316 158.0936 375.0000 1.4421 1.5865 4.1047 -6.8234 1.7025 7.5899 1.5689 0.0994
Car -1 -1 2.1125 429.1661 184.5935 501.2944 217.6789 1.4893 1.6323 4.1741 -7.1786 2.1165 36.3086 1.9181 0.0992
Car -1 -1 4.0010 369.9226 186.0999 442.0860 214.7069 1.4561 1.6402 4.0238 -11.3574 2.2267 40.1826 3.7268 0.0827
Car -1 -1 1.5867 477.9656 178.9518 510.5974 210.2684 1.5034 1.5873 3.8510 -5.9456 1.8369 37.4432 1.4299 0.0804
Car -1 -1 1.8237 407.6552 184.6421 468.4642 222.5511 1.4119 1.5523 3.7563 -7.0399 1.9321 29.9481 1.5943 0.0778
Car -1 -1 3.2065 553.9937 176.0280 617.6074 199.9594 1.5118 1.5958 4.0170 -1.5046 1.7209 46.6728 3.1740 0.0772
Car -1 -1 1.7949 373.5832 187.2861 443.1283 232.6990 1.4034 1.5617 3.6549 -6.9759 1.9473 25.3374 1.5284 0.0769
Car -1 -1 3.0342 411.7943 183.5790 490.2959 211.3531 1.4673 1.5994 4.1715 -8.9323 2.0924 40.6347 2.8188 0.0763
Car -1 -1 4.9395 264.5653 178.6263 294.0441 196.9628 1.5221 1.5617 3.6156 -28.8123 2.0418 63.0350 4.5121 0.0690
Car -1 -1 1.6156 489.9273 178.5284 518.5621 206.0357 1.5358 1.5205 3.6499 -6.2325 1.8885 42.9573 1.4719 0.0671
Car -1 -1 3.0201 426.4352 182.4503 502.9899 209.9489 1.5001 1.6896 4.1786 -8.4060 2.0758 41.8346 2.8226 0.0594
Car -1 -1 1.6909 448.1453 179.8110 498.6052 217.2737 1.4159 1.5946 3.8916 -5.5929 1.7243 30.0017 1.5077 0.0550
Car -1 -1 4.9620 417.2345 182.6752 478.8957 221.3153 1.5188 1.6408 4.1506 -6.9697 1.9766 31.5307 4.7457 0.0533
Car -1 -1 2.0673 0.0000 187.2505 256.1793 375.0000 1.4675 1.6185 3.9653 -4.9669 1.6460 6.8859 1.4603 0.0515
Car -1 -1 4.6105 606.4063 175.5769 636.2524 200.2170 1.5601 1.6077 3.7701 0.7466 1.7488 48.0626 4.6254 0.0512
Car -1 -1 1.6265 424.6187 182.6003 476.9497 227.7863 1.4167 1.5795 3.8417 -5.5413 1.7887 25.5146 1.4143 0.0500