Car -1 -1 4.6993 579.8751 176.8413 612.3154 204.7448 1.3381 1.5811 3.7445 -0.7171 1.5533 37.0400 4.6796 0.8612
Car -1 -1 4.7739 538.1749 175.4633 569.8927 202.3445 1.5783 1.6999 4.4182 -3.4154 1.7491 45.0165 4.6982 0.7156
Car -1 -1 4.7282 603.2840 167.5316 621.4274 185.9051 1.6559 1.6242 3.5160 0.2808 1.1763 66.8038 4.7322 0.3369
Car -1 -1 4.4543 483.9720 168.2295 522.1099 191.9862 1.5343 1.6153 3.8521 -7.2262 1.2357 48.6892 4.3075 0.2048
Car -1 -1 4.4551 498.0129 165.7735 533.3176 188.2133 1.5792 1.6269 3.8981 -6.9192 1.0809 52.8896 4.3254 0.1965
Car -1 -1 4.3252 507.5136 171.0183 544.8804 192.1633 1.6706 1.6263 4.0721 -6.8738 1.5256 59.1834 4.2098 0.1108
Car -1 -1 4.8776 499.9018 163.1119 534.3859 188.5391 1.6617 1.6641 4.1901 -6.2625 1.0250 49.2789 4.7517 0.0721
Car -1 -1 4.5828 494.5530 167.5882 526.5015 191.2924 1.4964 1.5971 3.9104 -6.5766 1.1640 47.6459 4.4461 0.0577
Car -1 -1 3.3007 515.2466 175.9101 583.7526 200.7341 1.4891 1.6280 4.0010 -3.6716 1.6816 44.4853 3.2184 0.0536
Car -1 -1 1.4998 502.9296 164.4107 530.3505 188.0368 1.5929 1.6248 4.1564 -6.5835 1.0236 50.8451 1.3715 0.0514
Car -1 -1 5.1301 509.8077 165.7721 553.6653 188.3160 1.5887 1.6854 4.0977 -5.6711 1.0896 53.0567 5.0238 0.0514