Car -1 -1 4.9410 344.6377 189.2529 507.1787 301.6442 1.4239 1.6214 3.9735 -2.7567 1.7352 11.7093 4.7138 0.9710
Car -1 -1 4.4881 693.8985 171.8460 826.8270 263.7663 1.5289 1.6435 3.8556 2.7422 1.5121 13.9567 4.6772 0.9656
Car -1 -1 4.3729 723.1922 187.8714 951.1900 328.2209 1.3688 1.5640 3.7022 2.6655 1.6029 9.3459 4.6412 0.9605
Car -1 -1 1.6984 483.4051 180.6004 556.2653 232.3812 1.4298 1.7074 4.5087 -2.7296 1.6995 22.8624 1.5803 0.9384
Car -1 -1 4.6561 649.0317 177.6181 689.8596 212.6803 1.4549 1.6055 3.7275 2.6304 1.6809 32.3343 4.7360 0.9029
Car -1 -1 4.1034 853.2128 209.7860 1242.0000 375.0000 1.3407 1.5662 3.6579 2.8344 1.6445 4.0801 4.6761 0.8696
Car -1 -1 1.5585 556.8066 174.7194 581.2866 200.2070 1.6578 1.6016 3.8759 -2.7873 1.7901 49.2105 1.5018 0.7253
Car -1 -1 4.6081 627.7077 179.4113 658.6124 204.0261 1.4445 1.5423 3.8487 2.0721 1.8746 45.3584 4.6530 0.2627
Car -1 -1 3.2636 421.1203 181.6567 499.8047 213.5975 1.4730 1.5957 3.5380 -7.1249 1.9081 34.7270 3.0622 0.2426
Car -1 -1 4.6806 574.1328 174.5154 593.0767 192.6174 1.5855 1.5929 4.0166 -2.3864 1.7413 65.6311 4.6441 0.2238
Car -1 -1 1.3867 530.4422 174.2068 555.9484 192.0786 1.5298 1.5763 3.8630 -5.9291 1.6539 64.1484 1.2946 0.2002
Car -1 -1 1.5473 626.9230 174.0574 645.3594 191.1560 1.4918 1.5693 3.9597 2.3775 1.6040 65.2237 1.5832 0.1986
Car -1 -1 1.4760 706.7401 154.0539 748.2354 187.5694 1.5826 1.6694 3.9695 5.8427 0.6949 36.1058 1.6349 0.1512
Car -1 -1 1.8309 451.5439 175.1435 498.8284 202.8443 1.5364 1.6557 4.4330 -7.8762 1.6790 42.6698 1.6491 0.1397
Car -1 -1 4.8224 469.3660 181.2236 509.3785 213.7646 1.4864 1.5556 3.6896 -5.9127 1.9236 35.8100 4.6595 0.1152
Car -1 -1 4.1598 1017.3762 170.4159 1242.0000 375.0000 1.5103 1.6253 3.9625 5.9191 1.4924 7.3546 4.8174 0.1129
Car -1 -1 4.6284 480.9405 172.7100 514.6503 200.8749 1.4895 1.5486 3.6807 -6.2534 1.4819 40.1293 4.4745 0.1019
Car -1 -1 3.3008 456.0446 181.0512 534.3459 212.3387 1.4567 1.5873 3.5223 -5.4751 1.8612 34.8127 3.1455 0.0878
Car -1 -1 1.6623 504.4671 171.8986 534.2067 195.6965 1.4973 1.5829 3.9041 -5.8828 1.4371 47.3721 1.5391 0.0804
Car -1 -1 1.5430 625.1528 176.0025 653.7147 201.8869 1.4892 1.6233 4.0700 1.7836 1.6904 44.0554 1.5827 0.0784
Car -1 -1 1.3573 719.9303 155.4262 777.3528 193.7071 1.4793 1.5774 3.6162 5.6562 0.8058 29.7120 1.5433 0.0769
Car -1 -1 0.2077 595.3069 178.2414 661.7731 203.2567 1.4707 1.5866 3.8215 1.1768 1.8094 44.1572 0.2336 0.0760
Car -1 -1 4.3314 870.4706 174.4886 1065.0245 277.3939 1.5023 1.6385 3.8600 5.9729 1.5353 12.5671 4.7653 0.0694
Car -1 -1 4.4699 685.0056 167.2881 729.1339 196.4652 1.6366 1.6730 3.9312 5.6892 1.3244 42.5191 4.6016 0.0662
Car -1 -1 0.8219 1091.5963 152.6325 1242.0000 375.0000 1.4751 1.5721 3.9370 5.9429 1.3682 5.8015 1.5939 0.0634
Car -1 -1 4.4777 749.9207 150.9178 826.7817 204.3882 1.5950 1.5242 3.9650 5.7189 0.9406 23.5056 4.7132 0.0625
Car -1 -1 2.7645 555.5607 173.7262 603.6700 191.2652 1.5224 1.6268 3.9655 -2.6678 1.6021 64.3343 2.7229 0.0603
Car -1 -1 0.3416 533.7650 174.9315 594.4130 199.5704 1.6090 1.6042 3.7587 -3.0536 1.7527 48.6241 0.2788 0.0595
Car -1 -1 4.5258 723.6061 205.8770 1242.0000 375.0000 1.4610 1.6092 3.9394 1.4102 1.7244 3.6868 4.8627 0.0576
Car -1 -1 1.6319 622.2912 173.3871 643.2964 190.8943 1.4938 1.6032 4.2322 2.0866 1.5426 63.8790 1.6641 0.0545
Car -1 -1 -0.2512 555.0989 172.2010 605.0438 189.2903 1.5257 1.6325 4.2805 -2.6955 1.4674 65.8164 -0.2923 0.0526
Car -1 -1 1.2772 680.5220 158.8288 734.4173 192.4482 1.6411 1.6423 4.0882 5.0006 0.9565 37.3702 1.4089 0.0520
Car -1 -1 -0.1585 636.8564 177.1926 704.5923 202.2519 1.4865 1.6177 3.9158 3.7062 1.7573 44.0851 -0.0757 0.0510
Car -1 -1 3.4379 516.0860 166.2563 563.9558 182.5257 1.5061 1.6110 4.2036 -6.5416 0.8954 68.0037 3.3421 0.0506
Car -1 -1 4.9493 521.6434 173.0848 555.4678 196.4054 1.6268 1.5940 3.7936 -5.1112 1.6441 52.3606 4.8521 0.0505