Car -1 -1 3.4848 137.2135 181.6334 374.2250 270.0202 1.6007 1.6524 3.8772 -6.8355 1.7867 14.2767 3.0450 0.9487
Car -1 -1 3.7792 0.0000 192.1046 286.4131 314.5262 1.4587 1.5699 3.8495 -6.6405 1.7428 9.7608 3.1941 0.9255
Car -1 -1 -0.4662 878.5075 189.6608 1185.8813 303.6032 1.4714 1.4652 3.5323 5.8940 1.7312 10.3531 0.0382 0.9136
Car -1 -1 3.7411 0.0000 197.5786 211.0777 375.0000 1.5333 1.6736 4.1282 -6.5278 1.8172 7.2130 3.0237 0.9057
Car -1 -1 -0.6430 983.4749 188.1930 1242.0000 355.5892 1.5058 1.6015 3.6488 6.1214 1.6828 7.4860 0.0224 0.9016
Car -1 -1 4.5789 630.1262 179.4863 677.0593 212.7225 1.4292 1.6793 3.9288 2.0044 1.7589 33.8551 4.6369 0.8625
Car -1 -1 -0.3855 849.9315 189.7182 1096.7333 279.1820 1.4407 1.5139 3.6092 6.3119 1.7604 12.8138 0.0622 0.8267
Car -1 -1 -0.3788 737.5675 185.1312 918.1406 244.6294 1.4057 1.5772 4.1246 5.5018 1.7360 18.4300 -0.0939 0.8179
Car -1 -1 0.2608 375.7779 177.5064 492.7679 215.2301 1.4122 1.6078 4.1481 -6.7608 1.5987 28.0798 0.0262 0.8096
Car -1 -1 -0.8102 1117.4998 181.3736 1242.0000 375.0000 1.4391 1.6128 3.7741 6.1392 1.5108 5.2141 0.0285 0.7071
Car -1 -1 3.5275 192.9892 158.6008 416.5311 237.4825 1.7565 1.7263 4.5167 -7.0190 1.4391 16.9338 3.1397 0.6777
Car -1 -1 2.7128 776.1636 189.2486 988.9632 265.5560 1.4993 1.6164 3.9819 5.7901 1.8747 15.5553 3.0620 0.6758
Car -1 -1 3.4308 404.0439 181.0542 507.6798 216.3334 1.4404 1.4858 4.0696 -6.5169 1.8006 30.7875 3.2235 0.6204
Car -1 -1 -0.2715 738.9254 173.9626 884.4496 227.8521 1.4744 1.5115 3.7164 5.6789 1.5072 20.5399 -0.0061 0.5860
Car -1 -1 -0.5690 1046.9189 177.5642 1158.8698 211.7101 1.4876 1.5638 3.9460 22.1530 1.7052 32.4946 0.0247 0.2616
Car -1 -1 4.3101 1101.9200 163.2043 1169.2106 194.4267 1.4659 1.5691 3.1277 25.8554 1.0129 35.5752 4.9345 0.2369
Car -1 -1 4.5449 614.7883 176.9256 646.8486 199.4071 1.4439 1.5571 3.8356 1.4062 1.7322 49.0768 4.5729 0.2230
Car -1 -1 4.2927 1162.4883 164.8032 1242.0000 197.8037 1.5062 1.5999 3.8416 28.6719 1.1387 34.9945 4.9748 0.2189
Car -1 -1 1.5180 651.6777 173.6682 671.8874 191.5530 1.5386 1.5865 3.8889 4.6198 1.6132 64.2078 1.5891 0.2050
Car -1 -1 -0.1701 350.6375 178.6865 448.4174 217.8911 1.7959 1.6887 4.3686 -10.2548 2.0948 35.2741 -0.4515 0.1958
Car -1 -1 4.8955 471.9740 171.5367 512.1555 197.7878 1.4828 1.6143 4.1812 -6.9225 1.4084 42.8653 4.7360 0.1865
Car -1 -1 5.3522 152.1415 149.9344 235.3992 186.8347 1.6300 1.5835 3.4998 -19.3283 0.6176 33.7056 4.8348 0.1861
Car -1 -1 1.6940 359.1959 179.0123 407.2991 218.3094 1.7085 1.6653 4.1645 -10.6708 2.0196 34.2544 1.3938 0.1655
Car -1 -1 5.2472 245.8531 153.5181 305.9354 185.7895 1.8876 1.7033 3.6499 -20.3255 0.7566 44.1084 4.8176 0.1411
Car -1 -1 4.8239 728.2819 172.6411 754.3539 194.1379 1.6443 1.6252 3.7955 10.4812 1.6280 57.2406 5.0037 0.1388
Car -1 -1 2.7469 1116.2362 163.6492 1235.6478 197.0676 1.5332 1.6490 4.1713 26.9275 1.1109 34.4454 3.4060 0.1378
Car -1 -1 4.9240 524.1193 171.4342 551.1467 190.9090 1.6609 1.5914 3.8581 -6.2999 1.5398 63.5411 4.8253 0.1262
Car -1 -1 1.9061 722.9780 178.9815 761.0524 201.4325 1.5047 1.4999 3.8269 9.4888 1.9593 51.5030 2.0868 0.1247
Car -1 -1 3.3777 449.1839 173.0313 518.3820 199.1587 1.4731 1.5269 3.6716 -7.2161 1.4835 41.5731 3.2065 0.1183
Car -1 -1 1.6575 520.1070 174.4715 543.3026 193.8575 1.5690 1.6094 3.8490 -6.5144 1.7094 60.6626 1.5506 0.1175
Car -1 -1 1.5677 480.0142 186.9781 514.1215 218.4302 1.4567 1.6602 4.2399 -5.8707 2.2370 37.6386 1.4135 0.1136
Car -1 -1 1.4890 663.5391 173.1943 688.9679 195.0417 1.5790 1.5955 3.6897 4.9641 1.6053 54.0572 1.5797 0.1094
Car -1 -1 3.6183 352.2029 164.6960 427.5554 193.2060 1.6120 1.6410 3.8710 -12.7505 1.1508 41.9569 3.3248 0.1067
Car -1 -1 4.4574 722.5715 171.1905 774.1467 204.0900 1.5126 1.5945 3.5830 6.6741 1.4362 35.0167 4.6438 0.1033
Car -1 -1 4.2015 108.2014 163.4827 217.6918 206.4073 1.5230 1.6839 4.2392 -16.9630 1.1905 27.3685 3.6508 0.0970
Car -1 -1 1.6455 716.0117 180.5433 747.1700 206.9661 1.5046 1.6071 3.8890 7.5420 1.9997 44.3773 1.8122 0.0933
Car -1 -1 4.1895 994.6503 182.7750 1242.0000 375.0000 1.4777 1.6008 3.7400 5.0440 1.5929 6.4276 4.8320 0.0900
Car -1 -1 2.9721 683.4038 182.3183 750.3763 208.0155 1.4848 1.6447 3.7396 6.3894 2.0627 43.1957 3.1174 0.0872
Car -1 -1 -0.1041 840.7847 182.2508 1076.6864 265.3894 1.5200 1.5832 4.2079 7.0094 1.7331 14.9377 0.3262 0.0871
Car -1 -1 4.2917 1102.6005 166.4775 1200.5897 211.4669 1.4629 1.5662 3.1420 18.7879 1.2555 25.1635 4.9272 0.0783
Car -1 -1 5.4634 144.9279 164.2775 258.5661 205.0106 1.4480 1.5793 3.8573 -15.5304 1.1431 27.7119 4.9565 0.0758
Car -1 -1 2.2598 693.6660 182.2606 754.8154 209.3291 1.5018 1.6610 3.6667 6.8830 2.0883 43.1473 2.4164 0.0727
Car -1 -1 1.8681 342.2531 172.9273 407.9663 207.4591 1.4482 1.6202 4.2326 -10.4296 1.4518 32.3960 1.5587 0.0713
Car -1 -1 5.0986 385.7993 166.7295 433.9954 193.9799 1.5386 1.5249 3.5076 -11.7250 1.1928 42.5710 4.8312 0.0709
Car -1 -1 1.2689 731.4663 168.1296 788.1692 202.6792 1.5100 1.5356 3.6801 6.8955 1.3035 33.4429 1.4701 0.0704
Car -1 -1 4.2211 1161.3832 165.1192 1242.0000 198.4861 1.4729 1.6266 4.0253 28.0302 1.1315 33.9829 4.9063 0.0685
Car -1 -1 1.1600 829.2198 185.6324 995.3693 271.5184 1.4931 1.6348 4.2258 6.1882 1.8024 15.3207 1.5363 0.0675
Car -1 -1 4.1631 1065.0590 175.2896 1152.0881 209.3247 1.4899 1.6051 3.7661 23.2467 1.6104 33.7805 4.7614 0.0672
Car -1 -1 -0.2734 734.1812 167.2214 830.2870 199.6125 1.4927 1.6011 4.1424 8.1226 1.2332 34.1393 -0.0422 0.0668
Car -1 -1 1.9076 517.3851 173.4579 552.3038 192.5019 1.5695 1.6494 4.2958 -6.3627 1.6232 61.8891 1.8052 0.0632
Car -1 -1 4.0709 961.0860 166.3055 1133.1415 235.0034 1.4443 1.5621 3.6737 10.1522 1.3066 17.0827 4.5992 0.0628
Car -1 -1 4.9720 290.1197 161.5730 375.5558 215.7992 1.5444 1.6006 3.5221 -8.4753 1.2231 22.3817 4.6136 0.0609
Car -1 -1 1.3065 1189.4731 169.9749 1242.0000 206.2878 1.5254 1.6166 3.8417 27.6279 1.4045 32.3931 2.0079 0.0608
Car -1 -1 4.4401 897.1923 174.4103 949.6862 205.5542 1.4967 1.5440 3.5229 15.9018 1.5799 36.7090 4.8456 0.0603
Car -1 -1 0.7742 1208.6956 184.4453 1242.0000 230.8020 1.4428 1.6623 3.8461 23.5870 1.8825 25.4051 1.5162 0.0596
Car -1 -1 4.8916 375.7418 179.3100 422.7998 213.0805 1.5471 1.5678 3.8645 -10.3749 1.8855 35.8219 4.6113 0.0596
Car -1 -1 4.6975 314.4366 149.5461 345.6855 177.8318 1.6176 1.6792 3.9513 -16.8369 0.2847 43.4100 4.3295 0.0584
Car -1 -1 0.3896 229.7175 153.4633 329.5543 184.8866 1.5728 1.6632 4.3539 -16.8661 0.6023 37.0233 -0.0353 0.0584
Car -1 -1 0.6098 490.6626 177.6223 540.6943 197.0737 1.5476 1.6292 3.8795 -7.7893 1.9536 59.8197 0.4805 0.0584
Car -1 -1 3.6511 229.2997 154.1037 303.7715 182.7757 1.7253 1.6477 3.8186 -21.0583 0.5970 44.3704 3.2102 0.0581
Car -1 -1 1.6442 611.1769 173.3834 641.6789 199.4022 1.5923 1.6610 4.1187 1.1258 1.6279 46.3743 1.6679 0.0576
Car -1 -1 4.6836 618.4722 175.2861 643.7350 198.5558 1.4689 1.5621 3.6734 1.3942 1.6361 47.7688 4.7122 0.0570
Car -1 -1 5.2782 473.8981 179.0706 528.6923 205.1610 1.5541 1.6247 3.8917 -6.8610 1.9694 46.0921 5.1308 0.0569
Car -1 -1 2.2864 522.7781 172.9975 570.0283 192.0514 1.5426 1.6309 4.1478 -5.2654 1.5550 60.6033 2.1998 0.0568
Car -1 -1 4.8416 489.9263 172.7398 525.4897 198.6354 1.4717 1.5821 4.0840 -6.0272 1.4652 43.0558 4.7030 0.0568
Car -1 -1 0.5609 1127.1212 176.4062 1242.0000 375.0000 1.4711 1.6179 3.8955 6.2578 1.5076 5.3636 1.3958 0.0551
Car -1 -1 3.0464 321.0400 178.6464 409.1525 211.9833 1.5207 1.6441 3.9122 -11.8557 1.8142 35.0008 2.7217 0.0548
Car -1 -1 1.7053 498.8066 186.9965 541.3431 218.1505 1.4616 1.6587 4.2203 -4.6380 2.2459 37.8965 1.5838 0.0547
Car -1 -1 4.6181 628.0676 176.6790 667.5434 209.3670 1.5131 1.5958 3.8006 1.8459 1.7131 35.7861 4.6687 0.0543
Car -1 -1 4.0322 1142.8489 166.5191 1242.0000 200.8368 1.5057 1.5690 3.8594 27.0484 1.2278 33.5928 4.7056 0.0537
Car -1 -1 2.0163 1172.2040 181.1917 1242.0000 221.8847 1.4613 1.6046 3.7697 23.8743 1.8027 28.0375 2.7161 0.0531
Car -1 -1 1.5269 657.5510 176.0345 682.6365 198.1980 1.5495 1.6554 4.1220 4.4215 1.7929 53.1353 1.6091 0.0530