Car -1 -1 4.2086 845.2649 187.3015 1242.0000 375.0000 1.4531 1.5809 3.4579 3.1159 1.5954 5.3755 4.7093 0.9507
Car -1 -1 2.1721 0.0000 215.5086 301.7493 375.0000 1.4063 1.4927 3.6360 -3.6877 1.8145 5.0847 1.5686 0.9362
Car -1 -1 3.0078 807.6664 181.7529 965.0805 241.4242 1.4499 1.6440 3.6905 7.1952 1.7003 19.0978 3.3623 0.9178
Car -1 -1 4.3993 650.6311 181.1558 721.2482 223.1497 1.4092 1.5871 3.5429 2.7669 1.7401 26.8616 4.5002 0.9095
Car -1 -1 2.6897 991.0132 172.1605 1196.7063 233.5783 1.4600 1.4712 4.0649 12.0330 1.4435 18.1367 3.2676 0.9018
Car -1 -1 4.4785 590.7168 180.9571 630.8944 207.8701 1.4369 1.5448 3.4701 0.0297 1.9240 41.5134 4.4787 0.8501
Car -1 -1 2.1380 667.1579 171.2518 712.0881 191.1574 1.5018 1.6303 3.9491 6.3000 1.3809 56.4873 2.2482 0.3583
Car -1 -1 2.4641 543.3227 178.7661 594.5973 199.7788 1.5618 1.6204 3.8487 -3.1595 2.0409 56.5839 2.4081 0.2709
Car -1 -1 1.4076 620.4141 178.4356 649.2123 198.8358 1.4409 1.5572 3.7779 1.8553 1.8741 54.0180 1.4413 0.2587
Car -1 -1 1.7533 702.2549 176.5065 730.5392 197.9901 1.6764 1.5809 4.1056 8.8059 1.9874 59.2479 1.8997 0.2264
Car -1 -1 4.3408 1096.9761 157.2141 1206.5210 210.1436 1.4131 1.5282 3.0028 15.5888 0.9956 20.9118 4.9745 0.2122
Car -1 -1 1.4141 703.9155 174.7002 730.3181 194.1448 1.5609 1.5921 3.8524 8.9419 1.7199 60.2211 1.5605 0.1595
Car -1 -1 1.5114 709.0784 178.0460 737.6369 202.5519 1.4845 1.5863 3.8302 7.2993 1.8336 46.5301 1.6656 0.1537
Car -1 -1 4.0921 647.5009 171.6612 694.2759 191.6461 1.5133 1.6450 4.0002 4.7837 1.4230 56.7748 4.1754 0.1497
Car -1 -1 3.7921 0.0000 185.6208 171.9856 296.5888 1.4411 1.5902 4.0094 -8.8352 1.6413 10.4440 3.1024 0.1135
Car -1 -1 -0.5648 623.7081 178.1427 680.4702 198.6649 1.4400 1.5882 3.9333 3.1416 1.8415 53.1260 -0.5066 0.1123
Car -1 -1 1.4944 585.4103 180.0861 615.2125 207.1009 1.5267 1.5166 3.8292 -0.5995 1.9856 43.8084 1.4803 0.1051
Car -1 -1 2.1968 0.0000 184.2009 179.4504 327.4734 1.4963 1.5491 3.6380 -7.5844 1.6772 9.6656 1.5446 0.1020
Car -1 -1 -0.3466 1116.8416 153.5711 1242.0000 210.4956 1.4572 1.5779 3.2099 16.0281 0.9636 19.7342 0.3282 0.1014
Car -1 -1 2.5990 705.5176 177.6851 772.3088 202.2979 1.4899 1.6063 3.8944 8.1895 1.8056 45.6945 2.7748 0.0940
Car -1 -1 1.2749 562.4522 184.6870 597.8401 207.4192 1.5206 1.5521 3.6951 -2.1704 2.4119 52.3487 1.2331 0.0819
Car -1 -1 1.5311 666.6400 171.8852 689.5256 191.8957 1.4964 1.6075 3.9146 5.2822 1.4239 55.9536 1.6244 0.0638
Car -1 -1 1.8016 636.0298 184.0435 682.5253 213.9427 1.4765 1.6531 4.0446 2.7718 2.1218 39.4367 1.8706 0.0635
Car -1 -1 1.3602 644.8394 165.6121 672.3105 183.2087 1.6039 1.7396 4.1935 4.5800 0.9438 67.9672 1.4270 0.0621
Car -1 -1 1.8537 690.4523 174.9465 723.4158 194.8685 1.5204 1.6376 3.7012 7.7930 1.6931 57.5153 1.9873 0.0619
Car -1 -1 2.8490 864.6918 173.8075 1114.2537 257.5658 1.4905 1.6062 3.9830 7.1746 1.5105 13.9979 3.3135 0.0573
Car -1 -1 4.1048 901.5928 189.2912 1098.5557 279.9415 1.5244 1.6163 3.8478 7.8068 1.9092 14.8781 4.5790 0.0573
Car -1 -1 1.5309 687.3149 178.4823 714.3505 202.6906 1.4740 1.5781 4.0524 5.9047 1.8567 46.9869 1.6547 0.0572
Car -1 -1 2.0692 720.6879 172.9354 761.9773 192.2080 1.5250 1.6387 3.9602 10.8346 1.5319 59.1651 2.2491 0.0570
Car -1 -1 1.6371 547.1439 177.4106 571.6678 197.7502 1.5246 1.6696 3.9815 -3.9260 1.8969 56.9692 1.5682 0.0553
Car -1 -1 0.9456 667.6183 175.5049 714.3621 194.6985 1.4828 1.6586 4.1366 6.5640 1.7061 58.5615 1.0563 0.0543
Car -1 -1 2.6160 1027.2786 154.8605 1242.0000 238.7528 1.4637 1.6253 3.9009 10.3234 1.1497 13.6152 3.2542 0.0527
Car -1 -1 1.7167 737.3790 174.5914 765.7790 193.9589 1.4859 1.6736 4.0178 11.4323 1.6306 57.9209 1.9102 0.0515