Car -1 -1 4.7831 736.8308 181.1548 789.4162 223.6751 1.4823 1.6652 4.0858 5.9751 1.3407 27.2546 4.9964 0.9523
Car -1 -1 4.9667 58.7367 210.0063 142.5434 252.7407 1.4201 1.6796 4.4155 -20.2914 2.5014 28.9912 4.3597 0.9065
Car -1 -1 4.8163 143.0006 205.4756 192.6871 238.2745 1.4475 1.7214 4.3097 -22.4745 2.5529 36.9033 4.2719 0.7828
Car -1 -1 1.7639 186.2196 200.2495 231.3534 227.0141 1.5266 1.7538 4.0364 -25.2325 2.5271 45.6518 1.2609 0.6516
Car -1 -1 4.9377 795.0945 179.2183 832.4291 200.0354 1.4576 1.7254 4.2462 15.1554 1.0377 52.6101 5.2164 0.4560
Car -1 -1 1.6629 253.0118 201.6924 292.1824 230.0392 1.4189 1.6659 3.3359 -18.5602 2.3778 39.9835 1.2303 0.3979
Car -1 -1 1.6326 42.4589 206.0284 82.2424 235.7570 1.5930 1.6799 3.4471 -32.6011 2.8954 43.0828 0.9872 0.2979
Car -1 -1 1.5028 278.0661 201.6894 315.1129 230.1584 1.4573 1.7129 3.3573 -17.6848 2.4370 40.8637 1.0961 0.2493
Car -1 -1 2.0751 0.0000 186.6031 49.5055 278.0937 1.7663 1.7683 4.3459 -14.7894 1.8022 16.2640 1.3451 0.2193
Car -1 -1 1.5355 255.9120 190.7646 305.8654 233.9804 1.4387 1.5513 3.7171 -12.0554 1.6584 26.4572 1.1114 0.2098
Car -1 -1 1.3546 715.5015 185.7798 747.1794 205.6273 1.4577 1.5769 3.8984 9.4380 1.5023 54.8930 1.5235 0.1442
Car -1 -1 1.6607 796.6133 176.5264 827.6738 201.5149 1.6494 1.6923 4.3157 14.2260 1.0759 49.7673 1.9372 0.1323
Car -1 -1 1.4110 875.0428 163.2425 929.3801 200.2192 1.5296 1.6131 3.8387 12.9680 0.6206 31.7872 1.7949 0.1235
Car -1 -1 2.0161 0.0000 211.4643 65.0584 253.3079 1.5024 1.7505 3.1601 -24.2210 2.6517 29.7342 1.3363 0.1053
Car -1 -1 0.5824 160.7859 203.6458 227.3909 229.0916 1.4916 1.7282 3.1426 -25.5342 2.6570 44.4943 0.0634 0.0949
Car -1 -1 4.6019 3.0401 207.7751 66.0113 246.6332 1.4802 1.7688 3.8333 -25.2626 2.5363 31.6709 3.9322 0.0947
Car -1 -1 4.8356 791.9087 179.0107 821.8693 200.6711 1.4893 1.6051 3.9203 14.3498 1.0626 51.5428 5.1052 0.0912
Car -1 -1 1.5899 862.2605 163.4601 919.2136 212.2063 1.5242 1.6804 4.2604 9.7921 0.8439 24.7667 1.9622 0.0906
Car -1 -1 1.4042 729.3933 185.5448 759.3520 205.3271 1.4553 1.6615 3.5942 10.4114 1.4812 54.7563 1.5906 0.0821
Car -1 -1 2.0359 204.2571 195.5468 308.7186 241.7688 1.4181 1.6225 3.9811 -12.0326 1.8056 24.9577 1.5905 0.0802
Car -1 -1 4.8000 0.0000 186.1030 57.6797 226.4485 1.5070 1.6400 3.5614 -23.2501 1.5450 28.8727 4.1263 0.0771
Car -1 -1 4.6026 785.3295 185.5378 837.3177 225.3825 1.5109 1.6151 3.7703 8.2432 1.5250 29.2823 4.8740 0.0761
Car -1 -1 1.5594 847.1309 166.5298 894.5444 210.0357 1.4979 1.5486 3.6282 9.7586 0.8545 26.7175 1.9059 0.0757
Car -1 -1 5.0861 0.0000 201.2756 70.7924 275.2388 1.5575 1.6169 3.8956 -15.2725 2.0100 18.1537 4.3936 0.0755
Car -1 -1 1.9001 271.7312 188.7341 353.5094 230.8071 1.4200 1.5915 3.9359 -10.7882 1.5601 26.6055 1.5180 0.0741
Car -1 -1 1.8153 0.0000 219.4169 42.6503 287.7699 1.4800 1.7552 3.7793 -17.0737 2.5179 19.7320 1.1081 0.0736
Car -1 -1 1.0535 3.1026 204.9586 71.6959 233.2841 1.5091 1.7243 3.2844 -33.0363 2.6930 41.6897 0.3860 0.0717
Car -1 -1 0.5448 38.2746 207.8015 112.9222 235.9672 1.5744 1.7019 3.1431 -31.5645 2.9487 42.7528 -0.0888 0.0716
Car -1 -1 1.8255 39.3797 208.5146 111.3086 245.1288 1.4256 1.6786 3.9816 -24.2322 2.5619 32.8987 1.1940 0.0702
Car -1 -1 1.5326 286.7674 201.3501 325.0594 231.4734 1.5071 1.8396 3.5206 -16.8276 2.4511 40.0739 1.1369 0.0647
Car -1 -1 1.4021 881.9910 164.7384 951.8926 210.6990 1.5113 1.6470 3.8384 10.9715 0.8380 25.6944 1.8014 0.0644
Car -1 -1 4.8337 842.8693 165.6498 890.9969 202.0625 1.5259 1.5910 3.7342 11.6603 0.7060 32.1497 5.1785 0.0631
Car -1 -1 1.3474 803.8858 175.2215 843.3621 200.2716 1.6159 1.6667 4.1192 14.5387 0.9712 48.4813 1.6367 0.0627
Car -1 -1 2.8275 153.8586 194.4182 277.5585 234.3298 1.4581 1.6842 4.1074 -15.8684 1.8594 29.2806 2.3343 0.0591
Car -1 -1 0.0091 57.7684 204.7182 134.3544 233.5308 1.5512 1.7984 3.6604 -30.4293 2.7632 42.8933 -0.6056 0.0585
Car -1 -1 1.7436 717.6751 182.5308 748.7001 203.5047 1.5012 1.6292 3.9269 9.4240 1.3090 53.5748 1.9164 0.0549
Car -1 -1 2.5096 295.4779 185.2637 421.3295 227.8576 1.4238 1.6159 4.1819 -8.9617 1.4257 26.2096 2.1829 0.0548
Car -1 -1 1.5198 242.0985 195.5325 294.6021 235.6621 1.4151 1.6972 3.8606 -13.4971 1.8548 28.5331 1.0811 0.0545
Car -1 -1 0.8025 268.7466 188.1613 388.3694 232.2395 1.4342 1.6545 3.9168 -9.7654 1.5439 25.1776 0.4357 0.0513
Car -1 -1 1.6407 248.4263 198.4371 288.4435 228.0244 1.4393 1.6946 3.4921 -18.1512 2.1854 38.6317 1.2036 0.0511
Car -1 -1 2.0240 756.0309 174.7214 791.3198 192.3596 1.6256 1.6567 4.0711 15.8573 0.6584 68.3577 2.2506 0.0503