Car -1 -1 5.0074 332.7382 188.1576 456.5102 264.8645 1.4393 1.5815 3.3750 -4.3870 1.5090 15.3223 4.7327 0.9597
Car -1 -1 5.2904 15.9249 197.1255 253.0392 288.7381 1.3620 1.6922 3.9527 -8.3580 1.6138 13.2009 4.7349 0.9485
Car -1 -1 4.8678 435.0223 181.2340 498.2307 226.1939 1.4611 1.5886 3.8645 -4.8649 1.3317 25.3194 4.6795 0.9151
Car -1 -1 4.7306 576.9335 177.8638 608.4578 207.1927 1.4780 1.5886 3.4961 -0.7330 1.1075 37.9749 4.7110 0.8797
Car -1 -1 5.0522 295.4188 180.5398 388.3218 229.4344 1.4807 1.6090 4.0215 -8.6485 1.3391 23.7847 4.7067 0.8597
Car -1 -1 5.2311 102.0247 169.9117 253.3144 231.8560 1.6117 1.7044 4.5788 -12.3050 1.2135 20.9979 4.7065 0.8023
Car -1 -1 5.3398 0.0000 211.4465 250.8748 376.0000 1.4288 1.5048 3.4348 -4.0590 1.6756 5.0261 4.6861 0.8001
Car -1 -1 1.7159 483.4060 180.8848 524.3664 212.3357 1.4370 1.4778 3.3013 -4.9108 1.2391 34.4983 1.5752 0.7153
Car -1 -1 4.8093 422.1171 179.9854 455.8492 205.2845 1.4402 1.5964 3.7534 -9.9892 1.1424 42.8865 4.5815 0.4633
Car -1 -1 5.0113 301.4044 178.8784 362.5414 212.4819 1.4753 1.6581 3.5835 -12.7094 1.1971 33.4005 4.6501 0.4392
Car -1 -1 4.9080 465.8329 174.0076 497.9978 195.2723 1.5444 1.6561 3.9071 -9.3993 0.7304 54.1826 4.7367 0.4245
Car -1 -1 2.0865 168.9700 179.3419 256.3417 217.9862 1.5031 1.5806 3.6166 -16.2376 1.2746 29.7838 1.5909 0.2789
Car -1 -1 1.7047 270.1670 178.5965 315.6204 212.1782 1.6909 1.6596 4.2630 -16.7493 1.3576 38.4731 1.2963 0.2572
Car -1 -1 3.8710 158.5313 182.7221 257.8915 218.2709 1.4898 1.6001 3.6526 -17.3555 1.3853 31.3158 3.3683 0.1893
Car -1 -1 5.0132 379.8469 179.6700 440.1821 214.8734 1.5079 1.5919 3.7598 -8.8915 1.2703 32.6989 4.7494 0.1377
Car -1 -1 2.1483 290.6861 170.0977 346.3828 195.6957 1.5219 1.4871 3.5848 -17.8638 0.6231 44.6422 1.7695 0.1080
Car -1 -1 0.5287 36.9674 169.4222 195.6030 224.8280 1.4116 1.4995 3.1714 -12.9909 1.0092 19.1595 -0.0607 0.1053
Car -1 -1 4.9085 204.3759 180.5972 263.5173 216.3633 1.4913 1.5996 3.8659 -16.5565 1.2987 32.0517 4.4348 0.1046
Car -1 -1 3.5275 429.9730 182.4400 526.9597 217.3588 1.5944 1.7176 4.1904 -6.0793 1.4677 34.1004 3.3520 0.1032
Car -1 -1 4.7597 518.6323 166.9157 544.9800 190.8088 1.6105 1.6577 3.7323 -5.2466 0.3770 50.3628 4.6562 0.1031
Car -1 -1 5.3766 149.8577 181.7862 255.1377 221.0019 1.5517 1.6891 4.1591 -17.1038 1.4160 30.6311 4.8708 0.0830
Car -1 -1 5.0230 362.7318 171.8288 399.1806 192.3883 1.5403 1.6152 3.7710 -17.4970 0.5374 55.7472 4.7199 0.0806
Car -1 -1 2.1521 348.6642 180.5999 436.6935 220.6798 1.5874 1.6648 3.9874 -9.0356 1.4046 30.6205 1.8672 0.0789
Car -1 -1 0.5586 446.7116 174.0837 502.4705 195.3486 1.5286 1.5987 3.7790 -9.7956 0.7284 53.1135 0.3768 0.0786
Car -1 -1 1.6555 220.8651 177.0962 265.6628 209.5285 1.4608 1.5689 4.0132 -17.4156 1.0951 34.5331 1.1913 0.0714
Car -1 -1 1.5525 490.6146 178.2189 524.7505 209.3498 1.4764 1.6098 4.0566 -5.0492 1.1446 36.2213 1.4146 0.0612
Car -1 -1 3.4481 167.1480 182.0451 265.5675 218.2366 1.4763 1.6252 3.3216 -16.4680 1.3469 30.4285 2.9554 0.0608
Car -1 -1 0.2488 301.3942 178.3466 400.3962 211.9523 1.4793 1.5512 3.9662 -11.5554 1.1769 32.5937 -0.0896 0.0607
Car -1 -1 3.7229 332.6807 172.1533 392.2747 193.0433 1.5499 1.6507 4.0480 -18.5897 0.5808 54.6428 3.3962 0.0598
Car -1 -1 2.0591 398.7257 173.9141 461.6018 204.4563 1.6053 1.6483 4.1162 -9.7677 1.0113 39.9812 1.8208 0.0590
Car -1 -1 4.7203 529.9426 163.7190 552.3166 185.9731 1.6294 1.6335 3.7722 -4.9990 0.0555 54.5815 4.6292 0.0581
Car -1 -1 1.7331 288.0296 180.3149 341.7742 216.5348 1.4941 1.5655 3.9394 -12.8295 1.2919 31.7452 1.3516 0.0578
Car -1 -1 1.8173 290.3705 181.1314 341.4316 213.5878 1.6577 1.6030 4.0520 -15.6599 1.4491 38.8312 1.4360 0.0576
Car -1 -1 1.6120 204.6118 186.9472 255.6497 226.8815 1.4980 1.6582 4.0180 -15.3046 1.5739 29.3247 1.1344 0.0573
Car -1 -1 3.4093 346.0753 183.0852 447.6839 220.9426 1.5823 1.6607 3.8894 -8.9805 1.4933 30.9023 3.1284 0.0562
Car -1 -1 5.2245 429.0440 179.5942 485.5037 205.3625 1.4672 1.5991 3.8947 -8.9106 1.1472 43.0298 5.0212 0.0557
Car -1 -1 1.8043 464.9277 173.9611 499.5284 195.9568 1.5512 1.6100 4.0207 -9.1232 0.7575 52.7519 1.6336 0.0549
Car -1 -1 1.8256 32.3553 166.2746 124.9681 215.6585 1.4782 1.5617 3.5573 -17.1221 0.9112 23.4579 1.2005 0.0538
Car -1 -1 1.6547 419.5678 172.9214 457.1732 203.4916 1.5681 1.6402 4.0834 -9.1059 0.9374 39.0115 1.4266 0.0514