Car -1 -1 4.5013 751.4807 186.3768 876.3157 268.5442 1.4277 1.6671 4.0879 4.1541 1.7536 15.3043 4.7605 0.9395
Car -1 -1 4.3325 813.1607 157.6081 1144.5422 343.6392 1.6755 1.7848 4.7025 3.9968 1.5382 8.8755 4.7423 0.9307
Car -1 -1 4.4727 719.4891 182.3998 802.0508 238.5705 1.4565 1.5718 3.3880 4.3101 1.7574 21.0199 4.6714 0.8927
Car -1 -1 1.8218 496.1400 181.3248 556.4413 220.2148 1.5236 1.6434 4.0066 -3.5317 1.9155 31.2801 1.7098 0.8783
Car -1 -1 2.2561 0.0000 205.5403 184.2423 375.0000 1.4180 1.4984 3.4667 -4.6146 1.7207 4.9179 1.5292 0.8218
Car -1 -1 4.5832 706.8958 182.1605 766.2801 226.4138 1.4242 1.5930 3.9958 4.5119 1.7871 26.1023 4.7518 0.8082
Car -1 -1 4.5787 695.7470 180.3504 745.7604 219.3117 1.5685 1.6663 3.7880 4.8172 1.9175 31.6876 4.7275 0.6919
Car -1 -1 1.6192 576.8163 178.9549 599.4177 199.4119 1.5674 1.6428 3.8484 -1.7051 2.0775 58.3811 1.5897 0.6139
Car -1 -1 4.8450 494.2519 172.2981 521.4905 192.3859 1.5236 1.6171 3.8711 -7.9497 1.4815 56.6679 4.7060 0.5757
Car -1 -1 -1.2111 1006.7446 137.0936 1175.9591 218.7814 1.4254 1.5562 3.8761 9.6485 0.8014 14.3600 -0.6289 0.3104
Car -1 -1 1.3960 847.1551 177.2984 876.1287 197.1753 1.5094 1.5639 3.6468 20.0772 1.8760 57.5778 1.7296 0.2742
Car -1 -1 4.6966 494.8630 177.0858 519.1266 200.0490 1.4649 1.5621 3.9428 -6.9754 1.7636 48.8615 4.5551 0.1798
Car -1 -1 4.6476 677.0532 178.9401 713.6531 208.8149 1.4049 1.5925 3.8348 4.3123 1.7309 36.6840 4.7632 0.1138
Car -1 -1 1.2104 538.6025 178.8797 600.3779 213.0975 1.4879 1.6399 3.9361 -1.9652 1.7918 34.2577 1.1530 0.1126
Car -1 -1 -0.0591 540.7024 184.7185 622.1209 215.9872 1.4702 1.6717 3.9351 -1.4298 2.0746 35.7313 -0.0994 0.1053
Car -1 -1 5.2687 0.0000 209.2223 254.8324 375.0000 1.4475 1.6711 4.0993 -4.8537 1.8753 6.3817 4.6380 0.1017
Car -1 -1 1.7365 505.7772 174.2713 553.2458 209.3521 1.5534 1.5984 3.9194 -3.7218 1.6244 34.1144 1.6281 0.0909
Car -1 -1 1.5953 545.3165 185.3336 579.5995 216.9326 1.4541 1.6383 3.5936 -2.3376 2.1166 36.4751 1.5311 0.0893
Car -1 -1 1.4841 852.1907 175.1541 879.9195 196.4252 1.5497 1.6236 4.3410 19.6390 1.7336 55.3702 1.8229 0.0881
Car -1 -1 4.4342 858.5281 145.2712 923.5512 187.0065 1.8591 1.7634 4.2520 13.2965 0.6304 34.3373 4.8007 0.0868
Car -1 -1 -0.3869 696.2043 181.9239 796.5027 220.0248 1.5404 1.6077 3.9041 5.8337 1.9439 30.9148 -0.2028 0.0808
Car -1 -1 2.4271 843.9294 176.9572 896.3717 196.6389 1.4902 1.5905 3.7496 20.4553 1.8204 56.6439 2.7716 0.0769
Car -1 -1 -0.5398 733.6910 175.9490 902.4446 232.0306 1.4659 1.6299 4.3635 5.8599 1.5591 20.3660 -0.2641 0.0758
Car -1 -1 4.1142 842.9648 151.0922 928.2604 187.1523 1.5184 1.6137 3.9807 12.3338 0.6021 32.5068 4.4738 0.0753
Car -1 -1 1.2155 518.3102 185.7116 572.9175 217.7145 1.4773 1.6040 3.6658 -3.3210 2.1707 36.9139 1.1258 0.0739
Car -1 -1 1.3700 486.7987 172.4694 517.9100 192.7076 1.5015 1.6058 4.0165 -8.3097 1.4730 55.6941 1.2223 0.0738
Car -1 -1 1.0496 742.5009 173.9379 784.3150 191.3264 1.4799 1.6588 4.3884 13.6025 1.5796 64.0435 1.2576 0.0714
Car -1 -1 1.5223 857.5726 173.4070 883.5858 195.0614 1.5394 1.6154 3.9297 19.3223 1.5821 53.5181 1.8667 0.0616
Car -1 -1 1.6800 487.7704 172.7048 515.6801 193.9245 1.5426 1.6306 4.2553 -8.1196 1.5317 54.6088 1.5328 0.0616
Car -1 -1 1.7072 572.4659 179.2742 600.4186 201.0446 1.6034 1.6295 4.2404 -1.7751 2.1268 56.6282 1.6756 0.0608
Car -1 -1 1.5803 619.3495 179.5893 640.7913 200.0571 1.5293 1.6416 3.9561 1.6449 2.0823 57.2384 1.6084 0.0606
Car -1 -1 1.8340 471.9637 180.1274 514.1855 206.9720 1.5008 1.5815 3.7308 -6.9428 1.9571 43.3269 1.6756 0.0602
Car -1 -1 1.0785 1064.9178 187.3326 1242.0000 277.1095 1.4734 1.6171 3.9971 11.0544 1.8086 14.6117 1.7158 0.0591
Car -1 -1 0.0521 567.3455 179.5014 614.9019 199.5158 1.5590 1.6002 3.7179 -1.4474 2.0977 57.6174 0.0267 0.0581
Car -1 -1 0.5634 0.0000 199.8202 38.2853 261.7238 1.4714 1.5963 3.9929 -17.9993 2.2351 19.2904 -0.1805 0.0574
Car -1 -1 -0.6556 861.4139 176.6279 1242.0000 350.2968 1.4980 1.6381 3.3646 4.5228 1.5413 7.2799 -0.1186 0.0563
Car -1 -1 4.6171 733.0304 201.8099 901.8547 368.7667 1.5160 1.6061 3.8660 2.4385 1.9704 9.2890 4.8643 0.0554
Car -1 -1 1.0855 787.2678 173.6316 857.0974 204.4998 1.4554 1.6320 4.0999 10.6081 1.4968 36.3010 1.3672 0.0546
Car -1 -1 1.3838 888.3755 176.9548 920.7080 197.1736 1.4884 1.6365 3.7803 22.8279 1.8179 55.9483 1.7690 0.0541
Car -1 -1 1.2219 991.7153 125.3859 1156.3342 212.7297 1.4290 1.5740 3.1042 8.4882 0.6524 13.4838 1.7742 0.0534
Car -1 -1 4.1257 826.7379 159.4739 942.8654 208.1241 1.4336 1.5997 3.8928 8.7656 1.0393 23.3395 4.4805 0.0533
Car -1 -1 4.3786 828.1573 151.5148 898.0036 187.9949 1.5491 1.6649 4.2753 11.4135 0.6429 32.7780 4.7108 0.0524
Car -1 -1 1.9605 866.4632 177.2449 907.5750 197.2812 1.4923 1.6416 3.9419 21.7951 1.8490 56.6137 2.3259 0.0509
Car -1 -1 4.1143 998.2346 162.3642 1140.5442 222.9500 1.5699 1.5502 3.7611 12.9519 1.2981 20.6089 4.6686 0.0504
Car -1 -1 4.1408 827.6924 151.2063 906.8387 187.6942 1.6127 1.6365 3.9224 12.0452 0.6559 33.9885 4.4786 0.0503
Car -1 -1 -0.2448 928.7437 147.0164 1097.6735 202.1503 1.5324 1.5655 4.0945 11.7817 0.8143 21.3264 0.2540 0.0501