Car -1 -1 4.5833 700.6337 182.6834 805.9643 265.3849 1.4524 1.6377 3.7405 2.8561 1.6832 15.0373 4.7664 0.9494
Car -1 -1 4.5820 628.0034 170.7304 670.2044 203.5670 1.7460 1.7997 4.4618 2.1655 1.6331 40.6611 4.6344 0.6452
Car -1 -1 4.6585 555.0428 179.9466 575.2313 197.6067 1.4952 1.6030 3.7477 -4.0027 2.1495 64.6120 4.5965 0.2544
Car -1 -1 0.7216 0.0000 0.0000 1242.0000 375.0000 1.4840 1.5969 3.8875 2.8135 1.6854 1.6889 1.6764 0.2360
Car -1 -1 4.9912 245.8830 149.1660 484.6949 314.2666 1.8081 1.8656 4.5236 -3.0677 1.5486 10.1708 4.7045 0.2273
Car -1 -1 2.2913 1022.9763 223.1179 1242.0000 375.0000 1.5035 1.6317 4.0659 4.0835 1.7617 2.7278 3.2233 0.2219
Car -1 -1 4.7561 613.0297 179.5973 640.1477 204.3113 1.4715 1.5630 3.7544 1.1184 1.9188 45.9373 4.7798 0.2033
Car -1 -1 4.4212 653.8869 165.5385 684.8591 185.8447 1.7439 1.6662 3.9754 5.2743 1.1156 64.0826 4.5027 0.1671
Car -1 -1 4.9663 460.8605 160.6889 494.4890 188.2948 2.1055 1.7222 3.7449 -10.3699 1.1777 56.9634 4.7868 0.1274
Car -1 -1 3.5987 45.2544 168.5509 431.5579 314.7989 1.6095 1.5631 3.8836 -4.2955 1.5622 8.7454 3.1534 0.1248
Car -1 -1 0.9178 962.1251 223.9862 1242.0000 375.0000 1.4371 1.6153 3.7167 3.0769 1.7900 3.0591 1.6577 0.1123
Car -1 -1 1.2934 699.4637 179.7080 743.9634 206.9234 1.4259 1.5212 3.6805 6.2719 1.8307 40.6933 1.4447 0.1091
Car -1 -1 3.0894 624.4151 173.3157 689.8551 201.9186 1.5227 1.6098 3.4714 2.5515 1.5483 39.2634 3.1534 0.1022
Car -1 -1 5.5129 9.7736 181.1723 366.2237 338.6362 1.5371 1.6558 3.8726 -5.0786 1.6693 9.3626 5.0271 0.0975
Car -1 -1 1.5604 663.7725 205.2406 1242.0000 375.0000 1.4804 1.5877 3.7527 1.6944 1.6968 2.7908 2.0590 0.0955
Car -1 -1 4.6938 629.4540 179.3907 655.8334 204.2795 1.4811 1.5988 3.7929 2.0678 1.9140 45.8615 4.7381 0.0915
Car -1 -1 4.5146 709.0447 172.5701 756.1687 201.9534 1.4459 1.6250 4.1471 6.3461 1.4320 37.6050 4.6801 0.0885
Car -1 -1 0.9428 0.0000 0.0000 1242.0000 375.0000 1.5136 1.6340 4.0162 1.7734 1.6003 1.1639 1.8227 0.0846
Car -1 -1 0.1249 530.6094 179.8660 577.0568 197.5134 1.5176 1.6049 3.9159 -4.8936 2.1449 63.6570 0.0480 0.0828
Car -1 -1 1.5566 595.5450 179.7499 614.5713 197.5057 1.4614 1.5994 3.8592 -0.4172 2.0806 62.8424 1.5496 0.0771
Car -1 -1 3.3810 615.2980 171.7079 691.2180 200.4776 1.6075 1.6945 4.0981 2.5380 1.5434 41.7284 3.4409 0.0759
Car -1 -1 1.7098 608.7510 175.0079 645.0182 201.6820 1.5470 1.6586 4.2489 1.1163 1.6864 44.4389 1.7342 0.0749
Car -1 -1 4.2216 576.3281 181.5877 629.6758 206.6194 1.4391 1.6409 3.9996 -0.4604 2.0114 45.1303 4.2110 0.0748
Car -1 -1 2.8811 694.8260 179.6532 790.4932 211.8615 1.4180 1.6112 4.0410 6.0714 1.7394 33.1426 3.0601 0.0727
Car -1 -1 0.5379 391.2410 188.0063 1189.7334 375.0000 1.4266 1.5964 4.0725 0.6513 1.5520 4.0668 0.6829 0.0717
Car -1 -1 1.6593 547.9288 177.6114 570.7923 197.1989 1.6068 1.6023 4.2215 -4.3045 2.0319 62.3476 1.5903 0.0709
Car -1 -1 4.9647 648.0734 166.4747 689.6384 192.8360 1.5214 1.5977 3.8566 3.6383 1.1532 43.7256 5.0468 0.0694
Car -1 -1 1.4666 692.5497 173.4402 737.8188 207.8080 1.5357 1.6735 4.4908 4.9927 1.5656 34.5932 1.6082 0.0678
Car -1 -1 3.2824 589.7295 173.8707 670.4353 202.2976 1.5001 1.6671 4.2056 1.1450 1.5571 39.3346 3.3108 0.0655
Car -1 -1 1.0226 563.1592 178.5842 621.3859 204.7908 1.4765 1.6748 4.0196 -1.0975 1.8408 43.7308 0.9972 0.0642
Car -1 -1 4.4385 976.1219 184.8284 1242.0000 375.0000 1.3824 1.6386 4.0348 3.3033 1.4883 4.2056 5.0702 0.0617
Car -1 -1 1.7386 601.9252 175.2278 640.8607 202.6871 1.5351 1.6640 3.9988 0.7512 1.6829 42.8214 1.7555 0.0615
Car -1 -1 5.0629 158.4996 175.7188 409.0287 331.1451 1.5971 1.6948 3.6616 -3.8955 1.6416 9.3423 4.6771 0.0610
Car -1 -1 -0.4736 622.6368 175.2305 695.4198 200.2704 1.4995 1.6708 4.2463 3.0970 1.6534 45.1192 -0.4060 0.0577
Car -1 -1 -0.5797 824.3220 227.9332 1242.0000 375.0000 1.4843 1.6048 3.9347 2.6984 1.7427 2.0983 0.2632 0.0572
Car -1 -1 3.6149 653.0150 166.0496 703.8480 184.6874 1.5744 1.6965 4.0762 5.9774 0.9996 62.7623 3.7092 0.0565
Car -1 -1 5.1832 0.0000 176.4157 254.7043 333.2086 1.5641 1.6481 3.9743 -6.2276 1.6205 9.3534 4.6085 0.0555
Car -1 -1 1.8578 540.6678 176.0725 573.2382 196.2090 1.6080 1.6522 4.0069 -4.3660 1.8871 60.4346 1.7856 0.0552
Car -1 -1 4.5191 718.8502 171.4290 765.1917 202.1960 1.4579 1.5597 3.8482 6.5705 1.3903 36.1250 4.6972 0.0549
Car -1 -1 2.9671 583.2304 177.1473 653.3494 205.0906 1.5866 1.6651 3.8945 0.4892 1.8460 42.4564 2.9780 0.0548
Car -1 -1 1.8044 443.3870 192.2917 501.4103 230.2452 1.4663 1.6398 3.9722 -5.9999 2.3822 31.9738 1.6198 0.0535
Car -1 -1 1.6218 554.6974 176.1380 576.8640 197.1531 1.7022 1.6628 4.2256 -3.6823 1.9905 61.2273 1.5615 0.0531
Car -1 -1 1.5609 692.9740 178.5531 721.6562 205.4542 1.4444 1.5634 3.8481 5.6103 1.7887 41.5955 1.6935 0.0525
Car -1 -1 1.1980 561.0073 177.3096 596.5536 196.9485 1.5737 1.6291 4.0707 -2.6399 1.9639 61.0021 1.1545 0.0524
Car -1 -1 4.6708 477.1550 206.3087 556.2643 284.5473 1.4994 1.7228 4.0911 -2.3816 2.4269 17.8415 4.5389 0.0519
Car -1 -1 5.4342 0.0000 168.3107 281.6989 345.9839 1.5450 1.6042 3.8767 -5.6574 1.5055 8.3047 4.8507 0.0512
Car -1 -1 0.1791 593.0974 177.9912 658.3289 203.3440 1.5272 1.6025 3.8535 1.0280 1.8567 45.1090 0.2012 0.0511
Car -1 -1 0.3246 647.0056 175.0139 720.9347 202.0034 1.4943 1.6122 3.9470 4.3010 1.6239 41.7456 0.4261 0.0508