Car -1 -1 2.0063 165.2254 181.4703 361.5834 288.6383 1.6488 1.6942 4.0177 -6.1779 1.8335 13.4444 1.5824 0.9599
Car -1 -1 1.8398 319.4169 181.4111 427.2392 246.9036 1.5695 1.6939 4.4637 -6.4262 1.8353 20.1440 1.5342 0.8817
Car -1 -1 4.0726 894.4642 190.5276 1242.0000 375.0000 1.3898 1.5629 3.6332 2.8099 1.5171 3.3692 4.7250 0.8677
Car -1 -1 1.6296 516.0187 179.2875 555.2764 209.6218 1.4777 1.8118 4.4055 -3.8661 1.8395 38.3362 1.5292 0.8606
Car -1 -1 1.7609 424.0385 183.1457 479.9054 220.6783 1.4325 1.5571 4.1550 -6.6416 1.9014 30.7806 1.5496 0.6969
Car -1 -1 3.1502 1083.1770 146.7338 1242.0000 203.8719 1.4071 1.6398 4.4000 15.6934 0.7638 19.7796 3.8137 0.6566
Car -1 -1 1.6440 488.4944 181.3689 520.3149 206.3041 1.4537 1.6833 4.2627 -6.6181 2.0193 45.7416 1.5006 0.5914
Car -1 -1 4.7664 631.3629 172.1426 656.5012 195.5248 1.6363 1.6296 3.6355 2.5256 1.5865 52.3843 4.8139 0.5284
Car -1 -1 3.0565 680.2241 163.8287 751.0505 187.6150 1.5706 1.6899 4.5923 7.1003 0.9747 48.6226 3.2004 0.4687
Car -1 -1 3.9115 0.0000 226.6710 96.4993 375.0000 1.4592 1.6099 4.0432 -7.2925 2.0163 6.5699 3.0944 0.4409
Car -1 -1 2.8246 696.9601 168.4730 770.6498 195.1749 1.6462 1.7110 4.2731 7.8330 1.3761 45.6461 2.9931 0.2905
Car -1 -1 3.4133 357.6015 175.8004 440.5601 201.5462 1.4656 1.6278 4.3693 -12.2331 1.6409 42.1006 3.1319 0.2682
Car -1 -1 4.5883 681.3698 168.6520 708.6981 190.4994 1.6309 1.6138 3.9902 6.5802 1.3173 55.8653 4.7046 0.2551
Car -1 -1 -0.4558 668.3983 159.7613 774.3220 196.5407 1.5011 1.6124 4.1943 4.7693 0.9668 30.8466 -0.3042 0.2213
Car -1 -1 2.3409 0.0000 223.5459 133.2335 375.0000 1.4304 1.5844 3.6271 -6.0210 1.9859 6.0842 1.5826 0.2044
Car -1 -1 4.6325 745.8278 166.6660 776.0186 192.0195 1.5676 1.5946 3.9067 9.7434 1.1850 46.6490 4.8369 0.2001
Car -1 -1 -0.6262 1051.0634 143.8269 1149.4734 172.7414 1.5635 1.6630 4.3607 27.1020 -0.0064 39.9269 -0.0331 0.1653
Car -1 -1 1.3626 538.6454 179.8415 571.7237 202.0848 1.4883 1.5934 3.8715 -3.9311 2.0088 51.6675 1.2866 0.1504
Car -1 -1 4.7034 425.0356 194.3050 474.4857 241.9213 1.4148 1.5663 3.7262 -5.5951 2.2238 25.2232 4.4866 0.1407
Car -1 -1 -0.4378 726.3006 166.1114 833.8541 201.9543 1.5058 1.6266 4.2938 7.4308 1.2225 31.5534 -0.2090 0.1371
Car -1 -1 4.4003 856.5618 157.1849 895.9078 178.6569 1.5957 1.6878 4.0125 20.5160 0.4313 55.6600 4.7517 0.1368
Car -1 -1 5.2419 0.0000 214.9632 181.0469 375.0000 1.4761 1.6118 3.8818 -6.2536 2.0391 7.6120 4.5710 0.1268
Car -1 -1 4.8632 270.8347 167.6139 326.9022 206.4966 1.4566 1.5343 3.5353 -12.3844 1.2603 28.9327 4.4618 0.1203
Car -1 -1 4.4533 630.9485 171.1184 670.5217 198.2386 1.7241 1.6470 4.0223 2.6902 1.6138 48.0069 4.5085 0.1144
Car -1 -1 2.6898 1165.7500 142.1428 1242.0000 178.3921 1.5370 1.6474 4.1503 27.4171 0.2348 31.9119 3.3951 0.1143
Car -1 -1 4.4224 856.9406 144.5513 919.6186 180.8969 1.5641 1.6712 3.6820 12.6451 0.3461 32.9484 4.7859 0.1138
Car -1 -1 1.5956 479.3655 173.4390 498.0506 190.5578 1.5289 1.6026 3.8947 -11.1324 1.5846 66.6234 1.4304 0.1111
Car -1 -1 4.5165 1021.7687 159.1703 1090.6216 200.1212 1.4938 1.5682 3.7959 17.4642 0.9946 28.3715 5.0634 0.1107
Car -1 -1 -0.1666 696.2674 169.6699 791.7042 205.2722 1.4854 1.5666 3.8092 5.7058 1.3525 30.9131 0.0138 0.1098
Car -1 -1 4.6048 659.1532 153.2533 707.4097 191.1971 1.5380 1.6569 3.8760 3.1224 0.7435 31.1912 4.7034 0.1053
Car -1 -1 1.2538 1035.6228 164.6619 1133.0677 214.1260 1.6454 1.6954 4.2312 17.1289 1.3729 26.2630 1.8263 0.1041
Car -1 -1 4.5663 728.8484 169.5252 777.1355 203.9799 1.4526 1.5917 3.6420 6.3538 1.3122 32.2751 4.7585 0.0974
Car -1 -1 1.6565 501.9755 177.8975 526.9109 198.2624 1.4805 1.5715 3.8342 -7.2656 1.8812 55.3714 1.5263 0.0973
Car -1 -1 -0.2769 641.4738 153.9711 746.8205 191.3945 1.5141 1.6409 4.1056 3.5214 0.7501 30.3352 -0.1627 0.0947
Car -1 -1 1.6763 702.2381 173.1450 733.7967 197.9137 1.5115 1.6052 3.8039 6.9687 1.5309 46.1223 1.8250 0.0943
Car -1 -1 4.0206 755.4958 146.2359 845.4049 185.4561 1.5198 1.5939 3.7232 7.8485 0.4883 29.9835 4.2741 0.0898
Car -1 -1 -0.2339 676.2031 168.5854 732.2222 188.3415 1.4718 1.5957 3.9518 7.1601 1.1538 54.7543 -0.1049 0.0861
Car -1 -1 1.6196 727.5171 163.0310 770.7383 203.1431 1.5538 1.5831 3.7621 5.8452 1.1733 29.9645 1.8100 0.0819
Car -1 -1 3.8482 269.8636 171.6823 341.7806 198.3195 1.5078 1.5965 3.7345 -17.7434 1.4415 42.1726 3.4520 0.0819
Car -1 -1 1.5614 473.1239 185.6376 496.8664 209.1653 1.4855 1.5508 3.7019 -8.5859 2.3998 49.6465 1.3906 0.0811
Car -1 -1 4.4027 985.1097 159.1382 1063.8500 199.4491 1.5000 1.6092 3.8652 16.5093 0.9896 28.9044 4.9171 0.0795
Car -1 -1 -0.5825 429.6883 193.8906 561.3668 242.5364 1.4336 1.6723 4.3166 -3.8946 2.2263 25.1212 -0.7355 0.0793
Car -1 -1 4.3552 882.5588 152.1893 931.8613 178.0701 1.6708 1.7313 4.1216 20.0047 0.3367 48.6664 4.7431 0.0790
Car -1 -1 1.8149 422.5642 193.0672 497.9020 242.4904 1.4299 1.6164 3.7363 -4.9405 2.1648 24.3338 1.6160 0.0744
Car -1 -1 -0.3636 733.2012 167.1488 799.6667 192.0503 1.5500 1.6104 3.8168 9.9769 1.1949 45.9959 -0.1516 0.0743
Car -1 -1 2.3089 987.4982 163.9500 1107.4178 206.2127 1.5273 1.6243 4.0220 16.6324 1.2055 27.4326 2.8489 0.0738
Car -1 -1 4.6385 695.0435 163.2703 724.6302 187.4795 1.6058 1.7112 4.3195 6.9132 0.9701 50.0693 4.7746 0.0685
Car -1 -1 4.5198 748.9442 165.3316 806.8289 202.5454 1.4981 1.6383 4.2266 7.1891 1.1952 31.1840 4.7439 0.0682
Car -1 -1 -0.5338 835.1521 145.5095 935.9136 182.1588 1.5781 1.6323 3.9181 12.2867 0.4007 32.2091 -0.1724 0.0673
Car -1 -1 2.8503 667.1248 172.6693 735.6968 197.0857 1.4968 1.6266 3.9764 5.7524 1.4855 45.3643 2.9753 0.0673
Car -1 -1 0.4363 468.3119 181.7593 530.7808 206.3981 1.4541 1.6316 3.4673 -6.8137 2.0224 44.7725 0.2857 0.0671
Car -1 -1 -0.4155 889.8946 153.6967 959.6176 177.6973 1.5584 1.6249 3.8979 20.7886 0.3145 47.6770 -0.0066 0.0656
Car -1 -1 4.8319 515.9028 179.1058 552.6593 208.3903 1.5077 1.5822 3.7027 -4.1065 1.8688 39.8094 4.7293 0.0625
Car -1 -1 4.7746 836.2700 159.4855 859.9169 180.3368 1.7378 1.6925 4.1153 20.6414 0.6236 62.3587 5.0927 0.0621
Car -1 -1 0.6746 438.9594 186.9979 497.0248 210.5210 1.4751 1.6247 3.6235 -9.5557 2.4598 48.6790 0.4813 0.0614
Car -1 -1 4.3814 682.5411 166.8328 746.4797 201.1657 1.4390 1.6231 3.9633 4.6249 1.1866 32.3418 4.5218 0.0606
Car -1 -1 3.9718 328.4381 191.6603 445.6655 240.0014 1.4223 1.6209 3.7963 -7.4797 2.0960 24.1848 3.6744 0.0599
Car -1 -1 2.5491 553.3341 180.2632 609.2725 202.5166 1.4707 1.5634 3.6673 -1.9617 2.0073 50.5413 2.5100 0.0598
Car -1 -1 4.5218 893.8564 173.7654 959.1002 213.8235 1.4269 1.6017 3.7135 12.1105 1.4645 27.7766 4.9286 0.0577
Car -1 -1 1.4691 624.6212 180.1544 650.4588 201.4035 1.5051 1.5642 3.7958 2.0761 2.0751 54.3884 1.5066 0.0569
Car -1 -1 3.7390 0.0000 219.4404 105.4681 375.0000 1.4580 1.5995 4.2133 -6.6978 1.9065 5.6525 2.8926 0.0566
Car -1 -1 -0.6971 943.1792 173.9072 1049.9978 211.7938 1.5248 1.6030 3.8196 16.2172 1.5707 30.2870 -0.2099 0.0560
Car -1 -1 0.1922 517.6591 180.1393 576.2375 202.6048 1.5240 1.6221 3.8543 -4.3674 2.0452 50.6121 0.1061 0.0558
Car -1 -1 4.9076 690.1566 167.9344 721.4717 188.9246 1.5471 1.6265 4.0594 7.4218 1.1845 55.3646 5.0399 0.0544
Car -1 -1 -0.6712 1039.1670 163.4630 1163.8538 204.3371 1.4998 1.6237 3.7211 18.6462 1.1552 27.4321 -0.0794 0.0544
Car -1 -1 5.3650 0.0000 201.1142 126.9719 265.3169 1.4310 1.5879 3.5074 -14.9343 2.2589 19.3835 4.7149 0.0543
Car -1 -1 3.1805 698.1475 163.2331 766.8093 186.9742 1.5375 1.6670 4.4293 8.1873 0.9145 47.9985 3.3482 0.0542