Car -1 -1 5.2162 516.3751 173.8949 592.9541 209.4506 1.4057 1.5884 3.8465 -1.8651 1.1045 30.4777 5.1505 0.9312
Car -1 -1 -0.4302 280.0645 175.0701 441.2543 227.7136 1.5385 1.7056 4.6500 -7.6352 1.3502 23.2016 -0.7500 0.7504
Car -1 -1 4.8860 576.0587 170.2596 608.8748 193.0382 1.5267 1.6406 4.0222 -0.5119 0.7725 50.2591 4.8709 0.6505
Car -1 -1 4.9156 558.1342 167.9150 588.8444 188.2232 1.5838 1.6934 4.1799 -2.1390 0.5234 58.2207 4.8742 0.6101
Car -1 -1 4.6950 603.2970 169.2213 623.3403 188.5214 1.6214 1.6488 4.0014 1.0944 0.5888 62.3516 4.7076 0.2891
Car -1 -1 -0.2241 290.0796 161.9832 370.1888 187.6443 1.5287 1.7387 4.3907 -16.8019 0.3653 44.7319 -0.5863 0.1993
Car -1 -1 5.8221 269.3713 171.4087 349.0089 197.8125 1.5259 1.6578 4.1825 -17.6303 0.9420 43.6301 5.4353 0.1782
Car -1 -1 1.8300 375.1212 169.4730 436.6804 204.9378 1.4350 1.5866 4.0565 -8.3329 0.9479 31.0990 1.5653 0.1487
Car -1 -1 1.4609 631.6627 160.3550 662.5837 186.1562 1.6144 1.5859 3.7905 3.0101 0.2906 46.8805 1.5198 0.1458
Car -1 -1 -0.2877 312.5591 162.5995 389.1616 187.0792 1.4926 1.6649 4.3109 -15.8557 0.3394 45.7347 -0.6245 0.1269
Car -1 -1 4.6664 398.2648 168.0424 438.2829 203.8807 1.5936 1.6449 3.8740 -8.6738 0.9947 34.0360 4.4137 0.1207
Car -1 -1 4.4078 261.3095 173.1118 309.1141 199.2304 1.5143 1.5800 3.7976 -19.1574 1.0272 43.5939 3.9910 0.1204
Car -1 -1 3.7252 371.4396 172.6414 427.0049 190.6164 1.4865 1.5936 4.3724 -17.0303 0.7529 60.8262 3.4484 0.1098
Car -1 -1 3.3537 545.0126 167.4319 597.4121 186.8869 1.5136 1.6003 3.9086 -2.2984 0.4182 57.0025 3.3088 0.1017
Car -1 -1 4.7383 508.3505 188.2450 544.5143 220.8809 1.4367 1.6292 3.9391 -3.5039 1.7789 34.4869 4.6326 0.0971
Car -1 -1 1.4720 417.7068 184.8343 450.5741 210.5309 1.4738 1.5675 3.8068 -10.1686 1.6857 43.7841 1.2400 0.0907
Car -1 -1 5.0224 351.9799 172.4413 418.1595 206.6659 1.3846 1.5856 4.0462 -9.2296 1.0177 31.0998 4.7312 0.0856
Car -1 -1 1.4978 247.2285 190.4056 299.4080 228.9503 1.4397 1.6713 4.2963 -13.7904 1.8415 30.1696 1.0671 0.0823
Car -1 -1 0.2961 259.0221 172.9106 330.0391 198.6179 1.5126 1.5638 3.6360 -18.3633 1.0065 43.2409 -0.1083 0.0811
Car -1 -1 0.0356 587.1475 169.2515 633.7527 186.6059 1.4571 1.5593 3.9201 0.8782 0.4277 61.1775 0.0450 0.0806
Car -1 -1 3.3889 386.8072 185.3475 452.8072 210.8411 1.4764 1.6157 3.5144 -10.6859 1.7085 42.6554 3.1397 0.0776
Car -1 -1 4.5768 628.1179 159.7058 657.1022 182.5294 1.7532 1.7321 4.2264 3.3301 0.0781 57.3563 4.6297 0.0740
Car -1 -1 4.7791 423.1291 166.2898 464.5965 203.2476 1.6572 1.6785 4.0150 -7.4175 0.9746 34.3199 4.5628 0.0738
Car -1 -1 5.0963 320.5947 164.3593 371.3703 188.8159 1.5033 1.6635 4.1241 -16.3086 0.4490 46.2505 4.7542 0.0733
Car -1 -1 1.8792 582.5427 181.3105 628.4088 206.7629 1.4403 1.6321 3.9137 0.3543 1.4289 42.7630 1.8824 0.0723
Car -1 -1 1.6393 256.9410 189.9153 301.1431 225.0479 1.4747 1.6136 3.7116 -14.7629 1.8860 33.1399 1.2180 0.0709
Car -1 -1 3.3964 583.8817 180.4643 655.2178 206.4314 1.4548 1.6211 3.8431 1.1209 1.3961 41.5480 3.4181 0.0689
Car -1 -1 2.5808 431.3699 183.6178 497.8141 209.6222 1.4685 1.5956 3.5787 -8.0352 1.5988 42.6606 2.3906 0.0673
Car -1 -1 5.2459 384.6942 172.6181 465.7700 209.5490 1.4710 1.6013 3.9129 -7.3972 1.1167 30.7161 5.0065 0.0667
Car -1 -1 1.7023 555.4108 179.5689 601.5770 213.3138 1.4782 1.6371 4.1886 -0.9607 1.3931 33.6311 1.6688 0.0631
Car -1 -1 1.0927 376.8275 184.5693 433.4577 210.5974 1.4577 1.6206 3.9040 -11.6351 1.6478 42.6793 0.8230 0.0615
Car -1 -1 1.1303 583.0182 179.7974 637.6262 206.8466 1.4431 1.5996 3.7613 0.5061 1.3516 40.3655 1.1376 0.0608
Car -1 -1 1.5870 273.6000 193.1581 322.6390 235.4074 1.4373 1.6283 3.7746 -11.5824 1.9185 27.6255 1.1880 0.0588
Car -1 -1 3.3483 420.3235 185.7571 482.6568 211.4993 1.4868 1.6136 3.3598 -8.7878 1.7431 42.5644 3.1408 0.0575
Car -1 -1 2.1004 474.9708 184.3382 546.0035 220.0875 1.4480 1.6031 3.3380 -3.8492 1.5782 31.2386 1.9736 0.0574
Car -1 -1 4.6635 356.1092 170.2669 400.9143 207.4270 1.4449 1.5843 3.9587 -9.3349 1.0076 30.0620 4.3599 0.0544
Car -1 -1 3.8053 468.0299 176.3294 570.2645 213.6292 1.4720 1.6242 4.1283 -3.4328 1.2675 30.1147 3.6876 0.0523
Car -1 -1 1.9427 621.4943 165.3669 661.3287 187.3734 1.6487 1.7116 4.1956 3.2459 0.4391 56.0816 1.9954 0.0521
Car -1 -1 4.9386 385.8593 172.2733 415.3279 190.6784 1.5344 1.6168 3.9301 -17.1728 0.7642 61.8898 4.6642 0.0517
Car -1 -1 0.7977 590.3809 181.2783 671.7981 212.1535 1.4358 1.6385 4.0526 1.4615 1.4249 35.4558 0.8335 0.0501