Car -1 -1 5.1313 0.0000 186.6195 380.2289 376.0000 1.4611 1.5983 3.8559 -3.2392 1.4768 6.0839 4.6601 0.9677
Car -1 -1 4.9282 325.5974 192.5525 449.9099 277.5693 1.3971 1.5512 3.4371 -4.0854 1.5568 13.8835 4.6469 0.9370
Car -1 -1 4.6311 557.2437 180.2693 600.8209 214.5669 1.4291 1.6434 3.4614 -1.2936 1.2230 31.7698 4.5903 0.8915
Car -1 -1 5.2575 30.6036 184.7607 185.4341 242.1254 1.3619 1.5870 3.8024 -12.9872 1.3511 19.0031 4.6644 0.8062
Car -1 -1 5.0209 261.2326 184.9424 357.7433 234.3920 1.3904 1.6253 3.8761 -9.0622 1.3827 22.2054 4.6373 0.7308
Car -1 -1 5.1599 107.1639 186.8035 284.3602 268.1151 1.4231 1.5617 3.8454 -8.1250 1.4597 14.6183 4.6602 0.3627
Car -1 -1 1.7663 411.9857 178.0391 454.8438 207.4501 1.4821 1.5476 3.4788 -9.1320 1.1205 37.9939 1.5316 0.3208
Car -1 -1 4.9912 312.9964 177.8738 365.5116 208.4772 1.4559 1.5612 3.4566 -13.3457 1.1066 35.9799 4.6381 0.2667
Car -1 -1 3.4110 324.8217 155.9778 428.5446 194.7434 1.4650 1.5880 3.5533 -8.9247 0.3601 28.0249 3.1055 0.2478
Car -1 -1 5.0300 23.8382 175.0821 94.4913 208.7972 1.4881 1.5682 3.6103 -25.5880 1.0408 33.6905 4.3841 0.1614
Car -1 -1 3.6643 274.6287 180.5155 361.6549 210.6492 1.4420 1.5861 3.6828 -14.2215 1.2170 35.4467 3.2850 0.1469
Car -1 -1 1.8405 339.8143 167.7002 377.9754 193.2575 1.8022 1.6633 3.8757 -18.1418 0.5671 52.6755 1.5101 0.1435
Car -1 -1 1.5730 400.0598 169.8728 440.1580 205.9622 1.6141 1.7472 4.5312 -8.9787 0.9279 34.5613 1.3204 0.1301
Car -1 -1 4.5826 434.5968 180.8065 467.8380 205.6253 1.4745 1.5651 3.6111 -9.7258 1.2125 44.6711 4.3691 0.1284
Car -1 -1 4.9146 370.7094 153.6495 435.3024 197.8278 1.6737 1.7141 4.1853 -8.2489 0.4778 29.3803 4.6431 0.1191
Car -1 -1 4.7268 485.5796 173.2579 524.6321 210.0430 1.5725 1.6587 4.1312 -4.6331 1.0613 32.8833 4.5876 0.1076
Car -1 -1 3.8204 0.0000 174.3936 76.1037 209.0106 1.5166 1.6441 3.9435 -26.4612 1.0425 32.3229 3.1383 0.1055
Car -1 -1 4.6582 0.0000 173.1279 46.6673 208.3529 1.5055 1.6427 3.9460 -26.7487 0.9889 32.7376 3.9769 0.1002
Car -1 -1 1.9916 373.0447 161.5777 451.5574 205.0203 1.7761 1.7370 4.2401 -8.4665 0.8097 31.6219 1.7319 0.0986
Car -1 -1 5.0337 226.7772 178.1237 301.7068 218.4033 1.4698 1.5733 3.5880 -13.3108 1.2110 28.1054 4.5948 0.0955
Car -1 -1 4.7431 533.9673 164.2453 553.4399 183.7161 1.7030 1.6403 3.7370 -5.7219 -0.1398 65.0798 4.6555 0.0920
Car -1 -1 1.7108 29.5260 175.9718 91.9349 212.3965 1.5028 1.6338 4.0070 -24.0862 1.1214 31.8074 1.0665 0.0801
Car -1 -1 1.7481 0.0000 219.7960 25.1385 341.0709 1.4350 1.5990 4.1422 -11.0088 2.1138 11.9303 1.0136 0.0635
Car -1 -1 3.5509 0.0000 177.1940 104.3914 211.7750 1.4939 1.6140 4.0272 -25.2637 1.1474 32.3355 2.8915 0.0633
Car -1 -1 2.3010 0.0000 177.6797 98.4625 213.7226 1.5237 1.5711 3.9227 -25.2016 1.2051 32.4029 1.6438 0.0614
Car -1 -1 4.8169 399.1988 169.7478 444.2359 205.6964 1.5646 1.6194 3.7941 -8.5244 0.8914 33.2805 4.5679 0.0614
Car -1 -1 3.7499 352.0580 173.1089 445.4960 207.1318 1.5050 1.6495 3.9055 -9.6181 0.9694 33.2079 3.4698 0.0611
Car -1 -1 1.6405 423.2785 179.3551 458.1727 207.6700 1.5021 1.6188 4.0120 -9.2680 1.1912 40.2429 1.4152 0.0610
Car -1 -1 1.7101 413.4574 159.2867 467.5838 201.0124 1.6855 1.6999 4.2530 -7.1581 0.6381 31.2283 1.4864 0.0605
Car -1 -1 5.1694 50.9157 174.5662 134.1817 208.7152 1.5186 1.6239 3.9241 -24.2448 1.0450 34.0322 4.5539 0.0570
Car -1 -1 4.6979 520.8346 172.0354 558.4108 206.7928 1.4745 1.5917 3.8156 -3.0791 0.9154 32.4784 4.6038 0.0550
Car -1 -1 4.5986 354.5086 166.4641 383.6451 189.0581 1.6787 1.6969 4.0113 -18.4427 0.2855 55.5876 4.2794 0.0527
Car -1 -1 3.7285 0.0000 171.7391 48.2651 208.7886 1.5291 1.6740 4.0639 -26.6616 0.9729 30.7488 3.0184 0.0525
Car -1 -1 1.5411 396.2080 211.5331 467.8490 278.1461 1.4283 1.6680 3.7018 -4.6757 2.1974 19.0039 1.3024 0.0516
Car -1 -1 3.3621 569.8915 168.6878 617.5201 184.3127 1.4463 1.6072 4.2488 -1.2618 -0.0868 67.8912 3.3433 0.0514
Car -1 -1 2.6849 36.0024 177.3256 155.5842 212.8979 1.4761 1.6166 4.0344 -22.6409 1.1487 31.9867 2.0727 0.0510