Car -1 -1 1.3408 183.1566 183.5118 276.6052 235.2490 1.4128 1.6872 4.2744 -12.0486 1.7811 22.7658 0.8585 0.6949
Car -1 -1 0.7050 0.0000 185.7128 125.7921 300.3304 1.8913 1.7162 3.9963 -11.2616 2.1376 12.9580 -0.0005 0.6800
Car -1 -1 1.5900 99.2974 184.8090 168.0046 238.5700 1.4228 1.6318 4.2507 -14.6361 1.8298 22.3266 1.0150 0.6408
Car -1 -1 5.0293 344.8034 168.8245 436.0293 220.2268 1.5024 1.6266 3.9186 -6.8849 1.3846 23.0716 4.7420 0.1565
Car -1 -1 5.0504 243.7350 171.7404 310.1666 206.7513 1.5088 1.6073 3.7068 -15.1297 1.4608 33.0128 4.6234 0.1424
Car -1 -1 5.0914 285.6122 162.7747 389.0324 215.8261 1.5087 1.6632 3.9042 -8.3484 1.2220 22.4930 4.7395 0.1299
Car -1 -1 4.4862 321.4146 171.2491 378.1485 205.0777 1.4112 1.5753 3.7621 -11.6056 1.3443 32.1085 4.1417 0.1197
Car -1 -1 5.4062 0.0000 187.3416 146.9296 302.3885 1.7303 1.5997 3.2370 -10.1573 2.0226 12.9137 4.7495 0.1124
Car -1 -1 0.8872 122.2258 178.4256 218.5703 213.4751 1.4617 1.5951 3.8195 -19.4270 1.7191 31.9301 0.3441 0.1096
Car -1 -1 1.9904 254.7949 175.5696 342.2408 218.2923 1.4847 1.6241 3.7450 -11.6138 1.5941 27.2021 1.5901 0.1093
Car -1 -1 1.9938 216.9839 180.4143 313.2519 225.8353 1.5131 1.6497 4.1421 -12.6606 1.8159 26.8126 1.5561 0.1082
Car -1 -1 5.0150 62.5355 157.2746 135.3795 193.6891 1.5537 1.6278 3.8078 -23.1405 0.8890 32.8471 4.4050 0.1073
Car -1 -1 3.2624 202.7910 182.4820 330.8497 225.7540 1.4976 1.6604 4.1574 -12.7189 1.8776 27.0438 2.8263 0.0903
Car -1 -1 5.3051 231.7822 183.0587 325.0429 224.4233 1.4675 1.5958 3.5876 -12.9462 1.8966 28.4388 4.8811 0.0832
Car -1 -1 3.2859 199.9974 176.7538 303.9977 212.1319 1.4684 1.5827 3.8875 -15.5590 1.6465 31.5930 2.8313 0.0771
Car -1 -1 2.4384 0.0000 182.6386 118.7383 318.9432 1.8965 1.7739 4.2030 -11.0722 2.0970 12.5707 1.7267 0.0760
Car -1 -1 3.6545 139.2703 181.3222 255.7207 216.4107 1.4897 1.6236 4.2108 -18.1185 1.8730 31.8411 3.1405 0.0758
Car -1 -1 1.2734 0.0000 158.1285 60.2403 194.1070 1.5713 1.6041 3.5900 -26.9372 0.9282 33.1821 0.5954 0.0732
Car -1 -1 1.5317 108.2726 183.4452 182.1612 241.7232 1.4542 1.6618 4.4367 -13.6699 1.7981 21.1344 0.9631 0.0729
Car -1 -1 4.9639 280.1364 177.1852 347.4309 218.4699 1.5028 1.5865 3.6697 -11.6309 1.6860 28.5921 4.5804 0.0719
Car -1 -1 5.2923 0.0000 170.8234 75.7837 202.8348 1.6261 1.6397 3.7398 -30.6301 1.5230 38.5877 4.6246 0.0700
Car -1 -1 2.0124 284.0063 176.3289 375.8549 220.1783 1.5047 1.6222 4.0700 -10.4098 1.6457 27.1836 1.6495 0.0683
Car -1 -1 1.8238 308.9424 165.1935 399.9346 221.8172 1.5409 1.5904 4.0387 -7.5457 1.3325 21.7109 1.4927 0.0671
Car -1 -1 4.5076 246.3121 167.2035 296.6342 198.8578 1.4894 1.5763 3.5741 -16.8331 1.2235 35.8535 4.0713 0.0657
Car -1 -1 3.8609 36.0176 157.6084 148.9858 192.9494 1.5309 1.6512 4.0240 -23.0850 0.8705 32.2817 3.2439 0.0654
Car -1 -1 0.2206 59.6546 164.4288 180.4625 200.0113 1.5156 1.6695 4.2033 -21.7642 1.1568 32.2706 -0.3690 0.0631
Car -1 -1 -0.0085 327.9434 170.1755 421.4126 205.1032 1.4638 1.5829 3.7985 -10.2487 1.3516 31.5882 -0.3201 0.0600
Car -1 -1 4.7935 129.8536 167.7281 179.7643 201.9111 1.5033 1.6489 3.9437 -21.2685 1.2779 33.8630 4.2360 0.0575
Car -1 -1 2.0874 200.8092 185.9631 299.9038 230.0660 1.4726 1.6209 3.8969 -13.4476 2.0044 27.2738 1.6329 0.0553
Car -1 -1 1.5925 329.4263 172.6027 373.4687 210.6991 1.4831 1.6296 3.9393 -10.7469 1.4734 30.2161 1.2533 0.0550
Car -1 -1 5.0529 317.7265 172.5832 411.5290 220.9518 1.4374 1.6296 3.9658 -7.8300 1.4294 23.4425 4.7336 0.0518
Car -1 -1 4.7786 0.0000 168.0296 46.5187 200.9421 1.5271 1.5710 3.6767 -28.7642 1.3033 35.4352 4.1003 0.0509