Car -1 -1 2.1175 0.0000 198.2091 161.3195 313.3790 1.4860 1.6723 4.4238 -9.8489 2.0094 12.6058 1.4643 0.9219
Car -1 -1 1.8891 259.6936 188.9157 342.1547 236.5963 1.4447 1.5782 3.5044 -10.5432 2.0390 24.8899 1.4919 0.8457
Car -1 -1 3.9742 68.7623 188.5491 170.4750 222.2257 1.4472 1.6263 4.0213 -22.6954 2.2025 33.4560 3.3816 0.2264
Car -1 -1 1.7841 240.4337 188.0126 280.8498 213.0586 1.5458 1.6525 4.0751 -23.7969 2.6279 49.3362 1.3365 0.2205
Car -1 -1 1.6728 111.3407 188.6425 161.8298 223.7714 1.5023 1.6285 3.9860 -22.8220 2.3136 34.9301 1.0974 0.1569
Car -1 -1 1.5039 254.2235 197.0576 294.8908 229.2632 1.5174 1.7583 4.0244 -18.3638 2.9148 39.4710 1.0707 0.1568
Car -1 -1 1.4299 252.7930 184.0410 285.6187 209.3579 1.7193 1.6188 4.1876 -25.0930 2.5771 53.1334 0.9903 0.1562
Car -1 -1 1.5439 316.7099 183.7683 339.8308 206.2156 1.7174 1.6723 4.1169 -23.2543 2.6523 59.5851 1.1730 0.1427
Car -1 -1 4.8546 66.1846 194.2962 165.8635 263.2576 1.5469 1.6647 3.8490 -13.2506 2.1912 19.5837 4.2658 0.1232
Car -1 -1 1.3833 264.0260 184.8963 298.7376 207.9548 1.5428 1.6151 3.8258 -23.8710 2.4516 52.4252 0.9576 0.1227
Car -1 -1 1.7433 399.5879 179.6743 452.0425 215.9821 1.4368 1.5594 3.7954 -7.8833 1.7504 31.2348 1.4976 0.1143
Car -1 -1 -0.2095 270.6180 182.9072 338.1223 205.7907 1.5473 1.6980 4.2547 -22.1310 2.3038 52.3801 -0.6078 0.1070
Car -1 -1 1.7722 405.8545 163.2906 447.0859 195.2360 1.9514 1.7653 4.0923 -11.6531 1.3672 46.1586 1.5260 0.1065
Car -1 -1 5.0762 382.9867 182.4240 433.0824 210.3238 1.5010 1.6175 3.6222 -11.6669 2.0828 41.9867 4.8064 0.0952
Car -1 -1 1.2196 359.8741 194.5266 407.2788 219.3130 1.4608 1.7310 4.1096 -15.2117 2.9810 48.4535 0.9165 0.0951
Car -1 -1 3.6318 355.6222 182.6129 429.6555 212.1282 1.6131 1.5664 3.7683 -12.4057 2.1876 41.3320 3.3416 0.0945
Car -1 -1 5.1949 273.1522 182.1068 322.0987 204.6727 1.5390 1.6835 3.8612 -22.7767 2.2420 52.8311 4.7894 0.0908
Car -1 -1 1.6766 113.8228 187.4218 166.7999 223.8851 1.4810 1.6346 3.5960 -21.2959 2.1843 32.8570 1.1050 0.0859
Car -1 -1 1.6237 208.8642 203.4062 266.7755 250.2521 1.4310 1.6895 3.5461 -13.6074 2.6389 26.5646 1.1540 0.0841
Car -1 -1 1.7019 557.4852 177.2736 581.6746 196.2653 1.6736 1.6799 4.3694 -3.6696 2.0969 66.8681 1.6469 0.0838
Car -1 -1 1.9534 409.1899 174.9350 472.8717 208.3895 1.5270 1.6227 4.0740 -8.1708 1.6351 35.3387 1.7274 0.0827
Car -1 -1 2.9533 553.1572 179.7014 595.9778 195.0023 1.4025 1.7013 3.8122 -3.3359 2.0652 68.5545 2.9045 0.0816
Car -1 -1 2.0369 74.9043 184.6816 161.9406 220.4536 1.4733 1.6367 4.0851 -22.5061 2.0532 33.2528 1.4454 0.0813
Car -1 -1 3.5023 358.0601 165.8784 435.0090 192.6367 1.5509 1.6718 4.0485 -12.6019 1.1466 42.8068 3.2174 0.0812
Car -1 -1 1.5773 252.2335 186.7157 280.0771 210.8518 1.5436 1.7085 4.0539 -24.1831 2.5630 50.8672 1.1352 0.0809
Car -1 -1 2.1978 0.0000 190.2890 173.9239 267.2728 1.6047 1.6854 4.0082 -12.9146 2.0874 17.9647 1.5813 0.0795
Car -1 -1 0.1834 256.9820 200.8673 340.4242 231.6597 1.4828 1.7646 3.8107 -16.4455 3.0210 38.3434 -0.2197 0.0781
Car -1 -1 1.1447 210.3947 187.9702 262.9532 211.6345 1.4547 1.6822 3.9177 -25.1486 2.5126 48.6237 0.6693 0.0689
Car -1 -1 0.4207 0.0000 184.7947 161.6793 248.9027 1.4935 1.6268 3.9374 -13.9795 1.8197 18.4885 -0.2199 0.0624
Car -1 -1 1.4545 224.0123 196.3903 268.6594 228.3236 1.4868 1.7023 4.0066 -19.6166 2.8254 38.8938 0.9897 0.0623
Car -1 -1 4.6948 378.7233 176.9897 409.5272 204.8317 1.5305 1.6587 3.8968 -12.6879 1.7856 42.3979 4.4054 0.0603
Car -1 -1 3.0879 31.6624 183.4825 153.7535 221.4424 1.5183 1.6722 4.3130 -22.8389 2.0187 31.9721 2.4714 0.0591
Car -1 -1 0.1705 145.2629 204.2831 278.5775 248.9901 1.4922 1.7528 4.2414 -15.1339 2.7652 27.7142 -0.3257 0.0563
Car -1 -1 2.0199 204.8616 198.6449 271.0091 231.3444 1.4532 1.6410 3.4297 -18.7363 2.8210 36.5322 1.5486 0.0563
Car -1 -1 2.8996 341.6246 182.0819 448.9608 221.1782 1.4736 1.5773 3.9704 -8.7871 1.8745 29.6700 2.6137 0.0552
Car -1 -1 1.4545 223.4457 197.2533 279.7667 237.9275 1.4545 1.6841 4.0548 -15.2049 2.5606 30.5512 0.9958 0.0536
Car -1 -1 4.8012 378.8036 161.2361 412.4883 187.6078 1.5284 1.6135 3.9302 -12.9672 0.8551 43.9031 4.5155 0.0533
Car -1 -1 1.6423 403.7964 184.8955 428.2574 205.0148 1.5200 1.6531 3.9393 -15.8179 2.5413 59.1051 1.3816 0.0523
Car -1 -1 1.3965 89.3426 185.1337 137.8431 213.9944 1.4572 1.5776 3.8727 -27.5339 2.1712 40.0158 0.7967 0.0519
Car -1 -1 1.9472 313.5361 187.9625 355.5688 210.3932 1.5491 1.5847 4.0608 -20.7595 2.7355 54.6211 1.5852 0.0516
Car -1 -1 4.9413 110.7041 190.6026 220.3429 257.9591 1.5417 1.6555 4.0178 -12.0344 2.0826 19.8228 4.4013 0.0516
Car -1 -1 2.1132 5.6766 183.1243 115.3728 222.9962 1.4496 1.6659 4.0995 -22.2478 1.8991 29.4499 1.4704 0.0505