Car -1 -1 4.4100 743.4476 180.9211 966.0930 319.6484 1.4594 1.6199 4.0623 3.0423 1.5926 9.8693 4.6995 0.9650
Car -1 -1 1.8810 338.6598 192.5343 439.9464 255.7000 1.5094 1.6218 3.8046 -6.0825 2.1171 20.3587 1.5936 0.9303
Car -1 -1 4.6118 703.3548 177.8187 793.0016 254.2154 1.4883 1.5862 3.4671 2.9778 1.6112 16.0792 4.7908 0.9098
Car -1 -1 1.7319 483.0315 184.5638 520.6138 213.0491 1.5652 1.6044 4.0033 -6.4156 2.3008 43.3137 1.5852 0.8175
Car -1 -1 4.6413 638.8409 174.9666 667.3237 200.5858 1.5831 1.5785 3.6826 2.7834 1.7254 46.7426 4.6999 0.7963
Car -1 -1 0.9531 896.6949 197.9279 1242.0000 375.0000 1.4228 1.5545 3.7573 2.8187 1.6067 3.3864 1.6045 0.7411
Car -1 -1 1.7719 500.3368 183.6546 533.7896 209.3689 1.6034 1.4850 3.9029 -6.1959 2.3620 48.6741 1.6455 0.4800
Car -1 -1 4.8056 760.9870 167.8934 784.9902 187.0710 1.6052 1.6672 4.0084 14.1969 1.1900 62.5580 5.0275 0.4397
Car -1 -1 3.4190 330.7119 187.2964 392.2619 208.2964 1.5213 1.6289 4.1027 -18.6826 2.6296 54.4539 3.0897 0.3143
Car -1 -1 4.8376 419.2290 186.5417 444.4591 204.6539 1.4598 1.6684 3.9189 -15.5516 2.6991 63.2856 4.5972 0.3120
Car -1 -1 1.4135 480.3534 179.4846 503.3334 195.8639 1.4463 1.5636 3.6409 -11.0006 2.0827 67.2831 1.2517 0.2765
Car -1 -1 4.8590 378.0766 180.5831 418.9958 210.6599 1.5392 1.6434 3.6518 -11.5949 1.9864 39.8318 4.5771 0.2046
Car -1 -1 1.6854 313.1316 198.1838 361.9416 233.8546 1.4509 1.7164 4.2159 -13.0434 2.7516 34.7995 1.3288 0.1866
Car -1 -1 1.1563 686.1052 169.1781 730.3660 190.6251 1.4626 1.6049 4.0920 6.9750 1.2119 51.3933 1.2901 0.1851
Car -1 -1 4.8013 532.8919 185.6477 554.5276 202.7462 1.5122 1.7063 3.9779 -6.2475 2.7671 68.7837 4.7106 0.1658
Car -1 -1 1.6517 701.0723 181.9469 739.4122 213.1639 1.4830 1.6598 4.0618 5.8317 1.9855 37.7075 1.8034 0.1635
Car -1 -1 1.9733 318.8902 194.1826 364.6478 218.5106 1.4947 1.6908 3.4875 -18.2214 3.0030 49.2411 1.6202 0.1624
Car -1 -1 1.1639 685.1459 168.7415 731.7575 193.5647 1.5189 1.5549 3.8482 6.2806 1.2672 46.2119 1.2978 0.1199
Car -1 -1 3.3006 399.1752 185.8974 446.5499 203.6376 1.4683 1.6120 3.7401 -16.0443 2.6091 62.1312 3.0486 0.1126
Car -1 -1 1.4168 427.9135 202.2333 492.0778 248.6420 1.4024 1.7454 3.7751 -5.5588 2.5661 26.5041 1.2112 0.1058
Car -1 -1 5.1121 671.6161 161.7446 717.6132 188.6990 1.7532 1.6939 3.9758 5.8271 1.0306 49.0779 5.2293 0.0997
Car -1 -1 1.5856 387.3364 194.8633 446.5369 250.5507 1.5205 1.7170 4.1319 -6.2680 2.3097 23.6611 1.3287 0.0984
Car -1 -1 1.5826 594.2874 192.5941 1242.0000 375.0000 1.4794 1.6411 3.9951 1.5507 1.6237 3.1194 2.0056 0.0980
Car -1 -1 1.4815 387.9479 202.9601 450.6576 251.1278 1.3951 1.8185 3.9639 -6.8673 2.5618 25.7879 1.2230 0.0931
Car -1 -1 1.6748 289.1440 204.2356 352.6571 252.9673 1.4218 1.7008 3.6886 -10.1684 2.6240 25.6377 1.3002 0.0910
Car -1 -1 0.9616 300.2479 192.7480 358.8438 216.4892 1.4749 1.7499 4.0881 -19.3511 2.9000 49.8203 0.5925 0.0903
Car -1 -1 4.7542 337.1449 195.4571 365.8763 220.3125 1.5521 1.7437 3.7951 -18.1595 3.2112 50.8917 4.4127 0.0875
Car -1 -1 -0.7259 696.6447 170.9217 752.8649 192.7322 1.4854 1.5881 3.8223 8.1304 1.3538 50.8378 -0.5685 0.0872
Car -1 -1 1.6659 494.5892 181.2131 523.9752 206.5506 1.5033 1.5057 3.6788 -6.3429 2.0569 45.9136 1.5289 0.0838
Car -1 -1 3.5134 355.8583 180.9467 434.3853 210.5146 1.5357 1.6708 3.7158 -11.5560 1.9843 39.0071 3.2269 0.0798
Car -1 -1 0.1582 380.4560 183.4258 453.0722 211.1585 1.5140 1.5275 3.7975 -10.9249 2.1296 41.0656 -0.1006 0.0791
Car -1 -1 -0.1094 748.7879 179.2891 836.6070 209.5983 1.5136 1.6434 4.2774 9.4769 1.8587 37.6018 0.1351 0.0777
Car -1 -1 -0.0021 599.3311 177.1525 667.5751 202.7957 1.4818 1.6078 3.9744 1.4137 1.7422 42.8473 0.0302 0.0744
Car -1 -1 -0.1283 715.6729 176.2854 934.3035 256.5544 1.5273 1.6439 4.1432 4.2913 1.6037 14.9377 0.1453 0.0684
Car -1 -1 4.7865 398.3693 182.2294 433.3799 212.2454 1.5411 1.5965 3.9871 -10.8122 2.0944 40.4693 4.5266 0.0676
Car -1 -1 1.5876 480.9363 183.6910 511.3403 213.3232 1.5662 1.6566 4.0167 -6.5281 2.2253 41.7789 1.4330 0.0657
Car -1 -1 1.7933 482.0678 180.2833 509.4116 197.6736 1.4971 1.5741 4.2488 -10.3949 2.2005 66.1450 1.6377 0.0649
Car -1 -1 1.6307 665.9377 173.4047 687.6397 191.8029 1.4576 1.5353 4.1775 5.5710 1.5047 59.4768 1.7233 0.0625
Car -1 -1 1.9254 502.9570 179.7505 536.4853 197.3226 1.4837 1.6407 4.1787 -8.0363 2.1251 64.8880 1.8023 0.0621
Car -1 -1 1.5700 418.3627 181.3457 439.3602 202.6991 1.6731 1.6532 4.3252 -15.1890 2.4141 60.6616 1.3253 0.0613
Car -1 -1 4.7581 644.8486 174.3831 673.9559 200.7015 1.5270 1.6046 3.6956 3.0756 1.6243 44.0145 4.8270 0.0611
Car -1 -1 1.6179 640.7276 177.3889 671.7286 205.1611 1.4894 1.5974 3.6526 2.7032 1.7604 41.2203 1.6824 0.0609
Car -1 -1 1.5134 417.8311 180.8657 441.7757 202.2565 1.5166 1.5382 4.1287 -13.7321 2.1518 55.0042 1.2696 0.0593
Car -1 -1 -0.1883 644.5463 173.1595 713.2350 199.3764 1.5309 1.6209 3.8516 4.1159 1.5496 43.1449 -0.0942 0.0590
Car -1 -1 1.2922 387.5826 187.8117 445.6135 220.4095 1.4418 1.7129 4.2532 -9.7517 2.2404 36.2563 1.0308 0.0588
Car -1 -1 1.5359 382.3123 181.5168 404.5156 200.2023 1.4771 1.6669 4.1061 -18.3896 2.2397 61.3021 1.2454 0.0572
Car -1 -1 1.0412 584.9597 177.6793 644.2090 203.9728 1.4520 1.6156 4.1999 0.2406 1.7537 42.8837 1.0463 0.0568
Car -1 -1 0.3692 296.7679 192.9067 362.3894 216.2335 1.5099 1.6479 3.8122 -18.9567 2.8932 48.9496 0.0011 0.0566
Car -1 -1 3.3165 752.4719 166.5231 804.3570 184.5821 1.4933 1.5982 4.0702 14.3197 0.9698 61.1996 3.5450 0.0556
Car -1 -1 1.5558 684.0820 181.8002 715.5129 212.2487 1.4717 1.5616 3.8189 4.7195 1.9676 38.0205 1.6777 0.0545
Car -1 -1 3.8859 647.9853 169.1774 708.3852 191.0104 1.4741 1.6436 4.2425 4.7927 1.2259 50.8422 3.9790 0.0539
Car -1 -1 1.8844 378.4405 180.9522 412.9072 201.4629 1.5566 1.5236 3.9436 -17.2422 2.2335 58.3234 1.5978 0.0537
Car -1 -1 1.5304 432.8959 196.5357 491.5964 251.2974 1.4984 1.7308 4.1205 -4.9443 2.3540 23.8603 1.3275 0.0537
Car -1 -1 -0.5956 899.0521 211.6262 1242.0000 375.0000 1.4511 1.5979 4.0816 4.0911 1.7411 4.3506 0.1246 0.0535
Car -1 -1 1.4022 697.0349 170.8466 736.4766 197.0712 1.4744 1.6186 4.1797 6.2836 1.3616 42.6755 1.5470 0.0531
Car -1 -1 1.8812 339.5534 186.4635 378.2357 207.6680 1.4796 1.6397 3.9738 -19.0277 2.5534 54.9258 1.5488 0.0524
Car -1 -1 4.8504 404.8206 181.1087 445.4069 211.5717 1.5450 1.6342 3.9021 -10.0970 2.0226 39.7219 4.6027 0.0513
Car -1 -1 2.4489 676.8959 200.9063 1242.0000 375.0000 1.4379 1.5265 3.9036 2.3973 1.6093 3.4152 3.0202 0.0502