Car -1 -1 4.6955 594.8450 175.4568 626.1087 205.0824 1.5695 1.6733 4.2153 0.0134 1.7240 40.7200 4.6953 0.7377
Car -1 -1 1.8063 385.1441 183.0983 422.4969 206.7501 1.4866 1.6371 3.5479 -13.8458 2.2040 48.7219 1.5304 0.6198
Car -1 -1 1.9817 340.0709 185.8829 383.2530 207.5265 1.5083 1.6172 4.0483 -18.7950 2.5368 54.8753 1.6528 0.3717
Car -1 -1 1.9107 317.4332 177.6523 379.9440 213.1392 1.5755 1.6107 3.8301 -12.3795 1.8175 34.4699 1.5680 0.2770
Car -1 -1 1.8905 208.2180 182.7397 260.5579 212.0079 1.5806 1.5787 3.8715 -21.9597 2.1891 42.3754 1.4147 0.2432
Car -1 -1 3.7225 200.5870 179.2044 319.2114 222.1033 1.5810 1.6506 3.8740 -13.5172 1.8368 27.9879 3.2760 0.2333
Car -1 -1 0.0921 683.0154 177.5347 753.9596 205.6670 1.4818 1.5281 3.7252 5.9907 1.7462 39.5850 0.2407 0.1927
Car -1 -1 4.7325 686.9247 174.4023 716.9047 202.8391 1.5285 1.6126 3.8089 5.2835 1.6208 41.0036 4.8593 0.1460
Car -1 -1 4.7118 236.4932 167.7106 262.2356 190.4881 1.6251 1.6550 3.8998 -26.7440 1.2581 53.5924 4.2507 0.1325
Car -1 -1 1.2877 681.6810 176.4122 730.4793 206.0311 1.4753 1.5562 3.8395 5.0819 1.6748 38.4394 1.4176 0.1299
Car -1 -1 4.3411 701.6760 171.5909 732.7335 188.9281 1.5933 1.6722 3.7090 10.1555 1.4773 68.3054 4.4878 0.1038
Car -1 -1 4.6441 222.5843 164.7199 253.4682 188.4186 1.5678 1.6349 3.9928 -25.7039 1.0297 49.8649 4.1701 0.0968
Car -1 -1 -0.3404 689.3244 166.5605 761.4380 190.0740 1.4960 1.6526 4.3468 7.5421 1.0956 47.1147 -0.1829 0.0865
Car -1 -1 0.7129 370.6285 182.7463 427.5125 206.5891 1.4995 1.6252 3.4013 -14.0094 2.1778 48.0271 0.4302 0.0823
Car -1 -1 -0.2600 692.3637 171.8267 737.4363 188.6728 1.5483 1.6832 3.8608 9.8171 1.4539 67.3741 -0.1162 0.0785
Car -1 -1 1.7505 448.3158 179.5400 472.7348 195.9077 1.4607 1.5468 4.1029 -14.0415 2.1114 68.1505 1.5477 0.0691
Car -1 -1 4.9565 219.9015 179.7114 293.4394 223.9421 1.5547 1.6829 3.7647 -13.5915 1.8399 27.9999 4.5080 0.0687
Car -1 -1 1.8148 210.4452 176.0747 259.0037 203.9523 1.5750 1.6309 4.1427 -22.5113 1.7789 43.4759 1.3393 0.0679
Car -1 -1 3.2753 655.6293 175.5274 726.0103 203.1854 1.4838 1.5655 3.7176 4.5372 1.6371 40.1537 3.3865 0.0675
Car -1 -1 4.6242 698.5471 159.0716 725.7731 182.4094 1.5286 1.5423 3.2494 6.9253 0.6259 48.9229 4.7638 0.0646
Car -1 -1 1.3193 694.4028 176.7319 740.0084 205.4133 1.4911 1.5781 3.8830 5.9196 1.7172 40.0696 1.4644 0.0622
Car -1 -1 1.8158 384.7658 182.6814 424.7604 207.4142 1.5024 1.6029 3.9903 -13.4126 2.1762 47.4521 1.5414 0.0621
Car -1 -1 3.2362 437.0427 179.8335 482.0384 195.4318 1.4346 1.5482 4.0370 -14.1568 2.1043 68.2375 3.0321 0.0613
Car -1 -1 -0.1147 673.9095 178.4914 744.1252 204.0230 1.4994 1.6655 4.0395 5.9720 1.8472 43.6333 0.0199 0.0613
Car -1 -1 1.6181 589.3417 172.3710 623.6615 204.4949 1.6426 1.6630 3.9370 -0.1189 1.6179 38.8965 1.6146 0.0596
Car -1 -1 4.1555 177.4635 185.5286 248.4689 213.0802 1.4694 1.6833 4.1338 -23.0111 2.2351 41.8398 3.6551 0.0581
Car -1 -1 1.7383 370.7065 181.4216 408.9258 208.1273 1.6030 1.6994 4.1386 -14.2125 2.1850 46.8553 1.4450 0.0573
Car -1 -1 1.8280 395.8101 182.2766 431.0985 203.2875 1.5204 1.6422 4.1516 -15.2123 2.2809 56.1587 1.5643 0.0559
Car -1 -1 3.6354 196.6966 163.8120 267.7915 188.0245 1.6164 1.6713 3.9640 -25.6022 1.0128 49.0349 3.1563 0.0545
Car -1 -1 1.5007 664.1523 171.5724 692.9524 197.0764 1.6457 1.6345 4.2366 4.6137 1.5630 48.6965 1.5942 0.0544
Car -1 -1 3.7151 153.1220 174.0761 281.4890 217.0372 1.6089 1.6826 4.1443 -15.2078 1.6581 28.0841 3.2225 0.0534
Car -1 -1 5.1408 255.6872 174.0803 342.1285 214.0768 1.5131 1.6844 4.0752 -12.5735 1.5668 29.4841 4.7407 0.0533
Car -1 -1 1.6393 444.8016 181.5128 473.6534 205.3633 1.4723 1.6099 3.9749 -9.9859 2.0748 48.1281 1.4354 0.0531
Car -1 -1 3.0712 669.1091 167.5814 735.2538 191.7659 1.5501 1.5744 4.1840 6.0108 1.2121 47.1471 3.1969 0.0529
Car -1 -1 3.2977 571.3804 174.9622 640.8268 203.1916 1.5068 1.5901 3.6206 -0.1656 1.6260 39.7304 3.2931 0.0529
Car -1 -1 3.3631 198.2361 168.2674 265.0742 191.1196 1.6205 1.6282 4.0447 -27.4198 1.2952 52.4683 2.8834 0.0520
Car -1 -1 3.0875 679.7632 160.1775 736.2001 183.3653 1.5318 1.5671 3.6844 6.5923 0.6944 48.5941 3.2214 0.0503