Car -1 -1 5.1576 0.0000 199.5330 402.0428 375.0000 1.4249 1.6276 4.0047 -3.1189 1.7243 6.0862 4.7005 0.9693
Car -1 -1 4.8560 453.8663 181.9929 539.3610 246.1150 1.4510 1.6148 4.1819 -2.8530 1.7184 19.0184 4.7084 0.9596
Car -1 -1 4.5087 674.6200 181.9837 778.4555 255.8991 1.4551 1.5969 3.7245 2.5568 1.6889 16.5769 4.6581 0.9545
Car -1 -1 4.4664 712.9215 185.4982 886.0587 300.2933 1.4330 1.6414 4.0159 2.7805 1.6694 11.4723 4.6971 0.9438
Car -1 -1 4.3087 783.3848 190.4405 1241.4557 375.0000 1.3786 1.6484 3.9728 2.7598 1.5751 6.0737 4.7158 0.9429
Car -1 -1 4.5578 663.4132 163.9032 738.7275 223.3983 1.5942 1.6139 3.7835 2.5982 1.3543 21.2527 4.6772 0.9064
Car -1 -1 4.7192 637.4635 172.5555 667.4446 201.0274 1.4888 1.5672 3.7662 2.3684 1.4732 39.6606 4.7780 0.7468
Car -1 -1 1.5839 514.3618 178.0967 557.1375 216.4771 1.4321 1.6293 4.4858 -3.0193 1.6657 29.8573 1.4834 0.6321
Car -1 -1 1.6839 556.3337 172.2731 583.8496 192.7069 1.5450 1.6854 4.2842 -3.0639 1.5010 56.7422 1.6299 0.5388
Car -1 -1 4.7705 164.6353 178.9448 258.5232 251.5728 1.4301 1.6262 4.0195 -9.0904 1.5897 16.7363 4.2793 0.4853
Car -1 -1 3.8069 444.2738 175.4554 505.3534 197.0729 1.4434 1.6418 4.0259 -9.3899 1.6305 50.2350 3.6227 0.4001
Car -1 -1 5.3207 0.0000 164.7455 214.3260 261.5731 1.4231 1.5884 3.6747 -8.6370 1.3039 12.4508 4.7241 0.2260
Car -1 -1 1.7651 474.1591 171.7779 508.4215 193.9436 1.5023 1.6455 3.9677 -8.2990 1.4294 50.9139 1.6041 0.1614
Car -1 -1 4.2212 665.5044 157.1879 719.3970 183.4309 1.4981 1.6071 3.7870 4.9136 0.6038 43.2459 4.3334 0.1610
Car -1 -1 0.8211 1122.8171 144.6676 1242.0000 375.0000 1.5251 1.6337 4.1358 5.8701 1.4052 5.1880 1.6399 0.1290
Car -1 -1 3.2837 26.0825 184.5427 261.4207 264.2555 1.4733 1.6093 3.9924 -9.6419 1.7465 15.3235 2.7296 0.1263
Car -1 -1 4.6847 658.3475 166.7498 677.6689 184.9960 1.5922 1.6233 3.8473 5.2331 1.0595 64.9258 4.7645 0.1143
Car -1 -1 2.3598 908.5309 181.6662 1242.0000 375.0000 1.5073 1.5955 4.2955 4.4397 1.5768 4.7592 3.0793 0.0859
Car -1 -1 4.6808 631.2204 213.6400 888.5721 375.0000 1.4625 1.5973 3.7781 1.1980 1.9383 6.4354 4.8542 0.0760
Car -1 -1 1.6758 487.2101 174.8770 518.8912 200.6689 1.4508 1.4740 3.6824 -6.2692 1.5759 42.7485 1.5307 0.0729
Car -1 -1 5.0886 493.1191 174.2982 537.3396 198.4537 1.5090 1.5834 3.8136 -6.1410 1.6079 47.3611 4.9600 0.0713
Car -1 -1 1.5853 536.2442 184.9493 572.1021 218.4173 1.4741 1.6523 4.0896 -2.6833 2.1023 35.3828 1.5095 0.0677
Car -1 -1 4.7799 616.7174 201.4512 733.3976 320.4298 1.4601 1.6072 3.8033 1.2049 2.0085 11.8278 4.8773 0.0655
Car -1 -1 1.6042 552.6541 168.5648 577.4465 193.1405 1.7830 1.7267 4.1804 -3.3232 1.4718 54.4603 1.5432 0.0643
Car -1 -1 1.1962 537.4790 173.0954 575.6088 192.7410 1.4764 1.6118 4.0243 -4.1857 1.4960 56.4416 1.1222 0.0635
Car -1 -1 2.1078 63.0908 182.4753 251.8798 262.2913 1.4766 1.6220 4.0548 -9.6764 1.7153 15.8681 1.5673 0.0620
Car -1 -1 5.0663 465.4943 171.8912 508.1191 195.0062 1.5155 1.6299 3.8690 -8.3458 1.4524 49.3603 4.8994 0.0613
Car -1 -1 1.0462 907.8513 158.6856 1205.9447 281.8441 1.3931 1.6365 4.1129 5.9190 1.2329 10.2286 1.5580 0.0583
Car -1 -1 4.0389 1011.4477 146.7199 1242.0000 374.5256 1.5646 1.7034 4.1640 5.9253 1.3851 7.0420 4.7175 0.0571
Car -1 -1 5.1694 174.2072 175.1106 330.3305 243.4029 1.4450 1.6258 4.3010 -8.4696 1.5068 17.5715 4.7258 0.0533
Car -1 -1 2.0647 437.5820 174.1372 510.3435 208.8483 1.4906 1.5645 4.0362 -6.1742 1.5537 33.3052 1.8824 0.0532
Car -1 -1 1.4778 558.6390 170.5581 586.6555 194.0420 1.6668 1.6933 4.0917 -2.7667 1.5039 53.3593 1.4259 0.0503
Car -1 -1 5.2049 229.7589 178.3769 387.1954 252.0583 1.4928 1.6473 4.1075 -6.9110 1.6398 17.0714 4.8252 0.0502