Car -1 -1 1.7270 544.8503 182.0156 590.8922 215.5878 1.5356 1.6751 4.2204 -2.0374 2.0252 36.3773 1.6708 0.8681
Car -1 -1 4.7795 580.0544 178.9493 600.0469 196.1165 1.5189 1.6187 3.5593 -1.7856 2.0996 66.9346 4.7525 0.3566
Car -1 -1 1.8278 527.9117 176.0599 563.6707 201.3803 1.6576 1.5375 3.7994 -4.3532 1.8875 49.7454 1.7406 0.1181
Car -1 -1 1.6019 542.2357 174.3804 565.6503 198.2366 1.6605 1.5801 3.5067 -3.9976 1.7748 52.2396 1.5255 0.1078
Car -1 -1 1.6925 527.9156 174.9806 555.4159 197.6986 1.5729 1.5537 3.5583 -4.8685 1.7318 52.0953 1.5994 0.0658
Car -1 -1 1.7780 575.6755 188.0611 610.3711 211.8463 1.4807 1.6157 3.9044 -1.0948 2.5702 49.6274 1.7555 0.0637
Car -1 -1 -0.4456 533.9953 191.4155 601.9045 218.9885 1.4726 1.6931 3.5971 -2.4341 2.6025 42.3112 -0.5034 0.0587
Car -1 -1 3.0613 540.9285 184.6478 598.0855 208.0653 1.5087 1.6189 3.7255 -2.7198 2.3204 48.6050 3.0051 0.0571
Car -1 -1 1.5295 573.1581 185.6031 606.2763 215.8144 1.4952 1.6421 4.1079 -1.1346 2.2321 39.5953 1.5004 0.0524
Car -1 -1 -0.3346 581.5289 186.6167 665.6264 216.0953 1.4527 1.6659 4.1501 0.7363 2.2113 38.3350 -0.3162 0.0519
Car -1 -1 1.6736 538.0553 183.0353 580.1323 217.4008 1.5123 1.6440 3.7189 -2.3776 2.0294 34.7566 1.6052 0.0518