Car -1 -1 2.1573 340.6316 181.5264 636.5550 337.4258 1.5397 1.6992 4.3868 -1.3040 1.6848 9.7303 2.0262 0.9639
Car -1 -1 0.9602 804.7083 193.5841 1242.0000 375.0000 1.4227 1.5305 3.5049 2.3855 1.5833 3.7794 1.4876 0.9048
Car -1 -1 4.5061 549.9547 176.9085 593.2368 206.8515 1.4763 1.5774 3.5616 -2.0459 1.7008 38.0199 4.4522 0.1076
Car -1 -1 1.4577 621.4281 211.7032 723.0886 300.9229 1.4341 1.6752 4.2917 1.2129 2.3950 15.6701 1.5319 0.0926
Car -1 -1 0.9790 1084.4620 179.1068 1191.7905 219.2943 1.4920 1.6239 3.8635 21.3575 1.7633 29.3534 1.6028 0.0891
Car -1 -1 1.5972 559.6758 208.2048 645.9727 294.7179 1.4391 1.6357 4.0142 -0.0900 2.3063 15.6778 1.5900 0.0882
Car -1 -1 4.4989 868.9614 185.1633 918.0048 217.4117 1.4808 1.5845 3.4827 14.2542 2.1330 36.3835 4.8689 0.0579
Car -1 -1 4.3379 1137.8494 202.1789 1242.0000 337.1316 1.4700 1.6066 4.0796 9.7449 2.0062 11.0023 5.0486 0.0577
Car -1 -1 3.6969 417.6540 174.2806 500.2608 205.2745 1.4841 1.6050 3.7634 -7.5242 1.5582 36.0778 3.4924 0.0561
Car -1 -1 4.9808 369.2968 184.3805 416.1281 213.9147 1.4663 1.5427 3.4908 -11.6511 2.1168 38.9580 4.6917 0.0549
Car -1 -1 1.5099 627.8469 200.9555 727.3216 298.7191 1.4554 1.6185 3.9951 1.1728 2.0756 13.9121 1.5908 0.0536
Car -1 -1 4.5843 462.0609 177.4807 501.1605 209.2099 1.5074 1.5156 3.5900 -6.5633 1.7558 36.7851 4.4085 0.0529