Car -1 -1 2.0382 44.5864 199.4070 399.2523 375.0000 1.4374 1.6682 4.2650 -3.9390 1.8221 8.2933 1.6063 0.9774
Car -1 -1 1.7713 347.0324 188.9184 473.2713 277.6417 1.4893 1.6670 4.2697 -3.9763 1.8735 15.0768 1.5169 0.9575
Car -1 -1 4.7266 601.8851 179.2853 644.1345 220.1836 1.4632 1.5459 3.5376 0.5494 1.7303 28.1713 4.7452 0.9216
Car -1 -1 1.7318 464.7939 181.2502 527.5205 225.1322 1.4627 1.6649 4.0434 -4.1335 1.7989 26.8570 1.5799 0.8462
Car -1 -1 1.7887 513.4757 176.2341 553.1169 203.7728 1.5125 1.5316 3.6803 -4.3927 1.7182 42.0131 1.6848 0.6266
Car -1 -1 1.4988 637.8597 180.3581 665.9073 204.2554 1.4725 1.5713 3.7895 2.7534 1.9870 47.5627 1.5558 0.1261
Car -1 -1 1.6005 510.9445 177.2091 542.8589 206.6494 1.5431 1.6556 4.0789 -4.5979 1.8005 40.5414 1.4878 0.0922
Car -1 -1 0.1605 637.2531 178.2909 698.8733 202.2499 1.4768 1.6570 3.7240 3.7687 1.8350 46.2902 0.2408 0.0897
Car -1 -1 1.5710 626.6024 184.5963 657.3138 214.6573 1.4814 1.5772 3.7762 1.7479 2.1470 38.9792 1.6148 0.0844
Car -1 -1 1.1488 637.1449 178.4948 685.5164 203.6700 1.4585 1.6172 3.6833 3.1594 1.8237 44.7094 1.2183 0.0825
Car -1 -1 1.6336 485.1440 180.8121 531.8132 221.7344 1.5416 1.6591 4.2755 -4.1637 1.8992 30.2275 1.4973 0.0812
Car -1 -1 -0.2707 636.6525 183.3231 718.9919 212.9513 1.4660 1.6739 3.9806 3.5409 2.0303 37.7115 -0.1784 0.0807
Car -1 -1 1.7382 535.1810 181.5109 566.7137 205.6096 1.5366 1.5529 3.6779 -3.9639 2.1506 49.2723 1.6578 0.0744
Car -1 -1 1.4618 622.7178 180.7003 653.1837 204.9008 1.4800 1.5849 3.8392 1.8249 2.0166 47.3746 1.4996 0.0728
Car -1 -1 1.5672 630.1642 176.3443 652.8297 197.6520 1.4933 1.6098 4.1976 2.3536 1.7618 53.3926 1.6106 0.0702
Car -1 -1 1.2626 634.1478 183.4438 688.6489 215.7263 1.4494 1.6340 3.7044 2.5040 2.0026 35.6968 1.3314 0.0692
Car -1 -1 2.6563 610.4427 182.5596 673.7462 206.6782 1.4603 1.5945 3.7606 2.0974 2.1054 46.4361 2.7006 0.0680
Car -1 -1 0.3220 495.2663 176.5584 566.0839 203.3709 1.4984 1.5337 3.7865 -4.5519 1.7188 41.7912 0.2137 0.0635
Car -1 -1 1.6388 513.3669 184.5858 549.7281 216.8096 1.4940 1.5769 4.0260 -3.9469 2.1285 36.9810 1.5326 0.0634
Car -1 -1 0.4179 577.3323 185.2336 654.4689 215.5952 1.4771 1.6181 3.7064 0.3309 2.1519 37.8304 0.4259 0.0593
Car -1 -1 4.6596 523.7499 181.6462 568.1010 222.5622 1.5550 1.6466 4.0428 -2.7434 1.9519 30.4507 4.5699 0.0586
Car -1 -1 1.6420 618.8503 179.8066 657.4708 213.3970 1.5072 1.6053 4.0316 1.4519 1.8679 35.3346 1.6821 0.0577
Car -1 -1 2.1428 578.0638 183.3879 648.2529 215.5523 1.4635 1.6084 4.0297 0.2420 2.0253 36.3515 2.1488 0.0544
Car -1 -1 1.6757 493.4460 186.1224 538.0501 222.2383 1.4973 1.6257 4.0805 -4.2899 2.1509 33.4842 1.5486 0.0539
Car -1 -1 4.9069 443.5349 175.5829 486.7134 205.2629 1.4702 1.5489 3.5962 -7.5271 1.6203 37.8713 4.7116 0.0532
Car -1 -1 4.3452 209.4881 145.3680 799.8553 375.0000 1.4898 1.5979 3.8603 -1.0274 1.4187 3.9058 4.1019 0.0514
Car -1 -1 1.7772 418.4726 173.9640 471.1855 208.8879 1.5095 1.6006 3.8554 -7.5202 1.5637 33.2497 1.5561 0.0504
Car -1 -1 1.6284 494.1674 183.4364 530.5053 215.5432 1.4921 1.6081 4.0662 -4.9324 2.0653 36.9959 1.4962 0.0503