Car -1 -1 1.8518 359.1017 184.6296 413.5992 218.8802 1.4773 1.5424 3.4880 -10.4780 2.0623 34.0851 1.5553 0.9068
Car -1 -1 1.9168 213.3521 190.6578 330.9420 248.0163 1.4331 1.7459 4.5224 -10.0024 2.0283 21.7945 1.4907 0.8481
Car -1 -1 1.8434 197.4069 184.4553 251.3860 215.1656 1.5400 1.5968 4.0251 -21.2359 2.2164 39.9315 1.3571 0.2884
Car -1 -1 4.8161 430.8762 178.0756 460.7444 201.6792 1.5902 1.6930 3.7382 -11.6316 1.9765 51.4313 4.5944 0.1550
Car -1 -1 4.8922 194.7286 180.4881 240.8633 209.8157 1.5552 1.6201 4.0767 -22.5116 2.0184 41.5900 4.3985 0.1511
Car -1 -1 1.9602 341.2248 188.4425 398.3311 218.2851 1.5645 1.6978 4.1892 -13.9511 2.5231 42.2223 1.6425 0.1407
Car -1 -1 0.1933 413.2965 166.9130 472.8551 189.4215 1.6146 1.6729 3.9868 -12.1129 1.1884 52.6581 -0.0319 0.1263
Car -1 -1 1.9514 165.6474 197.7748 238.0632 231.1260 1.3915 1.6682 4.1313 -19.9401 2.6914 35.4805 1.4423 0.1090
Car -1 -1 5.8299 202.4347 180.7479 283.2679 209.1834 1.5109 1.6066 3.8225 -21.0140 1.9865 41.4613 5.3631 0.1043
Car -1 -1 4.5961 160.5033 199.6382 233.7184 254.2303 1.5098 1.6772 4.1258 -13.9113 2.4895 24.2329 4.0793 0.1027
Car -1 -1 4.8890 425.1538 166.7028 458.5067 190.1438 1.6509 1.6843 4.0819 -12.2482 1.2177 52.8960 4.6623 0.0974
Car -1 -1 1.4054 569.8409 179.0541 593.4821 195.8230 1.4951 1.5906 3.9780 -2.6585 2.0976 68.0007 1.3661 0.0968
Car -1 -1 3.7473 68.2677 196.5956 226.3723 249.3146 1.5009 1.6511 3.8625 -14.1852 2.2635 22.2692 3.1852 0.0951
Car -1 -1 1.5691 341.0847 191.5065 365.4272 213.5019 1.5297 1.7119 3.6219 -19.7298 3.0173 55.5537 1.2290 0.0941
Car -1 -1 1.7215 159.5821 198.8006 215.8253 235.0883 1.4339 1.7033 3.6369 -19.4383 2.7063 33.3806 1.1973 0.0894
Car -1 -1 1.5057 464.1202 168.3927 498.1750 197.5475 1.5400 1.6283 3.6476 -7.1698 1.3043 40.0776 1.3295 0.0786
Car -1 -1 1.4961 458.9686 168.5654 483.9970 191.9605 1.7441 1.6300 3.6910 -10.7024 1.4244 55.7848 1.3071 0.0781
Car -1 -1 2.0498 170.9503 187.2887 235.3636 217.5236 1.4852 1.5752 3.5138 -21.8438 2.2995 38.9231 1.5411 0.0734
Car -1 -1 4.8958 247.3273 180.8558 289.8705 208.7925 1.5603 1.6203 3.9531 -20.5540 2.0676 43.6282 4.4576 0.0717
Car -1 -1 2.0426 210.6722 182.3415 276.7538 211.6884 1.5059 1.6025 4.0938 -20.3925 2.0641 40.4034 1.5776 0.0688
Car -1 -1 3.6107 180.4312 184.8184 269.2354 213.6113 1.5502 1.6208 4.0986 -21.4876 2.2341 40.3967 3.1243 0.0685
Car -1 -1 4.7170 463.6036 160.1918 494.5934 189.5122 1.6138 1.6846 4.0243 -7.5502 0.9169 41.8412 4.5394 0.0619
Car -1 -1 0.1089 413.5116 165.7677 475.6526 188.3317 1.6423 1.7084 4.3390 -12.2109 1.1265 53.6115 -0.1142 0.0618
Car -1 -1 4.6564 417.2014 167.8010 444.1848 191.3549 1.6684 1.7072 4.1764 -13.2591 1.3105 53.3550 4.4138 0.0616
Car -1 -1 1.4290 208.7885 198.3234 262.5971 234.5512 1.4983 1.7900 3.8362 -18.0963 2.8019 34.8495 0.9528 0.0604
Car -1 -1 1.6267 211.7733 186.1212 250.7051 217.0550 1.4940 1.6189 4.1265 -20.3687 2.2511 38.9615 1.1475 0.0600
Car -1 -1 5.0771 434.7621 167.3726 478.0674 190.2181 1.5948 1.7153 4.1400 -11.0961 1.2122 52.5492 4.8698 0.0600
Car -1 -1 4.8412 433.4382 184.2442 492.3440 229.9220 1.4729 1.6062 3.7881 -5.2421 1.9168 26.1790 4.6449 0.0582
Car -1 -1 3.3135 559.8100 180.0799 602.8234 195.9353 1.4546 1.6298 3.8417 -2.6539 2.1484 68.2232 3.2744 0.0561
Car -1 -1 1.5981 442.1390 175.6339 476.5444 206.9867 1.4738 1.5821 3.7296 -7.4980 1.6210 36.2410 1.3951 0.0555
Car -1 -1 1.3686 303.1474 182.1655 333.1006 201.1368 1.4712 1.5691 3.8629 -24.2606 2.2719 60.0040 0.9857 0.0554
Car -1 -1 2.4824 151.4627 188.1215 231.1400 218.8014 1.4553 1.6077 3.3321 -21.9074 2.2965 37.9101 1.9611 0.0540
Car -1 -1 0.3456 186.6551 181.2677 270.6091 209.1230 1.5436 1.6322 3.9738 -21.9607 2.0427 41.7160 -0.1366 0.0532
Car -1 -1 3.1273 315.9636 186.9215 364.7221 207.3534 1.5144 1.6299 3.5490 -21.1866 2.6493 56.8111 2.7716 0.0524
Car -1 -1 1.5428 208.7643 202.6784 262.6411 248.8931 1.4705 1.7410 4.1232 -14.5815 2.7222 28.0567 1.0669 0.0517
Car -1 -1 3.2465 158.3706 183.5414 242.7396 213.3981 1.5547 1.6483 3.9336 -22.7009 2.1730 40.2057 2.7351 0.0511
Car -1 -1 4.2725 201.9309 184.9395 252.3860 208.3980 1.4925 1.6026 3.7906 -26.2620 2.3517 49.5198 3.7868 0.0506