Car -1 -1 2.2396 0.0000 203.9886 128.7633 273.0754 1.3573 1.5599 3.7655 -13.8941 2.2058 17.7729 1.5832 0.9654
Car -1 -1 1.9630 332.3593 188.8071 388.5586 218.4152 1.4938 1.6539 3.7628 -13.8810 2.4300 40.4133 1.6337 0.9357
Car -1 -1 1.5775 665.4803 188.8842 692.6530 215.5515 1.4745 1.5910 3.9613 4.2879 2.5067 44.4116 1.6724 0.3526
Car -1 -1 2.0954 54.6454 189.4862 130.6234 220.0044 1.4690 1.6448 3.7668 -27.7011 2.4086 38.8094 1.4786 0.2984
Car -1 -1 0.8953 281.7500 196.0603 340.3290 219.8813 1.4717 1.7265 3.7887 -20.4882 3.1177 49.5053 0.5044 0.2014
Car -1 -1 1.7858 311.9416 193.9931 345.2680 214.5110 1.5186 1.7437 4.0889 -23.3126 3.3396 59.9985 1.4163 0.1967
Car -1 -1 0.7289 42.0870 190.8396 131.5685 219.3444 1.4809 1.7099 3.8472 -28.8417 2.5008 39.8663 0.1056 0.1598
Car -1 -1 1.9694 305.3844 196.2141 352.3440 220.4464 1.5005 1.7178 3.7568 -19.4884 3.1890 50.2506 1.6008 0.1593
Car -1 -1 1.8789 58.3455 203.6076 135.0994 242.3644 1.4200 1.7025 3.6163 -22.3250 2.8495 31.5584 1.2669 0.1521
Car -1 -1 1.6437 679.3691 189.0657 711.3129 215.7705 1.4661 1.6655 3.9170 5.2962 2.5064 44.2193 1.7614 0.1447
Car -1 -1 1.8905 72.6869 190.0844 134.2630 220.6284 1.5106 1.6630 3.8505 -28.0485 2.5183 40.1161 1.2833 0.1371
Car -1 -1 0.6440 281.2983 191.9839 334.9132 211.3918 1.4773 1.7262 3.7454 -24.5454 3.0703 58.7834 0.2497 0.1167
Car -1 -1 1.7119 58.3404 200.8050 123.0581 241.1991 1.4384 1.7127 3.5336 -21.7529 2.6910 30.3725 1.0943 0.0985
Car -1 -1 2.7220 372.1726 190.9805 463.9894 222.2351 1.3957 1.6793 4.1591 -9.6311 2.3605 36.4476 2.4650 0.0919
Car -1 -1 1.5229 69.9699 201.5193 128.1312 244.6801 1.4433 1.7397 4.3982 -20.8592 2.7020 29.4132 0.9101 0.0891
Car -1 -1 1.6817 305.5371 194.1542 334.8159 214.7889 1.4824 1.7787 3.7314 -23.2486 3.2567 58.0702 1.3021 0.0767
Car -1 -1 1.8155 293.2303 193.4413 334.7379 218.5101 1.4723 1.6664 3.7492 -19.4383 2.8864 47.5899 1.4293 0.0757
Car -1 -1 1.4153 365.8326 191.2501 411.5923 224.1015 1.4715 1.6519 3.8733 -11.3007 2.4628 36.7778 1.1187 0.0756
Car -1 -1 1.8368 127.3194 183.1598 186.0785 215.3927 1.5416 1.5752 4.1648 -23.8531 2.1182 38.1489 1.2810 0.0752
Car -1 -1 3.4191 372.4165 192.3682 452.7562 222.3148 1.4025 1.7027 3.5124 -9.7288 2.3945 35.8067 3.1552 0.0752
Car -1 -1 2.0228 0.0000 215.1641 133.5531 332.4493 1.4449 1.6081 3.6891 -9.8045 2.2809 12.2843 1.3595 0.0729
Car -1 -1 1.5971 155.6985 181.5839 191.6035 211.3139 1.4923 1.5667 4.1430 -23.9248 1.9990 39.6917 1.0574 0.0715
Car -1 -1 0.3638 7.6696 197.6887 133.6766 234.7788 1.4594 1.6832 4.0849 -23.4589 2.5928 31.5689 -0.2714 0.0686
Car -1 -1 1.9051 0.0000 188.7914 55.0993 225.3268 1.4828 1.5246 3.7829 -27.0735 2.2589 33.0993 1.2233 0.0664
Car -1 -1 2.8775 102.7963 203.0494 353.6515 297.4048 1.4187 1.6465 4.0452 -7.3092 2.0901 14.0759 2.4057 0.0649
Car -1 -1 2.1638 343.1043 187.8890 399.3696 212.3732 1.5191 1.7076 4.0278 -16.3170 2.5979 49.6020 1.8472 0.0638
Car -1 -1 1.8768 344.8204 186.8333 380.9354 206.9216 1.5172 1.6951 3.9287 -20.2022 2.7033 59.2362 1.5491 0.0622
Car -1 -1 1.6067 357.4989 196.6541 396.2900 230.1554 1.4331 1.6795 3.4094 -11.3606 2.6619 35.3872 1.2977 0.0609
Car -1 -1 3.5886 36.1924 188.9634 134.2807 218.9040 1.5120 1.6813 3.9360 -28.1696 2.4061 38.8749 2.9646 0.0570
Car -1 -1 2.1448 401.9616 186.1250 473.5522 216.7218 1.4208 1.6193 4.1799 -8.8901 2.1552 37.6900 1.9143 0.0563
Car -1 -1 4.4916 103.7808 191.9449 272.2053 302.3259 1.4743 1.6461 4.1531 -7.3809 1.8586 12.4404 3.9651 0.0554
Car -1 -1 1.4911 654.8775 169.0945 693.6832 200.4756 1.5413 1.6860 3.9463 3.3030 1.3566 37.4172 1.5781 0.0552
Car -1 -1 -0.0177 618.9186 163.7276 702.0385 198.3004 1.6927 1.7136 4.0723 2.5382 1.2459 36.2876 0.0511 0.0548
Car -1 -1 4.7532 140.4927 184.0419 177.8760 212.2286 1.5000 1.6818 3.9949 -26.3228 2.1887 42.2607 4.1988 0.0542
Car -1 -1 4.2218 0.0000 218.8434 109.0621 319.6091 1.4705 1.5467 3.9353 -11.3336 2.4117 13.3129 3.5263 0.0514
Car -1 -1 1.8144 117.3719 197.4677 185.3207 235.2716 1.4654 1.6678 4.1001 -20.8856 2.6682 33.0517 1.2542 0.0507
Car -1 -1 2.8891 260.1331 192.2510 331.5646 217.0986 1.4922 1.6440 4.0976 -20.9318 2.8395 48.2125 2.4811 0.0503