Car -1 -1 4.3962 763.1445 192.0134 1011.7321 358.4276 1.4977 1.6302 3.6561 3.0540 1.7788 8.7505 4.7201 0.9759
Car -1 -1 4.4750 701.4886 188.3671 841.9213 286.7182 1.5496 1.7069 4.0139 2.9642 1.8954 14.0463 4.6775 0.9573
Car -1 -1 1.6185 490.8594 182.1076 542.8535 228.3272 1.4959 1.6724 4.1934 -3.3104 1.8617 26.3699 1.4942 0.8744
Car -1 -1 1.5735 525.2850 183.0263 556.6735 212.6090 1.4432 1.5877 3.9088 -3.6622 2.0160 38.6084 1.4790 0.6659
Car -1 -1 4.5838 651.7416 183.6650 698.0762 218.8557 1.4324 1.5972 3.7341 2.8787 1.9468 32.4337 4.6709 0.6611
Car -1 -1 1.5021 636.6946 181.2281 666.1218 206.1905 1.5218 1.6542 3.8984 2.7016 2.0930 47.2610 1.5583 0.4815
Car -1 -1 4.5624 668.1553 158.0087 759.4235 236.3456 2.0386 1.9123 4.8212 2.9113 1.6522 21.2024 4.6962 0.3649
Car -1 -1 1.7437 540.5862 179.3540 574.7482 203.8338 1.4934 1.5753 3.8929 -3.3438 1.9359 47.1049 1.6727 0.2093
Car -1 -1 4.8303 565.6431 181.2115 587.6631 198.7448 1.5547 1.6183 3.9372 -3.0689 2.3650 67.9299 4.7849 0.1950
Car -1 -1 1.7510 627.7838 181.4817 666.8141 209.2259 1.5852 1.6686 4.4019 2.4070 2.1513 45.0116 1.8035 0.1581
Car -1 -1 4.5817 664.4475 169.7589 688.7655 187.6307 1.6026 1.7096 4.1627 6.1743 1.3251 66.8167 4.6731 0.1509
Car -1 -1 1.8522 610.0699 186.8064 642.9481 207.0509 1.5024 1.6312 3.9770 1.4152 2.6778 58.6417 1.8757 0.1286
Car -1 -1 1.2660 511.9463 180.6181 567.4455 213.6597 1.5639 1.6611 4.2739 -3.6960 1.9923 37.5205 1.1679 0.1010
Car -1 -1 1.6356 490.3056 175.0455 520.0679 199.6831 1.4768 1.6060 3.9420 -6.5600 1.6216 45.6388 1.4933 0.0939
Car -1 -1 0.0139 619.5581 181.5638 679.2956 206.1376 1.5364 1.6103 3.7950 2.5859 2.1115 46.7073 0.0683 0.0927
Car -1 -1 1.3978 653.2419 179.4657 681.9197 201.5968 1.6709 1.6281 3.9382 4.6049 2.2186 57.7304 1.4765 0.0834
Car -1 -1 2.3953 634.0256 181.9097 693.8087 206.7408 1.4999 1.5928 3.7830 3.5409 2.1086 46.6974 2.4700 0.0833
Car -1 -1 0.9847 643.8391 177.9461 703.5278 204.8406 1.5062 1.6142 4.0196 3.7978 1.8275 43.3742 1.0709 0.0790
Car -1 -1 1.7414 680.6558 179.0695 717.0050 204.7530 1.4917 1.6107 3.9228 5.6139 1.8979 45.0398 1.8641 0.0757
Car -1 -1 0.2129 509.6060 182.2892 574.1728 206.4629 1.4812 1.6460 3.8436 -4.2951 2.0974 46.0766 0.1200 0.0671
Car -1 -1 1.8529 620.7455 179.5227 665.2473 206.8351 1.5175 1.6254 3.9654 2.0550 1.9371 43.2713 1.8995 0.0669
Car -1 -1 4.9006 607.3431 185.3279 680.0451 242.7089 1.5633 1.5987 3.6662 1.1439 1.9860 22.4832 4.9498 0.0655
Car -1 -1 1.5691 492.6020 173.6463 517.3392 197.3507 1.4795 1.5364 3.8558 -6.8408 1.5336 47.1895 1.4256 0.0645
Car -1 -1 1.6738 494.2921 171.4809 523.2079 194.9768 1.6138 1.5971 4.5071 -7.1969 1.5195 51.8382 1.5362 0.0595
Car -1 -1 4.6899 474.9132 175.3566 502.8723 200.0743 1.4576 1.6334 3.9562 -7.5721 1.6212 45.0706 4.5241 0.0575
Car -1 -1 1.9122 527.1245 179.8300 572.2322 206.2659 1.5596 1.6325 3.9137 -3.7466 2.0226 45.7784 1.8305 0.0564
Car -1 -1 4.2473 950.5410 191.0221 1242.0000 375.0000 1.5203 1.6041 3.7843 5.2981 1.7705 7.9715 4.8158 0.0562
Car -1 -1 1.5744 584.1115 182.5217 610.4042 206.7222 1.4537 1.6368 3.9104 -0.7927 2.1082 46.8801 1.5570 0.0556
Car -1 -1 -0.2161 676.6632 156.5959 843.1565 225.7287 1.7719 1.6872 4.1044 3.9445 1.3552 19.3753 -0.0188 0.0553
Car -1 -1 1.0718 587.0790 186.0583 627.3285 206.1088 1.4748 1.6666 3.6650 -0.2220 2.5679 57.7236 1.0674 0.0550
Car -1 -1 1.4163 490.5667 176.5711 526.9490 202.3907 1.4853 1.6099 4.0209 -6.2295 1.7246 44.2859 1.2769 0.0540
Car -1 -1 1.5859 524.3761 175.0630 542.2794 192.3563 1.5137 1.5603 3.8265 -6.9103 1.7207 65.6389 1.4811 0.0512
Car -1 -1 1.6810 615.5371 181.8499 648.3527 208.2634 1.5056 1.6004 3.9752 1.4267 2.0879 44.6252 1.7122 0.0508