Car -1 -1 1.7540 488.0090 180.6293 555.6375 228.4049 1.5157 1.6787 3.9135 -3.0182 1.8127 25.5525 1.6369 0.9260
Car -1 -1 4.7116 552.0168 170.3705 572.7582 191.0031 1.5536 1.5599 3.5053 -3.6704 1.3666 56.1309 4.6463 0.5999
Car -1 -1 4.6648 486.5683 172.9491 512.0418 194.7205 1.4774 1.5999 3.8260 -7.8258 1.4844 51.0160 4.5131 0.5374
Car -1 -1 4.4814 476.7538 178.4668 514.8243 202.9928 1.4399 1.5414 3.7596 -7.1846 1.8083 45.3229 4.3247 0.0796
Car -1 -1 0.3126 478.6290 184.9260 570.6397 216.2865 1.4717 1.6791 4.2556 -4.2174 2.0956 36.0532 0.1964 0.0648
Car -1 -1 0.0198 542.7220 170.0412 590.8406 190.6039 1.5619 1.5855 3.6541 -3.2822 1.3483 55.6712 -0.0391 0.0608
Car -1 -1 0.7712 502.5431 180.7572 556.1512 202.5368 1.4721 1.6005 3.7843 -5.7851 2.0598 51.8627 0.6602 0.0552
Car -1 -1 0.5105 474.5644 189.3262 570.8644 224.9448 1.4632 1.6575 4.0216 -3.9227 2.2422 32.5908 0.3910 0.0549
Car -1 -1 1.8517 467.6722 180.4206 518.8666 210.9115 1.4495 1.6044 3.8368 -5.9473 1.8617 37.2980 1.6942 0.0525
Car -1 -1 1.6535 462.1980 187.4797 504.8219 221.5493 1.4318 1.6502 4.1042 -5.9219 2.1691 34.2565 1.4830 0.0524
Car -1 -1 1.4347 546.7633 183.5062 596.8716 221.9451 1.4567 1.5996 3.8663 -1.6576 1.9377 30.5297 1.3802 0.0502