Car -1 -1 4.8582 409.4745 178.9801 544.9216 283.6126 1.4628 1.6405 4.1359 -2.0817 1.5859 12.4135 4.6945 0.9673
Car -1 -1 4.4734 745.8692 175.1095 959.2960 328.3894 1.5746 1.6831 3.6658 2.8687 1.6097 9.3392 4.7614 0.9277
Car -1 -1 4.9223 476.6039 178.5994 582.7899 251.6502 1.5349 1.7122 4.2269 -1.8113 1.6933 17.6994 4.8210 0.8748
Car -1 -1 4.6041 688.0674 173.5990 734.8568 210.0597 1.4458 1.5406 3.9199 4.2678 1.4795 30.6732 4.7406 0.8358
Car -1 -1 4.5697 722.8497 180.5406 830.6116 261.8769 1.4279 1.6085 3.7705 3.3238 1.6080 14.9705 4.7831 0.8143
Car -1 -1 4.6105 679.5576 172.8493 713.9858 201.2786 1.6276 1.6377 4.0896 5.1926 1.6273 43.3661 4.7285 0.6430
Car -1 -1 4.7594 593.4954 173.7611 623.0317 198.8451 1.4775 1.6378 4.1346 -0.0389 1.5365 44.7561 4.7581 0.6078
Car -1 -1 4.8812 521.5002 167.5031 548.1848 186.1639 1.6645 1.7337 4.3941 -6.8582 1.1872 66.6106 4.7788 0.2878
Car -1 -1 3.3214 493.3006 167.7362 564.3265 191.3618 1.4557 1.5918 4.2237 -5.0486 1.1404 45.3987 3.2110 0.2340
Car -1 -1 -0.6477 485.1120 167.4260 561.7277 197.8074 1.5688 1.6556 3.9302 -4.6411 1.2885 39.2151 -0.7651 0.1891
Car -1 -1 4.8633 564.9030 170.3432 592.3703 192.6199 1.7142 1.6313 3.8099 -2.4301 1.5210 57.5052 4.8209 0.1572
Car -1 -1 4.6597 608.5406 172.7485 630.8333 193.3275 1.6196 1.6070 3.9497 0.7952 1.6113 58.7930 4.6728 0.1545
Car -1 -1 1.2729 547.1313 185.6675 600.8503 218.4216 1.4395 1.5772 3.8067 -1.8006 2.1044 35.3797 1.2218 0.1034
Car -1 -1 1.5863 514.6023 175.1606 578.5847 235.5416 1.5234 1.6280 4.2281 -1.7519 1.5960 20.5353 1.5015 0.1006
Car -1 -1 4.7039 569.6675 183.1645 644.0902 252.3313 1.4661 1.6419 4.0792 -0.0877 1.7520 17.9569 4.6981 0.0950
Car -1 -1 1.5775 672.8138 177.7466 699.0841 205.3692 1.6763 1.6166 4.2118 4.9592 2.0080 46.7419 1.6820 0.0746
Car -1 -1 3.2125 574.3274 173.5622 634.7494 198.2547 1.4552 1.5969 3.5367 -0.2740 1.4987 43.4835 3.2058 0.0714
Car -1 -1 4.4285 659.1255 172.6100 697.0717 196.5225 1.5720 1.5805 3.8058 4.6524 1.5560 49.4530 4.5214 0.0713
Car -1 -1 -0.5098 518.9494 187.0228 602.1808 220.9031 1.4608 1.6125 3.6019 -2.3015 2.1641 34.1556 -0.5772 0.0702
Car -1 -1 5.1208 500.6061 172.8976 595.6089 224.9984 1.4900 1.5913 3.7823 -1.8310 1.4914 22.6843 5.0406 0.0638
Car -1 -1 4.3987 579.0602 164.8679 622.8791 192.8449 1.8564 1.8102 4.2835 -0.6503 1.3265 50.1964 4.3855 0.0617
Car -1 -1 -0.2213 683.0208 175.0565 751.2477 201.6337 1.5102 1.6071 3.6722 6.2449 1.6416 42.0966 -0.0755 0.0609
Car -1 -1 0.1373 435.4792 167.8658 580.7185 220.0685 1.5012 1.6379 4.1096 -2.9516 1.3577 21.5731 0.0024 0.0596
Car -1 -1 4.0629 677.4761 165.9643 722.2585 186.6557 1.7856 1.7522 4.2601 8.0355 1.1911 64.5494 4.1860 0.0593
Car -1 -1 -0.2918 582.5652 173.8635 654.4658 198.6803 1.4768 1.6186 4.1325 0.5408 1.5408 44.3969 -0.2801 0.0566
Car -1 -1 4.7949 502.5565 168.4892 531.8254 192.2705 1.4799 1.5791 3.6880 -5.9501 1.2083 46.7765 4.6688 0.0565
Car -1 -1 -0.2708 506.8938 167.4369 558.0162 184.2380 1.4854 1.6178 4.3285 -6.9810 1.0065 65.3428 -0.3770 0.0555
Car -1 -1 -0.7674 805.7238 142.0743 953.4777 195.9043 1.4336 1.5960 3.9999 7.7737 0.6139 20.7511 -0.4136 0.0538
Car -1 -1 3.7703 587.6594 172.4618 635.9255 192.5762 1.5751 1.5833 3.6632 0.1654 1.5443 58.2199 3.7727 0.0515
Car -1 -1 3.3051 579.4594 161.9776 643.2534 188.5125 1.8014 1.6934 4.2161 0.1465 1.0630 50.1684 3.3077 0.0506
Car -1 -1 -0.2502 659.5396 172.8604 762.3551 209.2866 1.4888 1.5593 4.0414 4.2463 1.4891 30.4957 -0.1137 0.0504