Car -1 -1 2.0901 91.8959 192.6577 197.8940 239.6269 1.4834 1.5558 3.7935 -16.8236 2.2594 26.3441 1.5261 0.9315
Car -1 -1 5.3404 42.5364 188.8541 133.3882 222.5880 1.3889 1.5497 3.6196 -23.9194 2.1664 33.2454 4.7204 0.5235
Car -1 -1 1.5622 445.1286 184.6297 463.4257 201.3376 1.4431 1.6191 3.7214 -14.4590 2.5711 67.1223 1.3505 0.4845
Car -1 -1 1.5310 40.2286 197.5971 99.8037 242.2611 1.4689 1.7205 4.2253 -21.2339 2.5155 28.3354 0.8922 0.3380
Car -1 -1 1.7789 144.5999 196.9725 213.1801 240.4857 1.4927 1.6189 3.6811 -17.1988 2.5281 28.9740 1.2470 0.2376
Car -1 -1 4.1489 36.8905 201.0170 202.1638 267.9716 1.4530 1.6625 3.9741 -12.5956 2.2376 18.5387 3.5585 0.2034
Car -1 -1 1.9646 13.8955 200.8561 108.9069 246.1351 1.4368 1.6547 3.3419 -20.3727 2.5544 26.9745 1.3223 0.1774
Car -1 -1 5.1153 61.6014 205.1172 204.3855 278.3679 1.4324 1.6402 3.4661 -11.4290 2.3010 17.5804 4.5454 0.1751
Car -1 -1 1.8995 432.3535 181.3790 466.7310 200.8218 1.6215 1.6706 4.3711 -14.2383 2.4094 64.4258 1.6825 0.1710
Car -1 -1 3.1791 581.4548 163.6441 628.7026 186.2729 1.7044 1.7083 3.5564 -0.3170 1.0107 55.2568 3.1731 0.1549
Car -1 -1 1.5224 446.8308 180.9575 469.5176 202.4554 1.5551 1.5297 3.9956 -11.7606 2.2071 55.9236 1.3157 0.1481
Car -1 -1 1.7355 72.1371 196.4541 194.6285 277.5329 1.4686 1.6340 4.1745 -10.7742 2.0853 16.6140 1.1672 0.1415
Car -1 -1 1.7089 177.8299 181.1077 219.8793 208.7466 1.4875 1.5886 4.0295 -24.0099 1.9961 42.2922 1.1951 0.1355
Car -1 -1 0.6579 0.0000 198.7923 107.2498 240.5625 1.4637 1.6321 4.0805 -21.5127 2.4696 27.1485 -0.0076 0.1260
Car -1 -1 1.2318 442.8770 179.9148 476.5056 198.5257 1.5381 1.6281 4.0892 -13.2096 2.1802 63.4485 1.0270 0.1088
Car -1 -1 4.6602 587.5981 164.6411 613.0944 187.1090 1.7060 1.7834 4.4287 -0.7665 1.0824 57.0551 4.6465 0.1085
Car -1 -1 1.4488 462.9675 181.0499 490.1931 202.4939 1.5537 1.6032 4.0242 -10.3687 2.2153 56.0880 1.2665 0.0814
Car -1 -1 1.9260 138.5712 177.9909 202.1196 208.0112 1.5003 1.6260 3.9877 -23.5809 1.7922 38.8912 1.3838 0.0803
Car -1 -1 1.4436 150.8212 180.6685 192.9904 208.8687 1.4935 1.5958 3.8660 -25.1037 1.9630 41.3382 0.9005 0.0721
Car -1 -1 1.2111 182.9446 193.5857 313.9503 264.3668 1.4749 1.6777 3.9231 -9.1383 2.0518 18.1282 0.7496 0.0717
Car -1 -1 4.9409 188.6200 198.4345 290.7188 263.4328 1.4481 1.6411 3.7079 -9.9265 2.2151 19.6387 4.4779 0.0702
Car -1 -1 3.8688 33.8464 204.9607 221.4248 272.5002 1.4576 1.6537 3.6641 -11.7465 2.2933 17.6935 3.2893 0.0602
Car -1 -1 1.7908 473.8746 180.8497 501.3666 198.3006 1.4740 1.5912 4.0408 -10.9290 2.2159 64.8918 1.6243 0.0585
Car -1 -1 3.4744 107.6653 181.6115 200.0884 210.1730 1.5015 1.6320 4.0117 -25.1450 2.0014 39.9414 2.9154 0.0578
Car -1 -1 1.6044 486.3686 180.2694 509.4264 201.2029 1.4867 1.5938 3.9405 -8.4396 2.0704 54.7471 1.4518 0.0571
Car -1 -1 2.1437 417.3159 180.1288 459.7839 198.8828 1.5355 1.6558 4.0815 -14.8791 2.1927 62.9836 1.9123 0.0547
Car -1 -1 1.5696 449.4246 183.8313 468.3517 202.3777 1.5627 1.6341 4.2737 -13.7249 2.5970 65.7285 1.3641 0.0530
Car -1 -1 2.0938 212.7500 180.5531 279.4044 209.4066 1.4952 1.5929 3.8967 -20.2874 1.9480 40.4459 1.6312 0.0529
Car -1 -1 5.1047 193.3021 197.1873 278.2040 238.9572 1.4588 1.6971 3.9345 -15.2110 2.5252 29.5913 4.6332 0.0517