Car -1 -1 -0.8489 646.7656 188.3963 760.2267 240.0117 1.4701 1.5928 3.7335 3.1069 2.0154 23.4825 -0.7199 0.7900
Car -1 -1 1.6258 434.1154 164.9114 464.3583 188.9277 1.4966 1.6910 4.2812 -10.4432 1.0016 47.2119 1.4090 0.3331
Car -1 -1 4.6006 524.4574 155.8915 581.3995 205.5710 1.8188 1.7727 4.3850 -2.3338 1.1978 28.7382 4.5198 0.3007
Car -1 -1 1.5740 436.2989 158.2844 461.2882 181.2402 1.6043 1.7108 4.0878 -11.7086 0.5861 52.6047 1.3559 0.2835
Car -1 -1 3.2239 416.8152 160.6142 477.2550 181.0131 1.4267 1.6048 4.0914 -11.5641 0.5706 51.5398 3.0041 0.1357
Car -1 -1 4.5866 570.3466 174.2603 604.0480 198.6654 1.4251 1.6052 3.7796 -1.4153 1.5155 44.3558 4.5545 0.1196
Car -1 -1 4.4298 448.9941 173.0087 484.3870 195.0166 1.6252 1.6269 3.9650 -11.0126 1.6375 55.4460 4.2343 0.1103
Car -1 -1 3.3199 406.2168 165.6289 476.6454 189.1463 1.4718 1.6211 4.1559 -10.6895 1.0196 46.0657 3.0929 0.1044
Car -1 -1 0.1902 418.3616 164.8748 483.7635 185.5491 1.5222 1.6659 4.5476 -11.8243 0.9347 54.0119 -0.0245 0.0924
Car -1 -1 4.9807 573.3259 166.1908 611.2764 190.9081 1.6280 1.6584 3.7913 -1.1424 1.1891 49.5647 4.9574 0.0915
Car -1 -1 0.0937 424.2899 170.6086 489.0944 193.5750 1.5417 1.6621 4.2100 -10.4391 1.3909 49.4983 -0.1134 0.0774
Car -1 -1 0.4556 411.6410 165.0756 484.0195 188.5873 1.4950 1.6902 4.3179 -10.5651 1.0004 47.2056 0.2364 0.0682
Car -1 -1 4.6455 739.4115 178.7901 786.3746 221.0641 1.4676 1.5169 2.9047 5.6929 1.7026 27.0253 4.8503 0.0644
Car -1 -1 -0.3367 639.9358 184.0381 747.2710 229.3527 1.5682 1.6018 3.6242 3.0863 2.0010 26.7383 -0.2239 0.0605
Car -1 -1 0.4709 407.7043 158.4203 475.3089 181.2285 1.6312 1.7403 4.5413 -12.3291 0.5989 52.9950 0.2433 0.0583
Car -1 -1 2.0818 433.1174 160.9772 481.7197 182.1592 1.4572 1.6179 4.0892 -10.8715 0.6402 51.8317 1.8759 0.0561
Car -1 -1 0.0681 437.8388 160.7644 498.3409 183.1733 1.6013 1.6672 4.2263 -10.2770 0.7374 52.6486 -0.1239 0.0536
Car -1 -1 4.6508 590.9266 173.9400 621.0267 199.3067 1.4857 1.6114 3.9046 -0.2601 1.5556 44.4346 4.6445 0.0533
Car -1 -1 -0.2674 533.9177 161.9684 651.1612 211.6768 1.8078 1.7164 4.1890 -0.6704 1.4119 27.6655 -0.2920 0.0522
Car -1 -1 5.0623 449.6161 160.0842 491.2967 183.4041 1.6413 1.7066 4.0640 -10.1495 0.7425 52.9261 4.8736 0.0514