Car -1 -1 2.2021 0.0000 195.5735 159.3209 252.9063 1.3868 1.5959 4.3668 -15.5168 2.1290 21.3797 1.5800 0.9627
Car -1 -1 1.9323 285.9607 184.5432 356.5905 219.5417 1.4849 1.7467 4.0859 -13.5000 2.0697 34.0404 1.5570 0.9527
Car -1 -1 1.6484 88.0613 182.7070 118.8995 204.8186 1.5440 1.5969 3.8331 -38.0227 2.3132 54.2733 1.0394 0.2704
Car -1 -1 1.4711 330.8758 175.5454 358.5955 196.9466 1.5661 1.6123 4.0274 -20.4011 1.7812 55.5083 1.1202 0.2075
Car -1 -1 1.5159 275.2458 189.4039 302.8559 212.4653 1.4953 1.6085 3.8731 -23.0691 2.7331 51.8753 1.0991 0.1476
Car -1 -1 1.6227 282.0210 189.3156 316.5880 218.4172 1.5175 1.6437 3.8303 -18.0349 2.5245 42.0585 1.2195 0.1440
Car -1 -1 1.6926 0.0000 191.0632 48.6515 227.4611 1.5164 1.5874 3.7131 -27.7135 2.4261 34.0522 1.0131 0.1387
Car -1 -1 4.8484 421.1456 164.7618 461.2772 197.0364 1.7264 1.6699 3.9661 -9.4265 1.2935 40.6462 4.6217 0.1122
Car -1 -1 1.5672 343.4781 186.4444 363.3341 205.2161 1.4868 1.5666 3.8318 -22.0876 2.6975 62.2118 1.2270 0.1073
Car -1 -1 1.6067 0.0000 205.5989 12.4410 261.3979 1.4568 1.6602 3.9079 -20.3769 2.6060 23.2786 0.8933 0.1069
Car -1 -1 1.4476 281.5645 182.7879 306.0190 200.8131 1.5555 1.5973 3.9874 -29.2247 2.5035 66.7286 1.0360 0.0986
Car -1 -1 4.8832 84.8315 181.2113 136.1705 212.0534 1.4648 1.5549 3.7750 -25.8049 1.9218 37.4136 4.2826 0.0959
Car -1 -1 1.1244 243.3312 189.8090 292.3175 212.7829 1.4747 1.6430 3.8061 -24.1120 2.7133 50.8695 0.6835 0.0929
Car -1 -1 2.4807 0.0000 184.6712 109.0502 220.2875 1.5258 1.6905 4.3106 -26.7573 2.1323 34.7355 1.8279 0.0911
Car -1 -1 0.4152 356.8888 171.8941 441.3603 204.4018 1.5905 1.5969 3.7603 -10.5685 1.5436 36.3456 0.1339 0.0869
Car -1 -1 1.9514 83.9925 194.3405 187.6264 246.3539 1.4691 1.5810 3.7372 -15.6182 2.2430 24.0041 1.3794 0.0842
Car -1 -1 0.3139 380.8782 162.2888 462.8178 193.5037 1.6836 1.6576 4.0679 -10.3320 1.1137 39.8682 0.0616 0.0786
Car -1 -1 5.2290 388.6434 163.5510 448.2043 194.7407 1.6692 1.6135 3.7070 -10.6935 1.1714 40.6147 4.9729 0.0782
Car -1 -1 1.0239 285.0717 191.0979 357.5850 220.9033 1.4773 1.7444 4.3611 -16.1008 2.5452 40.2285 0.6451 0.0776
Car -1 -1 2.1905 503.9736 184.8532 576.9125 216.1304 1.4212 1.6459 4.0251 -3.4380 2.0655 36.5915 2.0969 0.0769
Car -1 -1 1.5904 451.3484 185.3636 474.2128 207.5005 1.5149 1.5873 3.7405 -10.8721 2.4786 53.5998 1.3908 0.0766
Car -1 -1 1.8772 52.4542 178.6677 125.6079 213.8049 1.5438 1.6756 4.0803 -24.8695 1.8405 34.6278 1.2578 0.0748
Car -1 -1 1.7085 322.9683 177.2281 356.3150 201.3593 1.6412 1.7029 4.0564 -19.4107 1.9697 52.0220 1.3527 0.0746
Car -1 -1 4.7039 478.7671 168.2153 503.0467 192.4131 1.7274 1.7152 3.9336 -8.8268 1.3963 53.5924 4.5412 0.0727
Car -1 -1 4.7361 401.1250 165.6031 431.9449 193.4534 1.5653 1.6587 3.9043 -11.3639 1.1578 42.6461 4.4770 0.0718
Car -1 -1 2.5900 0.0000 189.8659 40.3871 227.6263 1.5028 1.6000 3.3150 -27.7077 2.3046 32.1827 1.8831 0.0631
Car -1 -1 1.5366 284.7133 191.2995 319.3687 220.5587 1.4786 1.6895 3.3549 -17.3768 2.5672 40.7060 1.1351 0.0616
Car -1 -1 5.1574 340.3194 178.9022 384.6718 199.8142 1.5226 1.6542 4.0659 -19.0733 2.0087 55.8752 4.8296 0.0616
Car -1 -1 2.2277 0.0000 187.8964 71.1990 224.3965 1.5157 1.6086 3.7279 -27.0835 2.2511 33.3926 1.5500 0.0607
Car -1 -1 1.8012 452.8576 188.2362 502.9541 220.4315 1.4599 1.6845 3.6688 -6.5770 2.2756 36.3862 1.6230 0.0600
Car -1 -1 3.8067 0.0000 190.0831 38.6200 225.2169 1.5109 1.6480 3.9955 -28.6776 2.3172 32.8507 3.0930 0.0565
Car -1 -1 1.9594 283.7070 192.1479 340.5643 220.3114 1.4460 1.6985 3.8197 -17.0624 2.6088 41.5752 1.5718 0.0564
Car -1 -1 1.7705 486.7758 186.6094 533.1235 217.5020 1.4282 1.6074 3.9485 -5.0712 2.1756 37.1805 1.6353 0.0560
Car -1 -1 3.4727 390.5372 166.7218 469.5775 195.3664 1.6175 1.6941 4.1125 -10.3554 1.2712 41.7706 3.2309 0.0538
Car -1 -1 5.1991 360.3136 169.3043 425.8776 199.4336 1.5445 1.6951 4.0599 -11.6607 1.3625 39.1445 4.9111 0.0538
Car -1 -1 1.6832 0.0000 202.3869 13.8324 248.9868 1.4245 1.6925 3.9945 -23.5124 2.6116 26.8763 0.9693 0.0523
Car -1 -1 1.9074 312.6003 176.1685 374.4482 209.3313 1.5854 1.6635 4.2223 -13.5657 1.7653 37.0393 1.5583 0.0522
Car -1 -1 1.9356 314.6421 176.7756 359.2429 199.6244 1.5907 1.6651 4.2185 -19.9869 1.8906 53.0718 1.5768 0.0512
Car -1 -1 4.8053 433.2439 162.4399 468.1804 192.5145 1.7596 1.7149 4.1193 -9.7146 1.1503 44.3634 4.5907 0.0512
Car -1 -1 4.8224 381.8844 170.1839 423.4236 201.0161 1.5134 1.6585 3.7421 -10.6674 1.3823 37.3994 4.5461 0.0512
Car -1 -1 0.8059 0.0000 188.4430 97.1787 221.0736 1.4990 1.6539 4.0638 -27.5861 2.2862 35.3247 0.1464 0.0512
Car -1 -1 1.5079 263.8593 184.9895 294.9464 210.0532 1.5335 1.6471 4.1816 -22.2424 2.3875 48.5410 1.0800 0.0512
Car -1 -1 5.3034 60.0818 183.0520 142.8739 215.8527 1.5158 1.6194 3.6879 -25.4949 2.0559 36.3573 4.6951 0.0510
Car -1 -1 1.6088 379.2875 181.7764 400.7875 201.9542 1.5991 1.5893 3.9493 -18.5762 2.3815 61.1608 1.3148 0.0501