Car -1 -1 1.6871 447.0499 172.7118 480.3400 199.1761 1.5665 1.5928 3.6494 -8.6387 1.1051 43.7313 1.4952 0.7442
Car -1 -1 3.7343 723.4546 167.4956 820.3936 202.2456 1.5447 1.6398 4.2900 7.8968 0.9663 33.5593 3.9650 0.6415
Car -1 -1 4.8582 718.3479 162.8308 744.5652 185.0836 1.7468 1.5816 3.6363 10.3819 0.3593 57.4779 5.0377 0.4763
Car -1 -1 5.4657 0.0000 146.7678 305.6248 370.0000 1.6399 1.6297 3.9626 -3.2460 1.5668 3.5573 4.7710 0.4729
Car -1 -1 4.4939 756.0120 151.7076 798.3392 179.3348 1.5692 1.6620 3.8347 10.2875 -0.0732 42.2584 4.7329 0.1743
Car -1 -1 3.9832 0.0000 200.2466 17.0794 262.3994 1.4497 1.6004 4.0395 -17.5978 1.9806 18.0577 3.2210 0.1725
Car -1 -1 4.8113 716.4937 175.9081 750.3671 202.5772 1.5107 1.6027 3.9257 7.7528 1.2502 42.1608 4.9934 0.1198
Car -1 -1 2.1787 12.6316 186.4817 133.6715 227.4585 1.4917 1.6903 4.3720 -21.2785 1.7519 28.5885 1.5458 0.1139
Car -1 -1 2.7897 713.8723 174.2973 791.7719 201.4450 1.5266 1.6803 4.0787 8.5714 1.1774 40.8852 2.9964 0.0893
Car -1 -1 5.1373 0.0000 188.5840 347.0452 370.0000 1.5182 1.7015 4.3010 -3.2833 1.6025 5.1460 4.5984 0.0868
Car -1 -1 5.3371 0.0000 191.7179 99.6641 238.3055 1.5041 1.6323 4.4857 -21.0323 1.9557 26.2006 4.6682 0.0832
Car -1 -1 4.5239 798.3129 156.8419 834.0820 181.4389 1.5833 1.6066 3.8438 14.2013 0.0600 47.5054 4.8143 0.0813
Car -1 -1 4.3738 0.0000 195.6455 43.2471 255.8703 1.4538 1.6843 3.8137 -17.4422 1.9088 19.5786 3.6557 0.0774
Car -1 -1 1.9204 235.9381 183.9559 294.4224 212.4011 1.4763 1.6243 4.0382 -18.7446 1.6782 39.2868 1.4800 0.0684
Car -1 -1 0.4753 424.8685 172.9730 495.5328 199.1437 1.5751 1.6535 3.9852 -8.9200 1.1217 43.8949 0.2779 0.0683
Car -1 -1 1.2035 689.3511 176.8199 738.1827 202.7618 1.4717 1.5859 3.8867 6.4836 1.2626 42.1791 1.3565 0.0658
Car -1 -1 -0.8758 770.1926 167.0542 851.6514 201.1892 1.5207 1.6076 3.8102 9.7436 0.9214 33.2289 -0.5914 0.0628
Car -1 -1 1.6853 0.0000 190.3674 19.5913 219.8421 1.5280 1.6435 3.9538 -34.5164 2.1174 40.1589 0.9807 0.0620
Car -1 -1 0.3753 0.0000 134.8839 286.3119 370.0000 1.6573 1.6445 4.0470 -3.7401 1.5410 3.3700 -0.4144 0.0585
Car -1 -1 2.9804 744.2191 166.3435 837.2322 199.6116 1.5298 1.6064 4.0540 8.7789 0.8785 33.5034 3.2361 0.0558
Car -1 -1 0.9984 665.4945 177.5872 725.4054 204.0601 1.4602 1.6236 3.8515 5.2507 1.2992 41.0875 1.1261 0.0551
Car -1 -1 1.1752 719.2028 173.7617 772.0676 200.9961 1.4445 1.6366 3.5703 7.8311 1.0867 39.4123 1.3715 0.0548
Car -1 -1 3.0147 759.8111 154.2511 834.3607 180.8239 1.4993 1.6209 3.9930 11.1275 0.0179 40.9723 3.2799 0.0540
Car -1 -1 1.8495 495.0903 175.6834 539.7473 202.0408 1.4724 1.5664 3.9511 -5.0380 1.2030 41.5733 1.7315 0.0510
Car -1 -1 5.1752 0.0000 197.4160 484.3663 370.0000 1.5515 1.6060 4.0656 -2.1062 1.7170 4.8300 4.7887 0.0505