Car -1 -1 4.3760 765.8543 183.0165 1117.4841 375.0000 1.5200 1.6034 3.7903 2.6371 1.6419 6.7411 4.7328 0.9711
Car -1 -1 1.9265 90.2849 196.5440 434.5161 375.0000 1.4884 1.5103 3.3267 -2.6640 1.7528 6.3714 1.5438 0.9603
Car -1 -1 4.5471 677.4866 173.3395 782.8375 252.5411 1.5799 1.6492 4.3261 2.6164 1.5926 16.5933 4.6999 0.9479
Car -1 -1 4.5202 712.2977 191.8327 862.1586 306.2667 1.4249 1.5756 3.5332 2.6128 1.7709 11.3645 4.7392 0.9356
Car -1 -1 1.6561 518.6942 180.0378 566.1172 219.2415 1.5185 1.6530 4.2568 -2.8022 1.8470 30.8618 1.5657 0.8689
Car -1 -1 4.6048 659.4184 168.0144 710.4525 210.5208 1.6895 1.7367 3.8474 3.1298 1.4971 30.6089 4.7052 0.2837
Car -1 -1 4.7676 518.9396 167.1074 539.6066 186.8389 1.8098 1.7223 3.9876 -7.5615 1.2827 68.2179 4.6574 0.2101
Car -1 -1 3.7600 875.7222 0.0000 1242.0000 375.0000 1.5298 1.6272 3.5169 2.4182 1.3567 2.0420 4.5614 0.1438
Car -1 -1 1.6637 503.2903 171.9367 534.4783 197.3159 1.6001 1.6542 4.2034 -5.9380 1.5422 47.6169 1.5400 0.1401
Car -1 -1 4.2699 666.7737 155.2575 716.3662 182.2177 1.6828 1.6963 3.9302 5.3073 0.5845 47.1722 4.3811 0.1213
Car -1 -1 3.0696 662.4476 166.0735 758.4498 207.3766 1.6389 1.6772 3.7823 4.0734 1.3699 29.5870 3.2046 0.1052
Car -1 -1 1.8324 490.7396 177.3987 534.2438 204.0294 1.5377 1.6298 4.1921 -5.9395 1.8324 44.5927 1.7004 0.1008
Car -1 -1 1.5337 521.1797 169.4795 548.7080 196.4524 1.7162 1.6712 4.0702 -5.0041 1.5015 48.0402 1.4301 0.0986
Car -1 -1 4.1504 721.9395 0.0000 1242.0000 375.0000 1.5532 1.6393 3.7279 1.4104 1.2023 1.9344 4.7129 0.0979
Car -1 -1 4.4763 738.7755 160.3446 811.2368 205.5631 1.4461 1.5373 4.0106 5.6537 1.0460 25.0928 4.6950 0.0971
Car -1 -1 1.2182 510.8988 181.5772 560.8198 208.6470 1.5302 1.7059 4.2278 -4.6007 2.0960 44.5262 1.1153 0.0874
Car -1 -1 3.4409 668.6564 156.4668 737.4859 182.1212 1.5820 1.6824 4.0451 5.9708 0.5715 46.0972 3.5687 0.0790
Car -1 -1 4.6749 655.6221 177.7573 688.6884 207.9642 1.5027 1.6058 3.8098 3.2926 1.7773 38.4657 4.7591 0.0752
Car -1 -1 4.5968 655.4891 176.0398 700.4720 211.5281 1.4983 1.5955 3.7616 3.0431 1.6511 32.7030 4.6882 0.0752
Car -1 -1 -1.1323 925.6398 170.9361 1242.0000 375.0000 1.5531 1.6351 3.7158 3.5219 1.5481 3.2997 -0.3585 0.0694
Car -1 -1 4.2321 468.9419 177.5219 520.9789 201.7066 1.4567 1.6442 3.9883 -7.4029 1.7701 46.3576 4.0742 0.0637
Car -1 -1 4.7636 630.9239 176.8487 663.4309 206.5129 1.4838 1.5454 3.7069 2.0487 1.7078 38.5327 4.8158 0.0587
Car -1 -1 1.8201 499.8014 176.0551 540.8598 202.1000 1.5682 1.6131 4.2102 -5.6535 1.7827 46.1729 1.6986 0.0580
Car -1 -1 4.3467 664.8180 160.0053 703.9239 184.1822 1.7646 1.7261 3.7240 5.6275 0.8268 54.6869 4.4485 0.0534
Car -1 -1 4.3631 865.6834 145.0405 1062.9176 245.6269 1.4585 1.6865 4.1243 5.8973 1.0552 12.5851 4.7921 0.0531
Car -1 -1 5.0765 521.4247 168.0185 553.9255 185.6130 1.5960 1.6956 4.0564 -6.6985 1.1573 67.6284 4.9779 0.0529
Car -1 -1 4.4469 513.0386 174.0219 548.9807 196.3910 1.5106 1.5790 3.8125 -5.5894 1.5965 51.0033 4.3379 0.0527
Car -1 -1 1.7976 619.8475 175.9095 668.0354 207.5859 1.4813 1.5637 3.9761 1.7855 1.6439 36.2776 1.8459 0.0526
Car -1 -1 4.6187 433.7155 197.3937 545.1739 299.4181 1.4885 1.6954 4.1002 -2.4307 2.0323 13.7868 4.4463 0.0515
Car -1 -1 1.4842 653.2968 173.5168 695.5926 207.9526 1.5384 1.6485 4.0548 3.0286 1.5718 34.3395 1.5709 0.0510
Car -1 -1 4.4413 701.4916 159.5307 756.5800 194.4293 1.5623 1.6253 3.7439 5.6039 0.9659 34.2514 4.6018 0.0508
Car -1 -1 3.9092 1014.0677 115.2722 1242.0000 375.0000 1.5552 1.6621 3.6665 3.3238 1.4884 2.6968 4.7460 0.0502