Car -1 -1 1.9963 0.0000 202.3568 359.4359 375.0000 1.4008 1.5609 3.8237 -3.6769 1.7558 6.7295 1.5119 0.9524
Car -1 -1 1.8582 296.7627 178.4517 470.5139 296.9586 1.7106 1.7144 4.2432 -3.7354 1.8260 12.7435 1.5778 0.9183
Car -1 -1 1.6475 499.8748 181.5953 550.6559 224.1921 1.5655 1.7300 4.3587 -3.3842 1.9512 29.6333 1.5342 0.8795
Car -1 -1 1.7584 427.8021 161.1118 471.0392 190.8382 1.5227 1.6314 3.5148 -8.5444 0.9212 38.7388 1.5425 0.1403
Car -1 -1 1.6086 461.5204 193.7653 499.0519 226.3747 1.4317 1.7059 3.8115 -6.4434 2.5405 36.2549 1.4333 0.1108
Car -1 -1 1.9332 279.5671 197.5132 339.2877 229.0111 1.4298 1.6692 3.6494 -15.5193 2.7743 37.4931 1.5428 0.0963
Car -1 -1 3.8017 242.3157 195.0954 333.1888 226.0344 1.4598 1.6859 4.1191 -16.5922 2.6484 37.2477 3.3849 0.0961
Car -1 -1 0.2469 373.2573 155.0257 464.0271 185.4765 1.5663 1.6881 4.3358 -9.9943 0.6493 37.9769 -0.0088 0.0775
Car -1 -1 4.8162 354.7698 171.9652 410.9927 216.0989 1.4892 1.5726 3.5724 -8.1728 1.4592 26.2511 4.5169 0.0681
Car -1 -1 4.9124 499.4873 182.7640 551.7416 221.2664 1.5443 1.5911 3.6185 -3.6339 2.0064 31.7740 4.7989 0.0652
Car -1 -1 3.7573 408.2710 172.8031 479.3969 200.8219 1.5062 1.5682 3.6230 -9.2321 1.5034 40.2023 3.5327 0.0607
Car -1 -1 1.7337 278.3140 198.9833 327.3364 232.1946 1.4399 1.7036 3.5167 -15.3221 2.8198 36.1951 1.3354 0.0603
Car -1 -1 1.3317 459.2599 198.7216 512.3538 234.4161 1.4511 1.6917 3.4841 -5.8902 2.7420 34.0722 1.1611 0.0577
Car -1 -1 -0.2244 548.9807 190.5010 646.0811 225.4120 1.4775 1.7042 4.1938 -0.5755 2.3223 33.2119 -0.2424 0.0519
Car -1 -1 -0.1430 83.7669 189.4973 872.4017 375.0000 1.5333 1.5418 3.9031 -0.5797 1.6630 4.3579 -0.2705 0.0505
Car -1 -1 1.0738 330.7534 169.0134 398.5550 200.7545 1.5966 1.6571 4.0973 -13.0347 1.4034 38.2941 0.7475 0.0501