Car -1 -1 -0.1513 342.1786 196.3709 419.6624 225.0018 1.5059 1.7806 4.1277 -13.4509 2.9457 42.4671 -0.4568 0.8187
Car -1 -1 1.5090 325.1302 194.0376 348.4937 214.0129 1.5623 1.6757 3.8542 -23.8333 3.4732 62.9890 1.1483 0.3444
Car -1 -1 1.6098 342.0313 181.4966 366.1246 202.7675 1.5199 1.5870 3.7622 -19.5253 2.2059 55.2396 1.2712 0.3369
Car -1 -1 1.2526 402.6456 195.2388 441.1927 216.9902 1.5160 1.7508 4.1092 -14.8620 3.3533 57.0206 0.9983 0.2824
Car -1 -1 4.4490 381.8679 194.5087 433.9198 229.9146 1.5176 1.5920 3.4826 -9.8662 2.6299 35.1595 4.1768 0.2257
Car -1 -1 0.2544 375.0154 194.6671 443.2418 228.5438 1.5286 1.6081 2.8221 -9.5287 2.5948 34.4429 -0.0141 0.1308
Car -1 -1 2.1820 418.7280 195.3542 462.7575 216.7076 1.5060 1.8061 3.2873 -13.2234 3.3313 56.6728 1.9533 0.1252
Car -1 -1 1.5030 394.0518 188.9376 414.6328 206.4025 1.4643 1.5558 4.1593 -19.0246 3.0029 66.8050 1.2262 0.1186
Car -1 -1 0.3133 336.9664 194.5368 426.4767 227.6514 1.4781 1.6585 3.7099 -10.7382 2.5303 34.1658 0.0105 0.1166
Car -1 -1 3.3979 313.0273 182.4689 370.6098 203.4914 1.5219 1.6080 3.7632 -20.0421 2.2562 54.1174 3.0445 0.1127
Car -1 -1 -0.2896 387.3157 195.3165 467.6922 230.3653 1.5041 1.6281 3.4094 -8.7074 2.6285 34.5473 -0.5353 0.1106
Car -1 -1 1.8090 314.6193 192.0539 344.0422 208.7209 1.3960 1.6755 3.9003 -26.0513 3.2381 67.1846 1.4401 0.0950
Car -1 -1 1.7595 330.7629 180.5473 365.2133 203.3352 1.5775 1.6555 4.1069 -19.3661 2.1716 53.5629 1.4138 0.0829
Car -1 -1 1.4232 384.6177 189.5587 415.2351 210.0439 1.4428 1.7331 4.0341 -16.4736 2.8038 56.5932 1.1408 0.0791
Car -1 -1 1.9428 318.7632 179.8392 362.8495 202.8338 1.5553 1.6310 3.9966 -19.3218 2.0785 52.0371 1.5886 0.0689
Car -1 -1 1.3661 309.6026 188.6470 340.9777 207.8147 1.5223 1.6875 4.5342 -25.0686 2.9649 63.5505 0.9915 0.0674
Car -1 -1 2.0303 441.4420 188.8748 484.9460 210.2516 1.5027 1.7627 3.8888 -11.3063 2.7924 55.9821 1.8314 0.0669
Car -1 -1 1.4576 401.0438 192.2780 430.0768 214.2449 1.5108 1.7369 3.7796 -14.9174 3.0574 55.3744 1.1952 0.0591
Car -1 -1 1.1051 302.7864 183.9270 350.6611 206.2073 1.5287 1.6599 4.0556 -20.9733 2.3792 53.4422 0.7325 0.0568
Car -1 -1 1.5205 338.6599 179.1019 365.8920 201.7313 1.5107 1.6344 4.0588 -18.4159 1.9761 51.5637 1.1788 0.0519
Car -1 -1 3.3332 411.4272 195.7431 454.9160 216.9393 1.5661 1.7559 3.0164 -13.7366 3.3825 56.3082 3.0945 0.0518