Car -1 -1 1.7770 334.3587 193.0735 504.5938 309.0839 1.4515 1.7708 4.5578 -2.9245 1.8560 12.1317 1.5443 0.9432
Car -1 -1 1.4528 480.2809 191.4118 506.9629 214.9536 1.7819 1.7593 3.7039 -9.6412 3.3726 59.8252 1.2931 0.4867
Car -1 -1 -0.2152 588.2770 198.6789 632.9265 218.3922 1.5596 1.8395 3.5043 0.0729 3.8130 61.6882 -0.2147 0.4743
Car -1 -1 0.0839 646.2574 199.7241 693.8818 219.6284 1.5642 1.7273 3.8854 5.1371 3.8813 61.0471 0.1667 0.4024
Car -1 -1 4.6171 598.9424 198.2860 623.8444 217.8321 1.4962 1.7906 3.8965 0.1269 3.7713 62.5224 4.6184 0.3181
Car -1 -1 4.6110 657.9340 198.5079 683.6970 218.7786 1.5316 1.7893 4.0358 5.2025 3.7977 61.7008 4.6940 0.1831
Car -1 -1 1.2895 670.9477 202.6108 728.2757 236.6382 1.4149 1.8343 3.6555 4.3481 2.9539 35.3662 1.4099 0.1563
Car -1 -1 1.4915 484.4132 188.1265 507.4207 207.5124 1.5300 1.6685 3.6549 -9.7940 2.8845 62.0236 1.3350 0.1269
Car -1 -1 4.6293 652.6229 201.5441 695.4413 235.6844 1.4453 1.7881 3.5536 3.1028 2.9203 35.3155 4.7153 0.1249
Car -1 -1 4.4090 423.8422 180.7542 481.8044 218.1898 1.5082 1.5318 3.4445 -6.9387 1.8762 31.7356 4.1950 0.0766
Car -1 -1 4.1525 393.7777 165.2670 734.7951 364.4815 1.4993 1.5731 3.9904 -0.7306 1.4422 7.4916 4.0571 0.0732
Car -1 -1 -0.3516 390.6266 182.3912 493.1499 221.2858 1.5100 1.5985 3.9261 -7.0838 1.9375 30.6068 -0.5776 0.0580
Car -1 -1 1.6248 527.0895 185.8074 549.4532 205.1603 1.5133 1.6727 3.9425 -6.0067 2.6464 61.1110 1.5268 0.0532
Car -1 -1 0.1683 467.6898 192.9461 515.3991 214.6200 1.7093 1.6213 3.6460 -9.6652 3.3823 59.2538 0.0067 0.0529
Car -1 -1 0.1347 570.2545 195.4367 617.1185 213.8251 1.4650 1.8112 3.7733 -1.3267 3.4191 61.3255 0.1125 0.0526
Car -1 -1 1.1941 660.4195 201.2507 718.9286 234.6765 1.4599 1.7383 3.6658 4.0358 2.9911 36.9081 1.3012 0.0522