Car -1 -1 4.5138 687.0440 187.5923 770.6434 250.0694 1.4168 1.5041 3.3288 3.0231 1.8367 18.8579 4.6694 0.9604
Car -1 -1 3.6706 0.0000 191.9073 272.1851 326.3121 1.5080 1.5523 3.7197 -6.5554 1.7767 9.2644 3.0680 0.9524
Car -1 -1 4.2111 828.1667 185.7788 1242.0000 375.0000 1.4116 1.6647 3.8644 3.1099 1.5452 5.5195 4.7005 0.9513
Car -1 -1 3.3888 346.2268 180.5533 477.5788 229.6892 1.5348 1.6520 3.8639 -6.4036 1.7964 23.6600 3.1268 0.8801
Car -1 -1 -0.2280 752.3242 187.0807 869.4230 229.5982 1.4568 1.6509 3.8197 7.2425 1.9914 26.2191 0.0378 0.8764
Car -1 -1 0.3169 294.5107 179.8210 459.4549 238.2530 1.4350 1.5289 3.7776 -5.9419 1.6232 18.6964 0.0127 0.8723
Car -1 -1 0.2525 404.2110 166.6325 505.0005 201.4185 1.5357 1.6641 4.1919 -6.9871 1.2610 32.7758 0.0438 0.8722
Car -1 -1 3.6182 157.6166 178.1627 388.5306 255.9901 1.3959 1.5493 3.7539 -6.3903 1.5048 13.9340 3.1950 0.8536
Car -1 -1 3.4027 239.8734 193.3742 437.1925 265.3409 1.4704 1.5285 3.8794 -5.9587 1.9576 16.2017 3.0549 0.7378
Car -1 -1 0.4603 57.7113 198.1154 376.1913 307.9794 1.5546 1.6459 4.1538 -6.0471 1.9859 11.4608 -0.0163 0.6403
Car -1 -1 3.3436 463.8510 178.4833 540.1332 206.2901 1.5864 1.6811 4.1917 -6.2988 1.9255 42.5074 3.1970 0.6064
Car -1 -1 -0.1505 690.7437 185.6230 768.6519 216.0676 1.4716 1.5345 3.6776 6.0059 2.1284 36.3263 0.0114 0.3573
Car -1 -1 3.3343 485.9745 175.4694 553.2542 202.3712 1.7359 1.6999 4.1685 -5.9189 1.9125 47.7441 3.2112 0.3531
Car -1 -1 1.1875 686.6691 187.1307 751.4821 221.3047 1.4702 1.6510 4.2175 5.2533 2.2103 35.1602 1.3338 0.2310
Car -1 -1 4.8200 727.7812 173.4703 776.0583 211.8602 1.4803 1.5859 3.5767 5.9343 1.5074 29.8278 5.0139 0.2209
Car -1 -1 1.5804 692.3491 184.9711 724.1314 216.4196 1.4654 1.5358 3.6002 5.0689 2.1181 36.9719 1.7149 0.2042
Car -1 -1 3.1590 679.3658 181.3776 782.8320 219.4830 1.4464 1.5905 3.9966 4.8780 1.8030 29.0426 3.3231 0.1634
Car -1 -1 1.1398 990.7971 178.9637 1048.5048 206.1686 1.5095 1.6013 3.6005 24.2121 1.8871 42.7310 1.6519 0.1579
Car -1 -1 2.4749 1001.5582 180.1712 1078.0569 207.4909 1.5331 1.6237 3.6049 25.0703 1.9706 42.0938 3.0085 0.1481
Car -1 -1 1.3799 457.7311 175.8678 503.2444 206.4304 1.4333 1.5753 3.7036 -6.5292 1.5931 36.2451 1.2025 0.1303
Car -1 -1 3.5146 152.3511 173.1138 259.7504 209.9863 1.4940 1.5653 3.6083 -16.8479 1.5052 30.2614 3.0101 0.1252
Car -1 -1 4.8824 868.0552 174.5016 919.0503 209.5408 1.5289 1.6196 3.7031 13.2961 1.6104 33.6763 5.2550 0.1203
Car -1 -1 4.8260 524.8800 179.1873 554.7078 204.7907 1.6274 1.5913 3.6820 -4.6647 2.0705 48.6341 4.7304 0.1140
Car -1 -1 1.6421 1015.1479 175.2259 1046.4055 198.7053 1.5176 1.5756 3.8527 28.6796 1.6857 49.0849 2.1679 0.1136
Car -1 -1 4.5735 378.0358 173.3954 407.5810 194.7900 1.5624 1.6233 3.9650 -16.5340 1.6052 54.9401 4.2822 0.1134
Car -1 -1 2.8601 950.0677 177.4897 1026.4796 204.4875 1.5190 1.6481 3.6362 22.0677 1.7974 42.1614 3.3390 0.1069
Car -1 -1 1.5902 868.8514 179.8843 911.3174 217.4117 1.4859 1.6303 4.1690 12.3312 1.8160 31.6454 1.9581 0.1055
Car -1 -1 4.8925 416.7743 180.9590 486.0333 230.6013 1.5220 1.6363 3.8411 -5.3210 1.8213 24.7013 4.6819 0.1031
Car -1 -1 3.3912 419.4337 174.3543 508.6341 204.1565 1.4215 1.4922 4.0399 -7.0908 1.4968 35.3528 3.1944 0.1017
Car -1 -1 4.7502 158.0887 169.0613 211.4582 211.0764 1.4397 1.5445 3.5313 -15.6156 1.3097 26.6452 4.2243 0.1016
Car -1 -1 4.3437 837.8370 175.4270 903.2006 210.1571 1.5181 1.6175 3.7377 12.1083 1.6451 33.7099 4.6853 0.0967
Car -1 -1 4.7069 476.5002 163.0005 498.2652 185.3577 1.7783 1.7113 4.0936 -10.0929 0.9946 59.5559 4.5395 0.0942
Car -1 -1 -0.0406 724.5505 176.4183 825.1638 214.0285 1.4310 1.5244 3.8097 6.5272 1.5784 28.7500 0.1799 0.0936
Car -1 -1 4.4835 618.8290 162.9453 648.9603 185.2712 1.8741 1.7233 4.1308 2.0780 1.0423 62.7614 4.5162 0.0926
Car -1 -1 1.4721 1024.1282 175.0939 1054.4323 196.4087 1.4857 1.5267 3.7773 31.3773 1.6558 52.7569 2.0059 0.0920
Car -1 -1 5.1933 162.4812 174.7864 247.3051 210.6667 1.4471 1.5917 3.8403 -17.4113 1.5360 31.2484 4.6883 0.0906
Car -1 -1 1.6325 542.2102 181.3565 562.8593 198.5094 1.4845 1.6363 4.4439 -5.2551 2.2992 66.8982 1.5540 0.0903
Car -1 -1 4.7235 953.5392 177.5116 984.5016 204.5290 1.5215 1.6021 3.8179 21.6367 1.8151 43.4115 5.1827 0.0842
Car -1 -1 1.4299 950.7823 184.5080 991.6860 213.9132 1.5330 1.5599 3.7842 20.6320 2.2327 41.2761 1.8900 0.0837
Car -1 -1 1.3799 535.8591 181.0135 561.4149 198.3847 1.4794 1.5691 4.0861 -5.5764 2.2468 65.6768 1.2951 0.0833
Car -1 -1 4.5847 448.7227 153.0743 480.0205 179.1664 1.7490 1.6722 3.8285 -10.1845 0.4231 50.4471 4.3864 0.0796
Car -1 -1 1.3877 537.3464 179.0566 564.3713 197.5781 1.5427 1.6167 4.3713 -5.2401 2.1126 63.9737 1.3059 0.0785
Car -1 -1 4.5732 634.6586 166.8600 671.9116 195.2217 1.7129 1.7751 4.2803 2.7211 1.3509 45.7810 4.6318 0.0784
Car -1 -1 1.7369 682.9977 187.1142 718.9557 213.2399 1.4706 1.6645 3.3954 5.6748 2.3873 44.5173 1.8623 0.0770
Car -1 -1 4.7369 181.8030 176.4886 222.7826 210.6348 1.5135 1.5962 3.7569 -19.3868 1.6973 34.4492 4.2274 0.0751
Car -1 -1 4.7373 381.5490 172.0818 403.0728 190.8743 1.5167 1.6204 3.9455 -18.1398 1.4544 60.3518 4.4463 0.0744
Car -1 -1 4.8317 27.3398 179.2830 77.9541 210.5977 1.4476 1.5583 3.7486 -27.8619 1.7879 36.1893 4.1790 0.0703
Car -1 -1 3.7933 127.6116 176.4479 226.9703 210.2763 1.5046 1.6272 3.7161 -19.9282 1.6757 33.3321 3.2577 0.0684
Car -1 -1 4.7450 212.4930 173.9454 256.5632 209.7236 1.4679 1.5805 3.8983 -16.4805 1.5192 31.8308 4.2704 0.0677
Car -1 -1 -0.5689 881.2477 161.0025 1116.6820 237.7716 1.4396 1.6013 3.9322 7.7245 1.2174 14.5016 -0.0883 0.0648
Car -1 -1 3.0864 421.8160 153.6902 487.1997 177.9999 1.6138 1.6714 4.2805 -10.5985 0.3416 49.2690 2.8756 0.0648
Car -1 -1 4.8605 496.8289 178.2982 533.8097 205.2786 1.5174 1.6432 3.8694 -5.6086 1.8590 43.3181 4.7321 0.0639
Car -1 -1 1.6364 661.5360 187.3185 696.6669 218.7165 1.4608 1.5669 3.8897 3.6578 2.2535 37.4988 1.7322 0.0630
Car -1 -1 4.5803 457.1769 165.0175 486.1079 186.5716 1.5557 1.6370 3.8825 -10.3878 0.9901 54.1796 4.3915 0.0630
Car -1 -1 2.7944 772.0751 176.9922 838.7546 202.1330 1.5142 1.5807 3.6681 12.1075 1.7761 44.7120 3.0567 0.0629
Car -1 -1 4.7235 499.5352 173.8776 526.5335 200.1012 1.6693 1.7134 3.9488 -6.4164 1.7406 48.1562 4.5913 0.0619
Car -1 -1 1.5739 246.4524 191.3497 363.3676 302.3710 1.5077 1.6131 3.8981 -5.2715 1.8851 12.6110 1.1848 0.0615
Car -1 -1 3.3748 358.4955 173.1176 415.3040 193.3662 1.4926 1.5693 3.8106 -16.6638 1.5127 54.1153 3.0772 0.0613
Car -1 -1 3.9210 117.1024 174.9581 228.5873 211.2050 1.4641 1.6498 4.0620 -18.4821 1.5570 30.5769 3.3810 0.0605
Car -1 -1 1.6579 679.2643 187.8144 721.8669 222.9323 1.4666 1.6509 4.1373 4.3683 2.2213 34.2008 1.7831 0.0578
Car -1 -1 2.5431 490.1610 175.1850 577.7987 207.4490 1.4883 1.6032 4.0950 -3.6752 1.6092 35.4971 2.4403 0.0570
Car -1 -1 4.4040 863.2203 164.1638 1001.1124 242.6870 1.4514 1.5765 3.6279 6.6242 1.2908 15.2174 4.8070 0.0550
Car -1 -1 0.3708 386.8514 174.7207 489.0144 211.0529 1.4795 1.5738 3.9018 -7.2289 1.5613 30.5419 0.1399 0.0550
Car -1 -1 -0.3393 959.9320 186.1003 1061.1700 221.4176 1.5195 1.5466 3.7323 18.2124 2.1431 32.9054 0.1618 0.0549
Car -1 -1 2.2262 276.8029 176.7041 366.7321 209.8022 1.4105 1.6809 4.1568 -13.2507 1.6011 33.4972 1.8519 0.0537
Car -1 -1 1.6293 537.4478 176.5970 559.1788 195.5435 1.5748 1.6523 3.9792 -5.2984 1.9109 62.7774 1.5451 0.0537
Car -1 -1 -0.2605 846.7878 181.2533 953.1789 216.1367 1.4813 1.6419 4.1178 12.8835 1.8684 32.2013 0.1164 0.0535
Car -1 -1 4.9279 156.7865 174.1546 221.8628 210.2098 1.4657 1.6228 4.0254 -18.3366 1.5266 31.6513 4.4063 0.0526
Car -1 -1 3.1372 911.9120 176.7331 986.0173 203.5941 1.5173 1.5946 3.9053 20.0572 1.7554 42.7442 3.5729 0.0526
Car -1 -1 1.8769 121.0221 195.4413 324.6899 322.8547 1.5434 1.6441 4.0927 -5.9414 1.9754 11.6519 1.4140 0.0526
Car -1 -1 1.7706 0.0000 186.8787 30.6847 232.1295 1.5241 1.5483 3.8678 -23.5921 2.1018 27.6521 1.0689 0.0525
Car -1 -1 1.6862 715.6389 181.0820 766.8468 221.2579 1.4050 1.5108 4.1744 5.2384 1.7536 28.3572 1.8663 0.0522
Car -1 -1 5.0124 484.9317 168.1136 516.3117 186.3863 1.6401 1.6920 4.2674 -10.0723 1.2146 66.9986 4.8635 0.0520
Car -1 -1 4.7063 128.8361 173.7507 194.2695 228.2950 1.5063 1.5722 3.6969 -13.6270 1.5361 21.9762 4.1564 0.0518