Car -1 -1 2.1463 0.0000 182.0325 199.7834 297.8117 1.6213 1.6647 4.0267 -8.9970 1.8060 12.4731 1.5313 0.9669
Car -1 -1 1.8202 388.0032 170.2429 442.7401 203.5845 1.6760 1.7792 4.3787 -10.2695 1.5447 38.4678 1.5607 0.7835
Car -1 -1 4.7790 540.0635 175.0383 569.1727 199.6405 1.4974 1.6000 3.8951 -3.4797 1.6432 46.2162 4.7039 0.7363
Car -1 -1 4.6405 584.2469 169.6480 614.0445 194.3325 1.5350 1.6453 4.0984 -0.7187 1.3356 46.9806 4.6249 0.6110
Car -1 -1 1.4363 471.1187 175.8762 495.0320 193.8596 1.5397 1.6041 3.8638 -11.3440 1.8189 64.5617 1.2628 0.3205
Car -1 -1 4.4442 11.4713 170.0146 81.8554 204.4734 1.5158 1.6185 3.8907 -26.2019 1.3909 33.5540 3.7850 0.3163
Car -1 -1 2.0188 164.8741 183.8201 211.3008 206.0967 1.4862 1.4731 3.5580 -30.1822 2.3009 51.7712 1.4930 0.1922
Car -1 -1 1.1875 499.2953 174.7453 533.0681 192.9701 1.5196 1.5856 3.8422 -8.1384 1.6892 62.6534 1.0585 0.1804
Car -1 -1 2.1787 20.9547 168.5853 114.4929 202.0800 1.4823 1.6058 3.8149 -25.3038 1.2934 33.8626 1.5406 0.1683
Car -1 -1 1.1490 149.3884 183.1782 200.2210 205.3087 1.4733 1.6440 3.9431 -31.0577 2.2363 51.5183 0.6086 0.1650
Car -1 -1 4.8056 453.7626 175.8232 488.8815 203.8314 1.4510 1.5570 3.6418 -7.5534 1.6219 39.6649 4.6183 0.1574
Car -1 -1 4.9902 615.2941 172.7474 648.8047 192.6238 1.5214 1.6644 3.8648 1.8236 1.5133 57.3231 5.0215 0.1525
Car -1 -1 4.9624 469.0432 174.7202 512.6355 202.7243 1.4720 1.5337 3.6193 -6.5369 1.5805 40.0474 4.8012 0.1368
Car -1 -1 1.8374 376.8423 173.0894 450.3598 216.2199 1.4940 1.5952 4.2036 -7.2597 1.5036 27.1242 1.5779 0.1313
Car -1 -1 1.2376 146.7762 183.7952 199.3784 209.5349 1.4639 1.6084 3.8521 -26.9196 2.1662 44.4629 0.6956 0.1125
Car -1 -1 4.9525 123.4970 171.6221 163.3183 194.5478 1.6514 1.6340 3.8228 -34.8605 1.5627 54.0477 4.3817 0.1111
Car -1 -1 2.8072 0.0000 175.3643 78.4986 212.1812 1.5008 1.6526 3.9846 -26.1063 1.6189 31.8315 2.1243 0.1086
Car -1 -1 1.3405 631.6746 170.0997 659.4944 188.0375 1.5277 1.5890 3.9226 3.1372 1.2931 63.5229 1.3893 0.1039
Car -1 -1 5.4632 0.0000 200.2529 197.5902 375.0000 1.5106 1.5467 3.7716 -6.8975 1.9120 8.6238 4.8034 0.0979
Car -1 -1 1.8484 0.0000 187.8455 30.6679 225.5356 1.4817 1.6665 4.1371 -27.6594 2.2004 32.3656 1.1452 0.0958
Car -1 -1 4.8158 462.3338 174.3344 496.2234 201.4170 1.5017 1.5617 3.7660 -7.5663 1.5922 42.1562 4.6390 0.0954
Car -1 -1 1.7691 383.0457 174.4608 464.0213 225.8765 1.4304 1.6157 4.1240 -5.6322 1.4847 22.3021 1.5241 0.0856
Car -1 -1 4.2920 614.5942 162.8536 654.1085 186.6199 1.7035 1.6240 3.5579 1.8074 0.9867 53.6702 4.3252 0.0854
Car -1 -1 1.8908 312.2852 189.2448 413.9627 247.0752 1.4217 1.6062 3.8649 -6.9566 1.9374 20.7668 1.5709 0.0833
Car -1 -1 1.6069 0.0000 193.8991 17.7007 237.7629 1.4820 1.6721 4.3549 -24.7052 2.3851 28.7400 0.9013 0.0797
Car -1 -1 2.2088 0.0000 207.4042 32.7445 258.8614 1.4116 1.6395 3.2868 -21.0622 2.6322 23.7871 1.4895 0.0759
Car -1 -1 1.7086 470.9944 175.7505 496.1742 194.1934 1.5495 1.6216 4.1400 -11.0285 1.8123 63.3765 1.5367 0.0750
Car -1 -1 0.6328 452.9941 176.3851 499.1493 194.4270 1.5340 1.5854 3.7900 -11.7490 1.8522 63.4876 0.4503 0.0699
Car -1 -1 1.7302 478.8680 174.0553 515.9435 201.3001 1.5179 1.5635 3.7516 -6.5187 1.5914 42.2470 1.5777 0.0692
Car -1 -1 1.3341 577.8084 168.1862 618.0927 194.6102 1.5831 1.6283 4.0349 -0.7790 1.3035 45.3867 1.3167 0.0668
Car -1 -1 4.9281 397.4514 176.3089 458.0656 215.0594 1.4652 1.6056 3.8635 -7.3719 1.6162 29.5835 4.6855 0.0655
Car -1 -1 1.7575 216.7590 181.5592 253.4346 204.2173 1.4859 1.5708 4.0651 -26.4953 2.1293 51.1591 1.2815 0.0647
Car -1 -1 1.4136 474.2303 173.4631 507.1714 199.0334 1.6039 1.5750 3.6849 -7.8343 1.6456 47.3504 1.2502 0.0641
Car -1 -1 1.7483 465.2288 175.0460 493.3472 195.0045 1.6266 1.6508 4.0902 -11.0276 1.8191 61.2999 1.5707 0.0641
Car -1 -1 1.9188 0.0000 200.6948 56.4924 251.7280 1.4682 1.6606 3.9471 -21.0938 2.5241 25.2282 1.2274 0.0640
Car -1 -1 1.3161 473.1121 174.9782 523.0582 205.9239 1.5061 1.6287 3.9260 -5.8498 1.6228 37.5327 1.1621 0.0633
Car -1 -1 1.7808 337.6630 181.1307 420.1416 234.5542 1.4479 1.6018 3.9717 -6.9929 1.7266 22.2418 1.4791 0.0631
Car -1 -1 3.7327 342.8057 177.0917 449.9420 215.9159 1.4618 1.5866 3.8768 -8.4964 1.6388 28.7999 3.4479 0.0597
Car -1 -1 2.2066 201.0222 183.4401 272.0826 212.6750 1.5500 1.5982 3.9880 -21.5551 2.1951 41.8710 1.7335 0.0591
Car -1 -1 1.7884 363.7242 184.9688 452.0378 243.0436 1.4202 1.5913 3.8130 -5.5824 1.7953 20.3969 1.5240 0.0574
Car -1 -1 5.0168 505.3434 168.8432 539.7343 190.1315 1.5697 1.5871 3.6437 -6.6111 1.2740 55.1412 4.8978 0.0566
Car -1 -1 4.0392 0.0000 200.7362 35.2786 249.0971 1.4831 1.6340 3.9853 -22.0475 2.4778 24.5947 3.3136 0.0563
Car -1 -1 4.8638 469.3510 174.3058 503.7979 199.7014 1.5029 1.5753 3.5940 -7.5787 1.5965 44.7170 4.6965 0.0526
Car -1 -1 1.8913 0.0000 194.9489 5.4788 252.7635 1.4768 1.6353 3.9520 -20.3301 2.2222 22.2030 1.1558 0.0523
Car -1 -1 1.9229 168.3864 184.0255 218.2474 209.8017 1.4799 1.4858 3.7562 -25.9580 2.2090 45.1154 1.4031 0.0509
Car -1 -1 0.7922 3.3831 172.4352 110.1319 205.4441 1.4572 1.5824 3.9109 -25.1803 1.4387 32.9150 0.1429 0.0506
Car -1 -1 5.2962 0.0000 197.2939 105.2023 245.9914 1.4747 1.6411 4.0208 -20.2796 2.4249 25.9886 4.6384 0.0501