Car -1 -1 4.5317 702.4670 175.2255 851.5258 286.4162 1.5896 1.7126 4.1592 2.6849 1.6376 12.5050 4.7373 0.9577
Car -1 -1 4.5661 674.0569 180.2488 766.2308 246.1505 1.4575 1.6940 4.3484 2.7159 1.6707 18.6248 4.7078 0.9236
Car -1 -1 4.5951 652.4952 178.7279 704.1439 222.0633 1.5217 1.5581 3.4496 2.5649 1.7602 27.5543 4.6863 0.9099
Car -1 -1 3.5674 133.2281 189.6368 377.8390 281.1279 1.4711 1.5125 3.5503 -6.0840 1.7839 12.6697 3.1273 0.8748
Car -1 -1 0.6484 6.3809 200.2751 330.0331 323.1043 1.4839 1.5759 3.7137 -6.0943 1.9085 10.1689 0.1195 0.8627
Car -1 -1 0.8055 0.0000 218.4944 239.1683 375.0000 1.5040 1.5819 3.7799 -6.2586 2.0655 7.8185 0.1467 0.7915
Car -1 -1 4.6319 637.0286 178.6055 668.9933 206.0688 1.4794 1.5476 3.4891 2.4529 1.8232 41.3673 4.6902 0.7382
Car -1 -1 0.2524 370.1410 182.2185 501.4609 225.8175 1.5038 1.6532 4.3466 -6.2220 1.8543 26.1326 0.0204 0.7040
Car -1 -1 -0.1439 754.2000 162.6071 853.3969 199.0535 1.6079 1.6815 4.1653 8.7844 1.1559 32.9054 0.1144 0.6329
Car -1 -1 3.3860 403.5175 167.7054 495.8737 200.8624 1.3978 1.6017 3.6261 -6.8805 1.1807 31.2706 3.1709 0.5551
Car -1 -1 3.5534 181.7783 196.8860 401.1368 272.6740 1.4588 1.6086 3.9227 -6.5955 1.9935 15.2315 3.1505 0.5190
Car -1 -1 1.6094 490.7008 176.6914 524.8494 208.7687 1.5695 1.6135 4.0996 -5.3006 1.7825 37.9308 1.4710 0.5036
Car -1 -1 0.1972 442.2669 180.7450 527.0225 211.7497 1.5191 1.6447 3.9987 -6.3044 1.9298 36.6758 0.0277 0.4180
Car -1 -1 4.0787 0.0000 189.6978 83.8876 375.0000 1.4392 1.6155 3.8460 -6.3313 1.5865 5.3314 3.2326 0.3658
Car -1 -1 3.7469 48.2672 166.9560 200.4487 210.3859 1.4393 1.6288 4.1537 -16.5747 1.2438 24.7691 3.1620 0.2851
Car -1 -1 0.1908 460.3947 178.5132 541.9564 208.0118 1.5348 1.6311 4.1002 -5.7860 1.8462 38.7919 0.0432 0.2844
Car -1 -1 4.6518 681.0837 170.6362 709.0273 195.4335 1.5699 1.5999 3.7406 5.6021 1.4295 47.5909 4.7679 0.2747
Car -1 -1 3.6492 266.3636 178.7695 405.9340 227.2100 1.3948 1.4739 3.7438 -8.3055 1.5838 22.0327 3.2922 0.2471
Car -1 -1 1.4817 536.7988 179.4038 560.4424 197.0180 1.4249 1.6667 4.1344 -5.2817 2.0090 62.1701 1.3969 0.2293
Car -1 -1 0.4067 320.6948 175.5464 376.1619 193.6979 1.4503 1.5597 3.9575 -21.2605 1.6731 58.8153 0.0611 0.2047
Car -1 -1 4.8774 443.5192 165.4565 494.5208 200.2120 1.4749 1.6245 3.9480 -6.2819 1.1610 32.6131 4.6883 0.1964
Car -1 -1 4.5375 404.1791 165.4342 445.2449 194.2606 1.5861 1.6448 3.9569 -10.7612 1.1779 41.8431 4.2871 0.1886
Car -1 -1 5.1572 374.1129 170.7492 422.2051 193.7714 1.5787 1.6535 4.1974 -15.0774 1.4343 51.6817 4.8745 0.1495
Car -1 -1 5.1815 701.1225 166.2630 761.0413 195.0493 1.4859 1.6257 3.9142 6.6645 1.1456 39.3009 5.3479 0.1378
Car -1 -1 5.1392 108.5443 177.5140 196.7441 216.6246 1.4563 1.5805 3.7939 -18.4479 1.6585 29.3235 4.5815 0.1315
Car -1 -1 -0.0539 499.3222 171.3851 550.7774 191.7507 1.6107 1.6721 4.0403 -6.8377 1.4946 58.2339 -0.1706 0.1282
Car -1 -1 1.6788 446.6311 179.2515 503.1987 222.5878 1.4857 1.6571 4.2763 -5.0601 1.7497 27.5767 1.4985 0.1211
Car -1 -1 1.6738 370.2688 179.3074 396.1162 198.1952 1.4781 1.6523 3.8910 -18.7712 2.0328 59.9508 1.3713 0.1200
Car -1 -1 3.9717 17.2188 181.5501 140.7061 222.3582 1.4175 1.6121 3.7096 -19.6123 1.7535 26.7187 3.3431 0.1157
Car -1 -1 3.4575 470.4627 177.1674 538.7196 203.7074 1.5580 1.5691 3.8020 -6.3529 1.8265 43.8141 3.3139 0.1079
Car -1 -1 4.4712 394.1150 174.2100 421.3992 191.3279 1.4782 1.5316 3.6245 -18.0830 1.6033 64.5739 4.1990 0.1064
Car -1 -1 -0.0913 484.5802 181.8083 560.8497 211.6960 1.4460 1.5380 3.7305 -4.4407 1.9161 36.7364 -0.2112 0.0903
Car -1 -1 2.2380 6.8483 177.1836 132.2035 223.1339 1.4645 1.5169 3.7180 -18.7278 1.6272 25.2348 1.6045 0.0900
Car -1 -1 5.5581 0.0000 175.5120 107.9707 255.6727 1.5883 1.6026 3.5514 -13.5373 1.6553 16.3023 4.8731 0.0892
Car -1 -1 4.7452 327.0512 175.8991 349.3824 194.5254 1.4736 1.6006 3.9286 -22.4903 1.7353 59.8921 4.3871 0.0891
Car -1 -1 5.2949 325.8047 177.0333 440.9366 226.4937 1.4321 1.6138 3.9906 -7.1998 1.5801 23.3963 4.9991 0.0885
Car -1 -1 1.4269 363.3149 169.7048 395.0710 192.5572 1.5688 1.6013 4.0891 -16.5466 1.3527 51.7233 1.1185 0.0869
Car -1 -1 4.2789 326.1451 171.9165 376.5981 195.0266 1.5461 1.6984 4.2333 -18.0586 1.4834 50.3777 3.9362 0.0869
Car -1 -1 -0.1937 646.4142 168.4630 696.9301 186.0782 1.4916 1.6160 4.0980 5.3273 1.1197 62.1211 -0.1088 0.0847
Car -1 -1 2.2243 174.6500 176.1226 275.3891 219.7023 1.4643 1.4861 3.3683 -13.9083 1.5915 26.2978 1.7417 0.0844
Car -1 -1 2.3407 0.0000 178.9973 96.3413 223.4994 1.4442 1.5753 3.6924 -20.6153 1.6807 25.8612 1.6726 0.0838
Car -1 -1 0.0132 0.0000 180.5479 571.3427 375.0000 1.4885 1.6264 4.0326 -2.4851 1.5673 5.9028 -0.3706 0.0813
Car -1 -1 2.6432 378.8981 172.7408 444.5270 195.6969 1.5388 1.6841 4.1156 -13.7821 1.5312 50.3980 2.3773 0.0809
Car -1 -1 3.4245 226.8897 166.1586 330.4711 199.3225 1.4600 1.5893 3.9982 -14.9809 1.1653 32.8359 2.9993 0.0802
Car -1 -1 4.0748 317.9728 174.3645 368.9093 194.6375 1.5068 1.6303 3.9975 -20.5470 1.6270 55.6701 3.7225 0.0795
Car -1 -1 4.5820 409.9595 169.6988 433.7763 186.5298 1.5341 1.6354 4.2600 -17.7286 1.2465 68.0480 4.3279 0.0771
Car -1 -1 4.7835 515.0081 176.6066 541.9048 199.7657 1.5244 1.5930 3.6322 -5.5788 1.7937 49.9382 4.6724 0.0770
Car -1 -1 4.4594 355.0472 176.0587 388.9689 194.6542 1.4810 1.6916 4.2566 -19.9454 1.7596 60.4868 4.1419 0.0768
Car -1 -1 4.7622 308.2712 193.7200 396.3560 274.1819 1.4897 1.6750 4.1977 -5.8432 2.0399 16.7743 4.4312 0.0765
Car -1 -1 3.8658 0.0000 173.0773 108.3344 242.5285 1.5330 1.6310 3.8626 -14.1563 1.5385 16.8091 3.1736 0.0764
Car -1 -1 2.2332 61.9041 177.6372 179.1095 218.5924 1.4358 1.5618 4.0602 -18.7271 1.6343 27.8651 1.6457 0.0737
Car -1 -1 4.7447 341.1740 175.0825 363.4717 193.3439 1.4450 1.6052 3.9782 -21.2707 1.6362 59.7562 4.4039 0.0735
Car -1 -1 4.3977 460.9935 163.1688 496.1014 184.7565 1.7614 1.7132 4.1902 -11.1331 0.9711 61.1219 4.2180 0.0691
Car -1 -1 1.4297 584.0002 178.4184 610.4017 198.0566 1.5421 1.6250 4.1634 -1.0643 2.0223 60.0810 1.4116 0.0679
Car -1 -1 1.1096 513.7501 178.1568 551.5914 196.5018 1.4734 1.6243 3.9048 -6.5572 1.9387 61.2366 1.0030 0.0675
Car -1 -1 1.3641 466.6479 178.1376 514.0126 210.9443 1.5687 1.6380 3.9582 -6.2197 1.8577 37.3324 1.1997 0.0657
Car -1 -1 3.6497 402.3579 177.2556 511.8920 215.3644 1.4594 1.6112 4.0896 -6.1833 1.6467 29.3263 3.4433 0.0649
Car -1 -1 2.0239 324.3294 173.1217 371.4474 194.6566 1.5338 1.6333 4.1448 -19.3713 1.5545 53.5926 1.6784 0.0647
Car -1 -1 3.3203 370.8323 172.2090 432.7100 194.3377 1.5115 1.6825 3.9078 -14.4456 1.4674 50.3153 3.0418 0.0643
Car -1 -1 4.6466 513.4016 173.3982 537.0279 193.1622 1.5425 1.6463 3.9432 -6.8696 1.5882 58.5167 4.5299 0.0642
Car -1 -1 1.8683 499.7735 174.4892 536.9792 198.0635 1.4706 1.4264 3.5638 -5.9162 1.5817 47.1480 1.7438 0.0620
Car -1 -1 1.9436 0.0000 171.9657 64.4721 252.1764 1.4499 1.5708 3.7020 -13.0232 1.4339 15.0486 1.2389 0.0609
Car -1 -1 4.1528 497.7689 171.1561 542.8461 191.3270 1.6010 1.6777 4.2636 -7.3891 1.4662 59.4519 4.0293 0.0607
Car -1 -1 0.7852 38.8822 177.6702 197.4229 226.9664 1.4214 1.5993 4.1236 -15.0891 1.5776 22.2180 0.1940 0.0599
Car -1 -1 1.1492 24.1894 177.4728 184.7127 248.9004 1.4501 1.6459 3.7367 -11.6059 1.5667 16.5368 0.5447 0.0596
Car -1 -1 4.5324 715.4031 166.7304 766.5620 200.8904 1.4649 1.5926 4.0026 5.9303 1.2023 32.9472 4.7085 0.0591
Car -1 -1 3.3950 413.3058 169.2970 459.1383 185.1378 1.4692 1.6354 3.8998 -16.2565 1.1393 67.7732 3.1602 0.0588
Car -1 -1 5.2941 0.0000 191.8492 61.0412 375.0000 1.4514 1.6332 3.9406 -6.4985 1.6640 5.9730 4.4889 0.0582
Car -1 -1 0.2018 465.5319 177.1890 550.4940 207.6738 1.5379 1.6054 4.1452 -5.2519 1.7694 37.5976 0.0635 0.0566
Car -1 -1 2.5331 0.0000 177.3650 117.0466 223.6354 1.4610 1.5938 3.8841 -19.7017 1.6321 25.2819 1.8761 0.0556
Car -1 -1 3.3815 37.9249 174.5603 172.3130 215.2737 1.4883 1.6301 3.9916 -19.4165 1.5579 27.9687 2.7789 0.0555
Car -1 -1 5.4003 0.0000 175.3425 162.0983 246.6157 1.5393 1.6348 3.8108 -13.0368 1.6070 17.6704 4.7717 0.0554
Car -1 -1 1.6472 540.2497 176.9702 562.3754 195.8408 1.5854 1.6255 4.2372 -5.1070 1.9607 63.6661 1.5671 0.0549