Car -1 -1 4.7280 578.0998 176.9564 614.3231 210.8109 1.5989 1.7390 4.6251 -0.6463 1.8222 36.9529 4.7100 0.8641
Car -1 -1 3.9564 771.4352 161.4697 825.0825 183.1284 1.5029 1.6153 3.7439 13.5780 0.7129 52.0966 4.2098 0.1985
Car -1 -1 1.7859 276.5220 177.5174 317.4001 204.7023 1.6905 1.6616 3.9643 -20.6032 2.0123 47.6938 1.3799 0.1505
Car -1 -1 1.6226 519.8757 172.2559 543.1780 192.6704 1.6487 1.7318 3.9244 -6.4866 1.6004 60.2787 1.5156 0.1346
Car -1 -1 1.3650 717.9274 183.1362 744.3804 199.7152 1.4482 1.6773 3.8658 11.3286 2.4371 67.4300 1.5302 0.1225
Car -1 -1 3.7930 248.6732 178.7044 317.8341 203.9124 1.5767 1.6618 3.8935 -21.2205 1.9676 46.9625 3.3705 0.1081
Car -1 -1 5.0712 690.1293 153.4980 775.4872 202.3011 1.5423 1.6646 3.8159 4.3207 0.9306 24.8697 5.2409 0.1007
Car -1 -1 4.6968 581.7131 190.4499 611.8123 219.0088 1.4637 1.6405 3.7099 -0.7611 2.5139 41.1815 4.6778 0.0936
Car -1 -1 1.5075 750.1199 178.1593 772.6127 196.5683 1.4896 1.6293 3.8929 12.9291 1.9575 61.6031 1.7130 0.0853
Car -1 -1 3.2990 499.1082 174.1173 548.7883 193.4398 1.5569 1.6213 3.8363 -6.9918 1.6620 59.1407 3.1815 0.0810
Car -1 -1 1.9152 268.5448 180.2063 313.9339 204.7699 1.5889 1.6369 3.9141 -21.9435 2.1176 49.8826 1.5025 0.0720
Car -1 -1 4.8324 787.4982 155.0187 820.6783 180.8684 1.6770 1.7125 3.9942 13.2408 0.5199 48.9814 5.0948 0.0717
Car -1 -1 3.9724 713.4100 154.2693 828.5792 205.7377 1.5769 1.6885 3.7108 5.3059 1.0075 24.1356 4.1859 0.0707
Car -1 -1 1.6944 695.9327 158.7519 761.8509 213.2105 1.6036 1.6359 3.8766 3.9339 1.1883 23.3367 1.8589 0.0700
Car -1 -1 1.0629 779.1115 176.1615 820.4200 197.2002 1.5760 1.5308 3.6855 14.8874 1.8448 56.6476 1.3182 0.0697
Car -1 -1 1.3105 727.5637 182.6413 756.6032 197.8547 1.3325 1.7972 3.6100 12.3584 2.2731 67.4752 1.4904 0.0696
Car -1 -1 2.0219 262.6718 176.5419 317.0033 205.1304 1.7302 1.6392 3.8832 -20.3760 1.9761 46.1461 1.6079 0.0689
Car -1 -1 3.7432 746.4813 162.0227 816.5762 185.9125 1.5730 1.7069 4.5283 11.8061 0.8598 49.7596 3.9746 0.0687
Car -1 -1 1.4204 738.1658 160.1507 810.8823 212.2682 1.4655 1.6150 3.7327 4.9804 1.1083 22.2059 1.6377 0.0671
Car -1 -1 -0.5235 785.5641 160.1187 849.0312 182.0970 1.5292 1.6507 4.0745 14.8131 0.6431 51.4972 -0.2450 0.0642
Car -1 -1 4.3475 572.7321 179.2001 629.2125 211.0092 1.5575 1.6287 4.1498 -0.5212 1.9153 38.4475 4.3335 0.0617
Car -1 -1 2.8955 731.8583 153.4543 860.8978 200.9402 1.5368 1.6658 3.8948 6.1875 0.9089 24.1858 3.1427 0.0589
Car -1 -1 4.7964 805.9594 154.6175 837.7072 180.9320 1.7132 1.7339 4.2439 14.5313 0.5259 49.2684 5.0815 0.0573
Car -1 -1 1.1887 757.5356 178.1253 792.6757 197.0240 1.4766 1.6050 3.5392 13.5651 1.9235 59.2957 1.4121 0.0571
Car -1 -1 -0.3809 793.7080 157.7723 867.1248 182.2484 1.6651 1.7481 4.5564 15.3169 0.6391 50.1523 -0.0862 0.0530
Car -1 -1 4.8300 725.7360 152.9027 784.7440 199.4583 1.5268 1.6194 3.9027 5.2685 0.8725 25.7695 5.0291 0.0521