Car -1 -1 1.5778 426.6069 178.8589 450.1127 200.4160 1.5332 1.6711 4.0912 -12.9619 2.0067 54.7133 1.3459 0.5319
Car -1 -1 2.1046 174.2974 181.9007 257.8390 221.1661 1.6333 1.6591 3.7147 -17.7676 2.0679 32.7736 1.6109 0.4758
Car -1 -1 5.0623 168.1494 169.9928 213.4058 192.7182 1.5441 1.6068 3.6353 -29.5135 1.3497 50.9544 4.5394 0.1202
Car -1 -1 3.1940 661.2467 166.6676 744.2808 198.7543 1.5132 1.6368 3.9289 4.5671 1.2214 35.1839 3.3216 0.1163
Car -1 -1 4.4544 659.4758 168.8327 710.7518 200.6805 1.5103 1.6299 3.8224 3.7313 1.3196 36.2314 4.5558 0.1015
Car -1 -1 1.0830 656.0869 171.9731 725.9194 205.8821 1.5144 1.6288 3.9607 3.8045 1.4750 34.3649 1.1918 0.1011
Car -1 -1 1.5710 424.8742 176.5807 449.4687 200.6523 1.6642 1.6837 4.3020 -12.6279 1.9491 52.8783 1.3373 0.0972
Car -1 -1 1.7541 478.5635 178.0073 510.7548 199.7712 1.4841 1.5628 4.1906 -8.2852 1.8729 52.3191 1.5974 0.0887
Car -1 -1 2.0286 150.5272 177.1348 202.4061 201.3459 1.6451 1.6184 3.9142 -30.9925 1.9641 51.7546 1.4911 0.0869
Car -1 -1 3.9003 108.3305 168.3930 189.2313 197.6909 1.6759 1.6369 3.9836 -27.0918 1.4207 42.4603 3.3350 0.0831
Car -1 -1 5.2528 249.5279 194.2291 331.1188 230.2914 1.4529 1.6571 3.9665 -14.7616 2.5098 33.6020 4.8414 0.0806
Car -1 -1 2.1345 98.5767 189.9227 188.2114 225.1582 1.4769 1.6387 4.0689 -22.0043 2.3354 34.2544 1.5668 0.0788
Car -1 -1 0.4128 409.5171 178.6506 465.1692 199.6542 1.5150 1.6050 3.7021 -12.8193 1.9561 53.7833 0.1796 0.0777
Car -1 -1 1.6365 270.9806 188.1899 299.7819 212.1783 1.4844 1.5421 3.7471 -22.0922 2.5744 49.2616 1.2167 0.0721
Car -1 -1 1.2995 133.6159 180.1314 177.5094 203.5828 1.5596 1.6332 3.9762 -32.1959 2.0949 51.1334 0.7397 0.0687
Car -1 -1 3.9530 93.7049 194.3224 185.6815 226.3732 1.4565 1.6279 3.8321 -23.2232 2.5555 35.6954 3.3794 0.0653
Car -1 -1 1.5086 646.7902 173.1077 685.7905 206.7428 1.4981 1.5899 3.8868 2.6299 1.5108 34.1200 1.5844 0.0630
Car -1 -1 1.9548 134.3263 193.4180 200.6486 226.4348 1.4557 1.5862 3.5865 -22.0133 2.5378 36.0718 1.4099 0.0629
Car -1 -1 1.6069 488.1115 178.2996 512.1753 200.1910 1.5379 1.6258 4.0778 -8.1322 1.9604 53.8605 1.4574 0.0594
Car -1 -1 0.6693 146.3500 171.0102 214.7166 192.9482 1.4966 1.5897 3.9675 -29.8709 1.3708 50.2784 0.1354 0.0556
Car -1 -1 1.7336 429.7653 176.9548 462.3877 200.9580 1.6435 1.6351 4.2363 -11.8023 1.9531 52.3058 1.5124 0.0546
Car -1 -1 3.6922 88.0950 161.8776 181.5040 192.4077 1.6606 1.6771 4.0675 -26.3540 1.0636 40.1406 3.1141 0.0533
Car -1 -1 1.7394 477.5682 178.8983 509.1068 201.1478 1.4697 1.5396 3.9772 -8.1302 1.9115 50.7431 1.5810 0.0525
Car -1 -1 1.3576 241.2089 188.4160 280.9696 213.0701 1.4961 1.6349 3.8019 -23.3619 2.5814 48.3160 0.9091 0.0515
Car -1 -1 3.2301 257.4131 194.4194 350.7773 230.2620 1.4720 1.5871 3.7468 -13.6934 2.4843 32.5474 2.8344 0.0509
Car -1 -1 2.1348 268.0328 192.5168 330.5820 219.8794 1.4911 1.6149 4.0637 -19.0626 2.7625 44.5220 1.7320 0.0508
Car -1 -1 2.2069 272.7211 191.4119 360.0239 227.9037 1.4781 1.6360 4.1161 -13.5687 2.4003 33.6586 1.8260 0.0503