Car -1 -1 1.9451 219.6176 194.1121 343.4281 256.8302 1.4421 1.7285 4.0693 -8.9430 2.0941 20.0610 1.5302 0.9613
Car -1 -1 1.6937 425.6052 179.9493 463.0609 210.5709 1.7232 1.7020 4.2382 -9.9762 2.1756 43.8142 1.4707 0.7628
Car -1 -1 4.5938 584.2633 178.6644 614.8228 203.6125 1.5310 1.5758 3.5751 -0.6881 1.9248 47.0293 4.5787 0.6680
Car -1 -1 5.0041 169.3165 187.6417 244.5549 228.0441 1.5442 1.7190 4.1437 -17.4056 2.2329 31.3986 4.5012 0.3677
Car -1 -1 2.1070 215.3461 192.9382 266.8309 217.6105 1.5393 1.5360 3.6076 -25.4113 2.9793 49.8824 1.6376 0.3022
Car -1 -1 1.5698 474.1084 178.3438 492.9359 195.5235 1.5119 1.6709 4.0289 -11.7010 2.0378 66.9892 1.3972 0.2759
Car -1 -1 1.2695 545.5751 177.6303 575.5176 196.0005 1.5170 1.5376 3.7927 -4.2898 1.9456 62.6959 1.2011 0.1913
Car -1 -1 1.7254 384.8651 189.5740 448.0515 234.2447 1.4153 1.6414 3.8170 -6.9588 2.0713 26.3265 1.4689 0.1264
Car -1 -1 1.7830 222.6900 200.3198 272.5689 230.4421 1.4689 1.7409 3.9425 -20.5850 3.1175 41.1844 1.3217 0.1262
Car -1 -1 1.6636 238.3182 193.0003 269.4024 216.4094 1.5000 1.6532 3.7346 -25.4834 3.0027 51.7824 1.2080 0.1230
Car -1 -1 5.1806 116.3633 189.0249 317.8621 285.6245 1.4567 1.6231 4.0192 -7.0992 1.8059 13.5695 4.7061 0.1221
Car -1 -1 1.5252 600.0430 179.7835 623.7450 202.1966 1.6024 1.6141 4.1780 0.1443 2.1512 55.0211 1.5273 0.1163
Car -1 -1 1.5121 433.4531 184.0554 485.1369 227.2871 1.3952 1.6269 3.9343 -5.5774 1.8393 26.4918 1.3060 0.1112
Car -1 -1 4.9743 481.4587 181.7299 522.9818 209.1170 1.5544 1.5990 3.7218 -6.5174 2.1213 44.1496 4.8282 0.1090
Car -1 -1 1.7759 419.5028 182.4117 471.1261 217.5267 1.4103 1.5405 3.3721 -7.1326 1.8514 31.6007 1.5553 0.0999
Car -1 -1 1.7800 452.1107 179.5932 495.0148 209.2028 1.4848 1.5256 3.7315 -7.2814 1.8659 38.9231 1.5958 0.0972
Car -1 -1 1.6609 611.8351 179.8771 636.9658 201.7177 1.5627 1.5660 3.9502 1.1638 2.1179 54.9923 1.6814 0.0903
Car -1 -1 1.5553 587.6547 173.3670 616.3271 201.4655 1.6516 1.6894 4.0901 -0.5009 1.6848 44.5547 1.5437 0.0889
Car -1 -1 1.7621 388.0546 180.2766 451.9521 222.6998 1.4886 1.6481 4.0665 -7.2969 1.7994 28.1259 1.5100 0.0868
Car -1 -1 4.9070 216.4307 187.2136 278.2447 226.1424 1.5140 1.6699 4.0241 -15.8795 2.1902 31.8159 4.4471 0.0817
Car -1 -1 3.0818 426.7377 184.5715 501.5955 211.3517 1.4935 1.6496 4.2578 -8.6281 2.2095 42.7530 2.8834 0.0816
Car -1 -1 2.0078 145.4270 193.9351 235.7077 235.4812 1.4512 1.6782 3.8234 -16.8216 2.3614 29.1808 1.4885 0.0804
Car -1 -1 1.5877 224.6784 195.8591 253.5665 224.7825 1.7109 1.6442 4.1139 -24.8062 3.3246 48.4037 1.1160 0.0787
Car -1 -1 1.6561 480.9979 178.0738 516.8021 207.9373 1.5009 1.5818 3.8253 -5.9186 1.7965 38.9083 1.5057 0.0777
Car -1 -1 0.5676 389.0219 182.2421 460.4380 209.8360 1.5446 1.7071 3.7727 -10.9378 2.1189 42.7416 0.3181 0.0748
Car -1 -1 1.5849 167.0096 201.8944 232.5894 259.0305 1.4743 1.6733 3.9061 -12.9315 2.4806 22.8851 1.0752 0.0726
Car -1 -1 1.6234 498.7612 182.0421 519.8597 202.1015 1.4789 1.4622 3.2886 -7.8189 2.2195 56.4549 1.4860 0.0697
Car -1 -1 3.0417 327.4963 187.8272 446.5957 231.2404 1.4712 1.6766 4.1319 -8.3573 2.0663 27.1066 2.7449 0.0685
Car -1 -1 2.0341 224.6940 192.7943 266.6603 212.3516 1.5111 1.7126 3.6903 -30.8921 3.2579 61.3621 1.5691 0.0659
Car -1 -1 3.1428 526.3218 179.3631 573.9805 197.5861 1.5153 1.6771 4.0071 -5.0743 2.0809 61.7075 3.0606 0.0622
Car -1 -1 1.4963 460.8243 179.5290 503.8657 215.1937 1.4297 1.5799 3.8874 -5.6535 1.7429 31.7801 1.3212 0.0608
Car -1 -1 1.6022 442.3882 178.6473 489.0069 219.3934 1.4503 1.6602 4.0695 -5.5999 1.6958 28.4333 1.4090 0.0604
Car -1 -1 1.7463 570.2634 175.2361 609.5252 203.5993 1.6015 1.6686 4.0362 -1.1269 1.7512 43.2174 1.7199 0.0601
Car -1 -1 3.7463 0.0000 185.6095 266.6284 280.0739 1.4800 1.5777 4.0161 -8.2580 1.7136 12.3719 3.1673 0.0601
Car -1 -1 1.5243 500.1007 181.3913 528.1414 208.0124 1.5888 1.6054 4.0620 -6.1971 2.1653 46.5788 1.3923 0.0594
Car -1 -1 1.2991 220.4404 191.7714 256.0309 210.6856 1.4631 1.7164 3.9776 -31.9007 3.1408 61.9458 0.8250 0.0593
Car -1 -1 1.6584 374.7870 182.7796 435.2472 231.6194 1.4651 1.6202 3.9764 -6.8859 1.8324 24.6011 1.3878 0.0574
Car -1 -1 1.3793 509.5280 180.9095 538.2520 204.6081 1.8630 1.6227 4.1821 -7.2161 2.5633 60.4839 1.2606 0.0574
Car -1 -1 1.7622 635.9113 179.0085 674.2151 205.0092 1.4950 1.6117 4.1394 2.8692 1.8954 44.7376 1.8253 0.0561
Car -1 -1 1.8696 192.2511 199.9272 260.1321 237.0884 1.4492 1.6778 3.8606 -17.5316 2.7710 33.1780 1.3864 0.0558
Car -1 -1 3.1884 417.4715 181.7966 533.7278 222.6627 1.4113 1.6516 4.0709 -4.8529 1.7530 26.4835 3.0084 0.0556
Car -1 -1 5.0609 488.1367 180.9600 530.2352 207.1386 1.6681 1.5829 3.9918 -6.8208 2.2469 49.4057 4.9240 0.0556
Car -1 -1 1.7830 426.6411 182.9880 470.7867 211.8642 1.5653 1.6777 4.2995 -9.4705 2.1964 42.7791 1.5660 0.0552
Car -1 -1 4.9043 474.1982 180.7091 508.9191 206.8933 1.5795 1.5359 3.6447 -7.5578 2.1056 46.4782 4.7435 0.0548
Car -1 -1 3.5321 204.8646 193.0227 270.1458 216.6369 1.5439 1.5851 3.6716 -25.5984 2.9602 49.7265 3.0585 0.0547
Car -1 -1 1.5873 176.5776 202.8021 235.5426 252.7096 1.4430 1.7035 4.0327 -14.2807 2.5985 25.6589 1.0834 0.0545
Car -1 -1 0.4251 451.6496 178.9401 500.1996 195.9246 1.5026 1.5708 4.0811 -12.2116 2.0697 65.9838 0.2425 0.0539
Car -1 -1 2.0890 36.6089 185.1331 280.0208 298.5226 1.4623 1.5951 3.7555 -6.9363 1.6918 11.5999 1.5598 0.0538
Car -1 -1 1.7156 459.1888 179.5694 495.6809 207.1026 1.4707 1.5308 3.7127 -7.5225 1.8730 41.3408 1.5363 0.0535
Car -1 -1 1.7589 214.5797 200.8185 262.0773 231.8235 1.4867 1.7349 3.2418 -20.3369 3.0929 39.6426 1.2872 0.0530
Car -1 -1 2.0470 263.0423 187.8893 328.8549 217.7591 1.4748 1.6513 4.0326 -17.1997 2.3468 39.7770 1.6410 0.0528
Car -1 -1 1.3572 193.8740 195.8253 244.1525 225.6984 1.4613 1.7159 3.7873 -21.8774 2.8098 40.3621 0.8629 0.0527
Car -1 -1 1.4182 471.6202 178.5081 515.6979 210.4967 1.4825 1.6232 3.8063 -5.8669 1.7825 36.2278 1.2583 0.0527
Car -1 -1 1.9635 470.3105 178.1518 504.5890 195.3711 1.4869 1.5925 4.2151 -11.1102 1.9873 65.9126 1.7968 0.0519
Car -1 -1 0.1074 110.0787 187.9943 227.4957 227.7737 1.4846 1.6156 3.9644 -18.0085 2.1405 29.6882 -0.4341 0.0519
Car -1 -1 1.8724 279.6886 182.0866 314.3472 200.8152 1.5228 1.5911 4.2081 -27.2325 2.3567 62.9899 1.4657 0.0515
Car -1 -1 1.6348 485.0915 180.0860 516.7679 207.9805 1.4923 1.5615 3.7389 -6.2099 1.9279 41.5286 1.4869 0.0507
Car -1 -1 1.7382 282.3606 184.9285 317.3991 208.3499 1.5121 1.6187 4.0047 -21.8034 2.4000 50.9218 1.3352 0.0501