Car -1 -1 1.9792 156.8515 182.1863 302.0064 255.1602 1.5275 1.6751 3.9203 -9.0836 1.7815 17.6253 1.5090 0.9389
Car -1 -1 4.7577 587.4698 174.5872 615.3364 199.4375 1.5364 1.6265 4.1811 -0.4917 1.6545 47.0235 4.7468 0.6631
Car -1 -1 4.7500 542.3290 177.7415 569.5874 201.4353 1.5121 1.6866 4.3349 -3.6098 1.8599 49.1505 4.6766 0.4507
Car -1 -1 1.7713 414.3051 173.2637 458.5083 202.4879 1.6694 1.7139 4.5513 -10.3888 1.6955 43.5847 1.5383 0.3658
Car -1 -1 4.4037 401.6605 167.1090 435.7248 188.3208 1.7709 1.6995 4.0496 -16.5368 1.2913 62.4027 4.1455 0.1289
Car -1 -1 2.1357 142.7352 188.2712 200.3668 212.0814 1.5044 1.6022 3.8394 -30.2984 2.6150 50.0361 1.5933 0.1115
Car -1 -1 1.4929 267.1057 190.5980 306.1698 222.0632 1.4552 1.5809 3.7365 -16.8920 2.4312 37.6670 1.0736 0.1095
Car -1 -1 1.5431 287.9250 186.0486 309.7972 205.3897 1.5017 1.5938 3.6299 -26.1606 2.6480 60.7069 1.1375 0.1090
Car -1 -1 1.6359 481.0846 175.9409 513.4512 203.9928 1.4667 1.5330 3.6833 -6.1898 1.6462 40.0471 1.4831 0.1061
Car -1 -1 5.1241 617.2347 172.9826 653.2756 191.8831 1.4977 1.6344 3.6413 2.1404 1.5086 59.1989 5.1597 0.1045
Car -1 -1 2.1160 249.4350 190.2917 315.6920 221.6593 1.4393 1.6462 3.1840 -16.5451 2.3658 36.6577 1.6944 0.0980
Car -1 -1 1.8338 445.1426 179.6774 494.1858 208.5814 1.4541 1.6033 4.1277 -7.5742 1.8469 39.4159 1.6448 0.0968
Car -1 -1 1.7545 370.9648 182.7994 438.1743 230.1663 1.4569 1.5581 3.7422 -6.9943 1.8272 24.9359 1.4833 0.0821
Car -1 -1 1.8304 409.8435 177.6274 485.5185 223.1753 1.4478 1.6153 3.9605 -5.5904 1.6290 25.3720 1.6152 0.0800
Car -1 -1 5.2578 59.3119 182.6902 300.4664 292.1020 1.4984 1.6287 3.9596 -6.9701 1.6928 12.2515 4.7495 0.0779
Car -1 -1 1.7987 459.1803 173.3301 500.0945 200.3247 1.5176 1.5658 3.7274 -7.6067 1.5469 42.5316 1.6224 0.0758
Car -1 -1 3.1572 511.5125 176.2094 573.0237 199.8964 1.5237 1.6589 3.9768 -4.4260 1.7500 47.6715 3.0647 0.0751
Car -1 -1 1.4742 275.3631 181.0690 303.6113 202.2920 1.5682 1.6599 4.1549 -25.4227 2.2452 57.2485 1.0577 0.0710
Car -1 -1 1.5952 586.7360 173.5774 614.3665 199.3695 1.5381 1.6298 4.0636 -0.5254 1.5855 45.1858 1.5831 0.0704
Car -1 -1 1.3970 293.6138 185.6590 342.1927 217.2182 1.4499 1.7311 3.3637 -14.8127 2.1323 36.5648 1.0143 0.0690
Car -1 -1 2.1776 0.0000 198.1583 225.3918 341.3528 1.4363 1.5887 3.5774 -6.8888 1.8377 9.6582 1.5707 0.0677
Car -1 -1 1.7905 400.3404 173.8131 462.5304 212.8564 1.5019 1.6115 4.2192 -7.3106 1.5446 29.9844 1.5529 0.0658
Car -1 -1 1.6052 90.8661 207.0352 167.0324 267.7949 1.4039 1.6863 3.8055 -13.9178 2.4992 21.0582 1.0267 0.0649
Car -1 -1 1.7459 476.6418 180.5981 500.5253 196.8979 1.4553 1.5404 4.1011 -11.4404 2.2119 68.4356 1.5805 0.0641
Car -1 -1 1.3883 135.2418 188.2089 176.4590 211.5579 1.4615 1.6932 4.2074 -31.5186 2.5725 50.0799 0.8288 0.0625
Car -1 -1 1.6223 221.3551 181.8166 250.5644 204.8309 1.5057 1.6163 4.1852 -26.4611 2.1695 51.1922 1.1471 0.0614
Car -1 -1 2.2265 292.8219 184.9745 366.5150 214.8792 1.4340 1.6563 3.8223 -14.7925 2.1128 38.3440 1.8603 0.0602
Car -1 -1 -0.1816 586.3138 174.8220 656.4091 199.2382 1.5111 1.6633 4.2379 0.7298 1.6397 46.0135 -0.1663 0.0594
Car -1 -1 1.7208 480.7494 174.0692 517.2261 202.1424 1.5790 1.5776 3.7811 -6.4862 1.6540 42.6375 1.5704 0.0581
Car -1 -1 2.2132 310.0239 184.0481 384.9242 214.7724 1.4419 1.6265 3.9220 -13.5421 2.0568 37.5161 1.8687 0.0571
Car -1 -1 1.5924 289.0120 180.6645 308.6776 199.2307 1.6512 1.6146 3.6141 -29.1752 2.4067 67.8129 1.1872 0.0566
Car -1 -1 1.9951 237.1432 181.8730 310.0492 215.4895 1.4747 1.6163 4.1350 -16.1159 1.9360 34.8365 1.5644 0.0554
Car -1 -1 1.6641 526.7558 174.9474 559.0082 201.8724 1.6657 1.7163 4.0622 -4.2967 1.8079 46.9872 1.5730 0.0542
Car -1 -1 1.6173 324.8849 182.2217 347.4901 202.4246 1.5681 1.5717 3.9694 -22.7402 2.3761 60.1086 1.2568 0.0539
Car -1 -1 1.6636 447.7687 172.2292 498.5145 210.6024 1.4788 1.6740 4.2144 -5.5917 1.4547 29.9801 1.4803 0.0531
Car -1 -1 2.2911 418.4364 181.1098 491.8948 212.0602 1.5062 1.6110 3.9459 -8.1400 1.9693 38.3564 2.0829 0.0530
Car -1 -1 1.7983 152.2182 196.6410 214.0759 233.4342 1.4364 1.6001 3.7524 -19.3095 2.5853 32.8211 1.2698 0.0528
Car -1 -1 1.4719 641.3472 177.7900 673.0233 203.4783 1.5076 1.5848 3.9837 2.9364 1.8302 45.1400 1.5360 0.0522
Car -1 -1 1.6861 204.5509 181.0528 237.5012 205.4084 1.5406 1.5124 4.0670 -26.4813 2.1251 49.2699 1.1949 0.0513
Car -1 -1 1.9285 218.3956 179.2115 274.8964 206.5976 1.4575 1.5515 4.1060 -20.7950 1.8420 41.5096 1.4664 0.0507
Car -1 -1 1.6558 287.3605 189.8404 325.9427 220.8071 1.4682 1.5609 4.0166 -16.1972 2.4304 38.7194 1.2616 0.0506
Car -1 -1 3.9919 585.5091 175.5024 633.3728 196.1679 1.6109 1.6358 4.0494 -0.0421 1.8344 58.8329 3.9908 0.0503