Car -1 -1 1.9996 234.4796 190.6527 318.1792 230.8919 1.4825 1.6497 4.0481 -13.9228 2.2824 30.4009 1.5730 0.9230
Car -1 -1 1.6220 223.3655 188.6922 255.3939 214.8880 1.5218 1.6345 3.7123 -23.7593 2.5848 46.3983 1.1508 0.2191
Car -1 -1 4.7153 718.2117 169.2634 742.7018 193.9038 1.6608 1.6326 3.8425 8.4900 1.4188 50.6642 4.8801 0.1808
Car -1 -1 4.7841 241.9374 186.5920 268.3518 208.2465 1.5612 1.5965 3.5613 -27.6898 2.6731 56.4452 4.3296 0.1679
Car -1 -1 1.5660 225.2600 197.0705 260.3813 227.2250 1.5086 1.7376 4.0760 -21.2711 2.9876 41.8574 1.0981 0.1649
Car -1 -1 3.9753 186.0874 189.6787 253.2078 215.5319 1.5098 1.6965 3.6628 -24.5176 2.6011 45.3864 3.4822 0.1428
Car -1 -1 4.1035 202.5373 186.5419 251.2320 207.4228 1.6009 1.6828 3.7453 -31.3103 2.7511 59.0290 3.6174 0.1267
Car -1 -1 1.9568 219.1801 190.1740 270.5552 216.4895 1.5042 1.6412 3.6323 -22.9740 2.6434 45.5859 1.4920 0.0859
Car -1 -1 3.4760 209.7910 190.5520 278.0893 216.1243 1.5212 1.6110 3.4948 -22.9422 2.6593 45.3718 3.0099 0.0854
Car -1 -1 1.4536 179.7281 189.4696 219.1782 216.5523 1.4930 1.6722 3.8922 -25.2500 2.5623 44.3729 0.9386 0.0767
Car -1 -1 1.5412 217.5367 201.9651 258.5225 235.8680 1.4169 1.7030 3.8048 -18.4692 2.9451 35.7994 1.0675 0.0675
Car -1 -1 5.2651 240.4781 186.9207 287.4694 208.8458 1.5685 1.5701 3.7120 -26.7754 2.6983 56.0231 4.8208 0.0657
Car -1 -1 0.7151 222.2014 199.9427 294.9886 229.3271 1.5000 1.7771 3.3267 -19.6829 3.0694 40.5093 0.2650 0.0654
Car -1 -1 1.9464 220.2294 197.6485 319.1148 248.8549 1.4776 1.6564 4.1812 -11.6400 2.4107 25.0207 1.5145 0.0648
Car -1 -1 -0.4333 230.1809 189.2830 304.3003 215.6627 1.4966 1.6505 3.8857 -21.5227 2.5779 45.4693 -0.8735 0.0643
Car -1 -1 4.4889 701.8727 170.1731 738.0241 193.7919 1.5729 1.6291 3.9939 7.6170 1.3944 50.1036 4.6385 0.0641
Car -1 -1 2.1332 223.3811 198.8153 288.0392 228.1526 1.4814 1.7523 3.4638 -20.2645 3.0390 41.4700 1.6809 0.0635
Car -1 -1 5.3779 231.2553 189.5059 295.9196 215.2440 1.4867 1.6392 3.9938 -22.2458 2.6103 46.5596 4.9341 0.0630
Car -1 -1 1.8404 268.2323 186.1926 334.5109 224.4535 1.5719 1.7276 4.2820 -14.1783 2.2313 33.4349 1.4418 0.0610
Car -1 -1 1.8659 206.7282 199.7204 259.6534 230.2731 1.5066 1.7612 3.1998 -20.9890 3.0739 40.3599 1.3887 0.0597
Car -1 -1 -0.2704 721.4927 169.9526 784.5999 192.8310 1.5315 1.6498 3.9277 9.7692 1.3373 49.2733 -0.0762 0.0585
Car -1 -1 3.0156 237.9818 195.9808 323.0238 226.3466 1.5183 1.7374 4.1834 -18.5449 2.8820 40.7102 2.5902 0.0582
Car -1 -1 2.1228 254.6020 186.1328 316.1083 213.6845 1.5644 1.6402 4.0048 -20.1758 2.4326 45.0806 1.7039 0.0571
Car -1 -1 1.2534 188.3624 198.5956 245.7705 229.3491 1.5125 1.7390 3.8400 -22.1677 3.0341 40.7018 0.7571 0.0571
Car -1 -1 1.4610 183.3676 199.8831 233.2588 234.8067 1.4465 1.7179 3.9026 -19.6179 2.8438 35.2095 0.9555 0.0562
Car -1 -1 1.1236 228.6926 192.9378 308.8209 228.7408 1.4949 1.7437 4.3880 -16.3357 2.5126 34.5019 0.6840 0.0557
Car -1 -1 1.8748 201.5266 191.2164 251.7584 218.4563 1.5026 1.6567 3.8442 -23.5937 2.6894 44.5918 1.3903 0.0553
Car -1 -1 1.5082 226.6812 189.3104 263.5757 218.2566 1.5464 1.7266 4.1372 -21.9016 2.5845 43.2946 1.0420 0.0541
Car -1 -1 5.2814 296.1214 193.1612 375.5443 227.4372 1.4502 1.6597 4.1296 -13.2968 2.5059 35.3179 4.9233 0.0536
Car -1 -1 2.3955 223.2762 198.7700 318.2406 232.1444 1.4165 1.7834 4.2675 -17.0446 2.8116 36.5286 1.9613 0.0519
Car -1 -1 1.4698 201.9170 199.9527 254.2335 237.3396 1.4363 1.7282 3.9460 -17.4462 2.7523 32.9177 0.9854 0.0513