Car -1 -1 4.3803 418.1765 193.3099 543.8917 272.8509 1.4245 1.5777 3.8104 -2.9649 1.9368 16.0223 4.1993 0.9697
Car -1 -1 1.2673 937.1060 169.9825 1098.6348 244.4946 1.3664 1.6744 4.5709 8.5782 1.3137 15.6340 1.7608 0.9203
Car -1 -1 4.5057 310.4768 185.0387 372.0959 223.9806 1.3946 1.6002 3.7392 -10.8708 1.9200 29.1049 4.1509 0.9194
Car -1 -1 1.5087 851.0354 166.9571 930.5176 235.6812 1.4498 1.5055 3.4195 6.5536 1.3254 17.0772 1.8689 0.9138
Car -1 -1 0.4518 1053.5547 155.9199 1242.0000 226.1150 1.4682 1.6288 3.8876 13.0282 1.1140 17.1921 1.0919 0.8728
Car -1 -1 4.1232 548.3732 156.0107 869.7438 355.3655 1.9386 1.8447 4.5507 0.9551 1.7748 9.4572 4.2190 0.7374
Car -1 -1 1.6477 110.0926 187.7491 154.6817 220.8091 1.5946 1.6975 3.7373 -25.5248 2.4356 38.6920 1.0675 0.6865
Car -1 -1 1.7291 0.0000 199.5609 64.8121 303.4813 1.4144 1.5343 3.5836 -10.8270 1.9577 12.7459 1.0351 0.6064
Car -1 -1 3.4193 492.6615 172.6480 583.8036 207.5860 1.5109 1.5981 3.7693 -3.1673 1.5020 32.3263 3.3219 0.5850
Car -1 -1 4.8853 0.0000 214.1194 35.3826 375.0000 1.4584 1.6160 4.2199 -8.2085 2.0812 8.6771 4.1429 0.4547
Car -1 -1 4.6946 276.2031 179.8272 298.5064 199.4548 1.5197 1.6139 3.9789 -26.6074 2.1158 59.5334 4.2757 0.3291
Car -1 -1 4.5405 856.6089 163.1723 884.5520 182.9690 1.7049 1.6749 3.9829 23.2002 0.8711 64.2449 4.8854 0.3278
Car -1 -1 4.7984 304.7827 181.2654 348.6216 214.6297 1.4472 1.6210 3.5922 -13.3608 1.8691 34.2332 4.4285 0.3263
Car -1 -1 1.5303 53.9763 194.7588 91.7126 224.3604 1.5327 1.6315 3.7275 -31.4356 2.8742 42.2276 0.8932 0.2469
Car -1 -1 4.8746 0.0000 193.3587 52.2089 227.2602 1.4998 1.6317 3.5757 -29.3408 2.5855 36.2468 4.1975 0.2039
Car -1 -1 1.4038 338.0275 177.6895 369.4648 198.5267 1.4787 1.5941 3.9804 -19.2872 1.8570 54.3177 1.0639 0.1953
Car -1 -1 4.3547 476.0035 165.7036 517.8765 189.7863 1.6588 1.6736 4.0128 -8.1328 1.1663 51.8570 4.1996 0.1943
Car -1 -1 4.9312 485.8524 173.2090 533.6487 204.8762 1.4971 1.5784 3.7820 -4.9343 1.5159 36.1067 4.7960 0.1749
Car -1 -1 1.3585 344.3597 175.0062 387.4847 202.0406 1.5183 1.6090 4.1174 -14.5772 1.6532 43.0508 1.0336 0.1517
Car -1 -1 2.8704 837.1345 149.4526 919.1886 176.4551 1.5440 1.6338 4.2171 15.6696 0.2059 42.2436 3.2234 0.1414
Car -1 -1 1.7388 0.0000 191.5506 51.1575 228.6692 1.5006 1.5625 3.7141 -27.0061 2.4124 33.1878 1.0595 0.1329
Car -1 -1 1.7063 420.6744 182.4956 447.4162 201.9160 1.4761 1.6115 3.8191 -14.2648 2.2883 58.7933 1.4690 0.1307
Car -1 -1 2.8099 1114.3120 133.9679 1242.0000 172.6764 1.5495 1.6213 4.0035 23.8262 -0.0078 30.3121 3.4716 0.1250
Car -1 -1 4.8662 0.0000 213.6476 45.8300 375.0000 1.4570 1.6670 4.2811 -8.9955 2.1413 9.8515 4.1396 0.1203
Car -1 -1 4.6768 0.0000 217.7302 169.9980 375.0000 1.4732 1.6062 3.7312 -6.9464 2.1854 9.4820 4.0575 0.1189
Car -1 -1 1.7010 61.5498 190.2393 97.8787 215.3987 1.5293 1.4910 3.7214 -35.6385 2.7483 48.6003 1.0707 0.1132
Car -1 -1 3.3736 834.6958 148.8414 956.2839 190.9166 1.5474 1.6186 4.1912 11.2070 0.6643 28.3922 3.7459 0.1072
Car -1 -1 0.4088 321.7177 178.6287 381.4603 199.2933 1.4908 1.5492 3.8714 -19.0867 1.9258 53.4596 0.0672 0.1052
Car -1 -1 3.9323 707.8194 153.7276 767.4810 180.8850 1.7156 1.6833 3.8069 8.4098 0.5073 47.6251 4.1059 0.1029
Car -1 -1 4.3478 830.6290 145.4457 883.5654 174.1097 1.6402 1.6642 4.0427 14.7957 0.0719 43.3399 4.6747 0.1027
Car -1 -1 0.3412 1059.1617 121.0839 1242.0000 176.9975 1.4565 1.6805 4.2907 15.8250 0.1079 21.0450 0.9796 0.1022
Car -1 -1 1.6961 0.0000 188.3933 41.8668 218.3446 1.4573 1.5839 3.8221 -32.1579 2.3468 39.2637 1.0131 0.1021
Car -1 -1 4.6712 487.8250 175.7186 522.2187 206.9296 1.5600 1.6566 3.8332 -5.6155 1.7208 38.4746 4.5268 0.0927
Car -1 -1 0.1402 440.1862 174.5292 532.8045 208.9378 1.5219 1.6194 3.9677 -5.5489 1.6001 32.8580 -0.0262 0.0920
Car -1 -1 4.7903 0.0000 190.8903 49.8566 225.9421 1.4912 1.6574 4.0643 -28.3910 2.4210 35.0504 4.1130 0.0884
Car -1 -1 0.4095 263.7303 180.3329 318.3363 199.5948 1.5402 1.6003 3.7683 -26.0731 2.1615 59.1311 -0.0044 0.0883
Car -1 -1 2.5204 849.2926 162.9581 901.3262 180.2553 1.4814 1.6315 4.0879 23.2421 0.6339 63.1282 2.8716 0.0860
Car -1 -1 3.4883 433.2129 180.3510 518.1591 211.0125 1.5304 1.6336 4.0506 -6.9686 1.9340 37.7088 3.3064 0.0854
Car -1 -1 1.1533 845.0551 163.0526 883.8278 181.2075 1.5421 1.6362 4.2219 22.3614 0.7095 63.4572 1.4905 0.0828
Car -1 -1 4.8312 355.4197 178.5458 384.4886 199.5884 1.5045 1.6363 3.9078 -18.1530 1.9531 54.7911 4.5125 0.0826
Car -1 -1 4.4888 488.9428 165.3761 525.7127 188.9590 1.5945 1.7137 4.0612 -7.2649 1.0889 50.9886 4.3477 0.0810
Car -1 -1 3.3808 448.5836 173.3697 532.3018 204.9735 1.4942 1.6064 3.7417 -5.7549 1.5200 35.0902 3.2190 0.0804
Car -1 -1 -0.7096 621.9581 152.8595 689.6216 182.0674 1.8328 1.7065 4.3658 3.0584 0.5781 47.2714 -0.6456 0.0797
Car -1 -1 2.2287 79.6603 183.2864 165.2351 214.1055 1.5819 1.6923 4.3446 -27.3973 2.2035 40.7677 1.6398 0.0778
Car -1 -1 1.7120 270.0095 179.4372 299.5556 200.0772 1.5528 1.5697 4.2879 -26.0653 2.1028 58.0114 1.2912 0.0774
Car -1 -1 4.5227 342.2948 182.6484 388.4352 213.4676 1.4877 1.6213 3.8483 -12.9763 2.0347 38.2217 4.1971 0.0770
Car -1 -1 -0.4481 487.6119 165.7566 545.9653 184.1340 1.5586 1.7251 4.7970 -8.1051 0.9566 63.2214 -0.5753 0.0755
Car -1 -1 -0.7680 990.0779 134.8284 1143.2816 185.1535 1.5781 1.6445 4.3851 15.0964 0.3857 23.8871 -0.2098 0.0745
Car -1 -1 1.4729 112.0145 186.6531 153.4966 214.2405 1.4808 1.6801 4.0463 -28.4008 2.3420 42.9330 0.8911 0.0740
Car -1 -1 3.3109 482.0858 177.7843 565.1424 207.7961 1.3995 1.5233 3.7722 -4.1055 1.6430 34.7868 3.1938 0.0737
Car -1 -1 1.7015 338.9705 178.5940 369.7196 200.6977 1.5220 1.5937 4.1608 -18.7087 1.9613 53.0254 1.3636 0.0717
Car -1 -1 1.7447 480.9675 176.6772 528.3026 208.9396 1.4278 1.5597 3.9881 -4.9419 1.6209 34.4283 1.6027 0.0700
Car -1 -1 1.8401 327.5497 174.7925 368.3104 200.0249 1.6978 1.6636 4.1190 -18.4299 1.8405 50.9920 1.4947 0.0693
Car -1 -1 4.9314 25.6018 190.1598 88.2266 224.1998 1.5078 1.6710 3.9083 -27.6696 2.4281 36.2460 4.2828 0.0691
Car -1 -1 0.3778 268.0412 179.5607 360.3420 212.6077 1.4722 1.5845 3.6088 -13.5699 1.7890 33.2748 -0.0070 0.0675
Car -1 -1 1.6971 48.0192 193.7573 93.7700 223.1421 1.4823 1.6473 3.4866 -30.5902 2.7274 41.0570 1.0597 0.0673
Car -1 -1 1.7319 267.5741 177.4490 300.3535 200.1385 1.6782 1.6722 4.2553 -25.4706 2.0528 56.5587 1.3103 0.0673
Car -1 -1 1.9541 172.9730 183.6868 239.0192 216.0654 1.5494 1.6162 4.0862 -21.1987 2.1529 38.0755 1.4488 0.0667
Car -1 -1 -0.6271 1067.7607 126.5496 1242.0000 178.6794 1.4731 1.6856 4.5149 16.3172 0.1646 21.2789 0.0208 0.0654
Car -1 -1 -0.6360 1163.2778 129.7482 1242.0000 188.0034 1.4669 1.6087 3.9489 17.3436 0.3815 19.1517 0.0925 0.0632
Car -1 -1 -0.2660 296.8260 181.2951 392.5467 215.5438 1.4670 1.6047 3.8964 -12.2893 1.8804 33.5619 -0.6149 0.0619
Car -1 -1 2.1350 0.0000 189.8443 53.6178 226.6198 1.5117 1.6630 4.0884 -28.2231 2.3570 33.7652 1.4425 0.0616
Car -1 -1 4.0175 676.2139 153.1457 739.4247 181.4268 1.6043 1.6312 3.8660 5.8033 0.4863 43.0012 4.1506 0.0600
Car -1 -1 2.1575 446.8215 172.7249 526.3278 208.3811 1.5488 1.6304 4.1154 -5.6337 1.5431 33.5516 1.9920 0.0599
Car -1 -1 4.5719 1163.5861 125.3457 1242.0000 184.5551 1.4658 1.6710 4.2742 16.7855 0.2897 20.1220 5.2603 0.0598
Car -1 -1 1.2079 842.0510 151.9827 896.3220 181.0714 1.6005 1.6827 3.8372 14.9100 0.4521 41.6355 1.5495 0.0598
Car -1 -1 1.3201 407.2191 180.2516 439.8754 199.5992 1.4488 1.5998 3.9625 -14.9244 2.0628 57.7728 1.0680 0.0575