Car -1 -1 -0.3421 720.1804 187.9353 925.3723 266.8905 1.4681 1.6000 3.6797 4.2450 1.7944 14.6900 -0.0672 0.9680
Car -1 -1 3.4944 122.6599 182.2086 351.7653 257.0389 1.4901 1.5873 4.1160 -7.9072 1.7059 15.6342 3.0326 0.9314
Car -1 -1 3.3763 224.2048 177.3944 374.2171 231.8111 1.4673 1.5596 3.6867 -8.7935 1.6043 20.7025 2.9789 0.8019
Car -1 -1 0.6331 0.0000 187.1633 251.1168 303.8698 1.5341 1.6143 3.8091 -7.5408 1.7602 10.5467 0.0241 0.7559
Car -1 -1 2.3229 1028.2040 179.5035 1242.0000 375.0000 1.4658 1.6048 3.8028 4.5727 1.5085 3.7912 3.1635 0.6452
Car -1 -1 -0.2739 694.6435 186.0869 862.2148 254.9678 1.5113 1.5820 3.5564 3.9109 1.8403 17.0554 -0.0532 0.6227
Car -1 -1 3.8788 0.0000 191.6923 143.0007 348.0953 1.4893 1.6479 3.9303 -7.6266 1.7183 7.9233 3.1292 0.6029
Car -1 -1 4.6333 461.1578 176.5165 489.7233 200.7364 1.7034 1.7715 4.0446 -9.9952 1.9865 53.5894 4.4494 0.5894
Car -1 -1 0.2350 266.4646 170.7684 399.6626 221.8293 1.5706 1.4504 3.7518 -8.7818 1.5065 23.1461 -0.1242 0.4972
Car -1 -1 3.5113 166.2167 180.2721 354.5658 242.0764 1.4560 1.5337 3.9722 -8.6507 1.6516 18.1202 3.0713 0.3010
Car -1 -1 1.6616 888.2225 181.6515 924.4396 209.8497 1.5013 1.6058 3.8544 17.2238 2.0363 41.7943 2.0495 0.2952
Car -1 -1 -1.2163 1016.8043 187.1730 1089.2679 221.3967 1.4567 1.6294 4.0624 21.0510 2.1731 34.1992 -0.6689 0.2300
Car -1 -1 3.3581 301.2754 160.7354 402.5490 201.8728 1.6228 1.6356 3.6284 -10.4600 1.1448 29.4961 3.0198 0.1986
Car -1 -1 1.4098 1075.9254 182.8534 1117.0160 207.5466 1.4952 1.6264 3.8770 31.9901 2.1825 47.4938 1.9992 0.1946
Car -1 -1 0.5740 1030.7179 182.8320 1242.0000 375.0000 1.4547 1.5808 3.7865 3.7039 1.5210 2.8162 1.4450 0.1719
Car -1 -1 4.1435 1134.9139 185.2124 1234.9768 224.1591 1.5178 1.6063 3.7546 24.8250 2.0872 31.2999 4.8089 0.1688
Car -1 -1 0.9055 963.2663 185.9971 1020.7669 209.5421 1.5122 1.5827 3.7343 26.7174 2.4687 50.5319 1.3889 0.1542
Car -1 -1 4.8104 266.2478 166.3076 293.0304 187.2331 1.6822 1.6532 3.8408 -27.4364 1.1559 60.0882 4.3835 0.1338
Car -1 -1 4.8164 342.8636 159.3800 393.4090 202.0938 1.6838 1.6404 3.5725 -10.0921 1.1526 30.3630 4.4978 0.1305
Car -1 -1 4.5689 692.3041 187.0818 778.9625 257.4006 1.5120 1.6092 3.5731 3.0450 1.9034 18.0464 4.7323 0.1261
Car -1 -1 1.7941 878.2798 183.4731 927.7039 214.2994 1.5726 1.6837 4.2460 16.5404 2.2024 40.5657 2.1782 0.1164
Car -1 -1 1.6042 962.5024 177.2092 984.8585 197.9898 1.7400 1.6262 4.2936 32.1408 2.1379 63.6439 2.0696 0.1085
Car -1 -1 1.4705 1140.5227 188.3957 1199.2112 227.4531 1.5402 1.6651 3.8601 24.9116 2.2784 32.1888 2.1241 0.1053
Car -1 -1 4.8633 864.9081 192.7519 919.6492 233.4545 1.4696 1.5998 3.6079 11.7729 2.3492 29.9331 5.2338 0.1009
Car -1 -1 2.2498 0.0000 171.2762 86.3624 215.7021 1.4276 1.5122 3.4255 -20.0631 1.3769 24.9039 1.5768 0.1003
Car -1 -1 2.5286 156.9889 173.3469 244.9743 204.0367 1.5564 1.6340 3.8741 -21.8623 1.5843 38.7583 2.0178 0.0931
Car -1 -1 1.7087 133.3133 180.3862 166.6058 202.4905 1.4766 1.4839 3.8617 -32.8655 2.0375 51.6712 1.1443 0.0889
Car -1 -1 1.3121 785.0161 176.4969 859.1057 221.0306 1.4592 1.5781 3.9308 7.5398 1.6002 25.9465 1.5913 0.0877
Car -1 -1 1.1274 1007.9185 188.9622 1088.9816 225.4691 1.4877 1.6874 3.8155 20.0412 2.2715 33.1306 1.6669 0.0867
Car -1 -1 4.8858 129.9548 164.7015 170.9117 190.6334 1.6439 1.6380 3.8606 -30.3795 1.1271 47.8362 4.3223 0.0865
Car -1 -1 2.2588 0.0000 190.7649 147.4153 375.0000 1.4483 1.5872 3.4086 -6.5693 1.6736 7.3569 1.5477 0.0799
Car -1 -1 4.8817 287.2638 167.9637 356.8203 216.6569 1.4899 1.5393 3.6205 -9.4726 1.3402 24.0052 4.5093 0.0789
Car -1 -1 2.2267 0.0000 185.8628 201.0837 323.7943 1.5154 1.6305 3.9379 -7.7839 1.7367 10.2870 1.5912 0.0788
Car -1 -1 2.4814 1075.3555 184.9399 1150.1620 209.2840 1.5126 1.6781 3.7307 32.5361 2.3108 46.7082 3.0863 0.0786
Car -1 -1 1.3734 958.4744 179.4284 987.1582 196.7107 1.4838 1.5330 4.2097 33.1215 2.1043 65.8773 1.8371 0.0786
Car -1 -1 3.1085 639.8191 175.1510 724.5943 206.8518 1.5726 1.6730 4.2194 3.6780 1.6931 36.9055 3.2065 0.0770
Car -1 -1 4.2465 181.9201 166.0878 249.8031 196.6961 1.6395 1.6697 4.1416 -22.1298 1.2770 40.5149 3.7491 0.0737
Car -1 -1 1.2381 0.0000 171.1439 49.9424 215.6333 1.4163 1.5566 3.7272 -20.8494 1.3619 24.5965 0.5403 0.0714
Car -1 -1 2.4952 91.4513 180.0150 560.6501 375.0000 1.4611 1.5992 3.9948 -2.3500 1.5509 6.9582 2.1797 0.0699
Car -1 -1 3.5103 223.8003 178.7314 399.0888 243.3543 1.5040 1.6198 3.6517 -7.2441 1.6556 17.7784 3.1282 0.0678
Car -1 -1 4.7557 694.4655 178.0661 728.7327 209.6475 1.5275 1.6071 3.7306 5.3480 1.8129 37.5332 4.8956 0.0672
Car -1 -1 4.4341 827.3906 191.5150 894.0573 231.4778 1.4670 1.6212 3.8757 10.4589 2.3019 30.3083 4.7626 0.0656
Car -1 -1 4.1813 986.0526 186.9094 1065.9390 221.1174 1.4726 1.5735 3.8347 19.8491 2.1837 34.5744 4.6982 0.0647
Car -1 -1 2.3711 162.5202 179.2965 345.2467 247.9946 1.4368 1.5601 4.0426 -8.5017 1.6138 17.6633 1.9280 0.0632
Car -1 -1 -0.7379 287.2960 192.0332 558.9440 321.6828 1.4730 1.5814 3.8589 -2.5858 1.8153 10.8384 -0.9678 0.0631
Car -1 -1 1.1407 966.0515 191.6566 1033.0251 221.2587 1.4304 1.6896 4.0196 21.2728 2.5143 39.5355 1.6306 0.0612
Car -1 -1 0.9042 1024.0778 190.3697 1127.4122 228.5100 1.4850 1.6899 4.0791 20.6321 2.3167 32.1487 1.4699 0.0610
Car -1 -1 4.2223 943.0911 183.4878 1242.0000 375.0000 1.4493 1.6356 3.8628 3.7267 1.5506 4.8491 4.8478 0.0591
Car -1 -1 4.4183 267.6243 195.5811 425.5661 303.5299 1.4537 1.5879 3.5526 -4.6269 1.9045 12.4125 4.0677 0.0581
Car -1 -1 1.9427 0.0000 138.5701 135.1892 375.0000 1.4850 1.6532 3.9953 -4.5561 1.3646 4.6960 1.2005 0.0577
Car -1 -1 5.1332 112.6602 173.3937 202.6390 214.4518 1.5099 1.5871 3.7972 -17.7721 1.5328 28.5735 4.5808 0.0562
Car -1 -1 1.1847 866.8846 182.6682 924.9537 211.6699 1.5197 1.6631 4.0601 16.2819 2.1082 41.2301 1.5578 0.0561
Car -1 -1 1.4280 1131.9333 187.0485 1180.4891 215.6329 1.4467 1.6409 3.7603 30.6828 2.2854 40.5897 2.0712 0.0557
Car -1 -1 5.1371 272.2727 174.8803 378.9940 230.0271 1.5714 1.5846 4.0367 -8.8156 1.6411 22.7728 4.7712 0.0549
Car -1 -1 2.6794 1145.3099 175.0852 1242.0000 260.2537 1.4870 1.6051 3.9543 13.0369 1.5342 13.9795 3.4190 0.0546
Car -1 -1 -0.5786 1091.4242 184.0417 1171.0592 208.5349 1.5011 1.6909 3.8123 33.2021 2.2286 45.9925 0.0431 0.0545
Car -1 -1 1.2418 942.0801 178.0365 977.4691 196.2542 1.5321 1.6213 3.9503 30.9688 2.0059 63.9080 1.6908 0.0530
Car -1 -1 0.7284 1132.7448 190.1189 1242.0000 235.2515 1.4662 1.6123 3.7452 21.8786 2.1582 26.9362 1.4046 0.0525
Car -1 -1 3.3895 91.0841 181.3477 187.9289 212.6092 1.5010 1.5627 3.8636 -23.8429 1.9495 36.7389 2.8170 0.0524
Car -1 -1 5.1510 471.0548 168.4578 506.9696 188.0976 1.5987 1.5806 3.6410 -10.1030 1.2409 60.7007 4.9865 0.0522
Car -1 -1 4.2222 953.6873 185.8172 1030.1992 218.9379 1.4666 1.6362 3.9613 18.7054 2.1400 35.4935 4.7032 0.0521
Car -1 -1 2.7099 1201.8008 185.1326 1242.0000 232.4393 1.4998 1.6536 4.2711 23.5463 1.9512 25.0774 3.4575 0.0518
Car -1 -1 3.5967 0.0000 0.0000 1242.0000 375.0000 1.5047 1.6257 4.0423 3.1005 1.4489 1.6155 4.6147 0.0515
Car -1 -1 2.6339 976.3149 187.4756 1077.6021 220.8614 1.5206 1.6006 3.8967 19.8449 2.2344 34.4047 3.1528 0.0515
Car -1 -1 4.0935 1150.3828 188.5698 1242.0000 227.0338 1.4998 1.7014 3.8906 26.0272 2.2350 31.7588 4.7749 0.0515
Car -1 -1 2.2889 0.0000 187.8788 139.5001 375.0000 1.4671 1.6521 3.9960 -7.2638 1.6734 7.9031 1.5623 0.0512
Car -1 -1 1.3664 1219.4410 191.3144 1242.0000 250.3226 1.4505 1.6253 3.9405 19.3824 2.0460 21.1675 2.1003 0.0511
Car -1 -1 1.4544 460.9655 177.9130 489.7240 200.4721 1.5329 1.6069 3.8038 -9.7052 1.9120 52.0059 1.2705 0.0509
Car -1 -1 3.5550 0.0000 183.5769 171.8156 310.9462 1.5138 1.6234 3.9630 -8.6288 1.6840 10.1258 2.8621 0.0508
Car -1 -1 3.7775 621.9048 175.6808 706.2753 206.5318 1.4839 1.6314 4.1608 2.7564 1.6368 37.0413 3.8507 0.0507