Car -1 -1 4.9348 419.8240 169.5359 501.9424 221.8226 1.6165 1.7642 4.5110 -4.8600 1.1317 24.5039 4.7408 0.9421
Car -1 -1 4.7294 570.6182 174.3200 616.2880 216.3648 1.5884 1.7253 3.5494 -0.5212 1.1767 28.9326 4.7111 0.9000
Car -1 -1 4.9103 392.7813 174.9686 443.9304 207.2189 1.4586 1.5889 4.1231 -9.0182 0.9952 34.6147 4.6571 0.8077
Car -1 -1 1.6955 482.3777 176.9453 523.9974 207.7798 1.4924 1.6182 3.9752 -5.2655 1.0921 36.7943 1.5540 0.7015
Car -1 -1 5.0690 113.8816 108.8828 410.4820 322.4105 2.1301 1.7906 4.8730 -4.1172 1.3686 9.6394 4.6752 0.6784
Car -1 -1 2.3781 0.0000 0.0000 220.9030 376.0000 1.8764 1.7042 4.1472 -4.4085 1.1495 4.3950 1.6222 0.4965
Car -1 -1 4.6730 537.6031 173.6086 558.7710 192.3470 1.5114 1.6027 4.0728 -4.9614 0.5752 60.0991 4.5906 0.2038
Car -1 -1 3.6788 0.0000 127.9956 326.4506 300.6132 1.6905 1.6474 3.9826 -5.4140 1.1301 7.9515 3.0970 0.1710
Car -1 -1 0.1229 394.3693 175.2316 492.9055 208.2893 1.4954 1.6594 4.3100 -7.5633 1.0438 33.5541 -0.0974 0.1399
Car -1 -1 4.7259 513.6774 163.8893 540.6215 191.6616 1.7610 1.7012 3.7831 -5.2650 0.4087 47.5456 4.6160 0.1063
Car -1 -1 1.5586 473.8347 189.2968 516.5300 227.9458 1.4640 1.6310 3.8116 -4.6420 1.6439 29.6700 1.4043 0.0835
Car -1 -1 4.8262 64.5289 112.6934 279.8461 305.3509 1.7530 1.6295 4.0498 -4.9520 1.0931 8.7235 4.3233 0.0718
Car -1 -1 1.5482 482.2499 176.0673 518.5275 209.8840 1.5566 1.6592 3.9384 -5.2678 1.1355 35.1700 1.4002 0.0703
Car -1 -1 1.6735 311.1426 212.5025 422.0436 307.3350 1.4560 1.6459 4.0341 -4.6584 2.0843 14.4119 1.3656 0.0677
Car -1 -1 5.3773 0.0000 55.3310 228.4904 376.0000 1.7582 1.7007 4.3027 -4.8771 1.1417 5.5864 4.6838 0.0658
Car -1 -1 3.2988 495.9286 163.0102 553.9204 189.0519 1.6576 1.6584 3.5227 -5.3100 0.2442 46.6634 3.1859 0.0636
Car -1 -1 1.5173 497.7780 188.4422 541.5637 226.8147 1.4756 1.6064 3.8954 -3.7124 1.6197 30.0471 1.3950 0.0583
Car -1 -1 0.3363 0.0000 0.0000 167.8780 376.0000 2.0114 1.7065 3.9523 -4.6778 1.1164 3.8125 -0.5154 0.0549
Car -1 -1 3.2187 440.3126 179.2653 521.7896 210.8885 1.5176 1.6069 3.8453 -6.1702 1.2321 35.4797 3.0474 0.0543
Car -1 -1 4.2514 0.0000 37.4617 148.7132 372.4371 1.7912 1.6852 4.0701 -5.6696 1.0011 5.2745 3.4560 0.0527
Car -1 -1 1.6509 317.5143 212.4561 413.9871 293.9492 1.4058 1.6692 3.9995 -5.2196 2.0919 15.9678 1.3393 0.0501