Car -1 -1 3.1208 430.7924 169.6635 515.3327 202.9714 1.5467 1.6420 3.9042 -6.5591 1.3985 34.7096 2.9350 0.8637
Car -1 -1 5.2095 0.0000 165.6397 36.7382 199.5334 2.0114 1.6721 3.5618 -37.4965 1.5833 44.7292 4.5146 0.5666
Car -1 -1 0.9154 906.3672 163.4338 964.9891 186.5204 1.5837 1.6702 4.0926 23.2861 0.9375 51.6820 1.3364 0.4972
Car -1 -1 4.5559 710.0318 169.2261 742.7042 192.1152 1.5347 1.6572 3.8812 8.1022 1.2914 50.3199 4.7143 0.4704
Car -1 -1 4.3722 948.4818 167.3520 991.4462 189.8259 1.6017 1.5988 3.9927 26.6623 1.2096 53.5023 4.8321 0.3187
Car -1 -1 1.7708 98.9099 170.4528 142.4573 195.1057 1.5996 1.6490 4.1373 -33.1626 1.4438 49.0443 1.1786 0.3060
Car -1 -1 2.3353 0.0000 174.5557 82.7048 208.1738 1.5189 1.6089 4.0261 -27.8738 1.6061 34.8893 1.6649 0.2542
Car -1 -1 3.9245 977.4731 160.4412 1035.6315 182.5589 1.5956 1.6675 3.7211 29.6885 0.7001 54.0723 4.4243 0.2515
Car -1 -1 1.1703 731.3265 167.0717 776.0427 188.9939 1.5032 1.6707 4.0852 10.2597 1.1067 51.6472 1.3650 0.2299
Car -1 -1 4.2345 838.9821 157.9379 921.0518 194.0820 1.5578 1.7235 4.3587 12.3910 0.9149 33.3690 4.5869 0.1872
Car -1 -1 4.8040 57.2509 170.2215 103.2339 201.5255 1.5611 1.6028 3.7271 -27.8075 1.4298 37.9931 4.1754 0.1781
Car -1 -1 1.3239 0.0000 181.5785 35.0482 215.2330 1.4617 1.6407 4.1225 -28.9364 1.8977 34.1807 0.6252 0.1657
Car -1 -1 4.2574 740.7738 162.7193 786.9836 188.8060 1.6546 1.6099 3.4867 10.1435 1.0118 47.6509 4.4657 0.1606
Car -1 -1 3.7431 601.3843 160.4267 661.5538 185.2148 1.6489 1.6482 3.9038 1.4923 0.8222 49.8129 3.7726 0.1559
Car -1 -1 5.2214 57.0052 173.8496 115.3613 197.7379 1.5667 1.7059 3.5562 -35.7159 1.6374 49.3426 4.5973 0.1493
Car -1 -1 4.5560 817.6342 170.1805 844.5354 188.5008 1.5030 1.5847 3.9129 18.7643 1.2837 61.2420 4.8517 0.1459
Car -1 -1 0.0300 775.2377 173.7281 836.8444 195.3525 1.5340 1.6799 4.2790 14.3553 1.5996 52.7238 0.2941 0.1401
Car -1 -1 4.9120 355.5024 161.0044 395.6218 189.4083 1.6365 1.6289 3.4815 -14.0216 0.9538 43.3921 4.6010 0.1257
Car -1 -1 1.1869 1060.3859 166.1482 1106.7617 186.2074 1.5096 1.6323 4.0243 37.0042 1.0049 56.4315 1.7647 0.1231
Car -1 -1 2.8588 840.3701 158.3178 936.0626 192.8606 1.4847 1.6297 3.6427 12.2840 0.8599 31.9721 3.2223 0.1227
Car -1 -1 1.0852 422.4317 175.3049 464.1518 193.7135 1.4973 1.6122 4.3641 -14.1921 1.7134 61.4473 0.8589 0.1218
Car -1 -1 4.6926 459.4876 160.7204 501.9138 200.2146 1.5125 1.6089 3.8775 -5.3366 1.0478 29.6915 4.5160 0.1214
Car -1 -1 2.2326 0.0000 179.4326 40.1607 215.8025 1.4795 1.5956 4.0248 -27.6832 1.7912 32.1389 1.5255 0.1171
Car -1 -1 4.7320 430.2118 163.5517 462.2061 191.3508 1.4787 1.6642 4.3787 -9.1609 0.9839 40.6909 4.5117 0.1062
Car -1 -1 1.4282 688.0315 171.4465 717.0279 194.5740 1.6486 1.5791 3.9364 6.8431 1.5483 53.4135 1.5546 0.1031
Car -1 -1 -0.5727 789.2357 165.1875 850.2110 187.4132 1.5135 1.5539 3.8688 14.6822 0.9914 50.4346 -0.2912 0.1029
Car -1 -1 4.0719 768.0011 164.1042 824.5266 186.9971 1.5638 1.7150 4.2330 13.2805 0.9661 51.5707 4.3223 0.0992
Car -1 -1 1.6999 700.4539 175.8882 727.4570 196.7222 1.5536 1.6064 3.9012 8.2073 1.8000 56.5101 1.8430 0.0974
Car -1 -1 4.8943 348.3385 160.5723 392.9012 191.7558 1.6953 1.6976 4.1162 -13.6370 1.0276 41.3810 4.5777 0.0972
Car -1 -1 0.4411 1.5681 168.8297 103.4779 199.7243 1.5250 1.6064 3.7922 -28.3262 1.3264 36.7996 -0.2116 0.0956
Car -1 -1 1.2555 702.4315 169.6727 743.6659 193.2498 1.5391 1.6166 3.9753 7.6851 1.3314 49.1926 1.4092 0.0945
Car -1 -1 3.3490 308.4748 160.6945 389.3624 188.8101 1.6113 1.6551 4.2241 -15.2754 0.9145 42.4588 3.0054 0.0910
Car -1 -1 2.5705 1045.8059 165.0817 1113.0762 184.2421 1.4492 1.5878 4.1251 36.0227 0.8613 55.3728 3.1447 0.0893
Car -1 -1 1.8974 91.3789 173.3722 143.9314 197.7178 1.5363 1.6154 4.1689 -32.5410 1.5723 47.8507 1.3026 0.0874
Car -1 -1 -0.2755 699.5234 168.1987 762.4893 190.9901 1.5419 1.6568 3.9893 8.3653 1.2269 49.8560 -0.1105 0.0852
Car -1 -1 4.3814 432.4336 163.8958 481.9467 193.1928 1.6277 1.6500 3.9153 -8.9525 1.1300 42.1902 4.1733 0.0801
Car -1 -1 3.6378 306.4053 164.6807 387.0849 193.5788 1.5560 1.6204 3.8959 -14.5199 1.1159 39.9417 3.2910 0.0778
Car -1 -1 4.2159 1031.1866 164.9875 1081.6138 184.3700 1.4536 1.6073 4.0190 34.7094 0.8637 56.1628 4.7670 0.0769
Car -1 -1 -0.2490 1063.5000 166.8503 1130.3151 186.3931 1.4605 1.6014 3.9729 37.3156 1.0119 55.3445 0.3416 0.0760
Car -1 -1 -0.6696 921.8793 163.9005 987.1106 185.7105 1.4992 1.6199 4.0101 24.2871 0.8837 50.8360 -0.2263 0.0752
Car -1 -1 2.0934 66.0449 171.4331 129.1968 195.9558 1.5956 1.6895 4.0614 -34.7067 1.5031 49.0458 1.4800 0.0730
Car -1 -1 3.2651 0.0000 170.6934 83.0818 204.9650 1.6054 1.7108 4.2425 -28.7059 1.5042 35.6390 2.5905 0.0728
Car -1 -1 4.7707 593.0117 157.6931 619.3519 181.7406 1.7085 1.7080 4.1401 -0.2130 0.6313 53.3751 4.7665 0.0718
Car -1 -1 5.0795 81.1693 170.9401 140.3733 201.3384 1.7607 1.6419 3.9516 -30.2643 1.6499 43.9052 4.4787 0.0718
Car -1 -1 2.0516 13.1040 172.0921 99.8798 206.6491 1.5768 1.6651 4.0038 -26.7276 1.5420 35.0348 1.4034 0.0707
Car -1 -1 2.7652 695.0228 169.8692 756.2957 192.9153 1.5250 1.5997 3.7792 7.8581 1.3275 48.9347 2.9232 0.0706
Car -1 -1 0.6461 581.8369 173.5780 644.5218 196.4749 1.4572 1.6158 3.9909 0.2157 1.5071 47.8890 0.6502 0.0704
Car -1 -1 -0.5015 868.5077 161.5798 981.1908 198.4576 1.5090 1.6125 4.1002 13.2891 1.0477 30.5208 -0.0946 0.0675
Car -1 -1 4.9407 441.0965 174.8262 470.5686 193.0431 1.4933 1.6138 3.8976 -13.0710 1.6668 61.5358 4.7320 0.0672
Car -1 -1 0.9834 1070.2234 167.5119 1127.7035 187.6250 1.5044 1.6589 4.1597 37.9357 1.1048 56.0518 1.5757 0.0664
Car -1 -1 4.9198 0.0000 162.0921 20.2355 197.1336 2.0048 1.7922 4.2815 -37.2563 1.3891 43.5908 4.2155 0.0659
Car -1 -1 4.0684 1044.4237 165.6897 1100.6748 184.8399 1.4363 1.5668 4.0409 35.9813 0.8990 56.1930 4.6354 0.0639
Car -1 -1 1.6169 688.3139 172.8941 708.2043 191.2982 1.6378 1.6268 4.2218 8.1942 1.6416 66.4384 1.7388 0.0637
Car -1 -1 3.8219 103.8098 172.6897 176.1939 195.0524 1.5044 1.6298 4.0464 -32.2243 1.4933 49.5629 3.2477 0.0624
Car -1 -1 4.3581 881.4816 154.7025 926.2830 179.6824 1.7142 1.6415 4.0804 20.9747 0.4686 51.5768 4.7423 0.0619
Car -1 -1 4.5868 972.8284 170.2256 1003.0836 191.1208 1.6072 1.6374 4.0406 30.2027 1.4051 57.6785 5.0668 0.0619
Car -1 -1 2.0021 0.0000 178.0088 57.4729 214.4755 1.5455 1.6918 4.1002 -27.5381 1.7998 33.3979 1.3164 0.0593
Car -1 -1 0.6487 427.4662 175.1985 477.4092 193.4715 1.4832 1.5701 3.9456 -13.1797 1.6848 60.5052 0.4348 0.0581
Car -1 -1 4.1667 31.5500 175.4671 96.2735 198.3488 1.4835 1.6337 4.0255 -36.7744 1.6651 48.6294 3.5217 0.0578
Car -1 -1 4.6342 867.3213 164.2690 894.6437 185.6959 1.5690 1.6383 3.8905 20.6243 0.9404 54.9322 4.9914 0.0561
Car -1 -1 -0.5393 937.0362 166.4045 1001.8229 188.7471 1.6220 1.5991 4.0400 26.5740 1.1538 53.3380 -0.0795 0.0559
Car -1 -1 4.7890 144.9964 169.5562 178.3342 194.3921 1.6675 1.6787 3.9250 -31.3436 1.4461 50.5724 4.2364 0.0558
Car -1 -1 4.5176 1038.2966 156.9152 1077.1705 181.9801 1.7031 1.6416 3.6894 31.6494 0.6201 51.0413 5.0700 0.0557
Car -1 -1 0.9334 63.8681 172.1312 133.0437 196.1758 1.5724 1.6878 4.1240 -34.4424 1.5251 48.6336 0.3196 0.0557
Car -1 -1 -0.2247 897.4368 163.3347 969.8495 187.4545 1.7140 1.7618 4.5321 23.5488 1.0375 52.5742 0.1941 0.0527
Car -1 -1 4.6671 631.6680 159.1158 657.6534 183.2606 1.6197 1.6344 3.8138 2.4132 0.6981 50.3118 4.7145 0.0524
Car -1 -1 3.0439 864.7880 164.0084 928.0826 184.8010 1.5082 1.6199 4.2355 21.2889 0.8666 53.6948 3.4193 0.0519
Car -1 -1 2.2666 59.0926 173.2531 134.3011 199.5612 1.6077 1.6510 4.1450 -32.7987 1.6345 46.2905 1.6527 0.0511
Car -1 -1 4.2098 0.0000 164.5668 29.5491 194.8456 1.8328 1.7606 4.3733 -38.7890 1.3312 45.2746 3.5042 0.0508