Car -1 -1 2.1275 122.3538 189.2581 223.4718 232.7310 1.4876 1.6230 3.7077 -16.7982 2.1660 27.9710 1.5906 0.9756
Car -1 -1 1.6558 107.7736 184.6671 148.0218 214.6880 1.5794 1.6058 3.7084 -27.6843 2.2927 41.5557 1.0709 0.3430
Car -1 -1 2.1937 63.0515 189.1545 154.8065 224.6909 1.4962 1.5831 3.8878 -23.5648 2.3118 34.1395 1.5930 0.1963
Car -1 -1 1.7503 195.9251 181.5206 238.0732 207.8577 1.4689 1.5679 3.8462 -23.7024 2.0184 43.6770 1.2554 0.1961
Car -1 -1 4.4755 165.4977 182.6767 214.2951 209.7341 1.4711 1.6164 3.9630 -24.8454 2.0790 42.6664 3.9507 0.1195
Car -1 -1 5.1173 122.0516 179.5877 183.8425 208.0256 1.5170 1.6079 3.8346 -26.1540 1.9228 41.4651 4.5573 0.1073
Car -1 -1 4.7401 137.8155 202.7700 213.0043 266.3533 1.4298 1.6542 3.6719 -12.0072 2.3473 20.1212 4.2075 0.1041
Car -1 -1 1.8418 166.7587 193.6958 228.8857 227.7790 1.4384 1.7000 3.5244 -19.7232 2.4963 34.7078 1.3281 0.0827
Car -1 -1 1.9813 156.9442 177.5350 222.7077 206.9405 1.5442 1.6728 4.1653 -23.6024 1.8226 40.7429 1.4588 0.0759
Car -1 -1 4.2193 66.7200 185.5279 138.4346 215.1893 1.5441 1.6592 3.8971 -28.5099 2.2851 40.5655 3.6096 0.0755
Car -1 -1 1.9265 110.6188 204.3675 232.6349 270.5208 1.4173 1.6377 3.3924 -11.3795 2.3264 19.0017 1.3927 0.0751
Car -1 -1 1.8779 454.5780 177.3161 482.8501 193.3168 1.4475 1.5485 3.8041 -13.3078 1.8825 68.3555 1.6860 0.0722
Car -1 -1 1.8712 163.5546 203.3742 273.7995 266.8293 1.4633 1.6806 3.8280 -11.0223 2.4222 20.6334 1.3855 0.0687
Car -1 -1 -0.0498 199.7990 202.0427 350.3182 263.1375 1.4593 1.6909 3.7172 -9.3961 2.3484 20.3729 -0.4775 0.0608
Car -1 -1 2.1309 34.2457 188.3392 128.8799 225.0670 1.4650 1.6075 3.8702 -23.6058 2.2037 32.4364 1.5055 0.0573
Car -1 -1 1.6656 220.0439 193.8309 265.4415 226.4787 1.4335 1.6834 3.6216 -18.3583 2.5448 36.2346 1.1992 0.0552
Car -1 -1 3.3250 584.2917 167.2067 631.7360 186.3567 1.6242 1.6615 3.8624 -0.1182 1.1453 62.3633 3.3228 0.0540
Car -1 -1 1.7911 50.4871 197.9147 130.2970 242.8638 1.4834 1.6888 4.0236 -20.3329 2.5465 28.4264 1.1744 0.0537
Car -1 -1 1.1667 32.9273 187.3139 114.2757 222.0285 1.4702 1.6241 3.9824 -25.0418 2.1796 33.6894 0.5311 0.0512
Car -1 -1 1.7831 96.8643 181.8123 149.9803 211.8574 1.5325 1.6446 3.9524 -27.0196 2.0585 40.2201 1.1945 0.0502