Car -1 -1 1.8066 419.8509 188.6384 479.9019 228.7655 1.4190 1.5338 3.5557 -6.2829 2.0865 28.7209 1.5926 0.9412
Car -1 -1 1.4276 648.6398 173.3817 698.4924 208.5831 1.4781 1.6531 4.0948 2.8099 1.5034 32.4527 1.5127 0.8803
Car -1 -1 5.1431 144.7524 197.1908 223.0276 232.2636 1.4868 1.7718 4.0831 -20.9138 2.7605 35.6450 4.6154 0.8686
Car -1 -1 1.7706 453.3259 187.3968 502.2743 220.1602 1.3934 1.5532 3.8285 -6.2046 2.1242 34.3301 1.5926 0.8567
Car -1 -1 4.9087 201.1665 198.5035 258.1080 233.4899 1.4730 1.7400 3.9212 -18.6723 2.8149 35.6212 4.4286 0.6290
Car -1 -1 4.5813 826.3610 164.5681 854.6703 185.1602 1.5800 1.6363 3.9464 18.3480 0.9443 57.4494 4.8888 0.6064
Car -1 -1 2.3149 0.0000 225.1802 145.5855 375.0000 1.4350 1.5738 3.5191 -5.9744 2.0195 6.2962 1.5767 0.5079
Car -1 -1 5.3328 49.8459 205.8658 140.8097 240.3948 1.4677 1.7683 3.9358 -25.8307 3.2242 36.4175 4.7191 0.4294
Car -1 -1 5.2695 101.3286 202.0664 178.8249 236.5581 1.5057 1.6326 3.5400 -23.5231 3.0475 36.2992 4.6975 0.3789
Car -1 -1 5.0131 486.1657 185.2347 531.1677 212.7939 1.4900 1.5999 3.7428 -5.9260 2.2577 42.7631 4.8757 0.3432
Car -1 -1 1.5892 520.7381 184.4569 541.7155 205.8521 1.4897 1.4962 3.6095 -5.8490 2.3901 54.1260 1.4816 0.3128
Car -1 -1 0.6000 48.2468 204.0932 149.3343 238.6429 1.5696 1.6996 3.7215 -24.8745 3.1324 35.2252 -0.0116 0.2856
Car -1 -1 3.7634 0.0000 221.6732 140.2691 375.0000 1.5087 1.6387 4.0721 -7.1100 2.0527 6.9089 2.9830 0.2856
Car -1 -1 1.4822 529.6168 182.7462 552.9277 202.4767 1.5014 1.5641 3.7948 -5.6049 2.3369 58.9289 1.3874 0.2228
Car -1 -1 2.0660 1113.6407 153.8580 1178.7649 180.1004 1.5502 1.6341 3.7200 32.8412 0.4281 44.1531 2.7023 0.2219
Car -1 -1 1.1865 439.4213 176.5105 479.6911 197.4841 1.4646 1.5782 3.8418 -11.0776 1.7441 53.1296 0.9816 0.2090
Car -1 -1 3.7218 453.6227 185.3865 524.4740 212.4214 1.4712 1.6438 3.8093 -7.0481 2.2305 42.1943 3.5568 0.2000
Car -1 -1 4.4301 1087.1224 144.7758 1145.3843 175.2098 1.7072 1.7042 4.2044 29.9221 0.1322 42.7396 5.0377 0.1827
Car -1 -1 4.9101 200.4572 188.7913 247.9099 216.4635 1.4037 1.6232 4.0061 -21.9503 2.3619 41.2298 4.4232 0.1750
Car -1 -1 4.3914 625.3677 162.7502 660.2658 185.3973 1.8282 1.7081 4.1079 2.7444 1.0126 60.4563 4.4363 0.1695
Car -1 -1 2.1963 0.0000 205.6249 55.9561 237.7614 1.4326 1.8049 3.3067 -30.7640 3.2063 37.3472 1.5105 0.1636
Car -1 -1 4.8363 251.7033 188.5234 292.2390 216.4855 1.4291 1.6137 4.0059 -19.3302 2.3759 41.4443 4.4020 0.1500
Car -1 -1 1.7314 498.1487 183.9572 530.7562 207.7254 1.4743 1.5708 3.8836 -6.3571 2.2518 48.5573 1.6014 0.1349
Car -1 -1 3.9766 20.6853 203.6698 111.1452 240.1271 1.6354 1.6514 3.4724 -26.6754 3.1980 35.4439 3.3348 0.1297
Car -1 -1 4.4516 802.7082 160.8081 845.0966 188.2440 1.7531 1.7079 4.0793 14.2475 0.9834 48.1648 4.7374 0.1284
Car -1 -1 5.2127 0.0000 218.8694 192.4624 375.0000 1.4191 1.5483 3.5542 -5.9686 2.0223 7.5865 4.5628 0.1257
Car -1 -1 1.9249 99.1596 203.4452 171.0486 237.6434 1.4694 1.7719 4.0596 -24.2664 3.1332 37.0684 1.3483 0.1254
Car -1 -1 2.2212 467.0732 185.1917 529.4858 214.4067 1.5162 1.6414 3.6432 -6.2899 2.2534 41.1220 2.0699 0.1249
Car -1 -1 4.1181 986.0803 144.9545 1052.1151 177.6743 1.8565 1.6887 3.5676 24.2070 0.2735 42.7864 4.6300 0.1219
Car -1 -1 1.8122 635.4991 173.6127 685.5428 207.3981 1.6778 1.6927 4.1655 2.7559 1.7203 38.1742 1.8832 0.1204
Car -1 -1 -0.0153 709.0032 151.7985 784.3917 179.4489 1.5538 1.6213 4.1991 7.8930 0.3706 41.7019 0.1704 0.1200
Car -1 -1 5.1143 737.7296 163.8645 773.7729 182.8925 1.5869 1.6457 3.9254 12.6431 0.8372 62.2584 5.3135 0.1107
Car -1 -1 0.8010 0.0000 205.3030 66.7247 235.9076 1.4948 1.7403 3.4506 -31.3438 3.2786 38.5916 0.1221 0.1100
Car -1 -1 1.6169 625.2330 179.4403 648.1329 200.2668 1.4835 1.5576 3.8424 2.0829 2.0003 54.6285 1.6544 0.1082
Car -1 -1 4.7262 726.2178 150.5886 755.9623 180.7032 1.6950 1.6536 3.7052 7.7848 0.4418 42.5896 4.9056 0.1042
Car -1 -1 1.7556 526.9255 183.7428 557.7565 205.0901 1.4893 1.6147 3.9614 -5.0343 2.3423 54.4745 1.6634 0.1010
Car -1 -1 -0.6304 814.8172 162.9477 871.3487 184.3106 1.7578 1.7285 4.3584 19.6963 0.9427 60.8739 -0.3190 0.0967
Car -1 -1 1.3678 492.0715 185.4292 524.9794 207.0231 1.4612 1.6473 3.9672 -7.5230 2.4304 53.4663 1.2282 0.0939
Car -1 -1 1.7848 197.5828 189.2577 247.7162 218.6408 1.4456 1.6316 3.9627 -21.3768 2.4034 40.0030 1.2965 0.0939
Car -1 -1 1.3870 515.2968 182.7954 549.3972 206.7314 1.5795 1.6592 4.4042 -5.5991 2.3270 51.9094 1.2796 0.0927
Car -1 -1 1.9043 26.6698 204.1920 91.4332 236.1293 1.5010 1.6700 3.8905 -30.5434 3.3367 40.1565 1.2570 0.0925
Car -1 -1 1.7307 247.4413 185.3019 291.5443 215.6005 1.5231 1.6181 3.7741 -18.7811 2.2480 39.9809 1.2938 0.0916
Car -1 -1 -0.0744 808.5917 163.0576 875.6546 188.2037 1.5836 1.6636 4.0157 14.9980 0.9667 46.7156 0.2342 0.0912
Car -1 -1 1.7809 402.4641 180.7455 440.4909 206.4353 1.5304 1.5888 3.7871 -11.9641 2.0556 46.0926 1.5280 0.0906
Car -1 -1 1.2208 469.9137 182.5535 514.2112 205.8661 1.4357 1.6503 4.0266 -7.9219 2.1153 48.3929 1.0589 0.0846
Car -1 -1 4.9438 685.0614 172.6078 714.6863 192.0215 1.6028 1.6270 4.0722 7.7641 1.5825 61.7620 5.0679 0.0841
Car -1 -1 2.1832 57.4508 202.4708 143.3526 238.9700 1.5648 1.6777 3.6360 -25.0902 3.1053 35.7090 1.5740 0.0811
Car -1 -1 -0.5237 636.5058 167.3748 694.8685 187.6883 1.6494 1.7182 4.6293 4.7045 1.2045 60.3610 -0.4466 0.0810
Car -1 -1 -0.9431 1086.2551 147.1636 1165.8972 175.5084 1.6589 1.6930 4.3631 31.2963 0.1553 43.7269 -0.3250 0.0797
Car -1 -1 2.7108 1094.7802 146.8073 1194.6896 174.9708 1.5733 1.6621 4.3242 30.7372 0.1183 41.5573 3.3444 0.0795
Car -1 -1 1.2390 797.9486 168.6059 881.6675 218.2179 1.5814 1.6026 3.7209 7.8340 1.4460 24.8833 1.5401 0.0795
Car -1 -1 1.4715 427.2237 180.6649 450.1844 198.7840 1.4864 1.5822 3.8146 -14.9497 2.1911 63.0302 1.2392 0.0790
Car -1 -1 1.4205 382.5150 190.1127 432.3376 225.1278 1.4634 1.6976 4.1620 -9.7506 2.3451 34.6151 1.1474 0.0783
Car -1 -1 4.8757 48.8583 204.1088 107.7648 239.2702 1.4895 1.7555 4.0898 -26.9568 3.1770 36.7357 4.2458 0.0780
Car -1 -1 1.4236 509.0906 181.4700 539.2933 203.2491 1.5397 1.6813 4.2574 -6.5555 2.2246 55.0836 1.3053 0.0776
Car -1 -1 0.2041 209.8843 186.3401 294.2812 215.7233 1.5312 1.6201 3.9483 -19.7676 2.3037 40.0500 -0.2521 0.0772
Car -1 -1 0.5040 502.9789 184.2131 556.5811 206.0857 1.5414 1.5687 3.6680 -5.9433 2.4102 53.7593 0.3939 0.0728
Car -1 -1 4.9880 454.3564 175.5637 502.6971 204.3684 1.5089 1.6481 3.8801 -7.2362 1.6674 40.1879 4.8106 0.0714
Car -1 -1 3.6078 0.0000 225.7812 172.9067 375.0000 1.4562 1.6255 3.9291 -6.2053 2.0098 6.1917 2.8427 0.0700
Car -1 -1 3.0412 421.3546 177.6901 476.9044 199.6677 1.5212 1.5977 3.7585 -11.5419 1.8779 51.8807 2.8230 0.0698
Car -1 -1 1.1359 814.0074 89.8260 1242.0000 370.1991 1.6538 1.6697 3.7850 3.0967 1.1641 6.1582 1.5824 0.0682
Car -1 -1 2.3506 930.6928 120.2117 1165.1122 213.4437 1.5289 1.5606 3.5997 7.8771 0.6656 13.0453 2.8840 0.0663
Car -1 -1 1.6190 688.2706 175.4130 710.4745 195.2594 1.5099 1.5743 3.7984 7.1737 1.7207 57.4173 1.7423 0.0661
Car -1 -1 1.7297 455.0739 177.5609 483.1285 198.1509 1.5884 1.5827 4.2803 -11.4077 1.9863 58.8181 1.5386 0.0657
Car -1 -1 1.8893 183.2997 196.5954 255.1354 238.5324 1.6796 1.7003 4.1787 -18.0663 2.8577 33.5979 1.3989 0.0639
Car -1 -1 3.7781 41.4829 206.1610 146.7613 239.0125 1.5158 1.7424 4.0408 -25.6964 3.2223 36.0559 3.1622 0.0623
Car -1 -1 4.4600 816.5072 162.7519 859.4771 188.2200 1.5917 1.7024 4.0784 14.8729 0.9603 47.1738 4.7634 0.0622
Car -1 -1 2.0890 0.0000 214.6359 132.5108 375.0000 1.4887 1.6171 4.2687 -5.3138 1.9296 5.3487 1.3316 0.0615