Car -1 -1 2.0548 608.8143 186.9414 730.1779 246.9705 1.4433 1.6488 4.2811 1.8294 1.8903 20.6493 2.1409 0.9517
Car -1 -1 2.5756 79.3462 182.5582 426.7061 322.8258 1.5022 1.6288 4.1570 -4.7362 1.6690 10.2147 2.1506 0.9500
Car -1 -1 4.7960 949.6109 182.7415 1030.8927 250.4687 1.6015 1.6623 4.0080 10.5291 1.9024 19.8230 5.2773 0.9046
Car -1 -1 1.8674 774.5919 182.9853 843.1309 220.0865 1.4314 1.6671 4.3947 8.7392 1.9045 31.3964 2.1358 0.9027
Car -1 -1 1.7678 838.5818 182.6373 887.9226 213.5451 1.4905 1.6697 4.3852 13.6122 2.0449 38.5726 2.1041 0.8051
Car -1 -1 4.6631 1015.5977 185.6720 1057.3439 216.7003 1.4471 1.6557 4.0510 22.2019 2.1543 37.6308 5.1922 0.7575
Car -1 -1 1.8299 891.4107 181.6989 929.3464 204.3377 1.5067 1.5619 3.9137 21.5557 2.1645 51.6348 2.2229 0.5654
Car -1 -1 2.0887 595.3998 178.4447 641.1736 206.0870 1.9859 1.6688 4.1071 0.7071 2.4284 54.9173 2.1010 0.2561
Car -1 -1 1.6706 838.6561 177.3612 886.8610 212.6621 1.4805 1.6820 4.2300 11.6725 1.7016 33.1142 2.0062 0.1757
Car -1 -1 5.2272 708.3618 179.5711 747.5209 199.7517 1.5664 1.6131 3.5896 9.7336 2.1351 59.1786 5.3889 0.1757
Car -1 -1 1.6296 586.5115 189.3912 624.0873 222.1996 1.4446 1.6325 4.0363 -0.1606 2.3147 35.9051 1.6244 0.1437
Car -1 -1 1.9051 700.8387 187.7248 740.1830 210.0222 1.5041 1.7290 3.8282 8.2718 2.6513 53.5646 2.0569 0.1408
Car -1 -1 3.2068 720.6917 195.0272 791.3488 226.1697 1.4640 1.7135 3.4507 7.5317 2.6407 37.0136 3.4051 0.1375
Car -1 -1 1.6040 348.0807 212.4055 429.2603 287.9344 1.3970 1.6972 3.9032 -5.3067 2.4797 17.6504 1.3152 0.1055
Car -1 -1 1.6465 704.4927 189.9931 734.8528 215.5836 1.4800 1.6462 4.0880 7.1833 2.6438 46.8209 1.7971 0.1036
Car -1 -1 2.0830 595.0905 184.0384 644.7627 208.1293 1.5275 1.6136 4.1496 0.7660 2.3365 49.9905 2.0977 0.1015
Car -1 -1 1.5508 1020.7021 180.9948 1064.8135 217.8488 1.6462 1.7534 4.2832 21.2671 2.0731 35.5394 2.0858 0.0950
Car -1 -1 2.4920 64.7723 198.7540 480.9297 375.0000 1.4685 1.6183 3.9333 -3.3450 1.8298 7.9595 2.1049 0.0949
Car -1 -1 2.7047 195.4136 178.0925 327.8238 219.7779 1.4506 1.7038 4.2838 -13.3296 1.6687 27.8530 2.2617 0.0937
Car -1 -1 1.6459 892.1013 180.2870 928.4000 209.1397 1.5369 1.6487 4.0255 17.4215 1.9890 41.7187 2.0385 0.0868
Car -1 -1 1.7437 872.9152 173.6217 926.4915 207.6159 1.4162 1.5773 3.9277 13.0105 1.4527 32.2388 2.1237 0.0844
Car -1 -1 1.4968 1024.1013 189.0747 1106.9324 249.7065 1.4868 1.6991 4.3024 13.2808 2.0157 21.2254 2.0490 0.0836
Car -1 -1 1.4594 869.5226 183.5343 903.7709 209.5381 1.4859 1.5755 3.6664 17.1657 2.1786 44.8215 1.8224 0.0803
Car -1 -1 0.8530 670.6154 189.2238 729.3318 215.0325 1.4772 1.6903 3.6849 5.7006 2.5624 45.8340 0.9753 0.0741
Car -1 -1 1.4852 717.6392 195.5769 769.2121 238.3473 1.4257 1.6433 3.5317 5.0986 2.3600 27.8347 1.6636 0.0730
Car -1 -1 1.1974 722.7164 195.9295 779.3983 228.2168 1.4193 1.7007 3.2316 6.9946 2.6249 35.9545 1.3871 0.0726
Car -1 -1 0.2709 761.7176 189.7972 850.6664 222.2914 1.4734 1.7044 4.0095 9.8747 2.3670 36.2998 0.5337 0.0721
Car -1 -1 1.4957 413.8327 207.4176 499.1362 284.7364 1.4458 1.7264 4.0112 -3.8327 2.3926 17.5983 1.2833 0.0705
Car -1 -1 2.5813 251.3149 177.8256 371.4816 216.2280 1.4182 1.7400 4.2561 -12.0725 1.6366 29.4604 2.1952 0.0687
Car -1 -1 1.6391 920.3343 184.4665 950.9738 207.7596 1.4867 1.6784 4.3141 22.9188 2.3387 50.6408 2.0613 0.0674
Car -1 -1 1.6870 748.2305 179.9533 777.8274 203.1348 1.6029 1.6832 4.1179 11.4077 2.1509 53.4710 1.8956 0.0644
Car -1 -1 1.5687 689.4183 194.5439 734.5673 236.6061 1.4115 1.6251 3.5135 3.9590 2.3080 27.9726 1.7069 0.0636
Car -1 -1 1.1786 609.3583 183.1183 668.3583 213.5959 1.4618 1.6986 4.0556 1.4888 2.0376 38.2830 1.2166 0.0634
Car -1 -1 2.4569 1016.6094 181.6968 1073.4229 200.7122 1.5404 1.6213 3.9502 36.5205 2.2957 60.5471 2.9971 0.0623
Car -1 -1 0.8898 678.7979 187.2707 728.1583 209.0446 1.4669 1.6667 3.6768 6.8946 2.5712 53.2642 1.0173 0.0605
Car -1 -1 1.2908 877.6206 181.7443 917.9118 204.3697 1.4964 1.6532 3.8320 20.4230 2.1526 51.2687 1.6674 0.0602
Car -1 -1 1.5043 802.2910 182.8095 846.7747 218.7881 1.5105 1.6930 4.4384 10.0403 2.0112 33.9423 1.7889 0.0591
Car -1 -1 1.7846 832.2513 181.8856 881.9528 214.2782 1.5275 1.6174 4.0629 12.8714 2.0224 37.3847 2.1132 0.0591
Car -1 -1 1.4264 555.9800 185.4895 601.1703 217.8980 1.4525 1.6590 4.3797 -1.6275 2.1312 36.4448 1.3814 0.0581
Car -1 -1 -1.2617 740.8116 184.1339 787.9402 210.3841 1.5115 1.7172 4.2404 9.8652 2.2624 45.7626 -1.0512 0.0559
Car -1 -1 1.9915 693.4969 189.1122 742.0223 215.4816 1.4839 1.6949 3.5374 6.7756 2.5407 44.9512 2.1395 0.0553
Car -1 -1 1.7025 584.3580 187.7495 624.2617 218.7133 1.4571 1.5997 3.8754 -0.2255 2.2817 37.9218 1.6959 0.0541
Car -1 -1 2.0739 622.5684 188.2656 669.8551 210.8819 1.4894 1.6772 4.1046 2.7190 2.6615 52.6848 2.1246 0.0538
Car -1 -1 1.5049 922.5746 183.6385 955.3955 209.4836 1.5521 1.6702 4.3692 21.6893 2.2989 47.6224 1.9294 0.0527
Car -1 -1 1.3310 696.0890 193.2157 744.8745 223.5679 1.4318 1.7055 3.8759 5.8926 2.5817 38.7382 1.4801 0.0521
Car -1 -1 2.1070 568.3935 190.8371 637.8374 225.6452 1.4507 1.6198 3.7042 -0.2477 2.3520 34.1549 2.0990 0.0508
Car -1 -1 1.5601 922.7377 178.8801 955.4578 207.0984 1.4863 1.6193 4.0156 18.7273 1.8475 41.0914 1.9845 0.0507
Car -1 -1 1.9802 680.4461 181.9741 715.3332 199.1814 1.4987 1.7735 4.0380 8.2770 2.3778 67.3567 2.1015 0.0506