Car -1 -1 3.7321 788.9301 186.8446 930.7007 244.3508 1.3968 1.5599 3.4804 6.9462 1.8261 20.2833 4.0568 0.9208
Car -1 -1 1.9654 312.1579 184.9772 366.9454 212.0459 1.5947 1.8134 4.2384 -17.3554 2.4137 46.5898 1.6104 0.7957
Car -1 -1 1.8769 374.2937 181.9916 415.6624 205.2354 1.6909 1.8062 4.5846 -16.7711 2.4371 56.6129 1.5898 0.4628
Car -1 -1 1.0301 269.8889 192.9957 320.2059 214.7025 1.4853 1.7328 3.9036 -23.8250 3.0614 54.6239 0.6202 0.1529
Car -1 -1 1.8557 294.6955 193.7932 332.8814 215.5800 1.4962 1.6760 3.9223 -22.6978 3.1660 55.5030 1.4688 0.1496
Car -1 -1 1.3627 362.6378 182.6310 397.4371 203.7579 1.5180 1.7338 4.3185 -17.9395 2.3120 56.2856 1.0552 0.0869
Car -1 -1 1.7902 281.3755 191.0154 318.0232 213.6965 1.4895 1.6471 3.8885 -22.6001 2.8691 52.7483 1.3869 0.0637
Car -1 -1 3.8552 815.0551 182.4127 928.5435 227.4173 1.4667 1.6007 3.7663 9.5016 1.8436 26.4119 4.1964 0.0631
Car -1 -1 -0.9647 838.1088 183.6317 979.2553 244.4998 1.5138 1.6724 4.0753 8.4957 1.8455 20.3968 -0.5760 0.0630
Car -1 -1 -0.3489 804.6558 182.1965 934.3028 226.6897 1.4983 1.6350 3.9888 9.1094 1.8392 25.4867 -0.0100 0.0602
Car -1 -1 4.3011 913.2953 182.8697 1032.6058 243.2484 1.4921 1.6386 3.6631 10.0771 1.8000 20.3149 4.7551 0.0591
Car -1 -1 3.3095 668.4210 189.1997 795.5613 236.6853 1.4635 1.6316 4.0717 4.1943 2.0548 24.6643 3.4751 0.0526
Car -1 -1 3.0105 928.0256 185.3048 1107.2068 244.0728 1.5053 1.6618 4.2761 11.5059 1.8889 20.6847 3.5114 0.0519