Car -1 -1 3.6461 117.3818 185.9025 343.8695 276.6065 1.5527 1.5787 3.4010 -6.9463 1.8112 13.4445 3.1768 0.9537
Car -1 -1 4.6850 648.7820 181.4363 686.7568 217.2367 1.4366 1.5539 3.6924 2.5111 1.8366 31.7401 4.7626 0.8458
Car -1 -1 0.9414 872.0847 213.3554 1242.0000 375.0000 1.3493 1.5113 3.5154 2.9320 1.6777 4.0656 1.5312 0.8354
Car -1 -1 0.2426 357.5612 182.1741 493.7231 230.2547 1.5223 1.6011 4.1147 -6.0317 1.8422 23.9614 -0.0019 0.7952
Car -1 -1 3.5259 269.7978 184.1572 449.1471 248.6457 1.5321 1.6651 3.9936 -6.2968 1.8356 18.4232 3.2004 0.7196
Car -1 -1 0.1578 431.2497 181.1290 527.1019 213.4113 1.4303 1.6426 4.1399 -5.9546 1.8217 33.2684 -0.0184 0.7014
Car -1 -1 0.3850 206.4347 184.0339 423.0349 259.5956 1.5683 1.5996 4.1609 -6.4345 1.8294 16.0348 0.0086 0.6976
Car -1 -1 3.3774 380.6723 170.2292 481.4247 204.4215 1.4319 1.5482 3.9473 -7.6144 1.3220 30.9975 3.1381 0.5571
Car -1 -1 1.6962 385.5210 165.6314 416.1408 189.9231 1.7335 1.6889 4.0181 -15.4619 1.2181 53.6041 1.4165 0.3417
Car -1 -1 1.4010 512.4023 175.4017 545.3047 200.2960 1.5358 1.5445 3.5378 -5.2706 1.7079 46.8187 1.2891 0.2993
Car -1 -1 0.1905 418.3409 157.0210 518.4839 192.9425 1.7381 1.7695 4.6222 -6.9414 0.9720 35.7979 0.0001 0.2837
Car -1 -1 4.4872 688.6350 143.7418 847.4744 265.5346 1.8771 1.8051 4.6813 2.7087 1.4284 13.4891 4.6803 0.2692
Car -1 -1 4.4939 682.0124 157.1967 790.9007 239.9205 1.6164 1.5832 3.6390 2.6731 1.3105 15.9597 4.6562 0.1859
Car -1 -1 1.5439 675.3791 173.7474 698.7313 197.0350 1.5440 1.5007 3.6852 5.3266 1.6081 49.8798 1.6493 0.1745
Car -1 -1 1.5534 665.6470 175.6358 686.0929 195.8402 1.5666 1.5779 3.9918 5.3525 1.8002 58.5570 1.6437 0.1635
Car -1 -1 4.8077 437.8657 171.5379 482.6657 205.0453 1.3983 1.5646 4.0894 -6.6022 1.3434 32.2258 4.6069 0.1538
Car -1 -1 4.5791 838.6528 157.7439 887.3717 191.2855 1.5032 1.6754 3.8703 12.0141 0.8261 34.4004 4.9123 0.1512
Car -1 -1 3.5524 374.6581 177.4046 488.0837 216.3282 1.4702 1.6167 4.0679 -7.0436 1.6582 28.6646 3.3132 0.1502
Car -1 -1 4.7394 306.9188 165.9853 333.2333 190.5098 1.7421 1.6920 4.0355 -21.4008 1.2542 53.4409 4.3600 0.1455
Car -1 -1 4.8184 402.4810 177.2774 457.0758 217.6636 1.4228 1.6187 4.0567 -6.8969 1.6075 28.0020 4.5786 0.1317
Car -1 -1 4.6165 299.3156 168.2118 331.1466 193.2148 1.5769 1.5913 3.7901 -19.4276 1.2842 47.5553 4.2304 0.1293
Car -1 -1 0.3532 484.1054 176.2646 548.7425 200.0902 1.4634 1.5942 3.7545 -5.9033 1.6859 45.8582 0.2255 0.1251
Car -1 -1 1.2893 291.7410 165.9293 328.5096 188.8291 1.8053 1.6971 4.1455 -24.5248 1.2594 59.0299 0.8969 0.1226
Car -1 -1 1.7858 527.0160 181.4726 560.6898 203.2761 1.4509 1.5741 4.0610 -4.6720 2.0948 51.7957 1.6958 0.1179
Car -1 -1 3.2655 467.6124 182.2626 563.7966 215.1986 1.4676 1.6517 4.2492 -4.2967 1.9147 33.4592 3.1382 0.1160
Car -1 -1 2.0140 421.7386 185.3526 501.6388 225.2645 1.3742 1.5660 3.7928 -5.6765 1.8969 28.1440 1.8162 0.1083
Car -1 -1 3.2618 345.2129 178.4366 455.0294 219.9472 1.4291 1.5269 3.6618 -7.5145 1.6396 26.1613 2.9844 0.0968
Car -1 -1 3.3353 422.2689 169.1383 510.5961 203.9132 1.4637 1.5584 3.5035 -6.1313 1.3073 31.1494 3.1422 0.0942
Car -1 -1 1.6167 530.7845 175.2776 553.3976 195.7305 1.5406 1.5928 3.9056 -5.2808 1.7381 56.8082 1.5241 0.0906
Car -1 -1 1.7196 544.2931 179.3293 567.6655 195.3632 1.4223 1.5793 4.2599 -5.0126 2.0518 67.9529 1.6459 0.0834
Car -1 -1 -0.0002 671.2785 174.2693 725.7465 196.7793 1.4904 1.5927 3.6050 6.0199 1.5883 48.9068 0.1211 0.0817
Car -1 -1 4.5700 434.6018 177.8201 486.7780 216.4277 1.4659 1.5931 3.8542 -6.2485 1.6868 30.0148 4.3660 0.0767
Car -1 -1 4.8521 204.7437 166.8471 245.6692 195.9681 1.6074 1.5697 3.8050 -22.2515 1.2758 41.8818 4.3661 0.0753
Car -1 -1 0.6708 498.2668 181.8899 554.5439 204.3992 1.4934 1.6247 3.7451 -5.8774 2.1518 50.8977 0.5559 0.0753
Car -1 -1 5.0728 208.6582 168.8441 295.6435 212.7002 1.5310 1.6735 3.8216 -13.3385 1.3910 27.1688 4.6200 0.0723
Car -1 -1 1.6090 824.9113 159.7250 864.3008 194.7336 1.5383 1.6157 3.7499 11.0327 0.9614 33.7435 1.9222 0.0706
Car -1 -1 0.2130 293.4018 165.3898 360.3759 187.6191 1.5865 1.6456 4.2976 -20.5712 1.0538 52.6458 -0.1580 0.0705
Car -1 -1 1.9699 208.7665 171.0731 304.9134 218.7604 1.5535 1.6681 3.8293 -12.3151 1.4955 25.4583 1.5231 0.0701
Car -1 -1 1.6054 243.2639 172.5421 269.3580 195.4746 1.6336 1.5993 3.7136 -26.1175 1.6114 53.4217 1.1524 0.0693
Car -1 -1 1.6461 542.4313 174.8657 566.1677 195.9512 1.5930 1.5702 3.9549 -4.3228 1.7571 56.8682 1.5702 0.0692
Car -1 -1 1.5387 542.4407 176.5177 562.2875 195.5052 1.5551 1.5717 3.8575 -4.9297 1.8794 61.8721 1.4591 0.0683
Car -1 -1 4.6808 388.0189 158.7213 415.9619 184.5430 1.6861 1.7079 4.2365 -14.2432 0.7633 49.3931 4.4013 0.0676
Car -1 -1 1.8785 273.8181 183.5811 400.4491 256.7136 1.5165 1.6713 4.1869 -6.5005 1.8114 17.7109 1.5311 0.0656
Car -1 -1 4.8775 524.1339 175.6978 559.5565 201.0043 1.5722 1.6450 4.2192 -4.4052 1.7678 47.4753 4.7851 0.0645
Car -1 -1 3.5672 351.1261 160.9511 423.3069 184.3469 1.5199 1.6396 4.2919 -14.7533 0.7467 47.9641 3.2701 0.0636
Car -1 -1 4.6173 842.1755 165.7964 865.6467 184.2344 1.6776 1.7097 3.9949 22.9230 1.0355 67.7914 4.9419 0.0632
Car -1 -1 0.1778 648.8745 175.0562 706.6412 197.9502 1.5071 1.5965 3.6824 4.6429 1.6606 49.0053 0.2713 0.0605
Car -1 -1 1.6034 514.5355 176.0198 543.1107 202.1112 1.5247 1.6240 4.1948 -4.9749 1.7309 44.8414 1.4932 0.0588
Car -1 -1 2.0171 660.1218 175.6470 699.3079 195.7203 1.5309 1.5730 3.9409 5.6454 1.7624 57.7048 2.1138 0.0582
Car -1 -1 -0.3895 826.8775 156.0452 921.2437 190.5362 1.5584 1.6582 3.7667 12.2346 0.7989 33.5085 -0.0424 0.0575
Car -1 -1 4.1860 798.2368 154.8757 886.4749 200.1818 1.4845 1.5377 3.2051 8.1011 0.8954 25.3732 4.4914 0.0563
Car -1 -1 -1.2147 961.6459 179.9271 1042.0173 219.6748 1.4930 1.5978 4.0878 16.2128 1.8037 29.7450 -0.7203 0.0555
Car -1 -1 1.6599 416.2978 169.1696 462.3675 204.7078 1.4293 1.5757 3.9061 -7.2629 1.2811 31.0618 1.4317 0.0550
Car -1 -1 3.8588 154.3437 169.0588 239.4305 197.1393 1.5333 1.6477 4.0852 -23.2043 1.3261 40.6128 3.3424 0.0549
Car -1 -1 1.5507 502.0962 176.2853 529.6131 202.7750 1.5655 1.6307 4.0013 -5.9166 1.7909 45.2863 1.4211 0.0549
Car -1 -1 1.6778 669.9009 177.9458 700.8173 202.6040 1.5188 1.6071 3.9753 5.0204 1.8684 47.4276 1.7821 0.0549
Car -1 -1 0.0402 164.4775 165.6595 293.7795 210.1686 1.5348 1.6398 4.0858 -13.8442 1.2867 26.4882 -0.4375 0.0547
Car -1 -1 0.9651 881.7675 185.8902 972.2968 223.7113 1.4494 1.6172 3.9233 13.6033 2.0501 31.1685 1.3725 0.0544
Car -1 -1 1.5440 849.9445 156.5047 889.8401 192.5785 1.5241 1.5751 3.6237 11.6540 0.8333 32.4509 1.8858 0.0543
Car -1 -1 1.7207 530.5613 174.7837 558.1512 194.2853 1.5127 1.6185 4.1911 -5.2503 1.6749 58.5315 1.6313 0.0539
Car -1 -1 1.6607 547.6420 173.6038 572.8307 192.8213 1.4915 1.6498 4.3019 -3.9506 1.5544 58.3378 1.5930 0.0523
Car -1 -1 4.8142 610.4034 185.1504 704.3447 269.1715 1.5449 1.6636 3.9428 1.1749 1.8525 15.9626 4.8852 0.0517
Car -1 -1 3.8095 364.0146 165.1227 422.6724 187.5942 1.6003 1.6187 3.9690 -15.8422 1.0497 52.8700 3.5196 0.0508
Car -1 -1 4.7945 350.9405 168.8261 381.8914 192.9634 1.5408 1.6295 3.9721 -16.1905 1.2837 48.1812 4.4718 0.0504