Car -1 -1 4.4946 715.3209 186.0271 807.3519 248.7749 1.4641 1.6178 3.8534 3.9999 1.8573 19.5944 4.6921 0.9505
Car -1 -1 1.8327 275.5297 179.7009 474.6067 316.4892 1.6181 1.6852 4.3743 -3.2579 1.7430 10.9605 1.5494 0.9381
Car -1 -1 1.7410 464.2723 185.5813 544.3045 249.1799 1.5348 1.5709 3.7406 -2.8251 1.9221 20.0647 1.6021 0.9254
Car -1 -1 2.0666 0.0000 200.4802 385.6252 375.0000 1.4322 1.5798 3.9852 -3.5574 1.7686 6.7726 1.5981 0.9131
Car -1 -1 1.6539 503.6148 183.2846 555.5134 231.0369 1.4877 1.4971 3.3948 -2.7037 1.8730 24.9432 1.5464 0.7573
Car -1 -1 4.5561 694.2989 174.8803 762.2451 228.5717 1.7413 1.7363 4.1210 4.1176 1.8190 25.6166 4.7129 0.5029
Car -1 -1 1.2315 539.6471 183.7507 579.1918 205.7561 1.4628 1.6018 4.0422 -3.6757 2.2853 52.2895 1.1612 0.3503
Car -1 -1 -0.0858 702.3430 178.0742 813.8961 228.5306 1.6121 1.5936 3.5402 4.9156 1.7946 24.2456 0.1112 0.2350
Car -1 -1 4.7555 522.7462 191.2824 561.6525 227.1147 1.4555 1.6148 3.6150 -3.0357 2.3467 33.0500 4.6639 0.2260
Car -1 -1 1.3586 497.4412 173.8712 525.7487 192.3521 1.4810 1.5614 3.8468 -8.1934 1.5687 60.1243 1.2234 0.1706
Car -1 -1 4.7165 547.4467 190.7901 584.2465 227.1165 1.4898 1.6007 3.5739 -2.0044 2.3612 33.2264 4.6560 0.1582
Car -1 -1 1.3210 550.7661 179.7049 589.8137 204.8422 1.6044 1.6705 4.2746 -2.7473 2.0970 49.5904 1.2655 0.1092
Car -1 -1 3.5896 249.7534 154.8562 398.3427 222.1657 1.6366 1.5731 3.1640 -7.2338 1.1990 18.4525 3.2206 0.1003
Car -1 -1 1.7544 481.9898 173.5426 516.9447 196.9426 1.5443 1.6442 4.1961 -7.5587 1.5939 49.8679 1.6044 0.0880
Car -1 -1 1.7306 591.9065 178.9335 623.6733 201.7839 1.4814 1.5972 3.8949 -0.0828 1.9193 49.9171 1.7285 0.0836
Car -1 -1 1.7764 498.1263 173.0147 527.5878 191.9431 1.4891 1.5943 4.0053 -7.8479 1.5026 58.8523 1.6441 0.0800
Car -1 -1 1.1893 484.3300 177.3046 522.5962 198.3250 1.4721 1.5358 3.6882 -7.8765 1.8134 53.3488 1.0431 0.0790
Car -1 -1 1.7704 492.2300 171.6820 518.1660 187.6078 1.4522 1.6126 4.2027 -9.7897 1.3454 67.9391 1.6276 0.0777
Car -1 -1 -0.1372 499.2920 190.9607 587.5498 226.4778 1.4786 1.6356 3.7713 -3.0027 2.3253 32.5129 -0.2293 0.0707
Car -1 -1 4.5388 691.2407 166.4981 721.7817 189.5187 1.6566 1.6399 3.6810 7.1903 1.1992 53.7961 4.6706 0.0701
Car -1 -1 1.5728 682.5784 184.5979 728.1473 228.2075 1.4980 1.6279 3.9466 3.7084 1.9866 27.9588 1.7025 0.0695
Car -1 -1 1.6593 490.0822 171.4186 515.3580 191.3578 1.5306 1.6330 4.0861 -8.4736 1.4204 57.4735 1.5133 0.0688
Car -1 -1 1.7618 541.2031 178.6188 576.7585 203.9399 1.5948 1.6508 3.9992 -3.3520 1.9988 48.4803 1.6927 0.0662
Car -1 -1 1.4880 683.3404 189.7580 726.8427 225.6846 1.4563 1.6461 3.9521 4.3287 2.2801 33.1522 1.6159 0.0648
Car -1 -1 1.6495 555.9379 182.5762 582.8727 205.4203 1.5122 1.6037 4.0993 -2.8332 2.2352 51.5917 1.5944 0.0629
Car -1 -1 4.8804 294.1998 157.0571 383.4539 221.8889 1.5692 1.6199 3.7193 -7.1720 1.1869 19.4399 4.5310 0.0608
Car -1 -1 4.6310 691.2221 168.5007 714.6163 189.2785 1.6353 1.5805 3.7777 7.5656 1.2927 58.7120 4.7582 0.0598
Car -1 -1 1.4680 538.3353 181.2229 567.7811 204.8975 1.5284 1.6328 4.0601 -3.9721 2.1361 50.2427 1.3890 0.0592
Car -1 -1 1.7923 509.6613 186.8188 566.1608 224.6917 1.4708 1.6378 3.8758 -3.0605 2.1204 31.5385 1.6957 0.0562
Car -1 -1 1.5638 551.3186 180.1814 571.1431 199.7003 1.4856 1.5477 3.8351 -3.9226 2.0983 58.3661 1.4966 0.0557
Car -1 -1 1.5698 540.3627 187.0939 576.7652 222.2691 1.4889 1.6256 4.0992 -2.4283 2.2082 34.3457 1.4991 0.0557
Car -1 -1 -0.1932 542.2602 190.3804 632.4518 225.8234 1.4776 1.6709 3.8155 -1.0258 2.2983 32.5480 -0.2253 0.0551
Car -1 -1 4.1838 467.7711 171.6302 512.3823 191.1030 1.5048 1.6585 4.1613 -9.6190 1.4102 57.8877 4.0196 0.0543
Car -1 -1 2.9345 898.5709 45.8102 1242.0000 281.0112 1.5677 1.6320 3.9745 4.7084 0.7209 6.3495 3.5513 0.0541
Car -1 -1 1.5583 523.3957 188.3203 566.2016 229.6495 1.4971 1.6429 4.0766 -2.7019 2.1817 29.8287 1.4680 0.0537
Car -1 -1 0.5291 479.1224 173.0741 530.5886 191.6322 1.4776 1.5755 3.8991 -8.5540 1.4960 58.9466 0.3853 0.0530
Car -1 -1 2.9435 1136.2118 122.3188 1242.0000 184.7900 1.5892 1.6689 3.9831 17.2094 0.3036 20.0484 3.6459 0.0525
Car -1 -1 -0.8456 1051.2125 147.0533 1242.0000 226.3126 1.5424 1.6155 3.9294 11.6501 1.0403 15.2266 -0.2019 0.0516