Car -1 -1 2.1058 120.2875 191.4253 229.8562 234.0110 1.4466 1.7412 4.2991 -17.0205 2.2364 28.5362 1.5718 0.9346
Car -1 -1 1.6115 107.9336 197.2287 139.8832 222.3035 1.5425 1.6897 3.7324 -33.8597 3.3129 50.3727 1.0218 0.3710
Car -1 -1 1.6610 92.6716 197.4190 135.2943 226.9578 1.4921 1.6838 4.0797 -28.9780 3.0063 42.2850 1.0629 0.3139
Car -1 -1 1.9688 98.3706 190.5540 144.2499 213.6696 1.6026 1.5343 3.8227 -37.2527 3.0051 55.1473 1.3767 0.1895
Car -1 -1 1.5503 225.7649 192.7942 258.5813 221.2755 1.4709 1.6386 3.7481 -21.4948 2.6924 42.1587 1.0810 0.1345
Car -1 -1 1.5442 204.1042 183.3866 226.0227 200.8963 1.4859 1.6571 4.0964 -36.1330 2.4820 66.0501 1.0451 0.1335
Car -1 -1 1.6445 113.2896 197.9639 151.3248 225.1479 1.4732 1.6847 4.0811 -29.9355 3.1275 45.3457 1.0634 0.1038
Car -1 -1 1.4917 111.4423 201.1573 164.5278 240.0275 1.4681 1.6940 4.0989 -21.2890 2.8274 32.5110 0.9154 0.0916
Car -1 -1 1.4810 160.9165 197.9599 232.8533 254.1121 1.4564 1.6254 3.9033 -12.9991 2.3157 22.6288 0.9643 0.0796
Car -1 -1 4.7753 149.2535 183.9158 177.0593 205.3573 1.5312 1.5831 3.7235 -34.3740 2.4149 55.6227 4.2237 0.0703
Car -1 -1 1.7196 193.0629 192.5557 237.5269 221.9469 1.4584 1.6591 3.5984 -22.0283 2.6162 40.4250 1.2231 0.0664
Car -1 -1 2.0230 157.3657 198.2323 232.5798 232.6004 1.4022 1.7019 3.4741 -19.3668 2.6563 33.8678 1.5066 0.0622
Car -1 -1 1.1550 89.5780 188.0908 139.6212 209.4155 1.5197 1.6828 4.1015 -38.2787 2.7356 55.7830 0.5556 0.0610
Car -1 -1 1.6233 91.5940 197.1748 140.2501 234.3622 1.4644 1.6286 3.8734 -22.6523 2.6540 33.2127 1.0283 0.0583
Car -1 -1 1.9893 186.7852 183.4967 229.5298 202.6791 1.5825 1.6602 4.4452 -35.7309 2.5654 64.3497 1.4839 0.0578
Car -1 -1 1.4424 130.6604 185.9778 160.0796 205.8369 1.5342 1.5908 3.8970 -38.8736 2.6691 60.3942 0.8723 0.0577
Car -1 -1 1.9255 149.5540 205.4308 257.8356 262.6031 1.4085 1.6997 3.5410 -12.1163 2.4770 21.7905 1.4228 0.0575
Car -1 -1 1.7195 70.5183 200.5520 134.4351 240.1711 1.4518 1.7210 3.7172 -21.9422 2.7339 31.3510 1.1126 0.0516
Car -1 -1 1.7596 61.9360 192.4681 105.1327 217.2347 1.4925 1.6593 3.8634 -35.5950 2.8792 48.9112 1.1329 0.0512