Car -1 -1 5.1704 156.3268 180.4178 316.1295 250.6041 1.4560 1.6131 4.2149 -8.5492 1.3564 17.0208 4.7111 0.9708
Car -1 -1 4.9721 362.3456 186.9499 465.9532 247.9565 1.3946 1.6327 3.7053 -4.8073 1.4434 18.3968 4.7197 0.9503
Car -1 -1 4.7071 574.2634 175.2639 627.2401 222.7343 1.5296 1.7080 3.5427 -0.2338 1.2089 24.9475 4.6974 0.9494
Car -1 -1 5.3521 0.0000 168.2354 265.7314 376.0000 1.5417 1.6277 4.1406 -4.5107 1.4553 5.7290 4.7078 0.8749
Car -1 -1 4.9830 338.3827 179.9495 389.4709 207.1590 1.4171 1.6160 4.0829 -13.3000 1.1428 39.5203 4.6601 0.8227
Car -1 -1 4.8012 510.0614 171.3434 544.6573 200.7590 1.5925 1.5962 4.1063 -4.5019 0.8415 40.9851 4.6922 0.5702
Car -1 -1 4.9036 453.5147 150.6282 525.5803 206.7231 2.0890 1.9749 4.9072 -4.6668 0.8009 29.2565 4.7466 0.5287
Car -1 -1 2.1529 8.6252 182.8106 176.9271 246.0353 1.4410 1.5414 3.9564 -12.9193 1.3862 18.3802 1.5469 0.4983
Car -1 -1 5.2610 0.0000 140.9961 106.0003 200.7504 1.6885 1.5381 3.3370 -17.1768 0.4390 22.0543 4.6054 0.2469
Car -1 -1 4.3983 413.4019 176.9695 463.9366 204.5494 1.4164 1.5865 3.7424 -9.1681 0.9929 38.9290 4.1683 0.2389
Car -1 -1 2.6989 86.3195 155.2183 228.4490 201.7151 1.6049 1.7468 4.1864 -16.7953 0.5695 27.0431 2.1476 0.1540
Car -1 -1 4.4465 558.9551 170.0361 596.3691 193.8433 1.5628 1.6000 3.8643 -2.0657 0.5663 49.2711 4.4045 0.1499
Car -1 -1 1.6175 304.0206 208.6880 370.7782 264.3126 1.4287 1.7330 3.6613 -8.2249 2.2179 22.1633 1.2654 0.1414
Car -1 -1 3.5805 304.4082 190.8491 389.2083 221.8263 1.4717 1.5863 3.6003 -12.8074 1.7571 35.4590 3.2358 0.1403
Car -1 -1 1.4606 570.4961 176.8157 616.4029 212.1518 1.5112 1.6472 4.1412 -0.6912 1.1520 32.9045 1.4394 0.1137
Car -1 -1 4.9174 434.7336 176.7278 477.7893 204.8906 1.4640 1.5598 3.7606 -8.1847 1.0228 39.2502 4.7128 0.1125
Car -1 -1 5.1061 118.3057 152.9836 207.2664 195.1376 1.5433 1.6300 3.7896 -17.3811 0.3633 28.3149 4.5599 0.1078
Car -1 -1 0.4069 70.0740 156.1772 208.7862 199.7365 1.5876 1.6961 4.0895 -17.6956 0.5292 27.3676 -0.1626 0.1073
Car -1 -1 3.9395 135.3660 155.8701 250.3267 196.2002 1.5325 1.6389 4.0178 -16.4996 0.4174 28.6578 3.4211 0.1038
Car -1 -1 4.7633 197.5992 155.1913 249.7168 196.0161 1.5382 1.6468 3.9823 -15.5216 0.4069 29.2383 4.2791 0.1000
Car -1 -1 1.7714 317.6524 184.6533 352.5671 206.6686 1.5039 1.5873 3.8081 -19.2968 1.4655 51.1117 1.4118 0.0935
Car -1 -1 4.6403 567.1106 173.7335 604.7776 204.8613 1.4421 1.5754 3.7416 -1.0885 0.9102 35.2466 4.6093 0.0914
Car -1 -1 1.9501 281.0029 185.1353 335.3903 212.9412 1.4986 1.5585 3.7256 -16.8219 1.4943 40.6141 1.5594 0.0898
Car -1 -1 5.2159 76.4250 154.7274 179.8166 197.3754 1.5399 1.6637 3.8699 -18.4825 0.4390 27.9484 4.6360 0.0868
Car -1 -1 -0.3244 540.2537 171.3550 602.8856 196.0088 1.5963 1.6534 3.8526 -2.3825 0.6989 48.0194 -0.3740 0.0819
Car -1 -1 4.9829 522.3089 171.6025 567.8578 200.4568 1.5483 1.5542 3.9838 -3.4569 0.8178 40.6754 4.8983 0.0819
Car -1 -1 0.7136 0.0000 171.5594 165.3903 232.0992 1.5023 1.6021 3.9461 -13.9761 1.1634 18.7964 0.0810 0.0761
Car -1 -1 1.8117 0.0000 172.0800 61.2099 238.5150 1.4587 1.5727 3.6689 -14.9264 1.1703 17.7772 1.1207 0.0755
Car -1 -1 4.8161 355.7974 186.5133 405.1997 224.2459 1.4696 1.5806 3.7439 -9.4319 1.5276 30.1257 4.5148 0.0741
Car -1 -1 3.3869 495.4158 171.4841 570.7082 200.6806 1.6039 1.5816 3.9592 -4.1560 0.8495 40.5554 3.2851 0.0707
Car -1 -1 1.8401 250.2843 178.8883 301.0233 206.2736 1.5000 1.6092 4.1280 -19.0825 1.1535 41.5411 1.4117 0.0680
Car -1 -1 3.4006 47.7127 167.4744 181.2656 205.9971 1.4801 1.6352 4.1727 -19.7943 0.7985 29.0775 2.8071 0.0671
Car -1 -1 1.6394 110.8124 233.1644 277.2936 376.0000 1.4248 1.6806 4.1769 -5.6936 2.2659 10.3600 1.1469 0.0658
Car -1 -1 3.2326 463.9314 175.3123 539.4951 203.5714 1.5194 1.6208 3.9817 -5.7573 0.9869 39.5641 3.0887 0.0652
Car -1 -1 4.5460 323.1986 185.6214 379.8542 224.4287 1.5096 1.6327 3.7716 -10.7372 1.5277 30.0510 4.2053 0.0642
Car -1 -1 1.7548 465.8078 175.0891 520.6005 212.8387 1.6327 1.7152 4.4253 -5.2017 1.1947 33.3292 1.6008 0.0634
Car -1 -1 -0.1761 426.8850 176.4908 500.5676 205.1667 1.4761 1.5851 3.6397 -7.6684 1.0270 38.4040 -0.3721 0.0624
Car -1 -1 4.7706 138.5655 169.9808 188.9129 207.2451 1.4846 1.5954 3.6807 -18.8301 0.8776 30.6379 4.2233 0.0609
Car -1 -1 0.0250 182.4613 162.3345 296.0345 201.8323 1.4774 1.6179 3.9007 -14.4693 0.6215 28.4531 -0.4417 0.0566
Car -1 -1 -0.2636 568.1780 175.0681 651.9850 207.4862 1.4849 1.5843 3.6980 0.1204 1.0201 34.1692 -0.2605 0.0553
Car -1 -1 1.6661 327.3338 178.9854 355.2104 200.7149 1.5278 1.5397 3.9351 -19.4323 1.0897 52.6409 1.3138 0.0547
Car -1 -1 1.9899 290.9237 193.3626 380.0361 235.4870 1.4547 1.6747 4.0935 -10.3585 1.7927 27.7311 1.6351 0.0519
Car -1 -1 1.5424 550.5887 174.4977 589.7480 209.7660 1.4891 1.6441 4.0412 -1.7234 1.0365 32.4314 1.4894 0.0517
Car -1 -1 5.4652 54.6873 160.6855 183.5921 205.9117 1.5516 1.6638 4.0118 -18.0150 0.7100 26.7776 4.8776 0.0512