Car -1 -1 1.8878 385.4435 189.0009 507.9307 258.9914 1.4310 1.6822 4.3118 -3.8923 1.8841 18.0156 1.6773 0.9576
Car -1 -1 4.6510 727.0034 180.1401 798.6666 241.7355 1.4704 1.6543 3.6020 4.0634 1.6872 19.5721 4.8519 0.8031
Car -1 -1 1.6455 660.5910 174.4177 683.6276 194.1409 1.5282 1.5835 3.6363 5.0661 1.6583 58.1327 1.7316 0.3196
Car -1 -1 1.2273 725.9338 177.8341 798.8761 218.9350 1.4745 1.5642 3.9224 5.9305 1.6849 28.4332 1.4303 0.2801
Car -1 -1 1.7197 683.8639 177.3575 708.1417 194.3863 1.4648 1.6058 4.0263 7.8592 1.8861 65.3573 1.8384 0.2285
Car -1 -1 -0.1795 725.6135 179.1186 899.5101 243.9272 1.5682 1.6935 4.0847 5.1304 1.7391 18.6698 0.0838 0.1758
Car -1 -1 4.6171 714.8266 173.3031 746.8895 199.1117 1.4780 1.5440 3.6873 7.2339 1.5062 43.2803 4.7812 0.1495
Car -1 -1 -0.3576 728.7687 174.1876 832.4535 212.3445 1.4769 1.6010 3.7348 6.8432 1.5325 29.0340 -0.1289 0.1481
Car -1 -1 1.7927 679.9563 175.8121 709.9254 195.5413 1.6279 1.6587 4.3827 7.4425 1.8941 62.5804 1.9101 0.1268
Car -1 -1 4.9189 720.8289 169.3579 759.6187 194.4493 1.5415 1.6535 4.1275 8.4729 1.3267 46.5501 5.0974 0.1204
Car -1 -1 1.8745 636.3493 165.6332 668.1820 190.1377 2.1400 1.7567 3.9964 3.8930 1.5094 65.1929 1.9335 0.1166
Car -1 -1 1.4144 782.6230 179.6814 815.7573 203.0736 1.4710 1.5593 3.8910 12.7159 1.9495 48.5593 1.6685 0.1064
Car -1 -1 -0.1363 787.9962 181.7782 841.7053 204.9784 1.4619 1.6572 3.1878 13.4208 2.0599 47.3061 0.1380 0.0886
Car -1 -1 4.3504 690.5845 172.7424 739.3471 197.8178 1.4361 1.5929 3.9716 6.2855 1.4297 43.4343 4.4928 0.0794
Car -1 -1 2.8444 700.7377 178.1501 810.7319 218.2186 1.5178 1.5881 3.9788 5.7461 1.7349 28.5850 3.0402 0.0782
Car -1 -1 1.5929 693.1469 185.9273 729.9758 220.0215 1.4687 1.6630 4.1701 4.9831 2.1417 34.9545 1.7326 0.0737
Car -1 -1 2.1146 691.0205 176.0768 729.7809 193.0704 1.4498 1.5870 3.9988 9.0270 1.7466 64.3878 2.2529 0.0652
Car -1 -1 1.1640 784.3334 182.9492 832.3463 207.9332 1.4853 1.6893 3.5645 12.7010 2.1595 46.3012 1.4295 0.0651
Car -1 -1 1.2172 688.7990 175.4111 724.3808 194.6132 1.5627 1.6515 4.1950 8.2301 1.7887 61.5421 1.3491 0.0649
Car -1 -1 5.1578 636.8803 166.0529 676.2514 185.9135 1.7684 1.8476 4.5576 4.3863 1.1628 66.6849 5.2229 0.0644
Car -1 -1 4.6219 726.3421 170.8286 760.5802 197.9479 1.5712 1.6754 4.0933 8.0998 1.4538 43.9168 4.8027 0.0639
Car -1 -1 1.5902 718.8995 177.5817 737.6442 194.6541 1.4269 1.5555 3.7668 10.4540 1.8554 63.4044 1.7525 0.0622
Car -1 -1 1.4174 695.1783 183.8642 737.1895 214.1729 1.4600 1.5905 4.0622 5.5975 2.0752 38.2771 1.5609 0.0586
Car -1 -1 4.1924 456.4604 177.0119 634.3050 271.5181 1.4786 1.5664 3.8895 -1.3408 1.5682 13.5072 4.0943 0.0575
Car -1 -1 -0.6777 793.5000 181.3417 875.3588 210.8732 1.4735 1.6077 4.0431 11.9530 1.9422 38.3535 -0.3783 0.0560
Car -1 -1 1.6535 656.0967 174.3263 680.6767 194.9104 1.5487 1.5902 4.1653 4.6623 1.6690 56.7826 1.7346 0.0553
Car -1 -1 4.5071 710.8669 169.5950 748.5641 194.7650 1.5314 1.6269 3.7251 7.5787 1.3331 45.7963 4.6697 0.0546
Car -1 -1 1.6612 713.9953 183.5012 751.9444 214.0210 1.4629 1.6275 4.0511 6.5904 2.0595 38.2629 1.8298 0.0532
Car -1 -1 -0.3282 691.4152 179.1612 846.2160 237.9769 1.4930 1.6797 3.7627 4.2601 1.6736 19.5985 -0.1181 0.0519