Car -1 -1 4.9124 382.2640 184.3196 502.7509 265.7540 1.5106 1.6547 4.2986 -3.3684 1.4939 15.4926 4.7015 0.9784
Car -1 -1 4.7113 554.6105 180.1092 621.2380 239.6082 1.4940 1.6746 3.4137 -0.5312 1.3658 19.7803 4.6844 0.9540
Car -1 -1 5.0404 163.5275 195.6745 444.0322 364.2381 1.4726 1.6482 4.3486 -3.2624 1.6316 8.7419 4.6927 0.9390
Car -1 -1 5.0900 248.4034 178.8545 368.9734 236.6524 1.3979 1.5841 4.0602 -7.8932 1.2440 19.4189 4.7086 0.9330
Car -1 -1 5.0050 335.6112 178.9258 387.1800 207.3782 1.4219 1.5412 3.7465 -12.8648 1.1076 37.8233 4.6790 0.8641
Car -1 -1 5.3610 0.0000 194.4553 176.6541 331.1288 1.4296 1.6031 3.9099 -7.7930 1.5801 9.7495 4.6999 0.8174
Car -1 -1 4.8722 455.0105 177.9532 530.3371 231.3726 1.5306 1.6742 4.2370 -3.5091 1.3225 22.7216 4.7204 0.7079
Car -1 -1 4.8754 507.7525 178.4951 555.8785 215.1710 1.5659 1.5719 3.7809 -3.3597 1.2790 32.6276 4.7732 0.6632
Car -1 -1 4.8434 387.4547 179.5877 437.1550 216.1100 1.4884 1.6024 3.6899 -8.3997 1.2591 31.2291 4.5825 0.6246
Car -1 -1 4.9258 245.2331 181.1675 312.1661 221.1620 1.4349 1.6015 3.6019 -12.5766 1.2896 27.7183 4.5033 0.5341
Car -1 -1 5.0744 446.4924 174.8143 491.9210 199.9123 1.4858 1.5663 3.6443 -8.4870 0.8700 44.4871 4.8867 0.4326
Car -1 -1 1.5257 537.6683 178.1005 559.3630 198.0922 1.5337 1.5482 3.7576 -4.6884 0.9879 57.1118 1.4437 0.2996
Car -1 -1 2.0993 36.4293 191.5013 174.1733 242.0995 1.4066 1.6288 4.2134 -15.6266 1.6238 22.6780 1.5012 0.2538
Car -1 -1 1.3378 425.6588 177.7025 456.7475 197.3111 1.5266 1.5763 3.9607 -13.4438 0.9416 58.0879 1.1110 0.1924
Car -1 -1 3.5091 469.2496 180.9745 554.7379 216.4932 1.5114 1.5517 3.4124 -4.1829 1.3309 31.7438 3.3788 0.1830
Car -1 -1 -0.0072 391.1259 183.0765 491.3035 219.6758 1.4859 1.5560 4.0258 -6.9919 1.3991 30.4051 -0.2316 0.1668
Car -1 -1 1.5109 373.0994 177.8283 400.8176 201.3988 1.5368 1.5825 3.7833 -15.0162 1.0552 48.9196 1.2143 0.1609
Car -1 -1 1.4663 615.8803 192.0054 665.0912 230.1039 1.4162 1.6157 3.6948 1.2951 1.7107 29.2895 1.5095 0.1203
Car -1 -1 2.7981 440.7623 174.2897 508.4665 199.3926 1.4727 1.5538 3.7513 -8.0624 0.8317 43.7835 2.6168 0.1029
Car -1 -1 5.5247 0.0000 0.0000 1241.0000 376.0000 1.5636 1.6115 3.5556 -2.7713 1.2722 1.5631 4.5412 0.0988
Car -1 -1 1.6110 592.5135 177.1302 624.4088 205.1431 1.4784 1.6100 4.0611 0.1148 1.0517 40.0009 1.6135 0.0977
Car -1 -1 1.5687 0.0000 0.0000 660.4655 376.0000 1.5328 1.6105 3.4164 -1.4359 1.3081 2.3488 1.0689 0.0899
Car -1 -1 1.6945 613.8099 176.2865 652.2063 204.7393 1.4845 1.6163 4.1479 1.4763 1.0186 39.6826 1.7310 0.0870
Car -1 -1 3.1336 515.9594 178.6704 563.8575 198.6059 1.5270 1.5857 3.6652 -5.2451 1.0256 56.0354 3.0403 0.0792
Car -1 -1 0.1264 426.6299 173.9007 492.5650 199.5715 1.5299 1.5949 3.7601 -8.9451 0.8555 43.7754 -0.0743 0.0781
Car -1 -1 1.5860 587.5582 192.2505 629.6230 229.9773 1.4169 1.6225 3.7877 0.0866 1.7254 29.6174 1.5883 0.0755
Car -1 -1 4.5548 395.8391 166.9862 422.3034 186.7282 1.7685 1.7092 4.3417 -18.4199 0.1355 66.7254 4.2862 0.0750
Car -1 -1 4.4842 432.9090 174.9859 474.6568 200.9382 1.5343 1.6493 4.1242 -9.5868 0.9295 44.7158 4.2739 0.0735
Car -1 -1 1.5173 533.2328 175.4359 558.0453 197.4025 1.5889 1.6485 3.9491 -4.6614 0.8815 54.0669 1.4313 0.0717
Car -1 -1 1.8229 578.4377 185.9528 627.1658 215.3912 1.4649 1.6386 3.9482 -0.1740 1.5060 37.9910 1.8178 0.0707
Car -1 -1 0.1877 373.3992 180.0357 475.1752 216.0307 1.5146 1.6268 4.0422 -7.8671 1.2967 31.1775 -0.0577 0.0693
Car -1 -1 1.6800 132.2654 215.1891 243.2500 302.8906 1.3964 1.5295 3.6863 -8.4844 2.0969 14.8052 1.1668 0.0692
Car -1 -1 3.6850 376.6436 182.5685 520.4193 236.4017 1.5117 1.6607 3.9290 -4.7539 1.4374 21.6071 3.4706 0.0688
Car -1 -1 1.7322 572.3793 179.1810 600.5563 199.2080 1.5065 1.6135 3.7457 -1.5814 1.0526 56.0391 1.7037 0.0624
Car -1 -1 2.1469 230.3540 165.5538 305.1200 196.3341 1.4820 1.5764 3.8784 -17.2086 0.5353 36.6415 1.7105 0.0611
Car -1 -1 3.7585 220.9267 180.5847 337.0603 220.6852 1.4552 1.5539 3.8063 -12.3930 1.2872 27.2147 3.3346 0.0610
Car -1 -1 1.6840 529.3181 178.7817 556.0701 199.3484 1.5301 1.6042 4.0917 -4.9461 1.0514 55.5460 1.5952 0.0596
Car -1 -1 4.6238 362.2671 179.4011 410.2772 217.3276 1.5291 1.6401 4.0468 -9.6305 1.2947 31.1665 4.3262 0.0586
Car -1 -1 -0.6449 611.4127 178.5614 692.2076 207.1490 1.4754 1.6687 4.2135 2.4440 1.1320 38.9568 -0.5831 0.0583
Car -1 -1 1.6605 442.8802 174.3916 475.5307 200.1652 1.4700 1.5598 3.9554 -8.8165 0.8527 43.0527 1.4594 0.0580
Car -1 -1 2.9523 533.1566 177.7809 583.6177 197.8051 1.5269 1.5711 3.6953 -3.8153 0.9600 56.0456 2.8843 0.0574
Car -1 -1 3.7276 606.6224 177.1496 759.9171 233.3873 1.4664 1.6348 4.1776 2.1170 1.2561 20.7001 3.8277 0.0566
Car -1 -1 1.6175 605.0825 184.6544 638.8457 214.2044 1.4539 1.5741 3.8287 0.8107 1.4263 37.3322 1.6385 0.0557
Car -1 -1 1.7033 168.4504 180.7221 197.9183 199.7840 1.4965 1.5502 3.9576 -34.4984 1.1438 58.5618 1.1726 0.0534
Car -1 -1 2.0273 1.8412 192.0724 139.0610 248.1352 1.4437 1.6267 3.9323 -15.5532 1.6647 21.0958 1.3978 0.0523
Car -1 -1 1.4269 538.7310 175.7545 568.6278 197.1274 1.5144 1.6492 3.9388 -3.9843 0.8440 53.0354 1.3519 0.0520
Car -1 -1 1.6128 451.5457 173.3105 483.9888 201.8773 1.5271 1.6252 3.8236 -7.7980 0.8907 40.4390 1.4232 0.0516
Car -1 -1 4.8609 210.4530 180.8593 275.4781 222.8892 1.4820 1.6280 3.9416 -13.8238 1.3284 27.4731 4.3984 0.0506
Car -1 -1 4.3185 343.7629 178.2228 390.1600 201.6622 1.5031 1.6084 3.8017 -16.0899 1.0546 48.0591 3.9968 0.0504