Car -1 -1 1.3430 679.3669 190.8452 814.2284 283.4384 1.4105 1.6224 3.9479 2.4435 1.8047 13.7922 1.5135 0.9426
Car -1 -1 1.6877 447.4680 186.1766 539.2781 257.3798 1.4772 1.7219 4.4936 -2.7690 1.8533 18.0945 1.5372 0.9417
Car -1 -1 4.6302 644.3401 179.0405 685.2482 214.7424 1.5427 1.6032 3.5395 2.5199 1.8457 33.5700 4.7039 0.8569
Car -1 -1 1.5942 532.7213 183.6245 566.6695 218.7423 1.4827 1.4760 3.3498 -2.7167 2.0044 33.2309 1.5127 0.8516
Car -1 -1 1.4157 676.1473 188.3970 759.1481 254.5528 1.5220 1.6134 3.7636 2.7962 1.9804 19.3838 1.5558 0.7140
Car -1 -1 1.6730 557.7874 181.9609 583.1885 202.5832 1.5332 1.6160 4.0490 -3.0801 2.2853 57.5262 1.6193 0.5058
Car -1 -1 4.6130 624.0788 174.8825 648.6924 195.0763 1.5512 1.5731 4.0791 2.1199 1.7199 57.9305 4.6490 0.2560
Car -1 -1 2.0706 526.4659 174.2439 563.7358 191.4556 1.5267 1.6774 4.0697 -5.9064 1.6592 66.5577 1.9821 0.2361
Car -1 -1 4.8076 450.3548 180.4093 493.2488 214.2132 1.4176 1.5734 3.7192 -6.2511 1.7837 33.0411 4.6216 0.2203
Car -1 -1 1.5888 637.5421 172.3210 668.7543 201.8201 1.5541 1.6445 4.1683 2.4621 1.5261 40.1561 1.6492 0.1858
Car -1 -1 4.7516 639.5161 176.5484 668.2784 203.6709 1.5298 1.5723 3.7486 2.6885 1.7608 43.1716 4.8129 0.1664
Car -1 -1 1.8476 546.9930 180.6084 583.6547 203.5185 1.6306 1.6727 4.3510 -3.3359 2.2488 55.2197 1.7870 0.1582
Car -1 -1 3.1497 625.1973 175.8268 695.6276 203.0089 1.5524 1.6768 4.0490 2.9879 1.7313 42.4186 3.2190 0.1553
Car -1 -1 4.6511 638.6887 178.0717 672.2823 207.0369 1.4475 1.5616 3.6849 2.4118 1.7397 38.5645 4.7126 0.1356
Car -1 -1 1.4318 672.3705 171.1761 702.1063 192.5715 1.4764 1.5376 4.3299 5.5518 1.3606 51.9778 1.5373 0.1168
Car -1 -1 1.5248 534.3982 192.2152 581.9993 235.2739 1.4391 1.6563 4.0181 -2.0621 2.2490 28.0903 1.4514 0.1121
Car -1 -1 -0.1085 628.3926 174.0534 677.0814 194.4448 1.5714 1.6086 3.6587 3.3632 1.6670 56.6037 -0.0498 0.0962
Car -1 -1 1.4368 559.7996 178.6324 589.1400 201.1448 1.5769 1.6508 4.0866 -2.6545 2.0251 53.8077 1.3873 0.0940
Car -1 -1 4.9358 506.4320 171.2444 540.8351 191.8312 1.5263 1.7148 4.3455 -6.5891 1.4069 55.7444 4.8184 0.0939
Car -1 -1 1.8963 411.5294 177.9339 469.7512 210.6137 1.4572 1.5812 3.8259 -8.0666 1.7160 34.7713 1.6696 0.0924
Car -1 -1 -0.1304 678.2975 188.0308 836.8807 247.3791 1.5025 1.6584 4.0526 3.9388 1.9372 19.7103 0.0630 0.0842
Car -1 -1 4.6413 615.7199 177.5353 649.1216 206.6548 1.4522 1.5232 3.4894 1.1748 1.7123 38.3276 4.6711 0.0788
Car -1 -1 1.3974 528.2335 196.8207 596.4021 246.7569 1.4461 1.6935 3.9462 -1.7208 2.3485 25.0475 1.3286 0.0752
Car -1 -1 1.7893 560.9877 181.6132 592.8721 203.3383 1.5820 1.6292 4.1603 -2.5127 2.2944 56.4968 1.7446 0.0752
Car -1 -1 3.1816 540.9703 181.2252 593.0480 201.9640 1.5846 1.6418 4.0210 -3.3117 2.2522 56.6820 3.1231 0.0724
Car -1 -1 4.9535 444.2220 177.5133 497.1010 212.1834 1.5306 1.5687 3.9483 -6.5529 1.7658 34.4080 4.7662 0.0709
Car -1 -1 1.1948 496.7179 175.5184 539.7615 199.1857 1.5884 1.6315 4.1001 -6.5104 1.7853 51.1091 1.0684 0.0707
Car -1 -1 -0.1840 648.3069 177.1821 745.9341 211.6629 1.5066 1.6519 4.1616 3.9254 1.7086 32.7292 -0.0663 0.0682
Car -1 -1 -0.0412 648.8729 189.4076 802.6616 251.4480 1.5052 1.6287 3.8483 3.0101 1.9663 19.0762 0.1119 0.0671
Car -1 -1 1.6490 613.5519 178.0279 651.8303 210.3816 1.4874 1.6040 3.7883 1.1944 1.7581 35.7731 1.6815 0.0658
Car -1 -1 1.4290 502.2729 192.2106 559.5460 235.5219 1.4306 1.6569 3.8248 -3.0881 2.2297 27.7313 1.3183 0.0643
Car -1 -1 1.9036 469.1624 175.1553 525.2896 205.1261 1.4316 1.5478 4.2022 -5.6871 1.5567 37.0107 1.7518 0.0640
Car -1 -1 1.5758 602.1522 180.4382 623.2802 200.3584 1.4731 1.6072 3.9854 0.2580 2.0920 56.8803 1.5798 0.0626
Car -1 -1 3.1329 512.6125 174.7793 556.4666 191.9013 1.5284 1.6176 3.9209 -6.8272 1.7063 65.6609 3.0294 0.0587
Car -1 -1 1.6969 610.6315 173.5148 648.3980 202.5871 1.5376 1.6217 3.9778 1.1640 1.5765 40.3471 1.7251 0.0585
Car -1 -1 4.7563 708.2462 171.5121 747.8451 206.9668 1.4857 1.5853 3.7139 5.3358 1.4295 32.2162 4.9185 0.0566
Car -1 -1 4.4341 787.5145 197.3447 928.4357 285.8274 1.4525 1.6629 4.0479 4.9746 2.0323 15.0309 4.7467 0.0554
Car -1 -1 -0.2825 534.2465 194.6125 654.6386 238.4758 1.4573 1.6800 4.1694 -0.5764 2.3088 26.8134 -0.3047 0.0553