Car -1 -1 4.2702 782.0220 185.2157 1230.8096 375.0000 1.4889 1.7228 4.0720 2.9713 1.6362 6.5364 4.6787 0.9598
Car -1 -1 1.8973 272.0095 180.6489 410.1482 258.5695 1.5479 1.7173 4.2076 -6.0757 1.7530 16.8728 1.5561 0.9528
Car -1 -1 2.1791 0.0000 204.2705 262.6951 375.0000 1.5203 1.6721 4.2491 -6.0662 1.9924 8.7065 1.5844 0.9477
Car -1 -1 1.6499 532.4898 178.9798 568.1491 206.5012 1.5439 1.8073 4.3082 -3.5258 1.9323 43.5928 1.5692 0.6982
Car -1 -1 1.8871 368.6352 186.5362 460.1267 238.5979 1.4582 1.6354 4.1468 -6.2127 1.9428 23.4408 1.6302 0.6612
Car -1 -1 -0.0764 988.4998 154.1439 1159.6368 202.8601 1.4848 1.6793 4.6175 15.1112 0.9145 23.8074 0.4834 0.6319
Car -1 -1 1.7353 450.3746 185.2089 494.4980 217.7640 1.3885 1.4299 3.8821 -6.4425 2.0079 34.2148 1.5500 0.6066
Car -1 -1 3.2911 384.3059 174.5790 459.2248 198.8617 1.4900 1.6056 4.3739 -11.7743 1.6011 45.4432 3.0387 0.5388
Car -1 -1 4.7687 503.1835 182.8073 530.1622 206.4142 1.4878 1.6063 3.7432 -6.2744 2.1905 49.0188 4.6416 0.4873
Car -1 -1 4.6731 634.9067 173.6933 657.4853 194.1516 1.5253 1.5909 3.8907 2.8082 1.5926 55.9084 4.7226 0.4687
Car -1 -1 -0.2286 703.0725 171.4845 768.1403 196.1523 1.6300 1.6752 4.0441 8.4628 1.5395 48.6299 -0.0577 0.2775
Car -1 -1 4.9224 477.0930 174.6476 502.2481 191.9326 1.5406 1.5785 3.5532 -11.0190 1.7104 66.4990 4.7585 0.2472
Car -1 -1 1.3252 621.0940 161.8076 652.3655 184.0312 1.9077 1.7730 4.3547 2.3773 0.9595 64.2519 1.3617 0.2294
Car -1 -1 5.1767 368.1531 169.4864 417.8424 192.9766 1.5542 1.6406 4.0557 -14.9071 1.3314 49.8802 4.8875 0.1891
Car -1 -1 4.5098 852.3746 158.6483 882.8292 178.8016 1.5898 1.6373 3.6111 20.9953 0.4692 58.8192 4.8510 0.1822
Car -1 -1 -0.3724 720.4147 175.7759 813.0056 207.7422 1.4816 1.6373 4.0423 7.5444 1.6270 34.7817 -0.1610 0.1794
Car -1 -1 2.9959 673.8112 163.6613 762.4081 195.3171 1.4763 1.6164 3.9888 5.1345 1.0476 34.4597 3.1423 0.1640
Car -1 -1 1.5382 740.8761 169.7316 765.2557 194.8754 1.6546 1.5023 4.1264 9.8360 1.4491 49.6378 1.7323 0.1637
Car -1 -1 1.5019 556.6189 178.7324 579.4687 199.1457 1.5433 1.5628 3.8043 -3.3470 2.0294 57.6794 1.4437 0.1532
Car -1 -1 1.5191 519.3284 178.4676 541.4446 198.2279 1.4647 1.5211 4.0856 -6.2655 1.9235 56.8360 1.4094 0.1520
Car -1 -1 1.9713 444.0589 171.4577 485.2155 193.3840 1.5290 1.5866 3.7441 -10.4590 1.4317 52.3106 1.7747 0.1510
Car -1 -1 1.2282 456.4706 175.0109 488.2653 192.3968 1.4652 1.5517 3.8142 -12.0733 1.6607 63.3528 1.0404 0.1445
Car -1 -1 4.4199 648.3190 156.7460 705.5256 191.8852 1.5777 1.6682 3.8591 3.1483 0.8544 34.4530 4.5100 0.1369
Car -1 -1 2.5785 1033.9460 149.2810 1126.8037 175.9697 1.5577 1.6697 4.4278 27.9856 0.1819 42.9735 3.1527 0.1307
Car -1 -1 4.7442 325.2269 171.7744 354.7958 196.0923 1.4968 1.6504 4.0652 -17.3639 1.4303 46.6006 4.3892 0.1242
Car -1 -1 4.6136 1007.4636 152.9781 1043.3038 177.7477 1.5407 1.6329 3.8956 27.0296 0.3044 46.9927 5.1328 0.1238
Car -1 -1 2.5986 1112.4952 171.9979 1221.4723 203.1413 1.4719 1.6053 3.9374 27.0501 1.4314 35.1130 3.2507 0.1227
Car -1 -1 5.0523 384.4263 174.2099 430.9373 198.1004 1.4665 1.6065 4.1160 -12.9843 1.5581 46.6379 4.7820 0.1202
Car -1 -1 1.2452 628.9791 174.1277 669.6165 197.5060 1.5827 1.6317 4.1706 2.7759 1.6772 51.3174 1.2985 0.1165
Car -1 -1 4.8458 683.6766 170.1305 710.0187 191.5215 1.6896 1.6256 4.0111 7.1858 1.4745 59.1363 4.9658 0.1135
Car -1 -1 2.8539 862.3840 160.9068 931.8885 182.5622 1.5027 1.6504 4.2773 20.3099 0.6737 51.0803 3.2303 0.1080
Car -1 -1 1.2016 827.5923 170.4126 866.8912 189.8348 1.4491 1.5527 3.9716 18.3480 1.2670 55.8598 1.5171 0.1068
Car -1 -1 -0.4575 847.9016 158.3873 905.7120 178.4526 1.5879 1.6800 4.0430 21.5114 0.4430 58.1459 -0.1049 0.1050
Car -1 -1 4.6828 533.9588 176.2727 561.3799 201.5095 1.5002 1.6052 3.8110 -3.9297 1.7248 45.4153 4.5966 0.1030
Car -1 -1 4.7753 698.0116 166.5110 723.8324 190.1585 1.6671 1.6301 4.0287 7.4783 1.2199 53.0028 4.9144 0.1013
Car -1 -1 1.2213 1054.2347 193.7241 1242.0000 355.6745 1.4085 1.5504 3.7086 6.8512 1.7206 8.7904 1.8664 0.1012
Car -1 -1 3.4374 297.1260 172.4082 368.3723 196.4153 1.4791 1.5561 3.8968 -17.3583 1.4516 45.3634 3.0737 0.0980
Car -1 -1 -0.5782 656.0979 159.3152 747.0030 193.3369 1.5222 1.6335 3.9928 4.3296 0.9165 33.8909 -0.4526 0.0975
Car -1 -1 2.6849 994.0507 151.7110 1072.6332 175.5726 1.5033 1.6086 4.0663 27.2023 0.1713 46.4027 3.2124 0.0956
Car -1 -1 1.6769 939.7626 165.5041 972.3829 189.6850 1.5796 1.6168 3.8175 23.6475 1.0995 49.1841 2.1225 0.0936
Car -1 -1 1.9622 480.3496 183.3783 521.6638 206.7863 1.5477 1.5985 3.7686 -7.7080 2.3290 51.5454 1.8140 0.0891
Car -1 -1 1.8153 414.3657 194.1507 484.1852 239.0626 1.4365 1.6017 4.0861 -5.9235 2.2975 27.1047 1.6015 0.0885
Car -1 -1 4.5105 739.0294 168.2723 771.8241 191.2435 1.6241 1.5970 3.9304 10.6666 1.3002 52.9834 4.7078 0.0882
Car -1 -1 1.4249 729.0126 172.2820 776.2806 205.7338 1.4606 1.5922 3.8598 6.5729 1.4356 33.4690 1.6167 0.0876
Car -1 -1 1.5614 501.2426 180.7104 527.6276 206.1491 1.5560 1.6511 3.9870 -6.2810 2.0961 47.5138 1.4302 0.0854
Car -1 -1 4.3344 693.7050 165.4988 753.3192 196.3979 1.4420 1.5945 3.8565 5.5724 1.0987 35.7290 4.4875 0.0848
Car -1 -1 0.7900 803.3062 175.8597 870.5071 202.6104 1.4391 1.5200 3.6621 12.9338 1.6191 41.2365 1.0915 0.0840
Car -1 -1 4.7335 444.5587 191.2327 488.5938 233.3989 1.4470 1.5946 3.7592 -5.5940 2.2231 28.4815 4.5407 0.0835
Car -1 -1 4.7785 321.9947 168.2938 365.1867 203.3733 1.4811 1.5752 3.5296 -11.8776 1.2885 32.3778 4.4293 0.0808
Car -1 -1 -0.2210 1017.2610 149.1196 1111.0143 175.5079 1.5912 1.7382 4.6884 28.3114 0.1600 45.1022 0.3367 0.0784
Car -1 -1 3.5554 459.1659 174.6034 505.1670 191.4425 1.4975 1.5953 3.8009 -11.5800 1.6596 65.6463 3.3812 0.0748
Car -1 -1 4.7502 633.8930 172.9608 656.9496 193.7803 1.5075 1.5894 3.7607 2.7231 1.5158 54.2082 4.7998 0.0741
Car -1 -1 3.2113 673.8492 166.2613 733.6475 188.4344 1.5562 1.6301 4.1585 6.7845 1.0935 51.8495 3.3404 0.0736
Car -1 -1 4.0962 1047.2617 146.5637 1122.6896 176.0873 1.7174 1.7189 4.2153 28.9553 0.1881 44.1099 4.6740 0.0734
Car -1 -1 0.9975 466.8469 178.1641 505.8807 196.2907 1.6451 1.6755 4.1706 -11.7765 2.1671 68.8197 0.8283 0.0726
Car -1 -1 3.2818 649.9338 173.0557 715.1774 198.1233 1.6641 1.7018 4.2353 4.9972 1.6782 49.2507 3.3819 0.0715
Car -1 -1 1.7763 463.2797 175.0035 491.2669 193.3373 1.5271 1.5954 4.0342 -11.4406 1.7197 62.6123 1.5960 0.0705
Car -1 -1 1.7616 492.9615 183.0893 528.7266 207.2344 1.5405 1.6600 4.3655 -6.8079 2.2834 50.1473 1.6269 0.0702
Car -1 -1 1.7462 452.4499 178.1009 500.1815 209.1619 1.4234 1.6157 4.1973 -6.5558 1.6996 35.8773 1.5663 0.0683
Car -1 -1 4.6471 295.0359 169.3508 341.5652 204.0350 1.4493 1.6672 4.3342 -13.1564 1.3030 32.4652 4.2646 0.0674
Car -1 -1 4.8079 730.2720 166.1315 771.3687 198.4503 1.4890 1.6171 3.8463 6.9600 1.1793 35.3159 5.0005 0.0674
Car -1 -1 1.4413 1059.8082 179.3595 1148.4369 237.0832 1.4461 1.5771 3.7003 13.9527 1.6493 20.5360 2.0309 0.0674
Car -1 -1 1.1934 440.9727 173.9349 478.2501 192.3025 1.5723 1.7224 4.4936 -13.4181 1.6723 64.3923 0.9885 0.0668
Car -1 -1 3.1231 518.0585 178.8330 591.2686 204.6534 1.5104 1.8031 4.3434 -3.3404 1.8827 43.8212 3.0470 0.0664
Car -1 -1 5.1377 442.2633 178.8196 514.8428 216.4325 1.4825 1.6151 3.8892 -5.5772 1.7576 31.1842 4.9617 0.0649
Car -1 -1 3.5114 360.6860 170.0895 425.6525 192.7990 1.5297 1.6212 3.9565 -14.8368 1.3435 49.5698 3.2218 0.0647
Car -1 -1 3.9784 308.1051 190.6392 443.9533 244.7233 1.4885 1.6730 4.2546 -7.4203 2.0953 22.8266 3.6670 0.0644
Car -1 -1 3.9276 417.4607 172.1531 474.6291 193.6754 1.4868 1.6214 4.0206 -11.7099 1.4384 51.6042 3.7053 0.0637
Car -1 -1 1.6640 708.7140 168.3419 752.0419 202.6269 1.4726 1.6027 3.9286 5.5926 1.2788 33.0956 1.8296 0.0626
Car -1 -1 -0.3334 828.7939 166.2218 887.5222 184.7083 1.5152 1.6835 4.3020 20.6350 0.9716 59.9898 -0.0038 0.0622
Car -1 -1 -0.6644 404.4596 179.9657 613.5490 268.6235 1.4755 1.5953 3.9453 -1.8688 1.6357 14.2889 -0.7931 0.0620
Car -1 -1 1.8173 466.6137 173.1812 497.0040 191.4898 1.5845 1.6616 4.3888 -11.4233 1.6149 64.7724 1.6431 0.0619
Car -1 -1 3.7799 344.2074 167.6804 406.8965 190.9294 1.5353 1.6116 3.8516 -15.8947 1.1937 49.0293 3.4677 0.0605
Car -1 -1 4.5813 426.1558 173.5810 459.3972 198.1222 1.5075 1.6062 3.7916 -10.7833 1.5565 46.5017 4.3543 0.0600
Car -1 -1 2.8876 708.4100 172.2091 798.0246 204.1581 1.4553 1.5929 3.8354 6.6831 1.4259 33.7783 3.0808 0.0594
Car -1 -1 3.0664 636.0490 157.3596 725.0969 191.5728 1.5487 1.6641 4.0013 3.2465 0.8473 33.5334 3.1618 0.0587
Car -1 -1 4.5432 373.4476 169.3260 410.7090 193.7615 1.5090 1.6318 4.2035 -14.1467 1.2912 46.8044 4.2510 0.0580
Car -1 -1 1.9978 289.1318 173.8516 364.5645 207.4738 1.4759 1.6944 4.2185 -13.1974 1.5259 33.9568 1.6295 0.0578
Car -1 -1 4.1800 993.8832 148.9369 1056.7306 174.7154 1.5724 1.6747 3.9775 26.4255 0.1135 46.0114 4.6986 0.0566
Car -1 -1 2.6048 529.6638 179.1209 585.8004 199.7777 1.5289 1.5865 4.1444 -4.0270 2.0343 56.3522 2.5333 0.0566
Car -1 -1 1.5859 529.6149 176.6564 560.7712 207.3794 1.6587 1.7015 4.2412 -3.6819 1.8898 41.6707 1.4979 0.0554