Car -1 -1 2.0797 0.0000 209.0264 259.4101 375.0000 1.4183 1.5250 3.7802 -3.7067 1.7500 4.6405 1.4329 0.8710
Car -1 -1 0.2519 349.2464 174.4642 504.6665 231.0745 1.6941 1.7688 4.4034 -5.6140 1.7464 22.5502 0.0101 0.8291
Car -1 -1 2.5889 626.3823 174.7459 736.9035 211.8894 1.5625 1.7097 4.7385 3.2519 1.6520 32.3434 2.6876 0.7831
Car -1 -1 2.6929 459.9507 185.3460 568.8793 225.4861 1.4488 1.5902 4.0367 -3.7795 1.9800 28.9128 2.5634 0.2969
Car -1 -1 1.6825 523.2302 183.1386 571.1706 220.8014 1.4446 1.6004 3.9126 -2.5920 1.9109 30.7340 1.5984 0.2946
Car -1 -1 1.6643 0.0000 199.4063 33.1821 225.7349 1.5052 1.6824 3.9685 -39.3240 3.3358 47.6303 0.9767 0.2918
Car -1 -1 5.2648 91.7407 171.8854 165.6020 205.3868 1.9237 1.7350 4.2367 -28.9320 1.8680 43.5751 4.6813 0.1655
Car -1 -1 3.5328 722.9033 182.3937 814.0780 214.0348 1.4642 1.6657 4.1704 7.9838 1.9701 36.3894 3.7465 0.1499
Car -1 -1 4.5891 364.8947 167.9343 399.9303 193.9890 1.5881 1.6740 3.8686 -14.5426 1.2882 46.0858 4.2848 0.1485
Car -1 -1 4.1730 664.7889 173.0313 737.1130 207.4658 1.5290 1.5854 3.9518 4.2558 1.5379 34.1875 4.2952 0.1285
Car -1 -1 4.6517 457.6276 162.0511 488.6633 190.0868 1.7260 1.7255 4.0864 -8.8506 1.0609 46.6125 4.4649 0.1262
Car -1 -1 2.2533 352.7400 172.5447 400.6721 191.9475 1.5352 1.6286 3.9256 -19.0586 1.5107 59.2142 1.9430 0.1124
Car -1 -1 1.7333 718.7267 183.0097 760.6541 212.9103 1.4444 1.5910 3.8739 6.9648 2.0138 38.3664 1.9110 0.0982
Car -1 -1 4.6663 235.4657 186.2243 282.5324 225.6981 1.4847 1.6290 3.7647 -14.8915 2.0889 30.5653 4.2160 0.0975
Car -1 -1 0.5132 556.2588 186.7396 647.7685 218.9994 1.5058 1.7223 4.4240 -0.4072 2.2541 37.0645 0.5016 0.0948
Car -1 -1 4.5751 354.6301 165.9406 384.5895 187.0020 1.5198 1.6033 4.0275 -18.0636 1.0209 54.2272 4.2548 0.0824
Car -1 -1 1.1093 684.6891 182.6475 746.3292 213.0194 1.4692 1.6025 4.0601 5.5800 2.0212 38.4884 1.2516 0.0764
Car -1 -1 1.1780 722.9181 179.8442 783.9027 212.5369 1.4804 1.6299 3.7257 7.0093 1.8437 35.5103 1.3707 0.0761
Car -1 -1 2.5695 493.4026 182.6268 592.7241 221.5562 1.4583 1.5826 3.8271 -2.7021 1.8854 29.7332 2.4791 0.0756
Car -1 -1 4.1127 0.0000 190.5072 54.8079 217.7206 1.5015 1.6325 3.6734 -35.1037 2.5806 42.8031 3.4287 0.0755
Car -1 -1 1.6454 0.0000 191.6610 36.3613 259.0778 1.4696 1.6333 3.9414 -16.2192 2.0179 18.9619 0.9447 0.0753
Car -1 -1 1.2482 492.0867 185.7658 559.9598 224.1530 1.4492 1.6570 4.1511 -3.6574 2.0433 30.9707 1.1310 0.0748
Car -1 -1 -0.1842 712.5203 184.7716 787.2827 214.3892 1.4699 1.6835 3.5465 7.2194 2.1007 37.3431 0.0046 0.0721
Car -1 -1 1.7218 455.7449 196.8756 513.2992 240.4345 1.4184 1.6112 3.6086 -4.6614 2.3883 27.3175 1.5536 0.0715
Car -1 -1 3.4423 364.7440 165.5847 431.8980 185.5758 1.4799 1.6550 4.5626 -15.8547 0.9417 54.2809 3.1593 0.0697
Car -1 -1 -0.0409 680.5107 184.1086 749.7026 214.0637 1.4821 1.6361 3.4780 5.4312 2.0815 37.4340 0.1014 0.0692
Car -1 -1 0.5330 559.3387 185.3577 634.6011 212.1456 1.4939 1.7511 4.2626 -0.7781 2.2832 43.7393 0.5147 0.0662
Car -1 -1 4.7862 717.2402 168.7160 741.3706 189.6610 1.5876 1.5940 3.8693 9.4478 1.2739 56.7578 4.9500 0.0654
Car -1 -1 1.8566 352.2646 173.1709 400.0643 200.7007 1.6013 1.6742 4.1257 -14.1957 1.6216 44.0990 1.5467 0.0654
Car -1 -1 3.6421 357.5684 170.1293 425.7065 194.9913 1.5115 1.6312 3.7509 -13.5881 1.3459 45.0540 3.3505 0.0648
Car -1 -1 5.3534 10.6658 187.7752 87.3225 214.5533 1.4770 1.6602 3.9296 -34.0613 2.4273 43.9776 4.6971 0.0606
Car -1 -1 1.4123 719.6332 185.0984 764.2062 216.1873 1.4440 1.6752 3.5947 6.6863 2.0985 36.7547 1.5902 0.0603
Car -1 -1 3.4949 431.7532 163.5398 501.1512 189.1882 1.5783 1.6573 3.9669 -9.0063 1.0051 45.5314 3.3005 0.0589
Car -1 -1 0.2420 332.9763 169.7134 403.8497 194.5861 1.5228 1.6206 3.9295 -15.0379 1.3305 45.1363 -0.0781 0.0561
Car -1 -1 2.1119 0.0000 196.5201 16.7913 278.7089 1.4773 1.6130 3.9427 -15.4674 2.0798 16.2730 1.3600 0.0544
Car -1 -1 0.3090 459.0288 173.2679 523.3517 194.6652 1.5018 1.5890 4.2747 -8.4745 1.5322 51.7860 0.1472 0.0539
Car -1 -1 3.7208 619.3297 180.0324 693.5630 206.8530 1.4599 1.6193 4.1111 2.7097 1.8981 42.1609 3.7840 0.0536
Car -1 -1 2.1372 471.6365 193.0485 565.0251 238.0457 1.4624 1.5807 4.1020 -3.3929 2.2965 27.6087 2.0153 0.0515
Car -1 -1 3.3352 518.3036 171.9141 578.4912 193.0501 1.4879 1.5830 4.0769 -4.3676 1.4217 51.8029 3.2511 0.0514
Car -1 -1 2.9542 369.4977 165.4225 426.8000 185.8497 1.5934 1.6401 4.1864 -16.9749 1.0137 57.9645 2.6703 0.0510
Car -1 -1 0.6506 657.4477 183.3290 735.1262 214.0752 1.4654 1.6224 3.8120 4.4791 2.0389 37.5955 0.7676 0.0505