Car -1 -1 4.8648 394.0732 186.7261 483.6782 257.9050 1.4458 1.5381 3.4223 -3.9368 1.8085 17.1045 4.6412 0.9797
Car -1 -1 1.6526 458.2416 181.8598 516.9111 236.8536 1.6005 1.5728 3.7380 -3.9042 1.9186 23.5571 1.4895 0.9439
Car -1 -1 3.5839 0.0000 182.8469 217.8615 301.8003 1.5646 1.6897 4.1785 -8.5005 1.7337 10.9554 2.9356 0.9182
Car -1 -1 1.7376 498.5980 181.6957 539.8105 211.0207 1.4980 1.6175 4.0687 -4.9735 2.0156 40.1719 1.6147 0.4814
Car -1 -1 1.7478 486.9878 174.3149 512.8786 191.6217 1.4806 1.5671 4.1513 -9.7142 1.6148 64.1793 1.5979 0.2742
Car -1 -1 4.7743 529.6717 174.3247 549.9271 191.2722 1.4869 1.5894 3.9922 -6.3216 1.6249 65.6787 4.6784 0.2445
Car -1 -1 1.3798 432.7572 173.6404 462.4309 194.1115 1.5690 1.5800 4.0118 -12.9656 1.6341 57.6210 1.1592 0.1651
Car -1 -1 5.1711 50.9437 159.8358 211.1461 240.2856 1.4830 1.3905 3.3860 -9.7922 1.2430 15.0599 4.6024 0.1583
Car -1 -1 4.3322 454.4231 172.1458 496.3527 193.7737 1.4697 1.6052 3.8477 -9.5343 1.4216 51.0859 4.1483 0.1548
Car -1 -1 1.3534 476.3444 172.7305 507.4188 193.3033 1.5868 1.5977 4.1721 -9.4764 1.5773 57.8873 1.1916 0.1472
Car -1 -1 3.3569 460.9969 183.5890 535.4634 212.6957 1.5069 1.6256 3.7121 -5.9770 2.1005 38.9697 3.2052 0.1354
Car -1 -1 1.5567 529.4031 172.8505 548.4365 191.2622 1.5815 1.6238 4.2024 -6.3072 1.5812 64.1548 1.4588 0.0829
Car -1 -1 1.7076 515.0784 178.1732 547.0294 201.5832 1.4906 1.6188 3.9895 -5.2746 1.8659 48.8792 1.6003 0.0815
Car -1 -1 1.5329 490.8479 188.2687 530.4122 224.4588 1.4592 1.6392 4.0915 -4.5879 2.2122 33.0877 1.3955 0.0796
Car -1 -1 4.8681 402.2415 170.1862 434.5339 194.5015 1.5610 1.5352 3.6263 -12.7293 1.3897 48.2030 4.6110 0.0796
Car -1 -1 1.4551 513.8185 191.6848 562.4174 230.8093 1.4348 1.6126 3.6827 -3.0577 2.2777 30.3291 1.3547 0.0716
Car -1 -1 4.9166 392.7253 173.2471 431.7211 198.8557 1.4432 1.5140 3.5921 -11.5900 1.4674 42.5592 4.6520 0.0715
Car -1 -1 1.6605 492.6670 173.7952 515.5046 191.9846 1.5337 1.6137 4.1001 -9.1976 1.6188 63.1465 1.5161 0.0650
Car -1 -1 3.8488 514.6187 188.6176 601.3904 222.6025 1.4545 1.6737 4.0068 -2.4938 2.2482 34.4694 3.7764 0.0640
Car -1 -1 5.1432 486.8206 172.6862 527.7765 193.2778 1.5939 1.6587 4.2014 -8.1842 1.5809 58.1015 5.0036 0.0581
Car -1 -1 1.9369 515.5949 172.4661 551.1927 192.1227 1.6367 1.6771 4.1577 -6.5328 1.6044 62.3055 1.8325 0.0579
Car -1 -1 1.8900 477.8857 173.0526 512.0338 193.1640 1.6570 1.6477 4.1926 -9.7531 1.6746 61.6953 1.7335 0.0574
Car -1 -1 5.8902 0.0000 194.3949 1.8984 375.0000 1.4911 1.5985 3.9857 -8.4825 1.7579 6.7973 5.0144 0.0536
Car -1 -1 1.5088 512.7665 190.7655 554.4520 226.6633 1.4490 1.6640 4.1735 -3.5831 2.3355 33.5141 1.4024 0.0524
Car -1 -1 4.9610 521.9062 172.7320 559.0924 197.4171 1.6348 1.6088 4.0530 -4.7287 1.6267 49.9115 4.8667 0.0518
Car -1 -1 3.3144 515.9670 177.6151 576.2077 200.0528 1.4692 1.6129 3.8229 -4.2505 1.7964 48.6225 3.2273 0.0509
Car -1 -1 3.4312 0.0000 159.7622 161.7131 248.7903 1.5129 1.5829 3.7807 -10.8520 1.2905 13.6853 2.7701 0.0509