Car -1 -1 1.7480 417.1826 181.8609 448.0760 201.4123 1.4374 1.6586 4.1929 -13.9722 2.1778 57.1670 1.5090 0.4197
Car -1 -1 3.1461 582.8321 165.0327 634.6450 188.9890 1.7754 1.7776 3.8403 -0.0583 1.1958 54.3679 3.1447 0.1515
Car -1 -1 4.6940 587.8262 163.8596 611.9089 186.5352 1.6846 1.7790 4.4243 -0.7865 1.0164 55.8431 4.6797 0.1447
Car -1 -1 1.7805 405.8696 178.9679 440.9645 202.3280 1.6467 1.6878 4.2962 -13.9257 2.1243 54.1855 1.5298 0.1329
Car -1 -1 1.7772 416.2714 181.9189 448.9557 203.3500 1.5464 1.6566 4.0523 -13.6506 2.2739 55.8531 1.5382 0.1307
Car -1 -1 1.5990 461.6775 181.7361 484.1228 202.3418 1.4782 1.5854 3.8751 -10.4904 2.1871 55.5551 1.4128 0.1152
Car -1 -1 1.2447 418.9115 178.1177 458.1723 199.8378 1.4986 1.6074 3.9963 -12.5801 1.9002 52.9309 1.0121 0.0911
Car -1 -1 0.3251 399.9249 181.1769 454.6324 201.5945 1.5361 1.6325 3.7961 -14.1304 2.1936 56.0334 0.0788 0.0826
Car -1 -1 1.9710 430.3805 182.7895 470.3927 201.8360 1.4026 1.6879 3.9847 -12.6245 2.2229 57.4541 1.7553 0.0813
Car -1 -1 2.0266 436.8543 182.9790 480.0440 203.7105 1.4865 1.6056 4.1865 -11.7022 2.3055 56.1385 1.8216 0.0712
Car -1 -1 1.7537 403.5468 180.5529 436.2580 202.9448 1.5977 1.6535 4.3400 -14.4686 2.2108 55.2365 1.4983 0.0693
Car -1 -1 1.5711 431.8173 182.3441 454.5475 203.3947 1.4733 1.6165 4.1401 -12.6031 2.2214 54.6789 1.3452 0.0654
Car -1 -1 0.9068 391.4150 181.3308 440.0330 201.9965 1.5123 1.5935 3.8878 -15.0857 2.1925 56.0887 0.6448 0.0606
Car -1 -1 2.1045 385.3568 178.0342 434.0347 200.5219 1.5489 1.6400 3.9629 -14.5694 1.9432 52.8042 1.8363 0.0553
Car -1 -1 4.8151 595.4258 162.7449 624.3790 187.3951 1.8110 1.8024 4.0734 0.0650 1.0683 55.1277 4.8160 0.0514