Car -1 -1 4.5193 824.1042 185.1447 934.5092 256.9771 1.4084 1.6181 4.1930 6.2219 1.7369 17.0918 4.8620 0.9654
Car -1 -1 3.8537 63.7099 164.4408 413.2900 311.9296 1.5955 1.6637 3.7646 -4.5924 1.5045 9.0854 3.3968 0.8800
Car -1 -1 3.9386 0.0000 175.4107 372.2225 354.9222 1.3909 1.5944 3.9219 -4.4539 1.4196 6.8638 3.3801 0.2398
Car -1 -1 2.2128 54.2694 159.2059 430.0482 331.9610 1.4379 1.6096 3.9286 -3.6740 1.3243 8.1009 1.7987 0.1067
Car -1 -1 4.7331 806.3743 185.3822 843.8940 221.3335 1.4869 1.5602 3.2077 9.8351 2.0877 32.8364 5.0210 0.0994
Car -1 -1 1.2499 906.1761 186.9034 1023.2626 248.0141 1.4001 1.6122 4.0608 9.4847 1.8233 19.6174 1.6937 0.0913
Car -1 -1 2.2682 0.0000 174.3307 401.2528 375.0000 1.4003 1.5373 3.6882 -3.4346 1.4172 6.2959 1.7856 0.0906
Car -1 -1 5.5042 0.0000 0.0000 161.2728 375.0000 1.5145 1.5736 3.7515 -3.6795 1.2539 2.9267 4.6495 0.0905
Car -1 -1 1.4917 819.6982 177.3305 848.3870 200.5036 1.5177 1.5900 3.8930 15.5553 1.8416 50.1305 1.7905 0.0855
Car -1 -1 -0.9106 834.4124 175.2525 901.5228 202.5365 1.4736 1.5779 3.8245 14.6874 1.6154 40.9633 -0.5691 0.0754
Car -1 -1 4.7194 307.6949 179.1307 404.2236 267.8653 1.4692 1.5745 3.6111 -4.9405 1.6096 14.1859 4.3894 0.0742
Car -1 -1 2.3644 814.8346 178.5189 874.7797 202.3833 1.5521 1.5820 3.9065 16.0672 1.9512 49.2589 2.6774 0.0670
Car -1 -1 2.9614 892.0413 182.8927 1023.4786 231.0732 1.4802 1.5135 3.6985 11.4129 1.8292 23.8775 3.4019 0.0620
Car -1 -1 1.5787 854.2739 177.7216 887.9305 208.5106 1.4870 1.5678 3.6844 13.5892 1.7533 37.4800 1.9235 0.0619
Car -1 -1 1.7157 825.3053 180.8957 867.4623 211.9400 1.5559 1.6319 4.0305 12.9916 2.0198 39.4533 2.0311 0.0611
Car -1 -1 2.4390 797.1387 178.4790 855.8542 201.5911 1.4969 1.5694 3.6671 14.7011 1.8894 48.8939 2.7290 0.0604
Car -1 -1 4.4175 816.1154 176.0965 862.8459 201.9186 1.4195 1.5461 3.7974 13.3380 1.6171 42.0508 4.7223 0.0590
Car -1 -1 4.3405 834.3886 179.2678 896.8784 213.0700 1.4802 1.5883 3.5433 12.0186 1.7991 34.0771 4.6764 0.0585
Car -1 -1 4.0239 0.0000 115.1864 131.8424 375.0000 1.5111 1.5888 3.8390 -5.0912 1.2561 4.0038 3.1520 0.0554
Car -1 -1 3.1196 831.0602 181.2719 935.4257 220.8681 1.5026 1.6477 3.8718 11.0795 1.8621 29.3961 3.4761 0.0544
Car -1 -1 4.7190 786.6376 185.4154 824.9868 222.0306 1.4818 1.5771 3.6190 8.8399 2.0816 32.4958 4.9816 0.0520
Car -1 -1 2.3461 0.0000 138.5204 316.0806 375.0000 1.5063 1.6277 3.9196 -3.7591 1.3766 4.7780 1.7059 0.0502