Car -1 -1 4.7830 438.2827 188.0453 495.4744 239.3183 1.4076 1.5106 3.3315 -4.3972 1.9198 22.5862 4.5922 0.9555
Car -1 -1 3.4409 88.4456 184.2019 320.9697 264.2484 1.6341 1.7485 4.2671 -8.9767 1.9115 16.3640 2.9456 0.9535
Car -1 -1 1.6598 472.9604 182.8325 522.2518 225.2681 1.5437 1.6183 3.9048 -4.4601 1.9749 29.1856 1.5089 0.8857
Car -1 -1 1.4365 474.0876 173.5562 499.2606 193.1322 1.6528 1.6405 4.1107 -10.8077 1.7165 63.2831 1.2677 0.2181
Car -1 -1 1.3672 460.8369 174.7302 491.8333 194.7550 1.4887 1.6067 3.9541 -10.4048 1.6403 56.1741 1.1846 0.1969
Car -1 -1 1.6605 499.2620 181.1613 530.5045 207.6016 1.5575 1.6045 4.0964 -5.9759 2.1097 45.8860 1.5313 0.1960
Car -1 -1 1.4417 438.5034 174.1627 462.9270 192.0181 1.4986 1.5706 4.1024 -13.9141 1.6170 63.0760 1.2251 0.1832
Car -1 -1 0.2307 140.0530 184.5584 324.3286 250.4186 1.5083 1.5897 3.8465 -9.3555 1.8232 18.1876 -0.2388 0.1351
Car -1 -1 3.6517 472.4326 183.2440 539.4923 208.3391 1.4760 1.6359 3.8389 -6.4715 2.1463 45.0965 3.5095 0.0900
Car -1 -1 3.2725 449.1550 181.2068 498.3849 199.5131 1.6711 1.7845 4.3492 -12.7244 2.4676 67.7957 3.0873 0.0812
Car -1 -1 1.3011 491.5497 190.4143 549.4642 225.1834 1.4567 1.6917 4.2789 -4.3678 2.3609 34.8527 1.1767 0.0772
Car -1 -1 1.5948 443.3951 174.3347 463.5286 192.8043 1.5212 1.5875 4.0475 -13.3633 1.6527 61.9079 1.3828 0.0728
Car -1 -1 -0.0724 516.9401 189.1392 597.9654 219.4297 1.4569 1.6921 4.0363 -2.7060 2.3185 37.0478 -0.1455 0.0663
Car -1 -1 4.8845 258.2743 188.2777 347.3350 249.5416 1.4495 1.6162 3.8982 -8.4581 1.9256 20.1965 4.4921 0.0601
Car -1 -1 3.2266 448.7912 174.7588 502.5308 194.6545 1.4957 1.5876 3.9357 -10.2465 1.6446 55.4120 3.0443 0.0575
Car -1 -1 1.6300 499.0503 182.0884 530.6237 210.1844 1.5416 1.6189 4.2955 -5.6277 2.1231 43.2350 1.5008 0.0562
Car -1 -1 4.5349 517.7584 184.9892 568.6828 221.9548 1.4687 1.6107 3.7261 -2.9976 2.0406 31.9976 4.4416 0.0538