Car -1 -1 1.7486 412.3437 188.5924 520.7982 272.0536 1.4546 1.5631 3.7087 -2.8598 1.8253 15.1360 1.5641 0.9578
Car -1 -1 4.5604 668.1375 182.2625 747.6548 239.5785 1.4184 1.6067 4.2148 2.7036 1.7158 20.6810 4.6877 0.9573
Car -1 -1 4.8438 454.9497 188.2991 533.2560 248.2743 1.4738 1.6849 4.1616 -3.2320 1.9663 20.9095 4.6916 0.8568
Car -1 -1 4.8018 524.1903 183.8187 566.3054 217.2758 1.4017 1.5930 3.9875 -2.9308 1.9416 33.5336 4.7147 0.8564
Car -1 -1 1.5081 549.4557 178.7945 580.3870 206.0457 1.5572 1.6377 4.0949 -2.7817 1.9395 44.2951 1.4453 0.4694
Car -1 -1 4.7166 630.7134 177.4959 652.2154 198.6480 1.5094 1.5581 3.6160 2.4000 1.8696 54.1406 4.7602 0.4451
Car -1 -1 1.3270 515.7361 175.2658 545.2664 193.3650 1.4881 1.6043 4.0030 -6.8321 1.7028 62.0551 1.2174 0.2598
Car -1 -1 4.5843 639.7886 174.0547 681.8630 206.2011 1.5032 1.6063 3.7641 2.4911 1.5660 35.8114 4.6527 0.2362
Car -1 -1 1.7200 544.9434 170.5842 579.8745 196.3946 1.6000 1.6575 4.1815 -3.0149 1.4593 46.8824 1.6558 0.1932
Car -1 -1 4.7011 670.2695 180.0752 717.2991 223.1758 1.3962 1.5602 3.7004 2.9983 1.6750 25.9373 4.8142 0.1837
Car -1 -1 1.5981 612.3301 178.3279 630.8330 195.0576 1.4809 1.6158 3.9555 1.1445 2.0059 67.1951 1.6147 0.1810
Car -1 -1 3.6229 510.8850 172.0112 575.8920 196.5265 1.5122 1.6116 3.8120 -4.2155 1.4602 45.9763 3.5317 0.1189
Car -1 -1 5.0228 464.6230 172.8663 514.7245 202.3125 1.4759 1.5592 3.6597 -6.2702 1.4766 38.0916 4.8604 0.1178
Car -1 -1 -0.0704 670.6645 179.0000 787.0550 223.0374 1.4390 1.5893 3.8327 4.0267 1.6584 24.8050 0.0880 0.1110
Car -1 -1 1.6828 638.5292 171.0448 683.7172 205.8995 1.4975 1.6232 4.0773 2.4274 1.4198 33.1539 1.7547 0.1094
Car -1 -1 1.4848 624.9998 174.6898 653.1478 199.1708 1.6708 1.6547 4.1991 2.0747 1.8078 51.7006 1.5242 0.0935
Car -1 -1 3.1433 513.9542 174.0765 557.1243 190.0163 1.4739 1.5790 3.9920 -6.9537 1.5906 67.8567 3.0413 0.0791
Car -1 -1 0.1730 523.9611 177.2242 597.2623 205.3830 1.6833 1.6736 4.2879 -2.9895 1.9594 44.5213 0.1059 0.0754
Car -1 -1 4.8780 481.3904 181.9293 520.3640 209.2048 1.4487 1.5974 3.8759 -6.2102 1.9962 41.5745 4.7302 0.0712
Car -1 -1 1.6795 519.9991 174.7912 544.5572 193.5852 1.5188 1.6106 4.1970 -6.4809 1.6878 60.8422 1.5735 0.0685
Car -1 -1 3.1848 528.7571 174.2145 591.0191 199.7579 1.5827 1.6051 3.8629 -3.1058 1.6704 45.6489 3.1168 0.0679
Car -1 -1 1.4640 732.9236 185.3613 797.5999 236.5693 1.4640 1.6379 3.9195 5.0128 1.9092 23.6514 1.6695 0.0677
Car -1 -1 3.3817 463.7718 178.4101 543.7551 207.8553 1.4574 1.5610 3.7987 -5.3971 1.7500 37.0338 3.2376 0.0642
Car -1 -1 3.1373 505.5494 175.6531 551.1331 193.7751 1.5014 1.5865 3.7862 -6.8736 1.7423 61.0972 3.0254 0.0609
Car -1 -1 4.7581 644.3731 181.8904 691.3804 225.9435 1.4040 1.5011 3.5794 2.1266 1.7485 25.6338 4.8392 0.0604
Car -1 -1 1.7234 490.9502 180.0602 527.3607 208.1478 1.5867 1.6102 3.8673 -6.0332 2.0426 43.7053 1.5866 0.0572
Car -1 -1 4.5945 619.2963 173.2232 661.2155 205.1114 1.4845 1.6118 3.9086 1.4618 1.5038 35.6480 4.6346 0.0565
Car -1 -1 2.5655 600.4918 183.1354 724.6844 229.8687 1.4508 1.5327 4.0780 1.8483 1.8275 24.7827 2.6382 0.0560
Car -1 -1 1.8316 531.5463 180.8757 576.1182 208.0337 1.4948 1.6627 4.0540 -3.2741 1.9981 43.1273 1.7558 0.0544
Car -1 -1 1.5583 681.5192 175.2486 707.9214 201.6712 1.5671 1.5709 3.7147 5.2914 1.7230 45.0707 1.6740 0.0539
Car -1 -1 1.5409 622.8085 168.8787 661.1608 203.9765 1.5086 1.6242 4.0773 1.4313 1.3377 33.0623 1.5833 0.0526
Car -1 -1 2.9085 594.7402 177.2421 639.7797 194.4433 1.5386 1.5728 3.8825 0.6975 1.9494 66.3461 2.9185 0.0522
Car -1 -1 1.7354 666.4529 178.9547 697.2031 201.2589 1.5028 1.5831 3.8940 5.2281 1.9587 51.8419 1.8348 0.0517
Car -1 -1 1.6144 564.0512 177.8810 593.0309 206.7858 1.6693 1.6066 3.9026 -1.8653 1.9915 44.3004 1.5721 0.0514
Car -1 -1 -0.4855 645.5358 179.9813 764.8300 222.7467 1.4117 1.6104 3.9206 3.4048 1.6801 25.7357 -0.3562 0.0509
Car -1 -1 -0.1102 622.8713 182.4278 731.6733 224.8691 1.4297 1.5089 3.6738 2.3348 1.7780 25.4552 -0.0205 0.0508
Car -1 -1 1.9564 333.7281 181.3091 440.1336 239.3346 1.4794 1.5930 3.8645 -6.3364 1.7486 20.9778 1.6661 0.0506
Car -1 -1 3.1116 637.1317 174.5538 720.1445 206.6006 1.4981 1.6148 3.8904 3.2944 1.5822 34.7575 3.2048 0.0502