Car -1 -1 1.2379 388.2732 181.5931 426.8402 201.3466 1.4663 1.6735 4.2607 -16.2044 2.1929 57.7591 0.9652 0.2228
Car -1 -1 4.7388 804.0585 153.1897 834.5044 181.4652 1.5857 1.6294 3.5798 12.3595 0.4829 42.4163 5.0204 0.2143
Car -1 -1 4.3255 584.0790 168.2137 623.3469 190.4972 1.6651 1.6636 3.9969 -0.4958 1.3184 56.0807 4.3163 0.1902
Car -1 -1 4.5324 818.1256 170.2305 843.7224 186.5853 1.4353 1.5586 3.7639 19.9927 1.2050 65.2793 4.8281 0.1633
Car -1 -1 1.6247 552.6722 177.8434 572.8371 194.8322 1.4926 1.6389 4.1152 -4.2960 1.9679 66.6723 1.5602 0.1424
Car -1 -1 4.5508 1093.3425 158.1301 1135.3038 185.5077 1.7269 1.6618 3.8185 33.2341 0.7982 47.5932 5.1574 0.1342
Car -1 -1 4.7927 628.8188 170.7063 649.9005 187.9440 1.5278 1.6197 3.8867 2.7516 1.3374 65.9764 4.8339 0.1320
Car -1 -1 1.4297 477.4720 173.8838 506.0333 195.3638 1.5893 1.6190 4.0966 -9.1434 1.6721 55.7937 1.2677 0.1291
Car -1 -1 4.5054 469.6830 178.0081 502.3469 199.9254 1.4652 1.5471 3.7517 -8.8029 1.8456 51.2188 4.3357 0.1284
Car -1 -1 2.4698 396.6411 178.9371 456.0731 198.9279 1.5030 1.7304 4.5361 -14.6719 2.0115 57.9923 2.2228 0.1242
Car -1 -1 1.1349 1018.9285 174.0666 1061.0526 190.7754 1.4483 1.5919 4.2873 38.7559 1.5614 65.0753 1.6698 0.1031
Car -1 -1 4.4145 919.3885 154.5573 968.1501 182.8134 1.6293 1.6610 3.6429 20.0933 0.5743 43.5198 4.8444 0.0935
Car -1 -1 4.5793 815.7657 150.2299 862.9508 185.6155 1.6120 1.6471 4.0028 11.0722 0.5814 34.9821 4.8833 0.0922
Car -1 -1 1.4292 497.6187 178.9934 523.2368 198.9919 1.5578 1.5660 3.8468 -8.2088 2.0820 59.5375 1.2924 0.0865
Car -1 -1 2.8617 784.8413 152.3596 862.0590 180.8728 1.6124 1.6661 3.9657 12.3005 0.4535 41.6468 3.1468 0.0836
Car -1 -1 5.1903 479.8401 177.4120 525.7427 199.7667 1.4971 1.6113 3.8990 -7.5387 1.8344 51.2860 5.0447 0.0734
Car -1 -1 1.6527 470.9480 176.7456 491.1483 192.3739 1.4038 1.5460 4.0118 -12.0669 1.7813 67.9131 1.4772 0.0713
Car -1 -1 4.4600 577.2156 168.7312 616.7849 193.7722 1.4878 1.5709 3.7488 -0.8250 1.2428 44.8859 4.4414 0.0703
Car -1 -1 1.5965 423.5673 178.1086 445.4996 196.9607 1.4569 1.6375 4.0678 -14.3099 1.9033 59.1273 1.3598 0.0656
Car -1 -1 1.7176 400.6033 180.3874 430.6173 201.7141 1.5689 1.6840 4.1627 -15.2158 2.1843 56.7740 1.4565 0.0641
Car -1 -1 2.7610 522.5315 177.7354 570.3339 194.9024 1.4907 1.5582 4.0086 -5.6940 1.9423 65.1611 2.6738 0.0595
Car -1 -1 2.6874 1098.8721 158.9963 1182.2917 184.0155 1.5673 1.6572 3.9967 34.0568 0.6992 46.3670 3.3178 0.0579
Car -1 -1 1.5662 1041.7493 171.6798 1064.1038 189.4827 1.4966 1.6122 4.2891 38.6322 1.3979 62.9101 2.1146 0.0528
Car -1 -1 3.0164 919.4724 151.6861 1000.3479 179.3918 1.5748 1.6790 4.0986 20.5350 0.3716 42.4581 3.4641 0.0521
Car -1 -1 4.5782 820.4608 168.2272 845.4901 186.5053 1.5597 1.5848 3.9705 19.6746 1.1649 63.6573 4.8764 0.0520
Car -1 -1 1.2602 905.9549 153.3732 958.4875 181.4435 1.5765 1.6771 3.9946 18.9742 0.4824 42.5991 1.6766 0.0513