Car -1 -1 1.6678 399.2812 184.1838 472.6649 244.5816 1.4274 1.5828 3.4804 -4.6147 1.7634 19.5683 1.4385 0.9276
Car -1 -1 1.0302 341.9050 180.1189 430.2859 220.7569 1.5046 1.5954 4.0162 -9.1326 1.8195 29.3406 0.7306 0.7558
Car -1 -1 2.7031 622.4047 172.0679 702.2604 197.5082 1.5613 1.6999 4.8036 3.3635 1.5131 45.9366 2.7753 0.4573
Car -1 -1 2.5762 503.5056 176.4947 579.9286 204.9310 1.5733 1.6570 4.2395 -3.9501 1.7970 42.3731 2.4834 0.3908
Car -1 -1 1.6250 505.9903 177.6050 536.5206 203.6634 1.4390 1.5723 3.9706 -5.1730 1.7331 42.6204 1.5045 0.2491
Car -1 -1 5.3200 0.0000 190.7829 101.0082 273.5031 1.4529 1.5673 3.5333 -12.7022 1.8780 15.2852 4.6351 0.1912
Car -1 -1 5.0364 529.9034 176.3802 588.8696 208.7878 1.3997 1.6200 3.7704 -2.2727 1.5740 33.6344 4.9689 0.1817
Car -1 -1 5.4325 548.2301 179.7038 610.0452 205.4716 1.4744 1.6273 3.9056 -1.8286 1.9152 44.3966 5.3910 0.1696
Car -1 -1 2.2464 0.0000 184.9675 32.1125 279.2485 1.4225 1.5420 3.5404 -12.6389 1.6744 13.1810 1.4920 0.1206
Car -1 -1 4.5554 389.5288 175.1181 423.1264 197.4710 1.4321 1.5937 3.9258 -13.7712 1.5918 48.7721 4.2814 0.1058
Car -1 -1 4.2779 0.0000 188.6919 33.1350 272.3890 1.4577 1.6055 3.8173 -13.7401 1.8102 14.5906 3.5316 0.1055
Car -1 -1 1.6449 449.3675 187.6881 490.2784 220.7645 1.4493 1.6741 4.1897 -6.8608 2.2289 35.7449 1.4561 0.0975
Car -1 -1 4.5246 612.9968 172.2144 651.5755 197.8463 1.5795 1.7062 4.3678 1.4185 1.5401 46.7528 4.5543 0.0970
Car -1 -1 4.7110 505.9123 173.3011 524.5327 191.3391 1.5677 1.6100 3.9439 -8.4827 1.6092 64.8726 4.5812 0.0963
Car -1 -1 1.4034 455.3651 185.3318 483.9381 205.1968 1.4682 1.6263 3.9390 -11.3030 2.5103 58.1332 1.2118 0.0961
Car -1 -1 1.3542 561.2639 182.2737 591.6989 202.4818 1.4931 1.6115 3.9103 -2.6652 2.2694 57.3651 1.3075 0.0910
Car -1 -1 0.5623 473.0199 178.4327 543.3713 204.9276 1.4596 1.5279 3.8140 -5.8839 1.7947 41.8532 0.4231 0.0876
Car -1 -1 1.8204 0.0000 178.6169 40.3243 255.3628 1.5415 1.6412 3.9047 -14.8786 1.6936 16.9232 1.1069 0.0855
Car -1 -1 1.5813 467.9101 173.4822 486.3650 193.5934 1.7311 1.5690 3.7441 -11.7609 1.7887 64.2090 1.4006 0.0849
Car -1 -1 4.3287 658.3691 169.0125 703.7910 195.0865 1.6465 1.6537 3.8609 4.6720 1.4039 47.6475 4.4255 0.0836
Car -1 -1 4.5078 340.8130 175.1040 377.3091 198.6246 1.5059 1.5774 3.8545 -16.9217 1.6641 48.6502 4.1745 0.0819
Car -1 -1 -0.4688 646.9461 169.7424 714.9359 194.9387 1.5738 1.6629 4.0541 4.6061 1.3794 46.5784 -0.3712 0.0792
Car -1 -1 3.7718 343.7107 175.0813 412.3310 201.1564 1.6468 1.6777 4.0748 -15.1569 1.7972 47.2556 3.4627 0.0789
Car -1 -1 4.8695 538.1697 177.4519 576.2874 205.1695 1.5609 1.6807 3.9651 -3.0944 1.8502 43.3591 4.7983 0.0784
Car -1 -1 4.8427 564.0339 172.4833 586.6777 189.2119 1.4649 1.5705 3.7130 -3.0580 1.4324 65.0995 4.7956 0.0770
Car -1 -1 1.2004 0.0000 166.5422 71.2321 221.3472 1.5207 1.5423 3.7240 -17.9406 1.3456 21.6076 0.5134 0.0750
Car -1 -1 5.1660 384.4390 169.4222 429.9804 191.1300 1.5717 1.6827 4.0792 -15.1976 1.3232 54.4000 4.8946 0.0730
Car -1 -1 1.6109 458.8481 186.7722 498.0486 222.9872 1.4612 1.5841 3.7337 -5.8661 2.1273 32.5753 1.4335 0.0685
Car -1 -1 -0.4594 533.9270 175.6645 628.5029 209.9098 1.4624 1.6101 3.9883 -1.2702 1.5964 32.7455 -0.4984 0.0653
Car -1 -1 1.7686 0.0000 184.4701 58.7074 265.2133 1.4680 1.6511 4.0372 -13.5580 1.7591 15.9097 1.0710 0.0596
Car -1 -1 1.9347 485.1526 177.7805 540.1224 208.6015 1.5817 1.6761 4.0404 -5.2890 1.8687 39.8769 1.8032 0.0581
Car -1 -1 0.2484 337.1531 158.2639 414.3381 186.0530 1.6625 1.6661 4.2087 -14.2483 0.7896 44.1286 -0.0623 0.0563
Car -1 -1 4.7980 372.4312 157.3240 406.3501 185.4258 1.6756 1.6954 3.8459 -13.7072 0.7496 45.0796 4.5042 0.0538
Car -1 -1 -0.2311 531.4402 179.1516 597.1529 205.2366 1.5005 1.5779 3.6825 -2.7336 1.8907 43.4158 -0.2941 0.0537
Car -1 -1 1.4667 607.9124 179.7223 632.1509 199.5238 1.4995 1.5699 3.6285 0.8100 2.0677 57.8185 1.4802 0.0514
Car -1 -1 4.1935 457.3850 181.5221 517.7727 208.7890 1.4544 1.6313 4.1197 -7.1349 1.9836 41.9381 4.0256 0.0506
Car -1 -1 5.3361 0.0000 184.0644 153.8718 261.6978 1.4556 1.5692 3.8110 -12.0711 1.7339 15.9990 4.6976 0.0501