Car -1 -1 3.7014 0.0000 203.0308 192.8404 327.5579 1.4083 1.4927 3.6574 -7.8029 1.8478 9.5625 3.0305 0.9485
Car -1 -1 3.3151 270.8038 179.3948 388.7939 220.9221 1.5282 1.6131 4.0617 -10.7988 1.7936 28.0995 2.9509 0.8871
Car -1 -1 3.5135 0.0000 195.1997 221.7290 306.9227 1.5523 1.6269 3.6795 -8.5718 1.9549 11.7602 2.8942 0.8709
Car -1 -1 -0.3810 639.1619 174.3428 823.7274 240.2379 1.5071 1.7233 4.1608 2.9667 1.5466 17.8552 -0.2199 0.8639
Car -1 -1 0.3054 98.4873 182.0595 310.1800 252.1779 1.5636 1.6490 4.2020 -9.7175 1.8038 17.6191 -0.1926 0.8221
Car -1 -1 -0.2446 589.4449 173.2473 694.7194 214.1243 1.5457 1.6419 3.8701 1.2542 1.5619 28.4989 -0.2017 0.7927
Car -1 -1 0.3465 216.3020 180.3462 363.7655 228.0472 1.4386 1.4525 4.0215 -10.0452 1.6850 22.8802 -0.0633 0.7285
Car -1 -1 3.4547 170.8122 189.2915 340.0267 246.5510 1.4744 1.6111 3.9566 -9.8148 1.9600 20.2507 3.0081 0.6810
Car -1 -1 4.5602 291.3848 168.0514 325.4855 190.5192 1.4959 1.6031 4.0093 -20.9682 1.1762 50.1696 4.1660 0.4175
Car -1 -1 2.1103 183.5730 181.7101 301.8734 234.8365 1.4288 1.5355 3.6205 -10.9873 1.7204 21.8925 1.6497 0.2118
Car -1 -1 4.4078 400.5107 175.4377 431.1497 192.4441 1.4749 1.6033 3.8256 -17.5425 1.7159 65.2429 4.1458 0.1876
Car -1 -1 4.7489 268.2119 168.0464 302.3216 197.1909 1.6374 1.6828 4.0752 -19.1583 1.3673 42.7424 4.3296 0.1845
Car -1 -1 4.5206 766.2886 168.7443 807.3794 198.3093 1.6594 1.6332 3.8494 10.3760 1.4288 42.4592 4.7583 0.1819
Car -1 -1 1.1374 180.5658 173.8886 230.0199 196.0414 1.5516 1.6149 4.0025 -29.4546 1.6296 52.5387 0.6284 0.1674
Car -1 -1 -0.0554 589.8981 160.4227 653.6362 181.4630 1.4479 1.5687 4.3809 0.8240 0.5924 50.5212 -0.0394 0.1564
Car -1 -1 4.4306 415.3928 173.1869 445.0779 191.2774 1.6674 1.6860 4.0521 -17.1167 1.7002 68.7614 4.1873 0.1409
Car -1 -1 1.3555 632.2883 159.1696 677.5350 188.1097 1.5013 1.6310 4.0989 2.4283 0.7914 39.5802 1.4160 0.1383
Car -1 -1 3.9138 119.0718 167.9337 205.6125 198.2273 1.5559 1.6574 3.8415 -23.7080 1.3032 38.2879 3.3623 0.1302
Car -1 -1 -0.1513 587.7180 171.8734 680.9131 207.3363 1.4673 1.5341 3.7914 1.0235 1.4267 30.8411 -0.1190 0.1188
Car -1 -1 4.9637 226.5660 177.9352 311.0327 227.5208 1.4438 1.5527 3.8227 -10.9534 1.6231 23.4435 4.5307 0.1177
Car -1 -1 4.8684 340.8505 169.6184 390.3117 204.1212 1.5306 1.6303 3.7577 -11.4270 1.3870 33.9956 4.5462 0.1068
Car -1 -1 4.8213 591.1711 160.0723 620.3224 183.5344 1.6083 1.6531 4.0243 -0.2337 0.7321 51.5486 4.8165 0.1030
Car -1 -1 5.3004 156.3200 166.9416 232.8254 197.2114 1.5669 1.6477 4.0401 -22.5708 1.2609 39.4243 4.7832 0.0909
Car -1 -1 3.3315 156.7845 179.6996 297.7469 229.8920 1.4629 1.5489 3.6750 -11.8721 1.6897 22.6406 2.8530 0.0901
Car -1 -1 4.5832 650.3711 163.8515 689.3251 192.8430 1.5254 1.6275 4.1373 3.2934 1.0518 40.0703 4.6643 0.0854
Car -1 -1 3.9244 0.0000 184.5131 45.2411 370.2954 1.4994 1.6005 3.8788 -7.9592 1.6248 6.8491 3.0836 0.0804
Car -1 -1 1.7529 297.1136 180.3973 368.7967 228.0437 1.4214 1.5460 3.8739 -9.1812 1.6959 24.2145 1.3937 0.0794
Car -1 -1 5.0222 718.0200 161.8085 781.7119 199.5363 1.4846 1.5797 3.7091 5.9660 1.0499 30.3979 5.2138 0.0775
Car -1 -1 4.7719 107.9030 164.0074 166.6645 207.1302 1.4989 1.6069 3.6512 -17.6340 1.1914 27.0645 4.1988 0.0758
Car -1 -1 4.5921 238.6178 168.2372 287.7790 202.3725 1.4944 1.6285 3.7955 -16.1814 1.2923 33.6264 4.1464 0.0749
Car -1 -1 1.7174 747.0361 168.3968 795.0792 203.8137 1.5889 1.6560 4.2075 7.8067 1.3889 34.6303 1.9369 0.0742
Car -1 -1 -0.1665 618.2745 162.7224 682.3589 184.7901 1.5198 1.6656 4.2831 2.8409 0.8220 50.7576 -0.1111 0.0739
Car -1 -1 4.9463 74.9860 196.0943 257.3056 315.9211 1.6428 1.7771 4.3278 -7.7707 2.1405 13.1234 4.4201 0.0722
Car -1 -1 4.5966 585.4927 171.3503 631.0072 206.4595 1.4512 1.5884 3.5907 -0.1108 1.3891 31.7023 4.5927 0.0718
Car -1 -1 3.9855 146.5011 167.3886 233.6170 196.7070 1.5469 1.6974 4.3133 -22.9893 1.2585 39.5546 3.4618 0.0707
Car -1 -1 4.6966 373.5483 169.6773 410.1185 204.0038 1.5479 1.5906 3.5721 -10.4251 1.4046 34.4788 4.4048 0.0703
Car -1 -1 4.7409 279.5998 173.4125 303.5684 193.7259 1.5413 1.6125 3.9719 -25.0882 1.5871 57.0100 4.3278 0.0694
Car -1 -1 4.5787 733.1061 174.8577 767.0797 199.1301 1.4607 1.5931 3.9538 8.8677 1.5934 45.7729 4.7685 0.0664
Car -1 -1 2.0603 0.0000 176.7356 73.8652 375.0000 1.4576 1.5337 3.5322 -6.2408 1.5010 6.1627 1.2902 0.0661
Car -1 -1 1.7758 710.9469 172.2823 773.3981 214.8063 1.5465 1.6273 4.0633 5.2933 1.5257 28.4297 1.9575 0.0617
Car -1 -1 3.3739 94.7475 169.6204 193.3946 199.2676 1.5510 1.6908 4.2295 -25.2141 1.3818 39.2419 2.8058 0.0600
Car -1 -1 1.3518 290.9290 168.8372 330.1579 192.6341 1.5442 1.6217 4.0479 -20.3156 1.2835 48.9441 0.9601 0.0597
Car -1 -1 3.3309 164.8896 181.8452 312.9050 234.1544 1.4524 1.5387 3.7314 -11.0254 1.7385 21.7115 2.8657 0.0596
Car -1 -1 1.8897 749.1134 169.5725 783.5071 188.6185 1.5572 1.6496 4.1014 13.3230 1.2889 61.1789 2.1028 0.0595
Car -1 -1 3.1927 627.3133 164.0537 702.1743 193.3082 1.5419 1.6166 3.9654 3.0174 1.0781 39.0840 3.2688 0.0589
Car -1 -1 1.6090 409.5836 175.6760 429.5118 193.0502 1.4785 1.5621 3.8503 -16.8556 1.7372 64.1138 1.3526 0.0575
Car -1 -1 4.2252 741.1283 168.8253 800.3784 197.0589 1.5943 1.6602 4.2038 9.5301 1.3668 42.9902 4.4415 0.0571
Car -1 -1 4.7263 768.7057 172.3612 810.8997 210.2650 1.4550 1.5829 3.9368 7.4624 1.4361 29.8018 4.9688 0.0568
Car -1 -1 4.5482 694.7533 164.6646 747.5710 202.3085 1.4903 1.6076 3.6768 4.6375 1.1661 30.4146 4.6977 0.0567
Car -1 -1 3.1103 711.8300 175.7752 791.4622 205.9046 1.4550 1.6130 3.8317 7.0755 1.6059 36.1600 3.3015 0.0559
Car -1 -1 1.4626 269.2072 168.4349 308.8540 197.8645 1.6076 1.6716 3.9883 -18.4976 1.3662 41.5588 1.0460 0.0558
Car -1 -1 1.9201 391.9052 173.7718 427.2130 193.4810 1.6581 1.6397 4.1695 -17.4263 1.7410 63.0461 1.6513 0.0558
Car -1 -1 4.7740 798.4019 175.3625 829.6791 202.3932 1.5329 1.5820 3.8189 12.3226 1.6908 43.3639 5.0486 0.0547
Car -1 -1 1.9086 727.2730 166.3724 769.7903 188.6211 1.6548 1.8333 4.5825 10.8516 1.1728 56.1089 2.0984 0.0537
Car -1 -1 4.3286 569.1791 160.9008 613.4559 185.0780 1.6480 1.6996 4.2114 -1.3497 0.8332 51.4536 4.3022 0.0525
Car -1 -1 4.6499 589.4062 159.6022 626.4217 192.1280 1.5145 1.5912 3.5992 -0.1255 0.8975 35.4455 4.6460 0.0524
Car -1 -1 4.4233 787.0435 180.9619 853.5751 219.3834 1.4203 1.5594 3.8171 8.4993 1.7722 29.3987 4.7015 0.0523
Car -1 -1 4.5208 587.3015 172.9966 642.3087 213.2449 1.5458 1.5331 3.9799 0.1478 1.5521 29.8250 4.5251 0.0513
Car -1 -1 4.7126 792.3317 172.8594 823.7126 201.3860 1.5771 1.6821 4.2063 11.5819 1.5775 42.1422 4.9786 0.0511
Car -1 -1 1.7137 283.7876 175.5521 310.7927 194.5578 1.5338 1.5602 3.7814 -26.2904 1.7689 60.8351 1.3072 0.0507
Car -1 -1 4.1543 391.4870 175.1630 433.0148 192.8669 1.5745 1.6924 4.2934 -18.2887 1.7949 66.7920 3.8878 0.0501