Car -1 -1 1.7323 435.9678 191.0436 528.2463 258.6038 1.4204 1.6506 3.9442 -3.0902 1.9292 18.2097 1.5658 0.9757
Car -1 -1 4.3007 784.6137 153.6774 1242.0000 375.0000 1.6208 1.5786 3.5769 2.3370 1.5429 4.7330 4.7338 0.9377
Car -1 -1 5.1316 0.0000 191.8995 384.6505 375.0000 1.4159 1.6407 4.2202 -2.8040 1.5998 4.7913 4.6250 0.9326
Car -1 -1 4.4585 719.2499 186.6045 931.3063 326.3822 1.4156 1.6400 4.1026 2.6174 1.6407 9.7628 4.7117 0.9172
Car -1 -1 4.4670 661.6334 192.0982 787.4368 276.5901 1.4015 1.5878 4.1155 2.2294 1.8601 15.0664 4.6099 0.8873
Car -1 -1 4.5839 625.5798 178.6735 658.8424 203.3797 1.4459 1.5729 4.0529 2.0047 1.8280 45.2952 4.6274 0.7468
Car -1 -1 1.5568 528.0770 182.7206 559.3244 212.2606 1.4848 1.6299 4.1478 -3.6661 2.0592 39.8519 1.4652 0.6357
Car -1 -1 1.8295 356.0729 211.3802 497.3055 310.0961 1.4045 1.6274 3.7999 -3.2847 2.2377 13.6854 1.5971 0.5073
Car -1 -1 1.5608 554.2769 179.9687 574.5862 200.2188 1.5319 1.5757 4.0150 -3.6535 2.1250 58.0898 1.4978 0.3662
Car -1 -1 4.8698 406.2884 184.7385 452.0372 215.6700 1.4311 1.6338 4.2471 -9.2433 2.0806 37.2479 4.6278 0.2608
Car -1 -1 4.5007 762.3585 161.1077 850.8392 215.4717 1.4142 1.6185 4.0278 5.5594 1.1086 20.8180 4.7578 0.2011
Car -1 -1 1.5835 506.6759 187.6000 528.2611 208.7386 1.4956 1.6035 3.9838 -7.1205 2.6826 56.0095 1.4572 0.1886
Car -1 -1 -0.2685 776.0485 157.8167 951.3472 214.7755 1.4550 1.6330 4.1499 6.7089 1.0709 19.3714 0.0599 0.1751
Car -1 -1 4.9283 435.1213 186.8387 486.8907 223.8182 1.5560 1.5964 3.7136 -6.8603 2.2442 33.6426 4.7281 0.1647
Car -1 -1 0.1362 490.2941 182.1837 534.6480 199.3277 1.5026 1.5732 3.7741 -8.7077 2.3519 64.8919 0.0030 0.1424
Car -1 -1 5.3254 0.0000 189.8349 172.8890 327.4550 1.5743 1.6947 4.3390 -8.7411 1.8853 11.0054 4.6657 0.1260
Car -1 -1 1.7208 515.5374 180.8244 539.3856 198.0353 1.4771 1.5869 3.9416 -7.4522 2.2258 65.7771 1.6081 0.1250
Car -1 -1 1.7330 405.8694 188.0539 450.3732 219.5674 1.3930 1.5210 3.9235 -8.9547 2.1909 35.8582 1.4895 0.1207
Car -1 -1 1.4525 522.0887 181.8642 562.7388 214.9655 1.6032 1.6821 3.9721 -3.6062 2.1069 38.2179 1.3585 0.1135
Car -1 -1 3.3323 440.4479 190.1652 532.2333 223.5876 1.4990 1.6563 4.0388 -5.7810 2.3391 34.1427 3.1652 0.1082
Car -1 -1 3.0279 509.7302 180.8626 557.2144 198.0002 1.4871 1.5881 4.0982 -6.8620 2.2217 64.9696 2.9227 0.0999
Car -1 -1 1.5491 670.9016 178.0318 697.7474 202.2605 1.5072 1.6765 4.2558 4.9337 1.8673 48.0063 1.6504 0.0972
Car -1 -1 -0.2413 605.7446 170.9123 658.1057 188.7245 1.4441 1.6209 4.0613 1.8377 1.2867 59.7151 -0.2110 0.0946
Car -1 -1 4.6521 619.5420 170.1049 641.8888 188.7471 1.5128 1.6309 4.0551 1.7460 1.2897 60.6044 4.6804 0.0895
Car -1 -1 0.8334 480.6717 182.7140 524.7744 200.4763 1.4919 1.6685 3.9739 -9.5870 2.4010 64.6211 0.6863 0.0872
Car -1 -1 1.6184 617.7957 180.1483 639.6674 200.1845 1.4617 1.5251 3.4882 1.5066 2.0433 55.7403 1.6449 0.0843
Car -1 -1 5.2149 0.0000 194.5785 226.2921 303.8997 1.5078 1.7082 4.3705 -8.8219 1.9696 13.0921 4.6311 0.0804
Car -1 -1 1.8316 500.4987 186.7963 554.5297 220.8002 1.4965 1.6474 4.0859 -3.9833 2.2269 35.6556 1.7205 0.0789
Car -1 -1 1.6688 520.6011 180.2573 562.6970 215.2028 1.6401 1.7288 4.2447 -3.4105 2.0404 36.8924 1.5767 0.0722
Car -1 -1 1.5906 507.9432 182.7379 526.3226 200.2572 1.4922 1.5828 3.8857 -8.3963 2.4204 65.7476 1.4637 0.0653
Car -1 -1 4.8976 528.5226 181.5849 569.1140 210.5501 1.5251 1.6046 3.9817 -3.4230 2.0497 41.2964 4.8149 0.0631
Car -1 -1 1.4661 518.9521 204.3712 583.1520 258.2979 1.4488 1.7062 3.9900 -2.0247 2.5890 23.9830 1.3817 0.0625
Car -1 -1 0.5446 496.4673 182.6440 579.6705 211.5324 1.4794 1.6330 4.3445 -3.9507 2.0415 39.7571 0.4457 0.0622
Car -1 -1 4.6994 436.8987 186.1028 472.6426 221.6243 1.5294 1.5863 3.7753 -7.4398 2.2016 34.5880 4.4886 0.0615
Car -1 -1 5.0421 226.0559 195.3958 367.5884 279.4331 1.4691 1.6176 3.7981 -6.5725 2.0174 15.6043 4.6489 0.0592
Car -1 -1 1.5991 516.0969 191.6322 555.4427 228.6330 1.4613 1.6501 3.9731 -3.2790 2.3630 32.6075 1.4990 0.0586
Car -1 -1 1.6318 549.8328 179.7404 574.0134 201.1126 1.5664 1.6235 4.3594 -3.6918 2.1262 56.4725 1.5664 0.0571
Car -1 -1 1.5422 511.4373 186.3131 534.7883 208.5476 1.5387 1.6396 4.2933 -6.6091 2.6045 54.8937 1.4224 0.0568
Car -1 -1 1.6657 506.8504 180.6204 528.5525 198.4678 1.4936 1.5308 4.1391 -8.1541 2.2082 64.2974 1.5396 0.0566
Car -1 -1 5.3852 459.7572 181.7833 525.8543 210.0359 1.4667 1.6164 3.8967 -6.5548 1.9985 40.8763 5.2267 0.0538
Car -1 -1 1.8441 605.3889 180.1110 642.3709 202.0631 1.5106 1.6370 4.3077 1.1080 2.0715 53.4695 1.8642 0.0526
Car -1 -1 1.3569 508.7847 202.3720 588.7729 259.8166 1.4555 1.7228 3.6239 -1.9610 2.4494 22.3088 1.2692 0.0515
Car -1 -1 1.4409 680.4810 176.0512 718.1499 204.1940 1.4968 1.6060 3.9533 5.0251 1.6864 40.8092 1.5621 0.0505
Car -1 -1 -0.2146 427.4041 187.0621 519.8447 223.8827 1.5583 1.6204 3.9273 -6.2561 2.2421 33.2135 -0.4000 0.0504