Car -1 -1 4.7915 481.6627 169.9543 518.6642 201.4685 1.7335 1.7980 4.4469 -5.7720 1.0978 41.7893 4.6501 0.6251
Car -1 -1 5.0720 7.3889 176.7870 62.8064 201.9291 1.5454 1.5715 3.7882 -36.2760 1.2550 46.1973 4.4042 0.2759
Car -1 -1 4.4585 469.7970 158.6671 500.7357 179.8085 1.8371 1.7422 4.2377 -10.4640 -0.1598 65.0795 4.2950 0.1444
Car -1 -1 4.7186 356.6646 170.5056 388.5024 200.0969 1.4779 1.5254 2.8620 -11.8726 0.9282 37.4703 4.4088 0.1358
Car -1 -1 1.3059 498.1920 173.0537 535.2034 195.5905 1.5356 1.6070 3.9976 -5.9932 0.9592 51.0983 1.1848 0.0956
Car -1 -1 4.6475 353.6885 176.0546 393.0174 208.7044 1.4749 1.5540 3.5701 -10.9089 1.2284 34.3963 4.3375 0.0937
Car -1 -1 4.7487 469.1520 158.4191 491.4506 180.5379 1.8020 1.7275 4.2411 -10.1523 -0.0857 60.9340 4.5795 0.0783
Car -1 -1 3.7649 7.3245 172.8484 92.8350 200.3809 1.6517 1.6115 3.9561 -33.6260 1.1319 43.9605 3.1099 0.0755
Car -1 -1 4.9135 304.0035 184.0743 385.5879 238.6395 1.5111 1.6251 3.8038 -7.7415 1.5969 22.0756 4.5746 0.0715
Car -1 -1 4.1178 0.0000 177.3946 44.9862 202.3131 1.5180 1.6129 3.7922 -37.0775 1.2672 45.0681 3.4272 0.0691
Car -1 -1 1.5753 0.0000 198.6038 270.2192 374.0000 1.4181 1.6175 3.4008 -3.9187 1.6080 6.1069 1.0176 0.0664
Car -1 -1 4.8792 365.5589 185.4352 428.5850 230.8629 1.4579 1.5622 3.5351 -7.0557 1.6057 25.2137 4.6037 0.0659
Car -1 -1 1.5888 472.0434 169.4970 502.2511 197.9809 1.5982 1.6794 4.0834 -6.6584 0.9241 42.4457 1.4292 0.0635
Car -1 -1 5.5010 0.0000 209.5007 177.1162 374.0000 1.4503 1.6149 3.7478 -5.5893 1.7628 6.1009 4.7743 0.0627
Car -1 -1 0.6332 250.0991 188.2039 389.1363 237.1230 1.4797 1.6136 4.0440 -9.1147 1.7097 23.3838 0.2600 0.0529
Car -1 -1 0.0698 462.1628 170.4346 538.7409 200.7954 1.7320 1.7449 4.3280 -5.7890 1.1000 42.0030 -0.0713 0.0527