Car -1 -1 4.7529 564.4726 180.4365 618.8924 228.5315 1.4078 1.6198 3.5904 -0.5151 1.6738 23.5010 4.7304 0.9316
Car -1 -1 4.7888 507.0581 176.9777 549.5925 212.8421 1.5245 1.6498 3.6436 -3.6546 1.7234 32.9450 4.6786 0.9207
Car -1 -1 1.7866 326.1919 175.0853 374.9949 206.1592 1.6461 1.6872 4.3801 -14.5767 1.7794 40.8287 1.4454 0.8806
Car -1 -1 4.7527 391.0315 176.5428 413.7662 196.1042 1.4917 1.5975 3.6405 -16.5407 1.7968 57.7184 4.4745 0.4969
Car -1 -1 4.4252 489.3211 169.1818 526.6137 193.3942 1.7304 1.6858 3.9967 -7.6037 1.4680 53.7344 4.2849 0.1716
Car -1 -1 4.5510 716.9262 167.1761 749.5925 190.4989 1.5575 1.6140 3.9711 8.5570 1.1783 50.1756 4.7186 0.1430
Car -1 -1 1.8041 379.7286 172.7679 416.2525 196.5060 1.7478 1.7155 4.3784 -16.1743 1.7414 55.3537 1.5208 0.1341
Car -1 -1 4.7903 289.4179 163.3541 367.6328 224.1596 1.4124 1.5720 3.8365 -7.2194 1.1918 18.8221 4.4285 0.1134
Car -1 -1 4.5252 722.9814 163.5052 752.8266 184.6430 1.7615 1.7677 4.2571 11.0321 0.9824 62.2671 4.6995 0.1065
Car -1 -1 4.4802 692.2816 164.1637 736.6408 194.0458 1.6242 1.6362 3.9480 5.9403 1.1519 41.2589 4.6219 0.1028
Car -1 -1 1.3096 393.5581 176.3645 430.2377 197.4901 1.4959 1.6217 4.2000 -14.8437 1.7697 54.0545 1.0425 0.1012
Car -1 -1 3.8304 497.6196 168.3027 545.2295 184.3052 1.4812 1.7242 4.4088 -8.4062 1.0599 68.6959 3.7089 0.0926
Car -1 -1 4.1751 675.0054 168.5829 742.2743 197.9595 1.3994 1.6013 3.8773 4.9394 1.1959 36.4687 4.3083 0.0865
Car -1 -1 2.0193 363.5142 175.0761 408.9297 197.2954 1.5709 1.6537 3.9704 -16.5075 1.7422 53.5178 1.7213 0.0815
Car -1 -1 4.5767 577.4315 158.7680 608.7518 184.7195 1.7020 1.6626 3.5926 -1.1591 0.7782 49.2261 4.5530 0.0807
Car -1 -1 4.9531 305.6424 162.9888 339.0801 187.0043 1.9129 1.6939 3.8136 -23.6271 1.1271 59.4759 4.5763 0.0767
Car -1 -1 1.3925 600.2336 176.6649 623.4554 192.8415 1.4569 1.5091 3.9557 0.1863 1.8272 68.0418 1.3948 0.0764
Car -1 -1 1.4860 549.1489 173.9332 589.1002 206.7161 1.5292 1.6523 3.8856 -2.0580 1.5858 35.8311 1.4286 0.0690
Car -1 -1 4.8961 722.8977 162.0847 754.4500 187.4078 2.0445 1.8659 4.2405 10.8742 1.1750 60.5663 5.0726 0.0658
Car -1 -1 1.0365 823.2829 171.7170 885.1740 200.5705 1.5048 1.5980 3.5903 13.3442 1.4455 39.5534 1.3593 0.0652
Car -1 -1 1.5668 811.9185 169.8308 858.7440 214.2741 1.5441 1.5668 3.7255 8.4493 1.4391 27.0786 1.8657 0.0619
Car -1 -1 1.7315 315.9263 175.1521 361.5080 207.9972 1.6558 1.6523 4.0812 -14.5107 1.7864 38.8392 1.3759 0.0608
Car -1 -1 4.9766 317.0991 169.2046 346.9949 185.5691 1.4944 1.6265 4.0318 -26.1015 1.1611 67.9770 4.6111 0.0558
Car -1 -1 5.1222 503.2979 169.9092 545.7077 192.6682 1.6374 1.6954 4.0114 -6.3255 1.4256 54.0771 5.0060 0.0538
Car -1 -1 1.8420 255.8057 157.4408 375.2290 225.8697 1.4512 1.6308 3.8797 -6.8895 1.1243 17.3146 1.4682 0.0536
Car -1 -1 -0.5169 835.0255 172.8258 913.9257 199.4867 1.4555 1.6048 3.8725 14.8465 1.4540 40.5062 -0.1683 0.0533
Car -1 -1 2.0847 360.9024 173.8926 407.9057 197.0891 1.6893 1.6350 4.0347 -17.0676 1.7714 54.8831 1.7843 0.0530
Car -1 -1 3.1419 694.0974 164.2003 764.0546 191.8543 1.4908 1.6074 3.7496 6.6086 1.0243 39.9934 3.3042 0.0524
Car -1 -1 1.7706 427.4117 180.5097 458.5620 200.7451 1.4604 1.5583 4.0810 -12.8126 2.0732 55.6924 1.5452 0.0522
Car -1 -1 1.8569 599.3167 177.6464 629.1533 194.5710 1.4753 1.6046 4.2829 0.4683 1.9319 66.4693 1.8635 0.0508