Car -1 -1 2.8742 844.4456 176.6668 1088.6462 263.7792 1.5061 1.6343 3.8529 6.5903 1.5845 13.7082 3.3133 0.9592
Car -1 -1 4.3871 626.0203 172.6200 721.0259 229.4562 1.5238 1.6421 3.8508 1.7881 1.5175 21.4109 4.4686 0.9131
Car -1 -1 4.3623 548.8232 168.7496 605.1291 200.3833 1.4846 1.6096 3.7372 -1.6761 1.2920 35.8971 4.3156 0.8679
Car -1 -1 2.6817 1097.6342 170.5342 1242.0000 268.2729 1.5531 1.6557 4.1771 11.3637 1.5162 12.7924 3.3961 0.7793
Car -1 -1 5.2305 596.0819 169.0571 647.0436 192.0693 1.4601 1.6266 3.9749 0.8427 1.2192 47.9043 5.2476 0.5530
Car -1 -1 2.5252 505.2604 168.7490 565.8718 190.7396 1.4892 1.6525 4.0318 -5.1810 1.2112 50.8101 2.4239 0.4018
Car -1 -1 2.2267 643.5674 162.9342 698.4727 184.9728 1.4930 1.6346 4.2144 4.3812 0.8210 50.9870 2.3117 0.3981
Car -1 -1 4.6864 789.6279 163.6898 815.1824 187.1346 1.5859 1.6312 3.9290 13.5693 0.9660 50.9090 4.9452 0.3789
Car -1 -1 -0.7578 685.7466 160.3864 744.7199 185.4176 1.8262 1.7177 4.4579 8.0241 0.9166 54.6268 -0.6129 0.3034
Car -1 -1 4.3878 783.5337 157.7733 818.2682 178.7537 1.8247 1.7514 4.2474 17.1695 0.5131 64.9320 4.6450 0.1413
Car -1 -1 5.0392 490.5382 161.5589 527.3093 183.5247 1.5927 1.6422 3.6775 -7.5282 0.7737 54.2771 4.9019 0.1262
Car -1 -1 4.4786 745.2126 158.0412 779.8483 182.0884 1.7779 1.6981 4.0669 11.6972 0.6827 55.4010 4.6854 0.1121
Car -1 -1 5.4469 530.6768 162.2501 579.4827 182.7313 1.5636 1.6750 3.8935 -4.2795 0.7541 57.1377 5.3722 0.1117
Car -1 -1 3.3012 479.0529 159.1312 535.3883 181.4911 1.6486 1.6656 3.9644 -7.6379 0.6368 54.0697 3.1613 0.1035
Car -1 -1 3.1951 766.1470 164.3643 823.9314 186.0300 1.4603 1.5980 3.7974 12.8517 0.8881 49.9641 3.4452 0.0985
Car -1 -1 3.6922 861.2322 144.6280 1061.2725 218.2951 1.5381 1.6316 4.0135 8.2086 0.9488 17.1904 4.1309 0.0854
Car -1 -1 -0.2440 694.3290 160.4367 759.7420 184.4698 1.7930 1.7961 4.6160 8.9099 0.8666 54.9198 -0.0842 0.0786
Car -1 -1 4.3286 695.5773 165.6960 736.6434 187.4732 1.6243 1.7057 4.1887 8.2256 1.0904 56.0551 4.4733 0.0764
Car -1 -1 4.1737 669.4353 162.7345 717.4480 184.0554 1.5572 1.6869 4.2521 6.3392 0.8181 54.9836 4.2877 0.0744
Car -1 -1 1.7071 621.2588 180.3261 659.0259 209.1452 1.4911 1.5781 4.1178 1.7712 1.9342 40.6225 1.7498 0.0677
Car -1 -1 4.6688 589.8102 169.4116 617.3196 191.6914 1.4293 1.6599 4.2264 -0.4418 1.2085 48.4430 4.6594 0.0642
Car -1 -1 4.7409 705.0884 174.7953 735.0957 201.6532 1.4951 1.6401 3.8959 6.5515 1.6150 42.5266 4.8923 0.0639
Car -1 -1 1.4113 709.7454 185.7131 774.4989 232.1330 1.4086 1.6154 3.5450 4.4523 1.8801 24.6697 1.5870 0.0634
Car -1 -1 -0.7406 771.6320 159.2408 823.0554 179.6730 1.7530 1.7651 4.3417 16.5872 0.5851 63.7019 -0.4871 0.0626
Car -1 -1 1.8607 518.5378 175.4018 567.1722 204.9807 1.5651 1.6393 4.0392 -3.7005 1.7164 40.6905 1.7701 0.0622
Car -1 -1 1.5751 510.6961 168.0000 535.0720 189.6227 1.4805 1.6603 3.9282 -6.1692 1.1481 51.4495 1.4561 0.0607
Car -1 -1 -0.3655 507.7000 160.9075 569.5738 182.9646 1.6650 1.6635 4.5000 -5.5142 0.7632 56.2136 -0.4630 0.0600
Car -1 -1 1.5026 553.8357 178.9289 585.7075 205.3252 1.4855 1.6480 4.1145 -2.4546 1.8718 43.7365 1.4464 0.0595
Car -1 -1 4.5875 628.5770 180.6366 663.7392 207.8750 1.4825 1.5927 3.8012 2.1032 1.9603 42.3445 4.6362 0.0574
Car -1 -1 4.6585 540.1964 178.4270 567.0083 202.4190 1.4764 1.5519 3.6590 -3.6929 1.8559 47.2080 4.5805 0.0562
Car -1 -1 2.0172 677.8985 176.0709 734.5975 205.2170 1.5644 1.6366 4.0402 5.5883 1.7582 41.3386 2.1501 0.0559
Car -1 -1 1.6048 545.9566 179.4933 576.7447 208.7367 1.5467 1.6111 4.0456 -2.7051 1.9442 41.1408 1.5391 0.0556
Car -1 -1 5.0180 700.2933 161.5217 751.8707 191.2443 1.4918 1.6046 3.9038 6.2376 0.9230 38.3184 5.1779 0.0550
Car -1 -1 3.1412 724.2659 158.9902 782.7776 182.0445 1.7080 1.7093 4.2841 10.8972 0.6809 54.7091 3.3366 0.0542
Car -1 -1 -0.6436 472.4368 158.1517 531.4927 182.1260 1.6970 1.6914 4.1057 -7.8867 0.6563 53.1259 -0.7904 0.0528
Car -1 -1 1.3703 550.9318 161.2381 593.7007 190.3904 1.5270 1.6184 3.8664 -2.1073 0.9185 39.8674 1.3176 0.0516
Car -1 -1 4.7380 523.8889 169.6927 548.4037 191.5313 1.5097 1.6501 4.0133 -5.2498 1.2911 51.9417 4.6375 0.0500