Car -1 -1 2.7295 895.7170 186.0047 1242.0000 316.9160 1.5390 1.6522 3.9723 6.1692 1.7372 9.7883 3.2774 0.9546
Car -1 -1 4.3449 597.4089 180.4470 714.2531 250.4391 1.4433 1.5756 3.6022 0.9876 1.6455 17.2589 4.4001 0.9270
Car -1 -1 4.5014 521.2266 179.2046 574.9688 215.2798 1.4496 1.5959 3.7718 -2.7627 1.7470 31.7477 4.4147 0.8848
Car -1 -1 5.4410 569.3271 174.9349 630.7264 201.2613 1.5066 1.5693 3.8057 -0.5362 1.6379 43.5517 5.4283 0.5351
Car -1 -1 5.3683 616.8793 169.7766 676.0401 192.7450 1.4300 1.6489 4.1731 2.4490 1.2384 47.0451 5.4196 0.5276
Car -1 -1 1.4022 766.2479 171.3068 793.6697 189.1995 1.4756 1.6098 4.0741 14.5045 1.3480 61.5852 1.6322 0.4239
Car -1 -1 2.4513 468.2854 176.6902 529.6893 201.7332 1.5235 1.5969 3.7427 -7.0757 1.7805 46.4118 2.3005 0.4081
Car -1 -1 5.3379 666.0828 171.8964 714.6983 194.2769 1.5111 1.6040 3.5649 5.6923 1.4465 50.5774 5.4490 0.3922
Car -1 -1 -0.6559 581.2302 164.3325 635.2763 185.1030 1.6439 1.7776 4.2177 -0.0850 0.9695 59.0986 -0.6576 0.1817
Car -1 -1 4.8469 770.4771 172.6812 803.9583 197.7718 1.5756 1.6172 4.0365 11.7286 1.5648 47.4853 5.0872 0.1612
Car -1 -1 -0.8287 666.3812 163.4684 714.1788 184.0934 1.8534 1.7996 4.5666 7.5249 1.0100 67.0191 -0.7176 0.1467
Car -1 -1 3.8008 535.4636 177.3091 600.7979 203.3713 1.4807 1.5130 3.7744 -2.5041 1.7582 43.2624 3.7429 0.1432
Car -1 -1 4.0371 594.0626 169.5206 651.9285 192.7165 1.4509 1.6337 4.0123 0.8357 1.2424 47.2198 4.0543 0.1291
Car -1 -1 5.5233 452.6456 168.4893 512.1298 191.0754 1.5022 1.6742 4.0172 -8.7844 1.2119 50.1009 5.3503 0.1289
Car -1 -1 1.2646 691.2632 173.1188 750.2924 206.1029 1.4768 1.6327 4.0351 5.2355 1.4902 34.4603 1.4136 0.1194
Car -1 -1 1.5205 693.6543 180.3480 734.2348 215.4369 1.4505 1.6078 4.1909 4.7000 1.8147 32.9072 1.6605 0.1128
Car -1 -1 1.5348 675.4745 178.6776 722.9257 223.8653 1.5679 1.6426 4.1839 3.3760 1.8092 27.7436 1.6539 0.1044
Car -1 -1 1.5673 769.8448 167.9721 791.3260 188.5136 1.6417 1.6761 4.4278 14.2106 1.2516 60.0133 1.7984 0.1018
Car -1 -1 4.8279 665.2984 168.6208 712.1097 207.6806 1.5216 1.5385 3.5207 3.3404 1.3567 29.9964 4.9373 0.1007
Car -1 -1 5.5787 497.2798 168.8959 553.9757 190.7268 1.5456 1.6589 4.0301 -6.1439 1.2654 53.1239 5.4638 0.0952
Car -1 -1 2.9217 768.9067 172.8405 832.7316 196.6987 1.5025 1.6158 3.6946 12.2382 1.5017 46.3151 3.1781 0.0951
Car -1 -1 4.0361 646.7245 171.3325 698.2877 193.2302 1.4839 1.5827 3.8145 4.4014 1.3808 50.9204 4.1215 0.0941
Car -1 -1 2.0218 606.4658 169.8036 656.9382 193.8206 1.4593 1.6615 3.9407 1.4584 1.2740 45.9726 2.0529 0.0730
Car -1 -1 4.7469 701.9778 171.3466 725.5798 193.9009 1.6252 1.6187 3.9047 7.8370 1.5166 54.0559 4.8897 0.0706
Car -1 -1 4.7795 571.2560 175.3185 602.0662 201.5301 1.5160 1.6142 4.0578 -1.3592 1.6739 44.1743 4.7485 0.0670
Car -1 -1 3.6742 920.2247 165.9615 1182.3402 283.6359 1.7996 1.5458 3.7699 7.7635 1.6942 13.0564 4.2000 0.0660
Car -1 -1 3.3722 430.7327 168.7826 495.8142 192.1917 1.5812 1.6677 4.1146 -10.0286 1.3062 49.6355 3.1736 0.0649
Car -1 -1 1.4240 776.3478 173.7087 812.2169 199.7766 1.5373 1.6232 3.6253 11.3609 1.5923 44.5592 1.6717 0.0648
Car -1 -1 1.2581 458.9398 177.4111 502.2265 202.1882 1.5105 1.6652 3.8396 -8.4120 1.8195 46.8411 1.0810 0.0622
Car -1 -1 1.6794 767.0811 169.3199 794.2952 190.6925 1.6639 1.6978 4.2570 13.8983 1.3888 58.4628 1.9114 0.0609
Car -1 -1 0.2184 781.4554 171.3014 848.1725 196.1920 1.5120 1.6288 3.7802 12.9190 1.4177 45.4433 0.4934 0.0602
Car -1 -1 5.3369 559.4658 163.2305 607.6862 183.4514 1.5440 1.6488 4.2567 -2.0204 0.8092 57.3219 5.3016 0.0598
Car -1 -1 1.2530 683.6490 175.7127 730.4852 201.3699 1.4788 1.6159 4.1736 5.9220 1.6630 44.2780 1.3847 0.0592
Car -1 -1 4.6113 680.3261 166.0589 703.7062 184.4336 1.6807 1.7629 4.3183 7.7550 1.0592 68.1675 4.7239 0.0584
Car -1 -1 4.6615 487.1605 177.6248 515.8127 202.0423 1.5114 1.6706 3.8802 -7.1546 1.8394 47.5370 4.5125 0.0568
Car -1 -1 -0.7973 658.2978 162.6373 704.6741 182.9694 1.7995 1.7449 4.2460 6.5908 0.8953 65.8917 -0.6982 0.0555
Car -1 -1 3.5755 699.6760 183.0145 827.0397 229.0557 1.4569 1.6153 4.1080 5.3912 1.8428 25.5313 3.7805 0.0552
Car -1 -1 4.9048 595.9664 166.4300 624.9266 185.4984 1.5274 1.6841 3.9181 0.1089 1.0128 59.8803 4.9064 0.0552
Car -1 -1 -0.1006 742.7298 174.8173 803.4378 199.0984 1.5234 1.5872 3.6666 10.4823 1.6525 46.4393 0.1196 0.0550
Car -1 -1 1.4145 693.4952 179.1161 752.4260 221.2130 1.4682 1.6087 4.0882 4.2895 1.7274 27.8226 1.5653 0.0544
Car -1 -1 -0.5498 706.6129 190.7720 862.2417 247.1290 1.4809 1.6801 4.2215 5.1569 2.0470 21.3409 -0.3168 0.0524
Car -1 -1 1.8654 548.9601 175.2654 585.6227 197.6369 1.5212 1.5687 3.8274 -2.9771 1.7003 51.5471 1.8076 0.0505
Car -1 -1 1.9964 513.2402 177.6213 582.8600 212.1176 1.4592 1.6126 4.1984 -2.7641 1.6946 33.3901 1.9139 0.0503
Car -1 -1 0.1586 680.8762 171.6200 783.0302 211.0287 1.4930 1.5947 3.8034 4.8785 1.4462 28.6975 0.3248 0.0502
Car -1 -1 4.3594 695.2049 174.8849 765.4528 212.8829 1.4833 1.6417 3.9697 5.0170 1.5750 30.4954 4.5203 0.0500