Car -1 -1 1.8426 221.9331 189.4315 407.7989 315.7805 1.4381 1.5295 3.5786 -4.0698 1.7229 10.5480 1.4819 0.9625
Car -1 -1 0.5395 120.1366 182.5269 253.3631 219.7834 1.4748 1.6983 4.5414 -17.4479 1.8875 29.9039 0.0150 0.8540
Car -1 -1 2.6774 616.8885 175.4615 701.7283 202.8941 1.4863 1.6521 4.5580 2.8370 1.6406 41.0463 2.7455 0.6619
Car -1 -1 1.2172 347.0646 183.6592 443.6089 238.4937 1.4421 1.5345 3.9163 -6.5472 1.7990 21.8024 0.9283 0.6605
Car -1 -1 -0.5873 488.5602 181.8773 574.0325 212.7157 1.4735 1.6192 4.2418 -4.0363 1.9686 37.6131 -0.6940 0.4690
Car -1 -1 4.8007 490.8553 181.3439 528.5488 211.0557 1.4303 1.6149 3.8933 -5.1865 1.8990 37.8500 4.6650 0.2103
Car -1 -1 4.9117 127.6161 167.3026 178.3476 198.2499 1.6817 1.6830 4.0115 -26.1093 1.3800 41.3818 4.3516 0.1887
Car -1 -1 4.7360 280.7597 153.6864 318.4126 185.6626 1.5774 1.7023 3.9704 -16.1624 0.6319 37.7530 4.3340 0.1705
Car -1 -1 4.0729 104.3700 179.6160 212.2028 221.1376 1.4805 1.6005 3.7272 -17.2715 1.7528 27.6224 3.5182 0.1458
Car -1 -1 1.3755 372.2677 178.3092 404.0539 198.9014 1.4514 1.5541 3.8824 -16.6104 1.8757 54.0367 1.0784 0.1451
Car -1 -1 1.6022 378.2167 175.7840 406.9702 200.4151 1.4253 1.5611 3.9470 -13.2978 1.6140 44.3624 1.3123 0.1423
Car -1 -1 5.2327 534.5854 178.6385 597.5211 208.6188 1.5251 1.6536 4.0650 -2.3326 1.8612 39.7364 5.1739 0.1269
Car -1 -1 4.4051 513.3662 169.1973 570.5204 207.9524 1.4813 1.5154 2.8239 -2.7736 1.3415 29.1736 4.3107 0.1240
Car -1 -1 1.9618 467.1303 179.6672 532.9396 215.7453 1.6210 1.6908 4.2883 -5.3131 1.9784 35.5663 1.8141 0.1223
Car -1 -1 1.4465 559.1841 186.0677 586.9611 208.3689 1.5133 1.5925 3.7615 -2.7288 2.5260 53.3102 1.3951 0.1174
Car -1 -1 3.3578 569.0060 186.3773 626.1719 208.3921 1.5077 1.6874 3.8557 -0.8468 2.5069 52.1074 3.3410 0.1158
Car -1 -1 3.8347 265.4772 156.0934 354.8619 186.4055 1.4864 1.6429 4.1107 -15.2502 0.6645 36.7791 3.4440 0.1109
Car -1 -1 1.4785 162.0465 172.7754 189.7568 191.0078 1.4857 1.6369 4.1492 -36.6575 1.4793 60.9542 0.9388 0.1100
Car -1 -1 3.9716 506.9725 183.5317 576.4370 212.3009 1.4310 1.5905 3.8190 -3.7148 2.0380 39.1482 3.8771 0.1064
Car -1 -1 1.5430 605.1180 184.9829 628.1164 206.8888 1.4911 1.5833 3.4920 0.4892 2.4088 52.8264 1.5516 0.0950
Car -1 -1 1.9111 240.8897 194.5113 284.5193 218.0374 1.5285 1.5851 4.1463 -25.3994 3.1828 52.9715 1.4656 0.0874
Car -1 -1 0.3963 526.2770 191.1302 592.9894 217.4122 1.4554 1.6272 3.6383 -2.9804 2.5839 43.1969 0.3271 0.0836
Car -1 -1 1.4948 250.5192 191.4064 285.4302 219.1988 1.5323 1.6679 3.9310 -21.2085 2.7370 44.7329 1.0540 0.0730
Car -1 -1 4.5178 369.2036 174.8417 396.9844 193.9726 1.5737 1.5892 3.6813 -19.4101 1.7494 61.7664 4.2143 0.0700
Car -1 -1 2.0102 263.0456 181.1754 311.7135 204.5668 1.5103 1.6070 3.7814 -22.1975 2.1073 49.8538 1.5930 0.0695
Car -1 -1 1.4663 320.0496 188.2995 349.0173 210.2971 1.4988 1.6382 3.9241 -20.7104 2.7058 54.2614 1.1029 0.0683
Car -1 -1 0.2191 527.7791 170.9147 584.6891 188.7944 1.4689 1.5922 4.5120 -4.4451 1.3096 60.3917 0.1456 0.0671
Car -1 -1 1.7349 490.1698 172.3187 517.6653 190.2910 1.4420 1.6022 4.1438 -8.7423 1.3990 59.9778 1.5905 0.0671
Car -1 -1 2.0086 520.9114 183.3871 577.6003 213.0598 1.5295 1.6079 4.1214 -3.3597 2.1600 40.9752 1.9267 0.0657
Car -1 -1 1.5649 495.4048 179.3682 532.1396 215.4590 1.5876 1.6462 4.0504 -4.6052 1.9193 34.6233 1.4331 0.0627
Car -1 -1 3.2410 487.3515 182.9511 576.4892 215.0520 1.5137 1.6357 4.2018 -3.7554 2.0204 35.3774 3.1354 0.0618
Car -1 -1 5.0504 348.3904 161.1841 403.7019 191.0472 1.6218 1.6885 4.2514 -13.2965 0.9880 41.3341 4.7408 0.0610
Car -1 -1 4.6937 551.9584 190.6199 580.4304 217.9469 1.4940 1.6557 3.7649 -2.6750 2.6231 43.9149 4.6326 0.0593
Car -1 -1 5.2662 255.9292 192.8169 317.1653 220.3793 1.5236 1.6591 3.9164 -20.0286 2.8230 44.9128 4.8486 0.0571
Car -1 -1 5.2791 134.0207 181.5903 230.3547 219.9354 1.5000 1.6132 4.1233 -18.3859 1.9039 31.2699 4.7511 0.0568
Car -1 -1 -0.5655 645.2469 173.3849 718.7468 200.3130 1.4944 1.6314 3.9749 4.1978 1.5263 41.7296 -0.4664 0.0568
Car -1 -1 0.1083 482.5663 183.5410 565.7584 211.6593 1.4421 1.6628 4.2515 -4.5076 2.0249 38.4989 -0.0080 0.0564
Car -1 -1 3.4981 391.2878 180.9051 450.4141 199.4046 1.4764 1.5588 4.4494 -15.5273 2.1510 59.4558 3.2434 0.0559
Car -1 -1 1.8348 259.6414 159.9121 316.2970 192.1712 1.5364 1.6246 3.9473 -16.1593 0.9200 36.4385 1.4200 0.0554
Car -1 -1 1.5531 417.6929 187.5239 441.1889 209.2853 1.4913 1.6515 3.9862 -13.6249 2.6422 54.4685 1.3087 0.0536
Car -1 -1 0.6391 237.3239 182.4882 302.1110 205.7167 1.5055 1.5983 3.7622 -23.0063 2.1737 48.8848 0.2011 0.0522
Car -1 -1 3.9187 82.6670 168.2405 170.6921 196.8767 1.5538 1.6583 4.1158 -26.9814 1.3035 40.3553 3.3323 0.0513
Car -1 -1 4.9660 142.3660 175.6305 176.3767 194.4841 1.5470 1.5382 3.9028 -38.5801 1.7933 61.9132 4.4105 0.0505
Car -1 -1 4.2939 280.3958 187.5777 627.5336 375.0000 1.5264 1.5800 3.8014 -1.6511 1.7000 6.5193 4.0537 0.0502