Car -1 -1 2.0749 0.0000 191.0067 390.1820 375.0000 1.5669 1.6176 3.8055 -3.4371 1.7802 6.5470 1.6071 0.9729
Car -1 -1 1.8864 360.7320 181.1585 478.6517 247.1702 1.3839 1.5945 4.0079 -4.4983 1.6112 17.6981 1.6404 0.9619
Car -1 -1 4.8991 492.0157 170.7619 597.6220 243.7054 1.5102 1.6799 4.4403 -1.3915 1.4669 17.2356 4.8189 0.9607
Car -1 -1 4.8244 781.4106 174.2247 894.0955 266.7253 1.4648 1.6048 3.7496 4.3860 1.4944 13.5258 5.1308 0.9465
Car -1 -1 -1.1347 824.9037 166.4342 972.9986 234.0990 1.4931 1.7094 4.5016 7.3483 1.3514 18.0860 -0.7549 0.7478
Car -1 -1 4.4203 862.2447 154.2772 912.0694 183.8863 1.5220 1.6015 3.3215 14.8691 0.5671 38.8018 4.7837 0.3029
Car -1 -1 4.8354 490.5986 165.0523 517.1872 185.8602 1.5718 1.5967 3.8241 -8.2287 0.9824 56.4316 4.6910 0.2700
Car -1 -1 4.3818 915.3680 154.5737 979.4292 192.7087 1.6684 1.5796 3.6342 15.5803 0.8686 33.4545 4.8141 0.0953
Car -1 -1 1.4333 961.2865 177.0487 1021.8660 216.9628 1.4362 1.5817 3.7849 14.9724 1.6135 28.4416 1.9132 0.0922
Car -1 -1 2.7937 865.7643 153.4526 951.2661 182.9747 1.5186 1.6191 3.8374 15.6932 0.5206 38.0028 3.1825 0.0870
Car -1 -1 3.8844 589.5926 180.4722 682.4430 215.5930 1.4406 1.6647 4.1455 1.1376 1.8057 32.5318 3.9185 0.0717
Car -1 -1 1.4023 774.3351 189.3542 838.6833 234.9211 1.4319 1.6259 3.5919 6.9825 2.0664 25.8850 1.6621 0.0710
Car -1 -1 -0.3744 489.4807 161.4137 551.4615 183.5962 1.6714 1.7338 4.4660 -6.9253 0.8094 56.1936 -0.4967 0.0709
Car -1 -1 3.0472 957.8289 174.9278 1083.1136 213.5040 1.4706 1.6591 4.2734 16.5458 1.5594 29.3005 3.5566 0.0663
Car -1 -1 1.6214 564.2352 166.7297 598.7570 197.2504 1.5594 1.6541 3.9981 -1.4644 1.2465 38.8754 1.5836 0.0639
Car -1 -1 -0.0551 549.5706 165.0466 600.2101 184.2119 1.6562 1.7136 4.3583 -3.0698 0.9815 63.4310 -0.1035 0.0606
Car -1 -1 1.6408 748.7591 191.5137 799.5884 235.7891 1.4185 1.5919 3.6008 6.1478 2.1599 26.7165 1.8637 0.0597
Car -1 -1 1.0581 585.7640 191.5254 669.0395 236.2550 1.4302 1.6406 3.2902 0.5925 2.1620 26.4421 1.0793 0.0558
Car -1 -1 3.5759 541.2971 159.0432 600.9434 179.9151 1.5732 1.6674 4.3191 -2.9826 0.5322 55.9637 3.5228 0.0526
Car -1 -1 3.1440 846.7136 154.8353 919.7264 184.1793 1.4917 1.5609 3.5295 14.3929 0.5757 38.0341 3.5031 0.0513
Car -1 -1 1.2996 587.5594 183.7175 642.1389 217.3696 1.4216 1.6811 3.4010 0.1922 1.9547 33.5441 1.3046 0.0503
Car -1 -1 3.2168 479.1749 164.1063 531.5411 184.1728 1.5160 1.6161 3.8708 -7.9734 0.8551 55.4468 3.0745 0.0501