Car -1 -1 1.7793 518.6949 178.4517 577.0622 215.1352 1.4386 1.6927 4.0448 -2.5777 1.6958 31.0526 1.6967 0.9176
Car -1 -1 1.7274 565.3420 175.6919 599.4340 200.6699 1.5242 1.6122 3.8481 -1.7080 1.7150 46.4931 1.6905 0.5770
Car -1 -1 4.6381 516.2871 171.1429 547.7833 198.8130 1.4504 1.4894 3.0415 -4.2684 1.3607 39.4507 4.5307 0.2149
Car -1 -1 1.8323 551.7089 172.2921 596.8766 202.1490 1.7255 1.7022 4.2539 -2.0892 1.6931 43.9595 1.7847 0.1270
Car -1 -1 1.4723 520.4946 174.4163 541.9559 191.5013 1.5008 1.5682 3.9155 -7.1738 1.6478 65.8379 1.3638 0.0912
Car -1 -1 4.5837 498.1174 167.5074 538.0067 197.1082 1.4892 1.6062 3.9934 -4.9217 1.2202 38.4352 4.4569 0.0710
Car -1 -1 1.5735 516.3259 168.2358 548.9952 198.5120 1.4990 1.6121 4.1768 -4.0288 1.2704 37.8843 1.4679 0.0641
Car -1 -1 1.4060 507.0964 176.1829 531.3389 193.5389 1.5066 1.5589 3.9427 -8.2361 1.8188 65.5561 1.2812 0.0571
Car -1 -1 3.0008 548.2591 175.2418 611.1035 201.1652 1.5957 1.6259 3.7916 -1.9150 1.7509 45.7683 2.9588 0.0558
Car -1 -1 0.1443 515.4178 173.6833 563.0328 190.6076 1.4947 1.6284 4.0585 -6.2853 1.5701 64.7220 0.0476 0.0522
Car -1 -1 1.0972 570.3160 175.2015 626.2236 202.1299 1.5015 1.6375 4.0629 -0.7239 1.6478 42.7886 1.0799 0.0517