Car -1 -1 4.6768 592.5107 169.6436 624.9944 198.5371 1.5401 1.6716 4.2472 -0.0925 1.3690 40.6139 4.6741 0.7869
Car -1 -1 1.8126 400.3774 178.9864 435.7279 200.9246 1.4810 1.5995 3.6966 -13.6523 1.9354 51.6094 1.5550 0.5089
Car -1 -1 1.5337 690.7399 174.1802 727.9717 206.7161 1.4471 1.5906 4.2974 4.7129 1.5146 34.4879 1.6679 0.3047
Car -1 -1 3.6937 233.1514 172.7241 344.3154 211.0787 1.5880 1.6350 4.1164 -13.7280 1.5826 30.9656 3.2793 0.2997
Car -1 -1 1.5600 391.7596 182.1098 412.5120 201.2097 1.4582 1.5867 4.0196 -17.0725 2.2468 59.3251 1.2807 0.1761
Car -1 -1 2.0076 332.8029 174.6648 398.6686 207.9359 1.6189 1.6515 4.0939 -12.5729 1.7183 37.4683 1.6857 0.1666
Car -1 -1 1.6757 684.9598 172.9332 734.4453 212.8115 1.4764 1.5516 3.9672 4.0616 1.4798 28.8345 1.8137 0.1566
Car -1 -1 4.3375 704.0813 166.1219 735.8748 184.4090 1.6788 1.7069 3.7719 10.4109 1.0608 68.2677 4.4880 0.1539
Car -1 -1 1.8262 389.8488 178.7090 431.5543 203.9445 1.6226 1.7136 4.3410 -13.6026 2.0426 49.5844 1.5595 0.1433
Car -1 -1 3.2067 550.6204 169.6497 626.9692 197.2429 1.4702 1.5725 4.0626 -1.0936 1.2995 39.3056 3.1787 0.1285
Car -1 -1 1.4403 396.4622 176.5966 427.2362 199.9698 1.6126 1.6361 4.2244 -14.4945 1.8981 52.7706 1.1732 0.1281
Car -1 -1 4.5406 698.7137 154.8237 733.7439 181.6732 1.8414 1.7719 4.2500 7.5822 0.6048 51.6326 4.6854 0.1031
Car -1 -1 1.3814 681.4890 170.8753 724.7050 201.6043 1.6005 1.5864 4.1979 5.0886 1.4974 39.7251 1.5074 0.0994
Car -1 -1 1.5162 409.1127 181.0815 437.4140 205.3820 1.5198 1.6327 4.1486 -12.6479 2.1022 48.8549 1.2638 0.0777
Car -1 -1 -0.5911 665.0741 172.7445 732.9309 198.4040 1.5425 1.6506 3.9516 5.5860 1.5359 45.0029 -0.4688 0.0741
Car -1 -1 2.0148 427.3845 180.7728 475.4337 204.0138 1.4808 1.6092 4.1231 -10.8231 2.0498 49.6559 1.8009 0.0711
Car -1 -1 1.4260 375.7478 179.8801 410.4323 205.5036 1.5941 1.6527 4.0888 -14.5262 2.0859 48.2983 1.1350 0.0710
Car -1 -1 2.1907 394.0520 182.9871 439.9139 201.5699 1.4171 1.6050 4.0421 -15.8481 2.2843 59.5705 1.9314 0.0699
Car -1 -1 1.5185 383.8202 182.9913 409.5225 204.7129 1.5637 1.7042 4.4191 -16.7078 2.3910 56.5187 1.2320 0.0655
Car -1 -1 3.1108 685.4224 155.5180 739.3729 178.7690 1.5935 1.6218 3.6773 7.1577 0.4054 50.4582 3.2508 0.0634
Car -1 -1 -0.3738 700.5975 166.9523 747.4838 184.6427 1.6171 1.6809 3.9736 10.6503 1.0776 67.2054 -0.2176 0.0622
Car -1 -1 4.4753 575.1765 169.3203 620.5510 197.5487 1.4633 1.5805 4.0213 -0.6959 1.2801 39.5467 4.4575 0.0573
Car -1 -1 2.1747 407.0320 179.2255 458.1602 200.7777 1.4534 1.6442 3.9156 -12.7073 1.9316 52.0338 1.9360 0.0559
Car -1 -1 4.6799 261.5644 178.9177 285.3286 199.8222 1.5026 1.5249 3.9569 -25.7353 1.9842 55.1961 4.2452 0.0543
Car -1 -1 1.6373 704.6042 176.3206 749.2421 215.3397 1.4735 1.5601 3.8618 4.8790 1.6260 29.6710 1.7981 0.0533
Car -1 -1 -0.1525 580.6476 168.8474 655.0346 196.4401 1.4622 1.5601 3.8561 0.4251 1.2499 39.2811 -0.1421 0.0531
Car -1 -1 0.3276 385.3885 178.6825 447.9692 200.4200 1.4919 1.6364 3.9552 -13.5988 1.9114 50.9819 0.0678 0.0522
Car -1 -1 5.3865 268.8220 173.3650 356.4320 211.3764 1.6825 1.6745 4.0336 -13.9578 1.7082 34.1672 5.0011 0.0506