Car -1 -1 4.9956 270.2687 193.6658 428.4461 297.9236 1.4159 1.5149 3.2639 -4.0113 1.5729 11.6933 4.6718 0.9695
Car -1 -1 5.1049 203.2476 185.7751 326.2090 246.8075 1.4489 1.6211 3.6511 -8.8718 1.4651 18.9557 4.6723 0.9483
Car -1 -1 4.7090 562.5172 180.6715 599.6232 214.6402 1.4741 1.6108 3.5709 -1.2053 1.2769 33.0111 4.6724 0.8953
Car -1 -1 5.2614 0.0000 200.8967 315.2389 376.0000 1.3969 1.6107 3.7790 -3.2243 1.5333 4.3170 4.6493 0.8387
Car -1 -1 5.2623 0.0000 184.1865 247.1629 280.8829 1.3902 1.6284 4.1494 -8.0488 1.3754 12.4216 4.6971 0.8144
Car -1 -1 5.0188 292.1615 180.8697 353.6252 213.1258 1.4011 1.5452 3.8120 -13.0374 1.2123 33.1765 4.6469 0.5723
Car -1 -1 5.2746 0.0000 186.9255 97.2408 261.1862 1.4141 1.5692 3.5340 -12.9589 1.4557 15.6234 4.5905 0.4740
Car -1 -1 5.1978 179.1687 181.9585 280.9655 228.0746 1.4788 1.5592 3.6935 -12.9361 1.3743 24.9062 4.7229 0.4197
Car -1 -1 4.6419 427.3035 181.2144 459.4925 208.0284 1.4721 1.5486 3.8130 -9.4949 1.2524 41.5136 4.4181 0.1757
Car -1 -1 4.9890 339.0126 150.5545 424.0074 200.0066 1.6621 1.7892 4.5111 -8.1643 0.4971 26.4334 4.6923 0.1702
Car -1 -1 1.7352 400.7167 176.9414 446.6209 209.8291 1.5135 1.5832 3.6049 -8.8619 1.1327 34.9444 1.4884 0.1528
Car -1 -1 3.5264 302.9170 153.1056 415.8609 198.2114 1.5048 1.6026 3.3368 -8.5211 0.4336 24.8791 3.1997 0.1299
Car -1 -1 0.7914 0.0000 183.4129 72.6291 259.3566 1.5001 1.6664 4.0614 -13.8720 1.4645 15.1500 0.0587 0.1265
Car -1 -1 2.1608 0.0000 188.3739 65.8941 277.8380 1.4620 1.5807 4.1655 -12.7305 1.5333 14.0711 1.4347 0.1095
Car -1 -1 4.8208 448.0344 164.1153 503.4044 206.3875 1.4954 1.6415 4.0162 -4.9484 0.7490 27.4900 4.6442 0.1074
Car -1 -1 4.6762 534.1238 164.8785 554.0394 185.2228 1.7302 1.6101 3.5544 -5.5540 0.0006 62.9989 4.5883 0.0849
Car -1 -1 3.7188 327.1282 176.0991 429.3242 213.9811 1.5139 1.6214 3.7990 -9.5420 1.1495 30.0181 3.4133 0.0845
Car -1 -1 3.7065 238.8351 179.6703 344.1493 213.8680 1.4834 1.6210 4.1058 -14.1495 1.2429 32.2994 3.2964 0.0833
Car -1 -1 1.6594 52.6692 228.9117 318.7592 376.0000 1.4973 1.6931 4.2282 -3.8068 2.0737 7.2057 1.1877 0.0827
Car -1 -1 4.7009 383.8493 168.9032 427.7095 208.0674 1.5763 1.7140 4.3253 -8.7705 0.9198 31.2491 4.4293 0.0768
Car -1 -1 2.1241 0.0000 170.4900 128.4034 218.1678 1.3926 1.4939 3.7820 -17.1652 0.9625 22.9441 1.4874 0.0751
Car -1 -1 1.5010 581.4570 169.4831 602.7084 187.3138 1.5881 1.6592 4.3013 -1.4229 0.1869 66.2410 1.4793 0.0750
Car -1 -1 4.8122 321.5721 170.8236 354.2122 195.9620 1.5611 1.5919 3.9593 -17.4683 0.6673 46.7573 4.4563 0.0662
Car -1 -1 2.0787 90.6698 171.1919 204.3071 217.9422 1.5058 1.6194 3.9306 -15.9307 1.0541 25.1591 1.5189 0.0624
Car -1 -1 3.3212 65.6139 178.9790 198.3170 222.3367 1.4876 1.5886 3.7940 -17.1387 1.2737 26.1296 2.7452 0.0618
Car -1 -1 5.0121 0.0000 182.2151 128.3667 254.1802 1.4652 1.6049 4.0671 -12.7357 1.4041 16.8204 4.3715 0.0605
Car -1 -1 1.9406 346.9486 161.4680 431.0005 207.0323 1.6495 1.7054 4.2786 -8.4473 0.7898 28.2246 1.6522 0.0602
Car -1 -1 4.4708 279.0794 233.6915 532.1027 376.0000 1.4702 1.7104 4.1171 -2.4799 2.1588 8.0037 4.1786 0.0576
Car -1 -1 2.0040 0.0000 174.3681 22.9876 236.8282 1.4654 1.4898 3.3184 -16.8692 1.2109 18.6689 1.2762 0.0567
Car -1 -1 4.9709 442.5274 181.3372 487.2569 208.3416 1.4862 1.5863 3.8946 -8.1675 1.2727 41.5570 4.7777 0.0557
Car -1 -1 2.2318 207.3510 181.6808 293.6151 215.8899 1.5832 1.6462 4.0683 -17.4702 1.4196 35.4271 1.7763 0.0543
Car -1 -1 1.1381 571.3295 175.8155 610.1833 195.6472 1.6446 1.6931 4.3056 -1.4579 0.8650 61.9174 1.1142 0.0538
Car -1 -1 1.9340 303.9402 171.7885 355.8295 198.2390 1.5894 1.6314 4.2698 -17.4100 0.7825 45.3312 1.5690 0.0536
Car -1 -1 3.9333 375.3055 182.0624 447.2456 209.2052 1.4603 1.6168 3.9107 -11.0130 1.2907 40.3567 3.6682 0.0504