Car -1 -1 -0.0125 617.2226 179.1968 889.6352 275.2924 1.5839 1.6728 4.6105 2.5509 1.7113 13.2725 0.1721 0.8990
Car -1 -1 1.0289 0.0000 188.5397 76.8335 258.2374 1.3950 1.6780 4.1466 -14.5501 1.7856 16.5298 0.3151 0.6464
Car -1 -1 1.5526 22.8252 191.4225 79.9327 236.1336 1.4431 1.5929 3.8363 -20.8580 2.1879 26.9441 0.8985 0.3167
Car -1 -1 0.1277 5.8515 180.6918 102.9883 209.9242 1.4869 1.6020 4.0176 -30.1295 1.9324 39.3090 -0.5231 0.1937
Car -1 -1 2.2366 18.2051 178.1996 87.7975 203.5754 1.6454 1.7033 3.9531 -38.1725 2.0277 49.6109 1.5832 0.1748
Car -1 -1 4.5397 615.3170 185.5452 649.3641 210.1880 1.4954 1.6271 3.7576 1.4679 2.3708 47.7952 4.5696 0.1719
Car -1 -1 4.6263 620.1540 184.7035 652.2693 212.4855 1.4789 1.5519 3.5511 1.5042 2.1946 41.7676 4.6614 0.1590
Car -1 -1 1.2445 637.1496 180.9837 667.0070 198.8364 1.4986 1.5039 3.8559 3.7666 2.2486 64.5014 1.3021 0.1259
Car -1 -1 4.2412 0.0000 170.5548 67.7034 204.8992 1.5178 1.6566 4.2358 -27.3554 1.4162 33.5059 3.5603 0.1129
Car -1 -1 5.2914 18.9392 179.9697 97.7336 209.2965 1.4986 1.6139 3.8200 -30.2847 1.9102 39.7820 4.6438 0.1120
Car -1 -1 3.9617 0.0000 165.9380 50.0843 201.5213 1.5380 1.6679 4.2072 -27.6527 1.2391 32.2579 3.2570 0.1080
Car -1 -1 1.7975 60.9371 181.9765 101.6535 204.3621 1.5160 1.5825 3.7413 -38.4179 2.2061 52.5520 1.1685 0.1035
Car -1 -1 1.5850 33.1214 188.1438 85.1324 228.6711 1.4470 1.5972 4.1846 -22.4751 2.1190 29.5526 0.9390 0.1016
Car -1 -1 1.1470 847.6396 172.0482 894.6968 197.4413 1.6100 1.5142 3.7272 17.2236 1.5589 47.6656 1.4914 0.0921
Car -1 -1 -0.8975 639.2539 180.4648 704.6485 209.1912 1.5081 1.5967 3.9211 3.5759 1.9603 40.8968 -0.8115 0.0805
Car -1 -1 4.8815 0.0000 175.4588 83.0179 225.4929 1.5378 1.6443 4.0682 -19.2980 1.6344 24.5849 4.2212 0.0786
Car -1 -1 -0.3885 82.6687 186.5336 297.3477 261.2362 1.4299 1.6031 3.9611 -9.5028 1.7838 16.6129 -0.9015 0.0758
Car -1 -1 1.4126 877.0875 202.0018 994.2176 283.9568 1.4192 1.7024 4.3436 7.2493 2.1775 16.4561 1.8198 0.0753
Car -1 -1 1.4530 36.7679 183.0687 73.5349 205.3930 1.4778 1.6395 3.9395 -39.6413 2.2359 51.5635 0.7999 0.0739
Car -1 -1 1.2045 759.1161 170.8638 794.3896 189.8168 1.4917 1.5938 3.6344 13.5602 1.3350 58.6983 1.4302 0.0665
Car -1 -1 1.4557 881.9653 198.6245 999.4631 291.3247 1.4485 1.6445 4.0548 6.5532 2.0501 14.6650 1.8673 0.0660
Car -1 -1 -0.1612 620.3226 184.4545 690.0701 211.7760 1.4797 1.5712 3.7371 2.5560 2.1522 40.8659 -0.0998 0.0602
Car -1 -1 1.4031 874.6185 203.4297 984.8745 279.9857 1.4503 1.7294 4.3218 7.7278 2.3026 17.8109 1.8053 0.0586
Car -1 -1 5.3500 75.9260 191.0076 191.2353 234.7485 1.4692 1.6395 4.0343 -18.3227 2.2259 28.0131 4.7749 0.0586
Car -1 -1 2.3916 0.0000 178.7672 79.3062 210.0314 1.5379 1.6464 4.1736 -30.8471 1.8713 38.5048 1.7194 0.0572
Car -1 -1 3.2445 0.0000 196.1491 95.0011 244.1599 1.4629 1.5964 4.0809 -20.7267 2.3434 25.4917 2.5668 0.0565
Car -1 -1 3.5933 0.0000 168.2393 87.0652 219.9792 1.5526 1.6288 3.8994 -19.1961 1.4141 22.9063 2.9014 0.0562
Car -1 -1 2.7800 612.0504 186.0838 669.1160 210.0568 1.4630 1.5653 3.3532 1.9996 2.3427 46.7050 2.8219 0.0559
Car -1 -1 5.7912 0.0000 166.4215 77.8694 202.6220 1.5280 1.6468 3.7580 -26.4826 1.2565 32.5068 5.1115 0.0546
Car -1 -1 2.9310 806.2962 183.5407 899.4330 213.9008 1.5066 1.6721 4.3455 12.6191 2.0797 37.6273 3.2516 0.0540
Car -1 -1 1.5391 616.0004 186.6445 648.8832 217.6455 1.4566 1.5817 3.9410 1.1485 2.2135 37.6297 1.5687 0.0535