Car -1 -1 4.7981 543.9435 179.5236 593.8323 220.2064 1.4269 1.5858 4.0271 -1.5103 1.7046 28.0122 4.7441 0.9147
Car -1 -1 4.8775 490.4487 182.9390 579.6848 245.0222 1.4058 1.6490 4.3756 -1.8617 1.7069 19.3052 4.7819 0.9043
Car -1 -1 4.1337 881.4497 178.5374 1242.0000 375.0000 1.4321 1.6829 4.3054 3.4289 1.4868 4.7819 4.7263 0.8278
Car -1 -1 4.6941 691.0222 170.5143 728.6006 205.3482 1.4766 1.5829 3.8999 4.4872 1.3775 32.6156 4.8291 0.7538
Car -1 -1 4.7736 671.2352 172.1996 698.5428 195.7281 1.5595 1.6336 4.1259 5.2554 1.5161 49.9937 4.8774 0.3610
Car -1 -1 4.5541 705.6222 175.6194 783.9752 232.1882 1.4350 1.5836 3.6772 3.7113 1.5200 20.3375 4.7313 0.2717
Car -1 -1 4.4055 833.8369 138.3079 906.1531 180.0319 1.5344 1.6129 3.7161 10.1629 0.2640 28.4178 4.7457 0.2408
Car -1 -1 1.7777 567.8881 173.2148 602.1527 198.6600 1.7570 1.6519 4.1488 -1.7257 1.7841 52.0697 1.7443 0.2230
Car -1 -1 4.4336 716.0522 151.8456 845.4174 240.5906 1.6993 1.6781 4.0133 3.5901 1.2971 15.8704 4.6515 0.1615
Car -1 -1 4.6252 661.4720 181.9248 729.0524 239.2724 1.4248 1.5550 3.7279 2.3355 1.7050 20.4047 4.7367 0.1548
Car -1 -1 4.9332 524.1089 168.7353 568.5882 196.3744 1.4342 1.5947 3.9457 -3.4037 1.2204 39.5021 4.8474 0.1362
Car -1 -1 4.7318 646.0651 154.6202 739.7535 249.7036 1.7643 1.7423 4.6563 1.8627 1.4260 15.8122 4.8460 0.1241
Car -1 -1 4.4956 723.8019 130.0646 867.1687 244.2718 1.8435 1.6949 4.3048 3.3440 1.1528 13.8122 4.7277 0.1110
Car -1 -1 1.7213 665.5665 170.1744 699.9033 195.2365 1.6055 1.6730 4.2885 4.9640 1.4339 48.5082 1.8223 0.1083
Car -1 -1 1.6524 665.5283 176.6128 696.4584 203.0538 1.6000 1.6502 4.1603 4.6423 1.8536 46.4800 1.7508 0.0832
Car -1 -1 1.4312 706.6178 157.7118 733.9786 178.8496 1.6344 1.6307 3.9129 8.8267 0.4636 57.7547 1.5820 0.0708
Car -1 -1 1.8027 561.5157 171.3248 598.2816 195.7708 1.6390 1.6653 4.1377 -2.0309 1.5364 50.5643 1.7623 0.0685
Car -1 -1 4.5418 713.9554 161.0996 745.0338 183.7881 1.5969 1.6207 3.7334 8.7125 0.7696 52.6560 4.7047 0.0632
Car -1 -1 0.8181 993.0863 144.2648 1242.0000 375.0000 1.5179 1.5993 4.3374 3.3579 1.4924 2.8577 1.6338 0.0615
Car -1 -1 1.4813 682.1307 179.0714 713.6755 204.4244 1.5172 1.6490 3.9373 5.6069 1.9320 46.1493 1.6009 0.0564
Car -1 -1 0.7236 1121.5966 144.0551 1242.0000 375.0000 1.4595 1.5167 3.5230 6.5904 1.2783 6.3488 1.5045 0.0560
Car -1 -1 2.9075 848.1063 142.6122 974.0813 184.5987 1.5332 1.6337 4.1565 11.3841 0.4289 27.4764 3.2965 0.0553
Car -1 -1 1.6693 570.3840 175.4579 598.0425 197.1511 1.5321 1.6444 4.2395 -1.8449 1.7335 53.6462 1.6346 0.0547
Car -1 -1 4.5250 753.7579 192.3860 1232.6130 375.0000 1.4752 1.5784 3.9267 1.8237 1.6588 4.7181 4.8714 0.0543
Car -1 -1 3.1057 431.5035 190.6361 573.3998 248.9173 1.4906 1.6073 3.7935 -3.0047 2.0184 20.2798 2.9597 0.0542
Car -1 -1 -0.4200 649.8332 171.4106 718.9348 194.9121 1.5976 1.6789 4.5247 5.2382 1.4995 50.5539 -0.3177 0.0521