Car -1 -1 1.8331 242.4826 201.7331 455.4706 362.5821 1.4861 1.5600 3.6105 -3.0399 1.9269 9.1703 1.5204 0.9807
Car -1 -1 4.7140 473.2454 185.1941 523.8364 232.4746 1.4880 1.6683 4.5578 -4.0398 1.9790 26.3276 4.5626 0.9425
Car -1 -1 4.5973 615.7565 175.6400 671.9250 225.1247 1.6723 1.6356 3.6712 1.1894 1.7819 26.4859 4.6410 0.9247
Car -1 -1 4.1052 816.0478 181.7010 1242.0000 375.0000 1.4087 1.6392 4.3813 2.9323 1.4937 4.6835 4.6358 0.8984
Car -1 -1 4.5129 596.5557 183.7489 639.8693 215.3425 1.4813 1.5449 3.5362 0.3961 2.0686 37.0108 4.5228 0.5866
Car -1 -1 1.5945 523.5184 182.1734 543.5369 201.1280 1.5025 1.5943 3.9387 -6.4225 2.3194 61.2160 1.4900 0.2247
Car -1 -1 1.5554 638.9606 165.3103 663.7682 188.5169 1.4574 1.5566 3.9495 2.7078 0.9836 47.3177 1.6119 0.2136
Car -1 -1 1.3526 457.4067 175.8425 491.4174 196.4602 1.4862 1.6202 4.4770 -10.3570 1.7241 55.0758 1.1672 0.1811
Car -1 -1 1.4472 407.9393 184.6297 446.1725 214.4568 1.4487 1.5431 3.6742 -9.8039 2.1114 38.6104 1.1997 0.1773
Car -1 -1 0.2396 369.7571 185.6289 447.3913 214.9637 1.4669 1.6001 3.6273 -10.4490 2.1491 37.6768 -0.0295 0.1668
Car -1 -1 4.7120 501.4273 180.6054 529.7826 207.6302 1.4883 1.5961 3.7249 -5.5720 1.9691 42.8055 4.5828 0.1432
Car -1 -1 1.1153 1048.9518 197.4428 1242.0000 304.9850 1.4455 1.6373 3.9207 9.4759 1.9495 12.7179 1.7436 0.1032
Car -1 -1 4.7684 633.2998 163.7812 662.1381 188.2423 1.4836 1.6047 4.0644 2.4645 0.9333 45.8694 4.8215 0.0923
Car -1 -1 3.4483 353.9555 187.3226 453.7444 223.9809 1.4771 1.6104 3.7608 -8.6791 2.1086 30.6228 3.1739 0.0903
Car -1 -1 4.7800 453.7841 183.1044 482.6103 208.3153 1.4591 1.5193 3.7941 -8.8438 2.1313 45.3421 4.5880 0.0897
Car -1 -1 1.4323 523.0696 180.7680 550.5604 201.6707 1.5829 1.6550 4.1913 -5.9393 2.2498 58.5637 1.3312 0.0798
Car -1 -1 2.8703 1117.0902 174.2070 1242.0000 271.1971 1.4841 1.6449 4.1568 11.6290 1.5111 12.7414 3.5982 0.0793
Car -1 -1 4.3235 1015.8762 190.2259 1195.6500 280.4430 1.4654 1.5841 3.8340 9.7429 1.8643 14.5355 4.9038 0.0759
Car -1 -1 0.6922 1096.4156 191.9094 1242.0000 299.5188 1.4388 1.6241 3.5267 10.4201 1.8106 12.1964 1.3866 0.0753
Car -1 -1 4.6243 434.9482 211.1420 536.8167 308.0252 1.4806 1.7053 4.1477 -2.6984 2.3952 15.0098 4.4482 0.0735
Car -1 -1 4.7441 569.1417 182.3001 602.6038 214.1004 1.4890 1.5840 3.9126 -1.1661 1.9978 36.9040 4.7121 0.0679
Car -1 -1 1.4852 492.1936 186.8403 530.8803 219.0296 1.4452 1.6031 3.7372 -4.9526 2.1843 36.1307 1.3494 0.0677
Car -1 -1 4.3257 431.6391 211.2947 607.3948 327.7799 1.4846 1.6837 3.9340 -1.7444 2.2757 12.7234 4.1907 0.0664
Car -1 -1 3.1880 502.9796 182.6600 564.1804 209.4794 1.4866 1.5996 3.4327 -4.3371 2.0635 41.5483 3.0842 0.0656
Car -1 -1 5.0110 403.9549 187.5441 466.7764 225.7710 1.4935 1.6042 3.8645 -7.5695 2.1790 31.6924 4.7779 0.0648
Car -1 -1 1.7906 461.9673 183.2778 499.6680 207.9818 1.4510 1.5465 3.9173 -8.1665 2.1450 46.0511 1.6156 0.0646
Car -1 -1 2.1412 520.5306 182.6810 561.9778 202.3267 1.5297 1.5778 3.9347 -5.6782 2.3810 60.4017 2.0475 0.0620
Car -1 -1 1.8586 436.4932 179.0323 481.2350 205.1611 1.4466 1.5926 3.7483 -8.8821 1.8296 42.7954 1.6548 0.0619
Car -1 -1 1.9842 464.8929 181.2247 514.3185 206.9812 1.4939 1.6239 3.9065 -7.4738 2.0438 45.3045 1.8211 0.0616
Car -1 -1 0.5157 467.5019 178.8536 545.6239 205.1052 1.4909 1.6747 4.3835 -6.1793 1.8639 43.2803 0.3743 0.0588
Car -1 -1 1.5285 505.4407 189.0911 545.5613 224.8294 1.4465 1.6631 4.0713 -3.9308 2.2439 33.2929 1.4113 0.0578
Car -1 -1 1.6943 478.6699 176.3263 503.5894 194.8214 1.5217 1.6091 4.2508 -10.1933 1.8320 62.3298 1.5325 0.0563
Car -1 -1 1.4741 560.2740 181.1019 583.5055 199.8557 1.4599 1.5685 3.7457 -3.1536 2.1668 59.8704 1.4213 0.0557
Car -1 -1 -0.4535 520.3334 181.2812 587.1693 208.4987 1.4613 1.6094 3.4567 -3.1845 1.9618 41.2801 -0.5306 0.0544
Car -1 -1 0.5826 918.4352 65.4184 1242.0000 375.0000 1.5257 1.6353 4.2905 3.1004 1.4794 2.5607 1.4079 0.0543
Car -1 -1 -0.7918 1064.5525 189.9876 1242.0000 277.9644 1.4815 1.6403 3.8541 10.9618 1.8299 13.6159 -0.1252 0.0541
Car -1 -1 2.9701 471.7812 180.4385 544.2275 208.1863 1.5163 1.6350 3.9104 -5.8582 1.9676 41.5579 2.8304 0.0539
Car -1 -1 4.2397 424.1506 183.5309 476.1424 208.1323 1.4217 1.6082 3.8788 -10.0762 2.1239 45.4468 4.0223 0.0533
Car -1 -1 1.8912 508.7559 179.6594 544.5434 200.8920 1.5861 1.6548 3.9807 -6.5487 2.1472 57.3754 1.7777 0.0532
Car -1 -1 0.5759 345.8847 185.9602 431.9106 217.2178 1.4880 1.6267 3.9468 -11.2374 2.1804 36.7907 0.2810 0.0525
Car -1 -1 4.3795 616.7493 165.9916 661.1839 189.4308 1.4813 1.6293 4.2862 1.8958 1.0476 47.8867 4.4185 0.0519
Car -1 -1 1.6303 510.1173 186.6598 547.6617 219.1439 1.4556 1.6298 3.7103 -3.9573 2.1775 35.8358 1.5205 0.0516
Car -1 -1 1.6425 412.8148 183.8457 450.4485 215.6704 1.5057 1.6255 3.7423 -9.1922 2.1069 37.4861 1.4032 0.0505