Car -1 -1 3.9946 758.7662 191.8589 930.6220 272.4970 1.4408 1.6353 3.5115 4.9782 1.9064 15.7413 4.2945 0.9563
Car -1 -1 2.1563 137.3507 191.5354 231.3749 233.2040 1.5101 1.6066 3.5698 -17.3412 2.3243 29.6188 1.6303 0.9283
Car -1 -1 2.0312 268.5093 186.1768 339.9467 217.6868 1.5486 1.7547 4.5968 -16.7311 2.3269 39.7994 1.6352 0.8385
Car -1 -1 1.7993 96.8237 204.8012 161.0577 240.0762 1.4361 1.7487 4.0248 -23.5719 3.1065 35.5342 1.2168 0.3732
Car -1 -1 1.0416 754.8589 176.2399 827.8799 207.6791 1.4451 1.6219 4.1746 8.9505 1.6239 35.8773 1.2837 0.3715
Car -1 -1 2.4757 209.0165 194.2052 279.2078 220.9531 1.5067 1.6402 3.7833 -23.2296 2.9288 45.9953 2.0101 0.2617
Car -1 -1 1.9140 82.5227 206.4496 151.2636 241.9938 1.4378 1.7410 3.0685 -23.2072 3.1051 34.1070 1.3199 0.2357
Car -1 -1 1.7979 243.6600 197.3368 286.1873 222.9688 1.4770 1.6858 3.9247 -22.7131 3.1661 47.6821 1.3551 0.2001
Car -1 -1 4.6319 129.0546 204.6331 165.7830 231.1992 1.5296 1.7831 3.9397 -31.2165 3.7673 48.6972 4.0640 0.1990
Car -1 -1 3.8962 58.6052 203.2637 160.2315 236.3065 1.4573 1.7504 3.9441 -24.3113 2.9870 35.1306 3.2941 0.1277
Car -1 -1 1.4506 751.5373 171.9631 784.5533 198.4674 1.5448 1.5415 3.5180 9.5963 1.4929 43.8788 1.6641 0.0972
Car -1 -1 1.2826 181.1402 190.9118 230.2028 217.3873 1.4788 1.6550 3.7986 -25.1242 2.6490 44.8392 0.7741 0.0947
Car -1 -1 3.2431 283.4730 180.5104 341.9298 201.8855 1.6255 1.7026 4.1372 -23.5078 2.2481 57.2756 2.8550 0.0908
Car -1 -1 1.8460 82.0459 206.3688 147.9888 243.1554 1.4393 1.7131 3.0691 -22.6095 3.0571 33.1024 1.2503 0.0868
Car -1 -1 1.4909 129.5436 203.0051 181.5320 240.2618 1.5055 1.8255 3.4217 -21.5366 3.0139 34.1788 0.9318 0.0731
Car -1 -1 1.4052 698.4489 198.8111 775.2339 257.7886 1.4494 1.6068 3.7208 3.6464 2.2802 21.2322 1.5719 0.0707
Car -1 -1 4.6934 98.4661 196.5864 131.9144 222.0881 1.4806 1.7687 3.9963 -32.9259 3.1304 48.0180 4.0947 0.0701
Car -1 -1 5.5774 129.7574 204.9872 196.6171 231.5077 1.5388 1.8456 3.4391 -29.9039 3.7815 48.4393 5.0265 0.0693
Car -1 -1 1.3537 756.4875 170.8074 800.2565 199.1219 1.5387 1.6141 3.9204 9.5744 1.4275 41.1780 1.5802 0.0669
Car -1 -1 -0.7416 815.5143 192.4592 1021.3487 275.1864 1.5057 1.6190 3.9562 6.5125 1.9588 15.2438 -0.3459 0.0666
Car -1 -1 2.4463 274.6790 191.4385 342.5842 216.9525 1.4913 1.7139 3.9307 -19.7168 2.7679 47.4267 2.0539 0.0647
Car -1 -1 4.7016 139.6370 203.8623 183.6552 239.0405 1.4572 1.7689 3.9368 -22.2217 3.0871 35.7907 4.1490 0.0638
Car -1 -1 2.4146 785.6120 175.7561 869.3785 207.6851 1.4725 1.5581 3.8349 10.5980 1.6196 35.0677 2.7053 0.0623
Car -1 -1 1.9389 175.5385 183.6197 232.7237 212.0601 1.5313 1.6122 3.9423 -23.7856 2.1959 42.4766 1.4309 0.0599
Car -1 -1 4.8214 732.1921 172.8923 763.9677 198.8834 1.5118 1.5249 3.5461 8.4592 1.5143 43.8941 5.0101 0.0586
Car -1 -1 1.8123 102.4100 200.3365 149.3544 226.6143 1.4979 1.7573 3.4664 -31.5048 3.3650 47.0917 1.2250 0.0536
Car -1 -1 4.8497 688.4654 200.3377 765.9660 265.0003 1.4376 1.5974 3.7679 3.3139 2.2696 19.8074 5.0118 0.0525
Car -1 -1 1.6527 124.3478 199.6337 162.1793 227.0317 1.5311 1.7344 3.6470 -29.8574 3.3237 46.2826 1.0822 0.0520
Car -1 -1 2.8391 141.2278 195.2833 217.1850 222.0398 1.5605 1.8105 3.9478 -28.3629 3.1056 47.6297 2.3042 0.0513
Car -1 -1 0.4807 220.8312 197.4251 290.4268 221.5339 1.4671 1.6910 3.6727 -22.8339 3.0855 46.6284 0.0272 0.0506
Car -1 -1 2.5771 748.6793 175.8708 835.9603 207.9130 1.4624 1.5899 3.7887 8.7376 1.6124 34.5344 2.8224 0.0502