Car -1 -1 4.9280 397.6819 181.0683 487.6219 243.8349 1.5549 1.6385 3.5733 -4.3734 1.4521 19.5954 4.7109 0.9780
Car -1 -1 4.5748 665.2091 182.6522 732.2917 231.1908 1.3909 1.5940 3.4316 2.7643 1.3174 22.3271 4.6961 0.9697
Car -1 -1 5.2171 0.0000 181.4513 365.3132 376.0000 1.4950 1.6705 4.1351 -3.7091 1.4720 6.4656 4.7139 0.9586
Car -1 -1 5.1166 244.9128 184.7034 360.3364 237.5755 1.3676 1.6210 3.8493 -8.5446 1.3543 20.5298 4.7266 0.9438
Car -1 -1 4.8066 481.9789 180.6599 524.9105 214.1758 1.4199 1.5781 3.4628 -4.5976 1.2269 32.2213 4.6656 0.9006
Car -1 -1 5.0375 352.6418 168.1445 427.3851 208.4754 1.5165 1.6297 4.1879 -8.7003 0.8746 29.1524 4.7498 0.8813
Car -1 -1 4.6547 581.6314 176.5382 614.3991 204.2431 1.4911 1.6319 3.7782 -0.5604 1.0241 40.6328 4.6406 0.7272
Car -1 -1 4.8043 513.8854 176.7931 546.5497 203.1198 1.5163 1.5992 3.9572 -4.6013 1.0312 43.3929 4.6989 0.5454
Car -1 -1 4.6136 620.3828 176.9030 648.2831 198.5313 1.4860 1.6106 3.9067 1.9033 0.9149 51.3892 4.6500 0.5183
Car -1 -1 4.9064 461.4524 175.3795 498.6320 200.0804 1.5336 1.6267 4.0138 -8.2008 0.9229 46.6547 4.7330 0.4190
Car -1 -1 4.6539 581.3860 168.2656 601.9846 185.9502 1.5451 1.6242 4.0087 -1.4271 0.0642 64.8699 4.6317 0.3684
Car -1 -1 2.3293 0.0000 185.6736 124.8779 326.3752 1.4275 1.5450 3.7189 -8.2445 1.4345 9.1956 1.6128 0.3510
Car -1 -1 4.7178 465.0670 162.7614 488.6979 186.6073 1.7775 1.7381 4.1735 -10.0972 0.1037 55.7887 4.5394 0.1911
Car -1 -1 1.4208 724.9647 190.3867 782.4689 229.6119 1.4130 1.6436 3.8993 5.7103 1.6316 28.4047 1.6167 0.1378
Car -1 -1 4.9162 430.9441 166.4141 477.9433 196.9765 1.5626 1.6731 4.1163 -8.1801 0.6013 38.8133 4.7097 0.1298
Car -1 -1 1.5479 663.9443 181.9058 690.9103 204.4760 1.4668 1.7216 4.1560 4.7329 1.2517 48.8512 1.6435 0.1213
Car -1 -1 3.1882 463.6236 174.2566 539.7993 202.0063 1.5842 1.6941 4.3297 -6.1236 0.9585 42.0910 3.0443 0.1203
Car -1 -1 -0.4110 615.9147 176.9024 672.6509 198.7384 1.4914 1.5786 3.6524 2.6008 0.9236 50.4799 -0.3602 0.1142
Car -1 -1 0.1481 589.5042 177.1134 650.3246 199.3605 1.5200 1.6168 4.0566 0.9088 0.9665 50.2479 0.1657 0.1092
Car -1 -1 4.9622 412.5038 164.7393 462.9268 195.6651 1.5716 1.6642 4.0907 -9.0280 0.5310 38.5946 4.7338 0.1076
Car -1 -1 0.1624 439.2602 175.2913 502.5132 200.3092 1.5503 1.6115 3.7112 -8.5703 0.9353 45.3953 -0.0234 0.1022
Car -1 -1 4.5023 342.0607 171.2411 387.6027 201.1035 1.4827 1.5655 3.4968 -12.7103 0.7889 37.5956 4.1782 0.0994
Car -1 -1 1.8858 376.7897 172.5352 428.2927 201.8416 1.6853 1.7474 4.2817 -12.3124 0.9561 43.5132 1.6114 0.0897
Car -1 -1 1.7194 393.0714 166.6236 425.5072 190.6346 1.5890 1.6053 3.7888 -13.5967 0.3586 49.5498 1.4527 0.0845
Car -1 -1 1.5067 664.8031 178.5326 690.3929 200.2154 1.5062 1.5997 3.6216 5.0378 1.0420 51.7705 1.6027 0.0837
Car -1 -1 0.1406 405.9060 167.8129 486.3691 196.6941 1.4679 1.5850 3.9070 -8.3436 0.5834 37.4760 -0.0772 0.0793
Car -1 -1 1.7897 576.5788 167.0001 605.2922 185.0415 1.5283 1.6376 4.2501 -1.3904 -0.0159 63.1811 1.7675 0.0784
Car -1 -1 0.0888 452.9583 166.1069 507.5324 186.0925 1.4883 1.5959 3.9466 -9.5871 0.0653 54.4949 -0.0848 0.0770
Car -1 -1 1.1852 526.1612 176.3373 557.1099 192.8234 1.5134 1.5659 3.8998 -6.2383 0.6984 68.0813 1.0938 0.0750
Car -1 -1 1.2312 695.3197 170.7433 733.2413 193.7477 1.6356 1.5600 3.8940 7.8744 0.6066 53.1707 1.3771 0.0723
Car -1 -1 1.6365 692.1924 191.6819 739.8566 231.2153 1.4128 1.6203 3.5886 4.3287 1.6842 28.2460 1.7866 0.0722
Car -1 -1 3.4957 488.7551 176.7162 559.6154 203.2682 1.5363 1.6009 3.8796 -4.9301 1.0445 42.8307 3.3815 0.0668
Car -1 -1 1.5069 728.5121 176.8398 760.7864 202.5681 1.4710 1.6389 4.0715 8.2167 0.9921 43.2196 1.6932 0.0661
Car -1 -1 1.5757 650.9101 181.6857 676.1039 205.4441 1.5350 1.6251 4.1575 3.8135 1.3069 48.5832 1.6532 0.0633
Car -1 -1 4.7281 517.1563 175.8948 545.3921 202.1477 1.4552 1.5594 3.7395 -4.3793 0.9386 41.7782 4.6239 0.0627
Car -1 -1 1.4592 622.6379 176.5824 652.0590 198.7269 1.4692 1.5984 3.9456 2.0465 0.8964 49.7181 1.4997 0.0622
Car -1 -1 1.9478 523.6279 176.9168 557.6694 195.6259 1.6324 1.6803 4.0654 -5.9680 0.9083 64.9085 1.8560 0.0620
Car -1 -1 5.3828 0.0000 187.5121 199.2340 319.6885 1.4734 1.5864 3.8655 -7.6349 1.5117 10.0388 4.7453 0.0602
Car -1 -1 1.4117 476.2630 195.1759 538.2716 240.0923 1.4260 1.6132 3.8213 -3.6550 1.8121 25.8009 1.2718 0.0589
Car -1 -1 2.2484 0.0000 173.8464 98.4061 346.8561 1.4314 1.5820 4.1414 -7.8474 1.3373 8.0727 1.4939 0.0587
Car -1 -1 1.8103 699.0485 177.1922 742.0391 203.3012 1.4952 1.6438 4.0730 6.8842 1.0357 43.3624 1.9663 0.0569
Car -1 -1 4.5808 398.4515 167.9091 440.2956 198.6202 1.5464 1.6564 3.9533 -10.0611 0.6749 38.3386 4.3257 0.0566
Car -1 -1 1.6961 202.6392 218.4654 371.0102 357.5069 1.4416 1.6811 4.1461 -4.5248 2.0409 10.7365 1.3055 0.0562
Car -1 -1 1.3589 607.3062 176.1480 642.9630 198.8944 1.5215 1.6315 4.2537 1.2081 0.9150 50.3260 1.3823 0.0551
Car -1 -1 4.6983 283.3384 212.0293 540.6375 376.0000 1.4775 1.6590 4.1652 -1.8107 1.8147 6.8127 4.4474 0.0549
Car -1 -1 -0.6932 731.6196 188.3672 861.7961 234.7618 1.4813 1.6830 4.2628 6.5628 1.5975 24.8448 -0.4382 0.0536
Car -1 -1 2.2343 266.2174 174.9695 362.2461 212.2767 1.5018 1.6126 4.1752 -12.5830 1.0894 31.1675 1.8533 0.0532
Car -1 -1 2.4054 584.0723 168.3240 629.3729 185.8360 1.5052 1.6192 3.9512 -0.0187 0.0533 63.7157 2.4048 0.0529
Car -1 -1 5.2630 0.0000 170.9938 154.9416 250.2063 1.5221 1.5652 3.5881 -11.6546 1.2488 15.6641 4.6315 0.0521
Car -1 -1 4.6636 381.3448 161.6855 412.8936 189.0591 1.6721 1.7419 4.3176 -13.5501 0.2348 46.2354 4.3799 0.0515