Car -1 -1 1.8980 244.5197 188.2655 412.2643 279.3434 1.4484 1.7005 4.5436 -5.3999 1.8079 14.5408 1.5477 0.9408
Car -1 -1 1.7536 467.5355 176.5345 521.8322 211.4572 1.4792 1.6924 4.3620 -5.2095 1.6600 33.2307 1.5988 0.9320
Car -1 -1 4.8277 644.3022 171.4296 687.8975 204.3550 1.5154 1.6704 4.0808 2.8273 1.4498 35.3712 4.9064 0.8732
Car -1 -1 1.9719 341.5343 178.8297 417.9410 219.5201 1.4869 1.5766 3.7008 -9.0952 1.7417 28.8482 1.6687 0.2785
Car -1 -1 1.5130 741.0160 145.8491 782.5521 182.3315 1.6272 1.6971 3.7773 7.1527 0.4227 34.1751 1.7175 0.1375
Car -1 -1 5.2964 632.3410 164.7124 680.7364 188.5954 1.6263 1.6300 3.7386 3.3615 1.0719 51.1151 5.3614 0.1350
Car -1 -1 1.5829 517.4031 179.8149 551.8104 212.0323 1.4842 1.6219 3.9326 -3.7277 1.8526 36.1501 1.4803 0.1237
Car -1 -1 2.1455 508.0902 182.7857 559.5576 206.9915 1.4811 1.5470 3.8602 -4.9812 2.1693 47.9209 2.0420 0.0973
Car -1 -1 1.6425 672.8237 169.1918 704.0466 195.8837 1.5952 1.6477 4.3246 5.0054 1.3763 45.3962 1.7513 0.0824
Car -1 -1 4.3756 620.6609 164.9856 660.2562 188.8256 1.6110 1.6445 3.7150 2.1322 1.0793 50.7743 4.4170 0.0777
Car -1 -1 4.8064 509.9531 183.1787 542.1893 210.2901 1.4932 1.5595 3.8017 -4.9461 2.1376 43.1165 4.6923 0.0766
Car -1 -1 1.7123 395.4611 194.0057 455.1304 238.9183 1.4452 1.6346 3.7653 -6.8191 2.2946 27.0189 1.4667 0.0702
Car -1 -1 1.5640 371.1172 194.3337 419.6499 239.1651 1.4187 1.6023 3.4062 -7.8605 2.2624 26.4794 1.2775 0.0700
Car -1 -1 1.4214 722.7291 149.7180 769.2338 184.8661 1.6129 1.6538 3.8486 6.5662 0.5512 35.0615 1.6048 0.0684
Car -1 -1 3.5894 304.6331 179.7994 414.1870 217.2202 1.4636 1.6435 3.9313 -10.2372 1.7592 29.6567 3.2593 0.0661
Car -1 -1 1.5531 724.6804 150.4783 763.3708 187.2895 1.6110 1.6721 4.0576 6.2367 0.6318 33.7151 1.7343 0.0603
Car -1 -1 0.0704 513.7387 182.0885 579.2047 208.3277 1.4707 1.6060 3.6785 -3.6223 2.0171 41.8607 -0.0159 0.0590
Car -1 -1 -0.8163 469.9252 170.4247 636.1180 239.7230 1.4383 1.5638 4.0255 -1.2116 1.3879 17.0299 -0.8870 0.0585
Car -1 -1 -0.1076 716.0748 146.5485 803.7769 181.4705 1.6032 1.6724 3.9011 7.0531 0.3956 34.1407 0.0943 0.0579
Car -1 -1 5.0290 355.3882 178.9526 425.2115 216.8069 1.4599 1.6365 4.0294 -9.1776 1.7351 30.5188 4.7388 0.0575
Car -1 -1 1.7598 489.9372 181.8112 534.7999 211.1129 1.4589 1.6502 4.2653 -5.2466 1.9754 39.4306 1.6279 0.0553
Car -1 -1 4.8664 468.4141 168.2008 556.2535 233.4113 1.4568 1.5819 3.8404 -2.3180 1.3528 18.0599 4.7400 0.0551
Car -1 -1 1.2237 322.1855 174.8684 535.3507 310.8196 1.4562 1.5522 3.8950 -2.6356 1.4893 9.8329 0.9675 0.0540
Car -1 -1 1.7118 486.5855 178.6042 531.0969 211.1274 1.5236 1.6553 4.2136 -5.0522 1.8326 36.6586 1.5753 0.0529
Car -1 -1 3.4076 671.2710 171.7576 739.0492 197.8379 1.5276 1.6365 3.7772 5.7976 1.4634 43.7479 3.5381 0.0510