Car -1 -1 2.1115 154.0869 186.0474 254.4750 228.8031 1.4873 1.6320 3.9183 -15.7690 2.0413 28.3132 1.6071 0.9606
Car -1 -1 1.9808 303.9443 183.8862 359.2223 211.1028 1.4334 1.6269 3.6552 -15.8707 2.0945 41.3731 1.6163 0.9014
Car -1 -1 1.6935 222.9535 178.4602 261.3234 205.0988 1.5617 1.6648 3.9619 -23.0355 1.9307 45.3489 1.2257 0.5077
Car -1 -1 1.5766 387.4380 179.0563 406.2505 196.5425 1.5565 1.6497 3.9503 -19.9893 2.1581 67.8618 1.2909 0.2968
Car -1 -1 1.4276 441.5054 183.4136 469.9991 204.6637 1.5074 1.6053 3.8401 -11.8242 2.3475 55.3283 1.2176 0.2355
Car -1 -1 4.6572 380.6760 176.1963 401.7538 194.1560 1.5035 1.5637 3.7715 -19.1471 1.8057 63.2004 4.3640 0.1682
Car -1 -1 1.7180 426.3906 179.0701 450.6726 196.4391 1.4932 1.5704 4.0225 -15.5106 2.0761 65.5836 1.4864 0.1439
Car -1 -1 0.9158 413.1363 185.0226 463.2826 206.1273 1.4742 1.6577 3.8844 -12.9452 2.4236 54.4255 0.6829 0.1408
Car -1 -1 5.1368 321.2542 175.2231 362.0141 200.7939 1.9958 1.6749 3.8219 -21.7248 2.1948 58.6466 4.7833 0.1406
Car -1 -1 4.6234 141.3586 182.5849 187.5826 216.5936 1.5396 1.6229 3.9485 -22.1904 2.0518 35.9159 4.0731 0.1225
Car -1 -1 1.8577 368.2002 176.3005 401.5232 196.4126 1.7158 1.7073 4.2297 -20.0096 2.0337 64.4115 1.5574 0.1097
Car -1 -1 1.9068 457.1172 183.3398 493.4329 204.2053 1.4887 1.5766 3.8012 -10.2821 2.3241 55.4857 1.7240 0.1084
Car -1 -1 1.9111 429.2828 181.7660 469.6350 203.9831 1.5093 1.6212 4.0442 -11.6654 2.1876 52.8138 1.6944 0.0971
Car -1 -1 1.5405 119.2274 185.5693 163.2065 222.2019 1.4876 1.5685 3.8665 -21.2940 2.1007 32.7521 0.9675 0.0971
Car -1 -1 1.4310 157.7830 178.5457 199.8518 206.3329 1.5278 1.5951 4.0191 -25.4535 1.8800 42.5851 0.8948 0.0942
Car -1 -1 1.8931 479.5984 182.5240 516.4523 203.5562 1.4599 1.6232 3.7123 -8.2824 2.2081 53.8600 1.7408 0.0813
Car -1 -1 1.8193 380.3004 177.9960 409.7375 196.2976 1.6002 1.6207 4.1460 -19.6921 2.0882 66.3724 1.5316 0.0770
Car -1 -1 1.9659 252.1092 187.6275 312.2435 216.9933 1.4821 1.6484 3.9963 -18.2776 2.3521 40.4686 1.5438 0.0655
Car -1 -1 0.5038 186.0670 179.8590 261.5284 205.1659 1.5032 1.6548 3.7429 -23.5837 1.9405 44.1895 0.0159 0.0645
Car -1 -1 1.3209 261.7223 186.3700 306.9374 211.0164 1.4495 1.7199 4.1218 -21.1914 2.3690 46.9393 0.8986 0.0562
Car -1 -1 3.2860 374.0583 178.7624 418.7751 195.4927 1.5089 1.6027 3.7826 -19.7243 2.0652 66.8826 3.0000 0.0547
Car -1 -1 1.9045 371.5053 180.9013 423.3159 208.3200 1.4574 1.6079 4.0948 -12.1780 1.9454 41.6632 1.6214 0.0532
Car -1 -1 0.3200 421.2443 184.2718 480.0341 204.9711 1.4910 1.6500 3.9910 -11.8987 2.3640 54.1364 0.1042 0.0531
Car -1 -1 1.5467 388.5443 178.0876 408.7952 196.9591 1.6120 1.6556 4.2314 -19.0695 2.1011 65.1595 1.2628 0.0516
Car -1 -1 4.4881 100.7231 185.5141 161.5669 220.2892 1.5186 1.6439 3.8414 -23.1253 2.1635 34.8305 3.9053 0.0501