Car -1 -1 1.9123 268.4596 195.6533 408.3084 275.7585 1.4616 1.6325 4.1538 -5.9727 2.0464 16.4281 1.5681 0.9725
Car -1 -1 2.0559 49.6886 205.2993 307.4291 341.9172 1.4659 1.5756 3.7510 -5.9525 2.0244 10.5303 1.5516 0.9580
Car -1 -1 1.8520 386.2017 190.1891 472.7634 239.9026 1.4018 1.6689 4.1837 -5.8552 2.0284 23.9543 1.6141 0.9516
Car -1 -1 2.5272 999.1440 135.3687 1242.0000 235.3383 1.5878 1.6630 4.0638 9.1340 0.9924 12.3164 3.1539 0.9062
Car -1 -1 1.7874 438.5093 188.6075 494.6838 226.5967 1.3939 1.5084 3.7231 -5.8551 2.0880 29.9129 1.5952 0.8824
Car -1 -1 4.5087 690.3282 179.2079 788.5946 243.5219 1.4122 1.6303 4.0396 3.1585 1.5913 18.2958 4.6761 0.8744
Car -1 -1 1.8151 479.9239 182.0400 527.4127 214.0306 1.5834 1.6007 4.0516 -5.6618 2.1068 39.0132 1.6715 0.8187
Car -1 -1 4.5640 673.2942 175.8377 742.4246 225.4304 1.4834 1.6563 4.1052 3.1585 1.5908 23.9001 4.6931 0.8142
Car -1 -1 1.4449 658.6451 177.3645 702.1215 211.1387 1.4596 1.5498 3.6962 3.2385 1.6810 33.5527 1.5397 0.7656
Car -1 -1 2.6650 820.0841 158.5176 998.1564 215.9992 1.5160 1.6161 4.3097 8.2419 1.1379 20.0323 3.0498 0.7649
Car -1 -1 2.6613 961.2614 142.3613 1183.0925 228.3186 1.6467 1.5747 3.4845 9.3077 1.0625 14.7361 3.2155 0.7510
Car -1 -1 2.3223 0.0000 223.8448 135.4224 375.0000 1.4518 1.5178 3.4492 -5.8500 1.9991 6.0186 1.5731 0.7371
Car -1 -1 -0.4600 888.6069 156.1224 1079.3748 227.3904 1.6168 1.6660 3.6850 8.8208 1.2372 17.2131 0.0062 0.7131
Car -1 -1 1.8137 517.0031 182.0190 550.1442 203.9979 1.5327 1.5961 3.7977 -5.6428 2.2435 53.9680 1.7095 0.5463
Car -1 -1 4.6219 640.9720 176.0565 670.9670 201.1570 1.5875 1.6276 4.1386 3.0616 1.8110 48.2590 4.6844 0.4235
Car -1 -1 2.7776 817.5955 139.2952 958.9377 183.9980 1.5037 1.6428 4.2816 9.6138 0.3748 25.0961 3.1396 0.3707
Car -1 -1 4.8873 670.6227 164.7183 698.6928 185.4909 1.6465 1.6578 3.7960 6.1972 1.0016 59.2433 4.9908 0.3416
Car -1 -1 1.4540 647.9258 177.9109 684.7609 208.1489 1.5479 1.5820 3.6675 3.0566 1.8372 39.4234 1.5303 0.2708
Car -1 -1 3.8615 0.0000 236.5317 137.4765 375.0000 1.4944 1.6644 4.1129 -7.0734 2.1791 6.7926 3.0755 0.2138
Car -1 -1 4.5134 804.8716 144.0439 877.2130 189.9735 1.5540 1.7062 4.2582 8.4294 0.5792 26.6194 4.8168 0.2120
Car -1 -1 4.7419 61.9763 196.1062 104.8696 231.4230 1.5246 1.5895 3.5244 -25.8744 2.7320 35.5615 4.1163 0.2042
Car -1 -1 -0.5927 1157.3184 125.2257 1242.0000 173.2417 1.4529 1.6002 3.9298 19.9922 0.0117 22.8618 0.1198 0.1775
Car -1 -1 2.0869 383.6177 178.9209 430.4424 199.9961 1.4642 1.5280 4.0741 -14.9686 1.9325 53.5349 1.8152 0.1743
Car -1 -1 1.3991 746.8165 177.2849 798.8771 214.3857 1.4474 1.5260 3.6512 6.8244 1.6458 30.4523 1.6170 0.1285
Car -1 -1 1.9030 19.7242 199.8115 87.4386 233.2644 1.4930 1.6678 3.6510 -28.7346 2.9653 37.4127 1.2513 0.1276
Car -1 -1 2.8378 722.5831 176.6488 793.8452 201.3791 1.5325 1.5975 4.1648 9.4548 1.7799 46.0304 3.0386 0.1233
Car -1 -1 1.0944 1144.3560 123.1721 1242.0000 173.1516 1.4936 1.6183 3.7390 19.3501 0.0089 23.5573 1.7763 0.1184
Car -1 -1 3.8020 0.0000 194.9326 84.8892 224.9245 1.4790 1.6452 3.8085 -29.8831 2.6566 37.6491 3.1344 0.1173
Car -1 -1 4.7734 741.6201 171.1138 785.0449 206.8937 1.4766 1.6408 4.0201 6.8573 1.4048 31.9333 4.9825 0.1171
Car -1 -1 4.7472 764.7943 176.6330 799.3630 208.2276 1.4463 1.5315 3.6005 8.5086 1.6420 35.4326 4.9805 0.1154
Car -1 -1 1.7931 509.8863 180.5146 545.6863 204.8575 1.6486 1.6761 4.3063 -5.8994 2.2297 52.5028 1.6813 0.1130
Car -1 -1 1.7852 491.3822 183.8501 533.8958 213.0870 1.5452 1.6137 4.0236 -5.5528 2.2133 41.7640 1.6533 0.1049
Car -1 -1 1.3919 629.7960 179.4480 670.0065 210.0940 1.5553 1.5661 3.5898 2.1507 1.9317 39.3054 1.4456 0.0952
Car -1 -1 2.1566 0.0000 215.3487 187.4529 317.9566 1.4772 1.6343 3.8971 -10.0978 2.4175 13.9939 1.5402 0.0944
Car -1 -1 3.2614 764.5452 175.0432 845.6893 207.5014 1.4638 1.6078 3.5414 9.2567 1.5717 34.1359 3.5236 0.0908
Car -1 -1 1.8570 467.3843 179.7076 520.9296 211.6447 1.5220 1.6277 4.1692 -5.9235 1.8988 37.4911 1.7009 0.0871
Car -1 -1 1.2242 733.8942 172.5128 784.1388 198.2896 1.5051 1.6717 4.2416 9.1178 1.4852 44.3504 1.4252 0.0855
Car -1 -1 4.5411 24.1409 195.0598 83.2400 230.6010 1.5015 1.6311 3.8754 -26.8307 2.6311 34.7891 3.8876 0.0850
Car -1 -1 0.1228 640.9034 177.4672 699.9644 200.9730 1.4682 1.5528 3.6427 3.9513 1.7737 46.6467 0.2063 0.0813
Car -1 -1 4.8248 501.2237 175.5729 531.1165 198.9579 1.5753 1.6523 4.0496 -6.5738 1.7756 51.1160 4.6971 0.0813
Car -1 -1 1.8412 383.2805 179.3052 421.7708 201.8320 1.5266 1.6178 4.1508 -14.9140 2.0117 52.1705 1.5638 0.0794
Car -1 -1 1.7711 54.6200 194.5367 110.0170 225.2541 1.4465 1.6203 4.2123 -28.7112 2.6985 39.4101 1.1445 0.0780
Car -1 -1 1.4823 622.7637 176.3904 657.0240 205.9518 1.6243 1.6336 4.2009 1.7293 1.8420 42.2945 1.5223 0.0766
Car -1 -1 4.2922 886.7173 128.5801 990.3628 176.9359 1.6385 1.7234 4.6419 12.0396 0.1383 26.7713 4.7109 0.0752
Car -1 -1 -0.7858 1084.9097 125.6029 1239.9227 172.5444 1.5585 1.6734 4.4005 19.1787 -0.0113 25.1037 -0.1388 0.0745
Car -1 -1 1.8730 444.4274 172.9622 481.7482 196.5777 1.7176 1.6355 4.0344 -11.0318 1.7261 54.5887 1.6742 0.0742
Car -1 -1 -0.1790 688.5667 174.8627 832.1462 224.8741 1.5015 1.5832 4.1744 4.6327 1.5666 22.5634 0.0203 0.0741
Car -1 -1 -0.4281 1107.6956 129.7038 1242.0000 180.9876 1.5457 1.4916 4.0302 18.4592 0.2451 22.9557 0.2431 0.0739
Car -1 -1 3.4333 302.9377 182.5678 404.0530 217.2698 1.4965 1.6250 3.9952 -11.4788 1.9465 32.5233 3.0962 0.0736
Car -1 -1 1.6197 463.0845 174.9923 483.4491 192.5966 1.4918 1.5728 3.9308 -12.0029 1.6867 63.6971 1.4339 0.0736
Car -1 -1 5.2817 73.2854 193.6367 151.4723 223.4566 1.4459 1.6652 3.9625 -27.3056 2.6496 39.7852 4.6831 0.0731
Car -1 -1 3.7394 423.1241 173.8567 503.7244 205.6379 1.5222 1.6176 3.6826 -7.3120 1.5744 36.1111 3.5406 0.0724
Car -1 -1 1.5596 40.6425 201.3458 90.7141 240.6938 1.4883 1.7127 4.0698 -24.5145 2.8568 32.5206 0.9173 0.0720
Car -1 -1 1.6644 252.2420 189.6288 300.4825 227.1191 1.4260 1.5466 3.5663 -14.3052 2.1946 31.1182 1.2364 0.0705
Car -1 -1 0.9925 658.1826 161.6115 701.4219 182.7042 1.8086 1.7443 4.3252 6.2035 0.8446 64.1876 1.0882 0.0693
Car -1 -1 4.5987 724.2106 174.0107 756.7067 198.6259 1.5408 1.6639 3.8321 8.5393 1.6198 47.3141 4.7757 0.0692
Car -1 -1 5.5586 75.5407 195.7175 172.2729 229.9358 1.4784 1.6724 3.8631 -24.1449 2.6863 36.0368 4.9715 0.0692
Car -1 -1 1.6851 521.7388 182.5110 549.9685 204.8906 1.5956 1.6647 4.4458 -5.6370 2.3698 55.6062 1.5841 0.0674
Car -1 -1 3.7167 478.8300 175.5238 536.3979 198.1840 1.5265 1.6161 3.7047 -7.1336 1.7189 50.4762 3.5766 0.0668
Car -1 -1 -0.4990 682.2003 166.0404 786.6083 203.2472 1.5186 1.6401 4.1240 5.3375 1.2405 30.8929 -0.3299 0.0668
Car -1 -1 1.5853 28.2211 188.7139 73.5443 223.7811 1.5355 1.6945 4.2775 -27.6719 2.3718 35.8259 0.9311 0.0665
Car -1 -1 1.1466 645.5078 175.0042 708.3909 209.2041 1.6380 1.6590 4.1141 3.3877 1.7550 37.0513 1.2365 0.0663
Car -1 -1 3.1852 691.8325 169.1056 738.1927 185.2746 1.5060 1.6210 4.2830 10.0094 1.1568 68.4000 3.3296 0.0660
Car -1 -1 -0.2018 360.8201 179.0630 419.1920 200.9283 1.5052 1.6383 3.7906 -15.8804 1.9684 52.2133 -0.4960 0.0655
Car -1 -1 2.0276 0.0000 230.4419 93.8177 349.3695 1.4234 1.6216 3.6907 -10.7331 2.5831 12.5441 1.3302 0.0655
Car -1 -1 1.1364 834.9545 138.5133 932.6566 185.0937 1.5039 1.6458 4.0236 9.5098 0.3952 25.3658 1.4913 0.0644
Car -1 -1 0.2913 642.9769 179.9754 721.0586 210.3514 1.5213 1.6507 3.8135 3.8505 1.9142 38.3220 0.3900 0.0644
Car -1 -1 -0.7861 671.5582 161.9798 720.4216 184.1920 1.9154 1.7608 4.3527 7.7196 0.9777 64.2593 -0.6673 0.0643
Car -1 -1 1.0231 1165.8848 135.3349 1242.0000 188.2379 1.4883 1.5125 3.6279 19.0611 0.4328 22.2074 1.7261 0.0642
Car -1 -1 4.6901 677.3428 157.2326 717.0584 194.3865 1.4823 1.5775 3.3910 3.6655 0.8591 30.5494 4.8080 0.0635
Car -1 -1 1.7056 622.0444 178.3844 664.1553 211.1599 1.5474 1.6327 3.9370 1.7653 1.8459 36.8531 1.7525 0.0628
Car -1 -1 -0.3618 784.6188 142.1923 913.9706 186.2014 1.4980 1.6682 4.0041 8.4021 0.4543 25.4875 -0.0468 0.0615
Car -1 -1 1.3767 636.7550 173.9876 676.7361 203.5407 1.6486 1.6231 3.8669 2.7245 1.7184 42.4278 1.4399 0.0613
Car -1 -1 3.6201 437.5269 184.8928 518.4340 214.8564 1.4762 1.6246 3.8770 -6.9139 2.1323 37.9767 3.4407 0.0611
Car -1 -1 -0.5901 877.4845 143.5421 995.5287 182.5227 1.5050 1.6075 4.1299 13.1039 0.3733 28.9990 -0.1694 0.0601
Car -1 -1 1.7702 566.3515 179.1830 598.4670 200.9724 1.5689 1.6609 4.2240 -2.0434 2.0748 55.4585 1.7331 0.0600
Car -1 -1 1.4656 715.0401 173.1469 749.8660 199.1375 1.5248 1.6829 4.1228 7.5261 1.5437 44.4864 1.6317 0.0594
Car -1 -1 4.1403 1092.9434 127.4947 1205.7295 172.9569 1.6087 1.6584 3.7358 20.3832 0.0036 27.4470 4.7743 0.0593
Car -1 -1 1.6576 290.1560 188.4610 334.4463 223.3693 1.4538 1.5872 3.8200 -13.9231 2.2326 33.9491 1.2707 0.0578
Car -1 -1 0.2349 501.1870 182.8427 558.7816 203.6232 1.4932 1.6290 4.0089 -5.9246 2.2543 53.9224 0.1255 0.0567
Car -1 -1 -0.7307 755.5504 172.4277 853.1247 209.5177 1.5064 1.6278 3.9684 8.3608 1.4891 30.9287 -0.4696 0.0561
Car -1 -1 1.5738 32.6560 203.9757 89.0271 247.4859 1.4767 1.7431 3.9655 -22.4828 2.8452 29.6169 0.9286 0.0561
Car -1 -1 1.4368 564.9419 181.0556 593.7362 202.7883 1.4808 1.5647 4.1897 -2.2592 2.1085 53.0234 1.3940 0.0559
Car -1 -1 4.6210 777.4182 169.4424 824.7554 206.1099 1.5117 1.6455 3.9736 8.3833 1.3710 31.8412 4.8758 0.0558