Car -1 -1 -0.1398 122.6138 192.4685 208.6672 222.9160 1.5001 1.5406 3.8605 -24.3968 2.6292 39.7152 -0.6880 0.7315
Car -1 -1 1.6538 125.3682 186.3157 156.9655 209.5457 1.4997 1.5602 3.6656 -32.9773 2.4858 50.8670 1.0808 0.2939
Car -1 -1 1.5047 195.8246 192.3999 227.9262 217.4004 1.5816 1.7353 4.1596 -28.3235 3.0324 51.3368 1.0024 0.1642
Car -1 -1 3.1068 140.9411 188.3692 220.1543 224.3977 1.4867 1.5854 3.0074 -19.3219 2.2178 32.5230 2.5740 0.1589
Car -1 -1 4.6813 186.4583 188.1151 227.9949 223.7200 1.4935 1.6006 3.5148 -18.8957 2.2496 33.8305 4.1750 0.1212
Car -1 -1 2.3093 81.4971 197.0970 139.9969 219.2402 1.5391 1.6597 3.7631 -38.9583 3.5024 56.4564 1.7072 0.0919
Car -1 -1 1.6857 179.6024 195.6967 222.6539 225.4670 1.5339 1.7485 4.1484 -24.2061 2.9627 42.8814 1.1742 0.0905
Car -1 -1 1.4990 207.2588 198.1942 242.9662 225.2386 1.4767 1.7163 3.8757 -24.2332 3.1457 45.4263 1.0110 0.0847
Car -1 -1 1.6699 110.0240 183.0719 146.3430 208.9999 1.6077 1.6192 4.2178 -32.4674 2.3298 48.7502 1.0847 0.0793
Car -1 -1 1.4056 215.1864 194.8217 251.9502 219.3566 1.5738 1.7547 3.7858 -27.1101 3.2184 51.9769 0.9266 0.0774
Car -1 -1 1.0902 89.7158 187.2429 146.5110 210.9715 1.5222 1.6382 3.8967 -34.0147 2.5507 49.9284 0.4945 0.0755
Car -1 -1 1.4929 185.5906 188.3777 211.1043 208.0201 1.5440 1.6102 3.9519 -35.4147 2.9251 62.1041 0.9762 0.0747
Car -1 -1 1.6472 148.6304 185.5333 176.8197 208.1010 1.6314 1.5727 4.0077 -35.0753 2.6655 56.7064 1.0952 0.0742
Car -1 -1 1.9160 90.6956 181.3950 144.1271 207.1288 1.5590 1.6381 3.9512 -32.1399 2.1432 47.2351 1.3209 0.0701
Car -1 -1 0.6237 86.1122 197.4486 147.1908 218.6778 1.5815 1.7104 3.6582 -38.7332 3.5467 56.7492 0.0267 0.0690
Car -1 -1 4.9580 222.3569 200.3440 272.9719 229.3174 1.4395 1.7197 3.8925 -20.9371 3.1149 41.8896 4.4967 0.0644
Car -1 -1 2.2119 222.4902 193.4202 280.0012 215.4626 1.4176 1.7212 3.9389 -25.9527 2.9710 52.4040 1.7537 0.0638
Car -1 -1 4.7607 208.9083 197.6533 246.2650 227.2637 1.4862 1.7197 4.0760 -22.2453 3.0102 42.1290 4.2771 0.0636
Car -1 -1 1.8001 164.9338 186.3625 208.0385 210.0978 1.5328 1.7162 4.2743 -30.1308 2.5400 51.5041 1.2728 0.0593
Car -1 -1 2.0131 122.4996 185.3680 177.3189 210.0909 1.5758 1.6370 4.0395 -31.9155 2.4834 50.2249 1.4492 0.0592
Car -1 -1 1.7908 214.8949 184.1230 247.1214 204.2190 1.5777 1.5801 3.9838 -32.0399 2.5661 61.1603 1.3098 0.0589
Car -1 -1 1.4713 181.1926 198.4587 219.6445 225.0917 1.4409 1.7452 3.3474 -25.2592 3.0866 44.5051 0.9573 0.0579
Car -1 -1 1.6744 113.5534 193.1863 145.1492 213.5715 1.4648 1.7036 4.1629 -38.9212 3.1780 58.5548 1.0896 0.0515
Car -1 -1 1.9223 159.6674 183.9529 207.2599 207.6156 1.4905 1.5688 3.8404 -29.0941 2.2812 49.3804 1.3920 0.0508
Car -1 -1 5.1363 189.2320 186.1669 264.1319 222.9926 1.5443 1.6133 3.8984 -17.7746 2.2027 33.6914 4.6538 0.0501