Car -1 -1 3.8851 778.1264 179.2124 925.2543 239.2048 1.3785 1.5766 3.4944 6.2244 1.5618 18.8926 4.1981 0.9441
Car -1 -1 4.5461 631.3384 175.8758 679.7999 212.1120 1.4629 1.5538 3.2998 1.9332 1.6005 31.1383 4.6069 0.9136
Car -1 -1 0.6155 0.0000 183.7517 255.7018 312.9343 1.6363 1.6489 3.6228 -7.1807 1.8019 10.1255 0.0108 0.9074
Car -1 -1 3.3775 349.7867 177.6246 475.7410 220.0065 1.5104 1.6624 4.2390 -7.2317 1.6934 26.7979 3.1160 0.7904
Car -1 -1 3.5030 168.3615 159.3287 412.6655 262.5060 1.9587 1.6960 4.2006 -6.3107 1.7019 14.6284 3.1017 0.7436
Car -1 -1 4.6514 614.0141 174.2245 647.2780 201.0835 1.4338 1.6202 4.2611 1.1466 1.5155 40.8929 4.6788 0.7344
Car -1 -1 3.5992 33.6147 185.9174 329.4629 288.3233 1.5513 1.6489 3.9534 -6.9887 1.7874 12.1047 3.0846 0.7034
Car -1 -1 3.3439 288.8364 177.6378 429.8839 229.3548 1.4711 1.5912 3.7658 -7.4373 1.6220 21.7362 3.0175 0.5041
Car -1 -1 1.7530 446.1881 167.5157 497.1018 200.4448 1.5033 1.6634 4.3335 -6.6343 1.2596 35.1099 1.5673 0.4120
Car -1 -1 4.8282 425.2660 176.3348 478.5383 218.8623 1.5122 1.5825 3.6816 -6.0207 1.6559 27.8770 4.6169 0.2371
Car -1 -1 0.7275 0.0000 168.9593 115.6885 206.0372 1.5621 1.6710 4.1909 -24.1011 1.3981 31.3929 0.0767 0.2340
Car -1 -1 4.5175 455.1956 164.2104 487.5937 188.1085 1.7788 1.6933 4.1636 -10.7507 1.1355 55.9542 4.3283 0.2206
Car -1 -1 1.5804 490.0163 177.4929 517.7972 204.0237 1.5616 1.6508 4.0971 -6.6180 1.8670 45.3606 1.4360 0.1960
Car -1 -1 5.0124 157.9750 156.1071 230.1436 194.3394 1.4863 1.5723 3.6545 -17.1797 0.8352 30.0030 4.4960 0.1823
Car -1 -1 4.7247 363.2550 177.0249 421.8583 228.8912 1.4714 1.6359 3.8934 -6.8450 1.6159 22.9026 4.4370 0.1778
Car -1 -1 3.3442 396.4376 173.1857 489.0090 205.2415 1.4547 1.5976 3.9576 -7.7156 1.4705 33.6023 3.1198 0.1696
Car -1 -1 1.9034 391.0328 166.8236 427.1431 187.0037 1.5682 1.6374 3.8133 -16.0752 1.0996 58.0245 1.6341 0.1470
Car -1 -1 1.9009 399.7314 173.4945 455.7957 207.3049 1.6599 1.6573 3.8474 -9.3735 1.6950 37.4874 1.6572 0.1355
Car -1 -1 5.0795 184.6932 186.4944 363.2278 287.5503 1.5000 1.6261 3.8344 -5.8932 1.7863 13.1899 4.6662 0.1270
Car -1 -1 4.6237 415.0615 168.5904 451.1477 197.8632 1.5318 1.6148 3.6578 -9.7574 1.3087 39.7483 4.3842 0.1230
Car -1 -1 3.2570 454.0643 164.3189 515.2607 186.1178 1.4612 1.5607 3.9611 -8.4878 0.8891 49.2517 3.0871 0.1224
Car -1 -1 5.1645 272.3126 155.4099 324.4291 186.0701 1.9144 1.6926 3.6174 -20.1634 0.8252 46.8998 4.7604 0.1175
Car -1 -1 4.6501 522.4877 175.9783 543.7905 194.1428 1.4695 1.5591 3.7841 -6.4922 1.7426 61.0558 4.5443 0.1136
Car -1 -1 1.7736 425.4042 175.8608 482.2650 214.3425 1.4952 1.5827 3.8058 -6.4516 1.6292 30.2410 1.5648 0.1126
Car -1 -1 3.3956 414.7100 172.9654 495.3327 202.5634 1.5447 1.6283 3.9293 -8.2193 1.5508 38.5651 3.1866 0.1045
Car -1 -1 3.1657 466.7963 181.0382 527.2037 205.9698 1.4689 1.5261 3.5904 -6.8578 1.9808 44.1472 3.0121 0.1010
Car -1 -1 4.4810 660.7043 167.5139 691.6875 188.3394 1.5940 1.6004 3.8606 5.2488 1.1853 57.2518 4.5716 0.0996
Car -1 -1 4.7709 661.0622 170.1087 682.0842 187.8031 1.5265 1.6310 4.1515 5.5648 1.2897 64.4189 4.8564 0.0902
Car -1 -1 4.4952 803.0903 168.9927 856.1390 203.7145 1.4676 1.5486 3.4484 9.7776 1.3044 32.2737 4.7865 0.0893
Car -1 -1 1.9999 326.5331 178.0705 438.4609 234.9202 1.4753 1.6109 3.9414 -6.5165 1.6432 21.1626 1.7043 0.0823
Car -1 -1 1.7106 441.5945 171.9573 488.6584 205.0035 1.4315 1.5858 3.9132 -6.5912 1.3927 33.2529 1.5161 0.0821
Car -1 -1 3.3835 463.3228 163.9437 524.6631 187.5605 1.7536 1.6885 4.3034 -8.7168 1.0920 54.5989 3.2257 0.0818
Car -1 -1 4.6102 478.5952 164.1623 508.0914 187.8646 1.5869 1.6440 3.9072 -8.1531 1.0050 50.4071 4.4504 0.0816
Car -1 -1 3.8080 264.5692 179.2075 428.0243 237.9991 1.5119 1.6451 4.2128 -7.3981 1.7035 20.3124 3.4624 0.0766
Car -1 -1 5.0013 500.7522 166.7487 535.5817 190.2432 1.7401 1.6565 3.7296 -6.9779 1.2879 55.4148 4.8764 0.0725
Car -1 -1 4.9401 314.8704 183.1319 431.4723 274.6797 1.6797 1.5274 3.8656 -4.9731 1.9312 15.6692 4.6369 0.0724
Car -1 -1 2.9114 410.9518 171.1402 497.8727 203.3244 1.5512 1.6530 4.0143 -7.8159 1.4686 36.3797 2.7009 0.0686
Car -1 -1 0.1099 312.5830 184.7175 438.3949 231.4145 1.4701 1.6093 3.9002 -7.8400 1.8919 24.4823 -0.1974 0.0678
Car -1 -1 3.3052 641.3315 168.4684 690.4484 185.3243 1.4454 1.5686 4.0833 4.9373 1.0693 63.1217 3.3826 0.0660
Car -1 -1 0.6606 81.3144 159.1951 208.0642 198.0627 1.5099 1.6227 4.1773 -18.6511 0.9793 29.0324 0.0936 0.0649
Car -1 -1 3.2972 379.6474 172.3386 456.9130 202.4376 1.5724 1.6585 3.7929 -10.2078 1.5455 38.7107 3.0407 0.0627
Car -1 -1 5.2352 0.0000 197.1131 83.8224 243.4083 1.4723 1.5169 3.4644 -21.2692 2.4307 26.6815 4.5669 0.0622
Car -1 -1 4.8026 450.3936 167.9145 489.2305 199.5406 1.5626 1.6391 3.8732 -7.2394 1.3185 37.6571 4.6136 0.0616
Car -1 -1 -0.0958 617.5239 174.7639 690.1451 202.2192 1.4697 1.5680 3.8434 2.3938 1.5768 39.5969 -0.0363 0.0609
Car -1 -1 0.0651 392.5241 171.1665 481.6538 206.4596 1.4895 1.5875 3.6890 -7.4717 1.4183 31.5391 -0.1660 0.0602
Car -1 -1 2.0141 169.3622 153.9102 241.6548 188.1932 1.5478 1.5807 3.6600 -19.1977 0.6925 34.4502 1.5089 0.0572
Car -1 -1 0.5369 412.3296 169.0609 506.2592 201.5759 1.4902 1.6474 4.1410 -7.1833 1.3164 34.5245 0.3329 0.0564
Car -1 -1 1.4138 671.6445 170.0519 707.8066 195.9019 1.5452 1.6130 4.1725 4.9765 1.3777 45.2525 1.5222 0.0548
Car -1 -1 1.7543 148.7718 156.1538 217.7946 197.0444 1.4976 1.6262 4.0079 -16.7857 0.8860 28.5873 1.2273 0.0548
Car -1 -1 1.2373 894.2056 185.0526 1000.2984 241.0723 1.4360 1.6055 3.9747 9.8848 1.8332 21.4430 1.6634 0.0547
Car -1 -1 1.6407 667.9360 181.6338 707.1757 215.0197 1.4654 1.6133 3.9443 3.8161 1.9148 34.8496 1.7482 0.0528
Car -1 -1 3.7912 371.6648 164.1210 430.3720 184.8499 1.6404 1.6994 4.4728 -16.9664 0.9493 58.7006 3.5109 0.0511
Car -1 -1 3.6789 377.2336 179.4295 484.0424 218.2685 1.4795 1.6183 3.9362 -7.2487 1.7588 29.2915 3.4379 0.0508
Car -1 -1 1.4165 475.3883 171.1498 512.5993 198.2316 1.6448 1.6873 4.4460 -7.4470 1.5413 46.1972 1.2572 0.0504
Car -1 -1 0.0912 0.0000 175.1374 541.4131 375.0000 1.4602 1.6307 3.9831 -2.6738 1.4827 5.6830 -0.3318 0.0502
Car -1 -1 1.1636 911.0779 181.5625 1037.0972 243.4808 1.4702 1.6301 3.8564 9.7557 1.7311 19.6498 1.6178 0.0501
Car -1 -1 1.4223 459.8891 164.8421 490.6933 187.6964 1.6514 1.6770 4.2246 -10.1611 1.0725 54.4067 1.2383 0.0500