Car -1 -1 5.1767 108.4353 188.3472 279.9637 270.7995 1.4065 1.5502 3.3145 -7.8860 1.4752 14.0764 4.6740 0.9797
Car -1 -1 4.7272 573.5266 178.6726 616.7706 218.1084 1.5493 1.6989 3.6896 -0.4756 1.2922 30.0874 4.7111 0.9156
Car -1 -1 1.7352 419.4948 191.0176 501.8837 250.3909 1.4016 1.5692 3.4950 -3.7882 1.5699 19.0856 1.5415 0.7917
Car -1 -1 4.8971 0.0000 211.3057 69.4435 363.9879 1.4373 1.5862 3.9277 -8.4401 1.8611 9.5810 4.1884 0.4076
Car -1 -1 5.1539 156.1936 183.2616 258.8765 233.2656 1.4164 1.4226 3.3929 -12.1605 1.3610 22.0956 4.6557 0.3534
Car -1 -1 1.5895 538.1791 177.2806 556.0367 193.8752 1.4986 1.5826 3.8973 -5.5680 0.7820 66.9118 1.5064 0.2524
Car -1 -1 1.6005 16.9832 220.5048 123.9709 309.5513 1.4518 1.6566 4.0367 -11.4633 2.3197 15.5458 0.9727 0.2088
Car -1 -1 1.2624 593.6127 176.5203 626.4597 194.6792 1.4428 1.5720 3.9722 0.1965 0.7519 59.2456 1.2653 0.1594
Car -1 -1 2.0848 257.5000 187.0526 339.9830 221.3250 1.4432 1.6425 4.0532 -13.8798 1.5319 32.6039 1.6850 0.1509
Car -1 -1 4.9587 311.2475 138.2442 484.6143 262.0670 1.9074 1.9121 4.7684 -3.6321 1.1839 13.4693 4.7002 0.1392
Car -1 -1 1.9636 495.6662 186.2776 558.1713 220.0483 1.4796 1.5759 3.7770 -3.6893 1.5324 33.6577 1.8548 0.1291
Car -1 -1 4.0599 0.0000 177.2602 57.3199 201.4130 1.5900 1.6811 4.0394 -39.6086 1.0663 48.6135 3.3787 0.1287
Car -1 -1 2.2927 0.0000 174.7638 68.0909 200.8560 1.6614 1.7162 4.0598 -38.3235 0.9959 47.8408 1.6198 0.1202
Car -1 -1 4.8357 539.6171 165.0932 576.1433 194.7816 1.5762 1.5842 3.6871 -2.7018 0.5079 40.0512 4.7685 0.1048
Car -1 -1 3.5389 0.0000 207.7544 30.9086 376.0000 1.4851 1.5325 4.2047 -9.1497 1.7817 7.8619 2.6946 0.1019
Car -1 -1 1.7299 227.9280 180.7736 283.2897 215.4088 1.4660 1.6198 4.0159 -15.8523 1.2779 32.5818 1.2800 0.0992
Car -1 -1 3.6308 169.8025 179.0517 276.2925 214.2903 1.5047 1.5963 3.8146 -16.7741 1.2415 31.4994 3.1447 0.0940
Car -1 -1 -0.3816 539.5955 187.0680 631.9877 218.8011 1.4833 1.6848 4.2252 -1.0494 1.5787 35.4065 -0.4116 0.0828
Car -1 -1 0.7394 0.0000 186.3951 134.3105 237.5019 1.4653 1.5778 3.6831 -16.5274 1.5024 21.6103 0.0923 0.0816
Car -1 -1 1.6567 260.3455 180.7146 308.9752 215.1635 1.4820 1.6734 4.2297 -14.8181 1.2884 33.1977 1.2396 0.0782
Car -1 -1 5.0416 156.1504 175.8536 234.7796 213.8531 1.4485 1.5628 4.0248 -16.7933 1.0916 29.5228 4.5282 0.0775
Car -1 -1 3.3454 440.9103 159.3821 547.7406 197.3018 1.5459 1.6928 4.1838 -4.6958 0.4927 30.2575 3.1926 0.0753
Car -1 -1 2.6712 260.7992 187.6810 363.1490 223.4882 1.4700 1.6259 3.8671 -12.9846 1.5858 31.7780 2.2859 0.0724
Car -1 -1 4.1468 172.5156 173.8443 264.2534 209.5242 1.4934 1.6305 4.1070 -17.2210 1.0174 31.8044 3.6539 0.0706
Car -1 -1 1.5946 259.8781 185.6225 305.0949 224.3584 1.5371 1.6484 3.9774 -13.8098 1.5557 30.7230 1.1751 0.0648
Car -1 -1 3.8675 204.6141 170.2981 295.9146 203.1669 1.5333 1.6023 3.8804 -17.2733 0.8374 34.8215 3.4099 0.0638
Car -1 -1 1.9760 211.9265 172.1230 287.0271 207.4934 1.5435 1.6427 4.0614 -16.5324 0.9722 33.4403 1.5198 0.0617
Car -1 -1 1.6735 155.4118 175.1442 214.7340 216.3046 1.4944 1.5983 3.8265 -16.4573 1.1287 28.1719 1.1487 0.0592
Car -1 -1 4.8457 0.0000 211.0880 175.1240 354.4878 1.4730 1.5791 3.8455 -7.2111 1.9148 10.2033 4.2424 0.0588
Car -1 -1 1.9474 137.4275 185.3813 256.6710 241.2304 1.4634 1.5994 4.0719 -11.7890 1.4687 20.9710 1.4404 0.0586
Car -1 -1 1.7113 449.0117 200.2409 516.1985 250.0334 1.4448 1.6661 3.8740 -4.0678 1.9874 23.9988 1.5447 0.0583
Car -1 -1 1.8935 565.5377 177.9540 595.9590 194.9221 1.4762 1.5812 3.8865 -2.3427 0.8445 64.6278 1.8571 0.0571
Car -1 -1 1.7616 535.3435 177.3769 562.1036 194.2934 1.4849 1.5961 4.5269 -5.2823 0.7968 65.4389 1.6810 0.0566
Car -1 -1 1.9832 18.1264 176.9939 76.2349 201.0301 1.5774 1.6478 4.0575 -38.3537 1.0379 49.3450 1.3249 0.0561
Car -1 -1 1.7835 0.0000 213.5067 69.2632 300.2474 1.4007 1.6542 3.7720 -12.6306 2.0720 15.0036 1.0921 0.0543
Car -1 -1 2.5967 166.3892 178.4156 282.8697 216.4362 1.5074 1.6263 4.1429 -16.2251 1.2378 30.6939 2.1138 0.0541
Car -1 -1 3.4611 556.8584 178.6935 627.2028 204.0070 1.5155 1.6889 4.0205 -0.9267 1.1251 44.4366 3.4399 0.0532
Car -1 -1 4.8871 523.6115 160.7353 562.9941 189.6443 1.6634 1.7144 3.8722 -3.8036 0.2548 43.3669 4.7999 0.0526
Car -1 -1 2.7995 521.6685 177.0941 569.7156 194.0457 1.5191 1.5701 4.1056 -5.6409 0.7913 65.9869 2.7142 0.0524
Car -1 -1 2.3220 275.6317 181.2631 375.5601 219.0585 1.4821 1.6317 3.9924 -11.7796 1.3271 30.3452 1.9543 0.0519
Car -1 -1 1.5983 34.2148 217.8640 127.7411 298.8387 1.4786 1.5980 3.8180 -12.1710 2.3335 16.7931 0.9781 0.0513
Car -1 -1 1.9180 76.0467 181.1697 130.1485 207.4955 1.6852 1.6230 4.2205 -33.7612 1.4262 48.2651 1.3099 0.0501