Car -1 -1 3.5577 256.4947 181.3539 393.3078 231.6344 1.4548 1.5595 3.5593 -8.6254 1.7245 22.0305 3.1882 0.8793
Car -1 -1 1.3442 687.8872 165.9454 741.4795 201.9339 1.6670 1.7514 3.9515 5.0968 1.3470 35.4658 1.4853 0.8509
Car -1 -1 1.5662 540.4300 173.6275 575.1901 205.9379 1.5491 1.6702 4.0608 -2.6463 1.5908 36.7819 1.4944 0.8304
Car -1 -1 1.1347 604.5884 166.3392 639.7855 185.4001 1.7304 1.6923 4.1863 1.1476 1.1390 67.7599 1.1513 0.1885
Car -1 -1 3.1342 675.9233 155.9802 744.8883 181.9315 1.6430 1.6815 4.3510 6.5196 0.5747 46.7964 3.2716 0.1420
Car -1 -1 4.6051 333.5800 176.6534 392.7863 222.6729 1.5166 1.6351 3.8567 -9.0098 1.6657 26.2176 4.2768 0.1406
Car -1 -1 4.5908 534.9507 173.3284 573.0211 203.4314 1.5331 1.6146 3.5474 -3.0227 1.5598 38.7047 4.5130 0.1199
Car -1 -1 4.5393 686.6852 166.4719 732.0776 197.7091 1.5769 1.6892 4.2234 5.2702 1.2547 38.5667 4.6737 0.0915
Car -1 -1 4.7566 601.3856 166.5782 621.2335 184.8587 1.6817 1.7000 4.2053 0.1945 1.1043 68.5162 4.7592 0.0856
Car -1 -1 4.9892 384.8904 179.0947 457.2932 223.7388 1.4926 1.5590 3.9176 -6.8653 1.7403 26.6557 4.7390 0.0818
Car -1 -1 0.3963 267.8865 180.5793 396.1055 225.3522 1.4713 1.5946 3.8043 -9.5024 1.7468 24.8708 0.0345 0.0742
Car -1 -1 3.3391 681.9432 174.1412 758.4348 203.2226 1.5307 1.6348 3.8993 6.0677 1.6038 39.5383 3.4898 0.0731
Car -1 -1 3.1945 673.9561 155.1053 743.8206 181.5762 1.5284 1.5878 4.0300 5.9141 0.5036 42.8196 3.3306 0.0680
Car -1 -1 4.8355 720.1297 157.2488 752.4789 182.6890 1.6148 1.6549 3.8608 8.4480 0.6243 47.8883 5.0089 0.0624
Car -1 -1 -0.1867 700.4927 157.5442 770.2169 182.5408 1.5902 1.6682 4.2143 8.1155 0.6162 46.7705 -0.0161 0.0578
Car -1 -1 0.4148 506.0541 174.1274 596.0893 206.0763 1.5626 1.6970 4.2690 -2.9857 1.6304 36.9115 0.3342 0.0573
Car -1 -1 -0.0667 605.9696 169.7160 649.9147 186.1437 1.5007 1.6080 3.9679 1.6800 1.2140 66.8006 -0.0419 0.0572
Car -1 -1 1.7620 522.1374 171.8893 557.0111 195.5232 1.5383 1.5951 4.1705 -4.7156 1.4755 49.1150 1.6664 0.0565
Car -1 -1 4.5354 691.3189 154.6481 728.7009 182.5135 1.7619 1.7350 4.1677 6.5931 0.6108 47.7391 4.6716 0.0562
Car -1 -1 3.6932 268.1317 170.3004 399.2583 214.6316 1.5292 1.6570 4.1862 -9.9405 1.4411 26.0990 3.3323 0.0534
Car -1 -1 1.6496 707.6518 170.0910 742.8160 200.6906 1.6351 1.6485 4.0399 6.5702 1.4875 40.7137 1.8080 0.0523
Car -1 -1 5.0194 666.5306 153.0656 712.9561 180.4037 1.5853 1.6661 4.0606 4.9422 0.4378 44.0334 5.1302 0.0502