Car -1 -1 4.6956 549.3608 176.5126 710.2173 317.2834 1.4493 1.6823 4.4247 0.2191 1.5100 9.7590 4.7159 0.9273
Car -1 -1 4.7761 645.3774 159.3374 677.7394 187.3788 1.5423 1.6229 3.8557 3.0460 0.7989 41.7059 4.8482 0.2840
Car -1 -1 1.5443 583.6392 174.0415 634.1897 226.1963 1.4677 1.4306 3.6719 -0.0735 1.5074 22.2465 1.5403 0.2084
Car -1 -1 4.3371 629.8835 164.6407 680.4252 193.6012 1.6957 1.6878 4.1841 2.7514 1.2148 44.4990 4.3981 0.1816
Car -1 -1 2.8284 539.7241 173.5850 665.2706 224.2562 1.4740 1.4006 3.6182 -0.2256 1.4978 22.2650 2.8177 0.1813
Car -1 -1 4.7232 643.5272 162.5337 674.4189 191.8976 1.5430 1.6223 3.9922 2.7568 1.0007 39.9688 4.7912 0.1400
Car -1 -1 1.4614 696.7105 214.7326 809.9512 313.1940 1.4470 1.7344 4.3670 2.7629 2.4330 14.7480 1.6413 0.1033
Car -1 -1 1.6002 626.6491 215.6307 718.5033 308.2241 1.4305 1.6668 3.9301 1.3697 2.4465 15.0887 1.6873 0.0983
Car -1 -1 -0.0047 574.1979 170.3198 702.0452 219.7132 1.4716 1.4934 3.8173 0.8726 1.3961 22.3064 0.0332 0.0939
Car -1 -1 4.8672 680.3386 180.9409 721.6578 211.2657 1.4904 1.6222 3.8530 4.9441 1.9468 38.6460 4.9929 0.0849
Car -1 -1 3.5988 619.9894 161.5847 699.2341 188.1173 1.5188 1.6950 4.4340 2.9723 0.8737 43.1472 3.6668 0.0639
Car -1 -1 -0.5752 644.5860 171.5495 716.3940 198.0685 1.5706 1.6690 4.1635 4.3787 1.4934 44.4328 -0.4780 0.0624
Car -1 -1 4.7806 628.1503 167.8629 649.1376 186.0452 1.6400 1.6829 4.0122 2.7351 1.1898 67.1666 4.8208 0.0579
Car -1 -1 1.6348 589.9100 167.8470 646.0549 215.2661 1.3983 1.5552 3.9392 0.3461 1.2506 23.3009 1.6488 0.0576
Car -1 -1 4.2156 638.6592 186.7958 884.6945 322.3833 1.4280 1.6013 3.9925 1.8682 1.6664 10.1880 4.3905 0.0560
Car -1 -1 4.8428 562.3050 176.3863 590.2839 199.0900 1.5594 1.5472 3.6980 -2.3657 1.8236 52.0605 4.7972 0.0558
Car -1 -1 3.3966 628.5835 161.4438 704.6057 190.2447 1.5480 1.6250 3.9395 3.1837 0.9347 40.1935 3.4748 0.0542
Car -1 -1 4.7688 658.2189 167.4286 692.1274 196.1977 1.4798 1.6060 4.1702 3.6189 1.2007 39.2937 4.8596 0.0515
Car -1 -1 1.6304 549.2836 175.7242 577.0576 201.3280 1.6454 1.6292 4.2137 -3.1067 1.8486 48.9532 1.5670 0.0513
Car -1 -1 1.4847 707.5834 204.6269 827.1579 315.1677 1.4776 1.6839 4.1148 2.6686 2.1447 13.0111 1.6810 0.0511
Car -1 -1 3.4513 670.7465 171.4708 720.9025 189.9717 1.5106 1.6145 3.8644 7.2249 1.3977 60.4498 3.5693 0.0509
Car -1 -1 3.0513 664.7581 182.9457 722.9240 206.3056 1.5655 1.4880 3.8694 5.7887 2.2735 49.8298 3.1658 0.0507