Car -1 -1 5.0030 258.0069 184.0162 456.8056 313.4918 1.4792 1.5691 3.6818 -3.2383 1.5381 10.0272 4.7015 0.9728
Car -1 -1 1.5835 465.5748 167.3005 490.7076 190.1966 1.5627 1.6937 4.2828 -8.9583 0.6614 50.5064 1.4109 0.6575
Car -1 -1 2.5332 1069.4836 150.5001 1200.4325 190.8615 1.4218 1.5435 3.5751 19.2439 0.3648 25.7317 3.1711 0.5410
Car -1 -1 0.9360 1067.8137 140.2631 1143.0298 169.2427 1.5536 1.6559 3.7828 29.1824 -0.6883 41.2969 1.5493 0.3887
Car -1 -1 2.4237 1063.4425 140.3363 1154.5984 168.5487 1.5392 1.6606 4.1947 28.8755 -0.7023 40.4890 3.0413 0.3122
Car -1 -1 5.1690 232.2790 170.9802 289.5760 201.8208 1.8262 1.7126 3.7098 -21.1491 1.2621 43.7306 4.7231 0.2531
Car -1 -1 5.0749 318.5602 179.0892 361.2354 200.8408 1.4666 1.5445 3.7915 -18.4665 1.3710 49.5754 4.7221 0.1887
Car -1 -1 1.2269 1048.5195 143.1942 1105.5452 172.3548 1.5678 1.5903 3.7072 27.4226 -0.4970 41.1160 1.8133 0.1713
Car -1 -1 1.1943 439.9882 176.1006 477.2479 197.5485 1.5887 1.5438 3.7456 -11.2146 1.2623 54.3635 0.9937 0.1262
Car -1 -1 -0.8299 1096.9473 146.8691 1224.0000 189.1093 1.4763 1.6134 4.1015 20.4906 0.3007 25.8424 -0.1638 0.0933
Car -1 -1 -0.1103 289.4778 162.2449 475.1840 232.6647 1.4867 1.5847 3.9573 -5.1368 1.1012 16.4366 -0.4057 0.0882
Car -1 -1 4.6903 1074.7842 151.7476 1130.2175 192.5061 1.4337 1.6180 4.0536 18.9539 0.4221 27.0064 5.2985 0.0844
Car -1 -1 0.8899 421.3176 177.9137 489.1088 205.8360 1.5119 1.6237 3.9922 -8.4896 1.3715 40.1769 0.6849 0.0813
Car -1 -1 2.0206 328.4877 177.5820 376.2166 199.7492 1.4908 1.5473 4.0226 -17.6079 1.2942 49.6378 1.6834 0.0768
Car -1 -1 1.5998 464.6859 167.0350 491.3017 191.5812 1.6157 1.6684 4.2777 -8.6562 0.7290 48.7765 1.4271 0.0624
Car -1 -1 2.1099 353.0636 177.2098 407.2222 199.3410 1.4782 1.6477 4.2590 -15.6027 1.2580 49.4898 1.8080 0.0624
Car -1 -1 0.2347 443.9496 168.1346 505.6869 190.4218 1.5328 1.6066 3.9889 -9.0274 0.6819 49.5427 0.0574 0.0614
Car -1 -1 -0.3738 1184.3545 136.5525 1224.0000 183.7077 1.4958 1.6260 3.9551 22.3787 0.1015 23.9074 0.3737 0.0600
Car -1 -1 4.5848 1148.9785 141.7222 1224.0000 185.0164 1.4562 1.5993 4.0076 21.2272 0.1517 25.9066 5.2670 0.0598
Car -1 -1 1.6316 299.7413 180.9065 332.4471 205.4579 1.4737 1.6485 4.1186 -18.1666 1.5003 44.7273 1.2499 0.0592
Car -1 -1 3.7996 1078.9103 145.9572 1224.0000 189.2870 1.4328 1.5870 4.0049 19.5849 0.2903 25.5203 4.4499 0.0585
Car -1 -1 0.4249 450.2858 168.2856 514.2286 189.7729 1.5394 1.6703 4.3332 -8.9504 0.6639 52.0141 0.2574 0.0576
Car -1 -1 -0.7025 1103.1608 140.2691 1204.5397 169.6576 1.6151 1.6867 4.5845 31.4361 -0.6359 40.4978 -0.0445 0.0565
Car -1 -1 1.4612 248.3345 190.0768 297.1529 225.2041 1.4814 1.6617 3.9591 -15.5547 1.9582 33.0995 1.0270 0.0564
Car -1 -1 4.5242 1095.4471 139.7941 1201.3383 199.1373 1.4601 1.5816 3.8390 14.8316 0.4584 19.4675 5.1692 0.0552
Car -1 -1 1.9492 441.5816 167.1640 488.5226 192.9415 1.6500 1.6972 4.0541 -9.2613 0.7960 47.4085 1.7593 0.0531
Car -1 -1 2.5477 1097.1234 134.1326 1224.0000 194.1230 1.4995 1.6259 4.1464 15.7208 0.3404 18.6873 3.2406 0.0518