Car -1 -1 2.0306 87.4065 193.3121 325.6348 319.9674 1.4968 1.5878 3.7839 -5.8571 1.8641 11.0490 1.5526 0.9795
Car -1 -1 1.8826 278.4818 193.7056 403.4323 272.9128 1.4646 1.5429 3.6268 -5.8514 1.9843 16.1457 1.5395 0.9669
Car -1 -1 4.3317 735.5361 184.2578 948.8322 315.6440 1.4735 1.5966 3.5583 3.0590 1.6650 10.2633 4.6124 0.9558
Car -1 -1 4.1816 827.7611 188.4066 1242.0000 375.0000 1.4207 1.6281 3.8735 2.9654 1.5715 5.0381 4.6872 0.9416
Car -1 -1 4.5046 705.7005 184.1229 816.0526 257.8756 1.3836 1.6013 3.8341 3.2209 1.6644 16.0531 4.6981 0.9193
Car -1 -1 3.5436 347.9039 177.6530 437.1372 208.2834 1.6591 1.6976 4.4933 -12.1520 1.9359 40.5206 3.2536 0.5950
Car -1 -1 2.1408 0.0000 199.2633 92.6120 261.3992 1.3490 1.5073 3.6007 -15.5993 2.1175 19.1260 1.4633 0.4609
Car -1 -1 4.6466 339.2761 184.0697 406.8218 243.6172 1.4992 1.6262 3.5924 -6.9074 1.8544 20.8780 4.3303 0.3613
Car -1 -1 -0.4553 888.4472 164.1601 985.4500 197.3594 1.4320 1.4132 3.6571 14.4271 1.0570 31.8915 -0.0341 0.3592
Car -1 -1 1.2343 309.3394 187.3181 353.2125 209.9867 1.4292 1.7144 3.6911 -19.2927 2.4699 49.9552 0.8672 0.3101
Car -1 -1 4.6306 728.6402 178.5733 760.5963 202.7215 1.4081 1.6326 4.0113 8.4026 1.7824 45.1357 4.8130 0.2848
Car -1 -1 1.5414 284.8263 188.5059 313.7304 211.9883 1.4467 1.7098 3.9608 -21.3082 2.5669 49.4838 1.1364 0.2715
Car -1 -1 3.7445 0.0000 179.4133 93.9696 219.5753 1.4613 1.5571 3.7818 -22.1036 1.7192 27.4602 3.0714 0.2366
Car -1 -1 0.6228 0.0000 191.8239 84.5839 246.9566 1.3908 1.5417 3.6108 -16.7531 1.9332 19.7270 -0.0747 0.2317
Car -1 -1 1.5956 124.4652 179.4252 152.5548 201.7787 1.4824 1.5602 3.8609 -33.3275 1.9666 51.1111 1.0200 0.2308
Car -1 -1 1.6089 225.0119 181.0467 249.2449 199.7017 1.4311 1.6102 4.2047 -30.7110 2.1330 59.5718 1.1345 0.2251
Car -1 -1 1.7855 26.3030 180.5915 99.1826 221.4134 1.4449 1.5024 3.6953 -21.3366 1.7696 28.2870 1.1437 0.2178
Car -1 -1 1.5704 149.4368 181.1179 172.3782 200.5519 1.4877 1.5511 4.0241 -36.7728 2.1895 59.1558 1.0161 0.2049
Car -1 -1 1.5931 345.0830 184.6338 366.6486 204.0310 1.4686 1.5801 4.1291 -20.8937 2.4763 59.5181 1.2566 0.1957
Car -1 -1 1.5394 424.5995 183.6378 449.5031 206.7349 1.4826 1.5695 3.8930 -12.0655 2.2661 50.3448 1.3050 0.1890
Car -1 -1 4.7490 419.2615 171.4751 441.4099 190.8473 1.5623 1.6485 3.9217 -14.9404 1.4511 60.2776 4.5068 0.1841
Car -1 -1 4.4501 366.9846 171.6702 399.4372 189.9225 1.4576 1.6203 3.8506 -18.7488 1.3631 59.6808 4.1468 0.1739
Car -1 -1 3.4636 12.9321 182.7987 142.3955 224.0493 1.4705 1.4588 3.7110 -20.2189 1.8679 27.5804 2.8355 0.1604
Car -1 -1 3.7209 0.0000 200.0941 150.6243 256.3546 1.4056 1.5124 3.8229 -14.9790 2.1843 19.7504 3.0784 0.1320
Car -1 -1 2.9402 262.9506 194.9478 413.1868 257.5986 1.4471 1.6480 3.5371 -7.2946 2.0927 19.4516 2.5853 0.1274
Car -1 -1 1.6378 282.7357 185.1827 314.9816 210.9784 1.5333 1.6499 4.3012 -20.3556 2.3824 47.3912 1.2338 0.1157
Car -1 -1 2.7131 842.8123 162.3196 939.1497 195.7930 1.4372 1.5368 3.6552 12.3816 0.9849 31.8575 3.0805 0.1143
Car -1 -1 3.2364 787.0189 181.7693 879.2968 213.7405 1.4750 1.6766 4.2318 11.0778 1.9363 35.7543 3.5339 0.1127
Car -1 -1 0.8394 662.7454 181.7698 730.3231 208.7344 1.4759 1.6634 4.1386 5.1383 2.0352 43.0981 0.9567 0.1121
Car -1 -1 0.0708 403.8861 171.1924 454.7910 189.8693 1.5018 1.6252 3.9423 -14.7361 1.3682 59.1588 -0.1726 0.0970
Car -1 -1 1.4092 258.9524 187.9217 295.8404 211.5769 1.4429 1.6657 3.8739 -22.4594 2.5037 48.7238 0.9791 0.0918
Car -1 -1 1.5829 341.2975 182.7840 363.5642 203.2742 1.5165 1.6244 4.2648 -20.5953 2.3446 57.8920 1.2422 0.0905
Car -1 -1 4.0917 989.9026 160.6894 1152.5002 218.5575 1.4075 1.7052 3.9480 12.3090 1.1116 19.5757 4.6460 0.0899
Car -1 -1 4.9276 292.0537 181.5733 323.0991 200.6824 1.4737 1.5887 3.7505 -24.8374 2.2161 59.4469 4.5332 0.0893
Car -1 -1 4.2383 865.3743 161.4311 938.1778 193.6314 1.3854 1.5158 3.7720 13.2710 0.8939 32.9935 4.6175 0.0891
Car -1 -1 4.4248 888.6928 160.9087 927.9837 182.7622 1.5921 1.6583 4.0548 22.5801 0.7219 54.6682 4.8144 0.0882
Car -1 -1 5.1854 363.7770 179.0710 424.6766 207.9378 1.5384 1.6514 4.1344 -12.3287 1.9154 41.5769 4.8985 0.0870
Car -1 -1 0.5508 199.4253 181.0026 258.9332 199.4571 1.4562 1.5209 4.0873 -30.8805 2.1284 58.6253 0.0677 0.0862
Car -1 -1 2.0169 0.0000 186.6897 86.1743 229.7601 1.4230 1.5385 3.5558 -21.3053 1.9766 26.9638 1.3529 0.0825
Car -1 -1 1.5535 731.2098 177.3200 761.5964 205.5877 1.5793 1.7028 4.1586 8.1470 1.8602 43.1959 1.7382 0.0815
Car -1 -1 1.7382 18.0811 188.1042 91.1724 231.3001 1.4032 1.5892 3.2601 -20.3138 2.0023 26.5319 1.0895 0.0802
Car -1 -1 1.5211 781.5208 182.5280 817.6730 212.9044 1.4301 1.6036 3.9188 9.7921 1.9592 37.3769 1.7748 0.0780
Car -1 -1 3.7151 0.0000 188.4336 107.6021 229.2467 1.4268 1.5321 3.7894 -21.1569 2.0270 26.8658 3.0527 0.0759
Car -1 -1 1.6608 416.0665 180.3785 447.6501 205.3921 1.5288 1.6521 4.0948 -11.6609 2.0469 47.5390 1.4211 0.0757
Car -1 -1 3.8980 272.4427 181.9857 324.5813 201.0310 1.4758 1.5769 3.8673 -25.2867 2.2360 58.6640 3.4924 0.0755
Car -1 -1 1.5615 785.9938 177.2358 816.2334 206.1726 1.5652 1.6153 4.0039 11.0717 1.8321 41.8147 1.8181 0.0731
Car -1 -1 4.0210 735.8876 178.6671 805.5119 207.6552 1.5397 1.6537 4.1067 9.1787 1.8911 41.4119 4.2371 0.0727
Car -1 -1 4.9501 368.5392 182.2363 457.1001 240.0577 1.4929 1.6184 3.8785 -5.6657 1.7942 21.2191 4.6917 0.0692
Car -1 -1 1.6325 146.5353 182.1782 174.0851 202.4865 1.5105 1.6106 4.2484 -36.0616 2.2890 57.9874 1.0780 0.0675
Car -1 -1 3.9728 923.6636 157.4232 983.9640 181.3095 1.6110 1.6500 3.8624 24.1467 0.5703 50.7506 4.4146 0.0667
Car -1 -1 1.3423 691.4438 181.7289 734.8856 209.4127 1.5388 1.6796 4.2227 6.2109 2.1028 43.6798 1.4821 0.0664
Car -1 -1 1.3115 784.6514 188.2402 836.8264 219.8534 1.4149 1.6807 3.2711 9.8482 2.2076 35.5340 1.5791 0.0660
Car -1 -1 2.9517 318.4642 187.7063 471.5089 247.5914 1.4702 1.5670 3.8583 -5.9505 1.9159 20.0759 2.6665 0.0652
Car -1 -1 1.6568 223.8594 179.1933 252.3810 200.9991 1.6136 1.6371 4.2112 -29.2796 2.1339 56.9636 1.1837 0.0644
Car -1 -1 1.9101 216.9902 180.9424 258.0980 200.8736 1.4984 1.5948 4.3283 -30.0067 2.1775 58.3234 1.4366 0.0634
Car -1 -1 1.5856 138.5834 179.0280 165.4562 200.8946 1.5856 1.6832 4.1715 -35.3383 2.0820 55.7934 1.0229 0.0633
Car -1 -1 1.2680 755.0013 182.1872 810.1317 213.4556 1.4635 1.6272 3.9695 8.8043 1.9687 37.0249 1.4990 0.0628
Car -1 -1 1.3579 660.2310 180.6493 700.8673 206.2671 1.4456 1.6408 4.0733 4.2871 1.9452 44.1251 1.4536 0.0623
Car -1 -1 0.7055 0.0000 199.5249 101.9250 256.3935 1.3770 1.5212 3.7379 -15.7720 2.1094 19.0171 0.0199 0.0618
Car -1 -1 1.8577 343.2226 187.2207 388.4125 213.1061 1.4942 1.6626 3.9556 -15.4368 2.4477 45.8828 1.5345 0.0614
Car -1 -1 1.6551 297.5918 191.3574 330.4754 218.9629 1.5616 1.5989 3.8405 -18.6559 2.7858 45.6643 1.2689 0.0611
Car -1 -1 1.7400 366.7676 180.2537 402.6754 204.4480 1.5090 1.6142 4.1898 -15.0648 2.0290 48.5193 1.4401 0.0607
Car -1 -1 2.4311 746.5883 185.6088 822.9935 217.2896 1.4616 1.6498 3.4773 8.7578 2.1259 36.0480 2.6669 0.0602
Car -1 -1 3.2909 0.0000 182.0073 60.9469 226.5532 1.4887 1.6111 3.9178 -22.7220 1.8471 26.5348 2.5876 0.0598
Car -1 -1 3.2618 687.6915 181.5411 754.9073 207.5186 1.5187 1.6555 3.9181 6.8876 2.0692 44.3941 3.4142 0.0595
Car -1 -1 2.2020 0.0000 193.2764 81.0987 253.8667 1.3699 1.5513 3.8447 -16.4564 1.9805 19.6047 1.5103 0.0591
Car -1 -1 -0.4108 43.3968 181.9772 178.6519 225.5260 1.4831 1.5822 3.9422 -18.9098 1.8577 27.5374 -1.0083 0.0586
Car -1 -1 1.2431 655.3152 182.4261 702.5233 209.3941 1.4431 1.5992 3.7862 3.9906 2.0282 42.0766 1.3365 0.0585
Car -1 -1 1.3266 424.2101 180.3485 466.5405 206.4118 1.5610 1.6689 4.3966 -10.7181 2.0724 46.8981 1.1028 0.0581
Car -1 -1 3.0617 713.3205 177.4691 779.4299 202.2236 1.4675 1.5904 3.8551 8.3234 1.7561 44.1357 3.2465 0.0575