Car -1 -1 2.0821 0.0000 194.8427 346.0289 375.0000 1.5622 1.6650 3.8207 -4.5568 1.8710 8.2102 1.5883 0.9820
Car -1 -1 1.8889 278.8887 186.8767 444.6990 289.5028 1.5349 1.6583 4.0396 -4.3604 1.8342 13.3718 1.5787 0.9816
Car -1 -1 1.8046 441.6171 186.5354 521.1681 240.1280 1.4701 1.5884 3.9500 -3.9523 1.9416 22.8460 1.6345 0.9577
Car -1 -1 1.8626 385.6787 192.7700 490.8315 258.6169 1.3894 1.5653 3.6950 -4.2067 1.9460 18.2682 1.6387 0.9184
Car -1 -1 4.5960 710.2131 173.8786 772.0517 223.7360 1.6895 1.7128 4.6603 4.8079 1.7311 26.9243 4.7701 0.8914
Car -1 -1 1.6314 570.2557 179.9780 597.7875 204.3106 1.5614 1.6436 4.0956 -1.7161 2.0713 49.5794 1.5965 0.5646
Car -1 -1 0.4818 40.5788 185.3623 168.4035 226.6495 1.4410 1.5569 3.5728 -18.6529 1.9222 26.7727 -0.1222 0.3270
Car -1 -1 0.3993 107.9129 183.6197 239.2616 225.3353 1.4730 1.6038 3.9044 -16.2701 1.8930 27.0872 -0.1376 0.3241
Car -1 -1 5.0084 207.6851 179.0149 256.7329 204.7448 1.5184 1.6357 4.0417 -23.8477 1.9272 45.7384 4.5299 0.2040
Car -1 -1 1.5110 706.8783 178.3169 754.5129 220.1246 1.6007 1.7058 4.4029 5.0448 1.8488 30.4967 1.6727 0.1985
Car -1 -1 3.3417 254.9208 179.4725 359.2220 215.1718 1.4713 1.5796 3.9356 -13.0450 1.7691 31.3151 2.9496 0.1590
Car -1 -1 1.6829 564.7922 179.9386 597.6876 207.0879 1.6547 1.6815 4.3207 -1.8107 2.1413 47.3482 1.6443 0.1298
Car -1 -1 1.6771 758.7137 179.0786 782.6614 197.8575 1.4981 1.5840 3.8095 13.6443 2.0420 60.9842 1.8957 0.1296
Car -1 -1 1.6874 107.0639 185.3216 169.2141 227.5927 1.4393 1.5449 3.8957 -18.1318 1.9573 27.8896 1.1150 0.1133
Car -1 -1 1.4580 511.9793 191.5887 555.9010 225.9885 1.4425 1.6623 3.8903 -3.6786 2.3949 34.6007 1.3522 0.1065
Car -1 -1 1.8360 94.0070 181.3751 145.6264 207.1981 1.4689 1.6250 4.0541 -30.2374 2.0221 44.6636 1.2434 0.1021
Car -1 -1 4.3200 473.3350 174.9510 517.4379 196.7236 1.4762 1.6673 4.1042 -8.1939 1.6324 51.5289 4.1628 0.0946
Car -1 -1 4.6297 691.2391 176.3558 722.3055 201.9917 1.4904 1.5783 3.8049 5.9425 1.7154 44.4167 4.7614 0.0891
Car -1 -1 0.4481 187.2487 180.1025 264.1970 205.2437 1.5022 1.6071 3.8763 -23.6227 1.9580 44.4938 -0.0377 0.0838
Car -1 -1 5.4422 121.5896 183.7570 239.3279 227.0552 1.4848 1.6331 4.0335 -16.4796 1.9396 27.9594 4.9135 0.0789
Car -1 -1 1.4981 558.7637 175.7777 580.0317 194.2539 1.6167 1.6420 4.1609 -3.7021 1.8929 65.9928 1.4419 0.0772
Car -1 -1 5.3370 370.4692 177.5976 449.0007 213.0622 1.4574 1.5743 3.5638 -8.8185 1.6813 32.1162 5.0707 0.0740
Car -1 -1 4.4967 672.5351 177.4382 711.4253 202.9042 1.4673 1.5899 3.7768 5.0052 1.7608 44.2408 4.6081 0.0731
Car -1 -1 1.7075 757.8936 179.9772 786.2213 201.6134 1.5007 1.5541 3.7410 12.0560 2.0479 53.4032 1.9279 0.0727
Car -1 -1 3.0386 552.6014 180.4097 612.5039 204.4839 1.5751 1.6359 3.9146 -1.8552 2.0993 48.9736 3.0005 0.0698
Car -1 -1 1.4038 695.0208 177.5348 736.6350 205.6843 1.4207 1.5925 3.8875 5.6931 1.6867 39.0314 1.5471 0.0691
Car -1 -1 2.1995 69.9969 180.4643 148.9102 207.3414 1.4850 1.6302 4.3587 -29.9029 1.9651 43.3132 1.5979 0.0657
Car -1 -1 3.7998 428.1732 177.6506 490.7814 202.2062 1.4707 1.5877 3.6398 -9.4299 1.7820 45.3178 3.5955 0.0624
Car -1 -1 1.0500 571.7985 179.0790 625.3411 204.1007 1.4780 1.6118 4.0147 -0.7465 1.8917 45.8195 1.0333 0.0621
Car -1 -1 1.7331 614.6537 179.3061 648.2371 203.1340 1.4703 1.6033 3.9501 1.4898 1.9160 47.7471 1.7636 0.0608
Car -1 -1 2.0413 540.0143 179.5108 593.5847 205.9622 1.5753 1.6852 4.2675 -2.6908 2.0247 46.4175 1.9833 0.0598
Car -1 -1 5.0192 316.8616 176.3069 379.9209 210.6048 1.4526 1.5973 3.8665 -11.8284 1.6195 32.9154 4.6764 0.0593
Car -1 -1 5.2729 64.4167 185.3233 167.4193 229.4222 1.4661 1.5737 3.3742 -18.1222 1.9565 26.6671 4.6805 0.0592
Car -1 -1 5.0062 491.1671 175.8748 531.0701 199.4259 1.5997 1.6658 4.2849 -7.0171 1.8262 51.8353 4.8720 0.0587
Car -1 -1 0.6880 70.2648 181.3869 155.2335 206.8749 1.4870 1.6242 4.1641 -30.0883 2.0161 43.7520 0.0882 0.0576
Car -1 -1 1.5953 672.5804 182.6582 715.0611 222.3375 1.5241 1.6894 4.0470 3.6525 1.9726 30.8847 1.7112 0.0561
Car -1 -1 1.5830 763.6663 186.2708 802.0153 221.6727 1.4379 1.6066 3.9054 7.9350 2.0901 32.9803 1.8163 0.0561
Car -1 -1 1.5007 677.2159 177.1638 712.5396 205.8803 1.4561 1.6214 3.9878 4.5884 1.7025 39.2239 1.6157 0.0552
Car -1 -1 1.7019 573.7632 179.9601 606.7267 205.7423 1.6021 1.6407 4.4444 -1.2470 2.1014 48.3988 1.6758 0.0544
Car -1 -1 4.7770 15.0382 182.0835 52.1705 208.1918 1.4671 1.5028 4.0298 -35.1505 2.0579 44.1026 4.1069 0.0540
Car -1 -1 1.2495 379.4766 168.8306 449.8396 207.8365 1.4970 1.5964 4.0992 -8.1224 1.3426 29.8409 0.9856 0.0538
Car -1 -1 1.7504 674.9363 173.5957 715.3109 200.9806 1.4837 1.6090 4.0065 4.9517 1.5284 41.3598 1.8683 0.0535
Car -1 -1 1.2490 696.3348 173.5071 744.6282 201.3988 1.5155 1.6246 3.7325 6.2883 1.5546 41.2747 1.3986 0.0532
Car -1 -1 1.6545 755.9860 187.8043 804.8505 227.4359 1.4522 1.6638 4.1441 7.2444 2.1272 30.3484 1.8859 0.0532
Car -1 -1 1.4869 488.4604 191.8757 533.8562 230.4211 1.4598 1.6374 3.8332 -4.3352 2.3416 31.3987 1.3501 0.0531
Car -1 -1 1.6048 511.1514 191.4834 551.8903 229.1586 1.4441 1.6367 3.8809 -3.3639 2.3121 31.6230 1.4990 0.0530
Car -1 -1 4.4669 126.3202 193.2567 636.8770 375.0000 1.5031 1.6065 3.8580 -1.6611 1.6743 4.0159 4.0955 0.0530
Car -1 -1 4.8820 178.9230 180.3491 247.6603 223.8318 1.5106 1.6757 3.8807 -15.2220 1.8223 27.8994 4.3863 0.0528
Car -1 -1 -0.3784 642.8806 178.6284 722.3498 208.4803 1.5016 1.6224 3.8491 3.8451 1.8171 38.1124 -0.2791 0.0526
Car -1 -1 2.0310 664.3635 177.4106 719.0479 204.3769 1.5089 1.6320 4.0396 4.9698 1.7954 43.2351 2.1441 0.0520
Car -1 -1 1.4141 506.9259 191.9211 563.4816 234.1575 1.4554 1.6575 3.8632 -3.0348 2.2720 28.8214 1.3094 0.0512
Car -1 -1 -0.7485 357.2137 186.4585 802.2327 375.0000 1.4889 1.6029 4.0471 -0.0281 1.6517 6.6677 -0.7549 0.0507
Car -1 -1 3.3786 0.0000 185.7122 141.4993 231.2312 1.4877 1.6003 3.9845 -19.3372 1.9770 25.9469 2.7429 0.0501