Car -1 -1 1.8306 357.1658 186.7912 488.2440 272.6746 1.4872 1.6769 3.8130 -3.7238 1.8149 15.0422 1.5912 0.9640
Car -1 -1 4.5017 450.7114 182.4396 489.4738 208.9114 1.5690 1.6739 3.8721 -9.0081 2.2134 46.4015 4.3105 0.2419
Car -1 -1 1.8069 460.0894 179.7725 493.0987 201.1654 1.5727 1.6580 3.9287 -10.3403 2.1323 56.3498 1.6259 0.1244
Car -1 -1 2.2166 430.0277 181.1553 495.3076 209.9106 1.6109 1.6869 4.2355 -8.8893 2.1433 44.0078 2.0180 0.1072
Car -1 -1 4.6743 450.2272 180.2916 478.9449 206.0177 1.5838 1.7142 4.0095 -9.6413 2.0988 47.8120 4.4760 0.0879
Car -1 -1 3.3716 430.8119 184.1028 493.3906 208.9906 1.5119 1.6211 3.5883 -9.2613 2.2344 45.4778 3.1714 0.0815
Car -1 -1 3.7239 474.3966 187.8947 555.1187 219.0465 1.4653 1.6975 3.8059 -4.8747 2.2713 37.0726 3.5934 0.0801
Car -1 -1 1.8103 394.5115 175.0957 436.5454 201.8489 1.5102 1.5370 3.8690 -11.5081 1.6498 43.0062 1.5501 0.0778
Car -1 -1 4.6924 481.9010 183.5590 508.3686 209.1003 1.5263 1.6208 3.8884 -7.4697 2.2526 46.8977 4.5349 0.0703
Car -1 -1 1.7959 454.7978 183.8573 492.6962 209.5024 1.5016 1.6027 3.5195 -8.5334 2.2240 45.5769 1.6114 0.0671
Car -1 -1 1.9586 450.9081 180.0132 492.4936 204.5823 1.7511 1.7060 4.0178 -10.4204 2.3162 54.8107 1.7712 0.0647
Car -1 -1 2.0001 474.6705 189.2200 535.3794 219.7511 1.4450 1.6710 4.0733 -5.5327 2.3722 38.6873 1.8584 0.0611
Car -1 -1 4.3383 675.8877 165.0828 717.8726 188.9377 1.5765 1.5928 3.7867 5.9695 1.0629 49.7185 4.4568 0.0572
Car -1 -1 1.4016 460.9340 188.2472 504.1017 219.1934 1.4785 1.6314 4.0071 -6.8767 2.3520 38.7830 1.2267 0.0528
Car -1 -1 4.8093 464.0190 180.2608 495.6742 206.2004 1.5875 1.6497 4.1841 -8.4989 2.0976 47.5384 4.6329 0.0517
Car -1 -1 0.7720 421.5001 189.7775 495.5669 220.7369 1.4584 1.6870 3.6184 -7.8645 2.3776 37.5098 0.5662 0.0502