Car -1 -1 1.8219 232.5844 184.7800 529.8201 374.0000 1.5085 1.6468 4.4514 -1.7991 1.5523 7.3973 1.5850 0.8933
Car -1 -1 3.2744 428.5626 179.1421 528.2327 212.1019 1.4407 1.6330 4.2408 -5.4224 1.3371 32.2948 3.1043 0.2421
Car -1 -1 5.5486 308.0176 178.6595 464.2862 241.1649 1.4802 1.6358 3.8765 -5.5607 1.4127 19.0909 5.2635 0.1823
Car -1 -1 4.7911 483.9962 180.5118 525.1744 214.5538 1.4987 1.6143 3.9664 -4.4297 1.4546 33.6495 4.6561 0.1292
Car -1 -1 5.1809 398.3649 174.8196 460.9192 205.3110 1.4738 1.6009 3.7361 -8.6582 1.1503 36.7242 4.9459 0.1139
Car -1 -1 0.0189 418.1588 172.2249 498.6211 203.0583 1.4743 1.5858 3.8121 -6.9789 1.0302 35.4667 -0.1789 0.1050
Car -1 -1 1.2054 490.2289 175.1854 535.1383 200.5466 1.5551 1.5807 3.8324 -5.6708 1.1671 46.1085 1.0787 0.0873
Car -1 -1 1.9523 0.0000 186.8000 282.8214 374.0000 1.4789 1.6447 4.0925 -4.3819 1.5446 6.7602 1.3885 0.0852
Car -1 -1 4.8424 489.9832 208.0137 571.5414 275.7010 1.4380 1.6358 3.6358 -1.6965 2.1905 18.5505 4.7467 0.0796
Car -1 -1 4.4321 474.2556 178.3499 512.4264 201.0691 1.4796 1.5788 3.7320 -7.3094 1.2736 48.8058 4.2792 0.0672
Car -1 -1 5.2138 401.2596 170.5427 502.4315 219.1394 1.4807 1.6148 3.9326 -4.8481 1.1465 24.0037 5.0115 0.0618
Car -1 -1 1.4699 474.2417 173.2199 506.2523 198.5258 1.5263 1.5829 4.0699 -7.0151 1.0262 45.4950 1.3128 0.0572
Car -1 -1 0.8153 297.1455 184.3547 454.5280 251.9702 1.4954 1.6003 3.6680 -5.5279 1.5714 17.6147 0.5100 0.0555
Car -1 -1 4.6396 460.0085 174.6261 497.5949 205.6019 1.4851 1.5900 3.8269 -6.2199 1.1550 36.4900 4.4669 0.0546
Car -1 -1 3.4044 410.6859 177.6058 508.1255 210.9436 1.4810 1.6380 4.0908 -6.4042 1.3075 32.8660 3.2083 0.0543
Car -1 -1 2.3891 132.0212 186.1862 321.9040 262.7920 1.4647 1.5842 3.6219 -8.1016 1.5813 15.9481 1.9203 0.0527
Car -1 -1 1.4354 513.8749 194.7061 736.7350 374.0000 1.5065 1.5990 3.9944 -0.0322 1.6806 7.3886 1.4247 0.0504