Car -1 -1 1.8235 355.6719 145.2415 480.9756 238.0392 1.9725 1.8411 4.6262 -4.2586 1.2015 17.5938 1.5842 0.6628
Car -1 -1 1.7155 437.9391 159.4100 508.7439 216.2199 1.7226 1.7052 4.4315 -4.1381 1.0524 24.0209 1.5417 0.5395
Car -1 -1 3.5410 266.2198 133.0179 402.9238 180.9408 1.4980 1.5960 3.8521 -8.5775 -0.0193 23.3614 3.1882 0.4017
Car -1 -1 4.9315 363.1948 133.5716 427.2307 176.9258 1.5761 1.6648 3.7233 -8.0339 -0.1937 28.4247 4.6539 0.1914
Car -1 -1 3.6732 310.5741 135.1317 432.2587 177.8610 1.5500 1.6537 4.1835 -8.7495 -0.1464 27.5409 3.3638 0.1298
Car -1 -1 4.5927 322.3938 133.3542 388.4730 182.4984 1.5059 1.6221 4.0192 -8.3101 0.0302 24.1734 4.2603 0.1244
Car -1 -1 1.6190 502.1064 183.6574 543.8675 221.2113 1.4642 1.5732 3.7158 -3.1910 1.5599 30.1276 1.5092 0.1072
Car -1 -1 5.2517 481.1632 158.6794 526.3750 182.3266 1.8063 1.7847 3.9630 -7.6263 0.0622 57.0436 5.1147 0.0807
Car -1 -1 2.8743 734.1866 159.1799 887.6005 210.6464 1.4274 1.5914 3.9632 5.9884 0.8080 20.7292 3.1471 0.0765
Car -1 -1 4.8609 636.6619 165.7157 777.9530 285.9201 1.5531 1.6305 4.0282 1.8691 1.3490 11.4466 5.0136 0.0642
Car -1 -1 1.6149 478.3562 185.4713 520.4052 223.2557 1.4592 1.5909 3.5026 -4.1573 1.6343 29.9444 1.4729 0.0642
Car -1 -1 5.1270 498.5146 163.5358 533.6005 182.0405 1.6913 1.7261 4.2919 -7.9342 0.0483 67.9587 5.0064 0.0621
Car -1 -1 3.4595 360.2666 169.4332 503.5730 220.2512 1.5326 1.6186 4.0987 -5.2495 1.1683 22.6499 3.2291 0.0620
Car -1 -1 1.7310 439.9004 147.6859 504.9791 194.1561 1.5127 1.6166 4.2499 -4.4490 0.4116 25.5212 1.5554 0.0595
Car -1 -1 4.6863 496.1591 159.9853 518.8506 181.2545 1.6645 1.7024 4.2582 -7.5962 -0.0218 58.5062 4.5530 0.0589
Car -1 -1 1.3195 751.1434 166.6690 920.6412 279.1973 1.4804 1.6003 3.5666 3.4783 1.2851 11.2612 1.6072 0.0572
Car -1 -1 1.7624 488.1930 181.2020 539.7156 215.3451 1.4501 1.5977 3.9739 -3.8471 1.4369 32.5463 1.6406 0.0525
Car -1 -1 4.9900 292.2153 130.7020 378.7333 181.4808 1.4952 1.6149 3.8228 -8.4075 -0.0011 23.1184 4.6403 0.0523
Car -1 -1 0.0800 464.2722 159.0708 521.9064 180.8750 1.7069 1.7048 4.4294 -8.5186 -0.0517 57.2998 -0.0717 0.0508