Car -1 -1 1.7008 405.3269 173.4203 495.1023 244.3135 1.5585 1.6251 4.4656 -3.6363 1.3806 18.0766 1.4997 0.4714
Car -1 -1 4.7020 455.9649 163.1835 480.4728 186.7108 1.6217 1.6670 4.0335 -9.5318 0.3583 51.6541 4.5156 0.3070
Car -1 -1 4.8551 475.2960 171.5347 502.7433 191.6853 1.5614 1.6310 4.0647 -8.9077 0.7883 57.7066 4.6977 0.2333
Car -1 -1 1.3825 431.5447 162.3350 475.5867 192.6627 1.6135 1.6651 4.1478 -8.3168 0.5932 40.4511 1.1762 0.1585
Car -1 -1 4.9629 303.4878 170.0540 351.8283 197.4497 1.4415 1.5929 3.8986 -15.0515 0.8386 39.8232 4.5988 0.1419
Car -1 -1 4.9207 223.4642 184.8140 348.8458 270.0287 1.4922 1.5879 3.6756 -6.2538 1.5687 14.6864 4.5190 0.1087
Car -1 -1 1.7566 433.6873 167.1986 475.0113 195.0328 1.5231 1.6154 4.0729 -8.3491 0.7398 41.3573 1.5537 0.0667
Car -1 -1 3.3736 452.3487 172.4640 505.8994 192.5824 1.5616 1.6668 3.8923 -9.5467 0.8593 56.7093 3.2027 0.0658
Car -1 -1 1.7775 369.0104 179.1095 480.9251 253.9974 1.5016 1.6498 4.1713 -3.8677 1.4534 16.5096 1.5455 0.0643
Car -1 -1 0.3078 266.6401 169.1303 348.5920 197.7254 1.5069 1.5990 3.7939 -15.7610 0.8544 38.8034 -0.0806 0.0638
Car -1 -1 4.9753 438.5244 167.3480 488.9495 197.0776 1.4677 1.6053 4.0182 -7.0704 0.7684 37.5255 4.7854 0.0628
Car -1 -1 3.8430 376.9823 168.6233 461.5965 198.5447 1.4519 1.6130 4.0844 -9.2049 0.8265 36.4730 3.5925 0.0625
Car -1 -1 0.3499 348.6172 174.4625 541.4088 241.7067 1.5608 1.6119 4.3747 -3.7775 1.3972 17.7728 0.1381 0.0580
Car -1 -1 1.6422 432.4663 168.4812 468.4698 198.3967 1.5191 1.6109 4.2002 -8.0154 0.8574 38.6680 1.4342 0.0565
Car -1 -1 1.5699 455.7849 164.1257 480.4781 187.8206 1.5828 1.6274 4.0509 -9.2367 0.4214 50.1265 1.3838 0.0560
Car -1 -1 0.4055 257.6772 185.5747 461.6360 256.8412 1.4687 1.6226 3.9609 -5.2366 1.5642 15.8956 0.0867 0.0554
Car -1 -1 2.0132 400.3177 166.7938 464.0037 202.5356 1.6388 1.5920 3.6857 -8.1021 0.9640 34.9053 1.7818 0.0550
Car -1 -1 0.0137 440.1715 165.7404 520.3905 200.0316 1.6675 1.7005 3.8808 -6.0054 0.9006 36.0716 -0.1551 0.0542
Car -1 -1 4.8969 470.6172 171.3401 502.5902 194.4702 1.5015 1.4731 3.8031 -7.6486 0.8412 48.5510 4.7365 0.0525