Car -1 -1 4.2073 742.3842 189.1318 955.2092 298.7958 1.4087 1.6661 3.7094 3.6864 1.7208 11.8469 4.5008 0.9589
Car -1 -1 2.2640 0.0000 185.1433 155.2953 246.5863 1.6835 1.7665 4.5842 -16.9460 2.1160 23.0512 1.6354 0.7180
Car -1 -1 4.1968 727.4421 174.6928 787.3007 200.9961 1.4716 1.6319 4.1761 8.7208 1.5867 42.9203 4.3955 0.1419
Car -1 -1 1.1894 86.0099 177.9057 157.2952 208.8019 1.4615 1.6240 4.0029 -24.7152 1.7298 36.5166 0.5976 0.1289
Car -1 -1 5.2166 72.2579 174.2447 156.1342 207.2693 1.4779 1.6096 3.8895 -23.5480 1.5482 34.4698 4.6207 0.1097
Car -1 -1 4.9952 119.0431 175.7091 178.7753 206.6176 1.4947 1.5779 3.8538 -23.7566 1.6507 37.3452 4.4317 0.0893
Car -1 -1 1.7500 108.9502 179.1732 164.5781 212.0796 1.4923 1.6024 3.9645 -23.2971 1.8235 35.6798 1.1748 0.0728
Car -1 -1 2.4761 0.0000 208.9125 168.3018 282.0093 1.4607 1.6512 3.5309 -13.3366 2.4686 18.2432 1.8515 0.0728
Car -1 -1 2.9274 47.9709 177.0299 152.9386 210.1259 1.4931 1.6155 3.9144 -24.6573 1.7074 35.0374 2.3176 0.0726
Car -1 -1 2.4372 747.1242 175.4418 818.1661 201.8099 1.4726 1.6058 3.9437 10.1375 1.6298 42.2233 2.6708 0.0563
Car -1 -1 -0.6240 764.2969 172.7536 841.4874 201.7597 1.4967 1.5725 3.7911 10.3509 1.4916 38.6425 -0.3646 0.0557
Car -1 -1 4.9833 166.7191 184.7553 247.7253 228.6547 1.4661 1.6665 3.9278 -15.1266 1.9517 27.3391 4.4818 0.0530