Car -1 -1 1.8580 280.3956 188.1177 462.8397 299.7839 1.3968 1.6100 4.1100 -3.5808 1.6868 11.6481 1.5652 0.9589
Car -1 -1 1.7438 437.2459 174.2247 517.3250 237.5079 1.5724 1.5585 3.4889 -3.5236 1.6132 19.7495 1.5688 0.9543
Car -1 -1 4.1952 805.8934 203.9359 1242.0000 375.0000 1.3733 1.6407 3.8333 2.8609 1.6857 5.2984 4.6659 0.9421
Car -1 -1 1.3575 658.5721 182.7735 749.6597 241.8683 1.4411 1.6883 4.1531 2.5557 1.7519 20.4606 1.4792 0.8920
Car -1 -1 1.6675 496.2214 176.2338 544.9286 216.4877 1.4852 1.5552 3.9437 -3.5026 1.6301 28.9458 1.5476 0.8382
Car -1 -1 4.5981 648.0493 183.0342 697.1534 221.1551 1.3961 1.5612 3.7113 2.4983 1.8361 29.3069 4.6816 0.7502
Car -1 -1 1.4516 527.4573 176.9167 561.9312 204.5714 1.4484 1.5022 3.5342 -3.6541 1.6856 40.2295 1.3612 0.4183
Car -1 -1 1.6170 491.9006 166.1617 515.8132 188.4312 1.6309 1.6174 3.8714 -8.0016 1.1408 54.8465 1.4726 0.2332
Car -1 -1 1.4286 635.9556 181.3027 673.2184 210.4667 1.4779 1.5201 3.7305 2.4248 1.9641 39.5994 1.4887 0.1838
Car -1 -1 4.8259 704.8119 173.2058 741.5118 201.2786 1.4454 1.5480 3.8593 6.2246 1.4656 39.2681 4.9815 0.1624
Car -1 -1 -0.5523 694.7078 175.2736 768.2343 201.1717 1.5357 1.6343 4.2627 7.5444 1.6906 44.6379 -0.3864 0.1563
Car -1 -1 1.2272 712.4535 196.5428 789.7399 242.9272 1.4262 1.6562 3.3796 4.9823 2.3329 25.8197 1.4148 0.1240
Car -1 -1 4.6153 628.4584 173.1363 658.4665 198.0730 1.5257 1.5576 3.6971 2.1274 1.5445 46.0744 4.6607 0.1125
Car -1 -1 4.9225 465.1499 159.9778 505.4715 186.6769 1.5309 1.5998 3.9138 -7.4132 0.7926 43.3618 4.7540 0.0931
Car -1 -1 1.4575 620.5159 180.6055 655.0562 209.7537 1.4796 1.4828 3.6100 1.5023 1.9235 39.4691 1.4947 0.0910
Car -1 -1 4.4741 724.7023 177.1346 765.6154 201.9571 1.4802 1.6386 4.0222 8.5491 1.7640 45.7866 4.6571 0.0878
Car -1 -1 4.5600 687.2949 173.3599 722.0055 197.7773 1.4640 1.5936 3.7908 5.9189 1.4971 45.2544 4.6888 0.0865
Car -1 -1 4.1479 996.6583 156.4667 1242.0000 316.2538 1.4988 1.6814 4.0216 6.5593 1.3451 8.8244 4.7708 0.0826
Car -1 -1 1.4640 731.9662 178.9234 767.1384 206.7743 1.5823 1.6608 4.1940 8.5021 1.9714 44.0919 1.6527 0.0774
Car -1 -1 1.5029 628.7291 178.0004 661.8299 207.7896 1.6566 1.6808 4.1799 2.0793 1.9781 42.9607 1.5504 0.0726
Car -1 -1 1.6776 533.7745 176.8792 566.3466 204.0497 1.6124 1.6216 4.0234 -3.7031 1.8773 45.4521 1.5963 0.0693
Car -1 -1 4.8344 505.9266 174.5425 553.3842 210.5834 1.4817 1.6091 3.8901 -3.4584 1.5607 31.8038 4.7264 0.0645
Car -1 -1 4.5019 572.8873 168.9402 601.3620 188.0868 1.7221 1.7858 4.3153 -2.1267 1.3701 67.2051 4.4701 0.0633
Car -1 -1 3.2350 677.8820 172.0475 753.8282 201.1945 1.4969 1.5662 3.8575 5.6544 1.4555 38.2729 3.3801 0.0613
Car -1 -1 0.3551 488.7747 177.9720 567.7667 205.9356 1.4674 1.6203 3.9932 -4.4441 1.7573 39.5949 0.2436 0.0581
Car -1 -1 1.2895 726.9655 190.7758 811.3507 242.2187 1.4778 1.6870 4.0385 5.2490 2.1316 24.2470 1.4992 0.0570
Car -1 -1 3.5424 421.8821 159.6765 500.4900 186.2368 1.5202 1.6519 4.2288 -8.7235 0.7660 42.5256 3.3411 0.0568
Car -1 -1 2.9466 713.6009 178.2519 784.4786 204.2746 1.5687 1.6719 4.0617 8.6000 1.9094 44.6972 3.1349 0.0546
Car -1 -1 -0.4641 621.3335 174.5649 686.2190 199.4466 1.5071 1.5821 3.7626 2.7810 1.6182 45.3730 -0.4037 0.0543
Car -1 -1 1.2758 624.1265 184.6187 670.8441 212.4652 1.4638 1.6538 3.8081 2.1389 2.1772 41.7066 1.3261 0.0535
Car -1 -1 1.0453 570.8278 174.5557 610.2902 192.3746 1.5427 1.6969 4.1658 -1.7509 1.7015 65.1104 1.0182 0.0527
Car -1 -1 4.9385 482.5559 165.7950 517.3984 188.7117 1.5336 1.6117 3.6596 -7.5774 1.0612 50.1733 4.7891 0.0524
Car -1 -1 1.4766 489.4590 175.4888 542.6094 219.7123 1.5441 1.6394 3.9994 -3.6399 1.6526 27.5793 1.3460 0.0521
Car -1 -1 3.3050 592.6451 171.5605 638.8574 187.5741 1.4798 1.6247 4.1351 0.5964 1.3603 67.8310 3.3134 0.0508
Car -1 -1 1.5191 623.7100 175.8458 651.3488 200.2668 1.5242 1.6090 4.0079 1.8048 1.7296 47.5416 1.5564 0.0506
Car -1 -1 4.3706 757.7357 186.1348 979.8377 328.0630 1.5079 1.5933 3.8014 3.2871 1.7265 9.9521 4.6796 0.0503