Car -1 -1 2.0266 0.0000 203.6649 376.6786 375.0000 1.4090 1.5533 3.5710 -3.4433 1.7650 6.5397 1.5576 0.9714
Car -1 -1 2.9761 363.1732 181.7622 474.3678 220.0008 1.4351 1.6895 4.1699 -7.7838 1.8189 29.4615 2.7195 0.9323
Car -1 -1 4.6741 509.9827 182.8852 544.4794 213.4094 1.4290 1.6146 3.9421 -4.2895 1.9752 37.2118 4.5596 0.7573
Car -1 -1 1.3027 415.9530 175.2229 447.4951 194.3921 1.5371 1.5930 3.8918 -14.9300 1.7424 60.4598 1.0613 0.2644
Car -1 -1 4.6663 501.2882 176.1635 520.8798 192.6606 1.4611 1.6158 3.9908 -9.1496 1.7774 66.8595 4.5305 0.1938
Car -1 -1 -0.0248 241.2563 186.9592 348.1791 236.4645 1.7920 1.6975 3.7765 -12.4270 2.3811 28.5701 -0.4321 0.1767
Car -1 -1 4.4677 601.6008 171.4104 628.3634 189.1945 1.6267 1.6364 3.8563 0.4804 1.4947 68.0659 4.4744 0.1526
Car -1 -1 4.2970 576.2898 165.8876 610.8761 188.1381 1.9293 1.7389 3.7266 -1.4624 1.3252 64.6182 4.2742 0.1259
Car -1 -1 5.5576 356.0725 173.2829 446.1429 209.0246 1.5140 1.6031 3.8048 -9.3587 1.5346 32.6479 5.2803 0.1165
Car -1 -1 4.4875 437.7466 171.0726 476.7932 195.7558 1.5091 1.6082 3.9516 -9.7999 1.4002 46.2447 4.2796 0.0898
Car -1 -1 1.2501 519.8538 186.8141 562.8294 211.2457 1.4755 1.6560 4.0898 -4.6123 2.4526 48.3000 1.1549 0.0897
Car -1 -1 1.4405 438.7683 170.9121 480.3439 201.3276 1.4598 1.5792 3.8940 -7.6813 1.3666 36.7296 1.2354 0.0824
Car -1 -1 4.8073 398.9032 172.0940 434.6457 199.9276 1.4826 1.5778 3.7371 -10.7469 1.4421 40.4054 4.5487 0.0741
Car -1 -1 1.5614 542.5977 185.8125 568.4636 209.8500 1.4665 1.6465 3.5238 -3.5964 2.3579 47.8126 1.4862 0.0696
Car -1 -1 4.9171 163.5804 177.9922 238.1544 229.1462 1.4954 1.5261 2.7039 -12.9015 1.6694 22.9159 4.4090 0.0688
Car -1 -1 1.5715 502.8683 175.8046 521.1471 193.3135 1.5169 1.5904 4.1875 -8.8421 1.7933 65.4256 1.4374 0.0660
Car -1 -1 1.5781 521.9055 183.4094 548.7255 209.4695 1.4940 1.5945 4.0195 -4.6261 2.1845 45.1240 1.4760 0.0633
Car -1 -1 5.1172 253.5846 187.0278 333.4069 235.1776 1.7133 1.6483 3.4220 -12.3436 2.3047 28.3954 4.7102 0.0632
Car -1 -1 4.7342 299.7942 185.4513 343.4864 227.6004 1.5488 1.5697 3.3970 -11.7129 2.0963 29.4932 4.3588 0.0627
Car -1 -1 1.4112 430.4930 172.3598 479.6156 205.7035 1.5021 1.6526 4.3057 -7.5120 1.4798 34.8099 1.1999 0.0601
Car -1 -1 -0.9397 537.1940 178.8580 613.5116 210.5324 1.4649 1.6547 4.2551 -1.6583 1.7868 36.4471 -0.9854 0.0601
Car -1 -1 3.4619 195.7591 184.1312 320.1509 227.1857 1.5729 1.6855 4.0141 -13.5607 2.0279 28.0212 3.0146 0.0596
Car -1 -1 1.5895 503.3979 174.2332 523.0350 192.9593 1.5954 1.6447 4.2139 -8.5133 1.7219 63.9812 1.4574 0.0568
Car -1 -1 2.5755 542.3280 186.3244 605.4372 210.8640 1.4706 1.6919 3.7877 -2.3055 2.3810 46.9830 2.5262 0.0563
Car -1 -1 3.5201 486.0425 182.1561 570.7960 212.1893 1.4520 1.6162 4.0053 -4.1462 1.9458 37.0013 3.4087 0.0562
Car -1 -1 1.9323 30.6952 190.6316 154.7504 254.1548 1.4463 1.5858 3.3288 -13.6318 1.9650 19.2479 1.3224 0.0551
Car -1 -1 5.4093 403.0378 168.5145 473.5583 197.9220 1.5423 1.5993 4.0051 -9.4221 1.3147 39.9901 5.1791 0.0525
Car -1 -1 4.1640 335.3730 177.1620 410.6211 212.8413 1.4785 1.5173 3.6190 -10.5474 1.6805 32.0754 3.8484 0.0523
Car -1 -1 -0.9609 354.8974 189.9314 845.5812 375.0000 1.4933 1.5889 4.1792 0.3218 1.6779 5.6615 -0.9097 0.0502