Car -1 -1 1.7046 431.8896 176.3284 493.8030 231.5876 1.8528 1.6591 4.3711 -4.9424 1.6790 26.3138 1.5154 0.7359
Car -1 -1 3.4238 296.6535 154.2520 408.5164 192.2882 1.5079 1.6067 4.0373 -10.0649 0.4272 29.3799 3.0917 0.5422
Car -1 -1 1.7811 362.3972 168.0784 469.6131 248.0396 1.9338 1.8902 4.7036 -4.8931 1.6089 19.7558 1.5359 0.4792
Car -1 -1 5.3293 0.0000 144.5225 307.9149 374.0000 1.4255 1.5662 3.3548 -2.6830 1.3507 3.1699 4.6596 0.4267
Car -1 -1 4.7291 105.2421 182.5691 310.6131 366.5432 1.6336 1.7032 3.8383 -4.5123 1.6492 8.5000 4.2476 0.3621
Car -1 -1 4.6296 668.5309 187.1340 712.5187 223.9277 1.4914 1.5981 3.5258 3.8919 1.7516 31.4528 4.7465 0.2952
Car -1 -1 1.6744 463.6142 184.7358 500.2565 214.0010 1.4944 1.5945 3.7578 -6.3870 1.6782 39.0302 1.5081 0.2481
Car -1 -1 3.2651 0.0000 186.7316 320.7269 374.0000 1.5934 1.5777 3.2933 -4.5554 1.6547 7.0209 2.7002 0.2126
Car -1 -1 4.8525 401.5679 156.1001 442.2516 185.8168 1.5072 1.6087 3.7460 -9.4812 0.2183 38.3814 4.6071 0.1414
Car -1 -1 3.6112 319.7483 149.3937 422.8785 182.8000 1.4963 1.6474 4.2753 -10.5941 0.0577 33.3278 3.3010 0.1354
Car -1 -1 0.7671 0.0000 157.7239 314.9889 374.0000 1.4946 1.6528 3.9553 -3.6616 1.4103 3.4156 -0.0220 0.1321
Car -1 -1 1.6817 24.8189 173.0782 85.9948 213.5648 1.5822 1.6085 4.0447 -22.8362 1.2526 30.2207 1.0337 0.1279
Car -1 -1 2.1794 0.0000 0.0000 1238.0000 374.0000 1.4647 1.6104 3.9777 -2.1852 1.3890 2.0811 1.4223 0.1210
Car -1 -1 4.9973 372.7019 150.6529 427.7886 184.7172 1.5225 1.5912 3.4727 -9.3655 0.1432 33.8512 4.7247 0.1087
Car -1 -1 5.3231 470.8254 165.8647 511.9525 185.6400 1.8288 1.7485 4.3045 -10.3877 0.3817 68.7488 5.1688 0.1061
Car -1 -1 4.2416 0.0000 167.4292 74.5661 203.9350 1.5470 1.6226 4.0745 -25.5556 0.9502 32.0214 3.5671 0.1001
Car -1 -1 4.9181 439.3527 158.3408 472.0218 182.6363 1.7591 1.6871 3.7234 -10.8106 0.0814 53.8761 4.7163 0.0997
Car -1 -1 5.0039 0.0000 141.8168 316.8842 374.0000 1.5359 1.7050 4.2829 -2.9930 1.4068 4.6251 4.4483 0.0939
Car -1 -1 3.6145 397.5309 158.8193 474.7944 185.7840 1.5173 1.6417 4.0717 -9.5200 0.2404 41.7122 3.3867 0.0850
Car -1 -1 1.5382 359.4344 153.6280 402.2974 190.6777 1.4597 1.5951 3.8312 -9.3280 0.3611 30.3723 1.2379 0.0850
Car -1 -1 3.7174 0.0000 152.3467 200.3467 218.3696 1.5316 1.6300 4.0606 -12.2630 0.8550 17.5433 3.1094 0.0846
Car -1 -1 2.4468 0.0000 184.3527 70.7970 226.1443 1.4855 1.5692 3.7351 -22.8478 1.6032 27.7846 1.7581 0.0833
Car -1 -1 4.6274 381.0371 154.6827 424.1324 187.9137 1.4985 1.6319 4.2691 -9.6001 0.2887 34.6764 4.3545 0.0830
Car -1 -1 5.0881 111.6692 164.9270 235.8548 227.6037 1.4682 1.5471 3.6067 -10.9578 1.0797 18.7268 4.5597 0.0826
Car -1 -1 5.1333 178.1583 118.4486 328.0470 198.4745 1.7681 1.7302 4.3504 -8.5035 0.3748 18.0615 4.6942 0.0820
Car -1 -1 3.7587 105.2117 151.5023 229.8303 190.6189 1.4707 1.5733 3.9756 -16.7828 0.3424 27.9420 3.2173 0.0789
Car -1 -1 1.9212 0.0000 158.9221 53.1083 205.3027 1.5553 1.6325 4.0438 -21.7638 0.7978 26.2669 1.2293 0.0785
Car -1 -1 3.8757 0.0000 110.5614 336.6886 374.0000 1.5088 1.6525 4.0418 -3.2339 1.3623 2.5569 3.0160 0.0761
Car -1 -1 4.7287 157.6652 132.4947 640.6898 374.0000 1.4867 1.6599 3.9386 -1.0732 1.3240 4.4838 4.4999 0.0744
Car -1 -1 0.9351 0.0000 180.1477 70.6069 219.1516 1.4948 1.6802 4.1988 -23.7466 1.4425 28.8563 0.2460 0.0742
Car -1 -1 0.1260 200.5854 159.2723 305.9111 194.7205 1.5705 1.6621 4.2177 -15.9777 0.5852 33.2837 -0.3234 0.0742
Car -1 -1 4.9162 490.2242 186.6833 534.4351 215.9940 1.4756 1.6482 3.7873 -4.7009 1.7690 38.8046 4.7912 0.0737
Car -1 -1 1.7031 448.5094 185.6677 493.9128 217.5014 1.4556 1.6790 4.2068 -6.3244 1.6736 35.5450 1.5231 0.0734
Car -1 -1 1.3101 483.1540 188.7175 534.8117 219.6865 1.4449 1.6994 3.6541 -4.6890 1.8309 36.4648 1.1779 0.0731
Car -1 -1 4.8623 0.0000 130.4662 103.2472 213.9597 1.5932 1.6686 3.9910 -12.2296 0.6191 15.8572 4.2085 0.0716
Car -1 -1 3.4184 62.2394 153.8579 330.9583 237.3197 1.4448 1.5831 4.1762 -7.4505 0.9661 13.6626 2.9221 0.0698
Car -1 -1 5.1545 155.0597 146.8176 239.7090 188.1476 1.5618 1.6121 3.5407 -16.1426 0.2507 28.9645 4.6451 0.0696
Car -1 -1 5.0995 423.1839 155.4093 474.7585 183.1119 1.5718 1.6718 3.8833 -8.9617 0.0908 42.8153 4.8897 0.0688
Car -1 -1 -0.4201 484.3414 188.8204 567.7667 218.5152 1.4657 1.7122 4.0539 -3.9246 1.8711 38.0827 -0.5274 0.0685
Car -1 -1 1.3194 454.2660 165.0025 485.0893 185.1933 1.6956 1.6895 3.9618 -11.3994 0.3091 62.4767 1.1348 0.0684
Car -1 -1 1.4361 465.5654 192.3903 511.5291 226.1112 1.4560 1.6391 4.0221 -5.4369 2.0123 34.5738 1.2759 0.0666
Car -1 -1 5.1933 0.0000 159.6975 49.2271 210.1766 1.6169 1.6928 3.8446 -21.2215 0.9182 25.0707 4.4911 0.0646
Car -1 -1 3.3788 354.4997 155.7487 443.1833 187.3853 1.5934 1.6597 4.1352 -10.3497 0.2958 37.0870 3.1037 0.0645
Car -1 -1 1.7866 454.9080 182.9389 500.5293 212.9399 1.4809 1.6286 3.5551 -6.3387 1.5588 37.4416 1.6149 0.0641
Car -1 -1 5.3182 239.6482 162.1828 319.4053 196.6868 1.5470 1.6547 3.6946 -15.1727 0.6803 34.1748 4.8984 0.0621
Car -1 -1 1.6018 483.5878 182.3131 515.1964 211.4510 1.5085 1.6045 4.0345 -5.4931 1.5547 39.3974 1.4591 0.0600
Car -1 -1 -0.4185 667.0197 188.0783 768.1503 226.2951 1.5400 1.5074 3.9884 4.9815 1.8313 30.6230 -0.2639 0.0585
Car -1 -1 1.9336 2.6492 186.6428 92.6537 226.3258 1.4545 1.5995 3.8694 -22.1465 1.6762 28.9511 1.2798 0.0579
Car -1 -1 0.6374 0.0000 124.6628 197.1549 203.8170 1.5864 1.5935 3.9424 -10.9606 0.4470 15.2272 0.0170 0.0576
Car -1 -1 1.0229 0.0000 165.2873 97.8158 203.1246 1.5751 1.6576 4.2007 -24.2630 0.8997 31.4270 0.3646 0.0567
Car -1 -1 5.0224 105.6695 185.7147 358.5004 359.4286 1.5013 1.5525 2.9438 -3.7468 1.5563 7.8429 4.5835 0.0564
Car -1 -1 4.5202 409.0770 156.9129 452.4293 185.2967 1.6119 1.7149 4.3572 -10.2348 0.2149 43.1321 4.2838 0.0563
Car -1 -1 1.7554 0.0000 158.3616 63.7112 232.2353 1.5181 1.5685 3.9322 -13.9083 1.0424 16.8626 1.0683 0.0558
Car -1 -1 0.2509 390.5119 156.8146 471.2845 186.3251 1.5071 1.5923 3.8313 -8.8084 0.2458 37.5136 0.0171 0.0550
Car -1 -1 3.5142 404.8992 156.8051 471.2426 181.8031 1.7996 1.6890 4.4540 -11.9245 0.0209 52.8754 3.2887 0.0544
Car -1 -1 4.8804 434.4330 155.0421 470.0015 184.7507 2.0568 1.8495 4.2025 -10.6460 0.2242 51.8681 4.6741 0.0538
Car -1 -1 5.1079 19.2704 162.2557 94.5667 195.7119 1.6251 1.7080 3.9354 -27.8896 0.6897 37.0100 4.4607 0.0532
Car -1 -1 4.5181 464.7924 163.8915 491.1770 183.9151 1.8435 1.7177 3.9957 -11.6681 0.2212 68.3072 4.3447 0.0518
Car -1 -1 1.7905 0.0000 5.6275 584.3180 374.0000 1.5178 1.5868 3.9127 -1.0568 1.3522 2.7181 1.4425 0.0516
Car -1 -1 0.0231 418.4887 175.3190 496.5678 204.8577 1.5047 1.6473 3.9384 -7.4712 1.1892 37.7469 -0.1760 0.0514
Car -1 -1 -0.0951 0.0000 99.2728 992.7299 374.0000 1.5012 1.6286 4.0256 -0.4789 1.2579 3.3813 -0.2325 0.0512
Car -1 -1 5.0639 80.3583 149.6263 212.4440 219.3255 1.4883 1.5300 3.5293 -10.7109 0.8074 17.2214 4.5094 0.0511
Car -1 -1 -0.0359 38.5658 180.4737 158.2538 219.2755 1.4818 1.6107 3.9096 -20.3778 1.4421 29.2513 -0.6452 0.0506
Car -1 -1 0.2903 0.0000 165.4516 94.2083 197.6880 1.5494 1.6417 3.9558 -27.9642 0.7775 36.0093 -0.3713 0.0503