Car -1 -1 1.9583 318.9920 179.5323 373.6902 206.8025 1.5312 1.6835 4.0644 -15.8261 1.9538 43.5901 1.6117 0.7274
Car -1 -1 1.6499 423.8739 179.8349 444.5283 196.4372 1.4700 1.5688 4.0141 -16.4388 2.1460 67.7641 1.4125 0.4259
Car -1 -1 1.6731 456.5044 179.7845 478.1174 195.6695 1.3999 1.5919 3.8316 -13.2378 2.0654 67.2974 1.4792 0.3448
Car -1 -1 1.8767 293.7908 174.6792 341.4636 198.1994 1.5781 1.8478 4.5043 -20.5929 1.7132 51.0863 1.4950 0.2910
Car -1 -1 5.1807 192.3231 173.4894 257.8159 204.8048 1.5608 1.6160 3.4894 -20.0583 1.5956 37.7914 4.6954 0.2316
Car -1 -1 4.6816 285.3896 180.5797 314.0883 205.3159 1.4866 1.5960 3.6625 -20.0389 2.0070 46.6071 4.2773 0.2144
Car -1 -1 1.8386 445.6410 176.5158 476.9780 195.8798 1.6547 1.6617 4.3316 -13.2505 1.9944 64.7134 1.6371 0.1555
Car -1 -1 1.6573 422.1848 179.5037 444.6934 197.1775 1.5284 1.6433 4.2549 -16.1487 2.1600 66.3009 1.4190 0.1389
Car -1 -1 3.9081 155.2540 173.1375 246.9948 205.0483 1.5888 1.6923 4.1048 -21.0855 1.6039 37.2834 3.3963 0.1247
Car -1 -1 0.9849 296.6958 182.0578 359.1400 208.5409 1.4625 1.6162 3.8150 -16.7372 2.0313 42.8303 0.6142 0.1153
Car -1 -1 2.2114 85.5974 173.1492 184.6777 219.2647 1.8355 1.5697 3.7592 -20.0406 1.8488 30.6698 1.6364 0.1138
Car -1 -1 2.0966 199.3428 169.3150 260.3090 198.3316 1.6248 1.6026 3.5068 -22.1316 1.4266 42.1904 1.6159 0.1087
Car -1 -1 4.6248 225.5258 168.6014 253.7825 189.3980 1.5860 1.6513 4.0309 -29.3342 1.2617 57.1709 4.1524 0.1047
Car -1 -1 1.7536 349.5524 182.4474 386.9120 207.6447 1.5079 1.5982 3.9569 -15.6076 2.1580 46.8250 1.4332 0.0941
Car -1 -1 1.3506 457.3463 177.8933 486.6160 196.5992 1.5724 1.6594 4.2959 -12.2733 2.0368 64.1937 1.1621 0.0936
Car -1 -1 1.7819 411.3391 176.5171 440.0927 195.9674 1.6654 1.6515 4.1946 -16.4446 2.0047 64.7069 1.5337 0.0868
Car -1 -1 5.3574 293.4529 179.7587 355.9888 204.8208 1.5102 1.6803 4.0369 -18.4175 1.9792 46.8429 4.9844 0.0866
Car -1 -1 1.8269 270.9477 177.9330 318.7405 206.6934 1.6317 1.6718 4.0759 -19.0481 1.9553 43.8335 1.4189 0.0843
Car -1 -1 2.0866 431.7994 176.2276 472.3254 196.7383 1.7257 1.6636 4.1419 -13.8481 2.0338 63.6647 1.8729 0.0798
Car -1 -1 4.5277 666.6520 170.4242 691.9666 186.7201 1.4861 1.6396 4.1151 6.5315 1.2645 67.9247 4.6228 0.0778
Car -1 -1 5.3088 109.8568 162.1917 210.4566 205.9912 1.8383 1.6609 4.3699 -20.0954 1.3908 32.5041 4.7585 0.0772
Car -1 -1 5.1101 163.7972 173.2024 233.7155 205.8662 1.5732 1.6469 4.0648 -20.9119 1.5920 36.9097 4.5975 0.0761
Car -1 -1 3.9319 170.0083 165.3398 250.5153 193.0827 1.6608 1.7229 4.4625 -24.6998 1.2110 44.6525 3.4290 0.0750
Car -1 -1 1.9467 143.4704 180.2148 207.6800 212.3790 1.5059 1.5962 3.5013 -21.8635 1.8971 36.4874 1.4098 0.0690
Car -1 -1 5.1734 125.1785 149.5934 190.7434 185.8631 1.9726 1.5987 3.8979 -25.7312 0.7075 41.2581 4.6186 0.0673
Car -1 -1 1.6705 353.0211 178.6138 380.5146 201.6866 1.7027 1.6352 4.0883 -18.9728 2.1711 56.5073 1.3476 0.0646
Car -1 -1 3.8540 232.9460 178.0094 306.2097 203.7227 1.5482 1.7007 4.0400 -21.3575 1.8820 45.3560 3.4159 0.0632
Car -1 -1 1.7311 354.5590 177.2689 380.0938 194.5353 1.5196 1.6252 3.9205 -22.3301 1.9399 66.6234 1.4086 0.0625
Car -1 -1 1.8391 455.2180 179.3047 484.4615 196.4842 1.4889 1.6022 4.0993 -12.7829 2.0997 66.2206 1.6488 0.0601
Car -1 -1 1.7503 82.1272 161.1695 139.1966 194.6850 1.5298 1.5951 3.8728 -24.1366 0.9965 35.0277 1.1504 0.0589
Car -1 -1 1.8637 144.3792 162.9914 212.1427 198.7670 1.6117 1.6606 4.1179 -20.6402 1.1674 34.7026 1.3303 0.0583
Car -1 -1 1.8496 332.6555 171.1730 367.9496 193.0181 1.6597 1.5865 3.9406 -20.3729 1.5320 56.8371 1.5066 0.0528
Car -1 -1 1.8298 284.0984 179.5872 329.4772 205.0252 1.4931 1.6635 3.9945 -19.0474 1.9376 45.5488 1.4355 0.0523
Car -1 -1 0.3088 283.0449 180.8978 352.9512 204.7632 1.4709 1.6334 3.8214 -18.5683 1.9951 46.0660 -0.0726 0.0516
Car -1 -1 4.4128 6.4855 186.1992 88.9529 225.6836 1.4756 1.6363 3.8994 -23.3609 2.0630 29.9678 3.7548 0.0505