Car -1 -1 2.7394 968.2570 155.8458 1099.8481 195.9565 1.5605 1.6627 4.2400 17.3026 0.6011 28.6233 3.2799 0.8966
Car -1 -1 1.7708 444.9642 172.6174 484.7007 199.8157 1.6140 1.6679 3.8834 -8.5927 1.1458 43.9063 1.5806 0.8215
Car -1 -1 5.4814 0.0000 169.6841 299.4980 370.0000 1.5453 1.5827 3.8764 -3.2412 1.5221 3.5041 4.7808 0.6301
Car -1 -1 2.8808 982.1881 139.5573 1100.1676 173.0099 1.5009 1.6243 4.5269 20.7646 -0.3732 33.7808 3.4296 0.2516
Car -1 -1 -0.9460 982.1116 147.8028 1142.0151 208.1552 1.4761 1.6366 3.8418 12.1468 0.6762 18.7619 -0.3774 0.1721
Car -1 -1 4.0209 0.0000 198.7292 17.1232 261.0068 1.4474 1.5897 3.9859 -17.5243 1.9393 18.0602 3.2609 0.1502
Car -1 -1 1.6874 0.0000 193.4931 27.9748 222.7484 1.5101 1.6667 3.8453 -34.2368 2.2900 40.3944 0.9897 0.1413
Car -1 -1 -0.1726 974.1379 143.0609 1082.3329 176.2196 1.5969 1.6969 4.5027 21.5074 -0.2283 36.0552 0.3633 0.1383
Car -1 -1 1.2101 963.6589 147.6964 1086.3744 209.5929 1.4725 1.5975 3.5790 10.9781 0.6919 18.7164 1.7350 0.1288
Car -1 -1 5.3252 0.0000 192.0975 94.2005 237.9035 1.4620 1.6275 4.4326 -21.0395 1.9249 25.9735 4.6519 0.1162
Car -1 -1 4.8205 0.0000 194.0033 19.1795 256.3163 1.4558 1.6791 3.9590 -17.4491 1.8688 19.5326 4.1010 0.0969
Car -1 -1 1.5723 969.6634 145.0800 1009.0741 178.3312 1.5435 1.6396 4.1168 19.2275 -0.1154 35.3077 2.0691 0.0841
Car -1 -1 4.4687 977.1069 121.7389 1191.1823 248.9637 1.4547 1.5769 3.6956 6.5451 0.7827 10.0862 5.0322 0.0821
Car -1 -1 4.6901 972.9828 153.0655 1007.8939 182.9688 1.5042 1.5341 3.8895 20.5200 0.1239 37.6465 5.1874 0.0820
Car -1 -1 4.3592 0.0000 194.2836 22.5153 251.0652 1.4930 1.6232 3.7979 -19.1707 1.9330 20.9746 3.6278 0.0808
Car -1 -1 2.7313 904.9736 149.6140 1088.1461 211.7211 1.5117 1.6321 3.7821 9.9676 0.7597 18.1840 3.2272 0.0785
Car -1 -1 1.0224 976.3538 161.3575 1138.3698 227.8970 1.4611 1.5893 3.7740 10.9496 1.0406 17.4179 1.5771 0.0777
Car -1 -1 5.1490 0.0000 191.2837 346.7847 370.0000 1.5219 1.7022 4.2827 -3.2817 1.6334 5.0966 4.6062 0.0768
Car -1 -1 2.6508 1007.7050 148.0195 1224.0000 211.5449 1.4978 1.6870 4.2760 12.7940 0.7318 17.7766 3.2679 0.0709
Car -1 -1 0.9511 1051.5205 156.1601 1224.0000 229.9127 1.4540 1.5842 3.8306 12.0180 0.9740 15.8705 1.5913 0.0698
Car -1 -1 -0.7684 1007.7551 140.6541 1106.6090 172.9468 1.5344 1.6451 4.2118 22.6570 -0.3916 35.3976 -0.2013 0.0676
Car -1 -1 2.1899 8.2230 186.0742 136.1978 228.0124 1.5226 1.7261 4.6584 -21.3263 1.7664 28.6320 1.5567 0.0670
Car -1 -1 3.8936 893.5259 149.0624 1060.3737 212.2737 1.5024 1.6481 3.8327 9.7804 0.7550 18.8869 4.3664 0.0631
Car -1 -1 5.5307 0.0000 195.0062 39.0100 253.8448 1.4325 1.6464 3.6999 -18.4346 1.8834 20.0705 4.7972 0.0602
Car -1 -1 1.9491 235.9499 183.2558 297.0268 211.5596 1.4764 1.6545 4.0915 -18.7120 1.6376 39.3794 1.5102 0.0541
Car -1 -1 1.8859 493.1355 175.5562 539.8436 202.0822 1.4812 1.5716 3.9280 -5.0901 1.2048 41.5606 1.7667 0.0524
Car -1 -1 0.5741 994.9669 151.3060 1201.5238 219.3900 1.4818 1.6287 3.9281 12.0235 0.8463 17.5144 1.1690 0.0512
Car -1 -1 3.7728 989.5341 141.7421 1095.9329 176.3387 1.5678 1.6806 4.2925 21.5267 -0.2193 34.9004 4.3232 0.0502