Car -1 -1 2.0654 0.0000 213.3841 469.6047 374.0000 1.4218 1.5777 4.0894 -2.1129 1.7147 4.5070 1.6414 0.8227
Car -1 -1 2.4652 69.2526 186.9774 299.8355 270.0838 1.4412 1.6331 3.9701 -8.3714 1.5708 14.8862 1.9550 0.3425
Car -1 -1 2.0648 0.0000 221.3725 65.5121 374.0000 1.4584 1.6269 4.0717 -7.4388 1.9957 7.5032 1.2950 0.1873
Car -1 -1 4.9030 0.0000 208.4892 76.8435 366.2139 1.5107 1.5595 3.6615 -8.1770 1.9431 9.5353 4.2017 0.1361
Car -1 -1 0.6277 0.0000 189.6022 202.0296 274.6016 1.5365 1.6591 3.9878 -10.2029 1.7032 13.9733 0.0004 0.1126
Car -1 -1 2.5708 0.0000 192.6994 235.3235 286.5467 1.4692 1.6134 3.9303 -9.3283 1.7183 13.8755 1.9821 0.1074
Car -1 -1 4.9947 0.0000 140.3674 226.4936 359.5993 1.4296 1.5860 3.6618 -4.6882 1.1613 6.6713 4.3948 0.0970
Car -1 -1 1.7221 388.6558 183.6452 431.8929 215.2802 1.4730 1.5447 3.6545 -9.3660 1.5844 35.6049 1.4616 0.0605
Car -1 -1 4.6945 418.3036 186.2348 454.4971 219.7201 1.4496 1.5634 3.4942 -7.6864 1.6823 33.5142 4.4655 0.0573
Car -1 -1 1.7263 0.0000 184.4704 49.6475 288.6927 1.4943 1.6722 4.0724 -10.9560 1.5551 12.5934 1.0152 0.0553
Car -1 -1 5.6596 0.0000 170.2153 261.6356 270.3581 1.4831 1.5921 3.8534 -8.1593 1.3158 12.7232 5.0934 0.0547
Car -1 -1 1.8448 299.8784 186.2780 381.0987 233.7034 1.4474 1.6102 3.7763 -8.6657 1.6212 24.2541 1.4998 0.0545
Car -1 -1 0.0426 381.0427 190.6651 476.7605 231.0052 1.4937 1.5017 3.5580 -6.6694 1.8663 28.1655 -0.1932 0.0527
Car -1 -1 3.5433 0.0000 213.9899 80.9127 374.0000 1.5602 1.6222 3.7981 -8.5017 2.0009 8.2799 2.7545 0.0513