Car -1 -1 5.2473 20.0354 184.3550 235.6731 284.9795 1.4763 1.5547 3.2542 -7.8849 1.4637 12.1958 4.6832 0.9805
Car -1 -1 4.7198 573.2162 178.9754 615.9590 218.4525 1.5145 1.6401 3.5597 -0.5012 1.2751 29.3666 4.7024 0.9121
Car -1 -1 1.7460 397.7290 187.0906 495.2730 255.0755 1.4624 1.6271 3.9546 -3.7934 1.5135 17.5782 1.5362 0.6723
Car -1 -1 5.2724 122.3852 178.2109 243.5778 232.9230 1.4507 1.4698 3.2828 -12.0963 1.2650 20.7284 4.7496 0.5088
Car -1 -1 1.7826 535.8302 178.3081 562.8758 194.5947 1.4592 1.6523 4.1855 -5.3208 0.8403 66.5883 1.7028 0.2103
Car -1 -1 4.5634 608.0398 177.7856 634.7872 198.4724 1.5996 1.5947 3.7744 1.1058 1.0251 57.5606 4.5820 0.1845
Car -1 -1 4.8160 521.4370 158.7624 560.2519 189.7912 1.5725 1.6671 3.8513 -3.4894 0.2319 38.3661 4.7257 0.1610
Car -1 -1 2.0164 490.0149 185.8224 557.9434 220.4454 1.4613 1.5792 3.7420 -3.6834 1.4903 32.4364 1.9037 0.1406
Car -1 -1 1.5840 131.9800 171.4458 186.3452 215.6505 1.4714 1.5617 3.8430 -16.1317 1.0130 25.9776 1.0328 0.1085
Car -1 -1 1.7232 468.0641 190.5966 563.0718 261.4615 1.4700 1.6309 4.1047 -2.0723 1.6152 17.3073 1.6053 0.1029
Car -1 -1 4.6394 551.1970 156.8497 583.7034 185.6621 1.6534 1.6690 3.9515 -2.4368 0.0256 43.3184 4.5833 0.0963
Car -1 -1 4.7652 550.1155 159.3676 584.9238 191.3403 1.6219 1.6462 3.9841 -2.0743 0.3107 38.4594 4.7114 0.0956
Car -1 -1 4.9507 283.7644 131.6120 476.4482 267.2532 1.7970 1.8512 4.7651 -3.4478 1.0869 11.9388 4.6755 0.0938
Car -1 -1 4.7556 528.1353 159.7968 560.0624 189.7084 1.6858 1.7111 3.7731 -3.6820 0.2532 42.4364 4.6694 0.0815
Car -1 -1 1.7989 3.7442 183.1529 53.5041 208.9516 1.4888 1.5213 3.7686 -34.9498 1.3697 43.5114 1.1249 0.0790
Car -1 -1 1.7334 532.4401 178.1837 557.0552 195.3849 1.5091 1.5663 4.1821 -5.6300 0.8922 65.2110 1.6472 0.0757
Car -1 -1 3.3554 556.0800 178.4705 625.6942 204.2900 1.5192 1.6903 3.9427 -0.9647 1.1223 43.5024 3.3329 0.0695
Car -1 -1 1.7187 0.0000 220.1084 52.8860 314.6736 1.4195 1.6235 3.9074 -12.3942 2.2209 14.4208 1.0174 0.0691
Car -1 -1 1.8453 515.6400 177.2902 570.6891 210.3185 1.5074 1.6489 3.9361 -3.0400 1.1457 34.8952 1.7587 0.0681
Car -1 -1 1.8932 57.9432 181.1116 116.0196 207.6793 1.5046 1.5860 4.0694 -30.9499 1.2722 42.8899 1.2708 0.0641
Car -1 -1 1.6444 0.0000 180.2369 35.1071 208.7825 1.5393 1.6606 4.1143 -33.7819 1.2708 40.9239 0.9573 0.0639
Car -1 -1 4.4679 594.5032 177.0954 625.1965 197.3286 1.5493 1.5727 3.7453 0.1761 0.9275 57.0506 4.4706 0.0620
Car -1 -1 1.8006 544.5147 182.0858 597.0403 214.6773 1.4602 1.6431 3.9334 -1.6717 1.3200 34.2896 1.7518 0.0610
Car -1 -1 1.5985 0.0000 184.1839 18.6572 210.4705 1.4900 1.6098 3.7351 -36.0459 1.4316 42.7114 0.9003 0.0572
Car -1 -1 3.5763 470.2950 184.5292 561.8806 217.2456 1.4891 1.6693 3.9798 -4.3121 1.4578 34.1194 3.4511 0.0565
Car -1 -1 5.0966 133.6239 168.8328 172.4142 188.8784 1.6690 1.6040 3.5291 -38.9514 0.3050 61.7317 4.5355 0.0557
Car -1 -1 1.9259 514.1008 189.8039 577.8745 223.6051 1.4318 1.6538 3.9473 -2.7481 1.6570 33.1509 1.8433 0.0549
Car -1 -1 4.6538 187.5417 169.0794 235.6582 207.2828 1.4836 1.5457 3.7935 -16.5134 0.8570 29.9346 4.1534 0.0527
Car -1 -1 1.6021 601.0050 174.4666 623.5196 194.9208 1.5171 1.6049 4.2129 0.4236 0.7199 55.4550 1.6093 0.0522
Car -1 -1 1.7321 433.3248 203.6413 505.3957 255.0016 1.4314 1.6978 3.7104 -4.3646 2.0755 23.2535 1.5480 0.0519
Car -1 -1 -0.4499 609.7702 177.4629 661.4941 197.5440 1.5310 1.6556 3.6959 2.2267 0.9399 56.3027 -0.4110 0.0503