Car -1 -1 3.4925 189.0169 193.9706 412.7665 269.6200 1.4514 1.6526 4.0247 -6.3856 1.9244 15.2553 3.1017 0.9367
Car -1 -1 -0.3668 772.3154 197.3051 927.9467 252.5784 1.4373 1.6208 3.8663 6.7533 2.1624 20.4833 -0.0536 0.9311
Car -1 -1 2.6742 818.8541 197.9384 1106.3905 289.7979 1.4688 1.6540 4.3578 6.1719 1.9491 12.9216 3.1099 0.9271
Car -1 -1 -0.5603 979.7932 198.6449 1242.0000 335.7133 1.3679 1.5019 3.9064 6.6999 1.7039 8.4742 0.0910 0.8779
Car -1 -1 0.3905 356.5297 189.8811 502.2803 242.4389 1.4947 1.6440 4.0623 -5.5314 2.0487 22.3600 0.1500 0.8740
Car -1 -1 3.3632 269.7044 194.7780 459.8598 259.3897 1.4246 1.5302 4.1305 -5.8161 1.9859 17.5164 3.0465 0.8590
Car -1 -1 -0.2125 700.5609 191.4651 794.5757 230.7823 1.6656 1.8024 3.8523 6.1467 2.5266 32.4249 -0.0277 0.8361
Car -1 -1 4.2356 857.4147 227.4386 1242.0000 375.0000 1.3940 1.5966 3.8277 2.5898 1.8271 3.7480 4.8024 0.8114
Car -1 -1 2.8498 757.1688 191.0290 886.6576 239.9911 1.4488 1.4969 3.6271 6.6138 2.0398 22.6938 3.1291 0.7890
Car -1 -1 3.2804 385.5503 182.0855 504.7259 222.2858 1.4385 1.5293 4.2018 -6.1164 1.7981 27.1788 3.0606 0.7219
Car -1 -1 3.3395 469.3658 187.8826 544.1610 217.4161 1.5888 1.6619 3.9276 -5.7639 2.4565 40.7182 3.1991 0.6990
Car -1 -1 3.9972 0.0000 217.4684 188.3160 375.0000 1.4138 1.5889 4.0846 -5.5225 1.7944 5.2228 3.2094 0.6055
Car -1 -1 1.4382 635.8507 189.8971 668.1299 215.1371 1.4779 1.5887 3.8990 2.7194 2.6345 46.9596 1.4950 0.6009
Car -1 -1 3.3834 485.5784 181.1064 554.5460 207.6331 1.5440 1.6426 3.8631 -5.3916 2.0557 43.6935 3.2609 0.5697
Car -1 -1 0.5421 0.0000 135.1191 309.7110 331.7792 1.7881 1.7396 4.1755 -5.5951 1.4450 7.5878 -0.0768 0.5393
Car -1 -1 2.7267 1027.1799 186.3579 1117.9357 212.0894 1.4493 1.6167 4.2553 27.4783 2.2737 42.9319 3.2924 0.4884
Car -1 -1 0.2777 382.0319 191.0252 505.4838 237.2890 1.4895 1.5910 3.8518 -5.6494 2.1378 24.8408 0.0557 0.4138
Car -1 -1 4.7220 474.8372 189.6541 512.7858 226.0123 1.4839 1.6286 3.6764 -5.2990 2.3016 33.1785 4.5642 0.4117
Car -1 -1 5.3066 180.7955 154.9384 263.1580 201.7164 2.1497 1.7068 3.7621 -18.7634 1.3264 35.1198 4.8188 0.3464
Car -1 -1 1.5047 695.3848 183.9695 720.1413 204.1104 1.5026 1.7114 3.9391 7.8708 2.4285 58.0845 1.6382 0.3225
Car -1 -1 1.6789 410.9041 173.2310 445.8688 199.9117 1.5495 1.6412 3.9887 -11.0102 1.5736 44.0503 1.4351 0.2532
Car -1 -1 1.4623 541.5295 183.2577 565.2277 201.5191 1.4912 1.6430 4.1168 -4.9806 2.4392 63.5729 1.3839 0.2421
Car -1 -1 4.3102 1001.2101 184.7755 1059.0271 211.9835 1.4639 1.5815 3.7643 24.6967 2.1987 42.5062 4.8330 0.2402
Car -1 -1 4.8137 452.7558 179.7469 504.3350 221.4297 1.4957 1.6105 3.8849 -5.1123 1.7875 28.5480 4.6375 0.2353
Car -1 -1 3.2145 256.4692 188.7364 409.2314 247.4175 1.4685 1.5858 3.8273 -7.5651 1.9386 20.0566 2.8577 0.1813
Car -1 -1 2.4619 691.3563 184.1306 741.6180 204.6226 1.5352 1.5735 3.8264 8.5350 2.4600 57.5239 2.6079 0.1787
Car -1 -1 1.3712 546.8026 187.4197 574.5853 207.5558 1.5183 1.5622 3.7650 -4.0505 2.7572 59.3521 1.3029 0.1674
Car -1 -1 0.3046 307.3651 191.3018 458.6708 249.2253 1.5109 1.5231 3.7320 -6.2287 2.0443 20.0885 0.0070 0.1601
Car -1 -1 3.3847 428.7239 190.7039 521.9742 225.5848 1.4785 1.6506 3.8422 -5.9976 2.3055 32.4893 3.2030 0.1528
Car -1 -1 1.6064 521.5504 179.1563 550.2365 205.9520 1.5487 1.6228 4.0602 -4.5282 1.9577 44.7575 1.5056 0.1518
Car -1 -1 4.3515 774.1497 187.5105 846.4457 229.8086 1.4958 1.6039 3.5264 7.8775 2.1143 28.6172 4.6167 0.1506
Car -1 -1 0.0579 373.3105 173.9101 442.3677 200.6949 1.5406 1.6561 3.8531 -11.9106 1.6050 42.8114 -0.2122 0.1485
Car -1 -1 3.4189 406.2192 189.2896 510.6018 226.3050 1.4443 1.6324 3.9451 -6.2283 2.1486 29.9630 3.2151 0.1469
Car -1 -1 -0.2716 640.0458 191.0583 703.4631 216.2009 1.5020 1.7101 3.7045 3.9438 2.6926 46.0056 -0.1873 0.1424
Car -1 -1 1.6747 464.4460 187.1449 511.5746 224.6877 1.4351 1.5845 4.1303 -5.2033 2.0968 31.2968 1.5107 0.1371
Car -1 -1 0.2795 127.1130 151.8179 256.8806 201.2401 1.6809 1.6808 3.6897 -14.8130 0.9654 25.7909 -0.2375 0.1367
Car -1 -1 -0.0530 743.1967 186.4406 843.7479 228.2756 1.4849 1.5747 3.6087 6.9252 2.0228 27.4501 0.1908 0.1344
Car -1 -1 1.3287 1181.1865 203.3273 1242.0000 250.4722 1.5304 1.7768 3.3834 23.5923 2.7852 27.8017 2.0263 0.1283
Car -1 -1 1.8118 321.0411 185.4034 413.5224 242.3519 1.4243 1.6307 3.8984 -6.9006 1.8233 20.9336 1.4966 0.1261
Car -1 -1 1.2857 293.6502 176.9512 330.6858 197.3855 1.5375 1.6401 4.0739 -23.6180 1.8745 57.2354 0.8958 0.1238
Car -1 -1 0.4328 599.3588 189.2214 666.0489 214.5330 1.4811 1.7165 3.8852 1.4700 2.5610 45.9730 0.4639 0.1205
Car -1 -1 1.3989 741.6732 176.7903 778.6318 202.8955 1.4995 1.5679 3.7913 9.1221 1.7497 43.9423 1.6018 0.1155
Car -1 -1 1.2485 528.5112 183.6397 564.8049 204.4368 1.5835 1.6882 4.3825 -5.2479 2.5112 59.7161 1.1607 0.1086
Car -1 -1 4.7712 502.9872 188.3346 541.8315 224.1051 1.4847 1.5680 3.7233 -3.9953 2.2444 33.5030 4.6528 0.1069
Car -1 -1 2.2489 946.1257 183.4811 1019.4413 213.8616 1.4753 1.5463 3.4774 19.3669 2.0476 37.4411 2.7225 0.1012
Car -1 -1 0.9962 174.7843 153.2328 283.1379 198.2341 1.5784 1.6824 4.0223 -14.2767 0.8902 27.0293 0.5141 0.0982
Car -1 -1 1.5985 116.6997 183.8512 307.9174 354.8327 1.4844 1.5995 3.8635 -4.5794 1.6476 8.6202 1.1222 0.0970
Car -1 -1 3.9389 279.7610 172.5112 341.4258 196.8787 1.6105 1.6552 3.8703 -20.3907 1.5878 49.2114 3.5478 0.0951
Car -1 -1 4.5449 716.4295 183.2056 759.1306 214.7217 1.4436 1.5199 3.5156 6.3397 1.9849 35.9690 4.7173 0.0950
Car -1 -1 1.3594 498.7278 186.8035 543.1621 217.5276 1.5969 1.6792 4.3827 -5.2106 2.4538 41.9771 1.2361 0.0941
Car -1 -1 0.0545 325.6613 177.9547 452.3293 223.4652 1.4717 1.6227 4.0516 -7.5121 1.6564 24.8781 -0.2363 0.0917
Car -1 -1 4.6057 697.3483 191.4920 743.1520 229.1367 1.5454 1.6845 3.9315 5.0910 2.4649 33.5992 4.7540 0.0902
Car -1 -1 -0.0655 626.4179 190.1769 680.9543 214.8646 1.5085 1.5903 3.3730 2.7850 2.6328 46.0232 -0.0061 0.0901
Car -1 -1 4.1182 1139.1104 205.7985 1242.0000 247.2925 1.4091 1.7278 3.7405 23.7853 2.8444 29.5028 4.7910 0.0891
Car -1 -1 1.1038 784.8034 187.4966 870.0870 231.4775 1.4584 1.5860 3.6375 8.0997 2.0485 27.1446 1.3901 0.0819
Car -1 -1 5.2809 0.0000 117.6982 190.5369 374.3956 1.6929 1.7073 4.1926 -5.8999 1.3291 6.9401 4.5951 0.0806
Car -1 -1 1.5211 632.6514 187.3663 660.5659 212.3884 1.5200 1.6557 4.1229 2.4395 2.5327 48.2851 1.5706 0.0799
Car -1 -1 1.4518 696.4155 182.4047 723.3173 204.0930 1.5786 1.5886 4.2306 7.8178 2.3549 56.5212 1.5880 0.0793
Car -1 -1 2.8882 499.3270 184.4141 603.9184 222.4622 1.4601 1.6274 4.0552 -2.4159 1.9636 29.9932 2.8079 0.0773
Car -1 -1 4.5491 810.8267 185.5658 869.2842 227.9519 1.5143 1.6170 3.8087 9.1752 2.0600 28.9753 4.8521 0.0771
Car -1 -1 2.9880 681.8526 184.3226 729.6987 203.7777 1.4983 1.6844 3.5612 7.6399 2.4262 57.4915 3.1189 0.0771
Car -1 -1 1.8820 573.1011 182.0998 607.3477 201.2184 1.4981 1.6734 4.2475 -1.5921 2.3090 61.0107 1.8555 0.0764
Car -1 -1 3.1617 414.5140 191.3725 510.4360 227.7639 1.4736 1.6712 4.0095 -6.3977 2.3147 31.5946 2.9629 0.0757
Car -1 -1 1.6692 579.4302 180.6819 602.9593 200.1616 1.5838 1.6486 3.9890 -1.5558 2.2826 62.3623 1.6439 0.0743
Car -1 -1 1.6263 543.9825 182.3425 565.6478 201.5383 1.5263 1.6063 4.3996 -4.6537 2.3678 61.7753 1.5510 0.0741
Car -1 -1 -0.2057 520.6334 180.1691 592.3281 206.0152 1.4916 1.6539 4.0852 -3.2311 1.9491 43.7671 -0.2795 0.0723
Car -1 -1 -0.1364 228.6350 161.0681 356.8917 204.5082 1.5199 1.6669 4.2204 -11.8437 1.1075 27.0529 -0.5457 0.0719