Car -1 -1 4.7493 529.1890 179.7088 563.8355 210.9233 1.4961 1.6434 3.9096 -3.2247 1.8709 37.4518 4.6634 0.8679
Car -1 -1 4.6674 580.0734 181.5009 618.8802 218.1231 1.4292 1.5018 2.5050 -0.4525 1.8050 30.0659 4.6518 0.6666
Car -1 -1 4.4917 469.6279 171.1636 513.4453 199.1824 1.4805 1.5929 3.9098 -6.6276 1.3912 40.2371 4.3292 0.3402
Car -1 -1 1.4425 522.3065 172.6411 548.0677 192.6467 1.5489 1.5733 3.8727 -6.0013 1.5324 57.9278 1.3394 0.3204
Car -1 -1 4.7376 451.3886 178.3299 471.9059 197.7533 1.5017 1.5428 3.7219 -12.0386 1.9634 58.8626 4.5364 0.2910
Car -1 -1 4.6989 608.7340 164.0337 630.5480 185.8521 1.6821 1.6817 3.7359 0.7766 1.0021 57.4945 4.7120 0.1583
Car -1 -1 3.3605 580.4189 166.2953 634.8694 186.5954 1.5578 1.6382 4.0114 -0.1363 1.0545 56.6014 3.3578 0.1027
Car -1 -1 1.6505 520.2505 171.8150 546.0031 192.9331 1.5738 1.6428 4.3324 -5.8886 1.4964 55.9580 1.5458 0.0961
Car -1 -1 1.5334 447.8640 177.5284 470.3104 197.3360 1.4832 1.5901 4.1793 -11.9773 1.8688 57.2962 1.3279 0.0875
Car -1 -1 -0.1818 577.9568 179.6408 686.7388 216.7986 1.4630 1.6690 4.2845 0.9092 1.7558 29.9791 -0.1524 0.0843
Car -1 -1 1.6330 465.8970 165.2725 502.9492 196.2233 1.5459 1.6680 4.1671 -6.5696 1.1673 38.2003 1.4635 0.0811
Car -1 -1 0.2467 431.2928 177.9381 483.1338 197.1318 1.5053 1.5885 3.7978 -12.2025 1.9195 57.9155 0.0397 0.0786
Car -1 -1 4.4296 442.8935 170.2830 497.9372 203.5424 1.4799 1.5702 3.7553 -6.6327 1.3655 34.1345 4.2387 0.0696
Car -1 -1 4.5697 480.7163 169.8160 520.1249 198.6274 1.4835 1.5917 3.7976 -5.9725 1.3270 39.1987 4.4192 0.0656
Car -1 -1 1.5811 528.5546 171.9402 550.9323 193.5025 1.5790 1.6333 4.1517 -5.2958 1.5121 54.9752 1.4851 0.0635
Car -1 -1 4.6583 600.2123 166.8969 623.9326 187.3764 1.5526 1.6519 3.9003 0.1661 1.1010 56.6927 4.6609 0.0604
Car -1 -1 1.7486 437.8343 175.1823 469.1491 197.5744 1.6466 1.6409 4.1765 -11.9829 1.8329 55.6120 1.5370 0.0598
Car -1 -1 4.5892 563.5984 182.9734 613.8193 221.1208 1.4488 1.6189 4.3042 -0.9611 1.9130 30.8484 4.5577 0.0566
Car -1 -1 4.0389 434.8641 170.0999 504.6008 198.4305 1.4742 1.6017 3.9946 -7.6782 1.3309 39.4500 3.8476 0.0563
Car -1 -1 1.5506 453.3732 176.5551 476.4387 198.3953 1.5705 1.6356 4.0661 -11.0111 1.8626 54.7798 1.3528 0.0558
Car -1 -1 4.7228 430.3674 169.9139 471.2798 206.6660 1.4332 1.5671 3.6134 -6.5860 1.3185 30.0648 4.5086 0.0552
Car -1 -1 -0.8907 602.8583 178.8248 700.4562 217.6630 1.4506 1.6434 4.3583 1.8089 1.7150 29.7792 -0.8313 0.0525
Car -1 -1 0.6738 503.7036 172.4377 554.3377 192.5334 1.5418 1.5501 3.8529 -6.3800 1.5099 57.0412 0.5626 0.0519
Car -1 -1 1.8874 510.9051 171.9586 548.7020 194.2646 1.6047 1.6507 3.9859 -5.9255 1.5403 54.0288 1.7784 0.0507