Car -1 -1 1.8262 325.0418 184.8599 456.8398 270.1265 1.5081 1.6181 4.0473 -4.1583 1.5870 14.9026 1.5531 0.6143
Car -1 -1 3.0255 385.2553 175.4159 457.1776 202.0960 1.5475 1.6681 4.0224 -10.7683 1.1939 43.1595 2.7774 0.1222
Car -1 -1 1.4863 252.1070 190.0209 358.7349 280.5327 1.4404 1.5712 3.7727 -5.7849 1.6286 13.8508 1.0917 0.1004
Car -1 -1 1.8303 425.1184 169.6776 468.9736 196.8165 1.6281 1.7056 4.1261 -9.5862 0.9181 45.1957 1.6175 0.0940
Car -1 -1 4.7079 445.7106 171.4515 468.0067 192.6221 1.5499 1.6057 4.0507 -10.9520 0.8133 54.7344 4.5064 0.0872
Car -1 -1 1.2475 434.3406 175.4815 478.4471 199.0992 1.4915 1.6292 4.0963 -9.5723 1.1106 47.5438 1.0449 0.0829
Car -1 -1 0.3539 0.0000 92.7902 424.5867 335.5804 1.5349 1.6141 3.6521 -3.3170 0.9740 5.6352 -0.1637 0.0801
Car -1 -1 1.8249 384.7873 168.3082 437.7206 201.8783 1.4689 1.5080 3.6337 -8.6879 0.8911 33.2514 1.5663 0.0739
Car -1 -1 1.8243 137.8217 115.1282 443.6548 320.8050 1.4251 1.6011 3.9719 -2.5932 0.9651 7.0290 1.4774 0.0735
Car -1 -1 0.3149 276.0961 186.9646 492.1693 264.6998 1.5136 1.5960 4.0106 -4.3928 1.6336 14.9613 0.0285 0.0652
Car -1 -1 1.6382 249.4771 192.0237 364.7194 294.0013 1.4434 1.5786 4.0015 -5.0357 1.6614 12.7552 1.2635 0.0535
Car -1 -1 3.3407 349.1384 187.9954 548.0634 260.8952 1.4551 1.5790 3.9005 -3.1178 1.6002 15.2779 3.1372 0.0526
Car -1 -1 0.2702 348.4099 173.1033 440.8403 206.3049 1.4580 1.5598 3.7200 -9.2130 1.0887 32.3426 -0.0101 0.0500