Car -1 -1 4.1808 749.2569 189.0249 940.8499 293.3351 1.4523 1.5757 3.4423 3.8762 1.7737 12.4810 4.4741 0.9684
Car -1 -1 2.1824 73.6537 185.6676 208.3521 236.7129 1.6230 1.8226 4.5608 -16.9516 2.1335 26.4256 1.6164 0.6074
Car -1 -1 1.6550 64.2202 205.3185 110.0457 237.0730 1.4709 1.7164 3.7556 -28.6584 3.3482 39.6710 1.0324 0.2293
Car -1 -1 4.7226 153.7296 170.1952 190.0690 201.3504 1.6002 1.6136 3.9343 -23.7138 1.4636 39.1647 4.1810 0.1805
Car -1 -1 1.5662 66.8321 204.4580 100.0953 231.2300 1.5495 1.7487 3.6200 -35.2858 3.7562 48.4043 0.9387 0.1535
Car -1 -1 1.6274 58.3355 203.5648 94.1273 229.3819 1.5255 1.7575 3.5435 -36.3720 3.7064 49.2735 0.9939 0.1274
Car -1 -1 1.6167 58.0753 201.6808 104.3417 235.1710 1.4840 1.7553 3.5867 -27.2958 3.0559 37.3630 0.9889 0.1136
Car -1 -1 0.2053 62.6171 202.6485 159.6543 233.9334 1.4882 1.8066 4.0265 -26.8275 3.1647 38.9930 -0.3944 0.0947
Car -1 -1 0.6376 108.2388 170.5967 198.1110 199.6934 1.5025 1.5846 3.8348 -24.1201 1.3859 38.1968 0.0773 0.0837
Car -1 -1 1.7733 54.9032 205.0888 109.7456 238.1489 1.5168 1.7479 3.1442 -27.9854 3.3121 38.3922 1.1465 0.0806
Car -1 -1 5.5746 68.2644 204.5255 160.3556 236.2027 1.4714 1.7634 4.0303 -27.3753 3.3246 40.0429 4.9777 0.0775
Car -1 -1 1.7602 28.8427 202.7253 88.5181 236.2108 1.5100 1.8192 3.8617 -29.2885 3.1912 38.4775 1.1127 0.0732
Car -1 -1 -0.6238 798.5726 189.5104 1078.9347 293.1339 1.4927 1.6205 4.0833 5.4067 1.7980 12.0058 -0.2109 0.0687
Car -1 -1 5.0359 9.3765 197.2348 78.7572 229.0246 1.4771 1.7491 4.0399 -30.5305 2.8722 39.0899 4.3760 0.0623
Car -1 -1 1.8655 42.8840 204.1479 92.8387 230.4593 1.5008 1.7715 3.1193 -35.3215 3.6215 47.1295 1.2249 0.0602
Car -1 -1 1.7541 133.1650 172.9693 188.1394 204.7486 1.5471 1.6451 4.3176 -23.2142 1.5535 37.4542 1.2022 0.0600
Car -1 -1 5.4163 88.4902 203.0542 231.3797 260.6996 1.4774 1.6152 3.9796 -14.0105 2.5182 22.7756 4.8697 0.0512