Car -1 -1 1.9815 146.7587 190.8537 268.9052 256.4359 1.4670 1.5309 3.4011 -10.3551 1.9816 18.8663 1.4851 0.9325
Car -1 -1 1.4282 329.6839 196.5041 370.3491 226.0405 1.4951 1.6970 3.8768 -15.1491 2.9413 42.0119 1.0837 0.1736
Car -1 -1 3.5879 302.7906 182.4896 396.1164 217.0872 1.6026 1.5770 3.9624 -12.5657 2.0827 34.9614 3.2449 0.1690
Car -1 -1 1.6124 554.4766 180.0191 572.7818 196.2756 1.4516 1.5626 3.9353 -4.3138 2.1482 68.1635 1.5491 0.1411
Car -1 -1 3.5119 315.8244 158.8524 405.2619 189.1015 1.5086 1.6721 3.9888 -12.6890 0.8103 36.9022 3.1827 0.1342
Car -1 -1 1.5056 107.3556 204.6709 170.3310 252.0312 1.4700 1.7576 4.2860 -18.0925 2.7883 27.6532 0.9304 0.1259
Car -1 -1 1.8020 370.2372 162.4200 421.6411 198.2851 1.8647 1.7578 4.3175 -11.6802 1.3222 39.7170 1.5175 0.1220
Car -1 -1 2.4075 162.5528 175.5819 233.2568 201.8610 1.5180 1.6185 3.5827 -25.0558 1.6919 44.0411 1.8926 0.1169
Car -1 -1 1.5511 154.8736 192.1030 191.9290 224.8440 1.4664 1.5355 3.4718 -22.0294 2.4876 36.4028 1.0098 0.1034
Car -1 -1 4.0582 295.3383 196.1040 352.7115 219.6434 1.4682 1.7202 3.8541 -19.8560 3.1399 50.1500 3.6826 0.0921
Car -1 -1 4.9687 339.2299 182.8721 392.8710 216.3176 1.5149 1.6096 3.7473 -11.9959 2.0381 35.7567 4.6468 0.0914
Car -1 -1 1.6969 137.2911 185.7766 180.5157 212.8090 1.4941 1.7159 4.2827 -27.6548 2.3304 44.3881 1.1422 0.0831
Car -1 -1 3.4315 80.7436 191.2226 186.7032 224.2238 1.4753 1.6371 4.0018 -23.0583 2.4037 35.1153 2.8537 0.0829
Car -1 -1 0.8770 327.9739 199.0883 393.7853 229.2847 1.5273 1.7228 3.4565 -14.1271 3.0763 40.9679 0.5465 0.0829
Car -1 -1 1.8295 322.0403 195.2716 362.2395 218.9978 1.4771 1.6692 4.0785 -18.8483 3.1276 51.0141 1.4768 0.0749
Car -1 -1 4.9897 331.2431 166.3054 387.4749 197.6187 1.5072 1.6868 3.9049 -12.6565 1.1920 36.7233 4.6597 0.0705
Car -1 -1 1.6940 73.7176 209.5863 159.1803 269.2307 1.4475 1.6841 3.6539 -14.9145 2.6697 21.9977 1.1035 0.0704
Car -1 -1 1.6421 234.3038 185.2051 262.9007 209.3885 1.5962 1.5560 3.8899 -25.9011 2.5197 51.8582 1.1806 0.0681
Car -1 -1 1.5393 142.2920 203.3204 205.1586 255.4046 1.4750 1.7564 4.2210 -15.3415 2.6390 25.3160 0.9988 0.0660
Car -1 -1 1.5836 323.9819 197.2680 358.1179 228.1274 1.4960 1.6987 3.4785 -14.8301 2.9127 39.9458 1.2298 0.0658
Car -1 -1 3.4322 98.2872 185.0902 182.8404 212.3842 1.5180 1.6997 3.8684 -27.6746 2.2651 42.6988 2.8598 0.0644
Car -1 -1 2.1540 353.7679 186.7439 409.4521 210.8538 1.5192 1.7016 4.1231 -15.8028 2.5289 50.2347 1.8503 0.0603
Car -1 -1 5.0137 355.2085 175.2767 414.7779 207.5956 1.5046 1.6750 4.1168 -11.1073 1.6322 35.9606 4.7159 0.0595
Car -1 -1 1.7016 227.5742 177.7988 262.2289 202.7890 1.6015 1.6002 3.9246 -24.8114 1.9532 49.1941 1.2364 0.0594
Car -1 -1 4.9142 146.9757 191.5772 203.0706 227.8061 1.5701 1.6198 3.7810 -21.2653 2.5431 35.4430 4.3768 0.0591
Car -1 -1 1.6665 170.5320 176.4906 209.3687 202.8878 1.5329 1.6743 4.2249 -25.9890 1.7701 44.7944 1.1432 0.0589
Car -1 -1 2.0857 113.8755 192.6503 195.6521 229.1312 1.4990 1.6336 3.6044 -20.9960 2.4678 33.4753 1.5288 0.0582
Car -1 -1 4.8384 352.4973 160.1366 396.0579 190.9366 1.5325 1.6685 4.1135 -12.3506 0.8997 38.0769 4.5266 0.0577
Car -1 -1 3.1991 541.7862 180.0137 585.4319 195.5275 1.4329 1.5854 4.0319 -4.3184 2.1176 68.1925 3.1357 0.0539