Car -1 -1 1.9605 269.3794 180.5086 327.4258 210.0677 1.4276 1.4769 3.6996 -16.1706 1.8470 37.6713 1.5573 0.8906
Car -1 -1 4.7502 584.1470 183.1517 617.2762 212.7528 1.4188 1.5924 3.7341 -0.4210 1.9850 37.7843 4.7386 0.8788
Car -1 -1 4.7509 533.3040 181.0275 561.5757 206.4195 1.5123 1.6531 3.8609 -3.9395 2.0580 46.2063 4.6659 0.8368
Car -1 -1 1.3478 265.8490 169.7151 305.3940 196.6297 1.8343 1.6613 4.3136 -23.1091 1.6204 51.3982 0.9269 0.3152
Car -1 -1 4.7064 597.2361 168.4587 618.5759 189.9104 1.6941 1.6855 3.6528 -0.1465 1.3470 58.8155 4.7036 0.1942
Car -1 -1 1.8316 242.4497 183.6214 290.3909 211.4111 1.4462 1.5185 3.8378 -19.4984 2.0904 41.1417 1.3913 0.1075
Car -1 -1 0.9595 203.5143 183.5559 275.2374 211.8104 1.4653 1.6254 3.8979 -20.6788 2.0870 40.2868 0.4877 0.1019
Car -1 -1 5.6183 251.7306 182.5764 327.1101 210.5769 1.4868 1.5862 3.8241 -18.4791 2.0778 41.8029 5.2041 0.0888
Car -1 -1 1.7657 296.9946 181.5921 342.0409 210.8180 1.5081 1.5763 4.1244 -16.2937 2.0273 40.7025 1.3868 0.0853
Car -1 -1 2.0592 214.7036 180.9465 281.1681 210.5531 1.4685 1.5716 3.8238 -19.3477 1.9251 38.7776 1.5989 0.0810
Car -1 -1 1.0500 535.9568 186.8105 592.3766 214.6031 1.4647 1.5905 3.8243 -2.6938 2.3184 42.1020 0.9859 0.0803
Car -1 -1 0.8823 255.6272 186.4733 331.8466 215.8555 1.4942 1.6448 4.0830 -17.4711 2.2785 39.8914 0.4716 0.0569
Car -1 -1 3.5799 261.6509 171.0435 327.8223 192.7713 1.5025 1.6190 3.9540 -22.1140 1.3773 50.7617 3.1707 0.0564