Car -1 -1 4.6910 583.5300 185.3299 616.3895 216.2290 1.4541 1.6170 3.7593 -0.5398 2.1339 37.4049 4.6760 0.8749
Car -1 -1 4.7386 534.2780 184.6203 561.8202 209.5848 1.4598 1.6501 4.1953 -3.9107 2.2507 46.3537 4.6544 0.6480
Car -1 -1 1.9147 338.5804 184.6629 383.1235 209.7743 1.5097 1.5626 3.7596 -16.1599 2.3107 47.0495 1.5852 0.5317
Car -1 -1 4.6535 596.2286 172.0532 619.2147 191.6054 1.5464 1.6570 3.7846 -0.1796 1.4831 59.0079 4.6501 0.1998
Car -1 -1 4.4760 588.9431 165.7377 620.0561 186.7326 1.6972 1.6876 4.1267 -0.4633 1.1219 60.5355 4.4681 0.1993
Car -1 -1 2.9896 529.9506 184.5187 593.0121 209.8833 1.5069 1.5829 3.7383 -3.0230 2.2555 45.1286 2.9225 0.1320
Car -1 -1 1.3475 322.8708 184.3504 363.6230 209.1248 1.4754 1.6380 4.0753 -17.4289 2.2606 47.1246 0.9947 0.1203
Car -1 -1 0.1137 507.6211 184.9984 570.3298 209.7344 1.4894 1.5726 3.7430 -4.3758 2.2617 45.0661 0.0169 0.0823
Car -1 -1 3.3909 306.3694 186.5270 374.8580 211.7546 1.5323 1.5340 3.8146 -17.0379 2.4191 45.8325 3.0366 0.0730
Car -1 -1 4.8114 345.7450 187.1892 379.0750 213.1336 1.5652 1.6910 4.2203 -16.4784 2.5686 48.2592 4.4836 0.0699
Car -1 -1 3.2139 574.8757 174.3596 623.0870 195.0621 1.6286 1.6625 3.7536 -0.8238 1.7512 57.8350 3.1993 0.0685
Car -1 -1 0.6042 491.9957 185.3633 559.0793 210.9437 1.4833 1.6107 3.9463 -5.2590 2.2932 45.0763 0.4882 0.0630
Car -1 -1 1.8848 394.4057 183.7559 436.1214 207.2794 1.4558 1.6261 3.7037 -12.9544 2.2142 48.3014 1.6237 0.0604
Car -1 -1 3.1629 578.8185 171.7527 628.4025 190.9001 1.5448 1.6861 4.0029 -0.4701 1.4559 59.0813 3.1546 0.0569
Car -1 -1 1.6044 479.6902 183.0659 508.2020 208.3753 1.4331 1.6022 3.8629 -7.0903 2.0914 44.4986 1.4469 0.0508