Car -1 -1 4.6937 552.2827 176.8570 713.8885 322.1994 1.4834 1.6773 4.4089 0.2554 1.5494 9.6945 4.7177 0.9304
Car -1 -1 1.5254 460.7689 177.1059 480.6007 194.4604 1.4965 1.5883 3.8881 -12.5939 1.8936 65.3112 1.3353 0.4296
Car -1 -1 3.0678 535.7009 174.7063 658.3805 223.1589 1.4355 1.3998 3.6852 -0.4257 1.4950 22.3121 3.0482 0.3246
Car -1 -1 1.5305 581.5358 171.8338 636.0754 219.5807 1.4053 1.5855 3.8623 -0.0958 1.3752 23.2010 1.5258 0.2682
Car -1 -1 1.7171 454.1177 175.8864 481.1995 195.7432 1.6447 1.6824 4.3833 -12.2835 1.9174 62.6719 1.5240 0.1651
Car -1 -1 4.8307 630.0128 166.7646 653.4550 184.6820 1.6125 1.7084 4.0742 3.0219 1.0645 67.0862 4.8753 0.1647
Car -1 -1 1.5073 586.3831 173.5031 642.7158 226.4878 1.4535 1.4474 3.7863 0.0785 1.4748 21.7747 1.5101 0.1513
Car -1 -1 4.6828 641.6693 159.4857 671.9489 186.8708 1.5079 1.6227 4.1388 2.6951 0.7718 41.8269 4.7465 0.1486
Car -1 -1 1.4195 691.6175 210.8697 809.7148 305.2226 1.4449 1.7144 4.1674 2.7321 2.3383 14.8510 1.5963 0.1269
Car -1 -1 4.7344 642.2700 163.1003 673.6492 192.9299 1.5639 1.6426 4.0299 2.7192 1.0526 39.9098 4.8016 0.1184
Car -1 -1 4.6969 645.8911 168.7163 673.1963 194.5186 1.5180 1.6043 3.9126 3.0445 1.2745 44.4438 4.7645 0.1156
Car -1 -1 1.2762 694.2683 210.6339 854.8480 321.6212 1.4441 1.6566 3.7885 2.6995 2.2111 12.6859 1.4795 0.1091
Car -1 -1 1.4030 459.4329 176.6800 487.3912 196.4121 1.5942 1.6671 4.1561 -11.6176 1.9316 61.3990 1.2165 0.1074
Car -1 -1 1.5318 635.4536 212.5527 726.2678 303.6374 1.4247 1.6350 3.8506 1.3815 2.3558 14.9607 1.6205 0.0880
Car -1 -1 2.0768 435.2798 177.0240 477.0043 196.6442 1.5785 1.6909 4.0809 -12.9598 1.9448 61.1826 1.8686 0.0792
Car -1 -1 3.2761 685.6218 210.8151 928.5213 312.2892 1.4860 1.6988 4.0996 3.6220 2.2689 13.3107 3.5346 0.0749
Car -1 -1 3.4873 668.7760 173.7748 715.2937 191.6238 1.4674 1.5670 3.5868 6.9662 1.5471 60.9698 3.6002 0.0749
Car -1 -1 4.7884 678.4421 178.9501 713.8589 208.6416 1.4757 1.6053 3.7718 4.6850 1.8196 38.6918 4.9074 0.0707
Car -1 -1 -0.1562 562.5877 168.2385 692.5695 216.5972 1.4609 1.5489 3.9150 0.5245 1.3215 22.8271 -0.1342 0.0698
Car -1 -1 1.5563 562.2326 175.9398 613.7816 226.1363 1.4121 1.4691 3.8051 -0.7008 1.5165 22.4705 1.5248 0.0672
Car -1 -1 3.5103 616.8728 168.5412 684.4021 194.4088 1.5072 1.5805 3.7504 2.4760 1.2559 43.5348 3.5664 0.0631
Car -1 -1 2.2860 477.8264 178.0327 523.1567 195.9991 1.4836 1.5931 4.1312 -9.4822 1.9513 63.0028 2.1369 0.0603
Car -1 -1 4.6196 683.2910 197.0699 751.7041 255.8587 1.4545 1.6293 4.0620 3.1366 2.2496 21.6230 4.7606 0.0574
Car -1 -1 1.7405 449.4100 176.4898 476.7514 195.0291 1.5553 1.6449 4.3579 -12.8695 1.8869 63.5991 1.5413 0.0570
Car -1 -1 0.3332 445.5952 176.7576 494.9943 194.2370 1.5211 1.6320 4.0142 -12.4069 1.8753 64.3731 0.1433 0.0538
Car -1 -1 1.7185 463.9627 176.7462 489.2732 195.3416 1.5779 1.6134 4.1885 -11.7978 1.9359 64.2342 1.5373 0.0534
Car -1 -1 3.0653 664.7184 182.7612 723.1088 205.9494 1.5523 1.4937 3.8999 5.7916 2.2476 49.8233 3.1798 0.0510
Car -1 -1 0.5347 440.6103 176.4306 494.7284 195.1338 1.5771 1.6193 4.4232 -12.3725 1.8965 62.9209 0.3410 0.0507
Car -1 -1 4.4699 676.0003 168.1410 709.6072 190.2947 1.6676 1.6712 4.0967 6.4680 1.3128 56.4514 4.5831 0.0505