Car -1 -1 2.2709 13.0830 184.1681 333.6776 314.2564 1.4904 1.6988 4.3119 -6.1821 1.6977 10.9431 1.7666 0.9669
Car -1 -1 4.7326 716.3748 179.9466 768.6198 232.9192 1.6206 1.6287 4.4856 4.6551 1.8902 25.0659 4.9134 0.9509
Car -1 -1 1.8175 556.0731 179.9431 612.8271 212.8893 1.4210 1.7047 4.2616 -1.1208 1.7808 34.3572 1.7846 0.9151
Car -1 -1 1.9025 466.1064 180.2755 557.2798 228.2266 1.4586 1.7324 4.5530 -3.2741 1.7415 25.0965 1.7735 0.9136
Car -1 -1 1.8295 620.4930 179.3685 655.0736 201.8798 1.4978 1.5380 3.7737 2.0410 1.9785 51.2108 1.8687 0.5105
Car -1 -1 5.1168 591.6763 182.8314 642.2532 209.9165 1.4435 1.5592 3.8444 0.4823 2.0538 42.0563 5.1276 0.1761
Car -1 -1 1.5930 274.6569 199.3528 332.6378 249.3519 1.4069 1.6900 3.8435 -10.3690 2.3883 24.6241 1.1978 0.1603
Car -1 -1 2.2549 264.1734 174.9679 336.2338 209.1486 2.0023 1.7838 4.3181 -19.1499 2.1406 44.8776 1.8534 0.1488
Car -1 -1 1.5564 283.7262 185.8944 325.9925 223.5857 1.4837 1.6323 4.0700 -13.5778 2.1037 32.1111 1.1590 0.1399
Car -1 -1 1.0943 763.0172 190.0669 827.8895 221.3394 1.4268 1.7164 3.6946 9.4885 2.3596 37.1089 1.3420 0.1348
Car -1 -1 1.8559 612.6939 178.7793 654.1648 203.7386 1.5782 1.6612 4.3453 1.6745 2.0001 49.0507 1.8894 0.1227
Car -1 -1 -0.5918 764.6531 189.2458 849.1929 219.6210 1.4941 1.7456 4.0826 10.5418 2.4042 38.5757 -0.3277 0.1038
Car -1 -1 1.5442 320.5704 196.2976 374.7520 245.8320 1.4440 1.6414 3.6992 -9.1013 2.3210 24.9691 1.1975 0.1022
Car -1 -1 1.7640 612.7871 173.4183 666.3657 209.1701 1.5053 1.6529 4.1495 1.4264 1.5325 32.6592 1.8067 0.0969
Car -1 -1 1.4783 744.8383 188.9460 782.3724 218.0507 1.4452 1.6748 3.8950 8.5092 2.3849 40.1037 1.6852 0.0961
Car -1 -1 1.6619 538.7610 184.5148 563.8027 206.8161 1.5527 1.5324 3.7880 -4.3391 2.4582 54.1280 1.5818 0.0858
Car -1 -1 1.6820 762.4973 188.7908 801.9313 218.2112 1.4445 1.7158 3.6520 9.5177 2.3638 39.6118 1.9154 0.0842
Car -1 -1 1.9721 288.3049 184.8472 344.3417 212.7590 1.4784 1.6046 3.9059 -16.9435 2.2072 41.8764 1.5895 0.0833
Car -1 -1 1.8277 569.1514 180.8277 625.9362 217.5089 1.4209 1.5276 3.7024 -0.4492 1.7831 30.7909 1.8125 0.0816
Car -1 -1 4.9477 630.3334 180.1799 673.1010 208.0156 1.4543 1.5882 3.7205 2.4278 1.8886 40.7660 5.0062 0.0813
Car -1 -1 2.0770 574.6687 181.9422 636.8825 212.1938 1.5278 1.6413 4.1436 -0.1484 2.0592 39.9792 2.0727 0.0810
Car -1 -1 5.0637 482.9667 177.2646 569.6366 224.1353 1.5588 1.7414 4.5055 -2.9785 1.7375 26.8429 4.9537 0.0754
Car -1 -1 1.6281 319.1181 181.9373 364.0994 218.7012 1.4966 1.6594 4.1405 -12.0711 1.9361 32.6915 1.2767 0.0723
Car -1 -1 1.8021 584.9990 176.1926 640.5792 211.9494 1.4698 1.5701 4.1525 0.2151 1.6293 32.2732 1.8081 0.0720
Car -1 -1 1.7155 601.5901 177.6437 653.4500 214.2131 1.4356 1.6321 4.2921 0.8469 1.6575 31.1696 1.7418 0.0701
Car -1 -1 1.6076 738.9740 191.1047 783.8674 232.5720 1.4550 1.6476 4.1541 6.2615 2.2568 29.4815 1.8140 0.0687
Car -1 -1 1.5640 588.1010 182.5609 617.5616 210.6072 1.4838 1.6141 3.8609 -0.4012 2.0677 41.4619 1.5538 0.0680
Car -1 -1 1.7260 737.0308 188.6416 779.9188 219.8629 1.4447 1.6409 3.6090 7.7532 2.3055 37.3644 1.9283 0.0673
Car -1 -1 1.5945 252.5094 214.1754 336.1557 292.2545 1.4347 1.6816 3.9093 -7.6174 2.5665 17.6367 1.1916 0.0667
Car -1 -1 1.7217 614.5319 181.0056 654.3392 211.3967 1.4958 1.5634 3.8926 1.3821 1.9559 38.6727 1.7566 0.0659
Car -1 -1 1.6952 501.2876 177.4556 528.2033 198.4807 1.5846 1.6060 4.2479 -7.5080 1.9644 57.4383 1.5655 0.0650
Car -1 -1 1.3379 763.9490 190.1201 812.0894 220.2315 1.4542 1.7428 3.4129 9.4700 2.4169 38.5195 1.5765 0.0619
Car -1 -1 1.5997 664.5973 179.2217 689.4189 201.9291 1.4654 1.5931 3.8320 4.6753 1.9215 49.6827 1.6925 0.0586
Car -1 -1 1.7784 611.8496 176.8589 649.1667 201.7989 1.5309 1.6386 4.0374 1.4143 1.8045 47.1364 1.8078 0.0585
Car -1 -1 0.5546 561.9518 183.9058 632.3927 211.7487 1.4791 1.6334 3.7299 -0.7213 2.1371 41.3005 0.5366 0.0584
Car -1 -1 1.9490 267.0405 192.7702 343.2739 231.7869 1.4356 1.6514 3.8244 -12.7394 2.3289 30.4378 1.5553 0.0583
Car -1 -1 1.6088 614.7458 178.9991 640.6487 202.4687 1.5288 1.6457 4.1883 1.3001 1.9751 50.2639 1.6340 0.0582
Car -1 -1 4.6286 466.5158 187.5088 514.9584 228.3782 1.4909 1.6580 3.8816 -4.9805 2.1406 29.9017 4.4644 0.0570
Car -1 -1 1.4400 766.6030 189.5926 822.4498 230.2597 1.4405 1.6644 4.1081 7.4673 2.1733 29.4515 1.6852 0.0563
Car -1 -1 1.6069 759.5619 186.0255 795.7806 218.3933 1.4646 1.6476 3.8970 8.5346 2.1683 36.4510 1.8345 0.0561
Car -1 -1 1.5084 638.7134 181.3324 672.7957 210.7510 1.4675 1.5866 4.1182 2.4636 1.9527 39.2389 1.5700 0.0554
Car -1 -1 0.6287 695.0029 187.7328 773.8617 218.1104 1.4670 1.6566 3.9568 6.6678 2.3080 38.7918 0.7969 0.0549
Car -1 -1 1.8119 502.0376 178.4253 534.2922 199.4503 1.6254 1.6581 4.2270 -7.4461 2.0990 59.1387 1.6868 0.0546
Car -1 -1 0.0379 612.0656 182.9317 684.1251 210.8828 1.4811 1.6021 3.9034 2.1528 2.0522 39.9112 0.0908 0.0523
Car -1 -1 1.1980 721.5579 191.5062 787.8839 227.5746 1.4443 1.6734 3.8620 6.5710 2.3520 33.0619 1.3917 0.0514
Car -1 -1 2.9393 705.4897 188.8063 778.5187 217.2946 1.4573 1.6826 3.5933 7.0788 2.3343 38.7840 3.1178 0.0503
Car -1 -1 2.9683 764.0235 190.9764 870.5093 227.8597 1.4932 1.7205 4.2041 8.9397 2.3069 31.3290 3.2430 0.0501