Car -1 -1 2.1343 89.3795 177.8344 202.9682 222.1509 1.4090 1.6229 3.6379 -16.0217 1.5953 25.1701 1.5720 0.8921
Car -1 -1 4.7092 585.2686 177.1185 617.0942 204.3040 1.3478 1.6041 3.6972 -0.4504 1.5847 38.2172 4.6970 0.8581
Car -1 -1 4.7197 532.7584 177.7952 559.4663 203.3188 1.5329 1.6276 3.7018 -4.0280 1.8609 45.9835 4.6324 0.6469
Car -1 -1 5.3329 0.0000 181.4613 113.5297 225.8259 1.3974 1.5611 3.5371 -19.2934 1.7195 25.2116 4.6847 0.2045
Car -1 -1 4.7023 601.7900 164.7982 622.2634 185.5916 1.6520 1.6268 3.3487 0.1841 1.0120 59.0058 4.7052 0.1517
Car -1 -1 5.3258 23.3345 180.4883 140.6852 222.6880 1.4115 1.6006 3.7902 -19.3851 1.7144 26.7249 4.7028 0.1284
Car -1 -1 0.5520 0.0000 181.2400 115.4564 223.5432 1.4444 1.6394 4.0569 -20.4975 1.7596 26.0825 -0.1092 0.0951
Car -1 -1 3.4940 0.0000 171.7728 104.4027 210.4622 1.4989 1.5881 3.9324 -23.0997 1.4570 29.3100 2.8309 0.0788
Car -1 -1 4.6232 142.7269 183.3715 223.1646 242.9626 1.4629 1.6306 4.1116 -12.2569 1.7947 20.6172 4.0922 0.0607
Car -1 -1 2.2522 12.8789 170.1617 115.2902 210.1290 1.5234 1.5355 3.3381 -21.9595 1.4208 29.2010 1.6117 0.0573
Car -1 -1 -0.1406 528.2387 178.0285 594.8992 203.9648 1.5580 1.6582 3.9588 -3.0149 1.8898 45.0483 -0.2075 0.0512