Car -1 -1 4.4007 815.8890 183.5227 1060.8678 331.3397 1.3805 1.6031 3.5186 3.7088 1.5376 8.8138 4.7861 0.9664
Car -1 -1 4.4846 768.6138 179.1035 912.8321 267.9161 1.4372 1.6986 4.2707 4.3206 1.5788 14.1671 4.7740 0.9068
Car -1 -1 4.6889 772.0724 160.9103 846.9241 229.7118 1.6297 1.7299 4.3687 5.2979 1.3468 19.4175 4.9509 0.4826
Car -1 -1 -0.0947 768.5042 162.5103 946.5309 229.0130 1.5273 1.5815 3.9929 5.9674 1.2898 17.7846 0.2236 0.3983
Car -1 -1 -0.6794 761.5916 156.8910 860.2104 194.9348 1.5027 1.6043 3.7834 8.3700 0.8722 29.9905 -0.4100 0.1530
Car -1 -1 4.3960 753.0442 157.0493 820.2366 195.5056 1.5376 1.6367 3.9207 7.4880 0.9057 30.8689 4.6315 0.1487
Car -1 -1 3.4403 761.4052 177.9709 869.1424 214.1269 1.4940 1.6473 4.3334 9.1471 1.7357 32.2092 3.7141 0.1264
Car -1 -1 3.4519 761.0518 154.7460 843.7184 184.1416 1.5873 1.6661 4.2088 10.8781 0.6095 40.7976 3.7105 0.1216
Car -1 -1 4.9878 826.8308 165.4739 869.9357 191.9623 1.6442 1.6454 3.9759 15.5574 1.1861 46.8950 5.3060 0.1073
Car -1 -1 4.2478 939.4945 163.0854 1177.2847 264.7574 1.4690 1.6779 4.3268 7.4955 1.3279 12.6352 4.7725 0.1010
Car -1 -1 -0.8513 751.3021 158.7012 804.6505 180.2526 1.6211 1.6951 4.2073 13.1351 0.5565 56.1884 -0.6229 0.0973
Car -1 -1 4.6489 844.0967 160.1840 879.1117 188.7133 1.5049 1.5896 3.7296 13.9482 0.8366 40.0694 4.9815 0.0966
Car -1 -1 1.3963 771.6744 158.8858 831.2043 200.9867 1.5690 1.6291 3.9223 7.6049 1.0485 28.9105 1.6507 0.0890
Car -1 -1 4.8653 798.9816 147.0314 842.4667 184.8676 2.0688 1.7834 4.3219 12.2770 0.6569 41.7870 5.1490 0.0730
Car -1 -1 4.3529 724.0267 164.0168 795.6609 202.5377 1.5371 1.6502 4.1126 6.3525 1.1844 30.9520 4.5531 0.0676
Car -1 -1 1.2200 733.2037 177.6593 780.1524 203.7413 1.4695 1.5489 3.7872 8.7869 1.7716 43.3748 1.4180 0.0618
Car -1 -1 2.6954 761.3445 159.1432 870.4460 199.8166 1.5576 1.6195 3.8610 8.1888 1.0325 28.7593 2.9698 0.0615
Car -1 -1 4.9554 804.5672 157.7028 849.9517 191.1182 1.8988 1.7547 3.7132 13.0239 1.0379 43.0462 5.2470 0.0594
Car -1 -1 1.6255 841.8927 156.7193 879.5887 189.3230 1.6158 1.6541 4.2277 13.2809 0.8162 38.0271 1.9589 0.0581
Car -1 -1 1.9855 746.1224 158.9680 793.5330 185.5916 1.9351 1.7958 4.6587 12.2281 0.9258 54.8522 2.2035 0.0578
Car -1 -1 1.1203 750.7623 184.5007 820.1569 219.5356 1.4352 1.6232 3.6581 7.9241 1.9967 32.8223 1.3544 0.0571
Car -1 -1 4.8633 648.4781 199.1654 828.4385 367.5565 1.4426 1.5802 3.8681 1.7880 1.8440 8.9206 5.0531 0.0550
Car -1 -1 5.0045 808.1784 157.7326 855.9300 186.5962 1.6884 1.7182 4.0437 13.7199 0.8038 44.3638 5.3023 0.0510
Car -1 -1 -0.2841 729.7057 159.4388 834.7272 197.0453 1.5162 1.6355 3.9465 7.1301 0.9754 30.0132 -0.0533 0.0508