Car -1 -1 1.4681 447.2315 181.4781 497.1603 223.7799 1.4522 1.5247 3.2972 -5.2447 1.8001 27.3020 1.2796 0.9267
Car -1 -1 1.9409 31.5648 180.1567 158.3939 242.1373 1.6298 1.7374 3.9765 -15.2264 1.8702 21.6136 1.3328 0.8878
Car -1 -1 3.8845 333.6943 183.8449 425.8536 216.3973 1.4819 1.6887 4.3462 -11.3684 2.0508 35.6667 3.5777 0.7656
Car -1 -1 2.7194 632.2942 173.8696 698.5110 196.2686 1.5073 1.5412 4.3382 3.8817 1.5800 50.1483 2.7958 0.7038
Car -1 -1 5.1716 75.1641 185.2232 203.1154 247.1587 1.4769 1.5502 3.4023 -12.6793 1.8449 19.6890 4.6054 0.5048
Car -1 -1 -0.5357 521.1095 179.4180 588.5398 203.9740 1.4979 1.6212 4.1135 -3.5293 1.9408 46.8424 -0.6110 0.4580
Car -1 -1 1.1715 548.8198 182.8299 595.5933 208.8988 1.5111 1.6006 3.7630 -2.3954 2.1675 45.4306 1.1186 0.2788
Car -1 -1 5.0031 0.0000 184.8167 81.9691 239.4777 1.4999 1.6449 3.9623 -18.3310 1.9148 22.8827 4.3333 0.2267
Car -1 -1 1.4855 328.0085 178.6304 351.4716 197.9337 1.5737 1.5743 3.8379 -23.2574 2.0877 62.1330 1.1285 0.2123
Car -1 -1 4.8568 683.5721 163.6776 738.5695 203.0392 1.4459 1.6130 3.9041 4.0870 1.1088 28.6042 4.9969 0.1649
Car -1 -1 4.4965 331.3322 172.5551 371.9258 199.1612 1.6303 1.6446 3.9747 -16.5983 1.6120 46.3340 4.1541 0.1600
Car -1 -1 -0.2820 679.0385 164.3635 794.0051 203.8387 1.4652 1.6264 4.0716 4.8482 1.1500 27.8159 -0.1117 0.1512
Car -1 -1 1.3987 557.5287 178.7984 589.8744 202.3583 1.4848 1.5490 3.7429 -2.4462 1.9006 48.4771 1.3481 0.1450
Car -1 -1 3.4332 0.0000 189.3257 165.5920 253.7427 1.4579 1.5842 3.7038 -13.6380 1.9089 18.3917 2.8019 0.1304
Car -1 -1 4.7194 398.2988 175.5531 423.3610 199.0308 1.5326 1.6001 3.8310 -13.6492 1.7259 49.6307 4.4520 0.1282
Car -1 -1 5.1631 113.9030 183.6999 247.5542 244.1290 1.4816 1.6107 4.0986 -12.0179 1.8221 20.5487 4.6393 0.1266
Car -1 -1 4.7855 536.7599 180.4440 567.7573 205.8635 1.4997 1.6585 4.2531 -3.6052 2.0057 45.9733 4.7072 0.1070
Car -1 -1 1.9656 0.0000 186.5394 52.0238 246.8310 1.4299 1.6282 4.0758 -17.5249 1.8563 20.2951 1.2597 0.1011
Car -1 -1 1.4743 574.0329 182.2934 597.0924 201.2375 1.5024 1.5885 3.8675 -2.0663 2.3302 61.2571 1.4403 0.0990
Car -1 -1 4.6843 664.8205 182.7408 687.1312 203.9193 1.5033 1.5808 3.7258 5.0246 2.2818 54.9073 4.7745 0.0910
Car -1 -1 4.5256 659.7537 172.0294 692.2344 195.5103 1.6136 1.6156 3.8714 4.7083 1.5569 51.5880 4.6157 0.0851
Car -1 -1 4.5821 525.8921 181.4188 565.3600 210.1936 1.3844 1.5918 3.7100 -3.4012 1.8576 37.8804 4.4927 0.0839
Car -1 -1 4.2377 299.8265 176.6102 383.8590 215.3626 1.4761 1.6206 3.9730 -11.1003 1.6414 29.8002 3.8837 0.0792
Car -1 -1 1.3633 515.8423 177.3603 552.9143 201.3659 1.4662 1.6019 4.0516 -4.9466 1.7737 47.0592 1.2587 0.0777
Car -1 -1 0.3083 385.0797 192.3857 461.8552 220.9302 1.4826 1.6372 3.7673 -10.1934 2.5814 39.6690 0.0579 0.0776
Car -1 -1 3.6440 548.1400 170.7236 594.2205 186.3587 1.4503 1.5545 4.1323 -3.6514 1.2527 68.5287 3.5907 0.0769
Car -1 -1 0.5091 59.2047 185.9860 232.7779 245.5103 1.4998 1.5617 3.6390 -12.3847 1.8695 19.4403 -0.0522 0.0745
Car -1 -1 4.9336 347.4037 174.1325 407.7929 210.7499 1.4594 1.6377 3.8648 -9.8474 1.5176 30.8910 4.6271 0.0736
Car -1 -1 3.3848 465.8690 170.5756 525.8638 190.0942 1.5244 1.6807 4.4387 -9.0154 1.3465 57.3849 3.2294 0.0735
Car -1 -1 1.4460 334.0383 179.0145 357.3784 195.5154 1.4859 1.6037 4.0135 -25.1569 2.0911 68.7322 1.0961 0.0728
Car -1 -1 4.6690 675.9819 162.1973 722.8143 203.6271 1.4749 1.6058 3.5917 3.3687 1.0955 27.5380 4.7890 0.0726
Car -1 -1 4.3908 653.1469 163.1545 724.7625 202.2142 1.4538 1.6291 4.1273 3.1047 1.0927 29.0451 4.4958 0.0721
Car -1 -1 4.6920 527.5058 164.4268 565.5657 200.0752 1.4516 1.5486 3.4268 -2.7564 1.1084 31.1670 4.6041 0.0719
Car -1 -1 -0.1409 104.7973 182.6711 278.4706 244.2118 1.4785 1.6111 3.9377 -11.3789 1.7724 19.7631 -0.6578 0.0718
Car -1 -1 5.2714 335.3114 184.6491 406.7945 217.2873 1.5149 1.6541 3.9209 -12.1833 2.1560 37.1125 4.9559 0.0701
Car -1 -1 3.2571 509.5226 178.3924 573.3102 202.0077 1.4767 1.5757 3.9223 -4.3436 1.8388 46.3408 3.1637 0.0691
Car -1 -1 5.4566 37.3185 164.7206 158.4093 207.0481 1.4750 1.5851 3.7354 -19.0728 1.1915 27.1008 4.8479 0.0676
Car -1 -1 3.2674 512.4109 163.7931 566.1447 183.3839 1.5293 1.6797 4.0619 -5.5448 0.8220 57.2232 3.1711 0.0672
Car -1 -1 2.1502 564.0263 178.9551 616.9055 202.8355 1.5076 1.6025 4.0790 -1.2435 1.9386 48.8108 2.1244 0.0656
Car -1 -1 4.7258 555.8655 178.9426 582.9069 204.4640 1.5352 1.6631 4.1442 -2.5602 1.9454 46.5111 4.6706 0.0629
Car -1 -1 0.8425 0.0000 185.9918 74.4209 239.5520 1.4932 1.6335 4.0349 -18.6270 1.9089 21.7407 0.1400 0.0602
Car -1 -1 4.6268 402.9935 190.2074 438.2543 219.2632 1.4651 1.6180 3.7419 -10.7319 2.4964 40.8456 4.3710 0.0586
Car -1 -1 3.9926 34.6799 164.5685 163.3271 208.0757 1.4823 1.5930 3.8995 -18.2430 1.2000 25.8206 3.3823 0.0585
Car -1 -1 4.9286 415.4595 189.5792 458.6777 218.9864 1.5013 1.6212 3.6573 -9.6916 2.4890 40.7713 4.6961 0.0583
Car -1 -1 1.2352 368.5259 180.2578 432.4272 215.3144 1.5369 1.6838 4.1449 -10.1168 1.9156 34.7290 0.9534 0.0583
Car -1 -1 5.3607 0.0000 182.0264 138.6901 233.4033 1.4809 1.6112 3.9599 -17.4552 1.8050 23.5006 4.7272 0.0579
Car -1 -1 1.9151 313.0935 171.7917 389.2782 213.1262 1.4845 1.5666 3.7671 -9.8564 1.4464 27.8021 1.5770 0.0574
Car -1 -1 2.1446 0.0000 187.6750 91.1365 244.2104 1.4537 1.5745 3.8823 -17.5627 1.9390 21.6186 1.4683 0.0566
Car -1 -1 4.6044 465.2227 166.1333 490.5305 186.6507 1.7091 1.7192 4.0898 -11.4014 1.1492 62.3075 4.4239 0.0565
Car -1 -1 4.9381 541.4097 181.4136 586.9772 210.8422 1.4240 1.5887 3.7839 -2.3388 1.8993 38.0707 4.8766 0.0560
Car -1 -1 1.5383 442.5873 187.0458 477.8106 218.6897 1.4587 1.6550 4.1041 -7.7885 2.2376 37.4129 1.3339 0.0556
Car -1 -1 4.8155 533.6655 161.2169 560.2667 183.2278 1.7162 1.7247 4.1184 -5.0226 0.8088 58.3322 4.7298 0.0555
Car -1 -1 0.0860 534.3064 184.3840 596.6894 209.3679 1.4851 1.5974 3.7175 -2.6859 2.2099 44.5151 0.0255 0.0540
Car -1 -1 -0.7191 548.1130 180.8392 629.9183 211.7125 1.4468 1.6457 4.1075 -1.0042 1.8767 36.8461 -0.7467 0.0528
Car -1 -1 0.4766 484.5410 186.9340 533.8844 206.1584 1.5276 1.5809 3.8134 -8.4424 2.7396 60.7321 0.3385 0.0514