Car -1 -1 1.8789 313.6993 183.6872 399.3128 230.8832 1.4777 1.6593 4.1825 -8.8771 1.8947 25.6684 1.5486 0.8730
Car -1 -1 4.7169 586.4207 174.1949 612.1945 199.3754 1.6228 1.6694 4.3116 -0.6851 1.7177 48.8944 4.7025 0.6763
Car -1 -1 1.9499 337.5748 160.6927 400.6568 191.2576 1.4970 1.6875 4.1219 -12.3916 0.9014 37.4484 1.6323 0.5089
Car -1 -1 0.5073 301.0824 160.8532 391.1075 190.5579 1.4499 1.6209 3.9728 -13.2372 0.8641 36.3348 0.1601 0.3324
Car -1 -1 1.4350 467.3472 177.7380 494.3771 197.4270 1.4910 1.6191 3.8902 -10.3361 1.8963 57.7810 1.2585 0.3138
Car -1 -1 1.8146 380.2922 186.5807 414.0815 208.1573 1.4999 1.5709 3.8169 -16.0148 2.5749 54.5646 1.5300 0.1527
Car -1 -1 3.4697 331.1015 161.6872 417.1543 191.6813 1.4763 1.6158 3.8028 -11.8147 0.9267 36.3512 3.1574 0.1008
Car -1 -1 1.7347 443.4407 179.9657 484.1371 210.2542 1.4263 1.4590 3.5379 -7.3462 1.8049 36.6124 1.5376 0.1005
Car -1 -1 0.2603 454.9865 177.8219 506.1877 197.4478 1.5110 1.5847 3.6961 -10.1615 1.9098 56.9743 0.0843 0.0966
Car -1 -1 1.2082 354.0884 186.5650 395.0292 208.2842 1.4738 1.6411 3.8152 -17.4485 2.5282 53.4884 0.8940 0.0945
Car -1 -1 1.6589 303.4823 189.4305 335.2930 214.7418 1.5001 1.5979 3.9769 -19.1324 2.6448 47.6913 1.2789 0.0799
Car -1 -1 1.6588 509.4575 176.2862 533.4729 195.4753 1.4961 1.6107 3.8564 -7.1595 1.7856 58.9065 1.5381 0.0777
Car -1 -1 1.6405 493.9135 177.7248 522.3842 203.7303 1.5879 1.5640 3.7363 -6.5248 1.9160 46.6930 1.5020 0.0731
Car -1 -1 1.6067 497.6519 176.7335 519.6046 195.7253 1.4745 1.6339 3.7786 -8.1929 1.8011 58.7827 1.4685 0.0723
Car -1 -1 1.7234 280.2973 189.5908 319.8429 216.2480 1.4704 1.6437 4.0431 -19.1037 2.5568 44.6761 1.3212 0.0687
Car -1 -1 1.2318 262.4858 189.5959 311.5815 214.8154 1.4588 1.6573 3.9853 -20.7844 2.5829 46.4311 0.8127 0.0687
Car -1 -1 5.0741 235.6745 182.8272 369.9331 256.9489 1.4607 1.5640 3.8078 -6.9043 1.7176 16.6609 4.6864 0.0671
Car -1 -1 1.7171 579.0464 170.7378 614.0900 198.6036 1.7068 1.6659 4.1130 -0.7874 1.5772 46.3410 1.6998 0.0654
Car -1 -1 1.6938 354.2470 189.2012 410.2691 232.9773 1.5310 1.6380 4.1241 -9.0615 2.2380 29.0324 1.3933 0.0642
Car -1 -1 1.6456 351.6834 181.5988 376.7332 202.8481 1.5876 1.5968 4.0491 -19.6321 2.3148 57.8450 1.3195 0.0635
Car -1 -1 5.0453 324.0113 189.7039 421.2269 246.2368 1.4486 1.5969 3.7247 -6.9329 1.9944 21.4904 4.7362 0.0594
Car -1 -1 1.7169 316.4495 161.4114 363.4133 192.3413 1.4733 1.6426 4.0287 -13.5735 0.9282 36.5097 1.3631 0.0573
Car -1 -1 1.9802 468.6677 178.2166 507.6428 198.4086 1.5036 1.5963 3.9324 -9.5351 1.9424 56.9453 1.8147 0.0555
Car -1 -1 1.7018 468.0216 176.5144 507.5636 206.9389 1.4628 1.5180 3.7474 -6.2000 1.6604 37.0467 1.5367 0.0546
Car -1 -1 1.7257 458.4393 178.6767 495.0753 205.6467 1.4549 1.5371 3.5489 -7.5912 1.8042 41.4916 1.5454 0.0545
Car -1 -1 1.9361 337.6926 185.1147 386.5522 210.8770 1.5197 1.6462 4.0174 -15.8935 2.3452 46.5413 1.6084 0.0534
Car -1 -1 1.6499 477.6505 178.8151 505.8258 203.9986 1.5344 1.5168 3.5761 -7.5865 1.9353 46.6800 1.4893 0.0534
Car -1 -1 1.6675 584.7386 172.0359 617.7584 199.4605 1.6051 1.6486 3.9681 -0.4664 1.5572 44.2781 1.6566 0.0528
Car -1 -1 1.6963 451.0076 175.8046 491.0412 205.5620 1.4858 1.5978 4.0218 -7.3332 1.6516 38.4911 1.5089 0.0504