Car -1 -1 1.8508 425.1665 185.6952 521.4633 241.7177 1.4358 1.6585 4.5084 -3.9884 1.8667 21.8852 1.6720 0.9340
Car -1 -1 4.7124 704.1575 177.9785 760.4260 227.3566 1.4502 1.6711 3.7152 3.9976 1.6315 23.5691 4.8776 0.8581
Car -1 -1 5.0244 0.0000 222.1733 146.7609 375.0000 1.4220 1.6226 3.7999 -5.2518 1.9768 6.0510 4.3311 0.5426
Car -1 -1 1.8771 649.2004 174.5336 682.2456 193.2605 1.5439 1.6793 4.0942 4.8697 1.6936 62.0954 1.9547 0.4283
Car -1 -1 5.5197 0.0000 161.3358 156.5006 301.5629 1.4903 1.6521 3.7935 -8.2198 1.3679 9.6475 4.8276 0.1789
Car -1 -1 1.4035 699.4243 176.2368 755.8442 215.7681 1.5561 1.6869 4.2107 4.9708 1.7107 30.8770 1.5610 0.1677
Car -1 -1 3.7416 0.0000 220.1654 94.3934 375.0000 1.4860 1.6248 4.1479 -6.0891 1.8835 4.6980 2.8557 0.1560
Car -1 -1 2.1844 0.0000 222.6410 122.8275 375.0000 1.4801 1.6105 4.0400 -4.6789 1.9176 4.2039 1.3771 0.1300
Car -1 -1 4.6190 693.3636 173.3054 723.7699 197.6549 1.4712 1.5421 3.8830 6.2209 1.5010 45.6391 4.7532 0.1283
Car -1 -1 2.0320 400.6447 174.1703 473.7302 209.3871 1.4212 1.5107 3.8697 -7.3975 1.4821 31.3282 1.8016 0.1271
Car -1 -1 -0.1085 702.0876 179.5957 844.6691 233.5092 1.5697 1.6807 4.1352 4.9648 1.7881 22.3271 0.1068 0.1258
Car -1 -1 4.5075 642.0336 163.3724 668.9796 183.0974 1.7927 1.7279 4.0708 4.2766 0.9309 67.7125 4.5701 0.1042
Car -1 -1 3.4588 346.2171 175.2696 451.1155 212.3540 1.5094 1.6348 3.9228 -8.8229 1.6140 30.3715 3.1780 0.0960
Car -1 -1 4.6441 703.3864 169.9360 744.3746 204.5627 1.5246 1.6225 3.8424 5.2914 1.3961 33.7521 4.7978 0.0897
Car -1 -1 -0.1852 700.9855 171.6440 793.6857 205.6398 1.4967 1.6173 3.8763 6.1685 1.4435 32.5764 -0.0002 0.0841
Car -1 -1 1.7523 500.4043 188.2760 550.2827 223.6481 1.4657 1.6094 4.0266 -3.8727 2.2313 33.7590 1.6383 0.0835
Car -1 -1 0.4163 687.8887 172.5280 785.5746 209.7221 1.5357 1.6398 3.8739 5.5339 1.5222 31.5479 0.5878 0.0793
Car -1 -1 3.8210 638.6073 177.1736 708.4047 201.8460 1.4551 1.6549 4.2783 3.9773 1.7391 45.3608 3.9074 0.0777
Car -1 -1 4.4081 697.0167 168.6131 737.9379 193.3665 1.5926 1.6075 3.9349 7.2015 1.3198 48.4932 4.5543 0.0776
Car -1 -1 0.7146 0.0000 156.7129 122.6534 281.4793 1.5285 1.6971 4.0967 -9.2130 1.3308 9.7472 -0.0290 0.0715
Car -1 -1 1.5911 666.8691 187.3999 706.5252 225.7917 1.4541 1.5830 3.8782 3.3374 2.1174 30.8839 1.6970 0.0687
Car -1 -1 2.8437 686.1838 183.7180 797.4921 221.2605 1.4584 1.6362 4.2124 5.4038 1.9218 29.7114 3.0212 0.0685
Car -1 -1 4.6147 678.7913 174.7658 710.1089 198.7539 1.4406 1.5727 4.0698 5.3330 1.5671 45.7062 4.7297 0.0679
Car -1 -1 1.7792 646.3383 173.8534 675.2091 193.1189 1.5545 1.5890 4.1958 4.3434 1.6416 60.6859 1.8499 0.0638
Car -1 -1 1.4098 711.9460 173.2360 762.8730 209.8415 1.5186 1.6091 3.8308 5.5841 1.5365 31.8976 1.5811 0.0633
Car -1 -1 3.0893 0.0000 185.2077 726.6117 375.0000 1.5128 1.6283 4.1494 -1.5567 1.6093 4.0866 2.7443 0.0631
Car -1 -1 1.6756 688.3727 182.9000 728.6462 214.2700 1.4961 1.6736 4.2618 5.2819 2.0587 38.1349 1.8115 0.0617
Car -1 -1 5.3757 0.0000 166.2640 290.3893 288.8827 1.4740 1.5910 3.7311 -6.4966 1.3948 10.6240 4.8376 0.0586
Car -1 -1 3.0879 732.1749 177.6746 868.6081 234.6854 1.5261 1.6058 3.6381 5.3770 1.6718 20.6516 3.3384 0.0578
Car -1 -1 -0.5793 692.7470 173.7546 758.3288 198.5605 1.4921 1.5853 3.7906 7.2368 1.5501 45.0078 -0.4213 0.0559
Car -1 -1 1.9663 503.0380 183.7383 563.6127 215.3350 1.4556 1.6200 4.1111 -3.8319 2.0463 36.9575 1.8631 0.0520
Car -1 -1 -0.7706 110.8903 202.6618 643.4564 375.0000 1.4573 1.5654 3.9282 -1.3921 1.7799 5.7325 -1.0005 0.0501