Car -1 -1 4.4494 747.3238 164.2862 940.1387 289.8532 1.5756 1.6884 4.2296 3.3452 1.4681 11.1845 4.7319 0.9653
Car -1 -1 1.8176 394.9136 179.1609 504.7675 253.5955 1.5063 1.6072 3.7112 -3.5815 1.6697 16.8064 1.6101 0.9640
Car -1 -1 4.8488 537.3091 166.6727 597.1181 210.2061 1.5343 1.6797 4.5570 -1.5384 1.3164 27.7684 4.7934 0.9088
Car -1 -1 4.9077 697.3855 170.5508 769.3821 219.5285 1.4879 1.6118 4.0551 4.2162 1.4179 24.1016 5.0782 0.8941
Car -1 -1 4.6052 807.4686 154.6177 838.8484 180.6317 1.7099 1.6564 3.7937 14.5923 0.5112 49.4406 4.8905 0.3456
Car -1 -1 -0.4940 1015.7733 148.7015 1108.9600 174.5276 1.4590 1.6054 4.3192 26.1069 0.0945 41.6970 0.0623 0.3220
Car -1 -1 4.5920 464.3537 176.7032 516.9708 217.1054 1.4502 1.6047 3.6313 -4.7092 1.6114 28.2425 4.4278 0.2342
Car -1 -1 2.9616 796.8550 154.3060 858.7298 178.8906 1.6219 1.6404 3.7558 14.6626 0.3982 48.6235 3.2528 0.1574
Car -1 -1 1.2946 569.6303 166.8479 609.0897 192.4498 1.6959 1.6761 4.0958 -1.4463 1.2981 50.0018 1.2655 0.1448
Car -1 -1 4.5602 695.9957 170.9160 751.2600 210.9448 1.5057 1.6140 3.8820 4.5232 1.4328 29.0817 4.7125 0.1353
Car -1 -1 4.2723 712.6711 167.8749 790.7149 207.6016 1.4897 1.6329 3.7414 5.6397 1.3030 29.0717 4.4616 0.1329
Car -1 -1 4.1130 990.4235 157.0002 1082.4519 193.4429 1.4915 1.6058 3.7439 18.4942 0.8426 31.4552 4.6404 0.1279
Car -1 -1 -0.2739 1022.1339 153.0536 1134.2988 188.1364 1.5156 1.6530 3.9378 21.0262 0.6602 32.5349 0.2957 0.1004
Car -1 -1 3.0951 752.7686 150.8702 825.9669 179.1131 1.6526 1.6843 4.1991 10.7659 0.3662 43.4524 3.3363 0.0994
Car -1 -1 4.4832 1021.0008 153.4783 1082.9912 188.6731 1.5482 1.6144 3.9027 20.6631 0.6959 33.8454 5.0274 0.0971
Car -1 -1 -0.4508 689.3000 169.5222 804.3268 210.2895 1.5086 1.6359 4.0858 5.3114 1.3853 28.0273 -0.2659 0.0914
Car -1 -1 2.4775 1066.5979 127.6083 1242.0000 201.0279 1.3982 1.5852 3.9379 11.6823 0.5365 14.5398 3.1448 0.0889
Car -1 -1 0.3118 422.9816 176.3346 535.7222 217.4708 1.4838 1.5703 3.8945 -4.8762 1.6202 27.2438 0.1358 0.0783
Car -1 -1 1.0473 1007.7082 148.3059 1074.4219 175.3392 1.5254 1.6534 3.8853 25.4260 0.1402 42.6667 1.5817 0.0780
Car -1 -1 1.6966 573.7230 180.9637 605.0699 206.5191 1.4618 1.4837 3.5927 -1.2011 1.9807 44.3135 1.6691 0.0751
Car -1 -1 1.8135 466.7929 176.7904 532.1714 219.3431 1.4714 1.5626 3.8047 -4.0796 1.6310 27.2813 1.6659 0.0725
Car -1 -1 1.4290 588.0297 172.6869 648.5323 216.5768 1.5423 1.7062 4.3190 0.2487 1.5364 27.6084 1.4373 0.0687
Car -1 -1 -0.7208 1007.8507 152.8009 1119.4862 189.7073 1.5126 1.6172 3.9386 19.2800 0.6907 30.6927 -0.1643 0.0649
Car -1 -1 1.7501 588.1535 179.3464 624.1486 205.4149 1.4821 1.5467 3.7654 -0.1650 1.8960 44.0024 1.7459 0.0637
Car -1 -1 4.6496 595.0062 165.5835 620.7644 188.8635 1.6296 1.6385 3.7012 -0.1536 1.1206 52.4070 4.6463 0.0581
Car -1 -1 0.7254 538.2803 164.5389 599.2864 186.5664 1.5112 1.6562 4.3400 -2.9395 0.9407 51.4946 0.6684 0.0579
Car -1 -1 4.6674 707.2083 152.4132 782.1100 225.0901 1.6284 1.6510 3.7260 3.2917 1.1704 18.1222 4.8437 0.0550
Car -1 -1 1.6363 571.9348 179.8674 605.6246 208.4589 1.5117 1.6547 4.1748 -1.1416 1.9338 41.3055 1.6083 0.0549
Car -1 -1 4.9850 408.4805 167.8606 460.9203 199.2654 1.4615 1.5480 3.7310 -8.5296 1.2291 35.4718 4.7504 0.0543
Car -1 -1 3.2463 731.8571 167.7935 841.9599 209.5744 1.5215 1.6452 3.9601 6.8208 1.3372 27.7162 3.4846 0.0538
Car -1 -1 -0.7398 1058.5018 154.8620 1176.4314 193.0647 1.5300 1.6462 3.9321 21.0526 0.8094 29.9722 -0.1321 0.0529
Car -1 -1 1.6740 593.2066 179.7191 629.2908 208.3956 1.5052 1.6385 4.0501 0.1441 1.9150 40.9781 1.6769 0.0513
Car -1 -1 3.0234 987.8344 157.0041 1099.1138 191.5660 1.4812 1.6257 4.1249 19.4233 0.8019 32.5005 3.5580 0.0510
Car -1 -1 1.2215 988.3238 177.2020 1113.8584 240.9887 1.4765 1.5883 3.7375 11.4267 1.6027 18.9552 1.7566 0.0504