Car -1 -1 2.0533 108.4223 196.1178 340.4338 312.8430 1.4688 1.5974 4.0782 -6.0562 1.9205 11.9549 1.5928 0.9617
Car -1 -1 4.3864 740.3623 179.7464 969.2723 315.4113 1.4298 1.6532 3.9316 3.0248 1.5425 9.8017 4.6762 0.9608
Car -1 -1 1.8725 334.3336 179.1958 443.8177 244.2281 1.5908 1.7154 4.2281 -6.0108 1.7870 20.1920 1.5861 0.9558
Car -1 -1 1.8027 406.5836 176.4878 480.2122 228.0320 1.7408 1.7009 4.3212 -6.0721 1.8869 26.8438 1.5818 0.8305
Car -1 -1 1.6633 544.4580 178.7076 576.5323 201.9791 1.4766 1.7713 4.4790 -3.2950 1.8939 49.1809 1.5963 0.6644
Car -1 -1 2.3551 0.0000 204.6033 150.5434 375.0000 1.4402 1.5295 3.4039 -6.1448 1.8095 6.6491 1.6289 0.6436
Car -1 -1 1.8124 462.3792 181.6061 514.9578 212.9114 1.4666 1.6614 4.4336 -6.1798 1.9473 37.3508 1.6491 0.6193
Car -1 -1 1.7201 511.9842 181.4749 543.7721 203.4165 1.4777 1.6875 4.1687 -5.8833 2.1287 52.3695 1.6083 0.5415
Car -1 -1 3.1066 899.9208 163.3942 1036.6290 204.4003 1.4812 1.6554 4.5839 13.6677 1.1395 27.7495 3.5598 0.5383
Car -1 -1 4.8195 349.6964 170.8807 381.0947 193.5399 1.5017 1.6276 4.0502 -16.8635 1.3710 49.9725 4.4954 0.4029
Car -1 -1 4.6220 636.4615 173.8507 660.2366 192.9958 1.5100 1.6019 3.7978 3.1430 1.5942 59.0368 4.6745 0.3319
Car -1 -1 4.0778 909.7229 65.0010 1242.0000 375.0000 1.7609 1.6455 3.7502 3.6749 1.3103 4.9064 4.6920 0.2814
Car -1 -1 4.4189 843.7006 158.7766 877.0831 179.4104 1.7181 1.6638 3.8402 21.5188 0.5459 62.0301 4.7512 0.2568
Car -1 -1 4.4642 433.3469 169.2554 472.5293 191.8081 1.4956 1.6806 4.1931 -10.9160 1.2570 50.1012 4.2505 0.2139
Car -1 -1 0.3394 407.5665 167.6270 477.1164 190.0345 1.4933 1.6649 4.3069 -11.3635 1.1449 49.1545 0.1131 0.1939
Car -1 -1 4.8392 460.7439 186.0152 507.3722 222.2919 1.4458 1.5738 3.6880 -5.5041 2.0635 31.9930 4.6697 0.1868
Car -1 -1 4.2186 988.9719 154.3835 1047.5194 181.5531 1.7052 1.6779 3.8986 26.6816 0.5460 47.2472 4.7299 0.1840
Car -1 -1 3.9713 0.0000 208.0611 138.3816 375.0000 1.5438 1.6917 4.2293 -7.3272 1.9411 7.1856 3.1947 0.1783
Car -1 -1 4.9418 631.5641 163.8138 659.4610 182.4150 1.6881 1.7240 4.1120 3.4068 0.8677 67.6959 4.9916 0.1493
Car -1 -1 4.4442 472.4463 175.1909 500.1205 191.5871 1.4590 1.5718 3.8191 -11.4492 1.6822 66.8558 4.2750 0.1454
Car -1 -1 3.0751 691.9549 162.2533 751.3094 181.8163 1.4714 1.6197 4.3920 8.5428 0.6741 55.2632 3.2275 0.1435
Car -1 -1 0.2813 658.7966 174.3921 722.2278 196.1490 1.5331 1.5929 4.3258 5.9004 1.6486 52.6260 0.3920 0.1180
Car -1 -1 4.3900 918.6611 163.0341 998.3253 204.1310 1.4897 1.5573 4.1331 13.5675 1.1338 28.3003 4.8327 0.1113
Car -1 -1 1.5470 544.4215 176.4681 572.8901 205.0776 1.7569 1.7476 4.1804 -3.3566 2.0032 47.0193 1.4756 0.1101
Car -1 -1 1.3532 639.0026 173.0116 671.1722 194.4881 1.5522 1.5821 4.0087 3.3838 1.5645 54.2834 1.4148 0.1091
Car -1 -1 -0.6325 768.1949 157.9907 853.8852 189.5191 1.5281 1.6179 3.9844 10.1711 0.8077 36.4350 -0.3626 0.1088
Car -1 -1 4.2831 450.6076 172.4894 490.9255 192.3672 1.4811 1.6002 3.8604 -10.7642 1.4539 55.7986 4.0931 0.1063
Car -1 -1 4.8587 7.6548 204.0858 144.8213 298.4167 1.4639 1.6370 3.8527 -10.6430 2.1892 14.6676 4.2394 0.1030
Car -1 -1 4.4758 825.2486 58.4477 1242.0000 375.0000 1.7105 1.6565 3.7034 2.5218 1.2305 5.0092 4.9184 0.1003
Car -1 -1 2.8187 842.9276 158.7489 895.9980 176.9525 1.5189 1.6421 3.9060 21.9653 0.3420 61.0676 3.1623 0.0928
Car -1 -1 -0.3180 940.4677 163.7698 1073.4773 204.7769 1.4918 1.5998 4.1298 14.9864 1.1614 27.4019 0.1777 0.0922
Car -1 -1 0.2911 330.1667 171.0805 392.9651 193.5302 1.4959 1.5932 3.7272 -16.7850 1.3777 48.9458 -0.0378 0.0920
Car -1 -1 1.5707 478.7603 171.8147 498.3148 191.4872 1.6824 1.6529 4.1258 -10.7113 1.5935 63.8767 1.4050 0.0877
Car -1 -1 2.4760 912.2726 158.4800 1197.9955 260.7999 1.6345 1.6794 4.1170 7.6841 1.4049 12.6249 3.0120 0.0847
Car -1 -1 3.5349 674.4932 166.7445 752.6459 195.6064 1.4555 1.5831 3.7566 5.4663 1.1474 38.0244 3.6763 0.0791
Car -1 -1 1.0384 551.8004 176.9472 604.6845 202.2076 1.4839 1.5949 3.7881 -1.9982 1.7510 45.0645 0.9939 0.0790
Car -1 -1 4.2857 726.4597 164.5078 769.7221 187.5475 1.6226 1.6573 3.8648 10.1041 1.0348 52.8895 4.4732 0.0788
Car -1 -1 -0.6557 476.2078 185.3457 574.8784 222.2893 1.4550 1.6315 4.1994 -3.6486 2.0418 31.8480 -0.7694 0.0784
Car -1 -1 1.4956 470.2333 182.7525 509.3438 216.0800 1.5002 1.6229 3.9279 -5.9937 2.0206 35.8283 1.3305 0.0780
Car -1 -1 -0.1501 702.5909 168.3052 763.5544 190.2165 1.5486 1.6448 4.1167 8.8400 1.2271 51.8531 0.0175 0.0777
Car -1 -1 4.9948 697.6448 171.1018 733.7833 192.8878 1.5329 1.6171 3.8301 7.8101 1.4096 52.8463 5.1403 0.0769
Car -1 -1 4.8371 743.6324 183.2986 790.0277 220.3890 1.4722 1.5677 3.5041 6.9390 1.9578 31.6300 5.0504 0.0746
Car -1 -1 1.1340 1008.6052 148.5679 1242.0000 259.3587 1.5231 1.5910 3.8236 8.2036 1.1892 11.9305 1.7247 0.0740
Car -1 -1 4.9247 476.3797 185.8218 530.9117 221.9253 1.4415 1.5944 4.0427 -4.6772 2.0604 32.3682 4.7817 0.0731
Car -1 -1 2.9693 916.3221 155.6265 986.4731 175.8049 1.4710 1.6283 4.5284 25.5077 0.2151 53.9824 3.4086 0.0729
Car -1 -1 2.9396 922.0047 140.0950 1242.0000 375.0000 1.5364 1.6301 3.8881 4.5858 1.3543 5.6024 3.5997 0.0716
Car -1 -1 4.7895 646.5756 154.8198 685.0897 186.8357 1.5702 1.6969 3.8760 2.9671 0.6857 37.4340 4.8678 0.0708
Car -1 -1 5.1166 408.3015 167.9929 454.6027 190.5685 1.5016 1.6355 4.1038 -12.3185 1.1782 50.1495 4.8767 0.0690
Car -1 -1 0.8710 799.2963 169.5862 851.0367 189.2098 1.5878 1.6929 4.4625 18.0970 1.3234 60.7668 1.1588 0.0684
Car -1 -1 1.2269 955.4199 129.2876 1229.0569 295.1750 1.6929 1.6589 3.7552 5.8874 1.2483 9.3695 1.7734 0.0677
Car -1 -1 1.7998 701.7541 172.1646 749.7161 204.1159 1.5172 1.5707 3.7618 5.8928 1.4845 36.3004 1.9590 0.0669
Car -1 -1 4.4851 961.0984 163.2357 1031.8000 203.4600 1.4702 1.5991 3.8780 15.1533 1.1186 28.4504 4.9699 0.0666
Car -1 -1 2.9994 499.2263 180.8812 555.6002 203.9817 1.5816 1.6313 3.8092 -5.8814 2.1693 51.5542 2.8859 0.0663
Car -1 -1 1.3580 951.3821 143.1779 1132.5468 255.8047 1.5316 1.6598 4.0874 6.9212 1.1280 12.0096 1.8699 0.0651
Car -1 -1 1.5308 472.2849 182.5652 510.8899 218.8569 1.5356 1.6227 4.1141 -5.5881 2.0209 33.8750 1.3680 0.0635
Car -1 -1 5.3692 0.0000 192.8128 107.6594 254.0008 1.4694 1.6913 4.4223 -16.9664 2.1119 21.0033 4.6958 0.0622
Car -1 -1 0.4819 522.2977 179.0518 587.2110 202.7679 1.5090 1.6851 4.0078 -3.6690 1.9373 48.2946 0.4061 0.0619
Car -1 -1 1.5721 478.5913 174.6728 497.4518 192.4026 1.5422 1.6328 4.1893 -11.0130 1.7126 65.4130 1.4056 0.0613
Car -1 -1 4.2405 749.1745 157.9777 812.7324 188.8262 1.5083 1.6112 3.8614 8.7973 0.7809 37.3466 4.4699 0.0612
Car -1 -1 3.2216 732.4985 157.0087 816.5641 189.2506 1.5656 1.6418 4.0202 8.3375 0.7962 36.4190 3.4447 0.0610
Car -1 -1 4.4198 701.3082 163.4947 737.4164 183.6092 1.5006 1.6500 4.1025 8.4708 0.8024 55.9778 4.5690 0.0606
Car -1 -1 4.4638 828.9683 159.8108 860.8873 182.7690 2.0436 1.7720 4.3456 21.6277 0.8826 66.4520 4.7770 0.0602
Car -1 -1 4.4388 912.3892 166.1588 1075.0325 262.3578 1.5325 1.6425 3.8447 6.9775 1.4258 13.5382 4.9053 0.0597
Car -1 -1 1.3661 327.9182 171.3572 366.9668 194.3468 1.5435 1.7127 4.4760 -18.4932 1.4430 50.7983 1.0184 0.0593
Car -1 -1 2.1375 476.9974 173.4183 517.5715 189.5767 1.4564 1.6090 4.4591 -10.4652 1.5111 67.5656 1.9841 0.0588
Car -1 -1 1.9427 522.2260 176.1021 570.5869 204.0106 1.6683 1.7067 4.0307 -3.9529 1.8843 45.8109 1.8567 0.0586
Car -1 -1 2.3071 441.3008 182.1133 599.1050 252.7543 1.4913 1.5795 4.0108 -2.0851 1.7475 17.8709 2.1918 0.0585
Car -1 -1 3.8670 0.0000 205.7731 145.7908 375.0000 1.4823 1.5784 3.8752 -6.4996 1.8095 6.2745 3.0853 0.0576
Car -1 -1 1.7749 502.8228 180.8049 538.4592 204.9414 1.5790 1.6644 4.2239 -6.2110 2.1628 50.8078 1.6535 0.0565
Car -1 -1 0.1727 439.1890 181.9386 529.0020 210.5336 1.4230 1.6354 4.3504 -6.4271 1.9024 37.2525 0.0025 0.0565
Car -1 -1 1.6839 597.8351 178.5242 628.8390 202.7383 1.4785 1.5775 4.0512 0.2881 1.8656 47.1478 1.6894 0.0553
Car -1 -1 1.4283 921.6437 166.8346 1020.6841 234.9831 1.4870 1.6006 3.9280 8.8046 1.3556 17.8581 1.8794 0.0549
Car -1 -1 5.1719 154.6892 189.4962 249.6742 234.0576 1.4314 1.5616 3.6261 -14.7867 2.0831 26.4053 4.6654 0.0548
Car -1 -1 3.4723 340.7610 169.3111 409.1680 191.2856 1.5397 1.6546 4.3337 -16.6821 1.2915 51.4236 3.1599 0.0548
Car -1 -1 -0.4856 831.1262 163.1478 919.8356 191.5924 1.4908 1.6045 4.2292 14.3046 0.9821 38.8982 -0.1359 0.0547
Car -1 -1 -0.3799 646.1397 158.1524 734.0916 190.1129 1.5814 1.6461 4.1759 4.1223 0.8540 37.0515 -0.2702 0.0546
Car -1 -1 -0.0818 821.2366 160.7330 868.1160 178.3823 1.6189 1.6760 4.0415 21.9416 0.5071 67.4629 0.2313 0.0536
Car -1 -1 -0.2788 981.6162 163.3757 1116.8629 206.6882 1.5432 1.6644 4.0194 16.3463 1.2055 27.0283 0.2601 0.0536
Car -1 -1 3.1182 526.2831 179.8225 593.4593 201.8531 1.4620 1.7079 4.5303 -3.4270 1.9514 49.6117 3.0492 0.0535