Car -1 -1 4.4880 607.0703 163.6508 682.3527 216.3438 1.4891 1.5919 3.3528 1.0021 1.2290 22.1826 4.5320 0.9323
Car -1 -1 4.2327 751.2704 179.3772 1096.1624 375.0000 1.5082 1.5954 3.7078 2.8423 1.5933 7.4799 4.5816 0.9079
Car -1 -1 -0.8576 670.6404 160.1794 751.8611 194.2960 1.5057 1.6284 3.8653 4.7907 0.9463 33.7287 -0.7180 0.6542
Car -1 -1 -0.9612 792.7632 156.9632 856.8673 185.5827 1.5050 1.5884 3.6340 11.8651 0.6693 39.6957 -0.6729 0.6145
Car -1 -1 2.5348 546.1203 159.5656 624.4109 188.7220 1.4376 1.5801 3.8335 -1.2300 0.7824 37.3543 2.5019 0.5617
Car -1 -1 -0.9372 734.6268 157.0774 812.2097 187.0577 1.4439 1.6259 4.3034 8.3944 0.6841 36.7756 -0.7147 0.5249
Car -1 -1 4.9557 839.7806 156.9375 884.2878 186.3114 1.6498 1.6315 3.7273 14.9169 0.7558 42.5323 5.2907 0.4425
Car -1 -1 -0.7155 595.2215 150.6292 664.5546 177.2355 1.5638 1.6828 4.1852 1.2830 0.2575 44.3852 -0.6869 0.3847
Car -1 -1 -0.0540 933.0944 161.8260 1023.6541 193.5557 1.4554 1.5890 3.7764 17.5829 0.9496 34.5810 0.4128 0.2011
Car -1 -1 -1.1354 925.1261 159.6702 976.5638 183.8344 1.5779 1.6371 3.9854 23.2102 0.7170 49.0215 -0.6957 0.1854
Car -1 -1 2.3154 761.0170 164.8748 830.5379 191.6382 1.4885 1.5918 4.0449 10.8343 1.0448 41.8990 2.5665 0.1839
Car -1 -1 -0.6282 780.3077 161.6457 856.5389 191.4077 1.6908 1.6884 4.1055 12.2934 1.0540 42.4854 -0.3487 0.1654
Car -1 -1 3.9638 699.8301 158.7052 778.2921 189.5348 1.4896 1.6341 4.0513 6.5735 0.8059 37.0060 4.1380 0.1371
Car -1 -1 4.4955 951.4700 159.6142 988.5840 182.6924 1.6325 1.6258 3.9351 26.4958 0.6959 53.1442 4.9557 0.1190
Car -1 -1 1.4227 792.7318 159.1888 833.2931 187.1873 1.4908 1.6062 3.9998 11.3619 0.7632 40.5021 1.6942 0.1168
Car -1 -1 4.6348 947.5341 161.8316 991.3688 193.8092 1.4921 1.6297 3.8942 17.7818 0.9778 35.7787 5.0926 0.1064
Car -1 -1 4.5692 920.0273 159.0665 955.8260 183.4485 1.5654 1.6244 3.9846 22.0029 0.6802 48.4646 4.9930 0.1038
Car -1 -1 -0.8576 812.0732 164.5293 882.4430 191.6362 1.5862 1.6589 4.3246 14.5299 1.0991 44.0461 -0.5412 0.0971
Car -1 -1 4.0391 806.4927 157.9435 876.5115 187.6365 1.6640 1.6713 4.2174 13.6463 0.8284 42.7035 4.3462 0.0943
Car -1 -1 4.5968 553.0403 158.6246 591.0514 188.4715 1.5021 1.5604 4.0564 -2.0479 0.7860 38.4435 4.5436 0.0933
Car -1 -1 1.2879 931.5778 180.4749 1018.4117 227.9685 1.4302 1.5281 4.0661 12.3045 1.7120 24.5485 1.7471 0.0917
Car -1 -1 -0.8030 739.4160 167.5998 816.2474 195.1484 1.5011 1.6411 4.4576 9.6400 1.2148 41.2157 -0.5752 0.0897
Car -1 -1 -0.3499 709.4980 158.7816 799.7916 189.0706 1.4972 1.6216 4.2127 7.3676 0.8016 36.7895 -0.1540 0.0758
Car -1 -1 3.1466 527.0386 158.6610 608.5933 187.6372 1.4759 1.6550 4.1595 -2.1697 0.7530 37.6878 3.0892 0.0703
Car -1 -1 4.7772 527.5535 153.9476 560.0374 182.3825 1.5465 1.6051 3.6298 -3.7026 0.5182 41.0764 4.6877 0.0670
Car -1 -1 -0.6323 912.8917 158.3377 982.6403 182.4303 1.5646 1.6126 4.0352 22.4997 0.6219 48.0423 -0.1967 0.0649
Car -1 -1 2.8699 940.2469 159.6557 1016.0168 184.6462 1.6049 1.6743 4.1492 24.2323 0.7573 47.5645 3.3385 0.0635
Car -1 -1 4.6480 758.5621 159.9803 795.6107 189.9232 1.4910 1.6305 4.1134 8.7879 0.8499 38.0881 4.8728 0.0613
Car -1 -1 4.8324 592.9017 206.2699 788.9735 375.0000 1.4593 1.5653 3.7484 1.0868 1.9084 7.6858 4.9654 0.0606
Car -1 -1 1.8683 559.4828 182.5976 621.0215 220.3880 1.4912 1.6275 3.8720 -0.7762 1.9465 31.6304 1.8433 0.0567
Car -1 -1 1.6515 666.5963 176.7205 711.8275 214.6696 1.4406 1.5600 3.7136 3.3381 1.6106 29.7626 1.7615 0.0560
Car -1 -1 4.5819 1013.9850 152.8467 1078.6626 193.7193 1.5174 1.6653 4.2169 17.4847 0.7746 29.0526 5.1191 0.0560
Car -1 -1 2.5296 880.8254 180.2516 1013.6688 224.9849 1.4809 1.5876 4.0708 11.8546 1.7531 25.4114 2.9610 0.0557
Car -1 -1 3.0670 894.3005 164.2315 989.5084 195.8264 1.4720 1.6265 4.0875 16.0632 1.0703 35.0841 3.4930 0.0552
Car -1 -1 -0.0093 509.5093 152.6785 578.8502 180.8632 1.5479 1.5935 3.8110 -3.6777 0.4399 40.6094 -0.0992 0.0544
Car -1 -1 4.5856 811.7867 155.3871 853.0609 186.2931 1.6687 1.7092 4.2919 12.6664 0.7256 41.2173 4.8816 0.0525
Car -1 -1 4.7909 591.6860 184.2977 631.9517 218.5561 1.4468 1.5894 3.7218 0.1554 2.0113 33.6737 4.7948 0.0517
Car -1 -1 -0.1963 565.3163 153.5727 640.5792 181.0817 1.6239 1.6580 4.3330 -0.4210 0.4857 43.8479 -0.2060 0.0507
Car -1 -1 4.3779 931.9000 159.8015 979.6202 184.3498 1.5588 1.6249 3.9864 22.9089 0.7300 47.8885 4.8215 0.0506
Car -1 -1 4.2326 762.7820 172.5180 818.5173 198.2811 1.4627 1.5920 3.9077 10.7387 1.4436 43.0508 4.4751 0.0501