Car -1 -1 1.8618 355.4120 185.5524 407.5228 215.2372 1.5031 1.6430 4.1795 -12.7053 2.2516 40.4312 1.5588 0.6721
Car -1 -1 1.7381 385.0113 175.3457 410.0936 192.7671 1.5263 1.5505 3.9825 -19.3191 1.7609 65.8724 1.4537 0.2542
Car -1 -1 1.8444 362.3188 195.0048 415.1409 227.7868 1.4315 1.6077 3.4650 -10.8370 2.5786 35.6178 1.5506 0.1260
Car -1 -1 1.4397 344.3219 185.9524 386.2128 215.1259 1.4611 1.6743 4.3911 -13.7849 2.2402 40.5777 1.1139 0.0887
Car -1 -1 1.7295 351.2407 184.6721 395.5817 216.9308 1.5804 1.6593 3.9603 -12.6870 2.2527 38.9602 1.4163 0.0870
Car -1 -1 1.6825 667.4377 172.4800 689.5013 189.4458 1.5475 1.6261 4.0780 6.5199 1.5134 67.9752 1.7774 0.0805
Car -1 -1 0.4631 326.1227 192.1568 414.9370 223.5674 1.4778 1.6132 3.9444 -12.0146 2.4795 36.3626 0.1456 0.0798
Car -1 -1 0.6187 345.6241 191.6015 419.6501 219.4110 1.5435 1.7023 4.0044 -13.6412 2.7084 43.4052 0.3155 0.0718
Car -1 -1 1.6140 375.4852 193.5338 411.5505 226.2376 1.4683 1.5990 3.7213 -11.0049 2.5838 36.9213 1.3257 0.0683
Car -1 -1 2.1627 427.3112 184.3442 498.5420 214.8964 1.4106 1.6222 4.0077 -7.4637 2.0358 37.1002 1.9651 0.0505
Car -1 -1 3.2642 654.7855 172.1638 699.2833 189.1925 1.5799 1.6198 4.0181 6.3855 1.5159 68.1636 3.3569 0.0505