Car -1 -1 4.8154 934.0778 178.8255 1030.8312 254.7734 1.5221 1.6368 3.8077 8.7719 1.6782 16.8239 5.2881 0.6790
Car -1 -1 1.7699 837.2109 178.4730 889.2636 210.0764 1.4633 1.6685 4.3289 12.8877 1.7654 36.5093 2.1062 0.6685
Car -1 -1 1.7407 892.8754 177.2256 928.3625 200.9085 1.5727 1.6490 4.0919 21.2643 1.8942 50.8873 2.1340 0.4535
Car -1 -1 1.5872 962.6152 190.5277 1033.2167 251.2880 1.4207 1.5858 3.6432 10.7657 1.9591 20.0001 2.0741 0.2798
Car -1 -1 1.7906 827.1178 169.4499 859.9950 191.7966 1.6660 1.6110 3.9208 18.1545 1.4122 55.8902 2.1028 0.2577
Car -1 -1 4.6601 921.6788 195.6275 1028.8708 287.0097 1.3964 1.6054 3.6534 6.9556 1.9018 14.0154 5.1115 0.1780
Car -1 -1 0.7748 808.2253 178.6163 887.3603 209.6617 1.4204 1.5904 3.6412 11.7283 1.7215 35.7284 1.0891 0.1547
Car -1 -1 1.6597 890.8995 177.5064 924.1648 204.1617 1.6918 1.7090 4.4243 20.2614 2.0228 48.9752 2.0494 0.1532
Car -1 -1 1.6503 991.9698 175.4615 1029.6031 204.4580 1.6112 1.6254 4.2538 23.7875 1.7736 42.7155 2.1551 0.1336
Car -1 -1 4.6750 968.3879 188.1400 1037.3599 245.2230 1.4273 1.6010 3.7984 11.4591 1.9201 21.2023 5.1640 0.1309
Car -1 -1 1.5254 1009.7283 183.3516 1037.6824 204.7784 1.4799 1.6281 3.8089 30.9121 2.2945 53.9258 2.0431 0.1037
Car -1 -1 1.2853 905.5919 181.4953 952.7823 207.6526 1.5621 1.6499 4.2555 20.6448 2.1487 46.7678 1.6981 0.1023
Car -1 -1 4.8665 869.7228 173.4038 895.6852 191.7241 1.5846 1.6185 3.7714 24.4670 1.6354 64.5727 5.2269 0.0887
Car -1 -1 1.5378 1000.0101 184.3290 1030.9409 209.9398 1.4642 1.5484 3.4225 25.1669 2.2066 44.8069 2.0462 0.0736
Car -1 -1 3.2945 816.9003 179.5622 1021.5767 253.2850 1.5027 1.6893 4.1948 7.1800 1.6763 16.8523 3.6902 0.0713
Car -1 -1 1.3360 942.4429 177.2345 983.3628 200.1243 1.4537 1.6111 3.8668 23.7785 1.7618 48.6757 1.7876 0.0672
Car -1 -1 4.4148 909.8786 180.5593 1059.3226 263.5851 1.4968 1.6702 4.0740 7.8610 1.6858 15.5511 4.8744 0.0668
Car -1 -1 1.1812 1018.0890 181.8745 1069.4614 204.4253 1.4781 1.6977 4.0422 30.6859 2.1437 51.1165 1.7189 0.0651
Car -1 -1 1.7919 896.9247 179.3508 932.9908 201.8643 1.6036 1.6560 4.1733 23.2386 2.1170 54.8319 2.1904 0.0643
Car -1 -1 4.2502 804.9473 171.6237 848.3917 191.7640 1.5118 1.6449 3.9549 16.8714 1.4195 56.2508 4.5398 0.0633
Car -1 -1 1.3971 918.0120 184.5849 1075.5824 297.4985 1.5639 1.6596 4.0716 6.5434 1.8050 12.6375 1.8644 0.0612
Car -1 -1 1.3063 1010.9549 188.5575 1144.8838 263.2158 1.4773 1.6429 4.0610 11.0767 1.9029 17.3762 1.8653 0.0586
Car -1 -1 1.8341 1028.4150 182.3065 1071.5022 204.4926 1.5088 1.7238 3.9734 32.2285 2.2262 52.7657 2.3794 0.0576
Car -1 -1 -0.4562 937.5198 189.5511 1112.2373 245.4049 1.4250 1.5771 3.8671 11.3096 1.9047 19.8362 0.0549 0.0566
Car -1 -1 1.0102 978.6187 182.8616 1144.7266 249.6280 1.4998 1.6867 4.1819 11.6318 1.7918 18.9448 1.5532 0.0548
Car -1 -1 -1.0141 874.9758 188.1200 947.3451 219.1398 1.4876 1.7141 3.9622 16.0211 2.3365 38.2735 -0.6210 0.0545
Car -1 -1 0.8422 785.9023 178.1272 870.7355 208.8505 1.4359 1.6480 4.3634 11.0755 1.7222 36.8454 1.1315 0.0527
Car -1 -1 1.5251 829.8287 169.5926 855.5444 192.0173 1.6137 1.6339 4.2746 17.4707 1.3790 54.1979 1.8351 0.0511