Car -1 -1 4.8416 1018.7823 181.6505 1116.6670 251.9913 1.5027 1.6154 3.4812 11.3183 1.7416 17.7359 5.4014 0.8289
Car -1 -1 1.5565 1109.8640 177.8385 1148.6635 206.6667 1.5186 1.7084 4.1105 29.4281 1.8165 40.9380 2.1760 0.5498
Car -1 -1 1.7988 941.7010 177.6811 998.4702 209.9460 1.5175 1.7112 4.0962 18.3770 1.7772 36.6971 2.2594 0.5216
Car -1 -1 4.8072 1049.0320 181.5273 1124.8499 234.5238 1.4456 1.6196 3.8539 14.8402 1.7385 22.3508 5.3867 0.4563
Car -1 -1 1.6192 1048.4031 181.4997 1120.3020 238.8147 1.4764 1.6021 3.8005 14.0049 1.7545 21.2019 2.1960 0.1883
Car -1 -1 1.1447 914.8903 178.2824 984.3693 208.8289 1.4502 1.6831 4.0501 17.3450 1.7439 37.0089 1.5794 0.1374
Car -1 -1 1.5594 1112.6510 177.1852 1152.7644 209.1263 1.6280 1.7038 4.0856 28.6016 1.8782 39.5232 2.1819 0.1155
Car -1 -1 1.1768 929.8369 167.9770 971.8566 188.4619 1.5158 1.5744 3.7753 26.1063 1.1549 55.3113 1.6156 0.1088
Car -1 -1 4.6880 996.8224 195.5755 1094.6871 279.8640 1.4420 1.6009 3.5672 9.1679 1.9865 15.3426 5.2173 0.0781
Car -1 -1 1.2342 987.8513 188.7419 1176.2078 292.3401 1.5691 1.6779 4.0512 8.7219 1.9195 13.7501 1.7888 0.0720
Car -1 -1 4.0739 961.1859 183.7250 1097.7715 237.4171 1.4662 1.6002 4.0129 12.9964 1.8388 22.6392 4.5888 0.0643
Car -1 -1 1.4553 990.3983 184.5254 1035.7472 214.0892 1.4661 1.6759 4.4148 22.2993 2.1515 40.0069 1.9602 0.0580
Car -1 -1 1.4759 939.4413 177.7603 984.3600 210.2152 1.4949 1.6462 3.6840 17.4466 1.7524 35.8561 1.9250 0.0565
Car -1 -1 1.4722 971.6928 183.8920 1008.5627 210.5957 1.4744 1.5865 3.8379 22.9594 2.1736 43.6304 1.9533 0.0548
Car -1 -1 1.5282 1110.8973 176.4127 1155.0492 209.1296 1.6149 1.6958 4.3548 27.7847 1.8156 38.3983 2.1506 0.0540
Car -1 -1 1.6087 1008.8658 176.7539 1037.9937 202.1339 1.6601 1.6090 4.0341 28.6999 1.9418 49.9898 2.1269 0.0527
Car -1 -1 1.3564 1174.1392 174.8247 1233.3401 203.6372 1.4587 1.6508 3.9236 31.9826 1.5709 38.9435 2.0399 0.0521
Car -1 -1 4.5479 1111.0011 178.1830 1236.8668 257.4510 1.5555 1.6113 3.7901 12.7171 1.6924 16.4873 5.1957 0.0513
Car -1 -1 4.0875 863.6110 183.2601 1033.8834 257.9492 1.4211 1.5373 3.7459 7.4516 1.6845 16.2729 4.5093 0.0502