Car -1 -1 2.2323 0.0000 192.9564 145.1327 339.7057 1.4381 1.5306 3.5429 -7.8917 1.7485 9.3519 1.5452 0.8693
Car -1 -1 2.0055 86.3247 192.8320 155.3657 227.0614 1.5018 1.5457 3.3158 -23.9380 2.5324 35.4662 1.4150 0.4944
Car -1 -1 1.5500 492.6356 181.2978 514.9351 202.2991 1.4933 1.6011 3.9896 -8.1047 2.1626 55.0929 1.4042 0.4715
Car -1 -1 1.6483 0.0000 182.2384 31.6156 216.4136 1.5136 1.5549 3.9926 -29.3292 1.9982 35.1787 0.9570 0.3292
Car -1 -1 1.6062 99.8725 194.2881 143.6695 228.9852 1.5097 1.6619 4.1307 -24.4722 2.6531 36.2978 1.0162 0.2255
Car -1 -1 1.5586 32.5010 217.0895 153.5806 316.8015 1.4191 1.7215 3.8840 -10.1226 2.4167 14.1932 0.9477 0.2135
Car -1 -1 1.8341 481.8766 178.9769 520.3817 203.1537 1.6519 1.6861 4.4214 -7.8718 2.1190 52.7545 1.6863 0.1938
Car -1 -1 5.9982 0.0000 183.2160 94.9636 217.6159 1.5287 1.6308 4.0414 -27.9610 2.0683 35.4580 5.3340 0.1741
Car -1 -1 2.3682 0.0000 182.5204 41.7723 219.1220 1.5628 1.6940 4.0300 -29.2914 2.0461 33.9905 1.6607 0.1578
Car -1 -1 3.9356 45.3053 193.2510 145.0609 226.4347 1.4948 1.7022 3.9218 -25.0214 2.5218 35.1460 3.3203 0.1455
Car -1 -1 4.5901 480.0589 171.9809 502.9334 189.2467 1.5212 1.5868 3.9324 -10.7734 1.4443 65.6800 4.4278 0.1340
Car -1 -1 0.7254 0.0000 184.9608 76.6408 217.2653 1.5001 1.5905 3.8299 -28.3629 2.1032 35.0583 0.0487 0.1115
Car -1 -1 3.7300 0.0000 184.3943 31.2282 218.4729 1.5172 1.6196 3.8142 -29.7848 2.0759 33.8822 3.0126 0.1082
Car -1 -1 1.1168 496.1169 178.8124 541.9883 200.8819 1.4778 1.6131 4.1192 -6.5193 1.9222 51.6485 0.9914 0.1002
Car -1 -1 1.7168 531.1750 179.7102 560.8795 201.1537 1.4798 1.6092 4.0245 -4.6408 2.0045 53.1643 1.6297 0.0968
Car -1 -1 1.9167 472.1237 178.4883 514.6281 202.2201 1.5765 1.6646 4.1423 -8.1826 1.9931 51.1603 1.7586 0.0964
Car -1 -1 1.6056 100.4957 183.7380 140.6824 213.7334 1.4650 1.6397 4.0827 -26.3551 2.0857 38.9793 1.0141 0.0901
Car -1 -1 0.6033 62.4706 185.3298 151.1679 215.7498 1.5398 1.6076 3.5489 -26.4209 2.2106 37.9907 -0.0013 0.0841
Car -1 -1 1.6789 61.7444 203.9884 153.0863 267.0116 1.4187 1.6832 3.6576 -13.9566 2.3786 20.2372 1.0810 0.0829
Car -1 -1 2.3241 0.0000 183.4038 95.3829 216.6196 1.5102 1.6281 4.1619 -28.3098 2.0726 36.3190 1.6655 0.0824
Car -1 -1 2.3360 0.0000 183.0846 35.4358 220.7430 1.5491 1.6497 4.1452 -28.7547 2.0461 32.9412 1.6222 0.0731
Car -1 -1 1.7252 495.2015 180.4220 525.9359 202.9245 1.5727 1.6429 4.2339 -7.3630 2.1614 53.9946 1.5899 0.0700
Car -1 -1 1.9893 0.0000 180.9283 106.7456 232.7534 1.4554 1.5904 3.4105 -17.4698 1.7298 22.6795 1.3385 0.0685
Car -1 -1 4.6282 142.8514 215.1887 252.2282 307.0071 1.4366 1.7027 3.8526 -8.8030 2.4539 15.2689 4.1123 0.0673
Car -1 -1 2.1325 140.8129 195.8904 221.7857 228.0867 1.4614 1.6553 4.2183 -22.4014 2.7408 37.9390 1.6019 0.0641
Car -1 -1 3.8548 0.0000 176.1482 116.4258 223.4608 1.4809 1.5902 3.9195 -18.6040 1.5928 23.6037 3.1927 0.0631
Car -1 -1 1.6351 447.6637 182.5134 472.8576 203.2857 1.4261 1.5754 3.9385 -11.0366 2.1701 53.5121 1.4322 0.0616
Car -1 -1 2.5721 49.2862 188.9981 148.7563 221.7435 1.4871 1.6338 3.8880 -26.0465 2.3612 36.9560 1.9614 0.0610
Car -1 -1 1.8237 502.0822 181.6416 535.7272 201.9895 1.4607 1.6377 3.9376 -6.9464 2.1633 55.6305 1.6996 0.0594
Car -1 -1 0.3630 473.9216 180.3517 533.5188 201.6273 1.5353 1.6461 4.1126 -7.9350 2.1115 54.1965 0.2179 0.0584
Car -1 -1 2.0701 168.5378 192.0055 244.5335 224.7719 1.4649 1.6362 4.0017 -20.3415 2.4898 36.6067 1.5657 0.0575
Car -1 -1 3.2042 462.3994 179.1238 525.3600 202.1588 1.6318 1.6439 4.4451 -8.4047 2.0987 52.7036 3.0464 0.0564
Car -1 -1 3.7264 58.3570 192.1180 157.0919 225.8691 1.5329 1.6481 3.5746 -24.0103 2.4797 34.6062 3.1232 0.0555
Car -1 -1 0.5896 39.7189 190.3688 147.1857 221.6681 1.4786 1.7181 4.1056 -25.6983 2.3752 36.0224 -0.0267 0.0525
Car -1 -1 1.9422 137.8713 190.8709 205.2725 221.9590 1.4667 1.6856 4.1615 -23.4359 2.4898 38.7770 1.4014 0.0520
Car -1 -1 5.1797 37.2135 188.9039 120.9037 223.1119 1.4901 1.6859 3.9902 -25.9858 2.3268 35.5095 4.5513 0.0510
Car -1 -1 1.9510 0.0000 208.0467 171.4354 319.3338 1.4745 1.6370 3.9318 -9.4939 2.2110 12.9955 1.3295 0.0508