Car -1 -1 1.9981 0.0000 201.2991 324.6411 375.0000 1.4082 1.5095 3.4533 -3.6891 1.7186 6.0817 1.4713 0.9708
Car -1 -1 1.4592 342.9160 188.2052 432.3774 258.7743 1.4489 1.6916 3.8427 -5.5709 1.8728 17.8265 1.1598 0.9267
Car -1 -1 0.5148 166.0935 186.8474 292.8784 226.1772 1.4427 1.6702 4.0632 -14.6919 2.0036 28.0185 0.0354 0.9168
Car -1 -1 2.6214 620.6879 176.0838 712.1071 208.3521 1.6444 1.7057 4.6861 3.0790 1.8265 38.8994 2.6992 0.6764
Car -1 -1 -0.5146 479.0022 183.0682 574.3669 215.7545 1.4657 1.6707 4.4184 -4.0436 1.9971 35.5624 -0.6275 0.4004
Car -1 -1 1.5193 116.9011 191.6650 155.5550 221.7049 1.4527 1.5805 3.7738 -25.8585 2.5311 39.3750 0.9411 0.2156
Car -1 -1 4.6679 372.8702 181.2049 404.1650 208.2605 1.4709 1.5998 3.8170 -13.0739 1.9875 42.5682 4.3713 0.1841
Car -1 -1 1.9458 471.2497 179.2368 537.0910 213.0762 1.4788 1.6756 4.2585 -4.9756 1.8054 34.6515 1.8037 0.1784
Car -1 -1 1.6876 134.8670 189.2694 166.0990 209.4152 1.4936 1.6875 4.1392 -37.7199 2.8948 59.3608 1.1234 0.1609
Car -1 -1 1.2053 550.6122 187.9261 592.3587 211.2968 1.4932 1.6828 3.8177 -2.7252 2.5995 50.8769 1.1514 0.1566
Car -1 -1 0.2916 539.2194 176.5203 592.5147 195.0623 1.4519 1.6162 3.9977 -3.5143 1.7541 58.2361 0.2312 0.1499
Car -1 -1 4.1957 513.4760 184.2367 577.4528 215.0733 1.4339 1.5633 3.8734 -3.3458 2.0512 37.0925 4.1058 0.1362
Car -1 -1 3.3676 383.2906 187.1185 442.1697 206.6688 1.4997 1.6323 4.2733 -15.6647 2.6553 57.5582 3.1027 0.1242
Car -1 -1 4.7925 266.3498 152.1245 311.0471 185.3521 1.5472 1.6964 3.9535 -15.8278 0.5819 35.7424 4.3782 0.1221
Car -1 -1 1.9340 458.4283 176.2910 526.0536 215.7857 1.6707 1.7053 4.0974 -5.2930 1.8386 33.0810 1.7761 0.1218
Car -1 -1 1.5914 345.7971 177.8347 367.6564 196.3210 1.4711 1.6476 4.3782 -21.3446 1.9084 61.0146 1.2560 0.1165
Car -1 -1 4.6568 532.9899 174.5056 579.0848 216.5096 1.4787 1.5534 3.2168 -2.0676 1.5449 27.2303 4.5811 0.1096
Car -1 -1 3.4792 218.2027 155.3896 317.4334 187.6514 1.5133 1.6234 4.0204 -16.4385 0.6941 34.8540 3.0413 0.1094
Car -1 -1 2.3211 535.2723 182.8162 611.1857 213.9584 1.4626 1.6158 4.0039 -1.8225 2.0052 37.2495 2.2719 0.1078
Car -1 -1 1.5357 406.7496 183.8629 430.2814 203.4350 1.4657 1.7104 3.9728 -15.5431 2.3926 58.6017 1.2772 0.1048
Car -1 -1 3.7497 75.6810 201.5236 143.8689 224.6958 1.5716 1.6143 3.7798 -35.8245 3.6613 51.7741 3.1466 0.1007
Car -1 -1 4.9444 556.4263 174.9655 586.7928 193.8904 1.4876 1.6296 3.9255 -3.0791 1.6671 59.2576 4.8924 0.0997
Car -1 -1 4.6635 482.0883 175.8658 504.0892 194.5590 1.4347 1.5645 3.7613 -9.3920 1.6853 58.0255 4.5034 0.0952
Car -1 -1 0.1386 511.4020 174.2827 567.4166 192.4285 1.4220 1.5981 4.2681 -5.5700 1.5378 57.5734 0.0423 0.0936
Car -1 -1 1.3631 386.8839 184.2446 420.4616 206.5053 1.4864 1.5958 3.7902 -14.9610 2.3448 52.3251 1.0856 0.0925
Car -1 -1 1.8721 336.4649 185.3300 374.3860 207.4908 1.5960 1.5282 4.5526 -19.9655 2.6189 56.8579 1.5355 0.0896
Car -1 -1 2.7233 352.5288 183.5336 413.2712 206.8634 1.5269 1.6736 3.7193 -15.9266 2.3060 50.7804 2.4205 0.0837
Car -1 -1 3.6433 56.4083 190.3779 151.7515 220.5462 1.5066 1.6675 3.8095 -26.7333 2.4607 38.2570 3.0364 0.0788
Car -1 -1 0.5246 116.0861 200.9594 187.3973 224.4430 1.5888 1.5754 4.0801 -32.7936 3.6383 51.7513 -0.0381 0.0784
Car -1 -1 0.7159 0.0000 203.2191 116.3669 248.5594 1.4485 1.5603 3.6393 -19.4993 2.5436 25.1329 0.0611 0.0695
Car -1 -1 0.7534 397.0769 191.7362 454.2282 215.2507 1.5340 1.6897 3.8260 -13.1100 2.9228 51.4069 0.5044 0.0689
Car -1 -1 1.2736 681.0366 171.6332 712.3727 190.6457 1.6008 1.6056 3.9955 7.5524 1.4980 62.8591 1.3923 0.0677
Car -1 -1 1.8116 571.1884 188.2692 607.0959 211.5172 1.4922 1.6843 3.7793 -1.4023 2.6255 51.0232 1.7837 0.0664
Car -1 -1 1.7195 95.6526 199.9797 132.5725 224.1300 1.5215 1.6302 3.9668 -35.9301 3.5721 52.4062 1.1207 0.0639
Car -1 -1 0.0482 300.7221 194.7677 354.3419 217.2947 1.4816 1.6452 3.4775 -20.0319 3.0824 51.3761 -0.3223 0.0622
Car -1 -1 1.9745 323.8371 193.8060 370.6620 216.6968 1.4850 1.7274 4.1346 -19.1268 3.0794 52.7920 1.6281 0.0609
Car -1 -1 2.0324 407.9657 181.1932 467.6128 210.3535 1.4900 1.5877 4.0594 -9.5101 1.9802 40.2596 1.8014 0.0606
Car -1 -1 1.6493 121.4112 195.4681 167.9067 230.0143 1.4985 1.6445 3.8003 -23.1696 2.6934 36.0631 1.0813 0.0595
Car -1 -1 2.8389 433.8981 188.4362 493.9053 210.3702 1.4166 1.7277 3.7852 -10.2153 2.5461 50.6345 2.6404 0.0589
Car -1 -1 1.5298 376.1799 178.6640 409.5307 209.3875 1.5682 1.6009 4.0415 -11.9978 1.9063 39.8210 1.2386 0.0577
Car -1 -1 3.8370 328.7943 182.0061 402.6333 209.5124 1.4920 1.6406 3.8846 -14.0508 2.0382 41.5854 3.5128 0.0571
Car -1 -1 3.0121 568.7825 189.8890 625.1620 212.3962 1.4692 1.6673 3.7099 -0.8913 2.6722 49.8585 2.9937 0.0563
Car -1 -1 1.2690 376.1451 183.7661 418.6025 207.4030 1.4804 1.6588 4.0417 -14.5369 2.2586 49.3106 0.9834 0.0557
Car -1 -1 4.7913 526.6063 182.5270 565.7197 214.0781 1.4528 1.6593 3.8240 -3.1389 1.9654 36.3172 4.7052 0.0555
Car -1 -1 2.7988 0.0000 205.1820 132.1215 255.7521 1.4564 1.5329 3.4599 -18.8294 2.6613 25.0281 2.1587 0.0555
Car -1 -1 1.4694 340.9439 182.7437 369.5807 202.9227 1.4973 1.7428 4.4382 -20.5624 2.3284 58.2511 1.1312 0.0553
Car -1 -1 1.8756 377.6884 185.8226 419.6397 208.6814 1.4849 1.6791 4.1944 -14.9593 2.4465 51.3869 1.5933 0.0541
Car -1 -1 4.9059 143.1525 199.6330 182.6661 223.0978 1.4875 1.7172 3.9832 -32.6575 3.5295 52.8522 4.3544 0.0540
Car -1 -1 1.4508 134.7190 189.2709 166.6183 210.5969 1.5558 1.6795 4.2468 -37.0156 2.9286 58.1628 0.8859 0.0536
Car -1 -1 3.5538 608.8121 171.9939 658.1965 188.6227 1.4518 1.5665 4.1374 2.1374 1.3767 64.5939 3.5864 0.0536
Car -1 -1 3.2253 509.9617 183.5841 589.5162 213.3993 1.4470 1.5757 3.8779 -2.9730 1.9998 36.3807 3.1438 0.0532
Car -1 -1 3.1132 332.6135 185.6259 390.0396 206.5293 1.5594 1.6215 4.2471 -19.6623 2.5980 57.1707 2.7830 0.0531
Car -1 -1 1.5174 349.6451 177.8251 385.3267 207.4829 1.4820 1.6177 3.9880 -13.0988 1.7650 38.9281 1.1945 0.0530
Car -1 -1 1.8642 250.5191 159.2435 311.2663 192.5231 1.4905 1.5627 3.8704 -15.5554 0.8809 34.3361 1.4415 0.0519