Car -1 -1 3.5245 314.9207 181.3854 430.9153 223.7607 1.4369 1.5194 3.6213 -8.3805 1.7513 25.7073 3.2120 0.9416
Car -1 -1 1.5507 558.2291 176.8076 588.2221 205.1070 1.4783 1.5896 4.0733 -2.0736 1.7109 40.3642 1.4992 0.8428
Car -1 -1 1.3435 691.9438 166.8055 739.9241 200.1329 1.7046 1.6896 4.0267 5.6827 1.3953 38.9822 1.4868 0.8206
Car -1 -1 4.0964 863.7430 204.2544 1242.0000 375.0000 1.3926 1.5325 3.6912 2.5907 1.6182 3.3384 4.7135 0.7925
Car -1 -1 3.0965 685.6500 157.6278 749.7203 182.7554 1.5774 1.6461 3.9941 6.8953 0.6216 46.3156 3.2432 0.1688
Car -1 -1 1.6084 545.4792 167.5569 570.8610 191.7808 1.7080 1.7018 4.1198 -3.7354 1.3345 52.9627 1.5380 0.1592
Car -1 -1 3.0505 687.5467 158.0042 750.1614 180.5977 1.5440 1.6270 4.1778 7.5697 0.5292 50.2407 3.1990 0.1536
Car -1 -1 4.7902 692.8874 156.7925 720.3853 180.8159 1.6289 1.6323 3.8465 6.8910 0.5399 50.9764 4.9237 0.1224
Car -1 -1 3.5874 313.0942 169.4953 418.6007 206.9224 1.6122 1.7030 4.1282 -10.8264 1.4676 32.1806 3.2650 0.0743
Car -1 -1 4.7325 686.5528 159.6228 712.8969 184.5979 1.5691 1.6394 3.9540 5.9576 0.7378 47.4063 4.8566 0.0669
Car -1 -1 0.7375 0.0000 0.0000 1241.1707 375.0000 1.5361 1.6711 4.1894 2.4467 1.6187 1.7683 1.6057 0.0609
Car -1 -1 1.6387 557.5411 165.4082 585.0566 190.8972 1.7967 1.7319 4.2345 -2.7698 1.2718 52.9901 1.5864 0.0587
Car -1 -1 4.8192 388.8803 170.2914 438.6696 208.5293 1.5018 1.6089 3.8194 -8.1658 1.4012 30.3496 4.5582 0.0582
Car -1 -1 0.1814 328.8351 168.3018 432.3623 205.1806 1.5252 1.6410 3.9910 -9.7283 1.3369 30.8961 -0.1215 0.0523
Car -1 -1 0.1489 527.1297 177.3280 609.3755 204.5527 1.4834 1.6580 4.4320 -2.2936 1.7420 40.6828 0.0925 0.0517