Car -1 -1 3.2949 215.8580 183.9253 373.3858 237.6707 1.4782 1.6964 4.1259 -9.3362 1.8319 21.7223 2.8930 0.9179
Car -1 -1 4.7778 456.4427 185.8665 501.8840 227.6962 1.4625 1.5163 3.2305 -5.0012 1.9974 27.9679 4.6019 0.9124
Car -1 -1 1.5987 478.8800 183.5006 516.1798 221.3807 1.6421 1.6471 4.2232 -5.3327 2.1867 34.7115 1.4468 0.6475
Car -1 -1 1.5251 448.0309 176.6679 472.0313 197.7892 1.4802 1.5637 3.8932 -11.0936 1.7734 53.3955 1.3210 0.1556
Car -1 -1 1.6907 441.4160 178.0311 474.8979 203.3195 1.5383 1.6429 4.1041 -9.7862 1.8898 46.8719 1.4856 0.1490
Car -1 -1 -0.1142 316.0858 181.1160 467.1335 237.7845 1.6078 1.7068 4.3654 -6.8171 1.8853 22.5942 -0.4046 0.0936
Car -1 -1 4.8941 485.7246 181.7486 530.6826 213.4280 1.5404 1.6511 4.0494 -5.3181 2.0379 38.2991 4.7566 0.0726
Car -1 -1 2.2352 453.8835 178.1167 496.7536 197.8755 1.5924 1.5656 3.8039 -11.3634 2.0543 61.2889 2.0523 0.0681
Car -1 -1 3.3146 193.4998 170.2072 318.7961 217.4150 1.5081 1.5505 3.5659 -11.7856 1.4235 24.2800 2.8668 0.0679
Car -1 -1 0.5524 446.9508 183.9290 540.6081 220.3097 1.6215 1.6628 4.1984 -5.5690 2.1781 34.6905 0.3939 0.0647
Car -1 -1 1.3782 499.0459 187.5079 533.7365 212.2267 1.5004 1.6000 3.8205 -6.2756 2.5235 48.3110 1.2492 0.0645
Car -1 -1 4.6776 503.4436 176.3110 527.2177 198.9360 1.5673 1.5829 4.0297 -6.9193 1.8302 52.7486 4.5474 0.0583
Car -1 -1 4.8663 192.4394 171.6503 255.6704 213.2899 1.5035 1.6001 3.6978 -14.9047 1.4600 28.0614 4.3817 0.0559
Car -1 -1 4.5674 349.8140 175.6448 397.9630 210.0656 1.4557 1.5754 3.6366 -10.7604 1.5902 32.8138 4.2525 0.0542
Car -1 -1 0.0087 459.4723 186.7992 524.9648 211.3653 1.5163 1.7102 4.1359 -7.6221 2.4472 47.0072 -0.1517 0.0530
Car -1 -1 -0.1182 472.2086 179.2407 530.2634 201.6913 1.5671 1.6573 4.0059 -7.8849 2.0431 52.4483 -0.2670 0.0526