Car -1 -1 4.5188 642.0062 183.5495 712.9771 235.8378 1.4272 1.5321 3.3895 2.0096 1.7822 22.1827 4.6071 0.9540
Car -1 -1 4.3652 754.1014 162.2173 1070.4578 365.2098 1.6368 1.6738 4.1791 2.8663 1.5510 7.9181 4.6995 0.9410
Car -1 -1 1.2964 700.6564 188.5367 841.6630 285.6764 1.4524 1.5557 3.5827 2.7930 1.7799 13.2256 1.4988 0.9314
Car -1 -1 4.5302 561.0134 187.6072 602.3732 217.0495 1.5081 1.6565 4.0145 -1.6438 2.3952 41.2451 4.4899 0.8828
Car -1 -1 4.6984 404.4230 190.2665 456.0395 240.6487 1.4956 1.5913 3.4649 -6.1282 2.1345 24.5948 4.4560 0.8354
Car -1 -1 4.8222 32.7793 203.5363 143.5389 281.1053 1.3918 1.6155 3.7183 -11.8128 2.1819 16.5614 4.2100 0.6648
Car -1 -1 1.3476 605.7027 179.7906 662.0629 219.7986 1.4673 1.5195 3.4745 0.9152 1.7634 28.9544 1.3782 0.6429
Car -1 -1 4.5087 626.0481 180.5496 666.0698 207.2109 1.4365 1.6177 3.6074 2.0728 1.9035 41.8839 4.5573 0.3668
Car -1 -1 4.6193 411.6678 190.8583 459.1925 229.9645 1.4746 1.6546 3.6554 -7.5397 2.2990 31.0429 4.3824 0.3274
Car -1 -1 -0.2325 629.9755 182.4555 696.0532 209.3590 1.4639 1.4393 3.5023 3.0145 2.0221 40.9570 -0.1601 0.2662
Car -1 -1 1.2461 625.0280 183.0927 672.8644 211.0811 1.4143 1.5047 3.8033 2.1286 2.0105 39.9830 1.2983 0.2132
Car -1 -1 3.2364 382.1510 193.5257 481.3114 231.4000 1.4526 1.6297 3.8527 -7.3033 2.3412 29.9346 2.9985 0.2064
Car -1 -1 1.5461 417.8871 193.3363 462.9103 234.4438 1.4385 1.6694 3.7381 -6.9052 2.3270 29.2799 1.3159 0.2039
Car -1 -1 1.5926 376.9715 188.6735 407.7605 216.6093 1.5375 1.7138 3.9217 -13.2678 2.5536 44.2270 1.3023 0.1788
Car -1 -1 1.6610 381.2030 183.8510 411.7504 208.8394 1.5032 1.5676 3.8965 -13.9199 2.2553 47.2833 1.3759 0.1611
Car -1 -1 1.9750 545.6044 183.8361 585.9066 207.6193 1.5586 1.5150 3.7020 -3.0624 2.3672 51.1282 1.9150 0.1217
Car -1 -1 4.6332 604.5707 178.4870 650.9758 218.4835 1.5914 1.6876 4.1037 0.7282 1.8528 31.3954 4.6555 0.1192
Car -1 -1 -0.3991 392.8694 191.4578 465.9472 219.3210 1.5314 1.7301 3.9680 -10.9728 2.7156 44.0489 -0.6424 0.1161
Car -1 -1 4.4716 1047.4482 101.8206 1242.0000 375.0000 1.4997 1.6350 3.7836 3.3237 1.3471 3.6081 5.1760 0.1097
Car -1 -1 4.4768 641.5710 177.6204 688.4959 208.4948 1.4414 1.5417 3.5891 2.7270 1.6928 36.1656 4.5509 0.1039
Car -1 -1 2.3220 1002.3158 124.5357 1242.0000 375.0000 1.5255 1.6538 4.1017 4.0155 1.4102 2.7521 3.2431 0.1014
Car -1 -1 -0.5986 594.1224 175.4730 683.6879 209.3478 1.5236 1.6092 4.0806 1.4274 1.6552 34.4893 -0.5581 0.1009
Car -1 -1 1.3541 399.0844 184.5693 429.3687 204.8553 1.5225 1.5897 3.8253 -15.8913 2.5074 58.5978 1.0900 0.0967
Car -1 -1 4.7577 604.9514 211.1019 797.3589 375.0000 1.4700 1.6163 4.0273 1.1047 2.0112 8.0862 4.8864 0.0935
Car -1 -1 0.6118 0.0000 0.0000 1242.0000 375.0000 1.5057 1.6112 3.9612 2.4157 1.4164 1.4846 1.5468 0.0932
Car -1 -1 1.4239 593.8300 189.6705 623.7414 210.9479 1.4578 1.6994 4.0330 -0.0976 2.7869 54.9077 1.4215 0.0887
Car -1 -1 2.8798 648.4931 179.0453 727.1720 210.8138 1.4913 1.4352 3.5695 3.7994 1.8021 35.2403 2.9857 0.0883
Car -1 -1 0.5898 954.5302 0.0000 1242.0000 375.0000 1.5425 1.6459 3.9067 3.0429 1.4112 2.3219 1.4494 0.0855
Car -1 -1 4.3029 576.1474 180.0401 639.5015 214.1229 1.4991 1.6056 3.9493 -0.1488 1.8665 34.7649 4.2981 0.0836
Car -1 -1 4.1448 579.8634 167.9328 1183.0853 375.0000 1.5549 1.6474 3.9390 1.1776 1.5362 4.8700 4.3664 0.0828
Car -1 -1 1.3122 429.7959 196.4462 485.7502 229.9724 1.4532 1.7773 4.1693 -7.7814 2.7278 36.7205 1.1042 0.0813
Car -1 -1 1.4447 438.3774 189.9561 473.8386 215.9908 1.4776 1.7296 3.8744 -9.7874 2.6143 45.8423 1.2350 0.0805
Car -1 -1 2.9119 607.4230 183.9835 677.4734 210.1112 1.3953 1.5219 3.6817 1.8284 2.0375 40.5468 2.9560 0.0705
Car -1 -1 4.7112 503.1543 139.9957 1242.0000 375.0000 1.5484 1.6348 3.9849 1.3886 1.5230 2.7109 5.1408 0.0701
Car -1 -1 1.0771 634.6418 178.0530 700.1973 207.6011 1.4618 1.6929 4.2480 3.0376 1.7578 38.7858 1.1541 0.0679
Car -1 -1 1.5591 410.2495 181.2386 434.7240 205.7960 1.5832 1.5796 3.7596 -12.9608 2.1868 49.9196 1.3059 0.0667
Car -1 -1 -0.7666 629.1265 128.8500 1242.0000 375.0000 1.5319 1.6563 4.0078 2.2930 1.3381 4.6137 -0.3312 0.0638
Car -1 -1 1.7052 385.1114 182.0991 416.6889 206.1283 1.5345 1.5778 3.8594 -14.3160 2.1967 49.6573 1.4256 0.0634
Car -1 -1 5.0850 124.7378 200.8805 267.0231 275.9249 1.4199 1.5878 3.9016 -9.6679 2.1677 17.2134 4.5794 0.0619
Car -1 -1 0.5474 512.9548 184.8677 572.1550 208.2995 1.5270 1.6590 3.7931 -4.6668 2.3893 50.2160 0.4547 0.0606
Car -1 -1 2.3669 124.7782 185.5243 334.5238 273.3726 1.4788 1.5654 3.7394 -7.5470 1.7734 14.7519 1.9008 0.0604
Car -1 -1 1.6986 6.5050 197.1688 139.8505 290.8848 1.5334 1.6736 4.0994 -11.0587 2.1181 15.1498 1.0762 0.0603
Car -1 -1 2.1041 361.8569 191.2885 420.6523 219.8084 1.4970 1.6508 3.7040 -12.7780 2.6325 42.4491 1.8129 0.0602
Car -1 -1 5.0906 77.9570 189.5992 181.8175 251.8850 1.5275 1.4594 2.7677 -13.1894 2.0265 20.0024 4.5135 0.0596
Car -1 -1 -1.0931 925.0646 118.8458 1242.0000 375.0000 1.5525 1.6595 3.6802 4.0538 1.3183 4.6153 -0.4038 0.0583
Car -1 -1 1.5949 584.4347 189.9860 611.5580 215.0803 1.5121 1.7176 4.0811 -0.7362 2.7081 48.3217 1.5791 0.0582
Car -1 -1 1.8684 675.9774 175.6779 723.9786 204.0790 1.5122 1.6359 3.8864 5.1787 1.6807 40.9445 1.9928 0.0578
Car -1 -1 1.4613 378.3778 193.4509 423.8015 228.0742 1.4746 1.7073 4.2626 -10.3828 2.5608 35.7567 1.1801 0.0577
Car -1 -1 3.0432 344.7098 185.2529 409.2838 210.0566 1.4710 1.6055 3.7600 -14.7486 2.2829 45.7598 2.7328 0.0563
Car -1 -1 1.7090 391.2797 188.8887 428.2690 216.7661 1.5511 1.6486 4.1513 -12.3495 2.5948 44.8017 1.4411 0.0558
Car -1 -1 -0.3166 379.4401 158.3111 1198.6759 375.0000 1.5601 1.6190 3.9707 0.8758 1.4973 4.1639 -0.1255 0.0556
Car -1 -1 -0.8723 167.0300 194.6927 352.1934 270.9412 1.4060 1.5998 4.0387 -7.8759 1.9768 16.6995 -1.3073 0.0550
Car -1 -1 3.7174 339.5456 191.3566 411.1848 218.2830 1.4986 1.6460 3.7991 -14.0134 2.6400 43.2202 3.4053 0.0546
Car -1 -1 4.5079 555.3942 183.3709 609.1047 218.4669 1.5100 1.7257 4.3677 -1.3870 2.0507 34.7672 4.4676 0.0543
Car -1 -1 1.1146 676.8658 174.2123 753.9713 211.5793 1.4321 1.5791 3.9324 4.3029 1.4924 29.9203 1.2555 0.0540
Car -1 -1 1.4715 401.6345 184.9977 428.8168 207.2684 1.4980 1.5569 3.7520 -14.2421 2.4204 52.7759 1.2088 0.0538
Car -1 -1 3.3320 416.0071 195.2376 512.9293 231.4272 1.4227 1.6520 3.7339 -6.0235 2.3865 30.2342 3.1363 0.0531
Car -1 -1 1.2664 451.7360 193.6406 494.2570 220.1964 1.4644 1.7161 3.1022 -8.4198 2.7928 44.3366 1.0793 0.0509