Car -1 -1 -0.4372 786.8770 187.4480 1041.6606 274.1580 1.5018 1.6985 4.1592 5.6900 1.8000 13.7810 -0.0541 0.9610
Car -1 -1 3.6874 0.0000 177.7527 264.9981 323.1155 1.4970 1.6865 4.0654 -6.5078 1.5618 8.5250 3.0501 0.9552
Car -1 -1 3.5717 133.7944 193.6421 381.9910 275.7604 1.3973 1.6011 3.8634 -6.4424 1.8099 13.5061 3.1337 0.8781
Car -1 -1 0.2931 316.2751 186.0990 472.8733 236.6590 1.4418 1.5938 4.2583 -6.4178 1.8574 21.8222 0.0098 0.8659
Car -1 -1 4.6403 643.6375 182.2383 690.1671 220.5568 1.3499 1.5363 3.6984 2.1796 1.7405 28.1775 4.7161 0.8564
Car -1 -1 3.5561 12.6052 195.2955 322.6591 308.4432 1.5102 1.6229 3.7084 -6.5463 1.8851 11.0428 3.0310 0.7720
Car -1 -1 3.8917 0.0000 228.7288 194.9426 375.0000 1.4255 1.6340 4.0850 -5.9859 1.9579 6.0402 3.1328 0.5809
Car -1 -1 1.6018 478.8698 179.1615 516.8089 213.8764 1.5771 1.7200 4.4269 -5.5008 1.9112 35.9170 1.4504 0.5631
Car -1 -1 4.6329 621.2333 176.8154 644.7882 197.1490 1.5001 1.5449 3.4311 1.7818 1.8153 55.6620 4.6643 0.5450
Car -1 -1 3.5914 191.3562 192.2486 386.5234 262.3232 1.4182 1.5835 3.6156 -6.9911 1.8703 15.9506 3.1839 0.4208
Car -1 -1 0.1947 374.2578 172.6151 491.0931 211.5788 1.5255 1.6811 4.3427 -7.0783 1.5162 29.1805 -0.0416 0.3895
Car -1 -1 4.7348 497.3587 176.2556 524.8834 201.1265 1.4499 1.5955 3.7154 -6.0378 1.6689 44.5270 4.6005 0.2867
Car -1 -1 1.6130 550.3816 180.1965 574.8163 201.4113 1.4387 1.5966 4.2125 -3.3825 1.9948 52.5245 1.5485 0.2814
Car -1 -1 1.3892 330.6510 170.6914 359.2798 190.5402 1.6849 1.6562 4.0789 -23.2855 1.5013 63.4265 1.0385 0.2693
Car -1 -1 1.4813 633.3622 177.1780 668.5038 205.5635 1.3742 1.4932 3.5665 2.0955 1.6085 37.2907 1.5365 0.2249
Car -1 -1 3.6107 469.2930 182.0624 538.3707 209.6964 1.4473 1.5553 3.4528 -5.8427 1.9734 39.9349 3.4659 0.2061
Car -1 -1 4.5352 517.1503 178.5365 544.3536 196.6632 1.4298 1.6044 3.8528 -6.6156 1.9210 60.2903 4.4261 0.1881
Car -1 -1 1.7522 681.0297 176.1914 710.5536 197.0870 1.5214 1.5859 3.8017 6.6341 1.7863 55.2389 1.8707 0.1794
Car -1 -1 3.3298 430.4653 183.4251 522.3724 215.7971 1.4829 1.6322 4.0772 -6.3017 1.9994 34.4275 3.1496 0.1707
Car -1 -1 4.5075 433.1605 170.2923 484.7414 204.3687 1.4556 1.5845 3.6599 -6.8982 1.3462 32.8151 4.3016 0.1629
Car -1 -1 4.4050 462.6252 169.7793 496.3343 189.7559 1.6373 1.6690 4.0600 -11.0879 1.3853 61.3213 4.2266 0.1516
Car -1 -1 0.2568 378.5295 171.1116 497.1945 214.3606 1.4374 1.5154 3.7004 -5.8407 1.3795 24.7892 0.0273 0.1479
Car -1 -1 1.6791 519.9131 180.4376 549.3471 204.9648 1.5330 1.5342 4.0059 -4.9799 2.0623 48.3471 1.5765 0.1478
Car -1 -1 1.2814 832.0264 173.0448 888.8391 203.2397 1.4009 1.5776 3.8918 12.2577 1.4108 35.4781 1.6111 0.1437
Car -1 -1 4.5808 518.6385 171.1572 542.3621 189.1322 1.5787 1.6200 4.0774 -7.2108 1.4296 65.5422 4.4714 0.1422
Car -1 -1 5.0761 496.2348 180.9019 545.8633 209.1301 1.4694 1.5751 3.6478 -4.9306 1.9445 40.6373 4.9556 0.1341
Car -1 -1 3.2904 474.8412 176.1560 533.2351 201.0247 1.4669 1.5702 3.2909 -6.3397 1.6699 43.5652 3.1464 0.1263
Car -1 -1 3.8001 170.4299 166.3243 303.4578 212.4729 1.4603 1.5579 3.7622 -12.3285 1.2536 23.9471 3.3290 0.1080
Car -1 -1 0.3333 505.6479 171.6299 555.7909 188.0631 1.4381 1.5793 4.1596 -7.0237 1.3310 64.3782 0.2248 0.1074
Car -1 -1 1.6118 620.1820 174.5395 644.8747 197.2220 1.6233 1.6821 4.1106 1.7550 1.7545 54.0618 1.6436 0.1045
Car -1 -1 2.3746 771.6374 177.7954 835.2552 202.9050 1.5503 1.6637 3.9463 12.6117 1.8830 46.8960 2.6353 0.1018
Car -1 -1 4.4237 950.6552 175.7894 1023.4410 221.0883 1.5687 1.5698 3.0829 13.9700 1.6848 26.8625 4.8983 0.1013
Car -1 -1 1.3165 660.3575 184.5528 702.8742 211.4736 1.4887 1.6198 3.9365 4.3178 2.2320 43.7721 1.4135 0.1009
Car -1 -1 4.7024 625.0980 173.0414 646.1780 194.6780 1.6793 1.6368 3.9589 2.0757 1.6949 58.0364 4.7376 0.0980
Car -1 -1 1.2266 653.0764 177.6464 683.6320 193.7310 1.4557 1.6446 3.9960 5.5635 1.9264 68.7213 1.3066 0.0978
Car -1 -1 4.6583 297.8198 188.6704 380.4036 264.0024 1.4975 1.6511 3.8047 -6.5608 1.9220 17.2882 4.3001 0.0926
Car -1 -1 1.3496 660.9084 180.0060 694.6930 201.8705 1.4826 1.6058 3.9502 4.9064 2.0218 52.3363 1.4421 0.0905
Car -1 -1 1.4893 672.5957 176.3229 697.0648 196.9597 1.5625 1.6036 4.0599 5.9497 1.8482 57.3661 1.5917 0.0886
Car -1 -1 1.2927 801.6810 177.4118 835.6652 198.1514 1.5152 1.6403 3.3092 15.9293 1.8737 55.0979 1.5723 0.0821
Car -1 -1 5.4501 31.9616 159.0441 130.6234 191.6195 1.4631 1.6012 3.8685 -25.0742 0.8428 34.4190 4.8241 0.0813
Car -1 -1 0.0761 495.2440 181.4801 565.9370 209.3397 1.4875 1.6003 3.7752 -4.3265 1.9749 39.9156 -0.0317 0.0802
Car -1 -1 4.4424 451.4745 174.8083 500.8963 204.8729 1.5059 1.6466 3.7581 -7.1541 1.6156 38.4568 4.2593 0.0784
Car -1 -1 3.3492 520.7950 180.9535 578.5094 202.0923 1.4612 1.5894 3.8763 -4.2704 2.0531 51.6968 3.2667 0.0782
Car -1 -1 1.5511 464.8910 177.7688 500.6528 211.3627 1.5589 1.6749 4.2691 -6.4353 1.8222 36.3993 1.3769 0.0775
Car -1 -1 1.6489 675.3858 176.2981 701.2912 197.7390 1.5146 1.6065 4.1189 5.9120 1.7819 53.8394 1.7573 0.0740
Car -1 -1 1.1814 621.4213 176.4246 664.2325 199.3694 1.5806 1.6551 4.1722 2.3774 1.8522 52.6464 1.2258 0.0738
Car -1 -1 3.2051 608.9936 176.8970 657.9139 197.2676 1.5293 1.5747 3.6694 1.8589 1.8458 55.5112 3.2379 0.0725
Car -1 -1 2.7711 679.1560 175.4154 735.1788 195.9377 1.4931 1.6104 3.8347 7.2972 1.6893 54.0374 2.9042 0.0715
Car -1 -1 4.8833 471.5731 176.5058 513.4897 205.5089 1.4692 1.5971 3.8438 -6.2649 1.6762 38.9686 4.7245 0.0711
Car -1 -1 5.0337 621.4480 175.3766 657.4910 195.6741 1.5258 1.6377 4.0844 2.4027 1.7327 56.9853 5.0752 0.0696
Car -1 -1 1.2861 785.7469 175.5095 829.4429 201.5198 1.6255 1.6720 4.1448 13.0044 1.8084 47.6078 1.5507 0.0691
Car -1 -1 4.7789 489.4698 180.8187 522.9586 209.5881 1.4604 1.5693 3.7473 -5.6302 1.9191 39.6213 4.6381 0.0686
Car -1 -1 1.6423 509.2948 182.3057 537.0878 205.4991 1.4472 1.5730 4.1178 -5.8036 2.1142 48.8214 1.5242 0.0684
Car -1 -1 4.4986 823.6362 173.3881 873.5186 203.0877 1.4536 1.6530 3.8835 12.3204 1.4828 37.4027 4.8140 0.0683
Car -1 -1 5.0836 174.3088 186.7386 367.4348 292.7205 1.4624 1.6480 3.8742 -5.5772 1.7398 12.4434 4.6696 0.0680
Car -1 -1 1.5731 546.0009 178.9740 569.7841 201.2306 1.4763 1.6129 4.0460 -3.6516 1.9271 51.0753 1.5017 0.0673
Car -1 -1 3.2332 146.6250 154.4832 261.8821 194.8311 1.5354 1.5874 3.8969 -16.1507 0.8363 28.9666 2.7283 0.0669
Car -1 -1 1.9542 351.9404 177.4572 430.0790 219.0636 1.4882 1.5963 3.8198 -8.4496 1.6809 28.2228 1.6655 0.0658
Car -1 -1 2.2387 0.0000 226.0844 220.7973 375.0000 1.4104 1.5911 3.5226 -4.6871 1.9467 5.4979 1.5562 0.0657
Car -1 -1 0.1136 630.4083 185.6503 694.5840 212.2628 1.4878 1.6884 3.6133 3.1489 2.2643 42.6206 0.1862 0.0656
Car -1 -1 3.4011 335.3647 175.2714 455.9381 215.1647 1.5349 1.6514 4.3245 -8.4487 1.6342 28.7460 3.1173 0.0647
Car -1 -1 1.9824 664.2111 178.8691 699.5142 195.3451 1.4692 1.7133 4.3995 6.8894 2.0588 68.3857 2.0820 0.0641
Car -1 -1 2.3125 791.9118 172.5318 855.5632 198.6029 1.6598 1.7267 4.0958 14.1828 1.6393 47.7329 2.5993 0.0639
Car -1 -1 4.6850 250.2775 164.6295 288.4356 197.4096 1.5360 1.6191 3.8428 -16.9581 1.1506 35.8906 4.2462 0.0634
Car -1 -1 1.1877 663.8153 178.0246 703.1778 199.1482 1.5479 1.6117 4.1400 5.7078 1.9663 56.1704 1.2880 0.0622
Car -1 -1 4.6677 444.2090 174.1803 485.5689 210.1347 1.4643 1.6050 3.8299 -6.3814 1.5261 31.5888 4.4696 0.0603
Car -1 -1 2.5204 0.0000 212.2175 82.8970 375.0000 1.4227 1.6552 4.1938 -6.4704 1.8380 5.4416 1.6732 0.0601
Car -1 -1 0.0338 506.5978 178.2612 555.6349 196.4205 1.4525 1.5964 3.9482 -6.4057 1.9033 59.2159 -0.0738 0.0598
Car -1 -1 -0.0951 662.8667 175.7290 714.9066 196.6498 1.5445 1.5872 3.7580 5.9415 1.7641 54.3104 0.0129 0.0597
Car -1 -1 4.5386 531.9693 180.6346 563.1965 202.8914 1.5041 1.5950 3.9540 -4.5338 2.0914 52.3540 4.4521 0.0597
Car -1 -1 4.6919 146.1256 157.8096 187.6851 192.2378 1.5176 1.5827 3.7989 -20.7833 0.8545 33.8330 4.1444 0.0588
Car -1 -1 2.9924 545.8425 180.1244 601.7484 201.2481 1.4578 1.5943 3.8098 -2.5808 1.9910 51.7525 2.9424 0.0578