Car -1 -1 2.0364 146.1373 196.7850 350.5457 308.5723 1.5332 1.6158 3.7576 -6.0488 2.0143 12.6080 1.5966 0.9637
Car -1 -1 4.4506 778.8190 179.7730 1008.1201 343.0229 1.4360 1.5027 3.3175 2.9551 1.5311 8.2001 4.7839 0.9427
Car -1 -1 1.8277 455.5488 186.9415 505.7537 219.6917 1.4511 1.5719 3.5192 -6.2571 2.1768 35.3516 1.6532 0.9407
Car -1 -1 4.6089 643.0986 173.1000 680.7386 201.5280 1.4572 1.6264 3.8975 2.7795 1.4711 38.9937 4.6790 0.8343
Car -1 -1 5.0250 217.1386 196.4747 274.6134 225.3850 1.4567 1.7990 4.1258 -21.1257 2.9056 42.0846 4.5619 0.6524
Car -1 -1 1.8231 477.5815 185.2140 522.3015 213.4453 1.4521 1.5817 3.8752 -6.1535 2.1868 40.8807 1.6741 0.6351
Car -1 -1 4.8943 178.8753 199.0637 225.2798 229.0183 1.5335 1.6985 3.9566 -24.1256 3.1677 42.8420 4.3838 0.6163
Car -1 -1 0.3503 292.3618 191.0020 367.7868 214.6365 1.4630 1.5877 4.2735 -18.0724 2.6602 46.7689 -0.0169 0.4499
Car -1 -1 5.0578 265.3775 194.6084 319.4936 222.5363 1.4339 1.6558 3.9228 -18.4674 2.7665 42.1898 4.6471 0.3825
Car -1 -1 0.7862 981.2255 234.4792 1242.0000 375.0000 1.4538 1.5739 3.7121 2.8069 1.8052 2.2196 1.6239 0.3154
Car -1 -1 4.5921 805.0304 164.7500 829.8091 183.5529 1.6127 1.6511 3.8596 18.3792 0.9176 63.9203 4.8706 0.2708
Car -1 -1 1.7622 537.9887 182.9841 563.8132 201.0654 1.5288 1.5869 4.0844 -5.2900 2.4781 65.4980 1.6815 0.2317
Car -1 -1 2.0162 478.6815 176.7529 525.8314 201.6175 1.5145 1.5623 3.7064 -6.8763 1.7770 46.5767 1.8700 0.2245
Car -1 -1 0.5068 834.1128 172.2078 913.4476 197.1936 1.4785 1.6054 4.4061 16.3741 1.4403 44.8847 0.8541 0.2220
Car -1 -1 2.5040 1008.0140 213.2447 1242.0000 375.0000 1.5107 1.6218 4.0753 3.9923 1.7397 2.7470 3.4222 0.2196
Car -1 -1 1.1269 969.5778 212.2704 1242.0000 375.0000 1.4102 1.5287 3.6549 3.1002 1.7132 3.5928 1.7979 0.1754
Car -1 -1 1.4766 142.4907 207.7485 211.4427 258.1421 1.4785 1.7934 4.1745 -15.9122 2.8646 26.4486 0.9391 0.1750
Car -1 -1 1.7270 254.3640 186.7298 301.5139 219.8789 1.6231 1.6878 4.2713 -18.0905 2.4270 39.5236 1.3000 0.1732
Car -1 -1 1.4769 843.4448 233.4993 1242.0000 375.0000 1.4147 1.5644 3.6815 2.0906 1.8425 3.0937 2.0262 0.1730
Car -1 -1 3.0382 819.3600 171.5946 871.6278 187.6086 1.4591 1.5697 4.4711 21.8564 1.3444 66.9782 3.3521 0.1597
Car -1 -1 1.8595 673.4865 171.5235 703.0121 189.2203 1.6197 1.6475 4.2155 7.4823 1.4980 68.3032 1.9678 0.1476
Car -1 -1 1.3718 787.2269 168.6157 841.4289 203.7166 1.4903 1.5908 3.9653 9.1950 1.3103 32.6695 1.6434 0.1405
Car -1 -1 1.6962 686.3124 169.7577 715.2573 191.1897 1.4831 1.5923 3.9386 6.6135 1.2689 52.0376 1.8216 0.1250
Car -1 -1 4.0835 145.9566 198.4943 213.3424 227.4242 1.5069 1.6984 3.3440 -24.7700 3.0358 41.5819 3.5488 0.1243
Car -1 -1 4.7520 863.0248 175.5361 896.5536 203.8434 1.4701 1.5961 3.7966 14.9853 1.6262 39.9225 5.1082 0.1230
Car -1 -1 4.4748 780.2635 164.1161 815.8819 187.9824 1.7460 1.6977 4.0823 14.2773 1.1068 54.8408 4.7280 0.1228
Car -1 -1 1.6030 455.5200 182.1602 477.7063 204.2159 1.5514 1.5173 3.6771 -10.7324 2.2770 54.3234 1.4084 0.1167
Car -1 -1 1.8273 176.3378 204.2220 233.3030 236.9768 1.4519 1.6752 3.8931 -21.2808 3.1986 38.0850 1.3204 0.1116
Car -1 -1 1.5936 669.8765 176.2881 688.2305 194.0990 1.5140 1.5381 3.7753 6.1921 1.8282 64.0553 1.6891 0.1033
Car -1 -1 1.6260 527.1497 186.6760 548.6339 206.3490 1.5098 1.5676 3.8996 -5.9440 2.6998 60.1400 1.5274 0.0934
Car -1 -1 1.8413 531.0793 182.9631 561.4099 201.8389 1.5537 1.5914 4.2926 -5.5803 2.4829 64.0636 1.7543 0.0931
Car -1 -1 0.0416 860.4718 176.2766 934.5373 205.1004 1.4693 1.6228 3.6126 15.4026 1.6594 38.6063 0.4181 0.0898
Car -1 -1 1.4464 665.5162 171.7369 687.8478 189.1392 1.5961 1.6101 4.0330 6.3154 1.4936 68.2183 1.5380 0.0895
Car -1 -1 5.0460 692.0461 164.9601 723.8915 183.0443 1.6086 1.6555 4.0917 9.0855 0.9064 66.3801 5.1812 0.0877
Car -1 -1 1.3283 262.3486 181.8642 315.4148 212.9738 1.5064 1.6349 4.1340 -17.0679 2.0115 38.3098 0.9115 0.0873
Car -1 -1 0.1857 181.0578 202.6218 360.8527 264.7550 1.4897 1.6171 4.2388 -9.1450 2.3611 19.8305 -0.2418 0.0854
Car -1 -1 4.7851 880.9218 163.9328 947.4171 216.4394 1.4278 1.5805 3.7441 9.1994 1.1852 21.6475 5.1817 0.0834
Car -1 -1 3.7197 381.0234 188.0123 482.4030 225.9745 1.5094 1.6728 4.0093 -7.7071 2.1976 31.3040 3.4797 0.0831
Car -1 -1 1.4794 159.8988 207.1646 219.9688 251.3876 1.4757 1.7737 4.2785 -17.4055 3.0020 29.8401 0.9549 0.0823
Car -1 -1 4.9075 186.0810 200.3415 276.8290 260.4941 1.4010 1.5821 3.6638 -10.6662 2.2608 20.5917 4.4344 0.0808
Car -1 -1 -0.4080 642.3030 165.0359 712.7244 190.6812 1.5847 1.6795 4.1464 4.3272 1.1016 46.0265 -0.3152 0.0803
Car -1 -1 0.4532 216.2416 189.5513 296.7685 215.1329 1.5924 1.5676 4.4481 -22.8189 2.6918 46.7241 0.0008 0.0798
Car -1 -1 -0.1528 657.4146 169.7065 738.0594 201.2760 1.5105 1.5891 3.7241 4.2829 1.3599 35.3801 -0.0338 0.0793
Car -1 -1 -0.1997 828.6974 177.5276 913.2823 206.4155 1.5029 1.5994 4.0552 14.0562 1.7623 38.9696 0.1436 0.0792
Car -1 -1 2.2747 298.8974 181.6436 371.7873 211.0466 1.4804 1.6104 3.8823 -15.0023 1.9893 39.6817 1.9151 0.0781
Car -1 -1 1.3428 567.2036 180.6595 597.1187 200.3010 1.4984 1.5724 4.0022 -2.2716 2.1585 58.8820 1.3040 0.0777
Car -1 -1 0.8884 0.0000 0.0000 1242.0000 375.0000 1.5101 1.6326 4.0415 2.1149 1.5987 1.2933 1.8131 0.0765
Car -1 -1 1.6547 845.9172 172.5930 868.5607 189.1780 1.5166 1.6762 4.3209 23.4688 1.4927 68.2939 1.9841 0.0739
Car -1 -1 2.8501 450.4967 235.0190 1242.0000 375.0000 1.4922 1.6257 3.9595 1.3464 1.8881 3.7288 3.1690 0.0721
Car -1 -1 1.8597 896.2123 181.9598 1242.0000 375.0000 1.4740 1.5937 4.0191 3.6907 1.5550 4.5798 2.5062 0.0709
Car -1 -1 3.6050 164.2708 190.2812 242.9459 214.1098 1.4711 1.5874 4.1732 -26.2459 2.6214 46.7356 3.0955 0.0704
Car -1 -1 1.5495 526.2451 182.6010 546.3859 202.3708 1.5617 1.6131 4.3744 -6.2725 2.4233 61.5063 1.4478 0.0703
Car -1 -1 2.7081 792.2925 165.0725 841.8666 182.6807 1.5114 1.5783 3.8545 18.1059 0.8435 63.0110 2.9865 0.0699
Car -1 -1 5.2280 178.1642 196.3440 240.4292 225.3958 1.5071 1.6206 3.5706 -23.2945 2.9371 42.1300 4.7253 0.0695
Car -1 -1 3.0757 310.7346 188.7065 382.5958 215.0228 1.5730 1.6390 4.2710 -17.0005 2.6338 46.6743 2.7278 0.0689
Car -1 -1 0.8818 1099.3402 187.1513 1242.0000 375.0000 1.4785 1.6167 4.0916 3.9772 1.5820 3.0665 1.7497 0.0687
Car -1 -1 1.7134 522.5361 181.6138 551.3035 203.6647 1.6072 1.6425 4.3154 -5.6481 2.3201 56.5231 1.6138 0.0683
Car -1 -1 2.1037 1048.7703 142.6671 1242.0000 375.0000 1.4824 1.6550 4.2324 4.7245 1.3787 3.6353 2.9801 0.0673
Car -1 -1 4.0306 247.6672 193.8275 318.5045 222.2018 1.4781 1.6578 3.8640 -18.8167 2.7333 41.5730 3.6076 0.0666
Car -1 -1 4.1545 274.7271 189.3880 354.8207 225.2634 1.4231 1.5813 3.6704 -13.0659 2.1939 31.9216 3.7686 0.0664
Car -1 -1 2.2279 281.4148 193.3774 351.7608 220.9067 1.4122 1.6844 4.0866 -17.1646 2.6830 42.4821 1.8457 0.0663
Car -1 -1 1.7936 499.0232 182.3897 534.0055 206.0356 1.4931 1.5613 3.7749 -6.2865 2.1677 49.0894 1.6664 0.0658
Car -1 -1 4.2831 140.5432 195.1927 205.8338 223.6335 1.4808 1.7250 4.1345 -25.6613 2.8515 42.3969 3.7413 0.0649
Car -1 -1 -1.0442 159.0686 180.5041 1242.0000 375.0000 1.5498 1.6745 4.0116 0.9656 1.5962 2.4349 -0.7085 0.0645
Car -1 -1 2.0118 200.8781 192.5192 263.6686 223.3191 1.5399 1.6939 3.6719 -21.0030 2.6897 40.3223 1.5340 0.0642
Car -1 -1 4.4566 811.0533 170.3472 839.2979 187.5946 1.5855 1.6067 3.9596 20.3806 1.3550 68.3330 4.7450 0.0641
Car -1 -1 1.0950 409.9050 185.6381 459.1200 209.4773 1.4342 1.6042 3.7532 -11.5389 2.3091 47.4372 0.8573 0.0635
Car -1 -1 1.6183 568.7001 180.6118 589.2039 198.7008 1.5027 1.6194 3.9589 -2.6709 2.2081 63.6249 1.5761 0.0635
Car -1 -1 1.6055 443.4960 185.5139 468.7122 209.6405 1.4803 1.5180 3.7059 -10.2340 2.3618 48.2804 1.3972 0.0632
Car -1 -1 1.4366 523.5632 186.0743 551.0446 207.0101 1.5501 1.6497 4.3800 -5.9130 2.6678 58.6784 1.3361 0.0632
Car -1 -1 2.1753 545.8522 182.1913 591.0151 200.9592 1.4773 1.6701 4.3249 -3.4524 2.3007 61.3457 2.1189 0.0625
Car -1 -1 1.7304 421.5193 190.1025 473.5769 229.0783 1.4389 1.5807 3.3536 -6.6472 2.1943 29.8803 1.5128 0.0623
Car -1 -1 1.0582 749.1492 227.9543 1242.0000 375.0000 1.4104 1.5937 3.8746 2.1018 1.8790 4.1455 1.4970 0.0616
Car -1 -1 1.6121 852.6044 179.1675 888.4941 209.5146 1.4917 1.6447 4.1935 14.0228 1.8496 38.6555 1.9571 0.0612
Car -1 -1 2.2322 69.6544 197.7296 235.7012 266.5050 1.4585 1.5745 3.8701 -11.6716 2.1748 18.7662 1.6818 0.0611
Car -1 -1 0.7454 1053.7050 156.3491 1242.0000 375.0000 1.4586 1.6266 3.8059 4.5807 1.4075 4.1579 1.5442 0.0609
Car -1 -1 1.7594 532.5292 183.8254 559.8807 202.6425 1.4736 1.5600 4.1289 -5.3297 2.4355 61.1255 1.6723 0.0607
Car -1 -1 5.0613 304.9173 189.7254 352.0164 214.3000 1.4537 1.6364 3.9016 -18.3818 2.6068 47.3491 4.6925 0.0600
Car -1 -1 2.3650 757.5968 170.5499 852.7473 207.0289 1.4956 1.6250 3.9884 8.4958 1.4012 31.2710 2.6275 0.0596
Car -1 -1 1.5291 684.1939 166.9194 711.4093 193.0019 1.6771 1.6407 4.0219 5.8880 1.2955 48.4637 1.6489 0.0595
Car -1 -1 1.7623 317.5651 188.1096 361.1629 216.7299 1.4644 1.6214 3.7866 -15.3116 2.3746 41.0500 1.4071 0.0593
Car -1 -1 3.4928 30.8164 192.6041 229.9431 254.3403 1.4627 1.5925 4.0948 -12.5220 2.0195 19.1107 2.9189 0.0586