Car -1 -1 4.4333 762.8323 189.7138 968.0916 320.3082 1.3596 1.5777 3.7269 3.2371 1.6346 9.8829 4.7399 0.9646
Car -1 -1 4.4982 718.3684 179.6736 839.8506 266.3897 1.5314 1.6412 3.7012 3.3420 1.6896 14.8854 4.7138 0.9511
Car -1 -1 3.5400 122.3449 184.3119 393.7079 268.4263 1.4276 1.6172 4.2293 -6.3496 1.6541 13.3754 3.1040 0.9502
Car -1 -1 3.4348 286.7397 182.4460 448.7089 244.4429 1.5287 1.6044 3.7129 -6.2386 1.7911 18.8956 3.1195 0.9346
Car -1 -1 4.5553 676.0303 181.4503 727.1047 219.1250 1.3501 1.4785 3.2841 3.5495 1.7070 28.2842 4.6782 0.8824
Car -1 -1 0.7755 0.0000 186.6614 261.0934 375.0000 1.6072 1.6954 4.2822 -5.7345 1.7539 6.6429 0.0829 0.8581
Car -1 -1 3.4708 366.1647 179.8736 490.5495 226.7933 1.4529 1.5964 3.6196 -5.8672 1.6916 23.5814 3.2291 0.7620
Car -1 -1 0.1910 421.8919 171.9795 524.2303 212.0284 1.5286 1.5897 3.7137 -5.3073 1.4952 28.3475 0.0072 0.6675
Car -1 -1 3.2681 392.0338 185.8986 517.4019 229.4633 1.4640 1.5866 4.2088 -5.4495 1.9475 25.7826 3.0612 0.5529
Car -1 -1 3.4068 331.6401 186.3791 486.9159 240.6600 1.4958 1.5706 4.0962 -5.7618 1.9053 21.0615 3.1424 0.5049
Car -1 -1 -0.2419 714.3713 173.6379 778.9116 201.9756 1.4663 1.5479 3.0775 7.2352 1.5088 38.2440 -0.0568 0.4870
Car -1 -1 4.8033 538.0011 176.8171 564.2375 198.1304 1.4924 1.5948 3.6596 -4.2633 1.7939 53.0456 4.7231 0.4702
Car -1 -1 3.3318 449.4518 175.3933 534.2985 208.2328 1.4746 1.6112 3.6347 -5.4025 1.5952 33.3935 3.1722 0.4520
Car -1 -1 0.1826 473.2482 169.0279 545.8187 196.1967 1.5665 1.6468 4.0021 -5.8575 1.3459 42.5178 0.0462 0.4292
Car -1 -1 2.8381 709.6614 178.3165 800.9782 208.4214 1.4347 1.5527 4.1593 7.1858 1.7129 35.7427 3.0343 0.3888
Car -1 -1 4.8249 490.4745 176.0048 532.3701 207.9732 1.4200 1.5593 3.7004 -4.6086 1.5778 34.2825 4.6919 0.3095
Car -1 -1 1.5620 431.1060 184.1996 489.6997 238.4167 1.4405 1.6104 4.1024 -4.6093 1.8246 22.2550 1.3595 0.1862
Car -1 -1 4.5397 711.5098 174.8391 752.0781 203.7950 1.4946 1.5618 3.6798 6.6132 1.6079 39.3413 4.7045 0.1819
Car -1 -1 4.4322 549.4626 172.4366 581.0929 193.2086 1.6179 1.5864 3.6898 -3.6044 1.5854 58.2051 4.3703 0.1552
Car -1 -1 3.6279 424.9892 166.6436 474.7660 182.3990 1.4725 1.6025 4.3949 -15.2181 0.8921 68.7939 3.4109 0.1375
Car -1 -1 4.6251 649.5653 166.1531 676.8961 189.9049 1.7423 1.7435 3.7813 4.0431 1.2508 54.8321 4.6980 0.1319
Car -1 -1 4.4648 512.8388 175.1727 550.7165 200.5456 1.5333 1.5513 3.6402 -4.9902 1.6873 45.9418 4.3569 0.1240
Car -1 -1 3.3731 524.6804 173.9250 578.8646 194.0361 1.5621 1.6266 4.0209 -4.5680 1.6488 57.2713 3.2936 0.1224
Car -1 -1 0.0491 483.7959 176.2425 554.6087 209.1844 1.4647 1.5529 3.1538 -4.1083 1.6246 33.1555 -0.0736 0.1148
Car -1 -1 0.1086 478.8264 169.4452 548.9661 193.7715 1.4799 1.5402 4.1647 -5.8882 1.2725 44.7103 -0.0219 0.1087
Car -1 -1 4.5673 839.7654 178.4434 888.6069 213.0824 1.4028 1.5202 3.4596 11.1093 1.6623 31.6572 4.9014 0.1070
Car -1 -1 -0.4549 784.5846 165.8896 922.4570 210.1093 1.4017 1.5463 4.0644 8.0372 1.1809 23.9100 -0.1347 0.0979
Car -1 -1 1.4824 462.5623 178.4026 515.3972 221.7215 1.4731 1.6152 3.9925 -4.6120 1.6989 27.2195 1.3156 0.0964
Car -1 -1 3.2925 511.5248 176.7715 566.5370 198.3632 1.5228 1.6220 3.7538 -5.0684 1.8107 52.1282 3.1956 0.0958
Car -1 -1 4.5918 296.2110 176.6458 338.7771 207.9895 1.4734 1.5663 3.6477 -14.7581 1.6749 36.3707 4.2086 0.0947
Car -1 -1 4.9643 749.5363 172.3455 800.1118 203.2152 1.4834 1.6098 3.8308 8.4627 1.4590 36.7435 5.1884 0.0943
Car -1 -1 3.0834 681.8419 174.1714 748.4753 202.3590 1.4552 1.6088 3.4067 5.5593 1.5269 38.2840 3.2260 0.0912
Car -1 -1 4.4498 499.0222 167.1483 529.2591 186.0814 1.6293 1.6752 4.0541 -8.5340 1.1383 64.2867 4.3181 0.0872
Car -1 -1 1.6239 450.9812 172.3082 497.1833 213.5319 1.5128 1.5817 3.7103 -5.2740 1.4928 28.4198 1.4417 0.0848
Car -1 -1 3.5346 746.3469 174.2080 804.8200 195.4966 1.5520 1.5638 4.0223 12.5495 1.6579 54.6328 3.7589 0.0834
Car -1 -1 -0.2703 502.2480 173.5817 597.8458 207.1349 1.4891 1.6350 4.1465 -2.7721 1.5244 33.5684 -0.3525 0.0825
Car -1 -1 0.0482 744.8448 176.2826 827.1956 207.5281 1.4651 1.5812 3.8467 8.6686 1.6396 35.4189 0.2858 0.0822
Car -1 -1 0.1125 681.6560 180.1798 768.8141 212.4394 1.5104 1.6587 4.1045 5.7452 1.8870 35.7415 0.2700 0.0822
Car -1 -1 3.3513 495.9079 166.9448 551.0671 187.7527 1.6777 1.7056 4.2324 -7.0393 1.2013 59.2199 3.2332 0.0822
Car -1 -1 1.5939 903.3244 178.7900 932.6581 206.7080 1.5599 1.5375 3.6976 18.4804 1.9315 43.1676 1.9955 0.0811
Car -1 -1 1.2221 770.4529 162.1617 853.1835 206.0022 1.3934 1.5393 3.7350 6.8650 1.0536 24.8578 1.4882 0.0787
Car -1 -1 -0.1909 843.4667 177.2462 947.8450 212.9411 1.4480 1.5674 3.8923 12.0782 1.6415 30.6658 0.1805 0.0776
Car -1 -1 4.8085 483.3327 168.3343 516.8950 194.3265 1.5079 1.6354 4.0147 -6.6125 1.2457 43.9077 4.6596 0.0725
Car -1 -1 4.6013 815.2502 171.6177 838.9648 188.2468 1.4331 1.5806 4.0133 19.3514 1.3266 64.2978 4.8922 0.0722
Car -1 -1 1.5871 518.8199 175.0091 546.7461 200.8858 1.4889 1.6132 3.7518 -4.6243 1.6254 43.7780 1.4821 0.0702
Car -1 -1 4.6302 437.9776 164.9678 462.6506 187.2230 1.8193 1.6976 4.3407 -13.5622 1.1747 61.3090 4.4132 0.0697
Car -1 -1 4.8746 681.3799 179.4526 711.4127 201.6168 1.5679 1.6116 4.1244 6.6027 2.0870 54.5584 4.9939 0.0679
Car -1 -1 1.5609 692.9819 176.1430 714.6842 197.0941 1.5313 1.5960 4.1562 7.2355 1.7945 55.5732 1.6892 0.0669
Car -1 -1 1.2828 309.0398 173.0894 358.7604 200.6866 1.5069 1.5978 4.0285 -15.9011 1.5211 41.5203 0.9189 0.0665
Car -1 -1 1.3498 741.0021 178.4574 792.5685 211.4773 1.4755 1.5812 4.0272 7.5442 1.7626 34.9503 1.5602 0.0664
Car -1 -1 2.6989 899.5817 177.5061 974.9824 203.8318 1.4987 1.5594 3.7031 19.1201 1.7759 42.1816 3.1214 0.0645
Car -1 -1 -0.9670 700.4263 175.5623 747.5255 196.2316 1.4950 1.5956 3.8968 8.6966 1.7076 54.6652 -0.8105 0.0635
Car -1 -1 4.7856 499.6703 176.1047 538.4655 210.0049 1.4652 1.5309 3.2336 -4.1138 1.6220 33.1555 4.6626 0.0582
Car -1 -1 4.6816 192.2670 183.4193 232.4755 217.0178 1.4772 1.6033 3.7995 -19.3299 2.0204 35.0527 4.1806 0.0577
Car -1 -1 2.6244 649.0461 181.0365 738.0637 211.8857 1.5181 1.7047 4.3922 4.4312 1.9680 38.0247 2.7389 0.0565
Car -1 -1 1.7191 683.5633 180.7542 714.4476 204.2175 1.5965 1.6591 4.0737 6.5767 2.1980 52.7520 1.8419 0.0563
Car -1 -1 4.4463 490.8806 161.5716 524.3717 184.0361 1.8129 1.7392 4.1899 -8.5833 0.9024 60.4978 4.3058 0.0559
Car -1 -1 3.0122 675.4807 180.4935 733.4658 202.8008 1.6070 1.7235 4.0667 6.9941 2.1818 53.4320 3.1411 0.0558
Car -1 -1 3.4663 657.2156 182.3246 742.1118 214.9820 1.5416 1.6792 3.9445 4.5653 2.0431 36.6030 3.5887 0.0548
Car -1 -1 -0.2169 554.0420 173.7782 604.8039 193.1968 1.5046 1.6065 3.7690 -2.4030 1.5796 57.2849 -0.2590 0.0546
Car -1 -1 2.0848 0.0000 181.2161 154.2283 375.0000 1.5808 1.6901 4.1090 -5.8735 1.6811 6.4692 1.3679 0.0521
Car -1 -1 1.4070 880.1431 178.7699 919.4963 206.1626 1.5445 1.5685 3.9861 17.5267 1.9203 43.7118 1.7856 0.0516
Car -1 -1 1.5931 475.5982 174.9653 512.6483 209.1551 1.4700 1.5913 3.7725 -5.2689 1.5731 33.2433 1.4367 0.0511
Car -1 -1 2.6125 793.5054 175.7106 847.1099 194.3441 1.4925 1.5627 3.9963 17.3454 1.7326 59.4196 2.8948 0.0511
Car -1 -1 3.7518 455.9067 175.4674 546.8682 207.7033 1.4498 1.6138 4.0977 -5.1618 1.5801 34.3506 3.6033 0.0510