Car -1 -1 1.8036 354.1871 182.3571 486.9413 266.6165 1.5125 1.7340 4.5716 -3.9176 1.7503 15.7614 1.5631 0.9652
Car -1 -1 4.5183 685.2618 179.3560 797.4415 264.2343 1.4887 1.5892 3.2736 2.5351 1.6349 14.5665 4.6861 0.9541
Car -1 -1 5.1772 0.0000 174.9725 384.6976 375.0000 1.5018 1.6518 4.2608 -3.2689 1.5254 5.8637 4.6869 0.9344
Car -1 -1 4.3744 790.0544 186.8542 1213.8582 375.0000 1.4499 1.6835 4.4423 2.9225 1.6220 6.5990 4.7736 0.9318
Car -1 -1 3.3819 414.5846 172.3148 505.7880 209.1838 1.6110 1.6871 3.7190 -6.6675 1.5874 32.4424 3.1804 0.8990
Car -1 -1 4.6626 647.9896 174.9442 702.2567 221.9778 1.5007 1.6665 4.4761 2.2309 1.5811 25.4898 4.7482 0.8684
Car -1 -1 1.3615 632.5491 147.4544 689.8211 185.1050 1.5134 1.6622 3.9635 2.1506 0.4924 31.0814 1.4297 0.3018
Car -1 -1 2.6950 731.3481 167.4469 807.0118 193.8607 1.4633 1.5827 3.9189 9.0956 1.1637 41.1914 2.9106 0.2363
Car -1 -1 1.7260 439.0984 161.6323 475.2335 187.2167 1.5776 1.6730 4.0124 -9.7777 0.8856 46.5373 1.5198 0.1718
Car -1 -1 1.5723 489.8903 171.8616 508.4708 189.9709 1.6679 1.6948 4.1640 -10.4946 1.5765 68.6387 1.4209 0.1232
Car -1 -1 4.6741 627.4854 166.1281 659.3172 197.6690 1.6791 1.6240 3.8895 1.8500 1.3210 40.3614 4.7192 0.1201
Car -1 -1 4.7173 749.5181 168.3591 779.6021 193.8102 1.4108 1.6375 4.1479 9.0680 1.1616 42.1968 4.9272 0.1198
Car -1 -1 5.0291 609.8605 174.7380 640.5299 193.5747 1.5989 1.6250 3.7312 1.4117 1.7705 63.6824 5.0508 0.1158
Car -1 -1 4.7168 448.8166 160.6080 475.6619 186.5698 1.6966 1.7250 4.0797 -10.0553 0.8963 49.3208 4.5166 0.1069
Car -1 -1 4.4738 695.0679 173.7431 752.4898 208.5541 1.4406 1.6052 3.9878 4.9923 1.4825 32.0191 4.6266 0.0939
Car -1 -1 2.0314 267.0512 174.4144 368.5885 223.5228 1.5789 1.6219 4.1545 -10.1585 1.6386 25.4725 1.6551 0.0872
Car -1 -1 5.1192 750.8416 169.4015 804.0533 194.9075 1.4482 1.6313 4.0409 10.0656 1.2521 43.0781 5.3469 0.0853
Car -1 -1 1.0967 789.2285 173.2422 868.7000 210.8554 1.4327 1.5606 3.7333 8.8778 1.4496 29.5019 1.3858 0.0852
Car -1 -1 1.4284 536.5988 176.4616 560.0941 194.1532 1.5856 1.6094 4.2755 -5.7876 1.9362 67.8555 1.3433 0.0839
Car -1 -1 0.7826 0.0000 172.3205 248.9583 375.0000 1.4966 1.6728 4.2396 -4.8728 1.4938 4.6745 0.0048 0.0746
Car -1 -1 4.5331 734.0566 167.5727 773.6274 193.9607 1.4553 1.5870 3.7591 8.2834 1.1640 41.6837 4.7276 0.0683
Car -1 -1 4.6828 608.7861 166.1771 640.5942 196.6762 1.6211 1.6558 3.9197 0.8025 1.2662 40.3200 4.7022 0.0680
Car -1 -1 3.7753 461.7810 170.0367 508.8055 187.6970 1.6137 1.6366 4.1857 -11.6489 1.3563 67.5997 3.6051 0.0677
Car -1 -1 1.9438 465.7993 184.9574 525.2060 216.5937 1.4988 1.6575 4.2598 -5.9556 2.1770 38.1705 1.7895 0.0663
Car -1 -1 5.6525 142.8988 167.7866 343.7307 242.4793 1.4763 1.5491 3.8693 -8.1028 1.3761 16.3332 5.1982 0.0658
Car -1 -1 2.6693 1059.0415 171.7997 1242.0000 309.2277 1.4501 1.5343 3.7907 7.8921 1.4389 8.8110 3.3828 0.0624
Car -1 -1 4.7260 431.6422 171.8332 481.6644 217.6177 1.4657 1.5770 3.8127 -5.2859 1.4331 25.1211 4.5202 0.0621
Car -1 -1 -0.1469 647.7817 177.0715 780.8597 224.1665 1.5156 1.6568 4.2177 3.4414 1.6621 24.2178 -0.0082 0.0620
Car -1 -1 3.2058 533.4047 178.3083 576.8475 194.4442 1.5080 1.6164 4.0361 -5.1669 2.0345 68.8214 3.1308 0.0618
Car -1 -1 -0.3101 724.8615 168.8572 802.9205 194.1077 1.4479 1.6236 4.1886 9.0356 1.2187 42.3938 -0.1019 0.0618
Car -1 -1 1.9820 247.2166 173.3480 349.2101 224.8178 1.5552 1.5952 4.0239 -10.1553 1.5729 23.8625 1.5833 0.0585
Car -1 -1 4.5786 708.1940 168.7397 747.2097 197.4127 1.4582 1.5444 3.9139 6.2784 1.2490 38.6704 4.7379 0.0536
Car -1 -1 0.0249 437.5555 166.0327 501.8277 190.6207 1.5135 1.6188 3.9133 -8.7902 1.0936 45.5328 -0.1650 0.0531
Car -1 -1 1.6667 540.4546 174.4667 563.1883 194.0665 1.7386 1.6839 4.2921 -5.2893 1.8921 66.5186 1.5873 0.0519
Car -1 -1 -0.2220 711.7921 170.1945 789.7734 199.1842 1.4709 1.5350 3.7221 7.2891 1.3360 37.4368 -0.0316 0.0515