Car -1 -1 5.3781 489.1112 174.8938 578.9125 213.4871 1.4343 1.5689 3.7962 -2.5804 1.1884 28.7182 5.2842 0.9313
Car -1 -1 -0.2465 225.8737 176.0895 391.6893 230.6530 1.5276 1.7151 4.4469 -8.9062 1.3758 22.1148 -0.6304 0.9134
Car -1 -1 4.8258 572.5961 169.9854 602.8809 194.0372 1.5561 1.6285 3.8970 -0.8146 0.8104 48.4910 4.8041 0.7175
Car -1 -1 2.0220 326.9868 175.6764 386.9138 205.1615 1.4839 1.5282 3.7593 -12.8416 1.1902 38.1107 1.6940 0.5394
Car -1 -1 4.8616 556.0134 169.7308 582.7632 190.8307 1.6275 1.6016 3.8033 -2.4426 0.7188 57.3805 4.8144 0.2921
Car -1 -1 4.7091 387.5084 170.4484 408.2653 190.6176 1.6817 1.6723 4.1175 -17.5198 0.7592 62.1049 4.4304 0.2559
Car -1 -1 -0.3013 306.7848 162.5070 384.5994 186.7207 1.4663 1.6709 4.3417 -16.0884 0.3154 45.4720 -0.6443 0.2153
Car -1 -1 0.5339 297.9806 176.9365 373.1199 206.5293 1.4861 1.6022 3.2879 -13.6717 1.2563 37.1529 0.1786 0.1542
Car -1 -1 5.2027 210.8644 167.9588 286.6220 200.8505 1.5048 1.6155 3.9881 -16.9736 0.8847 34.8848 4.7479 0.1401
Car -1 -1 4.5600 607.8289 168.2515 633.6233 188.1843 1.6674 1.6292 3.9549 1.7264 0.5581 62.1547 4.5827 0.1365
Car -1 -1 1.6795 535.6765 178.7899 583.1730 214.9059 1.4799 1.6615 4.0278 -1.7305 1.3684 31.4880 1.6199 0.1229
Car -1 -1 4.5778 631.0754 162.2422 662.7283 186.1989 1.4992 1.5523 3.7402 2.9954 0.2933 46.8755 4.6364 0.1211
Car -1 -1 1.2681 473.9074 177.9859 507.2354 197.1635 1.4885 1.5727 3.8069 -8.8691 1.2148 57.8085 1.1116 0.1177
Car -1 -1 3.5508 531.2465 170.4661 582.4692 191.2184 1.5888 1.6002 3.6793 -3.4112 0.7431 56.3686 3.4857 0.0956
Car -1 -1 5.1484 320.2708 164.0296 373.7126 188.3498 1.4938 1.6642 4.1232 -16.2423 0.4200 46.2519 4.8077 0.0878
Car -1 -1 1.4389 545.4302 183.7795 590.5889 216.6137 1.4603 1.6150 4.0589 -1.6081 1.5756 34.3873 1.3873 0.0878
Car -1 -1 3.6192 564.4554 185.3789 659.0494 219.6162 1.4560 1.6603 3.9699 0.5025 1.6403 32.5873 3.6293 0.0869
Car -1 -1 4.8602 378.9257 187.1265 421.7247 217.4307 1.4740 1.6159 3.8988 -10.4477 1.7848 37.7304 4.5867 0.0817
Car -1 -1 1.1146 446.6198 178.3592 488.2113 198.0392 1.4891 1.6714 3.8536 -10.4699 1.2505 56.3966 0.9269 0.0810
Car -1 -1 5.0720 311.4863 178.9401 368.9097 209.2780 1.4926 1.6007 3.6952 -13.3997 1.3660 37.1968 4.7235 0.0808
Car -1 -1 1.9342 487.9447 177.5533 523.8717 196.7832 1.4860 1.6050 3.8410 -7.5286 1.1800 57.5609 1.7997 0.0779
Car -1 -1 4.9170 569.2948 186.2627 619.5920 219.7603 1.4610 1.6446 3.8291 -0.2207 1.6990 33.9447 4.9053 0.0718
Car -1 -1 -0.3123 281.7244 163.2024 365.6408 189.5663 1.5549 1.7141 4.5395 -17.0829 0.4750 44.4635 -0.6819 0.0692
Car -1 -1 -0.1697 558.0740 169.8164 614.1686 190.5210 1.5885 1.6795 4.1701 -1.1355 0.6912 56.3393 -0.1946 0.0632
Car -1 -1 -0.8860 497.5287 178.6895 562.1089 204.9563 1.4470 1.5972 3.9472 -4.0385 1.2915 41.6597 -0.9870 0.0578
Car -1 -1 1.4259 482.6948 181.7561 524.0595 210.1511 1.4637 1.6430 4.1173 -5.3540 1.4778 39.2722 1.2862 0.0576
Car -1 -1 5.5287 333.5657 162.9444 399.7173 187.5596 1.5207 1.6857 4.0134 -15.0830 0.3736 46.5441 5.2122 0.0571
Car -1 -1 0.6726 365.8885 170.8356 417.6486 189.2037 1.5218 1.5998 4.1185 -17.7262 0.6373 61.0318 0.3862 0.0570
Car -1 -1 1.2779 338.6096 182.2326 443.4681 242.2817 1.4449 1.6003 4.0766 -5.7689 1.4666 19.4784 0.9883 0.0544
Car -1 -1 -0.8990 408.5624 187.7381 483.8799 218.9478 1.4593 1.5629 4.0738 -7.7833 1.7956 36.6276 -1.1122 0.0541
Car -1 -1 1.6657 210.2185 192.8432 269.6416 236.9187 1.4852 1.6550 4.0276 -13.7097 1.9533 27.5007 1.2017 0.0526
Car -1 -1 0.3668 262.0800 175.9788 356.2165 206.7763 1.5307 1.6423 4.1262 -14.7684 1.2557 36.5649 -0.0196 0.0518
Car -1 -1 2.2543 424.9786 178.5440 491.9343 206.1016 1.4745 1.5940 3.9207 -7.9469 1.3157 40.5409 2.0569 0.0515
Car -1 -1 4.5439 355.2732 175.3779 409.4923 212.5048 1.4752 1.6041 3.6359 -9.3121 1.2315 30.5267 4.2451 0.0514
Car -1 -1 -0.4187 632.7765 163.1301 701.8401 187.5542 1.5266 1.6262 4.1330 4.3122 0.3776 46.3390 -0.3313 0.0513
Car -1 -1 1.4322 470.5002 175.6858 507.7115 203.2542 1.5753 1.6446 4.0937 -6.7440 1.2424 43.2455 1.2734 0.0506
Car -1 -1 1.5195 517.2341 178.9641 539.9474 198.6016 1.4899 1.5679 3.7591 -5.6725 1.2966 56.4787 1.4149 0.0502