Car -1 -1 1.9998 145.0045 184.0446 310.1169 266.3812 1.5957 1.7000 4.2946 -8.6213 1.8893 16.7553 1.5307 0.9605
Car -1 -1 1.9610 253.6978 171.5064 342.6288 220.0517 1.7589 1.7223 4.1530 -12.0542 1.7101 28.2286 1.5605 0.6647
Car -1 -1 4.7319 588.0710 174.0143 614.1787 198.9102 1.6016 1.6793 4.4057 -0.5311 1.6837 48.8344 4.7207 0.5843
Car -1 -1 1.8944 448.6193 174.3277 494.1275 198.6055 1.5801 1.7569 4.3890 -9.4213 1.6859 49.5315 1.7071 0.4098
Car -1 -1 1.9659 105.8431 197.6581 185.2202 236.0112 1.4070 1.5457 3.6863 -19.7884 2.5374 30.9364 1.4005 0.1544
Car -1 -1 5.2764 0.0000 183.1946 285.1677 308.1978 1.4993 1.6548 4.4233 -6.9222 1.6926 11.2532 4.7351 0.1318
Car -1 -1 1.7315 88.5398 199.2282 161.5017 244.4740 1.4661 1.7056 4.1070 -18.8207 2.5779 28.1937 1.1470 0.1289
Car -1 -1 -0.0083 573.1517 173.8580 631.1434 196.9095 1.4944 1.5980 3.7681 -0.4954 1.5619 47.6824 -0.0190 0.1079
Car -1 -1 1.7455 435.6863 179.8359 479.9834 211.7862 1.4362 1.4880 3.6465 -7.3210 1.7935 35.0848 1.5409 0.1040
Car -1 -1 1.7596 491.0633 176.9010 520.7154 198.2480 1.5458 1.5499 3.7685 -7.8492 1.8644 54.8942 1.6179 0.1007
Car -1 -1 1.4204 116.7538 189.2915 159.6875 214.9670 1.4777 1.6911 4.3609 -30.4233 2.5875 46.5241 0.8437 0.0988
Car -1 -1 4.8081 420.2909 179.4623 467.2076 215.1493 1.4314 1.6220 4.0946 -7.2529 1.7427 31.8633 4.5856 0.0943
Car -1 -1 1.6125 460.1582 177.6573 491.4939 204.8804 1.4909 1.6361 4.0183 -7.8060 1.7870 42.3626 1.4309 0.0913
Car -1 -1 3.4226 551.3331 174.1406 618.0673 198.3389 1.5495 1.6689 4.1027 -1.6275 1.6368 47.6515 3.3882 0.0858
Car -1 -1 4.8436 456.6436 178.5600 507.8549 214.9811 1.4702 1.6923 4.1082 -5.5486 1.7387 31.8669 4.6721 0.0825
Car -1 -1 1.3888 448.2941 181.2237 503.0802 218.3519 1.3931 1.6355 3.3950 -5.5776 1.7605 29.7973 1.2048 0.0785
Car -1 -1 1.9399 196.7011 180.8569 247.6380 205.4635 1.5239 1.5692 4.2422 -25.8637 2.0843 48.3174 1.4505 0.0767
Car -1 -1 -0.1099 441.0589 179.6668 541.8881 216.0624 1.4670 1.6708 4.1096 -5.0823 1.7720 30.9465 -0.2718 0.0766
Car -1 -1 1.7915 476.2008 183.0162 513.6071 208.0898 1.4672 1.5489 3.7659 -7.2165 2.1382 45.7128 1.6353 0.0747
Car -1 -1 0.3392 430.9150 174.7376 494.3946 198.0078 1.5239 1.7042 3.8358 -9.8574 1.6535 48.5403 0.1396 0.0738
Car -1 -1 2.0050 491.9835 176.7588 539.4952 201.6024 1.5554 1.6262 3.9270 -6.1820 1.8263 47.9553 1.8771 0.0699
Car -1 -1 1.7135 496.0618 177.9916 523.9569 198.9848 1.5570 1.5999 4.0678 -7.7632 1.9742 56.5515 1.5774 0.0697
Car -1 -1 4.9193 457.9119 177.0741 498.0104 205.3314 1.4787 1.4917 3.5295 -7.2611 1.7236 40.0771 4.7408 0.0696
Car -1 -1 1.7456 188.2849 180.1121 227.9956 205.1161 1.4962 1.5386 4.1188 -25.8917 1.9875 46.6482 1.2411 0.0627
Car -1 -1 2.0022 51.0079 202.7829 156.1094 250.4129 1.4200 1.6677 3.7357 -18.0792 2.5801 25.9862 1.3989 0.0605
Car -1 -1 1.8302 442.9885 174.8106 483.5357 199.0160 1.5351 1.6855 3.9550 -9.7013 1.6711 48.1133 1.6320 0.0603
Car -1 -1 -0.8144 598.1053 174.9053 660.1929 199.1329 1.5186 1.6407 4.2336 1.3335 1.6600 47.6567 -0.7870 0.0597
Car -1 -1 4.2736 376.7499 180.9196 450.7522 216.7476 1.4121 1.5982 3.8991 -8.5560 1.7849 31.3448 4.0089 0.0581
Car -1 -1 1.6758 506.4597 177.1726 530.3000 197.3090 1.5313 1.5099 3.6272 -7.2338 1.8863 57.4827 1.5508 0.0566
Car -1 -1 2.6063 323.0930 183.2027 514.7642 255.8258 1.4102 1.5926 3.9886 -4.2590 1.6758 16.5449 2.3576 0.0540
Car -1 -1 5.0659 319.6118 191.2406 385.2183 227.3468 1.4925 1.6188 3.9439 -11.9674 2.4051 33.8302 4.7278 0.0538
Car -1 -1 1.8959 501.2646 176.9271 537.0420 198.4473 1.5644 1.5609 3.8747 -6.8834 1.8880 55.2820 1.7722 0.0526
Car -1 -1 1.7996 407.4270 185.7505 468.4160 224.8373 1.4361 1.6528 3.5231 -6.9278 1.9938 29.4363 1.5699 0.0519
Car -1 -1 0.2414 493.5268 177.2955 554.0543 200.8605 1.4794 1.6030 3.6111 -5.5271 1.7731 46.6996 0.1238 0.0518
Car -1 -1 1.7545 426.4481 178.6116 478.9883 212.2482 1.4253 1.6236 4.2102 -7.1888 1.7090 33.4276 1.5439 0.0513
Car -1 -1 4.2467 466.1117 179.6487 511.9386 200.5560 1.4932 1.6996 4.3220 -9.2670 2.0345 55.2374 4.0809 0.0512