Car -1 -1 4.2790 794.5669 187.4352 1166.0558 375.0000 1.4359 1.6100 4.0151 3.2539 1.6250 7.3251 4.6810 0.9495
Car -1 -1 2.0209 165.9519 192.2937 362.4134 302.5602 1.4544 1.5773 3.2460 -5.4015 1.8149 11.7398 1.5976 0.9478
Car -1 -1 4.4430 737.2076 184.5419 885.7442 285.2672 1.4809 1.5907 3.5635 3.4054 1.7176 12.8194 4.6959 0.9369
Car -1 -1 1.9206 294.9055 184.5294 434.6293 262.5064 1.4863 1.6586 4.1253 -5.3918 1.7867 16.4720 1.6083 0.9188
Car -1 -1 1.7704 290.4436 175.8477 341.4202 210.4012 1.5228 1.5004 3.7781 -13.8217 1.6727 34.1376 1.3881 0.5107
Car -1 -1 4.5420 503.0794 176.4121 537.3669 200.2342 1.4840 1.6170 3.8418 -5.9367 1.7292 47.6407 4.4183 0.2271
Car -1 -1 0.7730 472.7643 176.3214 534.0035 201.3589 1.5478 1.6334 3.9100 -6.9242 1.7820 46.9147 0.6269 0.2099
Car -1 -1 4.5169 473.6515 163.5334 503.5006 185.8738 1.8492 1.7332 4.2749 -10.4359 1.0777 62.0306 4.3507 0.1659
Car -1 -1 4.5085 453.0550 172.3089 493.6950 198.9139 1.5075 1.6258 3.8857 -8.1556 1.4766 42.9887 4.3218 0.1537
Car -1 -1 1.4103 403.8052 183.5794 442.3654 211.7665 1.4821 1.5674 3.7716 -10.7723 2.1299 41.5358 1.1576 0.1534
Car -1 -1 1.6568 504.3370 175.0205 535.8428 200.7063 1.5601 1.6475 4.1920 -5.6955 1.7055 46.3065 1.5347 0.1196
Car -1 -1 4.3464 903.6909 0.0000 1242.0000 375.0000 1.5960 1.5983 3.6012 2.0099 1.4434 2.3355 4.9968 0.1186
Car -1 -1 4.4733 325.2062 169.9070 373.1146 197.8404 1.4520 1.6015 3.8788 -14.3180 1.2988 39.5654 4.1280 0.1159
Car -1 -1 2.9089 775.8281 172.3523 865.4627 203.0230 1.5615 1.6569 4.2197 10.9607 1.5359 37.6631 3.1896 0.1018
Car -1 -1 3.4688 0.0000 0.0000 1242.0000 375.0000 1.5388 1.6278 3.9051 3.6915 1.4265 1.6560 4.5532 0.1016
Car -1 -1 -0.9823 1116.3588 127.7030 1242.0000 375.0000 1.5138 1.6186 3.9993 4.6859 1.3778 3.0431 -0.0309 0.0973
Car -1 -1 1.6821 500.9008 175.3664 535.0338 203.1489 1.6215 1.6462 4.0286 -5.6014 1.7835 44.5034 1.5572 0.0884
Car -1 -1 3.0938 244.7357 182.3770 335.0120 217.1167 1.4552 1.5703 3.6491 -14.4185 1.9051 32.5709 2.6797 0.0872
Car -1 -1 4.4049 904.0837 176.9758 953.9185 206.6318 1.4784 1.5175 3.1249 16.7928 1.7052 38.0581 4.8172 0.0865
Car -1 -1 2.4849 254.4223 178.4660 348.7861 211.8303 1.4812 1.6369 4.0346 -14.8147 1.7696 34.9179 2.0861 0.0855
Car -1 -1 4.8940 279.0342 176.1046 354.3520 226.0248 1.4789 1.6219 3.6667 -9.4718 1.5940 23.5874 4.5157 0.0830
Car -1 -1 3.0041 409.5474 179.5111 482.7208 207.8056 1.5313 1.6363 3.8864 -9.3313 1.9246 41.1801 2.7822 0.0802
Car -1 -1 2.7428 339.2600 180.3684 427.9454 210.1635 1.5081 1.6685 4.3345 -12.3487 1.9415 39.5812 2.4419 0.0771
Car -1 -1 1.3098 513.7037 177.4740 556.8569 204.0393 1.5206 1.6308 4.0879 -4.6054 1.8181 44.2656 1.2063 0.0769
Car -1 -1 1.7738 281.1852 185.0482 339.1279 221.2339 1.4390 1.5839 4.1049 -13.3220 2.0217 32.3143 1.3853 0.0768
Car -1 -1 3.3813 454.1945 164.7807 510.1147 184.0834 1.6021 1.7210 4.3626 -10.7238 0.9320 60.8893 3.2075 0.0734
Car -1 -1 3.6161 217.5744 177.0457 362.0273 225.5562 1.4702 1.6102 3.8990 -10.1050 1.6089 22.9554 3.2053 0.0712
Car -1 -1 0.3157 362.7854 185.5011 440.7690 212.8707 1.4747 1.6298 3.9012 -11.6475 2.2017 40.5858 0.0376 0.0694
Car -1 -1 4.0228 664.2963 157.0065 1242.0000 375.0000 1.4710 1.5479 3.5784 1.7659 1.4160 4.4487 4.3771 0.0693
Car -1 -1 5.0404 463.2590 174.6247 506.1823 202.4698 1.7980 1.6371 4.0908 -8.4239 1.9236 49.0132 4.8707 0.0678
Car -1 -1 -0.9408 903.2598 186.6486 1242.0000 375.0000 1.4920 1.6022 4.1013 4.8109 1.6388 6.2850 -0.3108 0.0646
Car -1 -1 -0.2510 883.4805 175.8347 960.8786 205.7251 1.4929 1.6139 3.3732 16.1058 1.6514 37.3033 0.1533 0.0591
Car -1 -1 1.4882 482.6891 175.1368 512.5339 201.1296 1.6507 1.6399 4.1703 -7.5522 1.8110 48.4316 1.3340 0.0585
Car -1 -1 1.0092 920.7230 179.9791 1004.8016 215.0223 1.3988 1.6161 3.5817 15.2880 1.7276 31.4319 1.4578 0.0565
Car -1 -1 2.7075 926.0986 174.3860 1040.5446 208.5469 1.4632 1.6286 4.1957 16.4426 1.5328 31.8787 3.1795 0.0564
Car -1 -1 5.1474 514.2301 177.6724 561.7711 201.1540 1.4539 1.6108 3.9427 -4.6757 1.7865 47.6750 5.0498 0.0562
Car -1 -1 2.1399 528.5243 179.3936 584.5981 205.0248 1.4871 1.5831 4.0052 -3.2582 1.9151 45.0903 2.0677 0.0556
Car -1 -1 3.5219 177.7501 181.2423 333.7795 231.2457 1.4564 1.6266 4.0084 -10.8221 1.7264 22.2797 3.0741 0.0544
Car -1 -1 1.6738 513.1309 177.4840 546.0829 203.2832 1.5254 1.6287 4.3247 -5.0041 1.8320 45.6068 1.5647 0.0544
Car -1 -1 5.1389 476.3156 170.7374 531.0853 199.9199 1.6627 1.6900 4.1324 -6.2907 1.5421 43.3301 4.9952 0.0535
Car -1 -1 3.9679 1016.7582 140.3508 1242.0000 375.0000 1.4948 1.6161 3.3408 3.3691 1.4373 2.9861 4.7654 0.0525
Car -1 -1 1.5585 791.7229 182.2993 833.3853 220.7126 1.4473 1.5796 3.9063 8.4860 1.8714 30.3039 1.8284 0.0514
Car -1 -1 0.6409 0.0000 0.0000 1242.0000 375.0000 1.5691 1.6290 4.0358 2.6927 1.4155 1.3774 1.6555 0.0505