Car -1 -1 1.8928 382.2783 182.5831 508.6348 256.3357 1.5632 1.7552 4.4178 -3.9533 1.8394 18.1900 1.6811 0.9631
Car -1 -1 2.0266 135.3130 174.7926 399.4526 318.4730 1.6681 1.6787 4.2912 -4.6529 1.7025 10.6218 1.6222 0.9389
Car -1 -1 1.7821 552.5875 181.8890 600.0411 213.9973 1.3943 1.5224 3.6352 -1.5270 1.8482 34.3303 1.7374 0.8996
Car -1 -1 1.8676 643.6744 179.8760 680.7192 201.5712 1.6227 1.7238 4.5091 4.2730 2.2101 57.9429 1.9404 0.3695
Car -1 -1 4.7899 549.3057 176.5194 579.3403 201.5936 1.4445 1.5425 3.6963 -2.7186 1.6774 43.9721 4.7280 0.3138
Car -1 -1 3.6358 436.1252 180.3074 520.7495 213.9860 1.4591 1.6032 3.4801 -6.0090 1.8148 33.1377 3.4573 0.2980
Car -1 -1 4.8885 578.4896 175.3544 606.2017 196.0352 1.5761 1.5845 3.6685 -1.3366 1.7816 57.3883 4.8649 0.2546
Car -1 -1 5.0025 469.3642 180.3123 526.4025 214.4824 1.4811 1.6294 3.8439 -5.2182 1.8552 34.1719 4.8516 0.1541
Car -1 -1 1.5679 547.1170 174.8137 576.9631 202.6659 1.4968 1.6151 4.1107 -2.7170 1.6144 41.1793 1.5020 0.0919
Car -1 -1 4.0344 542.4121 173.0728 594.2267 194.4301 1.5524 1.6925 4.1357 -3.1548 1.5696 54.5907 3.9766 0.0911
Car -1 -1 3.5410 553.8770 176.8339 605.2640 197.4568 1.5548 1.6158 3.6692 -2.3374 1.8732 56.3359 3.4993 0.0904
Car -1 -1 1.7737 640.6669 178.9913 672.3066 200.7071 1.5934 1.6299 4.3635 3.7208 2.0943 56.5726 1.8386 0.0756
Car -1 -1 4.7690 562.8302 171.9452 588.2665 194.5842 1.6363 1.6813 4.0088 -2.5180 1.5706 54.1648 4.7224 0.0734
Car -1 -1 5.2612 424.4176 173.7032 510.5038 215.0476 1.5324 1.6204 3.8153 -5.6017 1.5688 28.8988 5.0710 0.0640
Car -1 -1 1.5456 641.2944 176.1843 660.2449 194.4879 1.5535 1.5734 4.0453 3.6301 1.8584 64.0289 1.6016 0.0614
Car -1 -1 -0.9288 422.9920 192.5082 711.3165 345.0169 1.4517 1.5904 4.1612 -0.3132 1.7717 9.5869 -0.9623 0.0608
Car -1 -1 -0.4377 542.6877 176.0386 611.6583 201.8828 1.4755 1.5647 3.8183 -1.9281 1.6729 43.1612 -0.4825 0.0587
Car -1 -1 4.4540 501.1750 178.8100 545.1498 204.4937 1.4127 1.6167 4.0230 -5.1800 1.7844 42.8608 4.3341 0.0585
Car -1 -1 0.3638 591.4422 182.1820 680.1174 214.0086 1.4553 1.6547 4.0280 1.2868 1.9335 35.4436 0.3991 0.0584
Car -1 -1 1.6306 597.0012 178.0929 628.6726 205.3632 1.4668 1.5884 4.0455 0.2325 1.7844 41.6751 1.6356 0.0546
Car -1 -1 2.2074 372.1514 175.2096 478.7207 220.1141 1.4830 1.5491 4.2119 -6.5914 1.5762 26.3072 1.9638 0.0541
Car -1 -1 4.9274 568.7800 170.5400 601.2873 193.4210 1.6745 1.6444 4.0581 -1.8261 1.5052 54.9484 4.8939 0.0539
Car -1 -1 1.4698 562.0200 176.1856 597.5933 204.2671 1.5079 1.6273 4.1205 -1.7550 1.7091 41.4123 1.4272 0.0515
Car -1 -1 0.6154 407.5170 177.3236 504.7942 211.4528 1.4994 1.6896 4.2563 -7.1783 1.7185 33.7420 0.4070 0.0508
Car -1 -1 1.2399 247.1455 195.8893 591.2116 375.0000 1.4706 1.6178 4.0693 -1.9730 1.7429 6.4056 0.9510 0.0505