Car -1 -1 4.9562 296.9980 190.3464 413.6361 260.8920 1.3606 1.6185 3.4168 -5.4240 1.4866 15.8893 4.6321 0.9658
Car -1 -1 4.4838 665.8692 184.9685 810.8671 284.5144 1.5340 1.6974 3.8812 2.1954 1.5302 13.0703 4.6463 0.9576
Car -1 -1 5.2277 0.0000 191.2599 278.9174 376.0000 1.4854 1.6463 3.8799 -4.8691 1.5622 7.1514 4.6471 0.9533
Car -1 -1 4.7121 537.0517 183.1959 580.0407 223.7031 1.5608 1.6560 3.4903 -1.9946 1.4830 29.4953 4.6447 0.9507
Car -1 -1 4.8912 384.0016 185.8459 458.7292 235.6551 1.4075 1.5679 3.8237 -5.6686 1.4287 22.3226 4.6450 0.9241
Car -1 -1 5.1014 171.8802 167.8886 311.9718 234.6152 1.6296 1.7476 4.7467 -9.9169 1.2064 19.9821 4.6459 0.7715
Car -1 -1 4.5694 575.4626 182.4124 602.7213 202.4332 1.4981 1.6059 3.6481 -1.4347 1.2884 55.7243 4.5433 0.5962
Car -1 -1 4.8499 460.6251 182.3686 497.5500 208.0510 1.4556 1.6193 4.0326 -7.5726 1.2943 42.7881 4.6754 0.5541
Car -1 -1 1.6709 475.6478 179.3852 503.9749 202.7243 1.6197 1.6264 3.9647 -8.4372 1.2150 51.9147 1.5102 0.5199
Car -1 -1 5.0122 321.6952 179.3020 392.7556 217.7696 1.4370 1.6091 3.8379 -9.9167 1.2160 28.7945 4.6831 0.4938
Car -1 -1 1.7176 418.3755 180.5529 476.6602 221.0148 1.5774 1.7247 4.6540 -6.6569 1.3956 30.4037 1.5035 0.4623
Car -1 -1 4.9349 522.3361 182.3208 564.9070 208.7933 1.3568 1.5429 3.5004 -3.3725 1.2084 38.6819 4.8482 0.4168
Car -1 -1 1.7289 411.3005 179.1684 442.3259 199.7381 1.4519 1.5903 4.0301 -13.2082 1.0251 52.8164 1.4847 0.3532
Car -1 -1 3.4454 326.4065 174.0300 412.3783 202.6445 1.4820 1.6456 4.0140 -12.5458 0.9027 38.0784 3.1290 0.3286
Car -1 -1 0.1299 514.6599 163.1437 570.1255 184.1566 1.5418 1.6480 3.9486 -4.8156 -0.0805 53.7390 0.0407 0.3023
Car -1 -1 1.6231 434.1307 178.3722 454.6629 195.7608 1.5130 1.5955 3.8744 -14.5986 0.9175 64.5919 1.4013 0.2747
Car -1 -1 4.9522 367.1418 172.6661 415.2327 200.8545 1.4672 1.6245 3.9457 -11.7800 0.8140 39.4271 4.6634 0.2201
Car -1 -1 3.5718 93.7323 169.0142 274.3644 230.1980 1.4739 1.5679 3.6330 -10.6312 1.0836 18.2624 3.0510 0.2111
Car -1 -1 1.2201 393.8587 175.0978 426.4822 193.0221 1.6185 1.6253 4.1027 -18.4049 0.7049 67.0526 0.9529 0.1815
Car -1 -1 4.6670 534.0683 160.3631 558.8419 182.7280 1.6222 1.6937 4.1287 -4.6616 -0.1970 54.7766 4.5823 0.1595
Car -1 -1 1.5279 664.4162 176.1563 686.9980 196.8104 1.5543 1.5857 3.7905 5.3100 0.8726 56.0313 1.6215 0.1520
Car -1 -1 0.3680 277.2556 179.4654 401.6175 217.4926 1.4388 1.6107 4.2510 -10.3771 1.2212 28.0388 0.0164 0.1460
Car -1 -1 1.9743 247.4066 168.5135 317.1202 202.1774 1.5569 1.6249 4.1007 -15.8599 0.7844 35.3089 1.5548 0.1424
Car -1 -1 1.7571 408.7676 188.4180 467.9340 227.7599 1.4339 1.6103 3.6481 -6.5839 1.5684 28.3565 1.5306 0.1409
Car -1 -1 5.3472 0.0000 137.6456 75.9516 276.9358 1.5301 1.5772 3.6236 -9.2136 1.0075 9.7819 4.6058 0.1400
Car -1 -1 1.8447 396.5084 177.8965 436.9362 202.2220 1.6297 1.6739 4.1116 -13.2518 1.1394 50.2304 1.5877 0.1334
Car -1 -1 -0.1176 497.1207 180.8143 568.9510 208.0388 1.4056 1.5759 3.6451 -3.9676 1.1783 38.2815 -0.2206 0.1301
Car -1 -1 1.8784 300.0927 180.0069 379.4473 222.3365 1.4808 1.6227 4.1266 -10.0190 1.2986 27.2428 1.5289 0.1299
Car -1 -1 4.7151 495.4268 175.2290 513.7964 192.5110 1.5549 1.6390 3.6802 -9.4985 0.6564 66.6119 4.5737 0.1249
Car -1 -1 4.6404 510.2312 179.7201 545.3924 208.7001 1.4631 1.5895 3.8176 -4.2733 1.1857 38.3143 4.5297 0.1213
Car -1 -1 1.8129 269.8562 174.5266 326.4176 208.0564 1.4974 1.5530 3.9492 -14.6115 1.0200 34.1756 1.4115 0.1136
Car -1 -1 2.3500 147.4658 163.6215 262.2702 206.8997 1.4868 1.5374 3.7204 -14.8143 0.7449 26.6949 1.8475 0.1085
Car -1 -1 -0.3158 523.6180 184.7018 597.0065 213.1770 1.4507 1.6513 3.5380 -2.4867 1.4245 38.0460 -0.3810 0.1057
Car -1 -1 1.4935 678.5889 177.9616 709.4786 203.8777 1.4670 1.5285 3.6772 5.1011 1.0564 42.5588 1.6116 0.1022
Car -1 -1 1.6053 458.1806 179.1860 490.1653 208.6109 1.5932 1.6487 4.0926 -7.5513 1.2667 41.0658 1.4243 0.0964
Car -1 -1 4.6876 386.4198 174.8595 416.1368 201.9843 1.5099 1.5815 3.6266 -12.0568 0.9334 41.9828 4.4093 0.0963
Car -1 -1 1.1177 686.6814 173.1437 746.7625 201.4269 1.4621 1.6192 4.0800 5.9244 0.8380 39.3497 1.2657 0.0952
Car -1 -1 -0.5337 675.2147 177.5258 746.9515 204.1136 1.5136 1.6185 3.9107 6.1302 1.0758 42.4176 -0.3915 0.0912
Car -1 -1 3.2305 341.5907 184.7512 454.8633 225.6478 1.5501 1.6757 4.1675 -8.1778 1.5325 28.4612 2.9528 0.0889
Car -1 -1 1.0513 445.5953 183.3556 495.5807 204.8395 1.4596 1.6766 4.0765 -9.7139 1.3333 50.9337 0.8634 0.0877
Car -1 -1 1.3674 412.1783 178.3982 448.4320 202.1568 1.5675 1.6491 4.0328 -12.2422 1.1177 49.6012 1.1263 0.0856
Car -1 -1 1.7851 409.9178 179.4652 446.0790 201.7044 1.5260 1.6375 4.2590 -12.7784 1.1314 51.4789 1.5426 0.0834
Car -1 -1 0.5502 458.8082 180.3301 515.6014 203.2909 1.5914 1.6039 3.7028 -8.5546 1.2528 51.2627 0.3852 0.0825
Car -1 -1 4.7365 267.7158 169.7898 305.1767 201.8279 1.5131 1.6057 4.1654 -16.0858 0.7846 36.1817 4.3207 0.0800
Car -1 -1 0.0788 362.6561 174.3396 440.8751 202.6186 1.4515 1.5881 3.8643 -10.8119 0.8933 38.0542 -0.1964 0.0799
Car -1 -1 1.4744 658.1422 210.4163 736.5798 273.0328 1.4433 1.7818 4.0165 2.4265 2.2234 20.2266 1.5914 0.0775
Car -1 -1 0.2942 307.7399 178.5435 424.3534 216.8230 1.4798 1.6210 4.1114 -9.5412 1.2219 28.6506 -0.0248 0.0760
Car -1 -1 1.6812 501.5934 175.7699 542.0091 206.9446 1.5103 1.6140 4.0441 -4.3208 1.0527 36.8537 1.5650 0.0759
Car -1 -1 1.3924 653.8940 210.2430 752.3967 280.7498 1.4424 1.7478 4.0917 2.3037 2.1518 18.2825 1.5151 0.0744
Car -1 -1 1.6944 588.2856 209.6120 673.6132 278.7660 1.4092 1.6683 3.9477 0.7091 2.0975 18.1996 1.7320 0.0716
Car -1 -1 1.4075 577.5074 181.0294 607.2079 201.8668 1.5104 1.6172 3.9295 -1.1551 1.2070 54.1864 1.3858 0.0692
Car -1 -1 0.3006 415.0931 178.6111 462.6223 195.6536 1.4830 1.5473 3.7973 -14.8400 0.9083 63.4623 0.0715 0.0687
Car -1 -1 3.0416 341.6614 177.6951 415.8793 204.6897 1.4536 1.6066 3.8162 -12.7732 1.0486 40.2004 2.7356 0.0683
Car -1 -1 4.8121 520.5480 164.3738 547.4554 185.2314 1.5166 1.6387 3.8603 -5.4825 0.0011 54.2017 4.7116 0.0675
Car -1 -1 1.3631 740.3344 172.5804 792.4666 206.9474 1.4677 1.5477 3.7783 7.1501 0.9281 32.5944 1.5768 0.0668
Car -1 -1 3.4625 521.6690 164.5570 580.8403 185.0510 1.5182 1.6571 4.1692 -4.2348 -0.0128 54.5807 3.3852 0.0661
Car -1 -1 4.4688 350.4086 167.8187 389.0264 191.6512 1.5794 1.6480 3.8977 -16.4603 0.4265 49.7282 4.1505 0.0660
Car -1 -1 1.7409 452.4868 180.5086 509.0980 219.4988 1.5398 1.6516 4.2869 -5.2844 1.3539 30.5334 1.5706 0.0654
Car -1 -1 1.6323 675.9962 174.0529 705.6401 202.2929 1.6881 1.6073 3.9452 5.2783 1.0208 45.0543 1.7478 0.0631
Car -1 -1 1.7976 451.6010 182.0125 486.1920 202.9826 1.4494 1.5885 3.9570 -9.8982 1.2280 51.6937 1.6090 0.0619
Car -1 -1 0.0933 683.8288 175.8808 739.5106 199.7613 1.5080 1.6282 3.4356 6.7862 0.9185 46.5889 0.2367 0.0618
Car -1 -1 -0.0407 680.2703 176.3124 753.8269 203.8166 1.5367 1.6271 4.0886 6.2481 1.0392 41.1924 0.1084 0.0617
Car -1 -1 4.5739 688.5377 175.7496 724.7798 201.8629 1.4896 1.6097 3.9323 5.8968 0.9496 42.9748 4.7089 0.0608
Car -1 -1 0.2794 374.8973 182.9130 479.6070 221.9191 1.5289 1.6080 3.8075 -7.2187 1.4386 29.0514 0.0376 0.0598
Car -1 -1 4.7460 575.0652 200.0834 681.8936 302.7449 1.4384 1.5940 4.0282 0.4493 1.7444 12.7327 4.7799 0.0597
Car -1 -1 3.1407 111.6858 162.3906 246.5455 207.7151 1.5221 1.6260 4.0568 -15.3023 0.7556 25.8687 2.6110 0.0591
Car -1 -1 1.8198 583.0847 181.1477 616.0704 201.1713 1.5061 1.6199 4.0977 -0.5546 1.2001 56.2506 1.8096 0.0579
Car -1 -1 1.6144 610.4860 212.2176 678.5067 276.2433 1.4352 1.6961 3.9607 1.1208 2.2599 19.9005 1.6691 0.0573
Car -1 -1 4.9483 298.5701 177.9219 362.4940 215.6690 1.4125 1.5567 3.6848 -11.0082 1.1396 28.8255 4.5863 0.0563
Car -1 -1 5.0754 291.6542 170.1179 346.7701 198.0526 1.5061 1.6234 3.8520 -16.2279 0.6921 40.6935 4.6980 0.0561
Car -1 -1 4.6040 795.6648 197.4982 898.2557 277.9460 1.4975 1.7044 4.1784 5.2700 1.8134 16.2743 4.9116 0.0561
Car -1 -1 1.6391 526.4194 166.0241 551.9818 187.9927 1.5580 1.6049 3.9774 -4.9761 0.1969 52.9881 1.5457 0.0554
Car -1 -1 1.1043 678.6696 175.8270 735.4850 203.8847 1.5202 1.6090 3.9361 5.6436 1.0115 41.0709 1.2396 0.0541
Car -1 -1 1.7421 484.9435 180.5109 515.7016 202.6919 1.5327 1.5753 3.6654 -7.6210 1.2076 51.5231 1.5956 0.0541