Car -1 -1 4.6297 687.5633 182.3847 764.8452 245.4268 1.3897 1.6128 3.6867 2.8687 1.6574 18.3726 4.7812 0.9400
Car -1 -1 4.2158 820.1262 183.1745 1242.0000 375.0000 1.5023 1.6535 3.7524 2.9630 1.6059 5.3569 4.6968 0.9351
Car -1 -1 5.2046 0.0000 194.2193 346.9113 375.0000 1.4450 1.6559 4.1057 -3.1702 1.6478 4.7411 4.6400 0.9186
Car -1 -1 4.6835 632.8574 174.1622 664.1765 204.2472 1.7286 1.7646 4.6321 2.3248 1.8126 43.9966 4.7354 0.7424
Car -1 -1 4.6963 555.8975 181.3139 574.1628 197.7072 1.4566 1.6585 3.8933 -4.2318 2.2796 68.1867 4.6342 0.3446
Car -1 -1 1.1959 602.4993 180.8076 637.2480 199.5655 1.4759 1.5726 3.9794 0.8300 2.1689 60.7267 1.2090 0.2580
Car -1 -1 4.6088 607.5340 180.5530 635.0652 203.6966 1.4782 1.4999 3.7075 0.7677 2.0243 49.2698 4.6238 0.1875
Car -1 -1 2.3363 0.0000 225.9925 191.0363 375.0000 1.3746 1.6754 3.3543 -6.9305 2.1395 8.6311 1.6745 0.1231
Car -1 -1 4.7361 623.7819 180.0088 647.5272 203.8288 1.5312 1.5386 3.7955 1.8202 2.0411 49.4875 4.7721 0.1123
Car -1 -1 4.7314 326.9058 176.5769 440.9261 284.3384 1.6136 1.6844 3.4911 -3.9456 1.6897 12.8442 4.4384 0.1004
Car -1 -1 1.3470 557.7325 177.4343 586.7513 197.0105 1.6682 1.6932 4.2833 -3.3907 2.0944 64.8492 1.2945 0.0991
Car -1 -1 1.6831 551.6830 177.3555 575.5648 196.2555 1.5896 1.6723 3.9171 -4.0193 1.9990 63.6322 1.6198 0.0941
Car -1 -1 0.8143 1134.2383 173.4594 1242.0000 375.0000 1.4501 1.5711 3.5185 6.9504 1.4573 6.7539 1.5920 0.0928
Car -1 -1 4.9485 655.7948 167.2610 683.9676 184.3574 1.5511 1.6748 4.3147 5.7010 1.0437 67.7753 5.0318 0.0926
Car -1 -1 1.6716 550.1055 177.6621 573.1630 197.4690 1.7032 1.6570 4.2823 -4.3013 2.1526 65.2666 1.6057 0.0868
Car -1 -1 1.4166 675.0081 173.3962 704.5497 194.2708 1.4793 1.5654 3.9997 5.8824 1.5208 53.2704 1.5256 0.0837
Car -1 -1 0.3496 214.4627 170.1940 470.6206 274.1413 1.6094 1.6282 3.6572 -4.3028 1.5682 12.0071 0.0118 0.0825
Car -1 -1 1.7366 608.6821 178.4226 637.5600 199.5177 1.5924 1.6480 4.1721 1.1250 2.0558 57.8323 1.7554 0.0780
Car -1 -1 1.4150 492.5606 194.9203 540.6543 229.4159 1.4478 1.7211 4.0211 -4.5950 2.5917 35.2324 1.2856 0.0772
Car -1 -1 4.8428 369.8835 174.5107 500.3454 279.6087 1.6257 1.7565 4.1963 -3.0431 1.6614 13.3975 4.6228 0.0716
Car -1 -1 1.6234 472.4348 199.7688 520.3313 243.1846 1.4633 1.6733 3.5647 -4.4054 2.5949 28.4789 1.4705 0.0704
Car -1 -1 1.5237 623.5060 180.7918 651.1077 206.0481 1.5509 1.6224 4.2088 1.7961 2.0995 47.7487 1.5606 0.0642
Car -1 -1 2.3319 0.0000 194.0633 292.0117 375.0000 1.5217 1.6267 4.3054 -3.1730 1.6780 3.1526 1.5847 0.0614
Car -1 -1 1.9541 536.7215 176.7600 570.7202 196.7786 1.6997 1.6412 3.9974 -4.9337 2.0592 64.2572 1.8774 0.0600
Car -1 -1 4.9349 233.6217 177.9172 389.4759 284.4662 1.5411 1.6463 3.8430 -5.0064 1.6440 12.6500 4.5646 0.0597
Car -1 -1 1.4872 757.6757 194.7333 826.5542 253.2155 1.4321 1.6174 3.7487 5.2506 2.1327 21.1255 1.7266 0.0571
Car -1 -1 4.4956 700.1317 175.6918 743.4028 204.1228 1.5125 1.6000 3.9272 6.2874 1.6809 40.7983 4.6469 0.0548
Car -1 -1 1.7692 603.2086 180.3373 638.7263 205.4848 1.5512 1.5987 4.0031 0.8012 2.0700 47.8970 1.7853 0.0537
Car -1 -1 4.4964 659.4064 182.1547 694.8237 206.2731 1.5424 1.6452 3.7962 4.6059 2.2082 49.6611 4.5878 0.0528
Car -1 -1 1.5298 619.8461 180.3154 641.7011 199.8042 1.4929 1.6084 4.3523 1.7058 2.1270 59.1328 1.5580 0.0508