Car -1 -1 2.1133 250.0890 185.4372 407.0117 256.4031 1.4561 1.6732 4.1210 -6.7120 1.8037 17.7566 1.7563 0.9462
Car -1 -1 -0.5472 916.2684 155.9798 1134.4460 230.7243 1.7409 1.7666 4.3870 10.1188 1.3479 17.7695 -0.0371 0.9352
Car -1 -1 2.5454 518.4348 176.6182 657.4075 223.2026 1.4634 1.6994 4.6723 -0.6862 1.6048 25.0522 2.5176 0.8534
Car -1 -1 1.5746 1093.9727 172.3602 1135.5726 204.9703 1.5058 1.5951 3.9905 24.7783 1.4830 35.4092 2.1810 0.2172
Car -1 -1 3.4373 363.2578 175.7297 424.3578 199.8471 1.5071 1.5155 3.4423 -13.7356 1.6936 46.0417 3.1486 0.2158
Car -1 -1 1.8308 246.5423 197.7086 297.7229 228.8338 1.4888 1.6760 3.4965 -18.3408 2.9089 39.3606 1.3969 0.1946
Car -1 -1 4.5694 296.4979 175.0678 338.6259 204.1011 1.5293 1.6605 3.8422 -16.3867 1.6597 40.4024 4.1861 0.1896
Car -1 -1 3.9858 617.6860 167.4078 667.2432 188.5600 1.5209 1.5437 3.8217 2.4216 1.1293 53.8509 4.0302 0.1719
Car -1 -1 1.3740 894.2128 179.9678 940.0850 210.1914 1.4473 1.4906 3.6268 15.8757 1.8349 37.3844 1.7723 0.1605
Car -1 -1 4.8958 387.1678 175.8165 422.3421 199.9939 1.5007 1.5723 3.5990 -13.3256 1.7018 47.1067 4.6213 0.1400
Car -1 -1 4.1237 572.6788 168.5292 631.0475 195.8529 1.4713 1.5616 3.5963 -0.4771 1.2385 40.7784 4.1117 0.1362
Car -1 -1 4.6779 296.0126 176.4899 339.3317 211.9496 1.4084 1.6087 3.8443 -12.6517 1.5760 31.1685 4.2950 0.1296
Car -1 -1 1.2976 902.8784 186.8690 978.4679 230.4102 1.4488 1.6513 3.5948 12.3515 2.0127 27.1324 1.7201 0.1286
Car -1 -1 1.6745 630.0574 190.8523 668.6306 221.0517 1.4005 1.6740 2.9976 2.0759 2.3636 36.9959 1.7294 0.1164
Car -1 -1 3.1979 594.3438 167.4961 660.0640 191.1522 1.4980 1.6235 4.1646 1.1704 1.1587 46.6689 3.2225 0.1126
Car -1 -1 3.1268 1095.0723 169.7049 1200.9727 203.1423 1.4826 1.6139 3.8972 25.1058 1.3430 33.7816 3.7615 0.1061
Car -1 -1 1.5731 883.5908 185.6266 931.0426 227.7345 1.4320 1.5763 3.2486 11.3063 1.9495 27.4328 1.9596 0.1050
Car -1 -1 1.6712 880.6061 176.7913 922.6657 207.9568 1.4701 1.5971 4.0414 14.9141 1.6823 36.7412 2.0535 0.0903
Car -1 -1 3.1012 904.0172 179.9529 1019.4953 220.4866 1.4614 1.6475 3.9351 13.6027 1.7528 28.0852 3.5475 0.0897
Car -1 -1 4.6872 298.8461 173.5977 324.1599 196.9101 1.6410 1.6249 4.0747 -21.9714 1.6981 53.1233 4.2966 0.0846
Car -1 -1 4.5851 892.9660 182.0291 947.5848 220.8531 1.4394 1.5810 3.7502 12.7238 1.8431 29.7244 4.9854 0.0798
Car -1 -1 1.4275 581.7789 167.6072 620.9823 196.4688 1.5035 1.6092 3.8853 -0.4980 1.2302 39.6314 1.4146 0.0787
Car -1 -1 0.9014 1080.3834 172.3213 1168.1121 204.5363 1.4616 1.5911 3.4777 24.5189 1.4374 34.5171 1.5147 0.0758
Car -1 -1 1.5349 503.4013 189.7276 538.8588 221.7526 1.4571 1.6681 4.1825 -4.6238 2.3817 37.3400 1.4119 0.0752
Car -1 -1 4.2327 1007.0955 156.6750 1057.2947 178.9326 1.5893 1.6249 3.8116 31.2485 0.4341 53.4639 4.7592 0.0746
Car -1 -1 -0.6996 563.8308 176.4769 682.2307 220.8430 1.4595 1.6416 4.1943 0.5415 1.6000 26.0130 -0.6797 0.0737
Car -1 -1 2.6978 1041.0282 174.4934 1138.4860 204.4805 1.5146 1.6070 3.9220 24.9688 1.6025 37.6258 3.2797 0.0719
Car -1 -1 -0.5899 380.8696 129.7462 718.3831 280.2534 1.4728 1.5873 3.9040 -0.6058 1.0510 8.8812 -0.6570 0.0719
Car -1 -1 1.6018 511.5276 186.5999 542.5880 215.9347 1.5090 1.6304 4.0376 -4.6595 2.3324 41.1425 1.4892 0.0716
Car -1 -1 1.6140 919.4051 176.5833 956.7783 207.3213 1.4574 1.5797 3.8369 16.7822 1.6582 36.7808 2.0386 0.0691
Car -1 -1 1.4919 644.7128 190.4390 680.8852 220.3554 1.4093 1.6115 3.4964 2.7459 2.3734 37.8057 1.5631 0.0684
Car -1 -1 4.2044 1020.8134 156.7031 1086.4136 188.2985 1.7179 1.6330 3.5784 25.1813 0.8398 41.0512 4.7513 0.0664
Car -1 -1 2.1998 832.2527 184.4456 928.6912 225.3118 1.4547 1.6258 3.8178 10.6887 1.9388 28.4006 2.5556 0.0662
Car -1 -1 1.3001 1067.7084 190.0637 1186.0950 254.6832 1.4486 1.5963 3.6863 13.6347 1.9554 19.2455 1.9085 0.0650
Car -1 -1 3.6111 508.4999 188.9130 596.2759 220.9541 1.4517 1.6918 4.0080 -2.8343 2.2826 35.7855 3.5320 0.0638
Car -1 -1 3.9939 223.0502 177.9534 322.1813 214.9584 1.4422 1.5918 3.8713 -14.0379 1.6653 30.0523 3.5600 0.0636
Car -1 -1 0.8655 908.4733 177.0833 995.9443 209.5395 1.4306 1.5924 3.9322 16.2624 1.6449 34.4598 1.3027 0.0633
Car -1 -1 1.7187 375.6811 172.0037 413.2293 200.1492 1.6604 1.6286 4.1406 -13.2786 1.6103 44.7301 1.4315 0.0611
Car -1 -1 -0.2996 643.0927 183.3005 757.2207 222.6072 1.4665 1.6364 4.2116 3.5724 1.8994 28.7241 -0.1779 0.0602
Car -1 -1 3.6637 353.2400 175.4359 425.4137 199.7495 1.5244 1.6733 4.2042 -14.2682 1.6965 46.8022 3.3690 0.0598
Car -1 -1 1.5455 649.9127 178.1847 677.2302 203.4626 1.4781 1.5942 4.0775 3.3399 1.8270 45.1418 1.6184 0.0597
Car -1 -1 1.5887 483.1848 190.9119 529.4008 233.8349 1.4556 1.6725 4.1086 -4.0214 2.2202 28.4109 1.4486 0.0593
Car -1 -1 1.1965 903.8259 178.0328 967.4647 208.8910 1.4274 1.6086 3.7607 16.1550 1.6991 35.9333 1.6155 0.0592
Car -1 -1 -0.1999 897.6557 178.1660 983.3114 207.1386 1.4586 1.6225 3.8501 17.3524 1.7473 37.9927 0.2252 0.0591
Car -1 -1 -0.4527 906.4842 175.8491 1004.6127 205.9667 1.4614 1.6286 4.1206 17.2146 1.6143 36.0124 -0.0104 0.0591
Car -1 -1 -0.6882 1098.8711 173.0994 1237.6669 213.7077 1.4580 1.6004 3.9714 20.6737 1.4674 26.7891 -0.0366 0.0584
Car -1 -1 5.1257 307.8439 177.1180 383.3647 212.1964 1.3969 1.5882 3.9935 -11.3403 1.5938 31.2768 4.7803 0.0575
Car -1 -1 1.8938 509.7669 189.6451 565.0027 220.8940 1.4103 1.6725 3.8209 -3.6185 2.3148 36.8158 1.7959 0.0570
Car -1 -1 1.7168 372.8949 174.6826 407.9985 199.4387 1.5176 1.6117 3.8848 -14.0929 1.6408 46.5714 1.4243 0.0570
Car -1 -1 1.3780 1084.3969 177.4111 1155.1945 217.6743 1.4268 1.5334 3.7355 19.7319 1.6166 28.0434 1.9858 0.0569
Car -1 -1 -0.5557 1119.8405 171.3530 1242.0000 204.1927 1.4499 1.6274 4.2299 26.0121 1.3836 32.8947 0.1087 0.0563
Car -1 -1 4.2310 853.8831 182.0943 938.8284 221.1608 1.4419 1.5984 3.8953 11.6613 1.8470 29.6119 4.6022 0.0559
Car -1 -1 3.7466 0.0000 131.7865 409.7639 297.3488 1.5015 1.6040 3.9284 -4.2897 1.1290 7.5424 3.2441 0.0558
Car -1 -1 -0.5569 1052.3818 174.1228 1151.9266 205.8705 1.4784 1.5613 3.6646 23.5051 1.5406 34.5152 0.0367 0.0558
Car -1 -1 1.6574 682.5910 178.3188 713.6653 202.7803 1.4567 1.6277 4.0359 5.6936 1.8218 46.0672 1.7791 0.0517
Car -1 -1 1.6115 632.1497 170.5973 658.9935 194.1904 1.4805 1.6023 3.7833 2.3911 1.3389 47.2333 1.6614 0.0514
Car -1 -1 1.5471 903.4017 177.4595 936.4060 206.3438 1.4645 1.5461 3.6708 16.8188 1.7274 39.2088 1.9492 0.0511
Car -1 -1 1.7504 376.5098 174.8872 417.4560 203.0160 1.5857 1.6373 4.0553 -12.6326 1.7130 43.0806 1.4665 0.0508
Car -1 -1 4.3305 346.4240 175.9730 505.5120 268.0476 1.4751 1.5834 3.8984 -3.6162 1.5433 13.7361 4.0771 0.0501
Car -1 -1 4.7371 1098.3044 164.5135 1129.0850 188.2098 1.5348 1.6192 4.0370 34.1502 0.9946 48.8419 5.3443 0.0501