Car -1 -1 5.1969 49.6466 193.9361 257.4781 282.6801 1.4028 1.5949 4.1014 -8.4472 1.5964 13.8651 4.6580 0.9423
Car -1 -1 4.6988 618.8108 179.9276 693.2309 248.7783 1.5922 1.7218 3.3967 1.2166 1.4699 18.3640 4.7635 0.9308
Car -1 -1 2.2068 0.0000 186.4468 73.1764 214.8472 1.4058 1.8003 4.1426 -30.5146 1.4743 37.8701 1.5317 0.7874
Car -1 -1 1.7347 681.3802 180.9624 715.2942 207.3328 1.5402 1.5353 3.2844 5.5826 1.2917 43.7777 1.8602 0.7442
Car -1 -1 5.3696 0.0000 212.6489 243.8004 376.0000 1.4734 1.5321 3.5202 -4.4367 1.7504 5.4971 4.7139 0.7398
Car -1 -1 5.3329 0.0000 193.8325 106.8487 274.5967 1.3919 1.5913 3.9520 -12.4039 1.5941 14.8454 4.6455 0.6673
Car -1 -1 5.1702 125.7115 156.4951 264.1227 213.1388 1.5281 1.7761 4.4938 -12.2142 0.7533 21.6811 4.6625 0.6138
Car -1 -1 1.6052 111.9409 183.4927 147.9803 210.9552 1.4796 1.5589 3.8172 -27.0114 1.3867 40.7641 1.0227 0.4999
Car -1 -1 4.9189 478.9883 177.3145 525.6857 207.1855 1.4599 1.6043 3.9510 -5.3573 1.0737 37.1551 4.7763 0.4620
Car -1 -1 0.1151 450.1279 165.8063 500.3000 185.8399 1.5898 1.6786 3.8131 -10.6164 0.0495 58.0078 -0.0653 0.3474
Car -1 -1 2.6027 0.0000 192.5296 108.1980 241.2746 1.4677 1.5368 3.7812 -19.2941 1.7356 24.2966 1.9366 0.2676
Car -1 -1 1.7306 70.0946 179.7339 117.8185 208.5475 1.6488 1.7006 4.0760 -30.8688 1.3351 43.3384 1.1143 0.2412
Car -1 -1 4.8646 618.7257 168.6635 645.9093 187.9654 1.5365 1.6463 4.0645 2.1100 0.2189 59.3717 4.8996 0.2243
Car -1 -1 0.0876 489.0533 161.2256 552.9180 189.4598 1.8152 1.7403 4.0202 -5.6127 0.2729 47.1476 -0.0304 0.2042
Car -1 -1 4.7601 465.5653 183.8383 506.0425 219.1238 1.4092 1.5223 3.4541 -5.1017 1.3542 30.5125 4.5954 0.1929
Car -1 -1 2.1285 25.8581 192.7173 132.7083 236.9553 1.4669 1.5410 3.4295 -19.1085 1.7587 26.1986 1.5028 0.1888
Car -1 -1 1.7471 94.8030 183.0461 148.3395 214.2848 1.5819 1.6521 4.2380 -26.0426 1.4721 38.6756 1.1573 0.1843
Car -1 -1 5.0206 496.3040 177.2122 548.8285 207.0039 1.4450 1.5661 3.8903 -4.2828 1.0568 36.9258 4.9056 0.1696
Car -1 -1 1.3143 595.5271 183.6845 632.6851 206.5266 1.4841 1.5862 3.8707 0.4256 1.3846 48.7762 1.3225 0.1650
Car -1 -1 1.9822 526.9200 179.2209 570.9547 203.6749 1.6253 1.5361 4.0999 -3.9975 1.2269 49.9667 1.9024 0.1541
Car -1 -1 0.9817 0.0000 191.7252 106.6007 235.8983 1.4567 1.6420 3.9446 -20.0118 1.7005 25.5219 0.3215 0.1481
Car -1 -1 1.2453 740.1977 180.2740 771.9380 197.3801 1.5253 1.6069 4.1783 13.6809 1.0847 66.2700 1.4476 0.1305
Car -1 -1 2.0551 84.9492 162.3452 150.8643 194.6405 1.9331 1.6663 4.1646 -30.6588 0.5641 45.1892 1.4615 0.1213
Car -1 -1 1.6939 493.7322 181.7780 541.6462 217.2046 1.4300 1.5926 3.6760 -3.7806 1.2912 30.8558 1.5726 0.1181
Car -1 -1 1.5677 96.8266 178.8241 136.7521 209.8455 1.5123 1.6290 4.0733 -25.3556 1.2007 37.1868 0.9723 0.1179
Car -1 -1 1.6004 613.9089 181.6068 632.6166 197.7793 1.4556 1.6229 3.7858 1.5136 1.1308 66.6329 1.6226 0.1136
Car -1 -1 1.6609 526.2379 169.0665 556.8085 194.8356 1.6747 1.7034 4.0400 -4.4095 0.6252 48.7385 1.5709 0.0874
Car -1 -1 1.6582 584.2997 188.2049 629.0272 222.6942 1.4361 1.6644 4.0147 0.0361 1.5793 32.3644 1.6588 0.0863
Car -1 -1 1.4725 605.2758 176.5828 631.0309 197.5557 1.5597 1.5901 4.1170 0.8119 0.9177 55.5780 1.4866 0.0821
Car -1 -1 -0.3424 612.4264 190.5647 700.1977 220.0635 1.4827 1.7259 4.3068 2.5859 1.7765 38.0622 -0.2756 0.0782
Car -1 -1 1.6999 473.8317 170.9686 502.3635 192.7226 1.6089 1.6461 4.0849 -9.1100 0.5552 55.2355 1.5369 0.0779
Car -1 -1 4.7199 473.3809 165.1710 494.4178 185.4293 1.6015 1.6429 3.8365 -10.0759 0.0169 58.8527 4.5509 0.0732
Car -1 -1 3.3626 452.6273 178.0326 538.8755 207.6856 1.4773 1.6296 4.1005 -5.6596 1.1194 36.7672 3.2106 0.0725
Car -1 -1 1.8926 36.4021 187.0685 94.8469 213.6865 1.5330 1.7189 3.7923 -32.8829 1.6511 43.7592 1.2507 0.0696
Car -1 -1 1.5563 577.1523 192.9798 630.9211 242.9914 1.4675 1.6243 3.8447 -0.1346 1.7438 23.6349 1.5500 0.0682
Car -1 -1 2.9465 575.4013 185.1954 634.5102 208.3040 1.4948 1.6255 3.6726 -0.1661 1.4935 47.6593 2.9425 0.0655
Car -1 -1 1.7642 572.4148 190.6529 628.4133 228.6514 1.4226 1.5874 3.8256 -0.2109 1.6612 29.5187 1.7566 0.0640
Car -1 -1 1.3756 479.4477 172.2587 511.8550 194.5488 1.6145 1.6525 4.1053 -8.4596 0.6760 54.2807 1.2214 0.0629
Car -1 -1 1.9257 751.7399 180.6461 784.2847 197.8976 1.5304 1.6102 4.0426 14.7721 1.1250 65.9030 2.1449 0.0627
Car -1 -1 2.3022 49.4326 192.4056 172.3777 235.9782 1.4686 1.6054 3.8617 -18.4294 1.7581 26.9179 1.7061 0.0623
Car -1 -1 4.7516 121.6381 166.5463 153.6545 192.0670 1.6631 1.6593 4.0092 -31.9539 0.4465 48.9932 4.1760 0.0623
Car -1 -1 2.3889 122.7685 182.4333 212.1040 211.6802 1.4878 1.5824 4.1388 -23.6098 1.3463 38.7749 1.8448 0.0609
Car -1 -1 0.8695 3.1664 188.9644 80.7670 214.4386 1.4851 1.6448 3.7754 -34.1418 1.7179 43.4504 0.2061 0.0609
Car -1 -1 1.5925 615.9550 173.6240 636.8574 192.7023 1.4947 1.6108 3.8785 1.5857 0.5865 58.2945 1.6192 0.0609
Car -1 -1 2.1189 90.2564 188.4320 203.8928 230.2126 1.4480 1.6685 4.2129 -17.3422 1.5798 27.3557 1.5580 0.0608
Car -1 -1 4.9196 482.4535 175.3145 529.2198 206.6463 1.4739 1.5688 3.6816 -4.9767 1.0082 35.7080 4.7818 0.0595
Car -1 -1 4.2267 593.4097 177.3608 632.0777 196.8192 1.5154 1.5548 3.7318 0.4130 0.9037 57.9994 4.2334 0.0592
Car -1 -1 1.3028 730.1708 183.2397 759.6231 199.1923 1.4362 1.6944 3.9517 12.7489 1.2583 66.7563 1.4903 0.0585
Car -1 -1 2.5828 29.1406 180.5992 132.3477 211.7173 1.5052 1.6558 4.0066 -26.9409 1.2819 36.9388 1.9559 0.0584
Car -1 -1 1.2046 573.2799 176.3090 611.6113 196.1268 1.5416 1.6697 4.3046 -1.2392 0.8487 58.2259 1.1830 0.0571
Car -1 -1 2.3042 116.3695 185.6314 240.5712 226.9597 1.4360 1.6381 4.1956 -16.0837 1.4530 27.2417 1.7749 0.0567
Car -1 -1 2.2226 604.8864 182.9123 659.1700 206.9399 1.5541 1.5409 4.0186 1.7172 1.4051 48.5383 2.2573 0.0565
Car -1 -1 2.2750 0.0000 191.8042 79.1524 287.5876 1.4429 1.5979 4.3542 -12.1474 1.5852 13.3275 1.5457 0.0565
Car -1 -1 2.2602 113.1447 184.9871 191.7694 211.7975 1.4537 1.5462 4.0820 -25.8951 1.4413 41.1018 1.7006 0.0556
Car -1 -1 -0.1592 609.0198 170.5300 661.0126 189.1981 1.4852 1.6283 4.0008 2.2338 0.3168 58.2408 -0.1214 0.0550
Car -1 -1 1.6580 573.3475 193.4803 625.2903 235.9741 1.4231 1.6039 3.7967 -0.2273 1.7536 26.7898 1.6490 0.0547
Car -1 -1 4.9790 456.0107 166.5914 488.0545 186.6832 1.5808 1.6374 3.7138 -10.9550 0.1155 58.4764 4.7944 0.0543
Car -1 -1 1.8271 443.1535 185.9548 508.6861 225.2336 1.4304 1.5689 3.9649 -5.0795 1.4616 28.2933 1.6507 0.0541
Car -1 -1 3.7778 86.1750 157.4850 240.3820 211.2627 1.4588 1.6982 3.4048 -12.5862 0.7066 20.5013 3.2331 0.0534
Car -1 -1 1.4671 786.9460 178.3687 810.4248 195.7818 1.5077 1.6291 3.8731 17.0898 0.9148 64.2796 1.7254 0.0533
Car -1 -1 2.1062 9.9116 187.5828 83.6581 214.4664 1.4909 1.6535 3.8933 -32.8388 1.6367 42.2573 1.4482 0.0531
Car -1 -1 1.6581 678.2789 179.4683 712.2857 207.6588 1.5777 1.6425 4.0787 5.2386 1.2561 42.3975 1.7798 0.0525
Car -1 -1 1.6818 481.9758 173.7359 508.4285 193.4465 1.4911 1.5867 4.2859 -8.7706 0.6226 56.5546 1.5284 0.0525
Car -1 -1 1.4310 612.6328 175.8190 642.0304 198.1331 1.6128 1.6540 4.0747 1.4754 0.9336 54.0737 1.4577 0.0516
Car -1 -1 2.3676 109.9897 182.6421 192.8717 208.8645 1.4590 1.6294 4.1435 -26.6519 1.3158 42.2029 1.8069 0.0515
Car -1 -1 3.2723 478.1219 161.8789 547.9055 187.9478 1.7282 1.7620 4.4792 -6.3168 0.1811 48.5404 3.1433 0.0509
Car -1 -1 1.4918 0.0000 186.2788 7.5035 216.7865 1.4578 1.6791 4.0029 -31.7835 1.5147 36.4923 0.7785 0.0507
Car -1 -1 2.3950 0.0000 199.4921 170.7895 376.0000 1.4994 1.6418 4.3175 -4.4212 1.6174 3.7828 1.5668 0.0505