Car -1 -1 2.1978 73.4430 193.9146 186.5346 233.4324 1.4718 1.7357 4.6305 -20.9160 2.4669 31.7369 1.6187 0.8712
Car -1 -1 1.6766 64.2634 197.7684 106.2281 226.5706 1.5232 1.6624 3.6683 -31.6478 3.0991 43.6325 1.0518 0.2748
Car -1 -1 1.2174 28.0370 197.9483 90.0559 226.2156 1.4869 1.7172 3.8213 -32.6809 3.0370 42.8166 0.5682 0.1908
Car -1 -1 2.0261 31.5217 200.1266 95.8766 228.6235 1.4477 1.6937 3.2845 -31.5573 3.0953 41.8180 1.3825 0.1414
Car -1 -1 1.6680 415.6229 183.8514 437.5002 200.6757 1.4578 1.5716 4.3617 -17.1527 2.5253 67.7671 1.4206 0.1302
Car -1 -1 2.1823 0.0000 206.3947 138.4249 265.5542 1.4246 1.6132 3.5757 -15.8060 2.4953 21.2283 1.5481 0.1186
Car -1 -1 4.7873 58.3805 204.0002 110.3657 241.5491 1.4678 1.6631 3.8083 -24.4391 3.0104 33.6780 4.1631 0.0791
Car -1 -1 1.6941 19.5552 204.4942 81.3155 242.6783 1.4108 1.7202 3.4551 -24.5398 2.8885 31.7744 1.0404 0.0760
Car -1 -1 1.7575 32.3254 193.6650 84.6313 223.8846 1.4858 1.6149 3.9509 -30.8817 2.7163 40.5349 1.1095 0.0735
Car -1 -1 5.2449 111.6562 190.1839 198.6086 226.7229 1.4970 1.6301 3.9151 -20.9237 2.3469 33.4116 4.6887 0.0641
Car -1 -1 1.1204 110.7611 198.3077 182.9711 229.3150 1.4492 1.7140 3.8935 -24.6075 2.8639 38.3507 0.5528 0.0628
Car -1 -1 1.6484 464.9259 179.2832 488.9821 199.1969 1.5161 1.5974 4.1242 -10.7057 2.0559 58.4457 1.4677 0.0616
Car -1 -1 1.9381 117.7250 201.1247 183.7228 233.7848 1.4326 1.7105 3.4002 -23.2260 2.9406 36.6557 1.3763 0.0551
Car -1 -1 2.1842 67.1631 198.9358 137.8855 226.9648 1.4921 1.7002 3.6514 -30.5814 3.1359 43.6460 1.5757 0.0542
Car -1 -1 2.6414 85.7862 194.5388 174.6405 223.3130 1.4925 1.7250 4.0763 -28.4501 2.8497 42.9540 2.0590 0.0507