Car -1 -1 2.1289 0.0000 198.8219 190.5718 299.4566 1.4382 1.6139 4.1117 -9.7412 1.9994 13.4941 1.5128 0.9343
Car -1 -1 1.8517 387.8379 184.7951 443.1852 214.9682 1.3539 1.6237 3.9335 -9.5879 1.9813 35.9291 1.5923 0.8923
Car -1 -1 4.6890 600.5383 173.2085 626.9783 198.6803 1.5710 1.6103 3.7470 0.2362 1.5948 46.4434 4.6936 0.5409
Car -1 -1 1.8308 87.7312 192.9276 133.4657 217.7017 1.5073 1.6248 3.8660 -34.0846 2.9394 49.3850 1.2290 0.3819
Car -1 -1 1.6359 23.4055 192.7062 60.1891 218.4830 1.4811 1.6097 3.8529 -36.6588 2.8210 46.6540 0.9725 0.3526
Car -1 -1 1.9517 0.0000 196.1332 51.6422 227.2715 1.4574 1.6064 4.0092 -32.0999 2.7897 39.1426 1.2680 0.2924
Car -1 -1 4.8869 0.0000 193.8569 39.4114 234.0653 1.5572 1.6826 3.9794 -26.9896 2.5607 32.3301 4.1952 0.2864
Car -1 -1 2.5673 0.0000 192.0220 111.4999 259.5111 1.4770 1.6489 4.0969 -15.8696 2.0467 19.2445 1.8844 0.1686
Car -1 -1 1.8331 369.2160 179.1952 408.4150 202.0170 1.5136 1.6367 4.1099 -15.5738 1.9809 51.0903 1.5384 0.1401
Car -1 -1 1.6872 83.8682 188.8388 124.4685 215.6249 1.5618 1.6762 4.1996 -32.8558 2.6527 46.9979 1.0796 0.1192
Car -1 -1 1.8453 0.0000 208.4377 47.8297 258.3843 1.4300 1.7674 4.2270 -22.1301 2.8357 26.2118 1.1490 0.1122
Car -1 -1 2.9209 588.8655 173.4076 650.6221 198.2671 1.5242 1.5941 3.6275 0.6241 1.5599 45.4442 2.9341 0.1096
Car -1 -1 3.9032 0.0000 175.4296 187.8316 319.3008 1.4714 1.5523 3.6828 -7.1272 1.5043 8.3117 3.2100 0.1012
Car -1 -1 2.2739 0.0000 191.7966 71.0398 262.9303 1.4734 1.6183 4.0626 -15.7986 2.0012 18.0681 1.5626 0.0990
Car -1 -1 1.4164 382.7171 178.4220 412.9295 199.6179 1.4942 1.5914 3.9176 -15.9013 1.9278 54.0848 1.1315 0.0981
Car -1 -1 2.2696 0.0000 183.3867 134.7618 243.0916 1.4810 1.5885 4.0127 -15.7879 1.8125 20.6652 1.6233 0.0895
Car -1 -1 0.8446 0.0000 195.3109 33.5348 224.9112 1.4503 1.6562 3.6513 -32.7512 2.6678 38.0469 0.1372 0.0893
Car -1 -1 2.1579 85.8286 192.6495 147.8576 217.5885 1.5128 1.6054 3.8175 -33.1898 2.9021 48.7240 1.5622 0.0850
Car -1 -1 1.7126 419.4271 181.5690 452.0428 204.4856 1.4641 1.6192 4.1037 -11.9561 2.0916 49.8279 1.4780 0.0826
Car -1 -1 2.2802 0.0000 197.0061 63.1991 229.2178 1.5132 1.4345 3.6338 -31.2759 2.8631 38.4900 1.6011 0.0776
Car -1 -1 1.4734 349.1819 182.8211 380.3300 205.6195 1.4695 1.6874 4.0300 -17.1999 2.1986 50.6006 1.1470 0.0765
Car -1 -1 5.3947 44.7503 187.2126 177.9599 240.1585 1.4972 1.5815 3.6406 -15.9320 1.9985 23.3071 4.8002 0.0758
Car -1 -1 2.0712 0.0000 202.9718 15.9940 260.0069 1.4973 1.6583 4.0164 -21.3177 2.5616 23.3533 1.3370 0.0748
Car -1 -1 3.7622 0.0000 196.0763 39.5458 232.7069 1.4654 1.5896 3.7307 -27.0746 2.4957 31.0500 3.0493 0.0716
Car -1 -1 1.8999 0.0000 193.9318 121.1788 260.2310 1.4504 1.5934 3.8268 -14.5377 2.0706 19.1641 1.2574 0.0714
Car -1 -1 1.3400 588.4606 177.1982 627.7249 202.6622 1.5774 1.6805 4.1661 -0.1467 1.8778 47.6760 1.3365 0.0713
Car -1 -1 3.1801 584.4020 173.1661 649.0396 198.6301 1.6083 1.6392 4.0963 0.4888 1.6289 46.5136 3.1901 0.0696
Car -1 -1 1.7375 419.7538 179.2375 452.4521 202.0396 1.5234 1.6040 4.0982 -12.3279 1.9974 51.4790 1.5033 0.0693
Car -1 -1 3.6167 0.0000 184.6773 102.0635 244.1396 1.5035 1.6359 3.9684 -16.6557 1.8504 19.9500 2.9275 0.0688
Car -1 -1 5.3237 4.1369 196.8565 86.2619 228.0952 1.4987 1.5810 3.9235 -30.9237 2.8851 39.6815 4.6647 0.0684
Car -1 -1 1.6194 12.3998 186.1300 53.2198 215.7871 1.6166 1.7036 4.3004 -34.7742 2.4598 43.5834 0.9487 0.0684
Car -1 -1 0.7026 0.0000 197.8060 75.9082 227.0458 1.4959 1.5398 4.1166 -31.5611 2.8783 39.1492 0.0272 0.0683
Car -1 -1 1.7610 88.4313 189.6314 123.2845 211.3849 1.5189 1.5059 3.7636 -38.7152 2.8571 55.5285 1.1542 0.0663
Car -1 -1 1.8989 28.4828 194.0191 94.4079 224.0489 1.4717 1.7078 4.1316 -30.8398 2.7319 40.7316 1.2538 0.0636
Car -1 -1 1.2688 55.3684 194.0375 106.2327 218.6562 1.4762 1.6671 3.8955 -35.3717 2.9463 48.2441 0.6386 0.0597
Car -1 -1 2.1534 48.7085 187.8965 117.9807 216.4186 1.6703 1.6428 4.0413 -33.7959 2.6820 46.4756 1.5272 0.0595
Car -1 -1 2.2166 0.0000 189.7834 148.8249 250.7772 1.4494 1.5580 3.9129 -14.9521 1.9696 20.2059 1.5857 0.0591
Car -1 -1 0.7547 61.3076 194.5018 133.8526 218.6650 1.5080 1.6707 3.8473 -34.0950 2.9837 48.0900 0.1404 0.0584
Car -1 -1 1.6908 0.0000 201.4855 59.0480 244.3860 1.4942 1.6792 3.8338 -24.1504 2.7655 29.9676 1.0166 0.0582
Car -1 -1 1.7402 377.1637 182.0327 412.0889 205.5144 1.5099 1.6427 4.1816 -14.9208 2.1769 50.2660 1.4527 0.0552
Car -1 -1 1.7083 12.1726 188.9725 57.3974 218.1155 1.6207 1.6185 4.2310 -35.6428 2.6721 44.8317 1.0394 0.0543
Car -1 -1 4.8646 9.2776 195.4366 70.6910 233.9190 1.5109 1.6024 3.9195 -25.8782 2.6062 32.8958 4.2018 0.0535
Car -1 -1 1.5323 593.7919 172.3371 622.3815 198.0408 1.5305 1.6244 4.0302 -0.1311 1.4997 45.0099 1.5290 0.0528
Car -1 -1 2.1025 116.4618 185.4461 178.3111 210.8093 1.5377 1.6163 4.0418 -30.5464 2.4081 47.8256 1.5364 0.0521
Car -1 -1 4.9275 611.7194 173.7248 649.1627 198.2123 1.4993 1.6112 3.8990 1.3872 1.5578 46.4116 4.9568 0.0521
Car -1 -1 2.5994 0.0000 172.0605 219.4878 346.3088 1.4476 1.5310 3.4517 -6.3175 1.4410 7.8800 1.9399 0.0511
Car -1 -1 3.1836 0.0000 197.9809 76.2203 230.0088 1.5203 1.4585 3.8034 -30.9328 2.9254 38.6406 2.5118 0.0505