Car -1 -1 3.9221 761.0165 181.3558 899.0743 239.0219 1.4328 1.6614 3.6145 6.1500 1.6976 20.4960 4.2089 0.9285
Car -1 -1 3.7258 26.2343 186.3788 298.4312 290.8555 1.5227 1.5891 3.4281 -7.0665 1.7569 11.6176 3.1891 0.9230
Car -1 -1 4.4900 624.9536 177.8997 676.0880 213.9364 1.5186 1.6046 3.3566 1.8023 1.7597 32.6958 4.5440 0.8946
Car -1 -1 4.6482 609.6804 177.1441 640.5880 203.4262 1.4466 1.5558 4.0138 0.8735 1.7110 42.4197 4.6681 0.7499
Car -1 -1 3.5733 111.8952 196.2258 357.7120 284.2778 1.4997 1.6381 3.7859 -6.9315 1.9698 13.6335 3.1103 0.5618
Car -1 -1 3.4715 200.0495 153.3750 433.1512 250.3078 2.0375 1.7484 4.5040 -6.3946 1.6280 16.1349 3.0993 0.5145
Car -1 -1 3.3691 361.6092 179.1419 477.0854 218.4116 1.4757 1.6041 4.1125 -7.3773 1.7293 28.2442 3.1155 0.4553
Car -1 -1 3.3915 407.7572 171.9146 492.3383 198.0045 1.4258 1.5310 4.3656 -8.8623 1.3744 40.2708 3.1759 0.4096
Car -1 -1 3.2921 465.8377 164.6825 523.2730 186.5937 1.5182 1.6516 3.7897 -8.0685 0.9520 50.8311 3.1353 0.3599
Car -1 -1 3.3628 411.9116 179.0633 489.1753 208.7168 1.4009 1.5229 3.4270 -7.7138 1.7103 35.1836 3.1481 0.3192
Car -1 -1 3.5110 304.9909 179.9085 444.6787 226.1938 1.4311 1.6340 4.0124 -7.5876 1.6703 23.5307 3.2019 0.3057
Car -1 -1 4.7748 432.9902 179.5512 478.9059 219.3901 1.4802 1.5882 3.7980 -6.2108 1.7722 29.4713 4.5684 0.3047
Car -1 -1 4.9060 447.5995 175.3726 494.2186 206.5586 1.4763 1.6133 3.7034 -6.9183 1.6095 36.3132 4.7187 0.3030
Car -1 -1 4.7993 382.0319 179.0876 440.9560 224.8434 1.3950 1.5962 3.6770 -6.6400 1.6233 24.4790 4.5366 0.3024
Car -1 -1 4.9254 501.0295 169.8719 532.2778 193.4758 1.8019 1.6643 3.8890 -7.3106 1.5743 57.0907 4.7983 0.2314
Car -1 -1 4.9697 428.0965 169.0642 472.4165 196.0373 1.4754 1.6096 3.5880 -9.0628 1.2681 41.2931 4.7547 0.1851
Car -1 -1 1.5953 490.9572 175.7067 517.9318 202.1057 1.6254 1.6340 4.2069 -6.8183 1.8202 47.0833 1.4519 0.1613
Car -1 -1 3.8753 379.2497 166.7141 431.8974 185.6562 1.5850 1.6727 4.3640 -17.5621 1.0712 62.0927 3.6006 0.1413
Car -1 -1 4.7179 608.0445 166.2368 631.2215 190.3033 1.7437 1.6796 4.0459 0.7688 1.2643 54.3165 4.7316 0.1393
Car -1 -1 1.9273 419.3147 177.0436 486.3752 213.6275 1.4886 1.5995 3.9771 -6.8471 1.6861 31.9209 1.7173 0.1274
Car -1 -1 0.6844 30.6402 172.7524 144.3425 207.6164 1.5377 1.6379 4.0715 -23.6562 1.5332 32.7697 0.0629 0.1234
Car -1 -1 1.3961 451.9187 165.0653 482.3356 188.4898 1.7906 1.7008 4.0076 -11.3499 1.1952 57.3299 1.2013 0.1201
Car -1 -1 0.2052 452.6907 179.2928 517.1594 203.6219 1.4982 1.6071 3.7800 -7.8719 1.9143 45.7628 0.0354 0.1165
Car -1 -1 4.8545 479.4286 165.1997 510.0892 188.2531 1.5914 1.6345 3.8801 -8.1940 1.0630 51.7614 4.6980 0.0971
Car -1 -1 3.3731 452.7868 171.4302 515.6412 194.2886 1.5104 1.6333 3.9004 -8.4140 1.4163 48.6092 3.2023 0.0957
Car -1 -1 5.2899 202.9268 157.6159 272.9991 196.6167 2.0911 1.7073 3.7936 -20.8550 1.2741 40.6639 4.8185 0.0902
Car -1 -1 3.2265 389.6793 175.8866 479.9555 208.5375 1.4256 1.5905 3.8606 -7.8709 1.5679 32.7775 2.9923 0.0874
Car -1 -1 5.0904 196.8969 157.9723 257.6835 190.8615 1.6063 1.5794 3.4634 -19.5499 0.8795 37.0441 4.6076 0.0864
Car -1 -1 5.1101 244.4426 188.1582 399.9532 276.6536 1.4797 1.5444 3.7613 -5.6275 1.8305 14.6312 4.7483 0.0850
Car -1 -1 1.7702 512.8938 176.2085 539.8129 198.1253 1.8189 1.5960 3.7709 -7.1648 2.1182 62.4242 1.6560 0.0838
Car -1 -1 4.5998 448.1366 163.2610 474.9890 186.4762 1.8634 1.7372 4.1624 -12.3721 1.0934 60.1633 4.3976 0.0807
Car -1 -1 1.6829 603.2189 184.9677 642.3287 216.2433 1.4681 1.6056 3.8689 0.7352 2.1310 37.4595 1.7017 0.0763
Car -1 -1 0.1215 378.9035 174.5387 477.9882 210.4197 1.4774 1.6327 3.9365 -7.6731 1.5519 30.8555 -0.1206 0.0754
Car -1 -1 1.6041 652.2156 172.0224 679.4496 197.9534 1.6179 1.6424 3.8760 3.7030 1.5660 47.0365 1.6818 0.0721
Car -1 -1 2.8615 298.1853 177.6358 446.0314 231.6040 1.5134 1.6218 4.0649 -7.3119 1.6736 22.3629 2.5486 0.0720
Car -1 -1 1.6039 627.7042 179.4227 663.4201 212.4086 1.4860 1.6166 3.8425 1.8059 1.8252 35.2755 1.6540 0.0692
Car -1 -1 0.9876 879.7448 183.8778 1003.5571 239.1083 1.4431 1.6266 3.5803 9.7592 1.8007 21.5086 1.4077 0.0690
Car -1 -1 1.9107 401.3558 176.4809 465.3932 210.6254 1.4127 1.5832 3.8307 -7.7967 1.5848 32.2615 1.6750 0.0684
Car -1 -1 4.6667 390.9791 161.0551 413.7788 182.1088 1.7770 1.7309 4.1996 -18.1645 0.7811 63.1663 4.3877 0.0670
Car -1 -1 3.0604 890.3041 179.2626 1047.7520 232.0195 1.4872 1.6519 4.2088 10.9137 1.6983 22.2414 3.5108 0.0596
Car -1 -1 5.0770 317.2038 176.9758 442.6512 263.9785 1.8006 1.5471 3.7668 -5.2670 1.9091 17.0484 4.7811 0.0564
Car -1 -1 0.2857 228.7679 187.3377 431.7537 269.8396 1.4577 1.5301 3.3551 -5.2718 1.7552 13.9393 -0.0702 0.0561
Car -1 -1 4.7905 432.2578 178.3680 470.8378 209.2547 1.4098 1.5608 3.7807 -7.7474 1.6971 35.6190 4.5775 0.0551
Car -1 -1 2.5764 560.4376 184.1512 646.6271 216.4234 1.4758 1.6425 4.0557 -0.2765 2.0681 36.0389 2.5682 0.0550
Car -1 -1 4.5520 844.4639 166.2941 886.8511 195.0970 1.5209 1.6096 3.8811 14.1907 1.1745 40.1511 4.8891 0.0550
Car -1 -1 2.0417 214.6940 171.4054 392.7342 266.2128 1.7354 1.7146 4.2087 -6.2701 1.7089 15.3799 1.6600 0.0536
Car -1 -1 0.2369 455.7309 175.5554 533.2196 206.3030 1.4494 1.5794 3.4470 -5.5637 1.5843 35.1010 0.0804 0.0535
Car -1 -1 3.7114 180.2774 191.6494 412.0825 275.5966 1.4932 1.6517 4.0288 -6.2251 1.9012 14.5075 3.3120 0.0534
Car -1 -1 1.5913 647.9161 174.6938 675.2704 200.9705 1.5739 1.6423 4.0979 3.3279 1.6957 45.6308 1.6632 0.0518
Car -1 -1 3.0650 800.8143 167.4542 884.5386 196.3621 1.5223 1.6525 4.2180 12.6177 1.2380 39.2852 3.3733 0.0511
Car -1 -1 3.4923 154.6049 155.8072 251.9026 190.7657 1.7234 1.6498 3.9872 -20.5894 0.8830 36.6986 2.9840 0.0507