Car -1 -1 1.9173 342.7025 185.7264 429.4749 230.5327 1.4255 1.6583 4.2620 -8.0437 1.9348 26.3760 1.6236 0.9335
Car -1 -1 1.7057 465.8038 179.7459 498.8539 202.5526 1.4351 1.6472 4.1927 -8.5585 1.9216 48.8126 1.5326 0.7944
Car -1 -1 1.9443 321.6117 183.6423 375.7160 210.9444 1.4293 1.5463 4.0304 -14.9026 2.0791 41.4214 1.6007 0.3973
Car -1 -1 1.5013 314.5950 192.1211 364.0837 231.0410 1.4350 1.7145 4.1896 -11.7022 2.3260 31.1050 1.1438 0.1088
Car -1 -1 1.5227 409.0114 187.0930 439.1054 213.7543 1.4788 1.6070 3.9462 -11.4517 2.3971 44.4098 1.2713 0.0908
Car -1 -1 1.7167 458.7807 177.0841 494.8409 204.8751 1.6830 1.6816 4.2259 -8.4995 1.9681 46.4888 1.5365 0.0891
Car -1 -1 1.5723 522.9939 180.0045 547.9734 204.0202 1.4802 1.5781 4.1348 -4.9107 1.9759 47.8802 1.4702 0.0826
Car -1 -1 1.5189 412.7529 187.6235 455.5785 225.3116 1.4665 1.6352 3.9198 -7.7895 2.1616 31.8439 1.2804 0.0667
Car -1 -1 1.6643 386.9425 180.6291 409.9035 198.8073 1.5236 1.5822 4.1984 -18.8616 2.2433 64.5778 1.3809 0.0645
Car -1 -1 1.5522 365.2367 175.7261 386.7290 195.0271 1.4711 1.5660 4.0658 -18.7425 1.7099 57.8205 1.2398 0.0637
Car -1 -1 0.1195 335.8783 195.6634 431.9014 230.2671 1.4659 1.6907 4.0567 -10.3463 2.5574 33.3345 -0.1797 0.0556
Car -1 -1 2.1311 414.6391 183.9349 474.0566 211.0976 1.5163 1.6221 4.0898 -10.0681 2.2299 44.2696 1.9083 0.0546
Car -1 -1 0.4420 445.1175 180.4020 511.5679 202.8817 1.4375 1.6237 4.0773 -8.7787 1.9569 48.3367 0.2629 0.0523
Car -1 -1 1.8744 309.2109 183.5773 363.9539 213.6882 1.5040 1.6376 4.1451 -14.9241 2.1248 39.6597 1.5163 0.0522
Car -1 -1 4.5858 425.2766 185.9055 478.1559 225.7279 1.4377 1.6400 3.8207 -6.5059 2.0086 29.4849 4.3700 0.0509