Car -1 -1 4.9190 327.8972 181.6479 514.9535 318.0475 1.5038 1.6393 4.3666 -2.4363 1.6578 10.4362 4.6942 0.9711
Car -1 -1 4.4135 744.1317 176.2656 1039.5186 375.0000 1.6006 1.6466 3.7591 2.5461 1.6450 7.4983 4.7275 0.9552
Car -1 -1 4.9265 432.7121 183.8441 554.2866 267.1451 1.4769 1.6734 4.2520 -2.3264 1.7468 15.5446 4.7795 0.9318
Car -1 -1 4.4987 701.9962 185.5468 842.6694 280.2478 1.4158 1.6459 4.0907 2.8229 1.6876 13.3928 4.7010 0.8998
Car -1 -1 4.5889 669.5084 177.6398 721.9449 217.0888 1.4399 1.5699 4.1605 3.3796 1.6457 28.9308 4.7034 0.8984
Car -1 -1 4.5439 655.7676 177.2086 696.5482 206.2750 1.5616 1.6487 4.2003 3.7797 1.8255 41.5709 4.6334 0.8443
Car -1 -1 4.7401 570.7783 179.0600 599.8876 205.6310 1.4628 1.6075 3.9921 -1.3919 1.8469 42.6561 4.7072 0.3894
Car -1 -1 3.2066 533.9744 177.7635 603.7496 204.3603 1.4864 1.6181 3.9046 -2.3000 1.7741 41.4558 3.1510 0.3496
Car -1 -1 2.5752 448.7174 174.5023 535.9119 206.2565 1.5303 1.6549 4.1736 -5.9634 1.6194 36.9844 2.4160 0.3492
Car -1 -1 1.6781 465.2729 184.3437 543.4792 247.5100 1.4451 1.6088 4.2960 -2.7204 1.7897 19.4687 1.5403 0.2949
Car -1 -1 1.4367 578.6470 177.7638 605.6990 199.0132 1.5769 1.6107 3.8848 -1.3958 1.9755 56.5345 1.4117 0.2275
Car -1 -1 1.4850 536.2087 175.9903 561.8971 196.7892 1.5159 1.6170 4.1099 -4.6796 1.7661 55.4029 1.4008 0.1686
Car -1 -1 1.5764 678.4315 169.9265 696.3079 186.9553 1.5259 1.5948 4.0436 7.2076 1.2636 66.7537 1.6832 0.1598
Car -1 -1 3.0564 644.9892 169.7215 697.6288 189.5492 1.5453 1.6525 4.0201 4.8532 1.3011 57.0607 3.1405 0.1338
Car -1 -1 3.4457 510.3022 177.0686 565.0034 197.5179 1.4947 1.6333 3.7896 -5.4072 1.8195 54.4149 3.3467 0.1198
Car -1 -1 4.4652 637.0167 176.8082 674.4164 199.6082 1.4186 1.5691 3.8258 3.0013 1.6906 47.6198 4.5273 0.1033
Car -1 -1 3.3347 465.6520 172.0944 539.3951 197.8952 1.5156 1.6496 4.1373 -6.3871 1.4710 43.3059 3.1888 0.1031
Car -1 -1 2.7918 397.7949 178.1846 572.0616 239.3689 1.4745 1.6354 4.3393 -3.3215 1.6316 19.4824 2.6245 0.1017
Car -1 -1 -0.1274 566.9174 178.3242 638.7725 204.6405 1.4611 1.5648 3.9691 -0.4116 1.7840 41.5425 -0.1378 0.0867
Car -1 -1 0.1462 426.3807 183.8328 596.2941 241.6751 1.4817 1.5976 4.3906 -2.5831 1.7932 19.6350 0.0164 0.0715
Car -1 -1 4.9178 461.9476 177.0175 545.9009 233.8978 1.4741 1.6350 3.8947 -2.9629 1.6068 20.9890 4.7786 0.0708
Car -1 -1 3.3609 543.5123 178.8124 616.7043 205.0925 1.4821 1.6202 4.0386 -1.7072 1.8415 42.3713 3.3204 0.0697
Car -1 -1 4.6122 555.1160 166.6507 586.5047 194.1711 1.7547 1.6890 4.0751 -2.6268 1.3592 48.1496 4.5577 0.0673
Car -1 -1 1.5242 516.0692 177.6943 549.9001 207.9268 1.5670 1.6811 4.2451 -4.3270 1.8525 40.3370 1.4176 0.0669
Car -1 -1 -0.2650 661.6292 177.5604 733.2927 205.6244 1.5187 1.5938 3.6994 4.9030 1.7895 40.4584 -0.1458 0.0645
Car -1 -1 4.6851 559.1649 177.6901 588.9786 204.8354 1.4664 1.6107 3.8817 -2.0889 1.7592 41.6861 4.6348 0.0633
Car -1 -1 -0.3603 804.7042 151.3337 967.5084 211.4531 1.4758 1.5029 3.5912 6.9955 0.9476 18.4710 -0.0038 0.0628
Car -1 -1 1.6802 511.2425 175.5333 547.0386 202.4556 1.4881 1.6521 4.0019 -4.6629 1.6526 42.2822 1.5707 0.0615
Car -1 -1 1.7564 520.8083 174.8325 557.5560 201.4498 1.6924 1.7099 4.1472 -4.6640 1.8308 48.3371 1.6603 0.0602
Car -1 -1 5.2533 461.3928 173.1029 498.0249 189.2243 1.4680 1.6409 3.8481 -12.1733 1.4921 67.8554 5.0762 0.0597
Car -1 -1 3.4007 472.0104 175.6205 545.1782 203.1688 1.5275 1.6016 3.8598 -5.7427 1.6896 41.2434 3.2628 0.0552
Car -1 -1 1.6395 430.2951 175.9197 500.5875 234.9456 1.4544 1.6248 3.8751 -3.8984 1.5480 20.0108 1.4490 0.0533
Car -1 -1 1.6728 523.8218 187.4106 570.8003 224.5530 1.4677 1.6662 4.2159 -2.7184 2.1622 32.2989 1.5888 0.0521