Car -1 -1 4.6577 654.8698 183.5333 686.3232 210.1017 1.4505 1.6407 4.2119 3.6106 2.1218 43.2298 4.7398 0.8831
Car -1 -1 4.4232 694.4030 170.0838 753.9315 206.2906 1.5698 1.6428 3.9622 5.2221 1.4497 33.3579 4.5767 0.6468
Car -1 -1 4.6509 714.5488 180.7917 789.9492 255.6789 1.6132 1.5788 3.4435 3.4125 1.8282 17.7331 4.8370 0.5007
Car -1 -1 1.5229 662.2000 176.2542 683.1371 194.8145 1.5038 1.5771 3.9364 5.3228 1.8015 61.1876 1.6088 0.2044
Car -1 -1 1.7275 656.2789 180.5103 690.1226 207.1703 1.6586 1.6639 3.9011 4.2899 2.1922 48.1868 1.8152 0.1938
Car -1 -1 1.4869 677.4095 177.3784 707.8206 202.2216 1.5019 1.6050 3.9875 5.2951 1.8053 46.3694 1.5994 0.1005
Car -1 -1 1.4839 647.8858 183.5449 679.0008 209.0225 1.5385 1.6867 3.9593 3.4850 2.2679 47.2339 1.5565 0.0662
Car -1 -1 1.9690 658.0391 175.1983 694.7291 194.0891 1.5051 1.5836 4.0993 5.6127 1.7078 60.2090 2.0611 0.0626
Car -1 -1 5.0697 628.4893 190.9967 737.1678 260.2619 1.5045 1.5767 3.8122 2.0121 2.0292 18.8085 5.1735 0.0621
Car -1 -1 2.9666 652.1806 179.2047 718.5285 203.9357 1.5684 1.6714 4.0901 4.9311 1.9928 47.2424 3.0694 0.0583
Car -1 -1 1.6769 657.8870 172.7946 683.6766 193.5093 1.5974 1.6480 3.9530 4.9310 1.5928 57.7379 1.7613 0.0576
Car -1 -1 1.5611 663.4641 179.4702 689.2112 204.6626 1.5206 1.5889 4.0654 4.3015 1.9684 46.7402 1.6517 0.0544
Car -1 -1 4.4795 703.9193 172.5338 755.5956 207.4678 1.4648 1.5143 3.3596 5.2702 1.4514 31.9848 4.6408 0.0516
Car -1 -1 1.4997 652.3362 180.6762 686.9424 210.3891 1.5764 1.6882 3.9709 3.3931 2.0460 41.3238 1.5804 0.0508
Car -1 -1 2.9550 644.8881 181.1190 708.6373 205.1981 1.5784 1.6828 4.0708 4.5388 2.1519 49.0365 3.0462 0.0503
Car -1 -1 2.1608 691.2641 178.3756 748.5865 203.3477 1.4603 1.6305 3.9307 6.9309 1.8206 45.0786 2.3119 0.0502