Car -1 -1 4.8374 495.4784 181.7555 553.3738 226.1994 1.4814 1.6528 3.8533 -3.0806 1.8354 26.7610 4.7233 0.9635
Car -1 -1 4.5664 672.6698 181.6740 756.9070 242.6543 1.4162 1.6300 4.0905 2.7110 1.6785 19.4041 4.7023 0.9400
Car -1 -1 4.4044 738.6046 180.5462 1046.4475 375.0000 1.5756 1.7419 4.4408 2.7205 1.6862 8.1457 4.7145 0.9131
Car -1 -1 4.5130 702.1004 184.8794 833.1302 277.5541 1.4380 1.6234 3.8689 2.8110 1.6975 13.6339 4.7110 0.9078
Car -1 -1 4.2123 910.8585 0.0000 1242.0000 375.0000 1.5825 1.5441 3.6042 2.5671 1.2804 3.0696 4.8630 0.6773
Car -1 -1 4.6109 647.8513 178.7339 685.7900 211.2071 1.5092 1.5409 3.3273 2.7998 1.8148 35.8246 4.6876 0.6381
Car -1 -1 4.5221 715.6931 172.7834 751.4668 196.5538 1.4565 1.5769 3.6722 7.8727 1.4522 46.0647 4.6899 0.6037
Car -1 -1 4.7073 666.5517 178.8806 712.5020 220.3326 1.4362 1.6234 3.7305 3.0313 1.6821 27.5025 4.8153 0.5566
Car -1 -1 4.7668 631.0740 175.0513 659.5085 199.9206 1.5153 1.6098 4.0399 2.3371 1.6631 46.4262 4.8163 0.2454
Car -1 -1 4.5169 776.6804 177.9173 825.1108 210.8518 1.5183 1.6301 3.6183 9.4015 1.7818 35.6881 4.7719 0.2371
Car -1 -1 4.4035 768.7175 172.4033 816.3079 197.4966 1.4237 1.6119 3.9471 10.8290 1.3981 42.9571 4.6485 0.2258
Car -1 -1 1.9889 695.0375 173.2603 749.7906 201.8448 1.5104 1.5763 3.8865 6.3404 1.5342 40.2449 2.1436 0.1787
Car -1 -1 1.2799 473.3224 186.9202 512.9504 210.5693 1.4948 1.6546 3.9813 -8.1586 2.5178 50.3200 1.1195 0.1666
Car -1 -1 4.3123 695.6589 172.7934 730.7291 189.9257 1.4564 1.6092 4.0242 9.0766 1.4512 63.4882 4.4533 0.1619
Car -1 -1 5.0464 497.4001 173.8962 529.3248 190.3959 1.5084 1.6564 4.3910 -9.0981 1.6107 68.5708 4.9147 0.1489
Car -1 -1 1.5947 539.6473 178.5711 572.8410 210.3202 1.4893 1.5787 3.8034 -2.6512 1.7938 36.4830 1.5222 0.1429
Car -1 -1 4.5767 621.5137 168.4129 647.0245 188.4949 1.6513 1.6412 3.9905 2.0691 1.2861 61.3989 4.6100 0.1351
Car -1 -1 3.2192 621.7350 159.9809 675.0482 182.5503 1.5895 1.6247 3.7119 2.8120 0.6829 51.8632 3.2728 0.1278
Car -1 -1 0.0665 512.4650 174.4387 566.3619 195.1006 1.5041 1.6007 3.8801 -5.1706 1.6236 53.5158 -0.0298 0.1213
Car -1 -1 4.8010 518.4368 172.0252 544.4592 195.0018 1.6808 1.6160 3.9725 -5.8946 1.6202 54.7836 4.6940 0.1199
Car -1 -1 2.6207 929.6697 164.5123 1198.5707 254.5334 1.5080 1.5916 3.7975 7.9861 1.3683 12.9243 3.1636 0.1194
Car -1 -1 -0.2888 772.2275 173.4097 846.6613 199.0248 1.4502 1.5743 3.8573 11.5178 1.4830 41.7152 -0.0216 0.1059
Car -1 -1 1.3960 493.6439 174.4867 517.5903 190.8496 1.4720 1.5617 3.8879 -9.7383 1.6293 67.4158 1.2528 0.0999
Car -1 -1 1.7681 476.9246 174.5435 506.1888 195.5175 1.6386 1.6158 3.8753 -9.5538 1.7806 58.6542 1.6070 0.0989
Car -1 -1 4.8627 608.7778 197.1500 722.3350 294.3546 1.4392 1.5785 3.8528 1.2016 1.9721 13.7685 4.9465 0.0921
Car -1 -1 4.6314 632.4811 156.9586 660.5028 181.1528 1.7035 1.7152 4.1754 2.6686 0.5843 52.9176 4.6813 0.0902
Car -1 -1 4.5732 667.2244 12.1684 1242.0000 375.0000 1.5934 1.6304 3.8067 1.3876 1.3953 2.9396 4.9758 0.0896
Car -1 -1 3.2634 641.5083 178.6545 749.5743 221.7133 1.4872 1.6270 3.7713 3.1826 1.7101 26.4916 3.3810 0.0821
Car -1 -1 2.7804 609.9113 174.7803 674.9404 200.5496 1.5623 1.6237 3.7463 2.0550 1.6868 45.3007 2.8250 0.0800
Car -1 -1 4.5738 714.8635 168.7180 755.4426 199.0117 1.5032 1.5802 3.7081 6.5061 1.2980 37.6807 4.7431 0.0796
Car -1 -1 4.6824 736.1374 167.4701 761.0341 189.8770 1.5108 1.5940 3.8989 9.7338 1.1478 50.7013 4.8708 0.0786
Car -1 -1 1.3190 784.3751 178.2175 841.2568 211.1326 1.4100 1.5865 3.9889 9.3778 1.6745 33.5712 1.5886 0.0777
Car -1 -1 2.4679 739.5221 177.5252 832.2596 208.9321 1.3936 1.5854 4.1852 8.3430 1.6247 34.0955 2.7054 0.0774
Car -1 -1 1.8317 515.0530 182.7944 568.0855 215.4831 1.4659 1.6463 3.9354 -3.2977 1.9864 35.6996 1.7397 0.0757
Car -1 -1 4.7953 713.9714 176.6407 747.0316 203.9493 1.5139 1.6224 3.7408 7.1725 1.7479 42.5706 4.9606 0.0744
Car -1 -1 0.7719 923.8074 156.7127 1210.5398 265.0744 1.4704 1.6039 3.9459 7.2138 1.2514 11.9049 1.3054 0.0742
Car -1 -1 4.2327 799.5607 156.6558 923.9465 213.5660 1.4673 1.6395 4.0937 7.0900 1.0497 20.7523 4.5573 0.0657
Car -1 -1 4.6119 721.1679 175.0549 763.0928 207.2811 1.4278 1.5685 3.7838 6.2235 1.5380 34.1801 4.7900 0.0637
Car -1 -1 -0.1662 781.9017 182.2077 879.1100 218.2995 1.5019 1.6062 3.8535 9.6074 1.9251 31.6030 0.1257 0.0625
Car -1 -1 1.4300 446.5001 186.7150 479.3865 210.4881 1.4684 1.6714 3.8245 -10.0072 2.4512 49.0775 1.2294 0.0613
Car -1 -1 1.3332 654.4479 179.8687 723.9663 224.8684 1.4604 1.6006 3.9404 2.7941 1.7344 26.1180 1.4379 0.0606
Car -1 -1 1.7285 483.7398 171.6736 510.0754 190.6923 1.5699 1.6129 3.9671 -9.5728 1.4724 61.5453 1.5746 0.0585
Car -1 -1 1.6064 623.4880 178.7084 654.5801 208.4450 1.6165 1.6691 4.1775 1.7680 1.9764 42.2147 1.6474 0.0585
Car -1 -1 1.5757 628.5953 174.9059 655.0825 200.2383 1.5036 1.5834 3.7390 2.0224 1.6372 45.0430 1.6198 0.0574
Car -1 -1 4.8426 726.3843 166.7862 760.8750 193.0907 1.6193 1.6538 4.2968 8.7231 1.2457 46.7155 5.0258 0.0568
Car -1 -1 1.4497 726.0244 171.2901 762.6996 198.9167 1.5937 1.6786 4.2232 8.1248 1.5035 43.7822 1.6316 0.0552
Car -1 -1 -0.4293 787.9916 178.3234 878.3456 210.3789 1.4822 1.6144 3.8363 10.7430 1.7538 34.7756 -0.1326 0.0542
Car -1 -1 1.5339 491.1433 187.0513 518.1663 211.2347 1.5105 1.6919 3.4264 -7.1619 2.5120 49.0622 1.3892 0.0540
Car -1 -1 2.6615 496.7905 187.2511 562.0359 211.7969 1.5183 1.6956 4.0420 -5.3799 2.5246 48.6056 2.5513 0.0539
Car -1 -1 1.0664 895.0696 167.8165 1088.3408 258.5027 1.4717 1.5910 3.6466 6.9440 1.3900 13.5636 1.5302 0.0537
Car -1 -1 4.5864 640.0765 180.7666 695.7285 221.6008 1.4161 1.6312 4.0574 2.1786 1.7447 27.8906 4.6629 0.0520
Car -1 -1 2.2760 746.6666 166.5503 804.8074 189.6230 1.5166 1.6154 4.0773 11.3757 1.1022 49.2931 2.5012 0.0517
Car -1 -1 4.8699 472.1452 192.9878 923.1080 375.0000 1.4718 1.5808 3.8206 0.8570 1.6490 4.2894 5.0515 0.0503