Car -1 -1 4.6779 859.0518 176.0691 961.1250 263.3080 1.5111 1.6920 3.8840 6.0268 1.5864 14.7678 5.0576 0.8468
Car -1 -1 1.7917 725.5365 175.5337 780.2719 209.4865 1.5083 1.6935 4.2498 6.9545 1.6457 34.7007 1.9874 0.7882
Car -1 -1 1.6872 775.2333 176.8616 807.5959 199.7560 1.5064 1.6978 4.5174 12.8270 1.8015 50.7318 1.9330 0.5963
Car -1 -1 4.6914 867.0352 201.3759 996.0135 317.3246 1.4017 1.6251 3.3892 5.0418 1.9313 11.5207 5.0933 0.2323
Car -1 -1 1.4516 917.1168 171.2709 949.7365 194.1680 1.5757 1.6440 4.1614 23.2386 1.4668 51.8851 1.8703 0.1830
Car -1 -1 1.8331 795.8239 174.4578 824.9120 192.5898 1.5685 1.5481 3.9677 18.0855 1.7174 64.8887 2.1034 0.1505
Car -1 -1 1.1985 849.2244 176.9209 909.1855 209.1099 1.6647 1.7044 4.1370 14.8356 1.9015 39.9263 1.5513 0.1291
Car -1 -1 1.8541 844.2944 180.3814 892.0089 207.5189 1.4743 1.5969 3.9894 15.2481 1.9388 42.4401 2.1963 0.1032
Car -1 -1 4.4943 751.0496 170.0357 778.1282 188.0330 1.5727 1.6033 3.7500 13.9165 1.3264 64.9333 4.7042 0.0986
Car -1 -1 1.6286 845.1441 180.5040 868.4585 200.2768 1.5240 1.5971 3.9191 20.3668 2.1758 59.3659 1.9571 0.0939
Car -1 -1 1.3877 855.5791 188.4231 1057.9548 346.4970 1.6485 1.7191 4.0027 4.5553 1.9125 10.0913 1.7995 0.0885
Car -1 -1 4.5417 743.1722 196.2585 881.7882 305.0343 1.4390 1.5921 3.7279 3.2733 1.9002 12.2958 4.7946 0.0883
Car -1 -1 4.8435 916.5370 169.9302 957.9089 204.7786 1.8588 1.6229 3.9771 18.4750 1.7028 40.6035 5.2673 0.0875
Car -1 -1 1.3801 838.0162 183.2616 872.8191 206.7593 1.5207 1.5952 3.8396 17.1535 2.2778 50.4837 1.7054 0.0793
Car -1 -1 3.3102 858.7807 177.8594 938.9401 206.1060 1.5072 1.6424 3.9972 16.3626 1.8027 40.8562 3.6881 0.0785
Car -1 -1 -0.4164 842.9919 178.6688 1104.0115 265.6383 1.5247 1.6513 4.0978 6.7289 1.6420 13.6599 0.0320 0.0773
Car -1 -1 1.6138 944.0970 182.7212 986.6160 219.1509 1.4649 1.5501 3.7561 15.8805 1.9319 32.1284 2.0686 0.0742
Car -1 -1 1.4863 771.0317 178.8842 800.5075 201.6454 1.4668 1.6273 4.0593 12.1076 1.9004 49.7558 1.7232 0.0666
Car -1 -1 2.2875 923.5315 171.0470 981.3469 193.0235 1.4950 1.5859 3.7576 24.0302 1.3721 50.5654 2.7286 0.0648
Car -1 -1 -0.9070 764.1996 183.8208 840.4976 215.4723 1.4621 1.6325 3.9647 9.7701 2.0443 36.4579 -0.6478 0.0628
Car -1 -1 1.4260 938.8475 174.4887 991.1294 208.8871 1.5522 1.6759 4.1175 17.1530 1.6364 34.9844 1.8781 0.0627
Car -1 -1 4.3317 822.7945 180.9699 875.0305 208.1060 1.4849 1.6125 3.8193 14.0686 1.9863 42.6126 4.6480 0.0617
Car -1 -1 0.9565 902.4258 164.4189 947.5417 182.0493 1.5215 1.6626 4.0353 28.1025 0.7936 64.4141 1.3661 0.0616
Car -1 -1 3.8586 634.2487 192.9350 868.3824 295.5744 1.4345 1.5964 4.0557 2.3747 1.8535 12.9779 4.0343 0.0608
Car -1 -1 4.6652 867.9159 179.4494 978.0674 277.7292 1.4861 1.6079 3.8418 5.6053 1.6264 13.2692 5.0561 0.0604
Car -1 -1 3.1347 750.7461 178.8561 810.2971 201.7202 1.5103 1.6137 3.9141 11.7082 1.9324 49.5217 3.3650 0.0601
Car -1 -1 1.5330 914.4241 164.9779 951.9157 199.6428 1.7366 1.6460 4.1388 17.1531 1.3421 38.3745 1.9501 0.0601
Car -1 -1 4.5860 914.6546 167.0335 942.1380 186.5785 1.5718 1.6364 3.6362 26.4758 1.1037 60.0007 4.9995 0.0589
Car -1 -1 1.5832 856.2506 177.1928 891.0155 208.6474 1.5706 1.6726 4.3345 14.2862 1.8191 38.9922 1.9315 0.0583
Car -1 -1 4.8763 874.4933 179.2150 961.1099 240.1194 1.4537 1.5830 3.8077 8.4778 1.6451 19.6785 5.2770 0.0579
Car -1 -1 2.7751 840.2624 182.6819 920.5099 210.6832 1.5452 1.6535 3.9668 15.4426 2.1188 41.2615 3.1303 0.0577
Car -1 -1 1.8267 831.6115 177.4157 881.1683 207.1881 1.5562 1.6518 4.1236 13.9177 1.8264 40.5573 2.1546 0.0557
Car -1 -1 -0.2980 802.5786 180.8006 878.8810 207.6339 1.4948 1.6865 3.8590 13.2709 1.9620 41.5636 0.0085 0.0537
Car -1 -1 1.6411 915.7458 184.7304 958.4473 219.1786 1.4073 1.5274 3.5937 14.9084 1.9786 32.7623 2.0642 0.0529
Car -1 -1 1.1867 925.7329 170.6251 973.2530 193.9216 1.5170 1.6305 3.7097 22.9660 1.3719 48.8797 1.6233 0.0517
Car -1 -1 1.6520 799.8549 177.4713 824.6757 197.2831 1.5758 1.6800 4.2018 17.0830 1.9787 60.7045 1.9247 0.0517
Car -1 -1 2.7679 848.8009 192.7610 1165.6073 298.3096 1.5002 1.6513 4.1797 6.2111 1.8511 11.6834 3.2451 0.0506