Car -1 -1 4.1109 754.0731 189.3997 934.3959 278.2569 1.4049 1.5889 3.5153 4.3856 1.7706 14.0361 4.4067 0.9531
Car -1 -1 2.2366 0.0000 193.5956 125.1846 247.7689 1.4772 1.5783 3.5668 -17.3547 2.1859 22.8531 1.5926 0.9373
Car -1 -1 2.0809 194.1467 181.4927 288.0575 220.3744 1.6057 1.7724 4.6778 -16.8192 2.0320 33.2292 1.6153 0.8853
Car -1 -1 1.9200 0.0000 208.5087 8.4359 242.5150 1.4508 1.7893 2.8136 -31.5531 3.3030 35.8464 1.2018 0.2566
Car -1 -1 5.0074 3.7028 181.8645 78.5251 220.1595 1.4691 1.5164 3.4860 -23.9080 1.8733 30.4718 4.3463 0.2219
Car -1 -1 1.2331 153.6524 199.1103 201.8535 223.5504 1.4954 1.7773 3.5914 -29.8907 3.3787 49.9204 0.6957 0.1873
Car -1 -1 1.1581 751.8283 178.2219 803.7870 206.7072 1.4129 1.4805 3.2762 8.8534 1.7101 38.1953 1.3837 0.1750
Car -1 -1 3.8563 0.0000 205.2755 20.1488 236.4035 1.4631 1.7435 3.9185 -32.6211 3.1501 36.6556 3.1326 0.1641
Car -1 -1 1.4769 176.4074 196.9021 205.3590 217.7110 1.5688 1.7712 4.0182 -35.7192 3.6909 61.5189 0.9524 0.1494
Car -1 -1 1.7889 160.2565 199.7083 200.7311 224.1956 1.4737 1.7395 3.0016 -28.9971 3.3547 48.8429 1.2552 0.1231
Car -1 -1 1.8410 0.0000 206.9184 34.0150 240.4516 1.4611 1.7275 3.7275 -31.6989 3.3362 37.6651 1.1447 0.1068
Car -1 -1 1.5598 182.4646 205.3681 239.9428 255.8004 1.4301 1.6174 3.2487 -13.5833 2.6207 24.6092 1.0596 0.1059
Car -1 -1 4.8876 47.3321 183.6987 104.9538 219.6010 1.4823 1.4832 3.6580 -24.2787 2.0071 32.9475 4.2563 0.1028
Car -1 -1 3.5485 121.1891 195.9039 195.1969 219.8772 1.5030 1.7117 3.8591 -30.3114 3.0900 48.5475 2.9925 0.0966
Car -1 -1 0.6978 0.0000 181.3928 79.9864 218.9952 1.4877 1.5915 3.9296 -24.3726 1.8495 29.7488 0.0157 0.0867
Car -1 -1 2.0387 143.3036 194.1875 197.4732 219.1889 1.4813 1.6336 3.5295 -28.9521 2.9449 47.6794 1.4952 0.0802
Car -1 -1 2.0065 31.4415 181.1038 122.7654 219.0170 1.4818 1.5970 4.0715 -22.9526 1.8641 31.2878 1.3775 0.0769
Car -1 -1 3.9499 0.0000 182.1071 88.1300 218.2745 1.4669 1.5947 3.9648 -24.7549 1.8764 30.8670 3.2780 0.0755
Car -1 -1 1.8197 0.0000 180.1260 74.9299 221.2180 1.4882 1.6433 4.3000 -23.2480 1.8061 29.2431 1.1523 0.0698
Car -1 -1 4.9987 0.0000 205.8410 65.4403 239.1402 1.4733 1.7814 3.8188 -30.5018 3.3159 38.1978 4.3280 0.0666
Car -1 -1 4.6551 186.8504 175.9831 222.0675 204.6458 1.5947 1.6144 3.5678 -23.8903 1.7874 42.5052 4.1455 0.0659
Car -1 -1 4.5437 740.9891 196.0970 840.2678 268.4577 1.4407 1.6749 3.9787 4.3052 2.0770 17.7149 4.7772 0.0630
Car -1 -1 1.8034 178.8066 199.4322 220.6342 223.7461 1.4869 1.7123 3.8259 -28.7601 3.4324 50.7392 1.2897 0.0627
Car -1 -1 1.7079 165.3795 194.1159 196.4445 214.8203 1.5131 1.6738 3.8130 -35.0583 3.3157 59.0886 1.1741 0.0605
Car -1 -1 4.7406 168.5359 201.9686 225.3822 252.8390 1.4896 1.6125 3.6864 -14.4635 2.5967 25.4313 4.2276 0.0600
Car -1 -1 5.2112 185.2219 196.5129 229.7711 216.5113 1.5397 1.7635 3.7231 -34.4006 3.6286 61.8384 4.7051 0.0569
Car -1 -1 -0.2116 0.0000 200.9748 97.1378 234.2858 1.4700 1.7925 3.7067 -28.8940 2.9975 37.2004 -0.8687 0.0566
Car -1 -1 1.6803 0.0000 203.8584 9.3531 239.1670 1.4551 1.7349 3.5886 -30.5876 3.0508 35.1649 0.9680 0.0562
Car -1 -1 -0.6320 595.6528 187.4443 764.8298 254.6642 1.4614 1.6125 4.0750 1.8204 1.8638 18.1704 -0.5348 0.0551
Car -1 -1 0.4363 171.2957 198.8322 305.5706 244.0498 1.4535 1.6904 3.8030 -12.8469 2.3913 25.1407 -0.0322 0.0551
Car -1 -1 0.8337 3.3805 183.9444 113.1431 220.0967 1.5035 1.5437 4.0374 -24.2934 2.0102 31.8336 0.1857 0.0520