Car -1 -1 1.6675 489.4297 175.5893 586.7490 255.5133 1.5214 1.7182 4.1057 -1.2269 1.4087 15.7396 1.5855 0.9329
Car -1 -1 3.2232 534.2460 169.2636 600.9730 195.2562 1.4737 1.5630 3.7472 -1.8634 0.7792 41.5686 3.1738 0.1415
Car -1 -1 2.0429 569.3280 176.2320 622.1221 202.7489 1.4937 1.5503 3.8614 -0.2254 1.1963 42.5387 2.0326 0.1225
Car -1 -1 4.8830 491.0652 174.5452 534.7275 204.7849 1.4789 1.5950 4.0084 -4.4676 1.1382 37.1702 4.7592 0.1210
Car -1 -1 4.5906 530.6227 165.4465 563.6316 191.2274 1.4521 1.5187 3.4027 -3.1696 0.5472 42.2788 4.5114 0.1208
Car -1 -1 5.2106 519.8524 159.9167 585.4623 192.6995 1.5279 1.6071 3.8418 -2.2985 0.5214 35.5612 5.1417 0.1082
Car -1 -1 4.7278 508.2539 159.9471 534.1359 184.4359 1.5262 1.6062 4.0261 -5.1398 0.1822 46.8499 4.6143 0.1005
Car -1 -1 4.7728 560.8691 160.7179 588.6210 185.3763 1.4931 1.5503 3.5521 -1.5828 0.2340 45.2881 4.7332 0.0858
Car -1 -1 4.5370 561.5245 163.8923 589.6037 184.8891 1.6775 1.6499 3.8981 -2.0890 0.2698 59.4710 4.4972 0.0844
Car -1 -1 4.7890 500.6377 162.1966 543.9072 197.7311 1.4315 1.5778 3.6319 -3.2918 0.6534 30.7804 4.6784 0.0834
Car -1 -1 0.1363 493.9294 173.2658 587.9286 206.7364 1.4924 1.6121 4.1180 -2.6807 1.1247 32.9396 0.0507 0.0816
Car -1 -1 0.0660 569.8719 176.2389 635.0244 202.2453 1.4724 1.5558 3.6809 0.1490 1.1738 41.5637 0.0645 0.0777
Car -1 -1 1.7477 437.3376 198.0737 509.3792 249.5059 1.4235 1.6345 3.7301 -3.9651 1.9956 22.9500 1.5730 0.0763
Car -1 -1 1.8488 471.3680 178.0942 528.4693 210.7771 1.4856 1.6540 4.2294 -4.7968 1.3302 34.8592 1.7079 0.0760
Car -1 -1 3.3585 420.3496 182.5581 513.5192 215.9165 1.4986 1.6450 3.9758 -6.1204 1.5482 33.2094 3.1724 0.0705
Car -1 -1 0.0384 471.7883 158.9959 540.5021 183.6038 1.5298 1.6658 4.2572 -5.9548 0.1300 45.6871 -0.0952 0.0693
Car -1 -1 3.6296 517.3723 163.2330 577.9828 187.2902 1.5588 1.5856 3.7311 -3.5241 0.3744 48.0151 3.5519 0.0676
Car -1 -1 1.8570 572.5414 178.0246 627.4589 210.7775 1.4730 1.5866 3.9720 0.0458 1.3162 34.4344 1.8532 0.0673
Car -1 -1 0.5306 516.7776 167.0165 608.0868 200.2690 1.5029 1.6369 4.0572 -1.8152 0.8477 34.1184 0.4729 0.0651
Car -1 -1 3.6307 579.0563 178.4224 675.8557 212.6207 1.4660 1.6264 4.0912 1.2042 1.3335 32.5156 3.6623 0.0631
Car -1 -1 4.8748 517.2331 164.0573 563.1455 197.5688 1.5235 1.6363 3.6785 -2.8390 0.7299 34.5521 4.7885 0.0626
Car -1 -1 0.3767 577.9698 180.2740 655.3222 210.3609 1.4775 1.6019 3.6172 0.8332 1.4167 36.7090 0.3941 0.0604
Car -1 -1 4.9730 571.1392 182.2143 617.1479 211.4271 1.4686 1.5633 3.6748 -0.2811 1.5079 38.1812 4.9605 0.0576
Car -1 -1 4.5582 566.7405 161.8611 596.6976 184.5920 1.6975 1.7118 3.9946 -1.4870 0.2300 55.7650 4.5268 0.0556
Car -1 -1 1.4531 557.8481 168.5126 592.9454 194.8683 1.5014 1.6080 4.1248 -1.5457 0.7609 43.0852 1.4125 0.0550
Car -1 -1 3.2018 373.2033 190.1908 499.1842 237.0844 1.4605 1.6411 3.9592 -5.3895 1.7632 23.9249 2.9772 0.0540
Car -1 -1 3.2521 531.3688 164.5213 592.1251 184.7945 1.5089 1.6511 4.4448 -2.8969 0.2443 54.4078 3.1944 0.0532
Car -1 -1 0.0437 487.8960 164.3947 556.5614 191.1090 1.5004 1.6006 3.8494 -4.4520 0.5390 41.2731 -0.0679 0.0514