Car -1 -1 4.3835 765.3363 195.3669 1037.7939 375.0000 1.4010 1.5528 3.3621 2.7872 1.6930 7.6734 4.7182 0.9784
Car -1 -1 -0.3800 842.5546 176.4699 1124.6499 266.1697 1.4623 1.6093 4.1440 6.4483 1.5313 12.8014 0.0767 0.9581
Car -1 -1 0.6135 0.0000 177.8241 359.1729 300.8974 1.5523 1.6841 4.3620 -6.0184 1.6299 10.2241 0.0924 0.9153
Car -1 -1 3.5112 175.8981 184.0624 410.0822 260.6128 1.4762 1.5026 4.1906 -6.4347 1.7213 14.9676 3.1111 0.9145
Car -1 -1 0.7278 0.0000 179.8845 248.5295 340.2259 1.5169 1.5810 3.5741 -6.0917 1.6024 7.8452 0.0837 0.9107
Car -1 -1 3.6953 79.6329 174.9647 342.2581 258.1635 1.3651 1.4677 3.8787 -6.9269 1.4049 12.7389 3.2057 0.8973
Car -1 -1 4.6338 635.4184 176.2751 670.4584 204.8547 1.5442 1.6815 4.2433 2.4522 1.7518 41.6371 4.6917 0.8295
Car -1 -1 3.5364 241.3793 181.7208 426.5784 247.4041 1.4887 1.5241 3.8903 -6.5643 1.7131 17.4173 3.1805 0.8092
Car -1 -1 3.4843 311.9765 176.4347 462.6201 229.4064 1.5490 1.6224 4.1096 -6.7445 1.6634 22.1350 3.1914 0.7898
Car -1 -1 -0.2805 777.1781 181.1598 935.7720 244.2686 1.4852 1.5157 3.4585 6.0766 1.7021 18.0220 0.0390 0.7693
Car -1 -1 2.7962 706.4727 176.2032 824.4355 217.0848 1.4105 1.5442 3.8752 5.5967 1.5364 26.0930 3.0046 0.7692
Car -1 -1 2.8905 728.6962 180.8961 867.8831 229.7978 1.4862 1.5797 4.0194 5.9362 1.7512 22.9843 3.1395 0.6927
Car -1 -1 0.2048 440.4440 172.0063 521.9843 202.8431 1.4979 1.5894 3.7479 -6.3442 1.4567 35.9002 0.0307 0.6731
Car -1 -1 -0.4185 813.6816 176.5211 1022.1250 247.1498 1.4032 1.5473 3.7465 6.4112 1.4849 15.2462 -0.0280 0.6113
Car -1 -1 4.4671 891.0212 164.7459 934.4831 190.3831 1.4963 1.5960 3.6450 18.4448 1.0231 44.0325 4.8612 0.5492
Car -1 -1 3.4412 456.1894 175.3491 537.6608 203.7612 1.4713 1.5430 4.0309 -6.0001 1.6085 38.6070 3.2877 0.4964
Car -1 -1 3.4034 339.3284 164.2733 476.5128 214.6960 1.6580 1.6626 4.2091 -6.7855 1.3758 24.5678 3.1362 0.4529
Car -1 -1 3.8844 0.0000 219.7957 195.4644 375.0000 1.4277 1.6273 4.0429 -5.5754 1.8342 5.3593 3.1041 0.3821
Car -1 -1 4.6997 709.6154 166.8224 729.0204 186.5294 1.7084 1.6628 3.9491 9.8021 1.1855 64.6209 4.8493 0.3235
Car -1 -1 2.9620 705.6506 167.6704 805.4164 204.9741 1.4237 1.4490 3.6304 5.6714 1.2259 28.2907 3.1574 0.2941
Car -1 -1 -0.3763 773.1402 176.5321 925.8510 229.6498 1.4398 1.5958 3.8176 6.7791 1.5494 20.6013 -0.0633 0.2590
Car -1 -1 4.7509 628.3166 176.9173 650.4325 195.9424 1.4235 1.5903 4.0331 2.3829 1.7559 56.9456 4.7921 0.2422
Car -1 -1 1.5063 505.7772 182.2116 534.2047 207.5717 1.4718 1.5335 3.7035 -5.6545 2.0845 45.2848 1.3824 0.2207
Car -1 -1 3.3894 476.6437 169.0945 542.1959 192.2676 1.5580 1.6377 4.1850 -6.8512 1.3052 49.5556 3.2524 0.1967
Car -1 -1 0.7495 0.0000 152.8964 123.2426 197.5802 1.4953 1.5246 3.4917 -19.1112 0.8274 25.0836 0.1035 0.1885
Car -1 -1 2.2524 0.0000 227.3458 190.9428 375.0000 1.3964 1.5542 3.5716 -4.5904 1.9033 4.8937 1.5257 0.1827
Car -1 -1 1.4444 769.6428 174.8373 853.9955 237.2999 1.4948 1.6505 4.1696 5.3623 1.5546 19.5833 1.7071 0.1759
Car -1 -1 0.1379 428.6863 163.4568 496.2299 185.2815 1.4705 1.6225 4.3627 -10.0599 0.8374 49.5611 -0.0616 0.1747
Car -1 -1 4.8394 854.3765 162.9053 890.2562 187.3140 1.4620 1.6295 4.0265 16.5613 0.8661 45.3810 5.1871 0.1410
Car -1 -1 1.6585 696.1130 179.2677 723.7654 202.6598 1.5049 1.5440 4.0151 6.9506 1.9657 49.7158 1.7961 0.1327
Car -1 -1 4.6192 433.3005 161.8220 457.3923 182.3062 1.7637 1.7306 3.9895 -14.6585 0.8138 64.2890 4.3958 0.1285
Car -1 -1 2.6901 1013.5717 166.8507 1101.2709 192.9016 1.4879 1.6281 4.0578 26.1455 1.1450 42.2214 3.2412 0.1238
Car -1 -1 4.7393 320.2725 164.7714 345.1985 188.1842 1.8097 1.7516 4.2162 -22.2319 1.1849 58.0498 4.3749 0.1218
Car -1 -1 3.8309 423.3983 156.3705 486.1206 179.6766 1.7373 1.6990 4.7278 -11.9488 0.5086 55.6270 3.6201 0.0881
Car -1 -1 0.7265 471.9747 182.8358 536.5120 208.7439 1.4890 1.6245 3.8293 -6.5168 2.1290 44.5333 0.5816 0.0800
Car -1 -1 4.4416 298.9030 167.9391 343.0895 192.4754 1.5616 1.6671 4.2366 -19.2779 1.2488 48.1129 4.0622 0.0793
Car -1 -1 4.2517 754.0944 181.6125 859.6472 232.5864 1.4589 1.6367 4.1283 6.3148 1.7718 23.5887 4.5094 0.0785
Car -1 -1 0.0582 760.9427 182.0667 905.5580 234.4603 1.4969 1.5719 4.1895 6.9745 1.8041 22.5915 0.3533 0.0784
Car -1 -1 4.3022 900.1927 166.4517 966.7488 198.8145 1.4803 1.5707 3.7068 15.5645 1.1875 34.8620 4.7187 0.0755
Car -1 -1 3.2081 697.4064 167.6225 743.2331 185.3891 1.5372 1.6370 3.8965 9.7823 1.0845 63.6480 3.3597 0.0715
Car -1 -1 4.9468 506.6878 170.8483 542.9069 194.0368 1.5641 1.6328 4.0422 -5.9167 1.4289 50.7737 4.8311 0.0711
Car -1 -1 1.2742 485.2730 175.3389 530.2999 200.3074 1.5006 1.6736 4.2631 -6.5522 1.6672 46.1043 1.1334 0.0710
Car -1 -1 1.5512 664.8828 168.5300 684.4820 189.7970 1.7854 1.6115 3.9991 5.6244 1.4224 62.6247 1.6400 0.0685
Car -1 -1 2.0828 512.7082 180.8463 566.5946 206.7832 1.5119 1.6117 4.0397 -4.3586 2.0408 45.5721 1.9875 0.0682
Car -1 -1 1.9132 621.3610 174.4671 659.7090 194.6416 1.4797 1.6127 4.2612 2.4298 1.6090 55.5639 1.9563 0.0630
Car -1 -1 5.0601 341.8600 178.3000 464.3719 244.8693 1.5176 1.6915 4.3373 -5.2711 1.6782 19.0440 4.7931 0.0612
Car -1 -1 4.6567 952.5495 165.3618 999.0707 202.3187 1.4843 1.5755 3.1961 15.5559 1.1834 30.7592 5.1208 0.0597
Car -1 -1 1.4821 794.9744 173.4902 865.0060 226.5821 1.4399 1.6341 4.0523 6.5458 1.4610 21.7677 1.7699 0.0574
Car -1 -1 2.6298 453.2963 180.3898 528.2512 207.8512 1.5271 1.6418 4.1464 -7.0650 1.9977 43.1206 2.4679 0.0571
Car -1 -1 1.3047 956.5261 167.1038 1003.0925 192.8445 1.4821 1.5592 3.7346 22.2740 1.1510 43.5322 1.7747 0.0568
Car -1 -1 0.0619 412.1715 160.7583 463.5685 182.1734 1.8343 1.7739 4.2648 -14.9562 0.7983 63.0394 -0.1703 0.0566
Car -1 -1 4.3267 1012.5657 165.3868 1070.5533 191.5110 1.4913 1.6324 3.8655 25.7959 1.0650 43.2213 4.8616 0.0565
Car -1 -1 -0.9992 642.9595 174.9309 688.3124 195.0583 1.4864 1.6047 3.9670 4.3692 1.6528 55.7750 -0.9218 0.0565
Car -1 -1 1.6481 507.9926 170.8691 538.0963 196.4704 1.5972 1.6331 4.1253 -5.6049 1.4734 47.1097 1.5299 0.0560
Car -1 -1 0.2325 412.9121 158.1952 479.5600 180.8527 1.6804 1.7046 4.6309 -12.2733 0.5932 54.3903 0.0115 0.0551
Car -1 -1 5.4891 157.7749 156.4670 298.8270 209.4005 1.5387 1.6729 3.9753 -12.0551 1.0623 23.1198 5.0130 0.0548
Car -1 -1 3.9308 0.0000 165.0962 229.2671 282.2171 1.5199 1.5314 4.0810 -7.8669 1.4192 10.4356 3.2969 0.0546
Car -1 -1 4.8130 324.5312 164.1107 357.3087 188.7985 1.5843 1.6351 4.2939 -18.0381 1.0232 48.5877 4.4591 0.0545
Car -1 -1 1.9740 0.0000 217.2759 226.6404 375.0000 1.3677 1.5840 3.6840 -4.6726 1.8681 6.1548 1.3449 0.0541
Car -1 -1 1.4612 651.5299 168.5870 675.2856 189.2976 1.7372 1.6220 3.9944 4.6356 1.3793 62.5483 1.5345 0.0539
Car -1 -1 4.9278 144.1275 157.8804 232.4022 208.7601 1.4727 1.6196 3.7950 -13.2676 1.0393 22.9380 4.4083 0.0538
Car -1 -1 5.3564 0.0000 0.0000 1242.0000 375.0000 1.5488 1.5918 4.0144 -3.3456 1.5673 2.0418 4.3919 0.0537
Car -1 -1 2.8287 665.9551 171.1866 776.3491 210.1351 1.4722 1.5196 4.0126 4.3517 1.4092 28.3477 2.9789 0.0536
Car -1 -1 1.0387 833.3727 161.7804 890.2685 187.0603 1.4980 1.6093 3.8201 15.5910 0.8418 44.7877 1.3714 0.0535
Car -1 -1 4.7101 449.9337 165.1279 474.8499 188.9317 1.6084 1.6553 4.0891 -10.3870 1.0864 50.9241 4.5097 0.0535
Car -1 -1 4.4507 691.1068 169.3071 720.3759 186.7364 1.5053 1.6052 3.9966 8.5468 1.1990 64.4016 4.5818 0.0531
Car -1 -1 2.6159 0.0000 206.7040 99.6879 375.0000 1.4211 1.6122 4.0466 -5.9123 1.7499 4.8704 1.7613 0.0530
Car -1 -1 5.1387 435.5670 162.2947 472.3948 182.6725 1.7410 1.7151 3.9047 -13.6987 0.8388 63.7356 4.9276 0.0527
Car -1 -1 1.6313 815.2413 168.2822 850.8376 197.5532 1.4858 1.5917 4.0775 12.0619 1.2537 38.8137 1.9301 0.0524
Car -1 -1 4.5343 701.4951 168.5684 727.4645 186.2641 1.5108 1.5985 3.8703 9.2087 1.1449 63.5643 4.6772 0.0524
Car -1 -1 3.1537 652.0591 186.9212 775.0779 236.1095 1.4712 1.5821 3.7936 3.3357 1.9456 23.2617 3.2935 0.0521
Car -1 -1 3.8985 177.3370 166.2160 265.6660 195.7300 1.5029 1.6218 4.1205 -20.4581 1.1649 38.0661 3.4081 0.0516
Car -1 -1 1.4511 1061.6101 163.3861 1107.9996 194.1004 1.5471 1.6146 3.6783 25.1951 1.0702 38.3502 2.0287 0.0505
Car -1 -1 4.4848 317.8695 161.7193 353.9057 183.6970 1.5222 1.6261 3.7545 -19.7461 0.7510 51.9878 4.1234 0.0505
Car -1 -1 3.2208 705.4500 163.2817 779.5803 189.9688 1.5193 1.6365 4.1696 7.8268 0.9743 42.4042 3.4018 0.0500