Car -1 -1 4.5942 875.5972 182.2930 957.3507 240.1138 1.4130 1.6217 4.1837 8.6336 1.7116 20.5945 4.9854 0.9618
Car -1 -1 3.7573 324.4235 181.2260 548.5446 271.1166 1.5117 1.6868 3.9703 -3.3389 1.6912 13.9444 3.5257 0.6925
Car -1 -1 1.4590 885.6255 171.9940 910.0962 189.3250 1.5763 1.6705 4.1986 27.0803 1.4981 67.8697 1.8369 0.3628
Car -1 -1 1.1242 888.0734 170.5926 938.0198 195.5670 1.4633 1.4804 3.3886 18.4521 1.3308 44.0058 1.5186 0.2480
Car -1 -1 2.2089 342.0293 182.4745 552.1748 285.0693 1.4730 1.6537 3.8292 -2.6877 1.6719 12.8349 2.0057 0.1780
Car -1 -1 4.3275 1053.4895 183.1244 1242.0000 292.1114 1.4704 1.5151 3.5220 8.8534 1.6678 11.9811 4.9515 0.1716
Car -1 -1 4.5936 863.6022 176.1857 905.0251 208.6006 1.5173 1.5162 3.4854 13.6670 1.6923 36.0323 4.9530 0.1587
Car -1 -1 2.6676 1006.8791 144.4701 1242.0000 375.0000 1.4737 1.5517 4.0271 4.2476 1.3988 3.3769 3.5249 0.1481
Car -1 -1 4.8057 927.6580 171.1893 970.5899 202.0801 1.4629 1.6076 3.8681 17.0944 1.3840 36.2441 5.2429 0.1238
Car -1 -1 1.5066 890.2131 172.8716 917.9281 195.4258 1.5538 1.5816 3.9520 21.1174 1.5551 51.8365 1.8911 0.1186
Car -1 -1 4.4824 888.6838 175.7811 933.8538 204.5973 1.5218 1.5305 3.6424 16.8396 1.6935 40.4155 4.8742 0.1108
Car -1 -1 5.4871 345.3912 163.2125 488.3009 236.6842 1.7540 1.5757 3.6212 -5.0081 1.5238 19.1871 5.2346 0.1026
Car -1 -1 4.5502 920.5209 171.4619 969.3664 205.3759 1.4667 1.5292 3.0669 15.2292 1.4065 32.8861 4.9801 0.0896
Car -1 -1 4.5432 857.0123 173.6734 901.0667 205.6537 1.4875 1.5441 2.8461 13.0924 1.5292 35.1811 4.8963 0.0865
Car -1 -1 1.6370 862.2153 187.8889 910.6713 227.4286 1.4830 1.6815 4.2319 11.9737 2.1777 31.0648 2.0010 0.0791
Car -1 -1 0.1783 485.5752 126.3369 1242.0000 375.0000 1.4767 1.4979 3.8582 1.2759 1.2866 4.4465 0.4393 0.0746
Car -1 -1 4.0788 987.6859 218.5520 1242.0000 375.0000 1.4919 1.6486 3.8131 5.9021 2.1051 7.7723 4.7086 0.0731
Car -1 -1 1.2852 880.9776 172.0143 911.8411 188.6741 1.4939 1.5968 3.9504 26.4886 1.4186 66.7386 1.6613 0.0708
Car -1 -1 0.0054 457.5637 178.5643 609.6187 235.6093 1.4676 1.5867 3.9723 -2.0524 1.6316 19.7429 -0.0976 0.0659
Car -1 -1 2.4005 887.0765 169.9973 952.0574 195.1348 1.4789 1.5235 3.5180 18.7924 1.3109 43.7531 2.8035 0.0610
Car -1 -1 5.2510 432.6435 162.8304 547.0684 218.2135 1.5633 1.6624 4.0653 -3.6181 1.2804 22.5632 5.0933 0.0605
Car -1 -1 4.6887 917.0572 232.9359 1111.4880 375.0000 1.4651 1.6213 3.7244 4.6360 2.3468 8.5598 5.1687 0.0579
Car -1 -1 4.6282 471.7721 176.1225 547.4020 239.5675 1.4530 1.6178 3.9269 -2.7004 1.5478 18.8344 4.4870 0.0576
Car -1 -1 1.5504 889.4100 169.9828 910.0137 188.9761 1.6555 1.6308 4.2177 26.1666 1.4052 65.1502 1.9304 0.0573
Car -1 -1 4.6941 865.3971 176.8944 904.9913 211.5733 1.5077 1.6479 3.8945 12.9220 1.7098 33.9723 5.0542 0.0571
Car -1 -1 3.1388 903.5938 172.1538 981.2847 207.2720 1.4881 1.5637 3.0509 14.6838 1.4584 31.9157 3.5662 0.0563
Car -1 -1 2.9562 954.5868 210.4671 1242.0000 375.0000 1.5153 1.6570 4.1309 5.8937 1.9933 7.5119 3.6012 0.0549
Car -1 -1 4.6166 841.4049 177.6871 882.1814 209.6413 1.5054 1.5936 3.6406 12.7188 1.7633 36.5414 4.9486 0.0536
Car -1 -1 4.3140 1088.7029 187.6032 1242.0000 256.7353 1.4446 1.6078 3.9401 13.7136 1.8573 18.0815 4.9544 0.0531
Car -1 -1 -0.5322 817.2173 173.6946 1242.0000 375.0000 1.5333 1.5519 3.8806 3.2790 1.5391 4.0144 0.1166 0.0529
Car -1 -1 1.5287 905.4835 171.7203 944.1031 202.1678 1.4752 1.6297 4.2475 16.2058 1.4202 37.2327 1.9360 0.0516
Car -1 -1 4.7908 913.9012 173.2109 950.8195 202.0227 1.5228 1.5971 3.7656 18.0267 1.5437 40.2211 5.2091 0.0512
Car -1 -1 3.6432 263.7119 181.8324 529.4847 287.7243 1.4622 1.5798 3.7113 -3.2841 1.6182 11.3488 3.3669 0.0504
Car -1 -1 5.2130 455.1607 169.4991 569.7681 227.0744 1.4837 1.6122 3.7924 -2.6623 1.3972 20.6530 5.0858 0.0503