Car -1 -1 1.7070 367.8248 186.6219 450.0550 248.0172 1.4384 1.6329 3.9427 -5.4119 1.8571 19.8862 1.4441 0.9635
Car -1 -1 1.7566 421.5549 186.6780 479.2072 225.2206 1.3359 1.5434 3.6058 -6.1352 1.9100 28.1404 1.5434 0.8793
Car -1 -1 1.2540 647.0551 164.9028 757.2551 237.8671 1.7288 1.6939 4.1002 2.3327 1.5404 19.2732 1.3719 0.7747
Car -1 -1 4.7683 544.1811 174.3807 571.2891 196.3824 1.4817 1.6758 4.1995 -3.6231 1.5940 50.9959 4.6974 0.3330
Car -1 -1 4.9383 523.3965 172.5724 556.7618 195.6793 1.6120 1.6186 3.6856 -4.9935 1.5924 52.2700 4.8432 0.2335
Car -1 -1 4.5789 654.6063 150.6444 694.0567 181.1278 1.4989 1.5571 3.6212 3.3021 0.4068 37.3238 4.6663 0.2045
Car -1 -1 1.6055 540.6564 171.9245 567.5466 197.9258 1.6785 1.6612 4.2348 -3.7051 1.6185 48.7272 1.5296 0.1009
Car -1 -1 -0.2904 650.6756 150.9404 735.6815 182.0182 1.5207 1.5857 3.9759 4.1972 0.4484 36.4365 -0.1768 0.0665
Car -1 -1 1.3201 667.4553 151.1936 743.0850 200.1703 1.5266 1.6108 3.9053 3.1573 0.8514 24.5277 1.4463 0.0613
Car -1 -1 3.5243 506.2937 173.7596 562.8204 196.6720 1.5830 1.6041 3.6572 -5.3145 1.6489 51.2266 3.4211 0.0604
Car -1 -1 3.3266 523.9745 175.3703 588.2863 196.9751 1.4800 1.6701 4.2757 -3.7311 1.6606 50.7429 3.2532 0.0576
Car -1 -1 1.2893 548.8800 173.4756 590.2326 198.1536 1.5272 1.6222 4.0465 -2.6494 1.5695 46.9403 1.2329 0.0531
Car -1 -1 1.8691 526.5826 171.2103 568.8784 197.0757 1.6151 1.6589 3.9653 -3.9902 1.5124 47.1676 1.7848 0.0517