Car -1 -1 2.0148 0.0000 194.8758 269.2936 344.1529 1.5451 1.7943 4.3685 -6.6272 1.9321 10.4089 1.4589 0.9704
Car -1 -1 2.3314 378.2755 183.3716 545.7954 246.5656 1.4746 1.7354 4.7912 -3.9398 1.8046 20.1498 2.1401 0.7289
Car -1 -1 4.1947 273.3927 193.5131 336.1590 223.7265 1.4653 1.6246 3.4738 -16.5018 2.6313 39.0233 3.7967 0.2695
Car -1 -1 0.5533 0.0000 202.0362 89.7329 229.0321 1.5349 1.5461 4.4738 -34.7327 3.3647 44.2282 -0.1096 0.1984
Car -1 -1 4.6692 176.1889 185.3437 212.8106 215.5935 1.5037 1.5884 3.5487 -22.6808 2.2187 39.3807 4.1493 0.1368
Car -1 -1 0.5838 204.9951 193.9029 285.5418 220.8028 1.5443 1.5469 4.2410 -22.2055 2.8588 44.0386 0.1188 0.1239
Car -1 -1 1.5447 518.8195 185.9716 550.5541 216.6034 1.4867 1.5929 3.9062 -4.0672 2.2293 38.8066 1.4404 0.1211
Car -1 -1 2.0972 140.8748 181.0593 202.3719 205.7425 1.5377 1.6272 4.2096 -29.3323 2.1131 48.4761 1.5553 0.1197
Car -1 -1 1.9125 0.0000 208.3228 27.5549 255.0033 1.3947 1.6534 3.6649 -23.1959 2.8018 26.6163 1.2005 0.1164
Car -1 -1 2.0034 267.3108 191.8767 329.9661 223.8249 1.5179 1.6566 3.6873 -16.4563 2.5788 38.3724 1.6004 0.1161
Car -1 -1 1.6901 0.0000 188.3118 36.7108 214.2512 1.5438 1.6078 3.7867 -38.8997 2.6025 47.3897 1.0054 0.1141
Car -1 -1 0.2488 473.4641 177.6007 545.8430 202.6262 1.5116 1.5757 4.2115 -6.2018 1.8143 44.9887 0.1121 0.1080
Car -1 -1 1.6887 528.5272 183.8548 560.3019 209.5659 1.4678 1.5388 3.6025 -3.9852 2.1752 44.5733 1.5996 0.1044
Car -1 -1 5.1305 0.0000 211.1519 86.7755 259.7021 1.5183 1.7251 3.6753 -21.9025 3.0944 27.7013 4.4659 0.0990
Car -1 -1 4.9769 449.3810 170.9368 578.1844 254.3718 1.4987 1.6400 3.9716 -1.8321 1.4643 15.0441 4.8570 0.0986
Car -1 -1 1.5836 539.7633 193.0854 581.7465 231.9754 1.4387 1.6876 4.3927 -2.0833 2.3780 31.2602 1.5168 0.0943
Car -1 -1 1.4217 528.6354 186.9680 566.2868 215.7878 1.5087 1.5863 4.1561 -3.6744 2.3761 42.1382 1.3346 0.0870
Car -1 -1 1.5001 510.3221 191.7740 557.2846 231.6207 1.4741 1.7053 4.4073 -3.3431 2.3535 31.2157 1.3936 0.0851
Car -1 -1 1.5486 544.3096 185.8839 575.6448 216.1033 1.4723 1.5961 3.9853 -2.7205 2.2135 38.9856 1.4787 0.0838
Car -1 -1 3.5568 533.6790 191.3869 641.6434 231.4516 1.4655 1.6934 4.0536 -0.8894 2.2595 29.3675 3.5260 0.0815
Car -1 -1 4.3357 121.8494 183.6455 209.2611 222.9737 1.4164 1.6139 4.0433 -17.7991 1.8760 28.8685 3.7870 0.0800
Car -1 -1 4.9452 170.4669 182.0192 237.4573 222.2744 1.5002 1.5849 3.6802 -16.6482 1.9037 29.7804 4.4390 0.0770
Car -1 -1 3.6717 7.7217 204.5941 117.0938 238.2381 1.5826 1.6808 4.2044 -28.0079 3.2593 37.0418 3.0276 0.0767
Car -1 -1 1.5829 521.5604 191.6786 559.0609 226.6535 1.4699 1.6944 4.2515 -3.3168 2.4367 34.8680 1.4881 0.0763
Car -1 -1 5.5466 292.5930 192.9641 369.3353 224.1492 1.5099 1.6949 3.7697 -15.2449 2.6728 39.6617 5.1814 0.0753
Car -1 -1 5.2137 315.0749 182.2525 366.6109 207.6619 1.5092 1.5835 3.5160 -17.1051 2.1337 46.0849 4.8599 0.0723
Car -1 -1 1.1553 534.1750 192.2843 599.9900 229.2460 1.4715 1.7085 3.4960 -1.9790 2.4049 32.7155 1.0946 0.0675
Car -1 -1 0.2448 385.9394 179.2215 459.5050 204.9466 1.5635 1.5970 4.1850 -11.6286 1.9684 45.0681 -0.0066 0.0664
Car -1 -1 -0.2715 542.2217 191.2729 638.9943 225.9868 1.4713 1.7049 4.1917 -0.8940 2.3639 33.5326 -0.2987 0.0658
Car -1 -1 5.4238 432.7138 181.1721 571.8260 237.6950 1.4510 1.7112 4.2541 -3.0596 1.7241 21.4371 5.2831 0.0646
Car -1 -1 3.0269 262.6476 194.4075 369.7057 230.8560 1.4521 1.6887 4.3218 -13.2407 2.4794 32.6168 2.6437 0.0645
Car -1 -1 -0.0087 437.6885 169.8145 626.9159 250.5571 1.4639 1.5287 3.4621 -1.4820 1.4088 14.0360 -0.1128 0.0598
Car -1 -1 5.2217 340.0419 120.6220 644.0460 295.3832 1.4420 1.5807 3.7938 -0.9976 1.0110 8.0086 5.1009 0.0597
Car -1 -1 1.9053 536.3787 191.3315 595.5688 225.9553 1.4534 1.6827 3.7453 -2.0187 2.3885 34.4861 1.8466 0.0591
Car -1 -1 1.7147 542.6346 183.1011 577.3099 208.7865 1.4746 1.6034 3.9940 -3.0541 2.1445 45.1143 1.6470 0.0581
Car -1 -1 -0.5029 463.9802 170.3068 685.9546 257.0797 1.4833 1.6056 4.0499 -0.6182 1.4398 14.0729 -0.5469 0.0569
Car -1 -1 3.6073 278.8323 189.6212 349.7164 218.9980 1.4796 1.6270 3.0838 -15.6577 2.3923 38.3425 3.2217 0.0544
Car -1 -1 1.5928 512.8843 191.6589 561.2522 236.5010 1.4510 1.6852 4.2868 -2.6983 2.2224 27.3952 1.4947 0.0532
Car -1 -1 4.5622 222.8980 180.9625 286.2516 225.4176 1.4733 1.5963 3.4355 -13.0601 1.7916 26.4602 4.1074 0.0530
Car -1 -1 2.3665 246.3362 192.1920 315.1089 218.6956 1.4580 1.6225 3.8461 -20.3571 2.7153 44.8245 1.9421 0.0517
Car -1 -1 1.8816 558.3016 181.9899 603.9791 208.1694 1.4808 1.6100 4.2055 -1.7001 2.0741 44.6178 1.8432 0.0513
Car -1 -1 2.0188 500.7465 194.0988 568.3024 230.0035 1.4462 1.7062 3.6216 -3.4087 2.4887 33.4142 1.9172 0.0511
Car -1 -1 1.7611 0.0000 206.4674 52.2907 240.8699 1.5109 1.7230 3.6815 -30.5710 3.3610 37.6848 1.0829 0.0509
Car -1 -1 3.9019 450.8505 191.3009 550.0957 232.5879 1.4882 1.6550 3.9495 -4.4811 2.2869 29.4339 3.7515 0.0502