Car -1 -1 1.9471 253.4635 195.9283 396.7977 276.0358 1.4295 1.6049 3.8136 -6.0798 1.9993 15.9004 1.5868 0.9560
Car -1 -1 4.5319 733.3558 179.4883 879.7072 289.7613 1.4607 1.5883 3.5474 2.9814 1.5841 11.5977 4.7764 0.9498
Car -1 -1 4.2372 825.2026 197.4682 1242.0000 375.0000 1.3890 1.6733 3.8933 2.9985 1.6382 5.3503 4.7235 0.9455
Car -1 -1 1.7748 471.6369 185.0976 513.5959 215.1651 1.4797 1.5444 3.4801 -6.2270 2.1669 38.7262 1.6159 0.9086
Car -1 -1 4.5507 637.6067 175.8144 674.1044 202.1565 1.4565 1.5506 3.6973 2.6658 1.6377 42.2419 4.6128 0.7046
Car -1 -1 1.7265 488.1988 184.9207 525.2437 211.8875 1.5101 1.6193 4.2028 -6.2761 2.2882 44.4106 1.5864 0.6444
Car -1 -1 4.4617 788.1125 166.9264 817.3859 184.1404 1.5628 1.6662 4.1443 18.0543 1.0247 67.5878 4.7215 0.5167
Car -1 -1 1.7850 251.0070 189.8385 294.7847 217.2557 1.5380 1.6634 4.0079 -21.0525 2.6536 45.2587 1.3516 0.5056
Car -1 -1 3.6649 218.2600 192.3109 288.6057 217.9772 1.4925 1.6701 3.5139 -21.8555 2.7141 44.3514 3.2091 0.3262
Car -1 -1 1.1448 586.4521 176.1680 621.7590 194.3085 1.5728 1.6177 4.1986 -0.5343 1.8845 65.6213 1.1363 0.2580
Car -1 -1 1.0924 811.5236 171.3119 863.5695 195.5238 1.5203 1.6356 3.9038 14.9040 1.4235 47.3716 1.3951 0.2495
Car -1 -1 4.5942 774.6987 166.9586 801.9943 189.0821 1.7112 1.6522 4.0532 14.3125 1.2552 57.9227 4.8349 0.2304
Car -1 -1 1.5568 829.7008 168.8799 853.5085 191.3389 1.6228 1.6397 4.0536 17.4312 1.3357 54.3135 1.8655 0.2225
Car -1 -1 4.5159 674.2474 152.4229 707.6363 176.2997 1.6823 1.6921 3.9239 5.9193 0.2428 52.8665 4.6267 0.2101
Car -1 -1 0.4640 305.3561 187.2648 375.8852 208.6688 1.4172 1.7327 4.2900 -18.7339 2.4446 50.3437 0.1091 0.2073
Car -1 -1 4.9522 295.3306 190.8908 338.2530 217.0251 1.4750 1.6393 3.8151 -18.4007 2.6625 45.4963 4.5696 0.1843
Car -1 -1 1.5769 667.2509 173.5755 685.7143 191.9207 1.6565 1.6663 3.9968 6.2600 1.7259 67.3849 1.6688 0.1739
Car -1 -1 3.4317 254.6582 192.0159 331.5954 218.6939 1.5548 1.6895 4.0482 -19.5396 2.7702 44.6862 3.0213 0.1438
Car -1 -1 2.3302 827.7454 170.9752 891.6062 195.0596 1.5025 1.6194 3.9652 16.1786 1.3853 46.6471 2.6618 0.1354
Car -1 -1 0.8709 148.8299 189.3461 285.8225 240.0638 1.4388 1.6148 4.0365 -12.4673 1.9972 22.9356 0.3776 0.1302
Car -1 -1 4.9289 259.3010 203.6018 314.8161 238.0807 1.4355 1.7125 3.8394 -15.9005 3.0464 35.7510 4.5127 0.1164
Car -1 -1 2.6463 721.5414 171.7297 811.3201 204.1953 1.5551 1.5972 4.1000 7.7933 1.5012 35.9010 2.8579 0.1143
Car -1 -1 1.5521 477.4141 177.6865 497.7365 195.1258 1.4441 1.6768 4.1544 -10.7050 1.8819 63.1634 1.3846 0.1082
Car -1 -1 -0.3123 749.3008 174.5807 1084.6080 290.9358 1.5655 1.7037 4.2581 4.3385 1.5935 10.7190 0.0618 0.1055
Car -1 -1 4.8608 355.2522 185.4688 400.9216 219.2778 1.5000 1.6060 3.5831 -11.2720 2.1507 35.3236 4.5536 0.1023
Car -1 -1 1.5036 263.1729 200.7148 312.9553 240.4380 1.4308 1.7071 3.9700 -13.9331 2.7174 31.1651 1.0859 0.0961
Car -1 -1 2.3664 806.0841 173.1829 868.6833 197.7032 1.5204 1.5315 3.8717 14.6412 1.5422 46.3428 2.6702 0.0909
Car -1 -1 1.5019 506.9261 179.1663 532.6238 201.0234 1.4945 1.5933 3.8817 -6.5740 1.9724 52.5804 1.3777 0.0904
Car -1 -1 2.3006 543.2147 182.9626 589.7015 200.6602 1.4646 1.6573 4.3662 -3.8133 2.3992 64.4815 2.2413 0.0892
Car -1 -1 1.1062 521.7914 181.1021 556.6193 198.5739 1.5366 1.6030 4.0483 -6.6239 2.3339 67.6155 1.0086 0.0866
Car -1 -1 4.6084 642.5157 162.7932 672.7501 188.6098 1.7362 1.7019 4.0003 3.3272 1.0596 50.5561 4.6734 0.0857
Car -1 -1 1.5671 353.8376 192.0276 395.7583 229.6714 1.4489 1.6649 3.8020 -10.3883 2.3526 31.9418 1.2546 0.0808
Car -1 -1 1.7898 533.5300 184.9582 559.7970 202.8978 1.4791 1.5219 3.8794 -5.5668 2.5907 64.2427 1.7033 0.0807
Car -1 -1 1.4404 402.9816 179.2039 433.3172 201.6361 1.5015 1.5743 4.1943 -13.7770 1.9771 51.8037 1.1814 0.0785
Car -1 -1 -0.5530 640.5601 161.2714 706.7473 186.1220 1.6660 1.7039 4.3287 4.4603 0.8895 50.1036 -0.4650 0.0758
Car -1 -1 2.8111 772.2359 168.0992 825.5342 187.5057 1.4990 1.5958 3.7327 14.8458 1.1317 56.6707 3.0658 0.0710
Car -1 -1 1.9419 178.9980 195.9739 284.7909 252.0305 1.4421 1.5931 3.7510 -11.4326 2.2131 22.1149 1.4693 0.0675
Car -1 -1 4.2739 674.6888 157.3403 727.3331 186.3959 1.7034 1.7182 3.8935 5.5719 0.7939 44.4180 4.3977 0.0672
Car -1 -1 1.2673 519.9020 184.1597 551.2554 202.3924 1.4894 1.6025 4.1174 -6.5848 2.5251 63.8886 1.1646 0.0668
Car -1 -1 1.5470 598.5967 176.7846 617.7621 194.8840 1.5439 1.6125 4.2256 -0.1513 1.9075 64.6086 1.5442 0.0665
Car -1 -1 1.3825 767.6617 167.2962 798.9925 187.8102 1.5574 1.6474 4.1400 13.6538 1.1355 56.8848 1.6166 0.0661
Car -1 -1 0.3826 464.5686 185.6137 536.9630 210.9079 1.4642 1.5991 4.0922 -6.6616 2.2694 44.2817 0.2337 0.0657
Car -1 -1 0.8131 824.5921 169.3474 886.1779 195.1892 1.5407 1.6406 3.5459 15.2681 1.3317 44.9730 1.1381 0.0655
Car -1 -1 1.5208 795.0720 165.2263 815.8547 183.8542 1.6358 1.6028 4.3269 17.7900 0.9659 65.6437 1.7841 0.0630
Car -1 -1 1.2919 502.0886 181.0607 533.1625 198.1471 1.4225 1.6787 4.1338 -8.2447 2.1808 64.4434 1.1648 0.0627
Car -1 -1 1.6507 242.6811 205.2164 290.0062 241.9369 1.4523 1.7229 3.1705 -15.8641 3.0338 33.4741 1.2107 0.0626
Car -1 -1 1.7876 525.0662 184.0615 554.6202 203.0722 1.5000 1.6377 4.2592 -5.9255 2.4936 61.7543 1.6919 0.0626
Car -1 -1 1.8630 478.2974 183.2384 524.5242 212.5071 1.5794 1.5855 4.0720 -6.3207 2.2228 42.5760 1.7161 0.0622
Car -1 -1 3.1288 743.4283 167.5938 833.9343 202.2055 1.5792 1.6365 4.0641 8.4419 1.3392 34.1765 3.3686 0.0619
Car -1 -1 2.1078 307.5566 189.9180 365.7751 216.2423 1.4813 1.6105 3.9822 -17.1085 2.6054 45.4292 1.7491 0.0605
Car -1 -1 4.3208 425.1899 183.4017 488.2802 217.6745 1.5191 1.6646 3.8845 -7.5324 2.0659 35.3297 4.1117 0.0593
Car -1 -1 1.7945 216.7186 185.3716 301.4415 235.0114 1.4223 1.6221 4.1526 -11.5227 1.8767 23.9882 1.3507 0.0584
Car -1 -1 1.5469 293.4460 184.7202 325.7125 213.8072 1.5519 1.6631 4.1470 -17.7253 2.2884 42.5505 1.1540 0.0580
Car -1 -1 1.7398 393.9013 180.3473 427.5677 204.2709 1.5513 1.5854 4.1014 -13.7930 2.0950 50.2342 1.4728 0.0572
Car -1 -1 1.5782 447.1405 186.2797 485.0594 221.7401 1.4567 1.6142 3.7897 -6.5751 2.1115 33.1764 1.3835 0.0570
Car -1 -1 0.6451 213.9570 204.6507 303.6446 238.0066 1.4329 1.7272 3.5239 -16.7181 3.0037 34.4549 0.1959 0.0556
Car -1 -1 1.5065 778.6718 168.2405 805.0850 191.6410 1.7160 1.6799 4.2201 13.8915 1.3777 55.1378 1.7517 0.0553
Car -1 -1 1.5759 590.0681 175.8171 609.6256 194.9263 1.5987 1.6534 4.0647 -0.8385 1.8660 63.0372 1.5622 0.0551
Car -1 -1 1.6853 337.7476 194.0014 395.0878 236.8244 1.4716 1.7068 4.3287 -9.8002 2.3991 29.3532 1.3652 0.0538
Car -1 -1 1.5404 531.3617 180.8987 550.5403 198.8466 1.5186 1.5960 4.2456 -6.2295 2.2705 65.2335 1.4451 0.0533
Car -1 -1 1.6241 274.3054 201.3734 311.4938 232.4943 1.4747 1.6784 3.6590 -17.4488 3.1302 39.8766 1.2136 0.0527
Car -1 -1 1.7831 493.0085 182.4315 529.9360 206.0442 1.4875 1.6720 4.0748 -6.6448 2.1690 49.2501 1.6492 0.0524
Car -1 -1 1.4966 389.3136 200.8366 445.8024 249.3820 1.4163 1.6510 3.6097 -6.7896 2.4743 25.3043 1.2364 0.0524
Car -1 -1 1.8989 538.3890 182.1164 570.2260 199.8872 1.4967 1.5937 4.2377 -4.9646 2.3647 65.3668 1.8229 0.0522
Car -1 -1 2.6475 822.6936 168.4470 882.0007 189.5444 1.5212 1.6256 3.8288 17.8663 1.2035 53.1544 2.9698 0.0518
Car -1 -1 5.2311 270.8831 202.3280 346.9251 236.6178 1.4389 1.7002 4.0746 -14.9287 2.9993 36.0688 4.8408 0.0514
Car -1 -1 1.6820 491.9305 179.0369 527.4566 206.6981 1.6407 1.7408 4.6484 -6.3354 2.0566 46.1912 1.5460 0.0506
Car -1 -1 1.3229 651.6005 174.1398 699.4862 204.7529 1.4823 1.6179 3.5319 3.3270 1.5515 36.9668 1.4114 0.0503
Car -1 -1 5.0501 627.8499 170.8665 656.7567 187.3295 1.5069 1.6048 3.6488 3.1154 1.3250 68.0362 5.0954 0.0503
Car -1 -1 0.2145 284.0879 195.9872 398.0427 233.4085 1.4699 1.7199 4.3033 -11.4095 2.4975 30.9045 -0.1369 0.0501
Car -1 -1 1.4287 386.1388 201.7666 445.7284 247.2934 1.4389 1.6874 3.5689 -7.3755 2.6112 27.2830 1.1664 0.0501
Car -1 -1 2.0103 232.7582 189.7560 288.1280 216.7801 1.4947 1.6134 3.7060 -21.2629 2.5711 44.0926 1.5630 0.0500
Car -1 -1 1.6840 256.9934 183.5546 293.9904 211.6001 1.6546 1.6800 4.3382 -21.5461 2.3811 46.6652 1.2533 0.0500