Car -1 -1 4.9182 381.4410 190.4419 527.6899 291.4078 1.4574 1.7027 4.5571 -2.6707 1.8423 13.5022 4.7256 0.9439
Car -1 -1 4.7863 486.2364 186.7646 550.2001 240.5083 1.4062 1.6199 4.2091 -2.7063 1.8741 22.1276 4.6652 0.9302
Car -1 -1 4.5727 702.7770 180.7357 812.9564 264.6490 1.4438 1.6281 3.9246 2.8873 1.6272 14.7896 4.7607 0.8504
Car -1 -1 4.5648 661.2173 179.0353 722.2669 221.9854 1.4427 1.6435 4.2517 2.9884 1.6926 27.0143 4.6731 0.8067
Car -1 -1 4.6582 644.7639 180.5175 674.7793 207.3859 1.5361 1.6272 3.7392 3.0370 2.0255 44.2027 4.7258 0.6911
Car -1 -1 4.4587 781.5176 122.9112 1067.4951 333.8294 1.6735 1.6639 4.1378 3.0091 1.2772 7.8656 4.8109 0.4290
Car -1 -1 1.7835 522.6310 181.0048 560.7737 206.3940 1.4859 1.6191 3.8326 -4.2324 2.0226 45.5116 1.6908 0.1883
Car -1 -1 4.6121 699.5510 170.3141 732.4373 196.0856 1.4598 1.5312 4.0171 6.2833 1.3159 42.9107 4.7562 0.1676
Car -1 -1 -0.6434 820.5866 123.9056 1242.0000 338.8159 1.6587 1.6889 4.1888 4.2814 1.2809 6.5944 -0.0881 0.1628
Car -1 -1 4.6606 671.8992 173.1708 692.1221 191.2069 1.5800 1.6162 3.8838 6.5249 1.6096 65.2568 4.7594 0.1521
Car -1 -1 4.2849 712.3179 159.2568 762.9188 186.9229 1.7659 1.7368 4.2153 8.5110 0.8980 48.3142 4.4580 0.1505
Car -1 -1 4.6050 628.8987 168.6473 813.7567 345.1721 1.8162 1.8208 4.8270 1.2149 1.7729 9.8461 4.7225 0.1184
Car -1 -1 4.8354 654.8630 178.5177 689.2640 205.1744 1.5296 1.6199 4.1380 3.9014 1.8963 44.5265 4.9217 0.0986
Car -1 -1 3.1380 813.9886 181.9655 974.0916 239.6551 1.4754 1.6620 4.0554 7.9599 1.7521 20.4210 3.5040 0.0926
Car -1 -1 1.7025 641.8952 179.9782 678.9363 208.2525 1.5440 1.6646 4.0631 3.0526 1.9863 42.6450 1.7729 0.0832
Car -1 -1 4.6346 688.2388 171.2011 720.3212 196.0034 1.4275 1.5914 4.2434 5.6870 1.3323 43.6862 4.7628 0.0797
Car -1 -1 4.6409 1057.6189 116.0511 1242.0000 375.0000 1.6741 1.7081 4.1643 5.2904 1.3079 6.8677 5.2764 0.0749
Car -1 -1 0.9577 807.1003 191.0374 936.4182 252.8047 1.4165 1.6146 3.3699 6.9506 1.9537 19.4726 1.2949 0.0692
Car -1 -1 2.9949 694.7855 160.2234 761.8292 185.0166 1.5867 1.6570 4.1123 7.7011 0.7784 47.0356 3.1560 0.0688
Car -1 -1 1.5542 550.4540 188.9805 587.6293 225.1614 1.4748 1.6059 3.8015 -1.8916 2.2585 33.1088 1.4969 0.0663
Car -1 -1 5.0560 282.1419 180.3283 413.1591 254.6576 1.5064 1.6146 3.9836 -5.9995 1.7035 17.0245 4.7215 0.0657
Car -1 -1 -0.6417 694.8870 128.0405 1149.4237 323.2506 1.6824 1.6566 4.2549 3.1929 1.2962 7.5598 -0.2567 0.0646
Car -1 -1 1.5650 656.6194 187.9256 693.9563 223.1606 1.4672 1.6398 3.8687 3.0572 2.2138 33.7477 1.6538 0.0641
Car -1 -1 1.6848 544.0905 178.9406 577.3636 205.1548 1.5485 1.6356 4.1792 -3.0481 1.9523 45.7360 1.6182 0.0630
Car -1 -1 4.3434 654.8538 174.0228 720.9510 210.9287 1.5024 1.6455 3.6651 3.3471 1.5566 31.4824 4.4478 0.0624
Car -1 -1 4.5320 734.0407 141.4262 788.7374 182.9670 1.6970 1.7069 3.4876 6.5064 0.4131 31.2380 4.7354 0.0616
Car -1 -1 0.9341 654.8933 181.0814 722.7892 210.2761 1.4869 1.6865 4.0214 4.3477 1.9691 40.1282 1.0406 0.0598
Car -1 -1 1.4958 695.6918 169.3454 728.4231 196.5336 1.4983 1.5765 3.9373 5.8891 1.3050 41.7782 1.6345 0.0587
Car -1 -1 1.5286 790.3295 195.9594 858.6735 258.6664 1.4467 1.6364 3.6849 5.8911 2.1535 20.0910 1.8088 0.0580
Car -1 -1 1.5748 642.5028 180.1722 669.4624 206.0054 1.5817 1.6942 4.1309 3.0614 2.0850 47.4967 1.6382 0.0577
Car -1 -1 0.8638 729.4629 180.7757 861.5372 234.6668 1.4539 1.6051 4.1897 5.6223 1.7238 22.3548 1.1063 0.0546
Car -1 -1 4.1865 644.4710 166.8646 975.7117 360.9512 1.5445 1.6038 3.8742 1.8086 1.4968 7.8309 4.4039 0.0539
Car -1 -1 2.9807 601.8306 138.9999 1083.3654 330.6475 1.5121 1.5994 3.8253 1.9214 1.2450 6.6911 3.2478 0.0535
Car -1 -1 1.9376 611.5137 189.5486 677.9633 227.5188 1.4405 1.5941 3.8743 1.5932 2.2134 31.3089 1.9871 0.0525
Car -1 -1 4.5436 692.0690 162.5796 727.1845 191.4857 1.8401 1.6548 4.0071 6.6035 1.1861 47.9613 4.6793 0.0523
Car -1 -1 4.7436 805.6131 184.4703 865.5007 239.0159 1.4405 1.6010 3.8572 6.9462 1.8287 22.0277 5.0444 0.0519
Car -1 -1 1.4618 664.8820 172.8741 688.1441 190.4433 1.5169 1.6242 4.1084 5.9402 1.5187 64.3694 1.5531 0.0506