Car -1 -1 1.8396 305.0864 176.5355 461.1627 282.8673 1.5251 1.5965 3.4965 -3.6481 1.5965 12.2315 1.5549 0.9675
Car -1 -1 4.6968 657.2292 183.3264 694.3536 220.4377 1.4747 1.5182 3.0845 2.8313 1.9501 31.1648 4.7859 0.6078
Car -1 -1 1.5253 664.8751 170.1765 690.9987 195.6448 1.5798 1.5075 3.7200 4.3867 1.4137 46.6511 1.6181 0.3482
Car -1 -1 1.5467 640.9469 181.1263 662.6348 203.2224 1.6458 1.6179 4.1652 3.3297 2.3284 57.4298 1.6038 0.1710
Car -1 -1 1.4811 655.9034 182.5222 699.4520 221.4248 1.6369 1.6394 4.0050 3.0888 2.1107 33.3587 1.5719 0.1396
Car -1 -1 1.5728 652.5536 179.1472 673.4723 201.1347 1.6636 1.6153 4.1406 4.2934 2.1874 57.9333 1.6459 0.1357
Car -1 -1 4.4964 677.0833 181.0314 728.8383 216.1212 1.5193 1.6346 3.8253 4.3540 1.9287 34.1426 4.6215 0.1336
Car -1 -1 1.4339 631.5240 186.3046 660.6606 208.2930 1.5691 1.7087 4.1870 2.8097 2.6588 56.2941 1.4829 0.1210
Car -1 -1 2.8882 638.5935 182.4183 693.5966 202.6695 1.5305 1.6762 4.0261 4.4344 2.2994 56.8236 2.9652 0.1108
Car -1 -1 4.7277 661.6655 177.8927 684.4367 199.3975 1.4785 1.5923 3.9253 4.6563 1.8600 52.5954 4.8151 0.1098
Car -1 -1 1.0335 679.3989 180.3861 758.6432 219.4509 1.5651 1.6599 3.9545 4.7534 1.9203 31.8798 1.1795 0.0924
Car -1 -1 1.1508 618.1534 183.6821 656.8325 203.7347 1.4813 1.6413 3.8938 2.1933 2.3788 57.6929 1.1881 0.0908
Car -1 -1 4.4825 637.9987 181.1624 671.9451 202.9973 1.5108 1.6274 4.0882 3.3364 2.1540 53.7127 4.5437 0.0831
Car -1 -1 5.0527 370.7863 176.8241 466.4111 237.1971 1.6613 1.6277 3.8119 -5.7238 1.7936 22.0843 4.8014 0.0810
Car -1 -1 -0.4627 677.9514 176.2711 771.9822 211.3675 1.5461 1.7049 3.9635 5.3395 1.7113 33.4705 -0.3065 0.0714
Car -1 -1 1.4066 638.8622 182.0052 662.8842 200.3129 1.5473 1.5441 3.8709 3.6910 2.3972 64.9978 1.4626 0.0657
Car -1 -1 1.6779 646.4886 185.1198 674.3988 206.1836 1.4999 1.7143 4.4347 4.0189 2.4989 56.4309 1.7480 0.0654
Car -1 -1 1.7785 655.1986 178.1517 687.0180 199.1395 1.4854 1.6214 3.8597 4.6589 1.8986 54.1985 1.8633 0.0629
Car -1 -1 0.9700 660.9300 181.9065 741.8586 219.8233 1.5670 1.6709 4.0476 4.1263 2.0089 33.0419 1.0924 0.0628
Car -1 -1 -0.3063 628.7731 184.6635 730.9727 223.1673 1.5873 1.6430 4.1739 3.0681 2.1273 31.7489 -0.2116 0.0604
Car -1 -1 -0.5912 655.1723 178.7042 707.0142 199.1106 1.5523 1.6875 3.8176 5.7041 2.0317 57.4775 -0.4933 0.0587
Car -1 -1 3.0462 619.6990 185.0985 672.1536 206.2195 1.6049 1.6580 3.9837 2.8369 2.5847 56.8153 3.0953 0.0577
Car -1 -1 4.6873 662.9384 182.6798 699.4926 217.6388 1.5257 1.6388 4.0977 3.4002 2.0279 34.7738 4.7833 0.0565
Car -1 -1 4.6547 649.2578 178.3584 673.8419 199.5939 1.4562 1.5514 3.9955 3.7506 1.8722 52.5266 4.7251 0.0560
Car -1 -1 -0.4097 671.9624 176.6618 763.2252 210.2895 1.5412 1.6595 4.0106 5.1766 1.7312 34.6913 -0.2634 0.0558
Car -1 -1 1.5193 655.2368 171.1216 683.6883 196.0671 1.5063 1.5717 4.2674 3.7536 1.4017 45.7245 1.6003 0.0545
Car -1 -1 1.5832 630.2633 180.3912 653.6102 203.4284 1.6122 1.6797 4.2398 2.4515 2.1997 54.0754 1.6278 0.0542
Car -1 -1 -0.2313 633.2831 181.0805 692.2171 202.0907 1.5084 1.6410 4.1174 3.9484 2.1351 53.8284 -0.1590 0.0513