Car -1 -1 2.1799 50.1401 197.1241 177.2193 244.1760 1.4430 1.7075 4.2214 -17.9885 2.4039 26.4431 1.5869 0.9223
Car -1 -1 1.6852 418.6633 182.5428 444.0691 202.1014 1.5216 1.6097 4.0069 -14.8533 2.3593 60.2928 1.4443 0.4779
Car -1 -1 1.0054 101.3372 185.1651 177.5310 215.1443 1.4639 1.6023 3.7613 -24.7560 2.1380 37.9902 0.4309 0.4575
Car -1 -1 4.7667 590.6140 172.3830 615.1374 194.1788 1.6081 1.6677 3.8679 -0.4792 1.5734 55.2053 4.7577 0.4217
Car -1 -1 2.2037 411.0269 181.3177 467.2567 206.7203 1.5214 1.5628 3.8466 -10.9664 2.0932 46.6723 1.9738 0.2894
Car -1 -1 2.1911 42.0010 210.1250 207.4395 279.8392 1.4247 1.6915 3.6829 -12.3095 2.4837 18.6267 1.6134 0.2397
Car -1 -1 1.7112 412.0826 181.8904 441.4201 203.3649 1.5910 1.6640 4.4248 -14.5653 2.3420 57.6724 1.4646 0.1442
Car -1 -1 3.1286 418.0507 181.4519 480.6761 206.0612 1.4886 1.6066 3.8073 -10.1401 2.0478 45.7127 2.9111 0.1378
Car -1 -1 3.3181 566.4887 173.2585 620.9105 193.7666 1.5052 1.5864 3.8594 -1.1704 1.5361 54.0812 3.2962 0.1346
Car -1 -1 1.6471 1.6212 200.8019 69.3338 247.1900 1.4550 1.6795 4.0545 -21.6810 2.5988 27.3769 0.9819 0.1327
Car -1 -1 1.5937 405.8188 178.2127 435.1521 205.1653 1.5112 1.6088 3.9726 -11.3334 1.8493 43.4146 1.3395 0.1141
Car -1 -1 1.8646 118.7210 209.5878 237.6561 278.9981 1.4411 1.7212 3.3670 -11.0655 2.4898 18.7620 1.3375 0.1083
Car -1 -1 1.2849 419.5015 180.8770 455.7805 201.6905 1.5252 1.6491 4.2540 -13.5856 2.1826 56.8671 1.0511 0.1033
Car -1 -1 1.5886 455.6833 181.6675 476.7666 200.9193 1.4462 1.5946 4.0529 -11.5483 2.1842 58.2907 1.3935 0.0925
Car -1 -1 2.7900 430.2720 181.1605 499.9354 206.4646 1.4816 1.6334 3.9495 -9.0146 2.0208 45.1067 2.5935 0.0862
Car -1 -1 1.7647 406.8844 179.7291 444.9705 205.5993 1.5336 1.6368 3.7664 -11.5848 1.9875 45.7191 1.5175 0.0810
Car -1 -1 2.0960 171.7509 181.6072 251.6771 214.6608 1.5162 1.6116 4.2239 -19.9327 1.9832 36.3602 1.5973 0.0789
Car -1 -1 1.4931 406.0897 178.4768 437.5633 204.5068 1.5705 1.6528 4.2226 -12.2084 1.9527 46.7776 1.2388 0.0784
Car -1 -1 1.7740 418.9000 182.1980 449.5063 202.7189 1.5699 1.6369 4.1199 -14.3395 2.3633 59.1850 1.5369 0.0779
Car -1 -1 3.3731 398.4757 181.1917 461.6575 205.7110 1.5166 1.5895 3.6398 -11.4066 2.0575 45.9965 3.1310 0.0739
Car -1 -1 2.0162 392.4822 180.4319 436.0526 201.8566 1.5630 1.6500 4.1602 -15.2044 2.1782 56.3864 1.7536 0.0718
Car -1 -1 1.5730 159.7478 195.8542 208.5909 237.0002 1.4818 1.6827 4.0842 -18.0231 2.5277 30.6207 1.0445 0.0667
Car -1 -1 1.6573 202.9979 181.0140 246.0593 212.7376 1.4999 1.6060 4.1312 -19.9289 1.9487 37.4701 1.1711 0.0647
Car -1 -1 2.3410 425.0779 181.1808 491.7992 206.0829 1.5025 1.6682 4.4367 -9.8631 2.0764 47.4067 2.1365 0.0625
Car -1 -1 2.1418 96.1593 186.0080 178.2123 218.1856 1.4966 1.6444 3.9588 -24.2162 2.2102 37.1618 1.5673 0.0622
Car -1 -1 1.3208 377.8639 179.9388 420.6263 204.9634 1.4886 1.6616 4.1686 -13.5635 1.9659 46.3937 1.0376 0.0612
Car -1 -1 1.9154 154.4992 180.3222 224.3340 214.0206 1.4899 1.6007 4.1685 -20.3125 1.8756 35.0662 1.3935 0.0589
Car -1 -1 1.9323 132.2161 182.4784 196.5433 212.1113 1.4580 1.6252 4.0303 -23.9783 2.0069 39.0175 1.3841 0.0588
Car -1 -1 4.5590 577.8562 173.8018 607.2489 194.5472 1.4975 1.6217 3.9836 -1.3188 1.5717 54.3814 4.5345 0.0582
Car -1 -1 1.9601 43.7418 212.5562 189.3275 287.6771 1.4122 1.6503 3.5488 -11.7487 2.4784 17.4749 1.3749 0.0578
Car -1 -1 1.4731 99.6363 195.5110 183.2632 256.8802 1.4346 1.6217 3.9921 -13.3370 2.1421 20.4627 0.9012 0.0565
Car -1 -1 2.1436 135.4910 180.5961 221.0595 213.7121 1.5181 1.6542 4.2089 -21.5209 1.9295 36.2097 1.6104 0.0554
Car -1 -1 1.3967 417.4213 179.1670 455.8360 205.2349 1.4917 1.6393 3.9771 -10.7004 1.8996 44.4798 1.1616 0.0540
Car -1 -1 3.6965 65.8449 186.0512 167.6306 217.0944 1.5108 1.6620 4.0172 -25.0719 2.2006 36.8016 3.1016 0.0517
Car -1 -1 0.6147 404.3068 182.7702 455.1619 202.3442 1.5370 1.5974 3.8596 -14.8436 2.3755 59.5655 0.3712 0.0507