Car -1 -1 4.5589 652.6594 179.2276 744.6307 244.1402 1.4299 1.6649 4.2869 2.1494 1.6125 18.4970 4.6719 0.9674
Car -1 -1 3.6133 200.1479 189.2923 415.7108 261.6603 1.4114 1.5308 3.9997 -6.3628 1.7843 15.4316 3.2277 0.9146
Car -1 -1 3.6666 84.0083 189.0350 361.9491 273.4138 1.3541 1.6041 4.1180 -6.7384 1.6621 12.8284 3.1910 0.8721
Car -1 -1 0.4261 286.7306 177.6904 432.6178 234.0872 1.5217 1.5075 3.6297 -7.0614 1.6657 20.5563 0.0987 0.8421
Car -1 -1 4.5485 629.1931 173.4970 674.9559 205.8274 1.4173 1.5334 3.7266 1.9262 1.4490 33.6431 4.6047 0.7250
Car -1 -1 0.7514 1084.7787 125.1662 1242.0000 375.0000 1.4847 1.5619 3.4685 4.6989 1.3228 4.1931 1.5592 0.4539
Car -1 -1 -0.8258 1102.1771 155.5486 1242.0000 375.0000 1.4847 1.6430 4.1762 6.0839 1.3856 5.0082 0.0275 0.4095
Car -1 -1 3.3666 466.5548 165.6626 530.5904 189.0820 1.4996 1.6262 3.8702 -7.2238 1.0391 47.1556 3.2152 0.3814
Car -1 -1 4.4861 662.9405 172.6603 692.6114 192.0613 1.5686 1.6239 3.9466 5.6725 1.5529 60.4007 4.5790 0.3397
Car -1 -1 4.8560 499.6384 160.8686 524.5918 179.5123 1.6748 1.6921 4.3130 -9.0089 0.5981 66.9824 4.7227 0.2949
Car -1 -1 0.2568 236.4960 184.7876 407.5241 248.6978 1.4876 1.5154 3.7211 -7.1056 1.8031 18.1158 -0.1125 0.2801
Car -1 -1 3.2264 425.9841 175.0057 500.6044 204.9228 1.4748 1.5300 3.5973 -7.3838 1.5870 36.6706 3.0287 0.2710
Car -1 -1 3.2985 455.5298 174.6895 523.9689 199.4288 1.4887 1.6160 3.9455 -7.3273 1.6037 44.3617 3.1354 0.2619
Car -1 -1 1.7431 442.1307 174.0211 498.4545 212.6298 1.5484 1.6851 4.1650 -5.9323 1.6022 31.1587 1.5561 0.2457
Car -1 -1 3.4050 394.1305 178.4861 492.8703 215.3564 1.4692 1.6353 3.6891 -6.8341 1.7097 29.9156 3.1818 0.2255
Car -1 -1 4.7378 466.8823 173.4431 498.8465 203.3529 1.4827 1.5486 3.6790 -6.5903 1.5151 37.7762 4.5658 0.2209
Car -1 -1 4.6455 627.1635 168.6051 661.1934 197.7668 1.4880 1.5722 3.6879 1.8126 1.2712 38.6761 4.6915 0.2064
Car -1 -1 4.7036 59.6394 183.1059 108.1289 222.1091 1.4922 1.5802 3.6520 -22.2613 1.9540 30.5627 4.0781 0.2006
Car -1 -1 3.1855 175.9889 185.8140 348.9092 252.4196 1.4618 1.5191 3.6969 -8.4287 1.8067 17.7938 2.7484 0.1713
Car -1 -1 4.9251 710.9495 170.7901 743.4287 191.8501 1.5691 1.6531 4.1370 9.1637 1.4153 55.9858 5.0862 0.1689
Car -1 -1 4.4309 658.9883 168.6192 700.0370 193.8086 1.6260 1.6418 4.2463 4.6777 1.3527 48.8154 4.5255 0.1686
Car -1 -1 1.2685 484.9583 169.9956 529.6222 195.1260 1.5072 1.5868 4.2820 -6.5053 1.3358 45.5486 1.1272 0.1651
Car -1 -1 3.7005 135.5594 172.3427 263.6176 211.1216 1.4460 1.5319 4.1015 -15.7179 1.4269 27.7672 3.1893 0.1514
Car -1 -1 3.4276 487.7795 163.4286 538.5391 179.8378 1.4755 1.6166 4.3222 -8.8029 0.6280 66.0115 3.2954 0.1513
Car -1 -1 -0.0262 471.4045 172.9789 549.1646 202.6883 1.4731 1.5770 3.8552 -5.0772 1.4797 36.8753 -0.1624 0.1455
Car -1 -1 4.6667 166.4794 183.3080 208.0057 216.5970 1.4266 1.5368 3.6897 -20.0058 1.9496 34.1247 4.1396 0.1355
Car -1 -1 2.2683 506.0768 175.5942 558.6096 198.5924 1.5231 1.5842 3.7730 -5.3391 1.7217 50.2726 2.1627 0.1265
Car -1 -1 1.5857 61.1333 174.6041 113.7888 216.0702 1.5156 1.5968 3.9402 -20.6441 1.5901 28.6225 0.9651 0.1206
Car -1 -1 1.7908 523.5618 173.7928 553.3472 192.4729 1.5005 1.6360 4.0169 -5.8996 1.5816 60.2626 1.6933 0.1190
Car -1 -1 1.6205 55.9122 187.0360 92.6828 214.6371 1.4764 1.5449 3.8834 -31.6565 2.3568 42.7435 0.9858 0.1172
Car -1 -1 3.1244 452.9344 173.4144 511.9619 199.8843 1.5033 1.6070 3.3312 -7.4224 1.5369 42.1299 2.9508 0.1141
Car -1 -1 1.5286 628.6559 166.4469 666.4094 199.2349 1.5153 1.6648 4.3053 1.8121 1.2192 35.5056 1.5788 0.1140
Car -1 -1 4.1277 1016.4476 155.8597 1242.0000 375.0000 1.5464 1.6811 3.7368 4.9376 1.4586 5.6756 4.8178 0.1086
Car -1 -1 4.8485 484.4011 166.3515 517.6268 190.9582 1.5745 1.6626 3.9853 -7.2006 1.1584 48.1710 4.7007 0.1077
Car -1 -1 3.8974 488.0700 169.0316 542.0560 189.3804 1.5755 1.7230 4.2698 -7.5923 1.2796 57.8143 3.7671 0.1055
Car -1 -1 4.6087 661.6277 168.0817 688.0939 190.6452 1.6746 1.6338 3.8302 4.9859 1.3204 55.4770 4.6975 0.1046
Car -1 -1 0.3115 357.8315 173.1553 472.9954 214.5005 1.4532 1.5266 3.7551 -7.0060 1.4645 26.2343 0.0526 0.1026
Car -1 -1 3.8226 410.8097 187.6976 499.9150 221.8389 1.4326 1.5982 3.8748 -7.1163 2.1494 33.2512 3.6129 0.0970
Car -1 -1 1.8453 237.6875 182.1404 348.6693 249.6077 1.4488 1.4979 3.9398 -7.7822 1.7083 18.1075 1.4442 0.0967
Car -1 -1 1.4600 39.2756 184.2878 76.2088 208.2506 1.4847 1.5668 3.8062 -37.0778 2.2829 48.4537 0.8093 0.0948
Car -1 -1 1.9261 364.7315 175.6470 440.8936 216.4997 1.4596 1.6051 3.7979 -7.9280 1.5756 28.0048 1.6523 0.0931
Car -1 -1 -0.0792 495.9696 177.0757 560.2009 201.8597 1.4753 1.5907 3.8210 -5.0418 1.7423 44.4862 -0.1918 0.0922
Car -1 -1 4.9994 460.0580 176.2303 523.1619 214.3033 1.5093 1.6049 3.9903 -4.9943 1.6643 31.0537 4.8408 0.0912
Car -1 -1 1.5655 492.4917 173.8053 520.3050 200.1865 1.5311 1.6082 3.9394 -6.3118 1.5920 44.0923 1.4238 0.0902
Car -1 -1 -0.6838 1030.7161 143.0018 1242.0000 375.0000 1.5093 1.6008 3.4585 4.8640 1.3612 4.5532 0.1026 0.0896
Car -1 -1 4.8949 475.0079 173.0147 511.4770 198.8009 1.4832 1.5636 3.3885 -6.9278 1.4932 43.2372 4.7367 0.0861
Car -1 -1 1.9464 515.4228 168.5950 555.2708 188.7983 1.5820 1.7226 4.4379 -6.0023 1.2485 58.8692 1.8449 0.0855
Car -1 -1 4.6951 396.7140 181.7684 439.6683 220.8083 1.4914 1.6534 3.8170 -8.1325 1.8945 30.5662 4.4368 0.0848
Car -1 -1 4.1171 0.0000 185.4276 92.4733 224.2467 1.4552 1.6537 3.9066 -23.2661 1.9903 29.3244 3.4506 0.0843
Car -1 -1 1.6745 27.2934 182.5254 74.2277 212.2438 1.4859 1.6208 3.9182 -30.5487 2.0439 39.5333 1.0197 0.0839
Car -1 -1 1.4430 734.9911 198.7173 811.4077 258.1554 1.4184 1.6541 3.8427 4.6420 2.2398 20.9317 1.6572 0.0797
Car -1 -1 1.6671 62.8851 184.5435 96.2843 207.9662 1.4728 1.4731 3.7942 -36.2236 2.3053 49.3802 1.0366 0.0791
Car -1 -1 3.7079 444.8098 171.8967 519.9326 198.0121 1.5766 1.7087 4.4050 -7.9686 1.5188 45.1903 3.5340 0.0791
Car -1 -1 3.4591 296.3974 161.2838 435.7677 203.3283 1.4895 1.6048 4.5520 -8.8200 1.0796 26.3690 3.1391 0.0786
Car -1 -1 3.7515 443.7135 173.4421 517.4236 199.3701 1.4985 1.6608 4.1650 -7.7655 1.5352 43.4032 3.5752 0.0781
Car -1 -1 4.1536 684.6210 172.3665 748.2369 203.6126 1.4843 1.5195 3.5099 5.3026 1.4611 36.1878 4.2974 0.0775
Car -1 -1 4.4799 713.7878 178.6002 770.2679 214.5057 1.4331 1.5851 3.7003 5.6748 1.6973 31.2944 4.6570 0.0740
Car -1 -1 2.8365 319.2196 178.8822 438.4043 219.7395 1.4715 1.6055 4.1784 -9.0345 1.7242 28.3901 2.5306 0.0737
Car -1 -1 4.4322 601.2900 170.1362 650.2195 199.3065 1.4884 1.6170 3.8949 0.8165 1.3497 38.9052 4.4526 0.0727
Car -1 -1 4.7961 43.6819 170.5529 111.3279 213.5205 1.4254 1.6136 3.9398 -19.1022 1.3490 26.0389 4.1680 0.0703
Car -1 -1 -0.3291 714.0272 176.9565 815.7838 211.9325 1.4235 1.5929 3.9179 6.5562 1.6035 30.6333 -0.1207 0.0691
Car -1 -1 3.5706 1129.8011 0.0000 1242.0000 375.0000 1.5606 1.6317 4.1601 4.6153 1.1935 2.8805 4.5389 0.0684
Car -1 -1 5.1856 400.8412 180.3314 481.0138 218.4070 1.4778 1.6605 4.1020 -7.1593 1.8224 31.0574 4.9605 0.0676
Car -1 -1 3.0489 650.5308 172.7523 697.9612 190.7508 1.4587 1.5744 3.7496 5.2881 1.4504 59.2710 3.1371 0.0669
Car -1 -1 3.3192 470.8664 169.1674 538.8797 192.9258 1.5878 1.6837 4.3540 -7.0935 1.3415 49.1397 3.1763 0.0669
Car -1 -1 1.7967 442.5726 175.5133 489.0296 205.9553 1.4540 1.5181 3.6923 -7.2451 1.5960 36.6580 1.6026 0.0651
Car -1 -1 5.1352 358.4606 166.7865 405.2249 191.9789 1.6575 1.6378 3.7929 -15.5498 1.2583 49.4540 4.8319 0.0646
Car -1 -1 4.1382 882.9510 178.7014 1242.0000 375.0000 1.4883 1.6434 4.1234 4.3693 1.5629 7.1094 4.6701 0.0644
Car -1 -1 1.5900 50.9596 183.5547 84.7308 209.6239 1.5459 1.6569 4.1838 -35.0573 2.2718 46.7627 0.9492 0.0642
Car -1 -1 3.3286 361.0919 182.7811 471.1656 221.6499 1.5048 1.6660 4.0913 -7.8093 1.9228 29.4079 3.0708 0.0639
Car -1 -1 1.5568 631.7444 166.0700 666.0424 197.5589 1.5313 1.6672 4.1458 1.9941 1.2014 37.1923 1.6095 0.0639
Car -1 -1 1.6177 130.8580 181.0181 177.4764 216.4379 1.4578 1.5911 3.8067 -20.5664 1.8509 32.6910 1.0596 0.0638
Car -1 -1 3.2174 0.0000 179.9643 110.3709 222.6430 1.4666 1.5996 3.7317 -21.0067 1.7498 27.0495 2.5618 0.0622
Car -1 -1 5.4800 52.2685 180.4883 163.7415 219.4735 1.4899 1.5834 3.9024 -21.0185 1.8337 30.4365 4.8796 0.0619
Car -1 -1 1.4718 454.3989 183.0233 501.0230 220.0913 1.4872 1.6613 4.0137 -5.9555 1.9727 32.2912 1.2904 0.0606