Car -1 -1 4.7641 636.8109 184.5015 704.7076 245.4044 1.5550 1.7172 3.3773 1.8548 1.5368 20.1475 4.8542 0.9469
Car -1 -1 4.9222 366.0674 183.5544 450.9916 237.0066 1.4828 1.6573 4.1291 -5.9682 1.4367 22.0457 4.6606 0.8902
Car -1 -1 4.8601 420.2762 179.5177 476.9724 220.3033 1.5182 1.6319 4.0016 -6.2738 1.3061 28.8083 4.6472 0.8255
Car -1 -1 4.8360 714.2125 183.8741 747.2028 207.3585 1.4946 1.6832 4.0597 8.2754 1.4092 47.9359 5.0054 0.7786
Car -1 -1 1.6399 792.9920 182.1797 814.0748 198.4288 1.4989 1.6672 4.0470 18.7324 1.2188 68.4964 1.9053 0.3153
Car -1 -1 5.2998 0.0000 41.3879 255.0565 376.0000 2.0217 1.6995 4.2605 -4.4164 1.3758 5.4143 4.6399 0.2418
Car -1 -1 1.5007 782.6601 181.2765 807.0470 201.3571 1.5114 1.5718 3.7946 14.6145 1.2149 56.1131 1.7538 0.1755
Car -1 -1 1.3174 804.3670 176.5258 858.1953 206.4163 1.4471 1.6127 4.2448 11.4403 1.0264 36.9584 1.6151 0.1597
Car -1 -1 1.4732 810.3041 175.2091 853.5870 206.9667 1.4396 1.5743 4.2797 10.8254 0.9860 34.8412 1.7717 0.1428
Car -1 -1 1.8967 494.9851 180.3953 537.5004 203.3434 1.5210 1.6243 4.3279 -6.2591 1.2015 49.9282 1.7723 0.1305
Car -1 -1 2.4052 117.4241 202.3983 291.2048 270.8058 1.4230 1.6395 3.5895 -9.8631 1.8980 17.9057 1.9076 0.1214
Car -1 -1 1.1795 615.9616 179.7728 658.5669 203.0474 1.5783 1.5621 4.1099 2.0819 1.2092 50.9447 1.2197 0.1078
Car -1 -1 5.1468 190.2230 195.2241 317.9562 257.4430 1.4872 1.6320 3.8921 -9.5353 1.7896 19.7656 4.7022 0.1035
Car -1 -1 1.6262 782.7897 175.3970 822.2329 207.7757 1.4639 1.6093 4.3670 9.5123 1.0199 34.8256 1.8904 0.1035
Car -1 -1 1.9090 681.4895 179.0728 714.7410 197.7274 1.4933 1.5836 3.7418 7.5654 1.0016 59.5728 2.0343 0.1019
Car -1 -1 -0.4679 635.4068 191.1219 718.3007 220.5694 1.4937 1.7244 4.0972 3.7405 1.8238 38.6335 -0.3726 0.0953
Car -1 -1 1.7644 485.5301 183.1932 525.1636 209.9993 1.5167 1.6167 3.8184 -5.9873 1.4022 42.6224 1.6253 0.0933
Car -1 -1 5.2391 0.0000 179.4502 320.4059 376.0000 1.6780 1.8152 4.8399 -4.6090 1.6411 7.0445 4.6768 0.0875
Car -1 -1 4.1522 110.8096 194.9374 266.1839 258.3877 1.4703 1.6414 4.0284 -10.9963 1.7477 18.8388 3.6297 0.0868
Car -1 -1 1.7098 639.7898 178.6085 669.9211 200.7557 1.5030 1.5929 3.9804 3.4121 1.0546 50.8966 1.7759 0.0850
Car -1 -1 1.8329 511.7803 172.3905 549.4526 196.3135 1.6159 1.6547 4.0064 -5.3487 0.7496 50.6650 1.7279 0.0694
Car -1 -1 2.1295 91.3766 196.4564 264.8048 270.0178 1.4503 1.6163 3.8819 -9.7647 1.7429 16.7442 1.6081 0.0688
Car -1 -1 1.2097 664.5509 188.3461 718.1235 216.2176 1.4561 1.7069 3.8581 4.6322 1.6398 40.1026 1.3234 0.0683
Car -1 -1 5.0705 234.1765 196.3614 349.2254 258.1465 1.4705 1.6317 3.8010 -8.5097 1.8066 19.7424 4.6680 0.0683
Car -1 -1 2.1102 797.4767 180.7125 844.3123 201.0185 1.4990 1.6682 3.9080 16.3744 1.1666 55.0029 2.3977 0.0681
Car -1 -1 2.6056 632.7906 179.5648 690.0281 201.4704 1.4753 1.5908 3.6677 3.7709 1.0947 49.9433 2.6801 0.0680
Car -1 -1 1.6282 793.6341 179.3887 814.8930 197.3201 1.5871 1.6407 4.3080 18.1003 1.0714 65.9286 1.8946 0.0679
Car -1 -1 1.4895 793.4210 174.4220 829.6970 203.6993 1.5508 1.6218 3.9448 11.3666 0.9790 40.1676 1.7631 0.0676
Car -1 -1 1.4171 695.0202 193.4512 762.5610 241.2691 1.4601 1.6716 3.9639 4.0718 1.7650 24.6236 1.5786 0.0672
Car -1 -1 0.6357 594.1501 181.2580 650.6882 203.6938 1.4949 1.6305 3.6485 1.0335 1.2312 49.6570 0.6559 0.0661
Car -1 -1 1.6111 791.3776 169.3940 820.2662 194.4001 1.4255 1.5146 4.0421 11.9530 0.5236 43.1357 1.8793 0.0655
Car -1 -1 1.7743 705.2502 179.0524 745.8248 207.1105 1.6741 1.6827 4.3111 7.4903 1.3064 45.2045 1.9370 0.0623
Car -1 -1 1.8643 467.5215 166.4301 517.6260 195.8396 1.6070 1.7062 4.1936 -6.5445 0.5805 41.4737 1.7085 0.0615
Car -1 -1 -0.8241 753.3679 178.2330 836.6883 211.8666 1.4598 1.5808 3.7241 8.6092 1.1568 32.8723 -0.5705 0.0598
Car -1 -1 -0.3740 799.8996 174.4117 881.7852 202.6054 1.4766 1.6111 3.8564 12.4987 0.9107 38.5735 -0.0632 0.0581
Car -1 -1 1.6924 423.3481 180.0022 478.6542 222.0264 1.4951 1.5968 3.8996 -5.9165 1.3096 27.5866 1.4828 0.0574
Car -1 -1 1.2861 634.5251 179.7912 673.5325 203.1342 1.4846 1.6320 3.5916 3.0620 1.1396 47.6511 1.3494 0.0573
Car -1 -1 3.3139 447.5855 164.0683 522.0245 193.1744 1.5780 1.6800 3.8321 -6.7371 0.4315 39.8235 3.1472 0.0567
Car -1 -1 1.6214 678.7003 192.0712 719.1446 226.5445 1.4522 1.6575 3.8324 4.2757 1.7875 33.1234 1.7481 0.0566
Car -1 -1 1.7623 660.2058 174.9949 685.0572 193.3434 1.6156 1.5500 3.8326 5.9772 0.7156 65.3524 1.8527 0.0561
Car -1 -1 1.4942 498.2754 183.0779 528.8657 208.4720 1.5254 1.6121 3.9373 -5.9338 1.3970 45.2731 1.3642 0.0553
Car -1 -1 5.1254 0.0000 101.6202 423.1543 376.0000 1.8743 1.6323 3.9753 -2.7001 1.4646 5.5286 4.6899 0.0549
Car -1 -1 1.3713 791.0900 177.1059 825.0392 198.4529 1.5007 1.6179 4.0213 14.6492 0.9306 52.5991 1.6411 0.0541
Car -1 -1 1.7995 315.0883 199.5777 428.5714 275.7805 1.4690 1.6197 3.8167 -5.2675 1.8391 16.5617 1.4957 0.0536
Car -1 -1 2.0103 511.9084 182.8531 557.7762 204.9395 1.4430 1.6463 3.8079 -4.8869 1.2887 49.0366 1.9111 0.0535
Car -1 -1 1.5429 793.8064 181.6022 834.1738 216.4258 1.4406 1.5927 3.8066 9.0845 1.2911 31.7780 1.8186 0.0524
Car -1 -1 3.1388 446.1290 166.8328 521.7618 196.0297 1.6336 1.7164 4.2080 -7.0846 0.6050 41.4242 2.9703 0.0517
Car -1 -1 1.4409 800.7964 176.2044 825.5110 193.8282 1.5272 1.6312 3.8666 18.3949 0.7463 64.3248 1.7178 0.0517