Car -1 -1 5.0520 221.9438 195.4848 400.4529 297.9434 1.3765 1.5404 3.5999 -4.6503 1.5717 11.8427 4.6852 0.9729
Car -1 -1 4.7416 570.4142 179.6269 652.3903 257.7945 1.5798 1.6611 3.2545 0.1444 1.4669 16.1857 4.7498 0.9628
Car -1 -1 4.9109 395.0190 181.1257 486.5406 238.7155 1.4467 1.6657 4.2513 -4.5399 1.3440 20.2002 4.6923 0.9526
Car -1 -1 5.1539 149.8531 187.2181 306.8308 259.6233 1.4393 1.6436 3.7936 -8.3885 1.4901 16.3143 4.6854 0.9472
Car -1 -1 5.3755 0.0000 185.9604 141.5654 260.1087 1.5041 1.6433 3.9217 -12.8551 1.5233 16.5918 4.7239 0.8757
Car -1 -1 5.0436 260.2000 179.0281 334.4169 215.3069 1.3558 1.5526 3.8323 -12.3265 1.1245 28.8297 4.6427 0.7564
Car -1 -1 4.9132 368.9828 179.8774 426.1984 216.3246 1.3869 1.5412 3.5359 -8.4347 1.1837 29.1765 4.6339 0.6751
Car -1 -1 1.5651 649.9913 180.4738 672.0419 199.5942 1.5053 1.7329 4.2168 4.3840 1.1320 58.7546 1.6388 0.4683
Car -1 -1 5.1477 596.6027 180.8415 657.7824 213.6757 1.5425 1.6335 3.7031 1.0507 1.3370 35.7926 5.1764 0.4140
Car -1 -1 5.0021 328.1864 166.3645 393.0731 202.9335 1.7071 1.7986 4.6329 -12.2095 0.8271 35.9056 4.6764 0.3286
Car -1 -1 2.0018 409.4612 176.5727 471.0443 207.9340 1.4657 1.4828 3.8722 -8.2029 1.0618 35.6440 1.7769 0.3200
Car -1 -1 1.2590 520.2146 178.2938 555.5394 198.9135 1.4965 1.5708 3.7646 -5.2623 0.9942 54.2128 1.1623 0.2287
Car -1 -1 1.4702 721.2167 170.6896 752.4501 196.1927 1.6059 1.6149 4.0721 8.4948 0.6912 47.3556 1.6463 0.2157
Car -1 -1 2.0529 639.0929 187.0964 700.8911 216.7207 1.4751 1.6135 3.9652 3.3874 1.5805 38.1674 2.1403 0.1902
Car -1 -1 1.6228 526.8881 177.1025 570.5786 215.0536 1.5650 1.6943 4.3746 -2.5232 1.2304 31.8528 1.5440 0.1796
Car -1 -1 2.1843 55.2443 180.3035 189.0887 228.6035 1.4972 1.6243 4.1909 -16.2718 1.3449 24.4020 1.6010 0.1592
Car -1 -1 1.6699 488.4654 178.2078 536.9468 216.0789 1.5477 1.6685 4.4663 -4.0819 1.2613 31.6342 1.5423 0.1515
Car -1 -1 1.5068 612.1619 180.4317 651.1241 214.1111 1.5272 1.6173 3.9231 1.1238 1.3103 34.5834 1.5386 0.1494
Car -1 -1 3.4860 288.0593 170.6620 380.0989 202.4697 1.4840 1.6173 3.7899 -13.0064 0.8050 34.3747 3.1267 0.1428
Car -1 -1 1.4296 703.8885 178.3771 740.3442 204.0562 1.4692 1.6031 4.0053 6.8461 1.0779 43.1423 1.5856 0.1407
Car -1 -1 1.6306 672.7052 187.1893 709.0963 217.0249 1.4593 1.6565 3.8886 4.4106 1.5679 37.4920 1.7463 0.1289
Car -1 -1 1.5376 620.1876 189.0669 660.5727 224.9621 1.4464 1.6208 3.7156 1.3895 1.6237 31.2322 1.5811 0.1271
Car -1 -1 0.3336 727.4269 172.2253 810.5663 199.3763 1.4837 1.6718 4.3328 9.2335 0.7738 41.1316 0.5526 0.1223
Car -1 -1 5.0298 294.2196 177.5598 338.5498 200.7905 1.4970 1.6045 3.9420 -19.4946 1.0037 48.3430 4.6482 0.1178
Car -1 -1 5.1789 139.8576 189.2427 220.5391 225.8872 1.4512 1.4970 3.5822 -18.1366 1.6335 30.7068 4.6488 0.1171
Car -1 -1 4.8654 666.8878 183.1906 705.5721 210.9577 1.4493 1.5726 3.6684 4.3847 1.3436 39.4958 4.9747 0.1141
Car -1 -1 0.1389 427.3307 144.8610 533.2265 189.0052 1.6270 1.6613 3.7747 -4.7693 0.1397 27.3854 -0.0319 0.1073
Car -1 -1 1.0761 592.3743 179.8245 662.8558 215.3631 1.5613 1.6021 3.9740 0.8887 1.3244 33.7152 1.1017 0.1066
Car -1 -1 4.8655 420.4187 177.7483 497.8967 233.5161 1.6074 1.7409 4.4327 -4.6092 1.3922 22.9716 4.6693 0.1039
Car -1 -1 1.9199 393.1976 181.1561 459.0368 215.0305 1.4941 1.6356 4.2723 -8.4505 1.3151 33.9182 1.6772 0.1031
Car -1 -1 -0.0194 655.1180 183.4906 732.2278 211.7174 1.4501 1.6634 3.9546 4.5373 1.3615 37.9521 0.0982 0.0964
Car -1 -1 1.6783 358.5596 173.9912 414.9639 217.8339 1.5770 1.6757 3.7942 -8.4687 1.1733 27.8760 1.3858 0.0941
Car -1 -1 1.8602 615.2621 186.0254 667.9918 217.1459 1.5082 1.6680 3.9072 1.8331 1.5524 37.0688 1.9088 0.0911
Car -1 -1 2.2533 101.8094 182.2851 160.3432 203.2108 1.5162 1.6205 3.8163 -35.7343 1.3038 54.0645 1.6712 0.0910
Car -1 -1 1.5578 656.5727 185.1898 690.1049 215.2495 1.4607 1.6256 3.8212 3.3651 1.4594 36.8981 1.6476 0.0903
Car -1 -1 1.7609 646.3005 181.3258 675.9175 201.2003 1.5211 1.5745 4.2759 4.3350 1.2234 57.2876 1.8356 0.0902
Car -1 -1 -0.7121 721.2646 174.0227 782.3300 197.8139 1.4813 1.5783 3.7408 9.3367 0.7844 46.3652 -0.5150 0.0879
Car -1 -1 3.3430 674.5978 180.2703 743.6243 205.8707 1.4565 1.5917 3.7785 5.9999 1.1751 42.2788 3.4826 0.0865
Car -1 -1 1.7660 295.2526 176.0465 337.5178 203.2290 1.4850 1.5203 3.8598 -16.6513 0.9841 41.3088 1.3848 0.0862
Car -1 -1 1.7158 227.9588 180.0669 258.7922 199.8746 1.5248 1.6056 4.1950 -29.0948 1.1285 57.5826 1.2495 0.0842
Car -1 -1 1.8353 280.0312 178.3524 330.2047 205.9251 1.4418 1.5937 3.8138 -16.5638 1.0829 39.5830 1.4411 0.0839
Car -1 -1 1.9910 37.7037 196.2240 207.1222 272.4753 1.4691 1.6536 4.1409 -10.9726 1.7573 16.6505 1.4154 0.0838
Car -1 -1 1.8239 535.8027 177.8824 569.2276 198.7073 1.5161 1.5853 3.9348 -4.0968 0.9822 54.4098 1.7487 0.0837
Car -1 -1 4.2282 105.4610 186.6016 194.5165 222.8093 1.4529 1.5789 3.8952 -19.4987 1.5151 30.6293 3.6649 0.0784
Car -1 -1 1.9713 178.7550 185.1383 221.7958 204.4679 1.5002 1.5903 3.9559 -32.6838 1.4942 57.8474 1.4587 0.0776
Car -1 -1 4.7526 486.6478 174.9400 530.9637 214.6419 1.5322 1.6480 4.1309 -4.0233 1.1357 29.8764 4.6196 0.0776
Car -1 -1 2.0533 73.1437 186.3689 130.9744 211.0989 1.5131 1.5363 3.5782 -32.2688 1.5899 46.0289 1.4443 0.0773
Car -1 -1 1.9009 0.0000 180.1959 39.4876 203.2015 1.4459 1.6734 4.1990 -39.2941 1.1304 47.4390 1.2117 0.0763
Car -1 -1 1.3325 687.7197 180.0058 719.3272 199.7628 1.5190 1.6187 3.8868 7.6360 1.1184 57.2857 1.4639 0.0750
Car -1 -1 4.7152 545.1591 166.4842 564.6339 185.8424 1.6661 1.6733 3.4239 -4.6235 0.0539 63.6347 4.6427 0.0709
Car -1 -1 4.0210 0.0000 187.8793 70.7815 263.8666 1.5174 1.6487 4.0527 -14.1137 1.5792 15.5529 3.2925 0.0708
Car -1 -1 4.9012 508.7333 177.4742 553.6120 208.1663 1.5477 1.6500 4.0022 -3.9917 1.1573 38.3137 4.7977 0.0700
Car -1 -1 1.8225 132.4588 180.7928 179.9583 205.9850 1.5168 1.5677 4.0700 -28.4465 1.2505 45.4575 1.2657 0.0697
Car -1 -1 2.8930 638.0369 180.3816 689.7139 200.1234 1.5524 1.6018 3.8549 4.5288 1.1723 57.6446 2.9706 0.0690
Car -1 -1 1.7156 728.9609 172.4919 766.4168 199.1087 1.5148 1.6359 4.0758 8.4678 0.7907 43.1055 1.9079 0.0678
Car -1 -1 3.7993 55.7382 183.6406 192.4019 225.5098 1.4482 1.6050 3.9145 -17.2812 1.3938 25.8066 3.2138 0.0663
Car -1 -1 -0.9818 553.2810 177.0161 601.4171 198.5199 1.5263 1.6193 3.9733 -2.1635 0.9443 53.1390 -1.0227 0.0654
Car -1 -1 5.2792 106.1571 187.6734 204.6303 225.0721 1.4582 1.6007 3.9986 -18.9090 1.5687 30.3028 4.7249 0.0647
Car -1 -1 0.9867 45.5292 186.8304 113.4514 210.7447 1.4574 1.6422 3.8014 -33.3471 1.5626 45.4335 0.3560 0.0634
Car -1 -1 2.8314 714.6038 174.2655 785.6199 200.1485 1.4803 1.6139 3.7687 8.3477 0.8540 42.1321 3.0253 0.0631
Car -1 -1 2.4902 0.0000 190.2784 93.3939 275.6075 1.4707 1.6021 3.9484 -12.9837 1.5892 14.7349 1.7767 0.0630
Car -1 -1 0.5630 255.8569 177.2223 337.5577 203.3028 1.4449 1.6082 4.0382 -17.6539 1.0020 40.9361 0.1579 0.0625
Car -1 -1 4.6618 649.2221 197.0555 714.4015 255.0172 1.4747 1.6838 3.9803 2.1030 1.8564 21.1453 4.7590 0.0620
Car -1 -1 2.8600 385.5382 178.1572 477.0993 210.3611 1.4726 1.5889 3.9914 -8.4344 1.1499 34.5526 2.6220 0.0615
Car -1 -1 2.7006 647.6309 183.6049 733.5049 214.2671 1.4802 1.6274 3.9706 4.1803 1.4024 36.1109 2.8145 0.0612
Car -1 -1 1.9011 284.4897 177.6057 332.8067 203.7587 1.6240 1.6598 4.0706 -19.3334 1.1515 46.7207 1.5104 0.0610
Car -1 -1 0.5824 258.5076 177.2508 327.6292 200.7278 1.5073 1.6403 3.9118 -20.6451 0.9959 47.2971 0.1726 0.0609
Car -1 -1 0.9231 499.7810 177.9002 548.6519 199.1441 1.5155 1.6100 3.8283 -6.1715 0.9937 53.2228 0.8078 0.0608
Car -1 -1 4.9153 623.4282 187.8761 667.4519 217.6404 1.5022 1.6265 3.8362 2.1101 1.6531 38.7105 4.9688 0.0598
Car -1 -1 1.4440 420.9898 181.4237 469.3775 215.8191 1.4837 1.6653 4.2048 -7.5549 1.3201 33.2693 1.2221 0.0586
Car -1 -1 1.8952 512.2789 174.5363 552.2454 196.2845 1.4829 1.6246 4.0319 -5.2830 0.7547 51.1595 1.7925 0.0573
Car -1 -1 1.9010 398.1440 175.3896 428.0864 191.4546 1.4835 1.5713 3.8835 -18.4196 0.5761 68.3708 1.6385 0.0566
Car -1 -1 1.8565 669.6692 180.9623 702.7109 201.0922 1.5546 1.6191 3.8293 6.3628 1.2261 57.5958 1.9656 0.0564
Car -1 -1 1.2778 533.3145 174.3678 571.4453 197.1193 1.5623 1.6772 3.8561 -3.9636 0.8174 51.4618 1.2010 0.0558
Car -1 -1 3.6208 344.3249 178.5672 448.3542 215.8723 1.4337 1.5547 3.6927 -8.4044 1.1782 28.7516 3.3386 0.0556
Car -1 -1 1.6798 604.4696 179.8250 629.5732 198.5457 1.4328 1.5807 3.8598 0.8115 1.0203 57.0321 1.6936 0.0550
Car -1 -1 1.6667 502.4422 180.9715 543.4843 213.1882 1.4748 1.6004 3.9479 -4.0319 1.2805 34.8949 1.5521 0.0548
Car -1 -1 1.9201 139.3105 183.3613 179.6134 202.1324 1.4411 1.6304 3.4355 -35.4726 1.2987 57.0363 1.3655 0.0538
Car -1 -1 3.4301 412.7543 162.4027 527.5673 202.6913 1.5800 1.6616 4.2909 -5.5255 0.6854 29.2397 3.2448 0.0533