Car -1 -1 1.8591 330.7165 181.8085 403.5092 225.2686 1.5265 1.6518 3.8090 -9.3334 1.8987 28.0663 1.5404 0.8975
Car -1 -1 4.6781 588.9193 176.4595 616.4073 201.8517 1.5679 1.6556 4.0206 -0.4885 1.8139 47.1795 4.6673 0.6221
Car -1 -1 1.6935 446.4449 174.7953 478.4913 200.5490 1.8036 1.7843 4.3640 -10.7778 1.9525 53.1137 1.4940 0.4673
Car -1 -1 1.4789 544.9967 182.6136 571.4965 203.4882 1.4608 1.6415 3.9066 -3.9075 2.2256 54.4821 1.4071 0.3287
Car -1 -1 -0.0664 581.5258 176.5152 641.9277 200.5836 1.4949 1.5912 3.7529 0.1100 1.7331 46.0096 -0.0645 0.2049
Car -1 -1 1.8789 303.1120 179.3626 406.8821 239.0914 1.4801 1.5950 3.9670 -7.0237 1.6814 20.3158 1.5496 0.1445
Car -1 -1 5.1048 253.4731 177.5281 389.1790 246.5802 1.4933 1.6568 4.0814 -6.9786 1.6229 17.9447 4.7384 0.1395
Car -1 -1 1.3128 384.4589 173.9747 415.5859 193.1387 1.5920 1.6047 4.0467 -18.1322 1.6922 62.3396 1.0306 0.1097
Car -1 -1 4.8153 185.0473 184.9045 211.3676 204.6609 1.5745 1.5964 3.5438 -35.2076 2.6394 61.8185 4.2992 0.0994
Car -1 -1 2.0782 311.3770 179.4603 370.3211 207.7058 1.6393 1.6283 4.1543 -16.7072 2.0720 45.0735 1.7248 0.0851
Car -1 -1 1.7503 449.3561 178.9855 502.4945 216.0183 1.4555 1.5707 3.8133 -5.6522 1.7343 30.8971 1.5704 0.0824
Car -1 -1 2.0712 372.0177 191.3901 416.4215 212.8209 1.4355 1.6343 3.5894 -15.9450 2.8617 53.5901 1.7829 0.0823
Car -1 -1 1.7227 465.7902 182.1894 503.8184 211.9482 1.4510 1.4376 3.6718 -6.5543 1.9690 38.1894 1.5534 0.0793
Car -1 -1 4.2852 612.9904 172.7375 646.8929 190.6925 1.5632 1.5959 3.8443 1.7990 1.5531 64.8997 4.3124 0.0784
Car -1 -1 1.6745 544.2655 179.9844 572.3915 202.9925 1.5747 1.6248 4.2073 -3.7109 2.1179 52.8340 1.6043 0.0758
Car -1 -1 3.9215 164.1935 181.8624 352.5780 249.4561 1.4374 1.6100 4.0869 -8.3367 1.6694 17.1537 3.4748 0.0752
Car -1 -1 1.7564 367.7320 178.9933 453.5380 237.4672 1.4584 1.5989 4.0677 -5.5339 1.6508 20.5228 1.4957 0.0712
Car -1 -1 3.2242 553.0688 176.6563 617.8839 200.6624 1.4863 1.6471 3.9969 -1.4991 1.7330 45.8874 3.1913 0.0680
Car -1 -1 4.5822 462.7751 171.1526 490.1913 192.3263 1.6065 1.6187 4.0175 -10.5269 1.4774 56.9055 4.3999 0.0662
Car -1 -1 1.6569 507.0582 177.7737 532.9778 199.5646 1.5204 1.5722 3.7686 -6.5574 1.8956 53.1172 1.5343 0.0655
Car -1 -1 1.8792 532.4217 177.4112 572.2190 201.5805 1.6249 1.6652 4.0945 -4.0369 1.9640 51.5145 1.8009 0.0649
Car -1 -1 1.5955 595.7535 180.2599 619.1309 201.9136 1.4844 1.6139 3.9268 -0.1234 2.0467 52.7996 1.5926 0.0640
Car -1 -1 1.7043 420.2874 178.6604 469.5475 215.4115 1.4344 1.5481 3.7328 -6.9388 1.6969 30.6974 1.4834 0.0631
Car -1 -1 1.7618 487.9496 179.3984 514.1492 197.9759 1.4902 1.5690 3.3753 -9.1149 2.0573 60.8093 1.6133 0.0624
Car -1 -1 1.3590 368.8779 188.3359 403.2792 210.2077 1.4848 1.6516 4.0813 -16.8381 2.6959 54.2581 1.0591 0.0620
Car -1 -1 1.3646 554.0601 177.4847 589.4467 201.6303 1.6112 1.6759 4.2348 -2.7316 1.9548 51.2771 1.3112 0.0620
Car -1 -1 0.8921 322.1495 194.0228 409.9779 231.1334 1.4810 1.6975 3.8815 -11.0082 2.4879 32.5609 0.5680 0.0607
Car -1 -1 2.0309 203.5219 185.5794 362.0533 263.2511 1.4297 1.5689 3.9083 -7.0027 1.7457 15.9260 1.6223 0.0602
Car -1 -1 0.2706 461.4778 179.1383 510.8215 197.4831 1.4803 1.5175 3.7633 -10.2120 2.0096 59.8191 0.1019 0.0557
Car -1 -1 4.6773 478.3877 171.2006 502.0221 193.7277 1.7216 1.7069 4.2167 -9.5221 1.5952 57.3766 4.5133 0.0555
Car -1 -1 1.4852 311.9465 188.6992 351.9600 220.0019 1.4998 1.6680 4.3724 -15.1500 2.4132 39.2615 1.1188 0.0546
Car -1 -1 1.3752 491.7084 175.8523 523.3484 197.3828 1.6186 1.6861 4.2531 -8.1216 1.8657 57.1658 1.2343 0.0545
Car -1 -1 1.7633 491.7907 178.2033 522.2075 200.2390 1.5437 1.5259 3.8093 -7.5554 1.9542 53.4303 1.6231 0.0538
Car -1 -1 1.8455 436.1587 177.5956 487.7573 209.0326 1.4449 1.5390 3.7150 -7.2285 1.6917 35.6497 1.6464 0.0532
Car -1 -1 1.7173 429.1065 180.0134 475.7752 214.9613 1.4838 1.5692 3.7238 -7.1953 1.8335 33.3265 1.5058 0.0532
Car -1 -1 4.6937 339.6027 181.4783 400.5027 235.7048 1.4888 1.6637 3.9561 -7.5357 1.7849 22.6326 4.3753 0.0521
Car -1 -1 2.0808 549.5236 182.2903 593.7835 203.6245 1.4834 1.5927 3.9467 -2.8024 2.2196 54.1706 2.0289 0.0520
Car -1 -1 2.9951 531.3868 180.3562 585.6569 202.2794 1.5619 1.6207 3.8126 -3.7937 2.1300 53.4313 2.9241 0.0517
Car -1 -1 1.7782 483.7260 176.2724 516.9358 199.2854 1.5333 1.5635 3.7192 -7.6094 1.7817 50.5410 1.6292 0.0514
Car -1 -1 0.5543 468.2171 177.0527 522.1216 197.9973 1.5531 1.6083 3.8280 -8.8115 1.8852 55.5807 0.3974 0.0509