Car -1 -1 4.9669 308.8248 187.2922 481.3400 294.8776 1.4830 1.6865 4.2368 -3.3200 1.5241 12.1158 4.7046 0.9792
Car -1 -1 5.1106 206.1564 181.7881 347.1431 250.4635 1.4680 1.6359 3.9779 -7.7905 1.3948 17.3699 4.6945 0.9649
Car -1 -1 4.7037 557.0525 181.6337 620.5947 239.7122 1.5351 1.6816 3.2689 -0.5423 1.4404 20.6628 4.6773 0.9646
Car -1 -1 4.8766 433.5944 181.4750 522.1808 242.8959 1.4826 1.6565 4.2584 -3.3736 1.3923 19.4859 4.7071 0.8559
Car -1 -1 5.1856 0.0000 205.9947 372.8355 376.0000 1.3784 1.6277 4.3476 -3.1952 1.5976 5.3775 4.6709 0.8062
Car -1 -1 4.9419 321.0382 178.6804 373.9828 207.3403 1.3532 1.6293 3.9225 -12.9228 1.0446 35.9811 4.5992 0.6606
Car -1 -1 4.8219 502.6140 177.4586 550.3556 216.4746 1.5489 1.5833 3.9268 -3.3594 1.2410 30.5021 4.7128 0.5014
Car -1 -1 5.0655 416.8269 177.7036 455.5468 198.7070 1.5470 1.6251 3.9084 -13.0303 0.9937 54.9839 4.8335 0.4650
Car -1 -1 1.7073 529.3262 174.0623 556.6954 195.7905 1.6149 1.5816 3.9100 -4.9116 0.7860 55.4195 1.6190 0.4529
Car -1 -1 4.6254 474.7356 169.5795 499.7202 190.1017 1.5936 1.6400 4.0792 -9.7100 0.3794 58.0002 4.4600 0.3032
Car -1 -1 2.1686 191.9510 166.9406 283.1991 200.6460 1.4662 1.6189 4.3154 -17.1031 0.6712 33.5144 1.6999 0.2828
Car -1 -1 4.9242 432.3838 174.0026 472.3649 200.3090 1.4916 1.5535 3.7697 -9.1320 0.8558 42.6449 4.7143 0.2817
Car -1 -1 3.2366 434.7859 179.2310 541.0366 217.9233 1.5143 1.6760 4.0989 -4.7577 1.2801 29.1051 3.0757 0.2814
Car -1 -1 1.8634 375.7605 169.8181 443.5921 207.3691 1.4272 1.5830 3.9334 -7.9620 0.8420 29.3111 1.6003 0.2479
Car -1 -1 4.9714 238.7127 180.0746 311.6782 222.1157 1.4978 1.6615 3.5496 -12.6047 1.3147 27.4998 4.5450 0.2438
Car -1 -1 2.9536 173.1618 188.7042 308.0122 233.3642 1.4738 1.5693 4.1097 -13.1434 1.6085 25.8875 2.4876 0.1644
Car -1 -1 4.1464 0.0000 205.1027 52.1677 358.8787 1.4587 1.6118 4.1053 -8.8969 1.7225 8.3323 3.3441 0.1378
Car -1 -1 0.4058 314.8608 169.8323 431.0377 208.8075 1.4705 1.5914 4.0171 -9.1093 0.8901 28.1041 0.0950 0.1319
Car -1 -1 1.9851 212.9712 182.2033 312.1605 227.2457 1.4643 1.6257 4.1021 -12.0532 1.3664 25.4397 1.5464 0.1245
Car -1 -1 4.7480 590.7444 181.3106 625.3623 213.0067 1.5206 1.6158 3.8523 0.0892 1.3332 36.4415 4.7500 0.1174
Car -1 -1 4.8273 0.0000 208.3554 51.9969 360.2878 1.4387 1.7084 4.2226 -8.7195 1.8228 9.7075 4.1089 0.1001
Car -1 -1 1.7573 583.8157 188.5872 631.9710 221.5471 1.4602 1.6163 3.7969 0.0908 1.6304 34.2764 1.7594 0.0956
Car -1 -1 3.8754 394.7917 177.8998 448.6909 198.5868 1.5116 1.6246 3.8285 -13.9719 0.9770 54.1342 3.6236 0.0895
Car -1 -1 4.8271 418.7400 188.7320 464.7553 224.3448 1.5064 1.6136 3.7414 -7.4724 1.6760 32.7383 4.6040 0.0866
Car -1 -1 4.5555 400.1797 170.9764 424.2654 188.8082 1.6366 1.6299 3.7865 -18.4763 0.3297 68.0361 4.2910 0.0865
Car -1 -1 3.6061 244.6543 177.5916 364.1408 218.4376 1.4521 1.5647 3.7527 -11.0952 1.1810 26.4686 3.2126 0.0837
Car -1 -1 3.3342 142.7319 165.1794 249.2943 199.9144 1.4736 1.6138 3.8586 -18.1284 0.6236 31.8716 2.8205 0.0819
Car -1 -1 1.5038 528.7416 174.4128 554.4081 196.5136 1.5915 1.6357 4.2666 -4.9646 0.8136 54.0013 1.4122 0.0816
Car -1 -1 1.6898 459.9402 191.7875 529.2026 245.7901 1.5008 1.6604 3.9610 -3.4239 1.7246 22.4715 1.5398 0.0782
Car -1 -1 1.1791 602.7126 186.5097 660.7784 219.4679 1.4663 1.5956 3.3019 1.1085 1.5307 33.9509 1.2110 0.0730
Car -1 -1 3.5997 391.7323 172.8720 466.7268 199.4946 1.4964 1.6168 3.9019 -10.2829 0.8026 41.6141 3.3587 0.0728
Car -1 -1 4.8078 610.0370 183.0791 649.2803 214.5208 1.4988 1.6161 3.8723 1.1838 1.3970 36.2905 4.8397 0.0720
Car -1 -1 0.0394 371.6201 171.8864 483.0444 210.6960 1.4722 1.5642 4.1672 -7.0516 0.9666 28.4532 -0.2016 0.0706
Car -1 -1 4.7620 510.6534 198.0267 561.7550 245.8194 1.4944 1.6027 3.5048 -2.4274 1.9758 25.2236 4.6665 0.0664
Car -1 -1 -0.4312 547.3447 185.9998 635.2527 218.1864 1.5000 1.6555 3.9748 -0.7704 1.5402 35.1952 -0.4534 0.0653
Car -1 -1 2.2453 0.0000 198.5369 74.4376 376.0000 1.4526 1.5634 3.8017 -7.5814 1.6275 7.4681 1.4702 0.0639
Car -1 -1 1.5745 165.8482 194.1075 221.8483 238.8896 1.4278 1.6316 3.9234 -14.8383 1.7739 25.8674 1.0578 0.0625
Car -1 -1 0.4947 271.6524 178.5288 370.5493 210.3207 1.4943 1.6604 4.1692 -13.8339 1.1800 34.8597 0.1193 0.0612
Car -1 -1 -0.4727 456.3397 174.8839 529.8484 202.2947 1.5158 1.6269 3.8808 -6.5704 0.9445 41.5512 -0.6289 0.0611
Car -1 -1 2.0014 0.0000 207.9362 241.1716 327.2537 1.3912 1.6887 3.6496 -7.1873 1.8008 11.0362 1.4348 0.0592
Car -1 -1 -0.0724 426.6217 174.5155 495.2267 200.5409 1.4609 1.5526 3.7900 -8.4781 0.8603 41.6108 -0.2724 0.0590
Car -1 -1 3.1000 518.0042 174.7643 573.4313 196.3969 1.6425 1.6539 4.2110 -4.7819 0.8490 55.6679 3.0143 0.0585
Car -1 -1 1.6626 413.8836 173.2227 462.5682 210.4340 1.4409 1.6064 3.8673 -6.9502 0.9765 29.8605 1.4357 0.0564
Car -1 -1 0.1328 519.6136 174.8015 572.1335 195.6236 1.5605 1.5676 3.8111 -4.6450 0.7800 54.7502 0.0482 0.0545
Car -1 -1 3.0673 457.7227 168.7332 511.5249 188.1113 1.4945 1.6069 4.0763 -9.6799 0.2233 56.7084 2.8987 0.0540
Car -1 -1 5.1659 253.1505 181.1608 337.9114 222.4962 1.4636 1.5336 3.5486 -11.7186 1.3201 27.2648 4.7633 0.0536
Car -1 -1 1.7828 572.2760 180.2720 603.5594 200.5074 1.4746 1.6007 3.8033 -1.4212 1.1143 54.4001 1.7564 0.0525
Car -1 -1 2.1048 392.3516 173.8152 444.2539 198.3696 1.6591 1.6746 4.1240 -13.2811 0.8888 50.7843 1.8500 0.0524
Car -1 -1 1.5834 373.3403 172.3996 418.0896 212.8653 1.4662 1.5682 3.8654 -8.2326 1.0018 28.1177 1.3009 0.0520
Car -1 -1 1.6973 473.1272 169.5861 499.9954 189.1503 1.4859 1.5750 4.1462 -9.4756 0.2988 56.7005 1.5322 0.0513
Car -1 -1 4.4416 608.2290 182.9713 693.4968 236.5520 1.4525 1.6329 3.5213 1.2073 1.3917 21.3818 4.4968 0.0502
Car -1 -1 4.9197 337.1158 183.9343 386.4196 213.3114 1.4482 1.6210 4.0736 -12.7494 1.3851 37.5561 4.5942 0.0500