Car -1 -1 1.9260 283.2289 189.9422 353.4827 226.8008 1.4413 1.5917 3.9970 -12.8575 2.2493 32.1013 1.5474 0.8879
Car -1 -1 4.7059 598.7077 178.1017 629.8004 206.9101 1.5874 1.7468 4.2590 0.2617 1.9132 42.6656 4.7114 0.8800
Car -1 -1 1.7900 102.5952 198.3868 185.8300 245.8195 1.5263 1.7735 4.4845 -18.0624 2.6102 28.2220 1.2247 0.6336
Car -1 -1 2.0926 77.1067 202.6592 184.1179 249.8305 1.4709 1.6513 3.7411 -17.6686 2.6583 26.8317 1.5145 0.3581
Car -1 -1 1.4486 249.7653 199.4012 295.4996 232.3325 1.4737 1.7018 4.0894 -17.7835 2.9520 37.9967 1.0131 0.3499
Car -1 -1 1.5701 280.9762 199.0490 318.9732 231.7227 1.4832 1.7791 4.2027 -16.5899 2.9709 38.6954 1.1671 0.2792
Car -1 -1 1.5789 671.7084 176.3098 707.9972 208.4071 1.4653 1.6749 4.1939 3.9727 1.6462 35.5890 1.6886 0.2110
Car -1 -1 0.0453 285.9642 178.6149 352.1175 200.8912 1.4523 1.5973 4.1133 -19.7488 1.8567 49.2112 -0.3347 0.1997
Car -1 -1 1.9402 274.8606 197.8637 352.3610 241.0211 1.4165 1.6332 3.2283 -11.0659 2.4154 27.1921 1.5566 0.1350
Car -1 -1 1.4183 692.8832 179.6735 737.9898 210.1440 1.3998 1.6091 4.1741 5.2442 1.7616 36.1811 1.5605 0.1221
Car -1 -1 1.5513 673.6038 174.1895 697.5609 198.4172 1.5346 1.5001 3.9515 5.0193 1.6271 47.9580 1.6546 0.0922
Car -1 -1 0.5588 33.4700 202.8638 173.0970 245.9037 1.4644 1.6782 3.9587 -18.6983 2.6168 26.7768 -0.0464 0.0874
Car -1 -1 1.4330 678.2452 178.8807 713.8364 206.9483 1.5414 1.5666 3.7284 5.0258 1.9105 42.3120 1.5499 0.0825
Car -1 -1 4.7567 318.5146 178.7467 345.9747 201.0604 1.4589 1.6088 3.9755 -19.3472 1.8883 50.4450 4.3920 0.0804
Car -1 -1 2.0482 265.3916 181.3923 314.1832 205.0811 1.5463 1.5510 3.7705 -22.2831 2.1658 50.4196 1.6337 0.0760
Car -1 -1 -0.1890 670.2407 164.6562 714.0155 182.9201 1.6929 1.6737 3.8434 7.7447 0.9330 67.8604 -0.0761 0.0758
Car -1 -1 2.8559 635.8486 177.6541 725.0150 209.7551 1.4672 1.6364 3.9412 3.3625 1.7045 34.5048 2.9516 0.0752
Car -1 -1 -0.5522 340.0805 189.9296 457.7180 231.8960 1.4634 1.6830 4.3031 -8.4049 2.2025 29.0736 -0.8317 0.0745
Car -1 -1 1.4944 332.2804 199.0244 385.5215 242.6622 1.4434 1.7045 3.2029 -9.7145 2.5189 27.8438 1.1611 0.0742
Car -1 -1 1.4894 258.3433 194.1553 292.0180 220.3313 1.4733 1.6510 3.7762 -21.3452 2.8917 45.9974 1.0568 0.0704
Car -1 -1 0.4224 235.7472 195.8479 350.4156 236.0492 1.4485 1.6324 3.7028 -12.1321 2.3614 27.8030 0.0140 0.0675
Car -1 -1 5.0684 342.1513 192.0566 418.7639 232.8178 1.4536 1.6814 4.0727 -9.3463 2.3011 29.7677 4.7662 0.0675
Car -1 -1 1.6806 313.6206 179.5985 348.9172 205.3499 1.5559 1.6945 4.0852 -18.0479 2.0150 46.9326 1.3151 0.0629
Car -1 -1 1.5323 662.9117 178.4977 693.3478 206.1938 1.5116 1.6159 3.7669 3.9593 1.8559 42.0892 1.6250 0.0610
Car -1 -1 1.7781 651.2345 174.4337 684.1140 197.2508 1.5220 1.5557 3.7326 4.0966 1.6368 50.4178 1.8583 0.0586
Car -1 -1 1.4406 676.3289 176.3837 709.2142 203.1091 1.5585 1.5100 3.9564 5.0979 1.7863 44.5927 1.5532 0.0585
Car -1 -1 -0.1282 333.0166 183.8428 453.2385 228.1296 1.4821 1.6228 4.0555 -7.9379 1.9092 26.4856 -0.4171 0.0574
Car -1 -1 1.6890 130.9948 198.4095 178.4819 232.5651 1.4360 1.5516 3.2790 -21.9166 2.7350 34.8636 1.1310 0.0550
Car -1 -1 5.1825 291.6959 178.0703 343.0427 200.5651 1.4463 1.6008 4.0294 -19.9486 1.8187 49.4314 4.8005 0.0533
Car -1 -1 -0.4236 693.7472 177.2484 778.5459 206.8995 1.4789 1.6252 4.0501 6.5911 1.7162 37.6632 -0.2522 0.0506
Car -1 -1 1.1360 694.0878 179.9799 761.6235 213.1345 1.3931 1.5974 3.8266 5.3773 1.7419 33.2615 1.2943 0.0505
Car -1 -1 0.2864 294.3842 178.2227 362.2556 200.2910 1.5082 1.6441 4.1547 -19.7479 1.8934 50.7841 -0.0830 0.0504
Car -1 -1 1.5560 251.4056 199.1884 290.2362 232.1498 1.4413 1.7076 3.5212 -17.2137 2.8498 36.6349 1.1191 0.0503
Car -1 -1 -0.9611 712.8247 178.5445 791.8481 211.0740 1.4319 1.6317 4.1392 6.8716 1.7198 34.4914 -0.7666 0.0503