Car -1 -1 2.1269 0.0000 185.5970 258.1268 372.4005 1.6937 1.7063 4.2792 -6.2202 1.8910 9.0059 1.5358 0.9690
Car -1 -1 1.9236 213.6912 184.9412 374.3641 277.2541 1.6268 1.6884 4.3893 -6.5415 1.9242 15.5257 1.5303 0.9678
Car -1 -1 1.6780 490.0476 181.2057 540.8723 217.4996 1.4270 1.7377 4.3453 -4.0395 1.8177 31.5656 1.5513 0.9147
Car -1 -1 1.7944 383.2064 187.0779 454.6056 233.2073 1.4628 1.6031 4.2113 -6.8497 2.0237 26.3216 1.5417 0.8714
Car -1 -1 4.6281 626.2378 173.4995 656.0462 197.6209 1.5342 1.6430 4.0433 2.0625 1.5790 48.0568 4.6703 0.7090
Car -1 -1 4.1031 1091.2213 153.5777 1227.1127 200.6253 1.4304 1.5786 3.9614 18.0482 0.8444 23.9418 4.7431 0.7079
Car -1 -1 1.6788 524.7983 174.2185 557.8389 206.0663 1.8286 1.5697 3.9103 -4.0756 1.9147 43.5634 1.5856 0.6434
Car -1 -1 2.8463 890.6053 153.5735 967.5967 179.7558 1.5371 1.6916 3.9127 19.1769 0.4052 43.4312 3.2595 0.4658
Car -1 -1 1.5678 468.0869 183.9109 498.1592 212.7042 1.4910 1.6052 3.9404 -7.1936 2.1518 41.0415 1.3949 0.4294
Car -1 -1 -0.1772 703.5866 166.1591 785.9438 195.3100 1.6168 1.6995 4.3523 7.6111 1.2455 40.8797 0.0053 0.3928
Car -1 -1 1.1661 869.5571 153.5170 916.5585 179.4476 1.7679 1.7065 3.8707 20.0374 0.4495 51.1557 1.5374 0.3307
Car -1 -1 4.6578 689.2077 169.1656 715.0860 192.5903 1.5962 1.5997 3.9865 6.5347 1.3448 51.2113 4.7836 0.2929
Car -1 -1 0.3561 218.5604 178.3272 306.8114 207.9766 1.4807 1.5821 3.8027 -17.8930 1.7712 37.3412 -0.0882 0.2790
Car -1 -1 0.4090 306.8779 178.3712 390.2718 209.2538 1.5377 1.6278 3.7001 -13.4126 1.8292 37.1922 0.0648 0.2550
Car -1 -1 2.9914 696.9907 156.1348 775.4094 180.5471 1.4629 1.6303 4.5259 7.6937 0.4610 44.1023 3.1629 0.2428
Car -1 -1 1.1647 852.2801 162.4373 900.4592 186.6362 1.5470 1.5702 3.9565 17.7393 0.8811 48.1469 1.5156 0.2126
Car -1 -1 3.9805 375.7227 176.9171 439.6279 201.2714 1.4008 1.5885 3.8195 -12.2601 1.6567 43.7614 3.7086 0.1806
Car -1 -1 1.4120 1075.5673 158.9672 1242.0000 276.5704 1.5198 1.5764 3.7165 8.4828 1.3403 11.3379 2.0416 0.1743
Car -1 -1 -0.6505 625.1964 159.9665 685.7775 183.8969 1.7995 1.7373 4.6016 3.6040 0.8304 56.2560 -0.5871 0.1713
Car -1 -1 2.5065 1084.2488 158.7154 1242.0000 202.4964 1.4695 1.6317 4.2449 19.1516 0.9949 25.0588 3.1532 0.1690
Car -1 -1 1.5713 629.0683 176.1848 653.1453 198.8607 1.6088 1.7290 4.2579 2.3597 1.8680 53.9915 1.6143 0.1663
Car -1 -1 -0.0913 683.6691 168.6897 743.2786 190.2448 1.4664 1.5962 3.9558 7.1614 1.1831 49.9824 0.0499 0.1577
Car -1 -1 -1.1022 1063.2864 139.2263 1134.9810 169.1485 1.5473 1.6429 3.9476 26.7498 -0.2110 39.4062 -0.5091 0.1574
Car -1 -1 1.6889 283.8471 176.5744 325.1180 204.1880 1.4709 1.6543 4.4659 -17.4573 1.6969 41.4489 1.2923 0.1572
Car -1 -1 -0.4465 861.3463 157.6218 932.5318 182.6945 1.6090 1.6061 4.0331 18.7852 0.6315 47.2465 -0.0703 0.1468
Car -1 -1 4.6542 821.2991 159.9247 843.7022 178.5657 1.5920 1.6577 3.9259 19.6574 0.4878 63.7257 4.9520 0.1466
Car -1 -1 -0.5445 879.0120 155.2353 949.1342 178.0336 1.5575 1.6895 4.2593 21.2631 0.3539 50.4424 -0.1477 0.1437
Car -1 -1 1.3013 424.3161 179.0552 458.7090 199.3028 1.4692 1.6393 3.7723 -12.9929 1.9651 55.6578 1.0727 0.1402
Car -1 -1 4.2256 1079.5868 142.3701 1161.8105 176.5617 1.6318 1.6887 4.0385 25.7669 0.1769 36.5428 4.8360 0.1375
Car -1 -1 2.2501 391.8173 177.6111 456.6472 205.3913 1.5109 1.6148 3.8132 -10.7304 1.8016 42.0210 2.0012 0.1220
Car -1 -1 1.5728 703.4905 169.9305 731.6475 196.6483 1.4809 1.5479 3.6738 6.2746 1.3189 41.9246 1.7199 0.1213
Car -1 -1 0.0976 662.5822 169.1765 736.1015 197.3752 1.5641 1.6189 4.0337 5.1511 1.3602 41.2540 0.2206 0.1082
Car -1 -1 4.2995 900.5858 153.9241 958.4599 181.1815 1.6090 1.6708 4.3310 19.7608 0.4916 44.7577 4.7128 0.1039
Car -1 -1 4.6487 279.4399 174.7980 327.6932 213.7720 1.4602 1.5770 3.6166 -12.4254 1.5442 29.1995 4.2494 0.1010
Car -1 -1 2.7971 747.6951 171.2410 821.0811 197.9155 1.4780 1.5258 3.7519 9.8924 1.3886 40.9434 3.0321 0.1007
Car -1 -1 -0.4983 733.5427 153.5328 859.4717 195.2734 1.4910 1.6038 4.3395 6.9962 0.8008 27.0844 -0.2483 0.1007
Car -1 -1 4.2964 882.2404 138.7514 965.3835 180.5073 1.5453 1.6585 3.6636 12.3269 0.2832 28.5440 4.7004 0.0993
Car -1 -1 4.6230 668.1597 145.1702 722.1273 189.3840 1.5145 1.6274 3.8547 3.0898 0.5662 26.6628 4.7369 0.0987
Car -1 -1 4.9001 473.7363 175.1305 498.9507 192.3499 1.5379 1.6214 3.7899 -11.3840 1.7548 66.8555 4.7318 0.0981
Car -1 -1 4.1850 1136.3644 136.6842 1222.0712 171.7926 1.6668 1.6626 3.8603 28.6199 -0.0565 36.4027 4.8476 0.0978
Car -1 -1 4.0226 839.7024 158.2072 887.0601 181.2766 1.7650 1.6819 3.5147 20.0573 0.6444 57.1432 4.3584 0.0975
Car -1 -1 4.6613 624.8107 162.4354 649.6022 186.0741 1.7799 1.7237 4.1296 2.1260 0.9954 56.4044 4.6985 0.0954
Car -1 -1 1.7174 779.3168 172.1752 812.0165 195.9480 1.5839 1.6299 4.0944 13.0033 1.5386 50.2758 1.9687 0.0935
Car -1 -1 2.8100 1084.7186 137.4140 1205.7686 171.5187 1.6996 1.7550 4.7548 27.8013 -0.0725 37.6213 3.4429 0.0931
Car -1 -1 1.4059 749.1262 170.3328 787.6263 198.7649 1.5694 1.5798 3.6838 9.1295 1.4302 41.7048 1.6195 0.0918
Car -1 -1 1.2952 418.2434 186.3781 457.8106 210.1232 1.4705 1.6333 3.8598 -11.7176 2.4306 49.1409 1.0619 0.0889
Car -1 -1 -0.4023 669.6276 152.6920 790.5815 195.3899 1.4926 1.5863 4.0831 4.3995 0.7878 26.4774 -0.2397 0.0889
Car -1 -1 2.8233 613.1974 166.1532 673.3425 187.2702 1.5808 1.6603 4.3090 2.5788 1.0792 55.3920 2.8693 0.0859
Car -1 -1 3.0287 468.2355 183.0012 548.0323 212.4662 1.5495 1.6601 4.2421 -5.6654 2.1335 40.1960 2.8890 0.0831
Car -1 -1 2.3635 772.1024 173.1300 836.6189 198.0004 1.4847 1.5969 3.8547 12.0949 1.5025 44.7565 2.6254 0.0830
Car -1 -1 1.7975 403.5325 177.1819 444.4863 202.6861 1.4494 1.5722 3.8075 -11.1521 1.7223 43.5785 1.5481 0.0829
Car -1 -1 1.2742 763.2907 170.7611 807.4053 195.6825 1.5012 1.6232 3.8935 11.0168 1.3752 45.4570 1.5101 0.0819
Car -1 -1 4.6917 368.9032 192.3811 431.3326 253.9042 1.4681 1.5511 3.5277 -5.9312 2.0706 20.3474 4.4109 0.0817
Car -1 -1 5.3528 133.9555 175.3446 239.3773 218.0575 1.4531 1.5516 3.5038 -15.4645 1.5512 26.5909 4.8302 0.0802
Car -1 -1 4.8122 378.7451 176.7088 417.5764 206.3940 1.4892 1.6126 3.9034 -11.3122 1.7076 38.8002 4.5300 0.0768
Car -1 -1 0.6075 431.8473 183.7777 506.0583 212.9299 1.5199 1.6073 3.8331 -7.8472 2.1522 40.2586 0.4157 0.0749
Car -1 -1 4.0247 787.5213 140.9191 890.2483 186.9506 1.5287 1.6006 3.5737 8.1416 0.4682 25.9193 4.3257 0.0690
Car -1 -1 1.4865 430.7666 182.3591 458.9907 205.4046 1.5654 1.6699 4.3652 -12.1935 2.2978 53.2685 1.2621 0.0681
Car -1 -1 4.1209 695.3494 155.4293 786.9294 196.4199 1.4616 1.5883 3.8405 4.9796 0.8403 27.8055 4.2960 0.0674
Car -1 -1 0.5434 774.5334 169.4830 852.9274 197.1523 1.5744 1.6801 4.2562 12.1656 1.3825 43.1803 0.8159 0.0664
Car -1 -1 0.9728 424.8791 176.2536 471.7586 195.2587 1.4683 1.6371 4.1861 -13.0997 1.7535 58.4988 0.7531 0.0661
Car -1 -1 4.4909 673.6386 169.5622 708.4199 191.9308 1.5084 1.6020 3.9073 5.6782 1.2864 50.6848 4.6015 0.0655
Car -1 -1 1.6789 463.9509 183.5845 501.3204 212.8283 1.4641 1.6004 3.9021 -6.9120 2.0825 39.5878 1.5067 0.0653
Car -1 -1 -0.6552 848.9855 158.9533 908.7023 179.4874 1.5890 1.6637 4.3251 21.3672 0.5133 57.2699 -0.2999 0.0649
Car -1 -1 0.2111 508.1809 175.7312 579.8665 205.2217 1.7413 1.6225 4.0903 -3.9563 1.9204 43.8630 0.1212 0.0634
Car -1 -1 -0.4498 654.8801 148.9169 772.9910 192.3540 1.4600 1.5672 3.8465 3.6875 0.6554 25.5831 -0.3085 0.0627
Car -1 -1 2.8522 837.7763 162.0134 906.3979 185.0756 1.4760 1.6009 3.9132 17.0900 0.7822 47.0895 3.1982 0.0620
Car -1 -1 4.2764 637.7742 159.1588 681.3897 183.2710 1.8453 1.7946 4.3586 3.9398 0.7972 57.5743 4.3442 0.0618
Car -1 -1 -0.6326 216.8741 182.0845 717.6066 375.0000 1.4730 1.5808 4.1316 -0.9451 1.5799 6.3459 -0.7764 0.0617
Car -1 -1 0.8529 1097.8093 151.4498 1242.0000 274.8934 1.5118 1.6325 3.8374 9.4169 1.2496 10.7654 1.5578 0.0616
Car -1 -1 4.6979 0.0000 182.9121 391.4717 375.0000 1.5000 1.5674 3.9527 -2.6228 1.5926 4.5345 4.1974 0.0613
Car -1 -1 1.7017 512.7592 177.4386 549.8173 205.6269 1.5568 1.6564 4.0184 -4.5634 1.8400 42.5386 1.5950 0.0612
Car -1 -1 4.4678 619.0376 169.1898 660.3445 196.1318 1.5537 1.6309 3.7423 1.7734 1.3424 43.6077 4.5078 0.0612