Car -1 -1 1.6179 531.0576 188.5657 563.7775 217.3039 1.5055 1.7093 4.0921 -3.5827 2.4684 42.1463 1.5330 0.7209
Car -1 -1 -0.0548 592.7413 184.1124 643.5883 203.5617 1.5404 1.6965 4.0808 0.6790 2.4782 59.1667 -0.0440 0.4410
Car -1 -1 4.7212 597.4683 185.1608 618.0352 204.7659 1.5201 1.6585 3.5471 -0.1351 2.5731 59.9563 4.7184 0.1600
Car -1 -1 3.1905 571.6153 184.4740 621.1472 204.1680 1.5626 1.6229 3.9854 -1.0546 2.5293 59.1516 3.1722 0.1216
Car -1 -1 2.4793 603.2151 181.9984 659.1948 202.6060 1.5802 1.7431 4.4570 1.7980 2.3553 59.1410 2.5091 0.1044
Car -1 -1 1.5819 527.2551 184.6398 560.2963 217.6940 1.6839 1.7484 4.1101 -3.6561 2.3781 40.3851 1.4916 0.1020
Car -1 -1 1.7220 514.6205 188.9662 538.8462 206.0402 1.4857 1.7093 3.9592 -7.8405 3.0621 68.5869 1.6081 0.0835
Car -1 -1 0.5782 556.8705 183.3460 610.2866 203.2449 1.5320 1.7169 4.1125 -2.1451 2.4195 59.2403 0.5417 0.0728
Car -1 -1 1.7607 592.3463 179.5740 633.9473 209.0303 1.5131 1.5954 3.9363 0.2506 1.9061 40.1020 1.7663 0.0665
Car -1 -1 1.6620 526.7896 187.9726 548.2336 205.2362 1.5142 1.6814 3.8984 -6.8277 2.9940 68.6683 1.5628 0.0643
Car -1 -1 1.0152 539.9505 180.9688 605.9165 211.6807 1.4849 1.6066 3.9991 -1.9878 1.9370 38.0956 0.9629 0.0510
Car -1 -1 1.5855 593.1586 181.4926 613.6237 201.9589 1.5328 1.5806 4.1759 -0.4654 2.2511 57.8994 1.5770 0.0502