Car -1 -1 2.7553 831.2246 169.1010 952.3040 209.8410 1.4200 1.4845 3.7712 10.0822 1.2892 25.9291 3.1219 0.9015
Car -1 -1 3.8673 0.0000 207.8196 92.2002 254.9891 1.5034 1.6151 3.8347 -20.5528 2.7692 25.2236 3.1886 0.8797
Car -1 -1 3.6693 160.9089 180.4184 314.0466 242.0429 2.0471 1.7439 4.4945 -12.9241 2.3219 25.2146 3.1995 0.7887
Car -1 -1 4.9367 329.9862 170.1697 371.6290 195.5899 1.5097 1.6228 3.7955 -16.0202 1.3503 44.8321 4.5951 0.6965
Car -1 -1 2.4513 966.2114 164.6249 1107.6741 210.1868 1.5569 1.6879 4.2703 15.2542 1.2757 25.8340 2.9794 0.5131
Car -1 -1 1.3697 301.2237 184.7884 353.3733 217.5617 1.4214 1.6117 3.8580 -13.6761 2.0319 34.8506 0.9980 0.3670
Car -1 -1 1.0752 967.5521 166.5777 1024.5063 190.5540 1.4835 1.5732 3.8842 24.8802 1.0952 46.5939 1.5628 0.3555
Car -1 -1 1.8311 361.0178 170.3228 403.1810 198.6132 1.6643 1.5665 3.6843 -13.9174 1.5154 44.3219 1.5283 0.2854
Car -1 -1 4.8789 262.8849 171.6666 304.3891 197.1706 1.4831 1.6335 4.1821 -19.8959 1.4141 44.1881 4.4579 0.2771
Car -1 -1 1.2491 149.9756 191.6214 214.3362 225.9651 1.4482 1.5441 3.6870 -20.2740 2.3839 34.1790 0.7168 0.2535
Car -1 -1 1.7736 202.5060 175.9221 237.0764 196.6327 1.5005 1.5590 3.8811 -29.6467 1.7431 54.9743 1.2808 0.2524
Car -1 -1 1.6457 286.8312 170.7424 318.7499 194.8514 1.5140 1.6302 3.9515 -20.1234 1.3814 47.4424 1.2463 0.2292
Car -1 -1 1.4284 961.3479 168.4550 1029.9152 210.5746 1.4365 1.6510 4.1042 14.2450 1.2865 26.8190 1.9117 0.2036
Car -1 -1 -0.3654 769.0942 154.3661 860.7755 186.3709 1.5130 1.5799 3.9854 9.9463 0.6390 35.0791 -0.0914 0.1721
Car -1 -1 4.3482 140.1998 185.8923 205.0009 218.1462 1.4329 1.5309 3.5838 -21.3044 2.0987 35.1421 3.8063 0.1585
Car -1 -1 4.6276 766.4852 171.7046 812.9188 208.6449 1.4486 1.5613 3.7456 7.4931 1.4036 30.2665 4.8676 0.1441
Car -1 -1 1.9325 302.7269 185.1761 364.7287 218.3727 1.4382 1.5477 3.6964 -13.1021 2.0586 34.4810 1.5715 0.1358
Car -1 -1 2.9926 244.8000 187.2809 344.8415 223.5057 1.5052 1.6425 4.0157 -14.4308 2.2030 33.1406 2.5845 0.1349
Car -1 -1 1.6576 0.0000 188.1758 44.1300 220.7976 1.6039 1.6221 4.3686 -32.4667 2.4986 39.8668 0.9773 0.1306
Car -1 -1 2.9409 739.3242 148.1102 832.2180 177.5662 1.5160 1.6568 4.5162 9.2325 0.2425 38.0440 3.1772 0.1273
Car -1 -1 4.7163 371.8757 176.0689 409.7447 209.2029 1.5059 1.6796 3.8908 -10.6848 1.6726 35.3054 4.4242 0.1158
Car -1 -1 1.2068 1055.4309 164.6433 1222.2803 245.2807 1.5814 1.6560 4.0251 11.7119 1.4204 16.3053 1.8207 0.1093
Car -1 -1 4.2073 877.2769 158.9603 933.1606 185.5848 1.7099 1.7118 4.0609 19.7817 0.8176 48.4568 4.5926 0.1061
Car -1 -1 4.5404 357.9340 184.3645 399.0446 213.5683 1.4880 1.5933 3.6155 -12.9378 2.1622 40.2898 4.2312 0.1052
Car -1 -1 1.6934 90.0961 201.3715 153.8243 244.5416 1.4516 1.6519 3.8106 -19.5558 2.6826 29.0737 1.1053 0.1046
Car -1 -1 -0.3013 892.6307 166.4225 1037.0369 210.0150 1.4956 1.6448 4.3542 12.6336 1.2749 25.8885 0.1479 0.1019
Car -1 -1 -0.2217 980.3979 164.8739 1052.3409 189.1550 1.4866 1.6106 3.6823 25.5728 0.9980 45.4716 0.2876 0.1007
Car -1 -1 3.7800 177.9651 177.0289 238.3361 197.4003 1.4864 1.6020 3.7410 -30.0824 1.8055 54.1146 3.2745 0.0979
Car -1 -1 -0.5523 912.4092 157.0987 1015.2006 188.9476 1.5168 1.6097 4.3274 17.3291 0.7665 35.3812 -0.1003 0.0926
Car -1 -1 1.1105 0.0000 194.4465 48.6127 223.4043 1.5096 1.6316 3.5913 -34.0890 2.7900 41.3055 0.4235 0.0925
Car -1 -1 4.4651 1025.0896 164.7352 1107.9235 210.0644 1.5161 1.6539 3.6981 16.4427 1.2446 26.1461 5.0211 0.0908
Car -1 -1 4.2801 850.5476 149.8625 917.5718 180.6441 1.4783 1.6216 4.0641 13.8856 0.3741 36.7391 4.6388 0.0885
Car -1 -1 1.3566 1024.2454 161.5296 1137.7545 227.7098 1.4686 1.5772 3.7018 11.6164 1.2173 18.0207 1.9215 0.0846
Car -1 -1 2.0394 6.5313 192.5392 79.0520 222.0255 1.5096 1.6752 3.9946 -32.8004 2.7104 41.8931 1.3780 0.0830
Car -1 -1 3.0654 698.0233 160.8496 803.5666 199.8452 1.5175 1.6289 4.0611 5.6231 1.0503 29.1146 3.2540 0.0786
Car -1 -1 1.9250 300.0882 185.6500 367.9578 219.0417 1.4778 1.6751 4.5261 -13.6177 2.1554 35.9396 1.5649 0.0780
Car -1 -1 5.1084 397.6329 175.6166 461.4374 208.4872 1.5070 1.6402 3.9475 -8.7781 1.6509 35.5058 4.8673 0.0775
Car -1 -1 1.4878 0.0000 195.5262 25.4761 224.5524 1.4964 1.6855 3.7921 -35.4564 2.8825 42.1709 0.7917 0.0761
Car -1 -1 0.4073 292.2956 186.0551 378.2973 217.8104 1.4357 1.5592 3.4767 -12.9573 2.0771 34.1976 0.0473 0.0760
Car -1 -1 3.0368 255.1615 170.2589 325.4217 195.3114 1.5432 1.6229 3.9627 -20.3999 1.3834 46.1339 2.6224 0.0754
Car -1 -1 0.7902 0.0000 194.4578 31.4991 222.9228 1.5111 1.7022 3.8154 -35.2372 2.7637 40.8304 0.0813 0.0733
Car -1 -1 2.0945 272.3488 186.7495 347.3874 222.1465 1.4893 1.6052 3.6926 -13.9566 2.1779 33.8174 1.7055 0.0732
Car -1 -1 0.4235 380.0604 176.0815 446.3078 200.4403 1.5086 1.6170 3.7485 -12.5165 1.7196 46.0735 0.1594 0.0722
Car -1 -1 2.9429 943.9305 150.0847 1049.4296 181.9981 1.5047 1.6083 4.3252 18.8942 0.4311 35.4049 3.4297 0.0692
Car -1 -1 5.0559 175.3901 182.6387 280.5718 249.9809 2.0603 1.7784 4.5428 -13.1187 2.4332 25.1331 4.5788 0.0687
Car -1 -1 3.5546 226.4192 187.1406 332.3159 221.8456 1.5117 1.6515 4.0822 -15.0295 2.1815 32.9789 3.1297 0.0684
Car -1 -1 2.9449 856.1786 147.9195 952.4260 180.0528 1.5273 1.5963 4.1437 14.4089 0.3422 35.4640 3.3280 0.0678
Car -1 -1 1.8501 385.5012 175.6900 426.7184 200.1959 1.5200 1.5849 3.8473 -13.2344 1.7129 47.1305 1.5775 0.0677
Car -1 -1 1.2882 1028.2268 164.0233 1120.6230 211.0546 1.4801 1.6058 3.9385 15.8562 1.2022 24.8212 1.8510 0.0662
Car -1 -1 3.8244 313.8753 170.1593 382.5175 195.4749 1.5021 1.6220 3.7797 -16.0045 1.3422 44.2017 3.4787 0.0661
Car -1 -1 3.9396 776.7309 150.3107 850.4334 180.4307 1.5619 1.5884 3.9263 11.1061 0.3929 39.5193 4.2115 0.0659
Car -1 -1 2.7007 1002.1951 146.0203 1107.6580 179.2998 1.5715 1.6322 4.0585 21.5897 0.3044 35.0990 3.2485 0.0649
Car -1 -1 3.7860 249.8842 172.5168 323.6337 197.4560 1.4721 1.5735 3.9325 -19.5782 1.4522 43.7992 3.3677 0.0649
Car -1 -1 1.6982 358.0508 174.8015 407.8452 210.1728 1.4694 1.6208 3.9640 -10.0708 1.5622 32.2956 1.3979 0.0648
Car -1 -1 0.1278 381.3719 177.4352 467.6251 209.5996 1.4777 1.6203 3.8133 -8.7808 1.7032 34.4764 -0.1202 0.0631
Car -1 -1 -0.4018 766.3574 174.8731 880.4990 212.0584 1.4511 1.5905 4.1542 8.6430 1.5360 29.3046 -0.1182 0.0614
Car -1 -1 1.7307 260.0629 171.5901 302.9204 199.1998 1.5486 1.6439 4.2333 -19.3610 1.4778 42.7292 1.3074 0.0609
Car -1 -1 2.3030 322.0555 185.2770 396.1864 216.1421 1.4836 1.5331 3.8653 -13.2644 2.1812 38.4351 1.9724 0.0607
Car -1 -1 0.4282 216.7146 172.3868 297.0934 198.1493 1.5013 1.6153 3.9834 -20.9213 1.4741 42.9026 -0.0233 0.0606
Car -1 -1 0.3916 321.1831 185.1325 402.2198 213.3319 1.4660 1.5688 3.8576 -13.4301 2.1486 39.2042 0.0633 0.0605
Car -1 -1 1.9384 0.0000 194.9362 61.6459 223.8491 1.4869 1.6376 3.9664 -34.0885 2.8533 42.5097 1.2654 0.0602
Car -1 -1 1.7482 209.5839 173.4161 252.4452 200.8845 1.5828 1.6393 3.8243 -22.8811 1.6185 43.7304 1.2685 0.0595
Car -1 -1 1.8297 0.0000 183.6009 27.0124 215.9609 1.5505 1.6239 4.0465 -32.4609 2.1518 38.1931 1.1286 0.0589
Car -1 -1 0.9445 851.1280 69.1927 1242.0000 375.0000 1.5663 1.6309 3.8896 2.7059 1.3308 3.6004 1.5503 0.0587
Car -1 -1 2.0232 862.9353 177.4108 1052.2874 270.3274 1.4877 1.6147 4.0843 6.6657 1.5859 13.6439 2.4684 0.0574
Car -1 -1 -0.4137 394.5266 176.9749 464.0241 201.8565 1.5038 1.6251 3.9898 -11.4877 1.7777 46.0873 -0.6570 0.0565
Car -1 -1 4.5151 755.8088 150.4758 802.3373 180.8594 1.5486 1.6725 3.9971 9.0500 0.4080 38.7989 4.7425 0.0555
Car -1 -1 0.0567 169.7377 172.5263 247.5476 200.4348 1.6289 1.6954 4.0285 -24.2193 1.6097 43.7466 -0.4466 0.0554
Car -1 -1 5.3818 271.7146 170.6161 337.9152 196.5424 1.5270 1.6248 4.0167 -18.7793 1.3952 44.6497 4.9856 0.0554
Car -1 -1 1.5978 122.3373 201.4083 176.5835 244.3204 1.4303 1.6941 3.4057 -18.0837 2.6321 28.4711 1.0359 0.0550
Car -1 -1 2.5744 319.3875 178.5099 415.8215 212.6767 1.4573 1.6141 4.0042 -11.1705 1.7362 33.5194 2.2548 0.0548