Car -1 -1 4.5108 254.9409 188.5962 348.3865 254.1709 1.5513 1.6883 3.6701 -8.6076 2.0314 20.0149 4.1090 0.9191
Car -1 -1 4.6521 170.3491 186.2501 208.2922 215.7117 1.4522 1.5753 3.7019 -22.9430 2.2194 39.3424 4.1269 0.6342
Car -1 -1 4.4877 224.0528 189.8734 297.6575 241.2708 1.5835 1.6095 3.4112 -12.2606 2.2232 25.2817 4.0399 0.5789
Car -1 -1 4.8053 0.0000 201.5265 40.7468 375.0000 1.4731 1.6440 4.0430 -8.1549 1.9111 8.9067 4.0787 0.5508
Car -1 -1 4.8241 10.0071 180.2843 71.1898 218.5155 1.5262 1.6916 3.5916 -24.7906 1.8714 31.5447 4.1620 0.4884
Car -1 -1 4.5018 309.6540 175.0276 357.2577 203.9432 1.4591 1.6205 3.8708 -14.8803 1.5822 38.7845 4.1375 0.4850
Car -1 -1 4.6662 129.2742 184.2344 155.1977 203.7813 1.4875 1.6229 3.6296 -38.3123 2.4508 59.1255 4.0931 0.3734
Car -1 -1 4.4936 195.5931 189.3588 260.8720 231.6893 1.4950 1.5928 3.4687 -15.2333 2.1948 28.7549 4.0099 0.3604
Car -1 -1 0.5251 0.0000 159.8543 81.8302 197.4645 1.5901 1.6857 4.0523 -25.8606 1.0405 31.6529 -0.1559 0.1746
Car -1 -1 4.4039 325.7941 181.4456 400.6656 221.5275 1.3815 1.6169 3.9289 -9.5519 1.7372 27.8120 4.0756 0.1517
Car -1 -1 3.1529 0.0000 189.7922 56.4665 243.6351 1.4870 1.5905 3.7774 -19.9775 2.0674 22.9000 2.4413 0.1400
Car -1 -1 -0.1666 234.8345 190.9947 352.2788 239.7036 1.4932 1.5416 3.5117 -10.8862 2.1599 24.9141 -0.5751 0.1368
Car -1 -1 1.9106 0.0000 190.5745 57.0383 245.5420 1.4332 1.6102 3.8799 -18.7389 2.0315 22.2647 1.2167 0.1306
Car -1 -1 4.5385 0.0000 186.2495 62.2772 236.2262 1.4821 1.6497 4.1107 -20.0699 1.9721 24.4237 3.8559 0.1191
Car -1 -1 5.4441 0.0000 156.3241 86.3690 193.6296 1.5764 1.7015 3.6259 -25.6974 0.8779 32.3533 4.7768 0.1173
Car -1 -1 -0.2939 259.4276 175.8622 354.1062 208.0491 1.5483 1.6680 4.1800 -15.5023 1.7110 37.0480 -0.6879 0.1172
Car -1 -1 3.4227 0.0000 182.6061 70.1285 222.8306 1.5493 1.6040 3.9880 -25.1298 1.9763 30.0651 2.7307 0.1045
Car -1 -1 1.6274 128.5992 182.7753 157.1057 205.3026 1.6553 1.6518 4.2373 -36.9867 2.4734 57.2508 1.0558 0.1036
Car -1 -1 3.3844 0.0000 207.0932 28.2764 375.0000 1.4887 1.5821 3.8968 -8.4175 1.9160 7.2523 2.5432 0.0917
Car -1 -1 5.3824 22.0615 185.3999 161.0686 235.1069 1.5018 1.6862 4.1310 -17.7360 1.9728 24.9755 4.7698 0.0900
Car -1 -1 1.5262 168.3770 181.5534 211.0618 217.8652 1.6743 1.6921 4.2584 -21.3344 2.1427 36.5974 1.0014 0.0856
Car -1 -1 5.9413 0.0000 166.7245 252.8739 264.2441 1.5206 1.6197 3.7355 -8.8067 1.4250 13.2273 5.3630 0.0788
Car -1 -1 4.6155 289.1878 182.8358 333.7028 218.7420 1.4454 1.5003 3.4664 -13.2470 1.9137 31.9742 4.2253 0.0738
Car -1 -1 1.4280 318.7764 173.3049 364.0527 204.3365 1.5247 1.6567 4.0898 -14.0574 1.5496 37.7080 1.0732 0.0735
Car -1 -1 3.7761 0.0000 190.5266 87.1683 238.8455 1.4742 1.5878 3.6482 -19.4711 2.0726 23.5477 3.0906 0.0726
Car -1 -1 4.8135 170.1238 198.2863 257.1428 264.0034 1.4136 1.6207 3.6137 -10.3237 2.1541 19.0315 4.3219 0.0725
Car -1 -1 4.7077 0.0000 200.0244 177.5160 357.9905 1.4737 1.6141 4.0864 -6.8609 1.9157 9.6018 4.1000 0.0697
Car -1 -1 1.7993 0.0000 198.5319 41.3542 375.0000 1.4942 1.6375 4.2506 -6.9195 1.8236 7.0108 1.0395 0.0681
Car -1 -1 5.0977 228.4155 189.7831 312.7627 238.7011 1.4817 1.5545 3.0147 -11.4030 2.0919 24.4644 4.6653 0.0676
Car -1 -1 3.7715 189.9176 189.0986 295.2257 229.7222 1.4921 1.5658 3.4344 -14.4074 2.1552 28.3971 3.3055 0.0675
Car -1 -1 4.6981 181.8742 192.6764 240.3650 244.3214 1.4949 1.6203 3.7147 -13.5058 2.2219 24.4478 4.1976 0.0664
Car -1 -1 5.0248 0.0000 152.1643 74.0185 192.1067 1.7061 1.7649 4.3308 -26.4164 0.8224 33.1577 4.3559 0.0656
Car -1 -1 1.5909 0.0000 213.1218 56.7915 284.5260 1.4111 1.7274 4.1722 -15.5830 2.5867 18.8889 0.9078 0.0632
Car -1 -1 1.6388 17.0368 189.6603 94.8240 243.1860 1.4469 1.6678 3.8020 -17.4134 2.0266 22.8386 0.9928 0.0623
Car -1 -1 4.6627 83.7925 185.9810 133.3112 225.1359 1.5646 1.6362 4.0269 -22.4883 2.1909 32.3326 4.0587 0.0613
Car -1 -1 1.7279 0.0000 214.3858 54.2309 319.1697 1.4655 1.6543 3.9597 -12.0053 2.3874 13.8947 1.0247 0.0592
Car -1 -1 0.4691 153.3131 187.3025 241.1893 216.8742 1.5127 1.6326 3.7608 -22.0559 2.3056 38.6939 -0.0463 0.0584
Car -1 -1 5.1874 278.6558 174.6725 347.5732 205.5897 1.5172 1.6545 4.0472 -15.4138 1.6176 37.7425 4.8019 0.0573
Car -1 -1 1.7280 172.7795 186.1419 222.6725 218.7061 1.5455 1.6686 4.0284 -21.7292 2.2892 38.2018 1.2135 0.0573
Car -1 -1 4.9483 31.8545 183.4634 121.9699 231.6399 1.4922 1.6271 4.0692 -18.6910 1.8994 25.5046 4.3207 0.0554
Car -1 -1 2.2405 0.0000 181.4368 63.9994 222.3091 1.5549 1.6047 3.9056 -25.1204 1.9381 30.2441 1.5516 0.0543
Car -1 -1 4.0309 1.4824 168.4025 108.4624 203.7401 1.5389 1.6635 4.0680 -25.1182 1.3451 32.7113 3.3799 0.0534
Car -1 -1 0.1740 6.2926 186.8510 153.8280 235.5230 1.4744 1.6328 3.7727 -17.6792 1.9762 24.3078 -0.4498 0.0530
Car -1 -1 0.9283 129.5587 192.4209 188.0090 214.8627 1.5509 1.5951 4.0593 -33.6903 3.0535 53.9271 0.3718 0.0530
Car -1 -1 3.6705 197.8324 190.0395 315.2099 239.1811 1.5475 1.5959 3.1795 -11.8291 2.1479 24.2876 3.2212 0.0520
Car -1 -1 0.0506 285.3613 181.6895 379.0667 217.8309 1.4774 1.4919 3.7264 -11.9895 1.8776 31.4032 -0.3116 0.0516
Car -1 -1 -0.0409 176.0279 186.7312 264.9287 217.0334 1.5143 1.6836 4.2072 -21.2663 2.3083 39.4925 -0.5323 0.0508
Car -1 -1 1.7450 0.0000 165.3922 29.3132 293.6183 1.4991 1.6029 3.8958 -9.7626 1.4118 10.5109 1.0091 0.0505