Car -1 -1 1.8529 328.8034 182.4591 382.5312 212.4178 1.5004 1.6753 4.1743 -13.8655 2.0563 39.6298 1.5181 0.8142
Car -1 -1 1.7899 409.2057 183.5078 445.5049 204.3723 1.4648 1.7950 4.2528 -13.8348 2.3087 55.0007 1.5442 0.7813
Car -1 -1 2.0693 154.3718 178.9797 235.3808 213.4052 1.6130 1.6764 4.3773 -21.0226 1.9440 36.7940 1.5531 0.7131
Car -1 -1 1.5320 287.3185 187.1968 322.2026 217.7975 1.5480 1.6632 3.6587 -17.0945 2.3908 40.3925 1.1337 0.5792
Car -1 -1 1.6620 378.7341 183.6052 406.1084 204.5574 1.5231 1.6965 4.0384 -17.0532 2.4015 56.8022 1.3713 0.4659
Car -1 -1 2.1992 0.0000 197.9911 109.4698 259.9837 1.4527 1.6131 3.7830 -16.1953 2.2297 20.3845 1.5340 0.4542
Car -1 -1 5.2301 230.6186 181.9908 286.2231 210.5718 1.6051 1.6051 3.2241 -20.9871 2.1739 43.2484 4.7804 0.4420
Car -1 -1 2.4187 0.0000 200.5067 61.5673 270.5358 1.4269 1.5618 3.8164 -16.2538 2.2034 18.2679 1.6987 0.2873
Car -1 -1 1.7787 371.3732 182.3442 407.6841 206.1343 1.6833 1.7550 4.5243 -16.7866 2.4405 55.2398 1.4847 0.2741
Car -1 -1 2.2750 0.0000 187.7842 60.5945 232.0112 1.4385 1.5352 3.7320 -22.4401 2.0278 26.6055 1.5792 0.1862
Car -1 -1 4.9514 723.6807 174.3378 757.2539 196.2580 1.5690 1.6112 3.8436 9.8327 1.6844 54.0123 5.1301 0.1734
Car -1 -1 4.1227 0.0000 200.9372 62.2990 261.7256 1.4543 1.6289 3.8182 -17.2474 2.2734 19.7517 3.4114 0.1720
Car -1 -1 4.8494 755.7281 170.6932 793.7117 200.3307 1.6618 1.6633 3.9730 9.7947 1.5407 42.6102 5.0734 0.1608
Car -1 -1 1.5692 803.0219 169.1915 846.6058 207.7711 1.4851 1.6209 4.0118 8.9102 1.3441 29.9274 1.8554 0.1512
Car -1 -1 1.8814 764.5648 173.4968 830.0881 210.8134 1.5102 1.6274 3.9667 8.2234 1.5400 31.3838 2.1348 0.1338
Car -1 -1 2.1114 436.4481 184.9451 482.5038 205.5023 1.4143 1.6180 3.8797 -11.2257 2.3579 54.2081 1.9078 0.1328
Car -1 -1 1.8189 455.7374 184.6230 491.7491 205.3005 1.4352 1.6646 4.3634 -10.2713 2.3662 54.8491 1.6342 0.1269
Car -1 -1 4.6653 115.6836 184.4855 162.7814 220.9753 1.4825 1.6168 3.7838 -21.2868 2.0404 32.6031 4.0904 0.1238
Car -1 -1 2.3106 346.3486 182.7084 404.6466 206.3335 1.6233 1.6786 4.2869 -17.3857 2.3894 53.7940 1.9991 0.1195
Car -1 -1 3.0812 754.7263 171.6461 818.6448 198.4294 1.4882 1.5456 3.4495 10.0559 1.4210 41.1554 3.3188 0.1145
Car -1 -1 1.7161 0.0000 198.5759 62.6990 251.3993 1.4100 1.7343 3.7743 -19.0399 2.3156 23.3372 1.0372 0.1140
Car -1 -1 4.6913 769.7243 170.3907 808.6149 205.0092 1.4790 1.6220 3.8343 8.1286 1.3737 32.8734 4.9312 0.1135
Car -1 -1 1.6983 742.6829 174.8371 781.4763 205.3882 1.5897 1.6142 3.9665 8.4899 1.7054 39.9593 1.9057 0.1106
Car -1 -1 1.8064 401.0013 181.0308 438.1347 206.5290 1.7495 1.6521 4.4220 -13.9411 2.3772 53.1622 1.5508 0.0997
Car -1 -1 2.1802 0.0000 201.0753 71.1152 268.3697 1.4578 1.6541 4.0646 -16.7482 2.3025 19.4939 1.4771 0.0964
Car -1 -1 4.8626 0.0000 181.6669 68.4568 231.7048 1.5756 1.6088 3.8064 -20.4098 1.9121 25.4942 4.1924 0.0904
Car -1 -1 4.8657 793.6769 171.7079 843.1666 206.6174 1.4750 1.5986 3.7148 9.4562 1.4266 32.5076 5.1459 0.0875
Car -1 -1 4.9322 9.2033 187.1720 79.5858 225.4714 1.4545 1.5812 3.7272 -24.1333 2.1085 30.9366 4.2738 0.0874
Car -1 -1 1.6848 0.0000 200.5559 58.5669 263.2860 1.4785 1.6889 4.1734 -17.4455 2.3764 21.1736 1.0017 0.0872
Car -1 -1 3.1977 0.0000 191.1883 63.2214 241.9098 1.4565 1.6753 3.9754 -20.6220 2.1123 23.9402 2.4920 0.0852
Car -1 -1 4.4872 667.6282 176.7167 699.4812 197.7251 1.5382 1.6176 3.8441 5.6596 1.8465 55.5761 4.5878 0.0843
Car -1 -1 1.6167 284.4356 186.4493 321.8928 218.1713 1.5484 1.6819 3.8503 -16.5553 2.3250 39.1147 1.2184 0.0829
Car -1 -1 1.9410 263.3049 181.0872 305.7920 203.0045 1.4715 1.6100 3.4846 -23.1736 2.0802 51.5628 1.5203 0.0820
Car -1 -1 -0.2723 786.1808 171.7589 888.2878 207.3511 1.4970 1.6502 3.9122 9.7916 1.4510 31.2286 0.0284 0.0810
Car -1 -1 1.3479 0.0000 178.9291 55.8499 210.4681 1.4352 1.5831 3.9832 -28.7517 1.7490 35.4062 0.6694 0.0810
Car -1 -1 5.1444 146.8274 172.1850 210.1935 201.0151 1.5607 1.6086 3.8778 -24.4474 1.5245 41.0707 4.6101 0.0801
Car -1 -1 1.5133 316.9999 176.2488 340.5840 195.9398 1.5913 1.6367 4.1067 -23.8701 1.8900 61.2790 1.1431 0.0795
Car -1 -1 5.0617 285.6961 190.0343 343.9735 219.6794 1.5047 1.6843 4.3870 -16.8293 2.5439 41.4207 4.6776 0.0787
Car -1 -1 0.2635 807.8290 167.9615 916.4261 205.5695 1.4995 1.6438 4.0596 10.6726 1.3044 30.5880 0.5958 0.0786
Car -1 -1 4.3124 718.4766 172.6231 772.1786 201.2184 1.5761 1.6332 3.9797 7.8162 1.5634 41.8887 4.4951 0.0781
Car -1 -1 0.3734 363.3383 183.6813 422.4912 204.7543 1.5744 1.7045 4.0521 -16.7777 2.4296 55.9712 0.0832 0.0757
Car -1 -1 1.7071 373.0411 182.3366 405.4506 206.8894 1.6786 1.7060 4.3877 -16.2552 2.4107 53.4058 1.4127 0.0739
Car -1 -1 2.1994 0.0000 185.1648 24.5708 262.6029 1.5019 1.6212 4.0835 -15.8966 1.8247 16.7950 1.4493 0.0713
Car -1 -1 4.3852 704.8330 174.8033 743.7766 197.2131 1.6076 1.6471 4.1330 8.5870 1.7603 54.3178 4.5407 0.0707
Car -1 -1 4.6092 150.5294 165.1099 186.6988 192.5674 1.6644 1.5890 3.7002 -27.9482 1.1950 45.6921 4.0627 0.0701
Car -1 -1 4.0297 170.9789 173.0950 244.6177 200.3617 1.5468 1.6612 3.9674 -23.6461 1.5615 42.4697 3.5241 0.0695
Car -1 -1 4.8070 705.5910 179.3124 727.3545 197.2424 1.5357 1.5954 3.8542 9.7078 2.1390 65.3453 4.9534 0.0686
Car -1 -1 3.6440 0.0000 181.9866 76.5447 221.0771 1.5188 1.6072 3.6371 -24.3913 1.9085 29.6747 2.9603 0.0684
Car -1 -1 -0.3429 724.7740 173.6070 782.4999 194.7602 1.5198 1.6455 3.8285 10.5649 1.5763 53.0157 -0.1476 0.0676
Car -1 -1 1.8322 389.0733 184.6307 424.1480 204.9201 1.4784 1.6712 4.0459 -15.9736 2.4413 56.9661 1.5597 0.0668
Car -1 -1 3.7719 0.0000 199.9446 75.1752 260.3101 1.4442 1.5913 3.5221 -16.4716 2.1933 19.0237 3.0651 0.0655
Car -1 -1 3.0219 706.7576 174.4648 760.8928 195.7229 1.5331 1.5958 3.7573 9.1049 1.6536 53.0603 3.1905 0.0629
Car -1 -1 3.4101 353.7060 183.0479 419.6716 206.0643 1.6872 1.7221 4.4756 -16.8348 2.4722 54.6393 3.1122 0.0628
Car -1 -1 -0.0211 716.1779 173.3131 787.1740 202.9726 1.6430 1.6599 3.8952 8.0696 1.6699 41.1545 0.1707 0.0609
Car -1 -1 1.6934 467.8302 180.0419 495.6411 201.8577 1.6094 1.6433 4.2659 -10.0265 2.1972 56.8338 1.5191 0.0599
Car -1 -1 1.5732 711.7116 180.1717 731.9327 200.2691 1.4960 1.5285 3.5702 8.8630 2.0928 56.9614 1.7263 0.0597
Car -1 -1 1.9128 457.9930 183.3032 498.1980 205.4745 1.5007 1.6448 4.0218 -9.5966 2.2983 52.9536 1.7340 0.0589
Car -1 -1 4.6188 744.7324 172.2683 779.6396 200.1964 1.5515 1.6281 3.8585 8.8552 1.5190 42.0924 4.8243 0.0589
Car -1 -1 2.1746 394.6758 183.4379 466.4363 214.3600 1.4731 1.6657 4.0415 -9.3617 2.0634 38.0547 1.9346 0.0584
Car -1 -1 4.7964 333.3976 185.1405 369.2609 213.7235 1.4958 1.6279 3.6675 -14.7826 2.2352 41.4425 4.4554 0.0576
Car -1 -1 4.5650 663.2800 177.2001 686.6289 194.6808 1.5403 1.6077 3.7205 5.9912 1.9518 66.4269 4.6542 0.0573
Car -1 -1 2.2370 0.0000 192.1153 51.2369 243.8721 1.4384 1.6859 3.7778 -20.3619 2.1147 23.4095 1.5267 0.0569
Car -1 -1 1.4406 762.8680 171.4062 799.3087 198.7727 1.5009 1.5707 3.6109 9.8059 1.4215 41.4479 1.6709 0.0561
Car -1 -1 1.9584 384.6216 181.1184 430.2589 205.7775 1.6531 1.6973 4.2086 -14.5108 2.2741 52.0263 1.6873 0.0557
Car -1 -1 3.4225 687.3624 175.8730 748.7966 198.2090 1.5957 1.7039 4.2098 8.0636 1.8270 53.6425 3.5705 0.0542
Car -1 -1 4.7404 210.0552 172.9576 238.9926 196.4661 1.5286 1.6163 3.8896 -26.1248 1.5359 49.0356 4.2529 0.0534
Car -1 -1 0.3291 317.1033 182.7533 405.5384 210.4674 1.4796 1.7054 4.3139 -13.7043 2.0399 39.9851 0.0006 0.0528
Car -1 -1 2.8473 767.0833 175.2794 875.9351 212.6507 1.5337 1.6604 4.1201 8.9227 1.6394 30.5814 3.1281 0.0527