Car -1 -1 4.4264 638.8636 180.0371 769.1931 270.1926 1.4816 1.5638 3.4091 1.6876 1.6386 13.9579 4.5431 0.9415
Car -1 -1 -1.0231 876.6627 168.9745 952.2097 206.7771 1.5434 1.5128 3.2802 13.1308 1.3850 31.0327 -0.6266 0.9070
Car -1 -1 -0.9898 800.9367 168.4136 900.9327 209.1603 1.4889 1.6469 4.2881 9.5284 1.3267 28.3412 -0.6690 0.8534
Car -1 -1 2.5389 555.3212 175.7570 656.2611 214.2914 1.4627 1.6110 3.8880 -0.1223 1.5883 29.4268 2.5342 0.8442
Car -1 -1 -1.0987 928.1288 162.5789 1012.6585 200.1059 1.6524 1.7304 4.4152 16.9301 1.2000 33.7815 -0.6379 0.8046
Car -1 -1 -0.8844 722.5759 173.3114 829.2302 218.5335 1.4741 1.5936 3.8228 5.8858 1.4913 25.3567 -0.6594 0.7745
Car -1 -1 2.4361 678.7910 171.9112 766.4293 204.4347 1.4206 1.4812 3.9715 5.2245 1.3794 33.1864 2.5904 0.7116
Car -1 -1 -1.2353 1028.6929 165.0385 1085.7532 194.0710 1.5334 1.5893 3.6060 24.7528 1.1206 39.8630 -0.6832 0.2193
Car -1 -1 -0.8345 705.3899 152.4903 784.8885 185.1563 1.6894 1.7102 4.4596 7.4302 0.6363 39.3466 -0.6494 0.2068
Car -1 -1 3.6258 890.9265 164.3278 981.4709 197.3717 1.4556 1.5357 3.5371 15.1754 1.0800 33.6489 4.0460 0.1967
Car -1 -1 3.8611 675.3710 171.7085 789.0751 217.6826 1.5057 1.6288 3.8595 4.2821 1.4682 25.6392 4.0241 0.1645
Car -1 -1 -1.2385 1034.4198 149.6538 1074.8868 172.9734 1.9656 1.7804 4.0469 38.7496 0.0101 62.7896 -0.6876 0.1364
Car -1 -1 4.5373 919.7987 153.9815 954.9586 177.7271 1.6407 1.6431 3.8794 23.5460 0.3367 51.9370 4.9608 0.1146
Car -1 -1 -0.9178 854.2755 158.8969 914.9929 183.5309 1.5552 1.6458 3.9770 18.0475 0.6741 47.3010 -0.5555 0.1077
Car -1 -1 3.1504 826.2549 159.5518 896.5726 185.3594 1.5265 1.6150 3.9885 15.3687 0.7397 44.1082 3.4835 0.1028
Car -1 -1 -0.6108 1000.8895 167.5859 1083.8617 195.5826 1.5109 1.5938 3.6879 23.8789 1.2266 39.8709 -0.0747 0.0905
Car -1 -1 -0.9311 778.9771 152.0106 848.5427 180.0629 1.5843 1.7266 4.3287 12.1304 0.4071 42.7539 -0.6565 0.0884
Car -1 -1 1.4212 977.1037 176.6772 1018.5491 204.7065 1.5100 1.5369 3.7700 22.2511 1.7405 41.4590 1.9105 0.0860
Car -1 -1 2.4481 653.6430 173.4509 746.7832 207.1663 1.4318 1.5506 4.1199 4.1087 1.4601 32.4673 2.5723 0.0784
Car -1 -1 5.1018 767.6498 156.5980 825.0834 187.0727 1.5160 1.6090 3.7775 9.8507 0.7073 37.8894 5.3541 0.0728
Car -1 -1 -0.7566 625.2893 170.3384 704.8249 203.2457 1.5693 1.6539 3.9234 2.8235 1.4493 36.2859 -0.6800 0.0722
Car -1 -1 4.8401 909.4338 151.4392 943.8823 178.7087 1.8319 1.7274 3.9665 22.2749 0.3933 50.6168 5.2525 0.0669
Car -1 -1 -1.2813 1024.5656 152.1028 1065.0762 173.7912 1.7990 1.7560 4.5777 37.4524 0.0777 62.0436 -0.7403 0.0639
Car -1 -1 4.5632 618.7882 182.8937 704.8382 252.8850 1.4889 1.5678 3.5867 1.1817 1.7614 17.7337 4.6277 0.0633
Car -1 -1 2.8817 911.8988 155.6609 978.6283 179.6867 1.6508 1.7258 3.9437 23.5643 0.4695 50.7655 3.3140 0.0604
Car -1 -1 4.1039 680.3563 156.3038 747.9726 185.3871 1.5016 1.6167 4.0643 5.6486 0.6471 39.4314 4.2449 0.0526
Car -1 -1 4.4118 826.6421 157.7825 873.5063 184.5068 1.5929 1.6740 3.9239 14.9304 0.6946 44.9832 4.7301 0.0504
Car -1 -1 -0.7210 597.0268 165.1612 681.4937 199.6673 1.5864 1.6450 4.0153 1.4802 1.2327 35.0739 -0.6796 0.0504