Car -1 -1 2.0291 162.8367 194.6329 316.0576 269.7496 1.4694 1.6090 4.0226 -8.6563 2.0520 17.2920 1.5707 0.9537
Car -1 -1 4.7168 598.2927 177.4104 626.1953 204.6562 1.5873 1.6527 4.1499 0.1749 1.8834 44.8121 4.7201 0.8399
Car -1 -1 1.8378 188.5534 189.6146 229.1466 212.6662 1.5842 1.6325 4.2759 -30.5676 2.9181 55.1566 1.3336 0.2455
Car -1 -1 2.6643 108.2864 186.7887 236.2972 233.4502 1.4756 1.5876 3.6068 -15.6172 2.0141 25.9329 2.1265 0.2295
Car -1 -1 4.5240 328.8606 176.0224 365.5665 201.4039 1.5757 1.5898 3.7587 -17.2360 1.7924 47.3202 4.1762 0.1926
Car -1 -1 1.5989 296.7787 191.2025 322.7955 214.3314 1.5655 1.6942 4.0390 -22.6033 3.0071 54.5000 1.2071 0.1704
Car -1 -1 1.5496 226.6740 190.0762 247.5307 207.7816 1.5168 1.6670 3.7202 -35.0151 3.1835 67.7980 1.0742 0.1632
Car -1 -1 5.7089 145.1600 184.0651 271.8636 228.8665 1.4835 1.6341 3.8790 -14.9115 1.9362 27.0356 5.2087 0.1485
Car -1 -1 1.6688 166.2693 204.9181 218.2011 241.7209 1.4856 1.7958 3.7287 -20.0521 3.1239 34.7980 1.1490 0.1410
Car -1 -1 1.5950 252.3064 186.3954 272.8862 205.2103 1.5111 1.5191 3.6254 -30.1431 2.7255 62.7432 1.1486 0.1357
Car -1 -1 0.2099 558.6775 176.5726 630.7216 202.3110 1.5061 1.6529 4.1150 -0.8802 1.7379 43.7674 0.1894 0.1288
Car -1 -1 1.8081 132.4558 204.4900 195.4128 240.1474 1.4448 1.7962 3.4078 -21.2242 3.0406 34.4994 1.2598 0.1187
Car -1 -1 4.8806 217.9204 179.7294 272.7951 215.0957 1.4607 1.6124 3.5963 -16.3384 1.7892 32.5162 4.4180 0.1050
Car -1 -1 3.7383 103.7869 186.7442 236.9005 230.3962 1.5262 1.6594 3.9777 -16.2256 2.0595 26.7639 3.1974 0.0926
Car -1 -1 2.1869 150.2430 196.8814 216.8028 222.4704 1.4770 1.7551 4.0623 -28.0677 3.1349 47.6877 1.6571 0.0903
Car -1 -1 4.6344 135.3554 189.9235 197.9081 237.2496 1.5310 1.6937 4.1722 -16.6913 2.2240 27.1062 4.0866 0.0881
Car -1 -1 5.0442 270.4417 162.4647 307.6947 183.4997 1.8213 1.7263 4.3396 -28.6845 0.9218 64.7088 4.6283 0.0803
Car -1 -1 4.9034 300.9864 166.8237 328.8383 184.6930 1.6187 1.7110 3.8062 -27.4813 1.0724 67.3928 4.5174 0.0764
Car -1 -1 4.7560 194.8692 181.3723 241.8019 219.0456 1.4990 1.6313 3.7616 -17.1132 1.8973 31.6849 4.2641 0.0761
Car -1 -1 2.2919 84.0332 189.2361 216.1909 239.4295 1.4827 1.6135 3.9252 -15.5825 2.0911 24.7312 1.7343 0.0741
Car -1 -1 5.2121 106.4414 181.3203 323.0829 286.7355 1.4979 1.6234 3.7342 -6.5307 1.6660 12.4423 4.7371 0.0731
Car -1 -1 2.1262 106.2859 201.9768 194.0864 237.7747 1.4186 1.7188 3.7278 -21.2162 2.8463 33.5029 1.5650 0.0696
Car -1 -1 5.3090 187.0231 181.2934 295.2205 225.7936 1.5330 1.6970 4.0763 -14.0508 1.8830 27.7969 4.8445 0.0669
Car -1 -1 1.7622 152.0596 207.0657 211.0516 243.9254 1.4398 1.7448 3.2790 -19.7545 3.1119 33.4292 1.2316 0.0651
Car -1 -1 2.0941 172.1337 196.2088 226.8915 220.3833 1.4647 1.6658 3.5635 -27.7595 3.1076 48.9653 1.5804 0.0651
Car -1 -1 1.9224 321.6762 182.6922 362.2826 204.0980 1.5616 1.6453 4.1728 -20.9475 2.3624 56.6439 1.5694 0.0634
Car -1 -1 1.8931 153.8219 197.6418 217.4183 229.8853 1.5218 1.7793 4.1379 -23.2006 2.9598 39.6526 1.3664 0.0630
Car -1 -1 1.4328 229.1063 185.8590 257.0256 204.8643 1.5041 1.6426 3.7068 -31.4208 2.6543 61.8200 0.9640 0.0612
Car -1 -1 1.6999 88.0979 209.6869 186.1000 279.1051 1.4278 1.6587 3.7397 -12.3391 2.5050 19.0562 1.1314 0.0611
Car -1 -1 1.8672 229.2462 182.2289 273.5931 207.0562 1.5440 1.5430 4.0763 -24.0676 2.2035 48.6207 1.4095 0.0603
Car -1 -1 0.8968 117.0141 194.8734 184.2217 219.8573 1.4610 1.6797 3.7047 -29.2868 2.9092 46.0579 0.3328 0.0600
Car -1 -1 2.5167 298.4288 191.4641 359.0047 213.3030 1.4772 1.6678 4.0655 -21.2160 2.9422 54.6427 2.1476 0.0599
Car -1 -1 1.5462 177.5572 193.4918 202.7762 214.3418 1.5296 1.6985 3.8509 -34.3999 3.2810 59.1468 1.0211 0.0589
Car -1 -1 0.1856 293.6360 176.4205 362.2018 201.1875 1.5310 1.6152 3.8444 -17.9309 1.7644 46.0767 -0.1839 0.0552
Car -1 -1 0.9185 267.2475 192.5115 320.3187 215.2017 1.5388 1.6990 3.7104 -23.3867 3.0391 53.4244 0.5073 0.0545
Car -1 -1 2.7653 137.2131 189.2327 248.5438 230.0176 1.5074 1.6577 3.6841 -17.3662 2.2372 30.1945 2.2469 0.0538
Car -1 -1 1.7896 135.7330 199.0909 203.6496 238.3499 1.4548 1.6953 4.0900 -19.3414 2.6949 31.8972 1.2479 0.0538
Car -1 -1 1.7864 578.0297 174.0318 621.5750 203.9804 1.5837 1.6335 3.9232 -0.4934 1.6530 40.4052 1.7738 0.0537
Car -1 -1 5.3176 278.1639 160.9269 326.6667 183.2110 1.9269 1.7637 4.4810 -27.5016 0.8956 64.7652 4.9174 0.0512
Car -1 -1 1.7337 197.3118 178.6706 259.7675 219.8157 1.5284 1.6175 3.9691 -15.5092 1.7838 29.5449 1.2538 0.0506
Car -1 -1 1.9496 236.4935 184.6984 278.2712 204.7096 1.5211 1.6779 4.1336 -28.9710 2.5324 59.4815 1.4979 0.0504