Car -1 -1 1.9878 249.0214 192.7927 336.2769 233.9687 1.4678 1.7055 4.2888 -13.0289 2.3552 29.9581 1.5803 0.9416
Car -1 -1 4.6865 573.1025 179.9010 612.7418 215.8269 1.4957 1.6963 4.2017 -0.8178 1.8391 33.0206 4.6613 0.8617
Car -1 -1 1.5365 382.8232 185.0635 411.6573 211.2120 1.5520 1.6680 4.1663 -13.9108 2.3879 47.1576 1.2508 0.4010
Car -1 -1 1.4679 1152.6852 170.9619 1191.8843 195.0987 1.5644 1.6752 4.0321 38.0946 1.4418 48.9207 2.1263 0.3473
Car -1 -1 4.5076 384.6898 179.9208 427.8674 211.3455 1.6686 1.6153 3.9533 -11.7036 2.0948 41.3948 4.2333 0.1927
Car -1 -1 -0.5664 1142.5563 163.1341 1242.0000 375.0000 1.6505 1.6058 3.5338 6.9429 1.5843 6.1360 0.2565 0.1468
Car -1 -1 1.5072 249.2848 200.9527 290.5712 234.2584 1.4715 1.7063 3.9717 -17.7646 3.0218 37.6596 1.0687 0.1426
Car -1 -1 2.1796 234.9389 187.8093 295.3488 212.9910 1.4953 1.6118 3.9355 -22.5422 2.5204 47.3836 1.7374 0.1370
Car -1 -1 1.6707 234.1810 198.6552 272.9157 228.5209 1.5150 1.6622 3.5475 -20.6342 3.0840 41.9262 1.2155 0.1334
Car -1 -1 1.3040 1124.8867 162.3380 1213.7987 207.8182 1.4609 1.5034 3.6875 19.4032 1.1231 25.1680 1.9549 0.1333
Car -1 -1 4.2053 1163.8947 157.3715 1242.0000 375.0000 1.6625 1.5817 3.6878 5.9286 1.5887 5.4343 5.0069 0.1301
Car -1 -1 -1.0371 1138.6429 152.8406 1218.3319 183.2926 1.5684 1.6439 3.8212 30.4516 0.5376 38.6248 -0.3732 0.1253
Car -1 -1 3.5686 1098.6245 152.2049 1194.0712 183.1438 1.5917 1.6649 3.8121 29.0735 0.5294 39.1918 4.2032 0.1163
Car -1 -1 1.8080 369.0830 184.8454 414.1934 213.2181 1.6161 1.7319 4.2900 -13.5636 2.4025 45.1356 1.5173 0.1074
Car -1 -1 3.9152 1062.8063 166.0156 1201.1536 210.9254 1.4718 1.5903 4.0169 18.4794 1.2477 25.7654 4.5318 0.1066
Car -1 -1 0.8086 1146.2357 147.0703 1242.0000 283.8824 1.4704 1.6282 3.9256 9.5076 1.1933 9.7198 1.5678 0.1051
Car -1 -1 5.5885 238.2598 195.8719 339.7070 233.7712 1.4988 1.7572 4.1294 -14.7796 2.6388 33.4955 5.1754 0.1010
Car -1 -1 2.7807 1163.1276 148.9162 1242.0000 198.4724 1.5185 1.5998 3.8901 20.6960 0.7850 23.5347 3.4958 0.0988
Car -1 -1 -0.7823 1135.7754 141.5508 1242.0000 249.9188 1.5327 1.6418 3.8950 10.6120 1.0900 11.0878 -0.0321 0.0946
Car -1 -1 1.2799 1159.2656 171.5874 1213.8278 196.7235 1.5364 1.6388 4.0003 36.9137 1.4590 46.2637 1.9500 0.0873
Car -1 -1 1.7155 194.8488 201.9198 254.8360 242.0104 1.4201 1.7149 3.5611 -16.1117 2.7226 30.3707 1.2310 0.0868
Car -1 -1 4.3595 184.3879 199.5365 258.7369 238.2666 1.4848 1.7025 3.8589 -17.3605 2.7473 32.2225 3.8684 0.0867
Car -1 -1 2.6180 1143.5135 144.1390 1242.0000 190.4466 1.5445 1.5942 3.7449 21.1508 0.5868 25.1673 3.3112 0.0856
Car -1 -1 1.6298 505.2105 174.4758 533.8025 200.0829 1.6179 1.6605 3.6319 -5.9152 1.7293 47.6910 1.5066 0.0850
Car -1 -1 4.4970 489.1599 160.4793 520.2921 183.0745 1.8168 1.7273 4.1408 -8.7903 0.8218 60.2588 4.3526 0.0787
Car -1 -1 1.7348 501.3535 167.5655 533.2722 191.2414 1.5975 1.6250 3.7547 -6.4273 1.2407 50.5928 1.6088 0.0786
Car -1 -1 4.5203 1146.7484 142.8728 1216.7183 183.1543 1.6390 1.6637 3.8459 24.8382 0.4191 31.4500 5.1843 0.0777
Car -1 -1 1.5449 534.4528 182.8434 553.4450 201.2740 1.5340 1.5827 3.8178 -5.8612 2.4502 64.1961 1.4537 0.0772
Car -1 -1 0.8881 1149.4857 146.6569 1242.0000 195.3080 1.5219 1.5998 3.8990 20.5999 0.7024 24.5287 1.5808 0.0731
Car -1 -1 1.5277 239.8847 198.5368 284.0525 236.0341 1.4807 1.6881 3.8921 -16.1797 2.7484 33.5024 1.0805 0.0721
Car -1 -1 1.6090 217.4399 202.1241 260.1906 236.5711 1.4735 1.7577 3.4257 -18.4695 3.0141 36.0560 1.1382 0.0702
Car -1 -1 4.0837 252.8237 199.4376 338.7967 232.5418 1.4470 1.8019 4.2939 -15.8497 2.8571 36.4066 3.6754 0.0688
Car -1 -1 3.2455 1054.6127 168.8808 1198.9884 215.4407 1.4832 1.5464 3.9115 17.7462 1.3566 24.8538 3.8596 0.0683
Car -1 -1 1.3913 385.0247 187.5232 425.1532 215.6026 1.5525 1.6553 4.2233 -12.6575 2.5035 44.5156 1.1153 0.0667
Car -1 -1 2.7046 1136.3431 156.8626 1242.0000 199.3593 1.4819 1.5946 4.0006 21.9619 0.9243 26.4295 3.3924 0.0659
Car -1 -1 3.3030 1071.3726 148.5791 1173.9412 179.9578 1.5889 1.6786 4.2650 27.4047 0.3597 38.6267 3.9165 0.0659
Car -1 -1 1.1156 1129.7745 164.8217 1242.0000 213.0393 1.4603 1.5553 3.7913 19.0259 1.2171 23.8696 1.7823 0.0648
Car -1 -1 4.5789 1153.9309 181.3249 1242.0000 375.0000 1.5670 1.6405 4.0882 6.9308 1.6818 7.6183 5.2972 0.0638
Car -1 -1 2.9469 1143.1312 148.7837 1242.0000 181.1900 1.6041 1.7164 3.9124 30.2130 0.4126 37.3824 3.6228 0.0636
Car -1 -1 2.0439 388.4092 185.4648 440.3434 210.5402 1.4972 1.6115 4.0665 -12.7585 2.3634 47.4068 1.7819 0.0628
Car -1 -1 1.3104 222.6363 187.3320 268.2960 212.0820 1.4558 1.6647 4.0735 -23.7197 2.4395 46.9455 0.8445 0.0613
Car -1 -1 1.4176 213.4936 196.8630 268.9556 233.8259 1.4809 1.7095 4.2255 -17.4029 2.6859 33.9993 0.9473 0.0612
Car -1 -1 4.4977 498.7273 167.5666 531.7936 190.6084 1.6132 1.6214 3.7721 -6.9043 1.2430 52.5658 4.3675 0.0589
Car -1 -1 2.1372 395.8101 188.9805 454.2134 215.6515 1.4688 1.6460 3.8876 -11.2880 2.5079 44.3848 1.8891 0.0582
Car -1 -1 4.1104 1140.9055 156.9501 1242.0000 202.0512 1.4905 1.6441 3.9351 21.2079 0.9649 25.8709 4.7914 0.0575
Car -1 -1 -0.5570 1128.6400 152.1953 1242.0000 199.2776 1.5348 1.5612 3.9080 20.2300 0.8614 24.5419 0.1264 0.0564
Car -1 -1 4.5096 1047.0165 175.7212 1242.0000 375.0000 1.5757 1.6312 3.8636 4.6270 1.6068 5.7183 5.1641 0.0551
Car -1 -1 -0.6561 1148.6072 171.6854 1225.1605 195.1755 1.5266 1.6036 3.7599 38.1405 1.4507 47.7229 0.0149 0.0531
Car -1 -1 5.0537 250.1131 203.2145 311.7081 236.9198 1.4957 1.8088 3.4843 -16.8166 3.1325 37.0900 4.6303 0.0518
Car -1 -1 1.8313 1148.2014 173.4258 1197.7987 196.8690 1.4830 1.6198 3.9720 37.1747 1.5222 47.5811 2.4912 0.0517
Car -1 -1 3.8143 238.8637 196.3511 338.5158 233.5782 1.5093 1.7170 3.8378 -14.3123 2.6021 32.2371 3.3991 0.0502
Car -1 -1 1.9185 300.1350 186.4775 340.5922 206.6494 1.4958 1.7698 3.9976 -23.2963 2.6342 58.2656 1.5394 0.0501