Car -1 -1 4.9196 507.8871 171.0148 601.4285 231.7566 1.4969 1.7101 4.3341 -1.3937 1.4516 20.0456 4.8504 0.9554
Car -1 -1 4.8943 749.9017 177.4243 851.6514 247.5785 1.3657 1.5935 3.5965 4.4021 1.4812 16.2688 5.1533 0.9540
Car -1 -1 1.9683 186.2505 184.9717 443.7130 349.0685 1.6147 1.6352 3.7660 -3.4702 1.8032 9.3043 1.6196 0.9540
Car -1 -1 1.8316 399.1350 182.1031 496.0750 238.3289 1.3876 1.6377 4.2595 -4.5031 1.6806 20.6868 1.6193 0.9368
Car -1 -1 4.0929 940.9806 153.8736 1242.0000 375.0000 1.5607 1.5464 3.5951 3.2584 1.5095 3.7843 4.7654 0.8851
Car -1 -1 -1.0552 794.8090 170.4222 930.8469 229.8975 1.5501 1.7329 4.5088 7.4297 1.4867 20.9425 -0.7193 0.7098
Car -1 -1 1.8636 564.3882 183.6096 611.1240 213.5120 1.4456 1.4893 3.6244 -1.1046 2.0443 38.2226 1.8343 0.2806
Car -1 -1 4.4907 772.2309 210.1155 1242.0000 375.0000 1.5681 1.5726 3.5697 1.7861 1.8701 3.9541 4.8852 0.1210
Car -1 -1 1.8302 584.3732 183.4986 633.5448 214.0205 1.4715 1.6397 4.0230 0.0271 2.0705 38.4443 1.8303 0.1185
Car -1 -1 4.7949 565.9215 160.7229 600.5308 189.0140 1.5733 1.6890 4.0678 -1.4922 0.8987 42.1967 4.7595 0.1164
Car -1 -1 4.4842 469.6505 173.2520 497.9140 191.6661 1.4962 1.5572 3.6490 -10.6076 1.5308 60.6973 4.3116 0.1157
Car -1 -1 4.5020 850.0619 159.7127 889.8960 186.5043 1.4815 1.5561 2.9868 14.9283 0.7548 41.4826 4.8451 0.1132
Car -1 -1 1.7513 443.8808 171.9074 483.6551 197.4999 1.4173 1.5643 4.0181 -8.4267 1.3649 41.9805 1.5541 0.0873
Car -1 -1 4.3146 579.5727 169.8023 614.3663 190.4431 1.7437 1.6490 3.9209 -1.1359 1.4859 63.0817 4.2964 0.0800
Car -1 -1 -0.2778 894.8407 129.5675 1242.0000 263.6847 1.5149 1.5991 4.0171 5.9780 1.0260 9.4593 0.2717 0.0773
Car -1 -1 2.9433 1037.8088 105.3991 1242.0000 171.8493 1.5477 1.6256 4.2729 13.5403 -0.0280 18.4796 3.5686 0.0717
Car -1 -1 -0.3271 849.0981 159.6374 931.7798 186.7694 1.5020 1.6445 4.0473 15.8495 0.7704 40.8479 0.0405 0.0710
Car -1 -1 2.8069 1174.2869 141.7733 1242.0000 178.4108 1.6242 1.6836 3.9358 28.9116 0.2463 33.4892 3.5148 0.0709
Car -1 -1 3.9037 722.9891 176.8625 865.1390 234.0316 1.4922 1.6267 4.0397 5.3152 1.6223 21.2734 4.1446 0.0690
Car -1 -1 -0.1436 566.4292 161.2101 637.5880 188.5238 1.5635 1.6226 3.9904 -0.4682 0.8970 42.4113 -0.1549 0.0677
Car -1 -1 -0.9524 985.4288 122.3033 1123.5475 175.0431 1.4745 1.5592 3.9187 13.3629 0.0612 21.6618 -0.4054 0.0664
Car -1 -1 1.5977 472.3087 170.6261 494.4297 190.8157 1.5052 1.5736 4.1904 -9.7568 1.3391 55.9797 1.4257 0.0643
Car -1 -1 1.6051 720.6431 185.7888 761.2487 222.8808 1.4106 1.5801 3.5050 5.6210 1.9934 30.6304 1.7842 0.0633
Car -1 -1 4.1050 1173.4900 140.8993 1242.0000 178.0797 1.6514 1.7021 3.9337 28.8988 0.2321 34.0850 4.8041 0.0631
Car -1 -1 1.3397 744.6238 186.1992 802.7469 223.0581 1.4191 1.6520 3.4756 6.9349 2.0210 30.7935 1.5585 0.0622
Car -1 -1 3.6189 528.1956 162.0696 602.1748 188.3915 1.5041 1.6514 4.0782 -2.6363 0.8879 42.8099 3.5575 0.0616
Car -1 -1 1.5351 580.1655 168.9124 611.8453 197.1216 1.5265 1.6537 4.1773 -0.8182 1.3132 41.1754 1.5149 0.0598
Car -1 -1 4.2860 1155.6019 144.0042 1242.0000 179.4438 1.5657 1.7214 3.9472 27.6823 0.2911 34.0040 4.9651 0.0593
Car -1 -1 2.9013 745.9397 173.4350 898.6084 228.4650 1.4912 1.5995 3.8744 5.9345 1.5084 20.4432 3.1793 0.0582
Car -1 -1 4.7887 573.9461 169.0618 603.8876 195.0807 1.5169 1.5316 3.9026 -1.2206 1.2958 44.0520 4.7608 0.0537
Car -1 -1 5.4899 469.6071 170.6139 520.4125 191.2668 1.5856 1.6441 4.0283 -9.0895 1.4136 57.5113 5.3336 0.0533
Car -1 -1 -0.6138 599.4267 181.6643 682.8312 212.4362 1.4358 1.6282 4.0014 1.6173 1.9023 36.4427 -0.5704 0.0527
Car -1 -1 2.9699 736.2749 186.2541 832.3438 220.4189 1.4451 1.6468 3.9393 7.7363 2.0607 32.2022 3.2029 0.0504