Car -1 -1 4.5279 718.6283 186.1690 828.4273 263.3496 1.4300 1.6612 3.7081 3.4683 1.7578 15.8900 4.7379 0.9706
Car -1 -1 4.6015 695.3423 181.0815 767.8787 236.7358 1.4668 1.6691 4.2889 3.5854 1.7408 21.8447 4.7613 0.9291
Car -1 -1 1.7444 482.0004 182.6458 534.9351 223.0549 1.6270 1.7049 3.5895 -4.3852 2.0828 31.7607 1.6077 0.8958
Car -1 -1 1.6894 508.8218 180.7798 549.0947 214.2109 1.5804 1.5772 4.1289 -4.0939 2.0114 37.1628 1.5799 0.8221
Car -1 -1 3.1726 1073.8839 159.0932 1242.0000 249.9718 1.6014 1.6537 4.0294 11.9319 1.3589 14.6493 3.8460 0.7307
Car -1 -1 3.3124 913.8492 171.9858 1088.0979 227.9391 1.4870 1.6788 4.2746 11.3942 1.4640 21.1478 3.8003 0.6609
Car -1 -1 3.1354 1012.5608 171.5163 1242.0000 237.7337 1.4218 1.5606 4.4092 12.3060 1.3931 17.3836 3.7430 0.6203
Car -1 -1 0.3362 261.2345 182.0503 355.4806 214.4273 1.5657 1.6895 4.0553 -15.1290 2.0417 36.3915 -0.0555 0.4583
Car -1 -1 4.6783 302.8131 173.4081 348.6187 214.9598 1.4326 1.4782 2.4907 -10.3933 1.4539 26.3514 4.3057 0.3930
Car -1 -1 4.6919 674.1912 173.8918 699.6035 196.5778 1.5044 1.6651 4.2693 5.3470 1.5798 50.2468 4.7969 0.3539
Car -1 -1 1.9273 215.2832 185.2639 306.1517 232.6120 1.4578 1.6175 3.7743 -12.0546 1.9246 25.1874 1.4846 0.3276
Car -1 -1 4.8838 258.5624 183.1435 305.2876 215.1371 1.5160 1.6154 3.4919 -16.8754 2.0749 37.2990 4.4613 0.2478
Car -1 -1 3.7159 150.2095 183.4838 292.2960 228.1878 1.4423 1.6504 4.0503 -13.2567 1.8216 24.7514 3.2283 0.2007
Car -1 -1 1.5254 745.9982 172.6350 778.4184 197.7092 1.3880 1.6560 4.0529 8.8535 1.3759 42.0748 1.7310 0.1956
Car -1 -1 4.5531 280.1395 175.0217 346.4731 217.3179 1.4383 1.6558 4.1882 -11.1413 1.5261 26.9833 4.1646 0.1722
Car -1 -1 0.5099 271.7003 177.7749 322.7945 193.1463 1.4092 1.5855 4.1621 -29.3227 1.8784 67.7916 0.1029 0.1648
Car -1 -1 2.1084 173.3877 184.9724 295.2732 236.7007 1.4617 1.6121 4.1172 -12.0446 1.8916 23.4856 1.6388 0.1444
Car -1 -1 2.9833 743.6037 174.0113 816.0901 200.2344 1.4482 1.6085 3.7862 9.5973 1.5152 40.8644 3.2119 0.1401
Car -1 -1 1.3161 723.3293 175.8709 756.0253 195.9674 1.4990 1.5547 3.9993 10.1438 1.7438 56.4926 1.4925 0.1367
Car -1 -1 3.9881 1128.0409 143.4702 1242.0000 190.2517 1.4965 1.4383 3.5330 19.9345 0.5565 24.8836 4.6579 0.1341
Car -1 -1 1.6665 546.8360 179.3116 576.2386 205.4504 1.5794 1.5212 3.9447 -3.0603 2.0141 46.5774 1.6008 0.1105
Car -1 -1 0.6162 561.7462 186.4545 629.0082 212.1003 1.4993 1.6744 4.0619 -0.9241 2.4002 45.9592 0.5956 0.1010
Car -1 -1 1.2744 542.8022 179.0256 585.6602 204.8214 1.5743 1.6251 4.2898 -3.0304 1.9995 47.4252 1.2105 0.0948
Car -1 -1 0.3322 214.7110 184.3624 307.7156 216.4191 1.5291 1.6359 3.8785 -17.4064 2.1229 36.1920 -0.1136 0.0908
Car -1 -1 4.5086 773.8373 173.2497 832.8680 211.5671 1.4543 1.5916 3.6463 7.7898 1.4714 29.2870 4.7656 0.0893
Car -1 -1 1.7462 243.0893 182.8624 295.4930 220.4506 1.6571 1.6150 4.0057 -16.4719 2.1736 35.0936 1.3099 0.0841
Car -1 -1 1.7914 513.1558 183.0436 556.7037 212.0386 1.4456 1.5784 3.7143 -4.0092 2.0275 39.2722 1.6898 0.0823
Car -1 -1 2.5192 1000.3331 161.9927 1085.6213 187.2380 1.5113 1.6773 4.3160 26.5206 0.8611 44.2146 3.0564 0.0816
Car -1 -1 -0.5101 728.6444 174.5881 781.6022 194.9006 1.5113 1.6194 3.6491 11.1374 1.6473 55.2443 -0.3126 0.0797
Car -1 -1 3.2365 642.9851 174.0091 703.0433 196.6080 1.4970 1.6676 3.9308 4.3366 1.5774 49.0910 3.3237 0.0787
Car -1 -1 4.5974 463.5797 187.2763 494.3045 212.8157 1.4470 1.4958 3.4133 -8.1437 2.3798 44.8198 4.4182 0.0785
Car -1 -1 4.8341 315.7288 183.2790 358.6819 214.5622 1.4726 1.6386 3.5632 -13.9737 2.0375 37.1718 4.4765 0.0779
Car -1 -1 0.1750 718.2976 173.8616 792.2301 200.1560 1.4337 1.6096 3.8898 8.2635 1.4929 40.9107 0.3725 0.0763
Car -1 -1 1.6071 477.5711 180.0475 501.9715 202.4969 1.4920 1.5683 3.7152 -8.4575 2.0212 51.1410 1.4437 0.0756
Car -1 -1 2.9494 155.9754 183.5239 305.1306 235.1138 1.5112 1.6585 4.1327 -12.4719 1.8927 23.8679 2.4721 0.0740
Car -1 -1 1.2929 175.9852 183.1241 265.6551 229.8948 1.4487 1.6778 4.2802 -13.7446 1.8405 25.4014 0.8010 0.0733
Car -1 -1 1.3070 738.1725 173.1064 785.7296 200.7246 1.4762 1.5863 4.1512 8.5341 1.4911 40.7230 1.5117 0.0729
Car -1 -1 1.5323 458.4867 188.2427 494.0716 220.6361 1.4875 1.6550 4.1075 -6.9524 2.3317 37.3949 1.3492 0.0705
Car -1 -1 0.3193 690.7513 176.4974 776.5724 205.0696 1.4677 1.6108 4.3106 6.7289 1.6745 39.2250 0.4874 0.0696
Car -1 -1 5.2524 481.8368 173.2318 526.4295 193.5542 1.5219 1.6321 3.9627 -8.1732 1.5525 56.2572 5.1085 0.0667
Car -1 -1 4.2438 531.0233 174.9737 579.8759 199.9482 1.6024 1.6305 4.0725 -3.7063 1.7522 48.8261 4.1680 0.0665
Car -1 -1 5.1965 266.1213 180.8559 338.0896 213.8794 1.5570 1.6995 4.0617 -15.7248 1.9920 37.1315 4.7982 0.0664
Car -1 -1 1.2001 664.2193 184.7915 702.0375 206.2051 1.5037 1.5951 3.7946 5.5640 2.4471 54.9842 1.2998 0.0657
Car -1 -1 1.6863 525.6299 180.0721 559.9206 207.4427 1.4859 1.5703 3.6830 -3.8452 1.9248 42.0114 1.5951 0.0653
Car -1 -1 3.5689 273.4930 179.0571 325.7290 194.7203 1.4588 1.6309 4.2826 -29.5042 2.0572 68.7481 3.1647 0.0629
Car -1 -1 0.0593 966.4200 175.1142 1157.8955 233.9794 1.4757 1.6014 4.3862 12.5159 1.5448 20.1457 0.6082 0.0623
Car -1 -1 0.6869 203.2052 185.1098 333.0567 230.8705 1.4699 1.6280 3.9613 -11.8690 1.9187 25.1397 0.2495 0.0613
Car -1 -1 4.7459 670.9148 174.2190 696.0900 197.2318 1.4842 1.5704 3.5920 5.0143 1.5798 48.6443 4.8476 0.0612
Car -1 -1 1.6677 535.3588 181.8452 566.8346 207.7106 1.5196 1.6183 3.8425 -3.6588 2.1128 45.6693 1.5877 0.0609
Car -1 -1 3.3895 311.6078 184.7473 392.1438 214.9669 1.4538 1.5564 3.5495 -12.9429 2.0691 36.3879 3.0497 0.0606
Car -1 -1 -0.1949 1021.6005 157.5891 1134.1088 192.3273 1.5111 1.6242 4.0581 21.2263 0.8471 32.8848 0.3741 0.0604
Car -1 -1 1.8772 255.9836 180.5643 287.7735 197.1037 1.4694 1.5260 4.1921 -31.9201 2.2225 68.3077 1.4413 0.0601
Car -1 -1 1.4205 316.6387 184.0037 364.8057 216.4973 1.4329 1.6383 4.0173 -13.2535 2.0139 35.4494 1.0649 0.0570
Car -1 -1 -0.1397 664.8574 174.5160 722.2960 196.8793 1.4964 1.5818 3.7079 5.7044 1.6118 49.2434 -0.0254 0.0544
Car -1 -1 1.5669 729.7729 176.7958 753.7115 200.7664 1.6860 1.6843 4.1108 9.8114 1.9908 53.6337 1.7464 0.0531
Car -1 -1 -0.6378 1002.8738 164.1474 1083.9801 192.1681 1.5996 1.6219 3.8615 25.3341 1.1025 42.1888 -0.1003 0.0529
Car -1 -1 1.9207 341.8867 184.9251 373.9492 202.5331 1.5401 1.5345 4.1039 -23.6719 2.7124 68.0051 1.5866 0.0516
Car -1 -1 0.1109 487.6911 181.0565 571.3250 212.5528 1.5596 1.5792 4.1038 -4.0521 1.9885 36.9342 0.0018 0.0515
Car -1 -1 4.2919 649.6938 174.3706 695.3677 197.2179 1.5331 1.6629 4.1361 4.3926 1.6449 50.9403 4.3771 0.0507