Car -1 -1 4.8257 506.5829 177.7999 552.7125 213.4874 1.4965 1.6512 3.7881 -3.5591 1.7336 32.6815 4.7176 0.9496
Car -1 -1 4.7809 564.4004 181.0532 620.9762 229.1067 1.4144 1.6073 3.5724 -0.4853 1.7042 23.6814 4.7599 0.9480
Car -1 -1 2.1099 0.0000 190.8615 180.7478 262.0786 1.4040 1.6233 4.1554 -12.2910 1.8921 17.4287 1.5027 0.9459
Car -1 -1 1.4456 380.7541 174.3537 410.7724 196.2824 1.5081 1.6115 3.8154 -15.4309 1.6205 51.9776 1.1581 0.3746
Car -1 -1 1.3616 491.7464 180.3348 522.3487 201.2509 1.4857 1.5462 3.7821 -7.8110 2.0745 54.7528 1.2201 0.2044
Car -1 -1 4.7232 380.5567 162.2944 432.0681 209.1392 1.4653 1.5649 3.8543 -6.9024 1.1350 24.6335 4.4525 0.1296
Car -1 -1 4.7168 588.1534 157.8553 614.4020 185.4084 1.8309 1.7444 3.9055 -0.5640 0.8342 49.9052 4.7053 0.1221
Car -1 -1 1.7282 101.8198 193.3216 181.1045 241.8237 1.3762 1.6555 3.5836 -15.5339 2.1161 24.1115 1.1606 0.1165
Car -1 -1 1.5452 0.0000 198.2327 26.2082 254.5411 1.4408 1.6398 4.1635 -19.3398 2.3041 22.4497 0.8398 0.1164
Car -1 -1 1.6629 158.0999 193.3964 226.7442 241.9689 1.4264 1.6794 4.2056 -14.5558 2.2129 25.3639 1.1462 0.0836
Car -1 -1 3.3314 407.5573 175.1535 455.1064 190.7224 1.4404 1.5491 4.1247 -16.7414 1.6596 67.8933 3.0903 0.0814
Car -1 -1 3.1897 555.1211 162.4338 616.8011 185.5632 1.5413 1.6592 4.1057 -1.5667 0.8469 48.9434 3.1576 0.0784
Car -1 -1 4.5885 687.9763 172.8438 724.1012 198.5052 1.4348 1.6144 3.9593 5.6103 1.4343 42.3290 4.7189 0.0757
Car -1 -1 2.0280 501.5150 179.9147 543.2764 201.2743 1.5242 1.5711 3.9627 -6.6006 2.0835 55.0253 1.9087 0.0735
Car -1 -1 2.0448 111.7779 182.0764 200.5779 217.9374 1.4454 1.6059 4.2151 -20.2004 1.8866 32.3601 1.4902 0.0694
Car -1 -1 3.0843 378.4248 175.2720 435.4764 197.1235 1.4989 1.5929 3.8117 -14.3739 1.6750 51.1696 2.8115 0.0690
Car -1 -1 3.4123 33.1126 186.9977 182.3980 232.2107 1.4353 1.6395 3.9849 -17.3872 1.9573 25.2118 2.8133 0.0659
Car -1 -1 1.1112 465.1202 182.6983 508.4720 204.0858 1.4779 1.6384 3.8713 -9.1849 2.2398 53.7924 0.9425 0.0655
Car -1 -1 1.9997 123.3433 181.6220 218.2052 226.2185 1.4705 1.5368 3.7470 -15.9898 1.8163 26.5040 1.4611 0.0630
Car -1 -1 2.2695 516.7667 178.7851 565.5560 200.1242 1.4987 1.5825 3.7414 -5.0601 1.9570 53.7681 2.1757 0.0629
Car -1 -1 4.7490 695.5663 165.0121 723.9576 192.9663 1.7287 1.6779 4.0093 6.5269 1.2438 46.7399 4.8865 0.0614
Car -1 -1 0.2987 359.6541 174.3423 421.3174 196.3046 1.5230 1.5718 3.8740 -15.4335 1.6297 50.9405 0.0057 0.0605
Car -1 -1 1.8762 61.8728 181.0296 140.0199 217.7728 1.4755 1.6774 4.0732 -22.5400 1.8646 32.1447 1.2684 0.0578
Car -1 -1 1.8822 191.3629 181.1516 247.3596 209.8276 1.4991 1.5983 4.1628 -22.1842 1.9979 41.1793 1.3905 0.0574
Car -1 -1 1.8556 383.2477 175.6048 421.5885 198.0147 1.5124 1.5647 3.9297 -14.6322 1.7149 51.1497 1.5780 0.0571
Car -1 -1 1.7220 689.5853 171.1558 730.7153 202.1037 1.6115 1.6426 4.1389 5.5969 1.5231 39.7893 1.8603 0.0571
Car -1 -1 4.6037 715.1814 165.8000 741.7753 187.5432 1.6188 1.6175 3.7761 9.1358 1.0936 55.6467 4.7653 0.0562
Car -1 -1 2.8069 11.1578 182.0631 126.7540 218.9791 1.5013 1.6264 3.8349 -24.1888 1.9410 32.4049 2.1694 0.0561
Car -1 -1 0.2335 479.0381 180.0340 533.3997 201.2513 1.5363 1.5515 3.7571 -7.6869 2.0813 53.8288 0.0920 0.0561
Car -1 -1 1.6633 0.8737 195.3377 81.7677 250.2695 1.4728 1.6462 4.1071 -18.2282 2.2667 23.3006 1.0048 0.0519
Car -1 -1 2.0269 154.4028 185.7866 260.6167 231.7579 1.4653 1.6454 4.2951 -14.5541 1.9777 26.4076 1.5271 0.0512
Car -1 -1 1.9451 52.9738 182.6906 141.3058 220.6296 1.4434 1.6326 4.2023 -21.7681 1.8944 30.8441 1.3344 0.0510