Car -1 -1 4.7956 535.2595 178.5210 570.4568 206.5767 1.4535 1.6433 3.6061 -3.0931 1.7812 39.9188 4.7183 0.9085
Car -1 -1 4.7138 583.4245 177.0210 619.3560 209.0228 1.3651 1.5556 3.4638 -0.3714 1.5656 32.9717 4.7020 0.7910
Car -1 -1 4.5191 475.2123 171.0996 516.6271 198.1236 1.4796 1.6146 4.0449 -6.6112 1.3835 41.6810 4.3624 0.2744
Car -1 -1 4.6018 462.7212 170.4140 499.6928 200.4240 1.4735 1.5180 3.3565 -6.6623 1.3537 37.2516 4.4257 0.2014
Car -1 -1 4.5461 494.7456 169.1602 528.7211 193.6824 1.5496 1.6097 3.8396 -6.5002 1.3162 47.6667 4.4110 0.1224
Car -1 -1 4.8287 452.4549 165.5353 497.0335 199.4815 1.5680 1.6709 4.1590 -6.5592 1.2299 35.4571 4.6468 0.1177
Car -1 -1 4.5343 680.6014 168.3055 712.0128 192.1500 1.7362 1.6747 3.9754 6.5191 1.4050 54.5735 4.6522 0.1156
Car -1 -1 4.6209 693.2930 161.7006 723.6553 188.3863 1.7051 1.6592 3.7469 6.5416 0.9925 48.0105 4.7552 0.1088
Car -1 -1 1.5802 480.1666 168.3462 511.8521 197.3848 1.5208 1.6446 4.1663 -6.2648 1.2848 39.9694 1.4254 0.0698
Car -1 -1 4.7462 608.0034 165.1945 629.4353 185.9868 1.6957 1.6805 3.6405 0.7970 1.0710 60.7020 4.7590 0.0603
Car -1 -1 3.6982 675.1114 163.0119 741.8987 189.1295 1.6334 1.6957 4.0265 6.4244 1.0179 47.0613 3.8328 0.0567
Car -1 -1 4.8959 472.0685 168.0335 517.9134 198.2807 1.5107 1.6412 4.2324 -5.9951 1.2699 38.1750 4.7409 0.0544
Car -1 -1 5.0709 425.7992 168.6905 492.0327 204.2968 1.5440 1.6835 4.0297 -6.8899 1.3635 33.4095 4.8687 0.0527
Car -1 -1 1.7603 458.3433 167.7951 508.2270 202.5118 1.5607 1.6160 3.9706 -5.9586 1.3333 34.4368 1.5899 0.0518
Car -1 -1 4.5528 460.6056 165.3299 504.6729 196.6223 1.5870 1.6747 4.3098 -6.8970 1.2054 38.9037 4.3782 0.0517