Car -1 -1 4.8147 423.2413 181.8344 523.1465 266.4930 1.5482 1.6866 4.1879 -2.8375 1.7716 15.8012 4.6390 0.9700
Car -1 -1 4.5703 671.4630 170.6981 771.8950 254.4489 1.6297 1.6342 3.7521 2.3427 1.5877 15.9167 4.7129 0.9350
Car -1 -1 1.6466 505.0729 182.2753 550.3857 221.5710 1.4455 1.5485 3.6074 -3.2598 1.8514 29.2497 1.5360 0.8394
Car -1 -1 4.5482 641.5356 183.9016 704.1422 227.5531 1.3951 1.6089 4.0213 2.2117 1.8276 26.1776 4.6308 0.8211
Car -1 -1 4.5642 693.0358 153.6369 732.9361 184.3294 1.4792 1.5213 3.2578 5.1742 0.5531 36.4101 4.7041 0.3423
Car -1 -1 1.7128 481.9414 184.9305 542.7687 229.9538 1.4010 1.5934 3.7088 -3.3326 1.8558 25.3149 1.5826 0.3336
Car -1 -1 4.6597 542.0825 180.4690 567.2733 203.2678 1.5065 1.5772 3.6999 -3.9025 2.0643 50.9088 4.5831 0.2387
Car -1 -1 4.6010 667.1156 179.9818 736.6995 237.9570 1.5063 1.5871 3.7421 2.6083 1.7332 21.0871 4.7215 0.1764
Car -1 -1 1.6314 614.7374 173.8991 638.6577 196.3631 1.6807 1.6190 4.1279 1.3704 1.7653 56.3060 1.6552 0.1373
Car -1 -1 0.5093 421.3969 186.6797 543.4420 231.6607 1.4068 1.6155 3.8340 -4.3624 1.9091 24.8193 0.3365 0.0889
Car -1 -1 1.3351 616.3235 178.0733 652.2192 201.5368 1.5084 1.5759 3.9330 1.6479 1.8808 49.3987 1.3678 0.0814
Car -1 -1 4.6333 605.6564 184.9735 659.1398 230.1192 1.4304 1.6031 3.8863 0.7496 1.8989 25.9074 4.6611 0.0796
Car -1 -1 4.6396 621.0338 183.7161 683.4305 240.0351 1.4604 1.5558 3.6113 1.1783 1.8075 21.2329 4.6933 0.0792
Car -1 -1 2.7490 551.0737 175.2713 596.2995 191.3170 1.4717 1.5781 3.9686 -3.3872 1.7055 68.2148 2.6992 0.0790
Car -1 -1 4.8391 648.1313 169.8001 675.4227 191.2558 1.5520 1.5870 3.7186 3.9520 1.3311 54.1728 4.9112 0.0705
Car -1 -1 1.5876 480.6490 174.9308 507.1909 199.7496 1.4736 1.5717 3.7494 -7.1978 1.6092 45.1365 1.4300 0.0690
Car -1 -1 4.4964 638.5877 159.7540 679.0482 188.7523 1.7794 1.7216 4.2620 3.1198 0.9756 46.5117 4.5627 0.0640
Car -1 -1 4.3467 677.3311 154.1128 738.9820 185.8887 1.5382 1.6759 4.4123 5.0091 0.6310 37.2673 4.4791 0.0629
Car -1 -1 0.3235 515.3458 181.4279 574.1172 204.3210 1.5159 1.6250 3.7260 -4.4701 2.1235 49.9146 0.2342 0.0626
Car -1 -1 1.5935 464.3513 186.2040 517.9361 235.3513 1.4257 1.6289 4.1557 -3.9254 1.9150 24.2782 1.4342 0.0582
Car -1 -1 4.6916 673.1564 157.6684 699.6959 185.7945 1.7564 1.6344 3.8747 4.9763 0.8081 47.0566 4.7960 0.0539
Car -1 -1 3.7602 346.4073 186.7125 436.8661 219.3863 1.4188 1.5881 3.8610 -10.2206 2.0956 33.8676 3.4688 0.0535
Car -1 -1 2.9501 541.5341 179.5022 598.2350 202.7654 1.5472 1.5445 3.6863 -2.7541 2.0178 49.8728 2.8947 0.0511