Car -1 -1 1.7664 401.8022 178.5923 495.1642 245.5604 1.4653 1.5728 3.5374 -3.8749 1.6216 17.8737 1.5553 0.9697
Car -1 -1 4.7269 637.9146 174.4683 671.3807 207.0026 1.5891 1.6440 4.0206 2.3715 1.6777 37.5157 4.7890 0.5036
Car -1 -1 1.5987 623.3805 179.0555 643.5853 198.4896 1.5844 1.6292 4.1299 2.0932 2.1378 62.2807 1.6317 0.2670
Car -1 -1 1.3937 643.0526 163.8354 676.9681 189.2418 1.7846 1.7374 4.3459 3.6530 1.1511 52.9380 1.4619 0.1582
Car -1 -1 1.5458 623.8448 179.9005 645.4761 199.9653 1.5717 1.6912 4.3781 2.0633 2.1816 60.2578 1.5794 0.1454
Car -1 -1 1.2367 630.0637 174.3777 665.7727 194.9546 1.5985 1.6558 4.0395 3.0701 1.7268 58.5455 1.2885 0.0846
Car -1 -1 1.5085 615.7985 180.1437 639.9059 201.0573 1.6076 1.7036 4.3833 1.4657 2.2285 59.2350 1.5326 0.0817
Car -1 -1 1.1850 606.6256 178.3211 641.7985 196.7867 1.5300 1.6416 4.1521 1.2462 2.0269 63.3401 1.2042 0.0782
Car -1 -1 5.0609 633.3470 166.0219 664.1190 185.2638 1.7497 1.6961 3.7717 3.7043 1.1285 67.6792 5.1151 0.0719
Car -1 -1 4.6673 648.0778 168.6346 670.7914 190.2283 1.6835 1.6501 3.8932 3.9933 1.3545 58.2174 4.7352 0.0651
Car -1 -1 1.7425 628.3598 177.2101 656.1952 196.2143 1.5707 1.7011 4.4120 2.8968 1.9655 63.0449 1.7878 0.0640
Car -1 -1 3.1026 608.4541 179.2951 656.4478 198.1076 1.5798 1.6139 4.0593 1.9401 2.1404 61.9799 3.1333 0.0616
Car -1 -1 1.8999 631.7164 173.6432 683.6876 203.9866 1.5490 1.5992 4.0083 2.6645 1.5941 39.1034 1.9670 0.0579
Car -1 -1 1.7210 658.8175 177.7047 685.7189 196.5967 1.5092 1.6520 4.2484 5.3417 1.9349 61.0604 1.8074 0.0526
Car -1 -1 4.6318 634.9465 174.0034 671.3227 205.7526 1.5143 1.5531 3.3244 2.1456 1.5747 36.2149 4.6900 0.0514