Car -1 -1 1.8475 412.3939 189.2195 539.6060 266.5525 1.4463 1.7101 4.4457 -2.9172 1.8788 16.7692 1.6770 0.9531
Car -1 -1 1.3325 737.3240 183.8637 943.6074 326.1023 1.5025 1.6977 3.9701 2.8955 1.6850 9.9475 1.6065 0.9454
Car -1 -1 4.5370 688.1494 184.8673 789.8127 257.3430 1.4408 1.6355 4.0847 2.9193 1.7592 17.0741 4.7025 0.8846
Car -1 -1 1.4767 670.5931 187.0155 735.9335 241.4960 1.4426 1.5984 3.9772 2.7870 1.9170 22.1617 1.5992 0.8709
Car -1 -1 1.4399 654.8029 181.7256 696.1770 215.0372 1.5298 1.5595 3.8975 3.2503 1.9989 36.1717 1.5281 0.6484
Car -1 -1 1.7222 519.2569 182.9815 565.2700 219.3018 1.4650 1.5327 3.2742 -2.9078 1.9338 31.7202 1.6309 0.5700
Car -1 -1 1.6650 481.2096 180.2667 541.4215 228.3846 1.4024 1.5880 3.6681 -3.1172 1.6626 23.4647 1.5337 0.4971
Car -1 -1 4.6786 650.4388 176.8366 672.7839 197.2600 1.5232 1.6145 3.6552 4.0395 1.8447 56.3929 4.7493 0.2962
Car -1 -1 4.3790 862.6014 183.4675 1037.0046 270.6977 1.4469 1.7391 4.6930 6.7658 1.7025 14.9657 4.7954 0.2750
Car -1 -1 1.4787 689.0396 175.4216 712.7736 195.9027 1.5512 1.5291 3.5812 7.1758 1.7602 56.9162 1.6031 0.1478
Car -1 -1 1.6808 518.0233 179.0911 566.9719 217.2577 1.5992 1.7447 4.5985 -3.0182 1.9072 33.3064 1.5906 0.1280
Car -1 -1 1.8058 483.3241 173.8929 523.0254 198.1513 1.4439 1.5789 3.9370 -6.6055 1.5119 45.1532 1.6611 0.0981
Car -1 -1 4.6020 654.4954 179.3300 692.4755 209.7144 1.4893 1.5864 3.7152 3.3221 1.8476 38.0426 4.6879 0.0932
Car -1 -1 4.5068 642.2393 169.2583 668.5983 188.1440 1.7245 1.7009 3.9643 4.2864 1.3962 67.9696 4.5692 0.0921
Car -1 -1 1.4538 664.8062 189.9243 715.1996 228.5685 1.4474 1.6641 4.0580 3.3702 2.2257 30.8620 1.5607 0.0831
Car -1 -1 1.6120 478.7312 178.5628 513.3154 209.6314 1.5281 1.6459 3.8699 -5.9695 1.8466 38.2442 1.4578 0.0778
Car -1 -1 4.6114 541.1344 182.5945 577.7837 212.5264 1.4693 1.5799 3.8505 -2.7371 2.0202 38.7742 4.5408 0.0687
Car -1 -1 2.1183 557.8253 185.0666 600.5690 206.6051 1.5096 1.5618 3.6678 -2.2697 2.4707 54.8020 2.0766 0.0677
Car -1 -1 1.1234 833.7549 196.1536 957.9615 260.9231 1.4474 1.6115 3.7578 7.5655 2.1384 19.4584 1.4881 0.0639
Car -1 -1 1.6576 536.8453 185.7144 574.1334 216.4940 1.4448 1.5979 3.8111 -2.7526 2.1453 37.3859 1.5840 0.0639
Car -1 -1 4.5439 782.4910 166.7592 826.3242 195.9740 1.4860 1.6205 3.9420 10.3990 1.1760 38.7375 4.8040 0.0627
Car -1 -1 1.4130 699.3964 169.7766 733.0026 196.4726 1.6866 1.6102 3.7530 6.9729 1.4922 47.4735 1.5576 0.0583
Car -1 -1 2.9311 639.8378 181.8153 727.1372 213.5031 1.5207 1.6078 4.1144 3.6780 1.9835 36.2344 3.0308 0.0574
Car -1 -1 4.4433 919.4160 186.7189 1167.5363 346.7216 1.5366 1.6354 3.9582 5.2948 1.7580 9.4086 4.9415 0.0572
Car -1 -1 -0.1613 638.1421 176.5605 687.0936 197.0454 1.5429 1.5918 3.5538 4.0699 1.8336 55.6390 -0.0891 0.0557
Car -1 -1 1.2708 895.7444 186.8069 1082.8490 288.3206 1.4311 1.6625 4.4897 6.6237 1.7310 13.1639 1.7271 0.0554
Car -1 -1 4.6811 495.5523 176.1583 526.9155 204.2912 1.4802 1.6220 3.8158 -5.5506 1.6747 40.4533 4.5452 0.0548
Car -1 -1 -0.0849 679.0400 192.2646 839.2665 247.9727 1.4646 1.6191 4.3546 4.1968 2.0508 20.7440 0.1109 0.0544
Car -1 -1 4.4233 633.2566 176.7844 667.3079 196.8843 1.5021 1.6203 3.9308 3.1675 1.8232 56.8431 4.4783 0.0540
Car -1 -1 1.6096 633.9261 188.6789 674.5816 227.1311 1.4562 1.5925 3.8834 1.9720 2.1801 30.9935 1.6717 0.0538
Car -1 -1 3.1883 634.0366 169.8916 675.2451 187.2368 1.5803 1.6494 3.7329 4.1888 1.3104 66.7598 3.2504 0.0529
Car -1 -1 1.6575 862.8371 183.2006 934.0637 242.4069 1.4831 1.5976 3.8281 8.4216 1.8120 20.8670 2.0354 0.0527
Car -1 -1 4.8742 469.4181 176.5432 509.1496 204.2109 1.4533 1.5959 3.7655 -6.6638 1.6690 40.2873 4.7109 0.0527
Car -1 -1 0.5255 739.8388 180.5936 907.5355 239.8311 1.4767 1.6364 4.3711 6.0225 1.7216 20.6880 0.8043 0.0522
Car -1 -1 0.4796 475.0725 181.2274 555.3872 211.4165 1.5482 1.6746 4.0180 -5.1320 2.0213 39.2966 0.3501 0.0505
Car -1 -1 3.1385 435.0384 177.9135 508.5717 206.5188 1.4960 1.6027 3.8548 -7.4850 1.7796 39.2945 2.9511 0.0503