Car -1 -1 4.5073 477.1902 160.9783 525.1440 195.2921 1.6233 1.6574 3.7007 -5.3627 0.4767 36.0308 4.3604 0.9437
Car -1 -1 4.4633 390.3013 163.0446 434.6877 191.0033 1.5543 1.6455 3.6867 -11.4054 0.3217 41.9734 4.1994 0.6829
Car -1 -1 4.5070 337.7740 158.7944 369.3824 179.8765 1.6243 1.6709 3.8990 -20.6834 -0.4505 58.5488 4.1688 0.2553
Car -1 -1 4.5774 418.2691 177.0859 450.4607 200.7700 1.4887 1.5642 3.7693 -11.3872 0.9777 47.2263 4.3417 0.1395
Car -1 -1 0.3216 313.9708 159.9954 375.7360 180.2043 1.5837 1.6874 4.3446 -21.0114 -0.4084 57.6809 -0.0263 0.1245
Car -1 -1 1.4365 356.2654 177.2106 411.9701 216.6707 1.4823 1.6186 4.2001 -9.1371 1.1816 29.2488 1.1360 0.1200
Car -1 -1 4.5358 503.9166 159.3188 535.2408 182.7155 1.7365 1.7193 4.1675 -6.8727 -0.2028 56.0782 4.4143 0.0918
Car -1 -1 4.5546 328.7874 156.2053 370.8358 189.0784 1.7087 1.5820 3.9162 -14.1688 0.2008 39.4637 4.2120 0.0909
Car -1 -1 1.4449 393.7881 173.1751 446.4409 210.7299 1.4496 1.6078 4.2417 -7.8723 0.9848 30.0146 1.1903 0.0898
Car -1 -1 5.2053 426.5207 175.9362 477.5370 199.8634 1.5070 1.6014 3.9559 -10.1715 0.9226 47.3988 4.9947 0.0561
Car -1 -1 1.6717 357.7144 177.4679 413.9399 219.2285 1.4784 1.6416 4.0699 -8.4158 1.2041 27.6028 1.3782 0.0557
Car -1 -1 0.3209 416.4934 177.3734 480.5500 201.4939 1.5124 1.5781 3.6978 -10.1388 1.0207 46.0528 0.1051 0.0550
Car -1 -1 4.8626 391.5392 169.4384 431.2490 197.5456 1.6031 1.6726 4.2701 -11.7098 0.7032 43.2160 4.5993 0.0527
Car -1 -1 4.6882 468.3844 162.9791 489.8268 188.2462 2.0407 1.6718 3.9507 -10.7459 0.2448 60.1602 4.5119 0.0513