Car -1 -1 4.5293 723.7415 170.7374 819.4842 235.4419 1.4352 1.5806 4.0810 3.9205 1.3882 18.0648 4.7390 0.9711
Car -1 -1 4.3323 802.7310 180.2714 1129.3472 374.2206 1.4447 1.5663 3.6766 3.2207 1.5394 7.3669 4.7288 0.9410
Car -1 -1 4.8435 570.8723 178.2392 619.0830 212.7005 1.4502 1.6522 4.4924 -0.6038 1.7170 33.4162 4.8249 0.8083
Car -1 -1 1.6648 595.9509 174.7186 629.9075 203.1127 1.5561 1.5972 4.0483 0.2413 1.6698 41.9112 1.6700 0.6989
Car -1 -1 4.8836 484.5079 181.7558 538.2562 221.6272 1.5126 1.6255 3.5325 -4.0137 1.9046 29.9722 4.7511 0.2701
Car -1 -1 4.6390 699.4235 155.3179 748.7073 197.5963 1.5175 1.5911 3.7592 4.3513 0.8881 27.8360 4.7922 0.1378
Car -1 -1 3.4979 432.0969 181.4031 534.5101 220.4941 1.4963 1.6689 3.7485 -5.0923 1.8572 29.2943 3.3268 0.1242
Car -1 -1 4.6020 691.8386 168.6372 737.8206 204.0339 1.4977 1.6144 3.9276 4.6809 1.3193 32.5176 4.7433 0.1239
Car -1 -1 3.0563 699.7723 150.9163 798.3933 188.4571 1.5209 1.6077 3.9289 5.7775 0.6321 30.2310 3.2431 0.1198
Car -1 -1 4.9862 449.6071 179.2859 518.9860 222.5929 1.4798 1.6385 3.6162 -4.6222 1.7381 27.0989 4.8183 0.1187
Car -1 -1 1.5054 695.4545 164.8299 739.9370 205.1042 1.5448 1.5554 3.6005 4.3689 1.2371 29.5331 1.6504 0.1133
Car -1 -1 1.6023 612.1250 169.2929 631.3057 186.7840 1.5420 1.6180 4.0871 1.1333 1.2280 65.6897 1.6192 0.1094
Car -1 -1 4.7394 488.4667 179.0070 534.8005 221.8004 1.4652 1.6155 3.9436 -3.6480 1.7157 27.3381 4.6074 0.0986
Car -1 -1 4.3317 561.9052 171.6844 603.5828 194.3341 1.4727 1.5556 3.7066 -1.8580 1.3967 48.9258 4.2936 0.0958
Car -1 -1 4.6153 670.7540 176.0705 715.2025 211.6137 1.4858 1.6114 3.7906 3.6887 1.6388 32.4137 4.7270 0.0892
Car -1 -1 1.6915 464.9620 182.6808 518.9143 223.9628 1.4698 1.6378 3.9511 -4.5951 1.8872 28.6484 1.5333 0.0884
Car -1 -1 4.9148 450.6123 176.2167 521.4044 222.4949 1.5002 1.6742 4.1668 -4.3190 1.6303 25.8104 4.7501 0.0833
Car -1 -1 1.7647 580.0379 169.2706 611.4589 190.8279 1.5423 1.5795 4.0980 -0.9884 1.2859 53.7765 1.7461 0.0828
Car -1 -1 3.4185 554.8549 178.0541 630.7020 205.1841 1.4686 1.5905 4.0075 -0.9353 1.7719 40.8186 3.3952 0.0710
Car -1 -1 4.0738 400.5881 182.4239 500.9528 224.7691 1.4405 1.6632 3.9944 -6.0685 1.8291 27.3596 3.8570 0.0662
Car -1 -1 1.0170 414.9767 179.3768 505.1969 219.2526 1.4691 1.6574 4.1465 -6.1356 1.7530 29.3359 0.8122 0.0641
Car -1 -1 3.1247 688.7390 159.0621 788.6342 193.9527 1.4721 1.6419 4.1945 5.6127 0.8902 31.5828 3.2987 0.0610
Car -1 -1 1.0452 695.7686 161.3992 777.4797 197.1286 1.4733 1.6714 4.2088 5.5429 1.0010 32.0159 1.2148 0.0557
Car -1 -1 0.0705 713.3416 158.2845 820.2694 197.7393 1.5314 1.6351 4.1487 6.4150 0.9659 29.3699 0.2831 0.0551
Car -1 -1 0.0990 425.5134 179.1377 534.5479 221.6107 1.4974 1.6753 3.8203 -4.7202 1.7385 26.7056 -0.0748 0.0535
Car -1 -1 0.2124 421.8893 183.8273 526.6857 223.1764 1.4545 1.6559 3.7362 -5.2023 1.8945 28.0475 0.0301 0.0518