Car -1 -1 4.3777 505.7417 186.7385 643.3615 270.9352 1.3884 1.5896 3.8436 -0.8518 1.7106 14.6638 4.3196 0.9614
Car -1 -1 4.5713 409.4714 180.3508 465.0850 220.9230 1.4560 1.6370 3.7753 -6.9111 1.7756 28.7095 4.3367 0.9454
Car -1 -1 1.8536 0.0000 211.6052 96.5158 375.0000 1.4594 1.6075 4.1251 -6.9325 1.9930 7.7266 1.1393 0.8934
Car -1 -1 1.7429 0.0000 200.5876 154.1490 315.4378 1.4748 1.6501 3.9676 -9.0923 2.0356 12.4465 1.1219 0.7807
Car -1 -1 4.0798 647.8775 141.6391 1091.8613 375.0000 1.7180 1.7126 4.6555 2.1323 1.5008 7.5009 4.3452 0.7751
Car -1 -1 1.2082 1108.2020 152.4750 1242.0000 248.4543 1.3850 1.6514 4.3520 10.5168 1.0909 12.7367 1.8870 0.7733
Car -1 -1 1.7200 217.3941 184.5522 263.1390 213.3255 1.4415 1.6569 4.1332 -20.4922 2.1289 40.1760 1.2507 0.7254
Car -1 -1 1.3157 979.2568 154.2234 1121.8906 239.4030 1.4911 1.5547 3.5374 8.7004 1.1650 14.5440 1.8457 0.5957
Car -1 -1 3.4358 586.8997 167.0463 682.1194 202.7779 1.4609 1.6083 3.7670 1.0776 1.2235 30.8692 3.4699 0.5026
Car -1 -1 4.5947 441.1026 174.8824 469.7228 195.5868 1.5004 1.6682 4.0294 -11.7588 1.6608 54.8890 4.3844 0.3494
Car -1 -1 -0.0674 425.5071 174.9645 480.4917 195.7406 1.5012 1.6236 3.9012 -11.6661 1.6622 53.7233 -0.2805 0.2550
Car -1 -1 1.9682 0.0000 193.3397 79.6234 230.3848 1.4194 1.5264 3.5175 -24.9078 2.3716 31.6417 1.3053 0.2446
Car -1 -1 4.4910 581.6458 164.4640 615.7313 186.2061 1.4727 1.5987 3.8371 -0.8068 0.9044 50.9246 4.4750 0.1801
Car -1 -1 4.6061 374.8541 176.8942 399.6054 195.3420 1.4760 1.6002 3.7681 -18.7191 1.8271 60.6713 4.3078 0.1653
Car -1 -1 3.3068 965.2053 130.5941 1120.6855 180.1738 1.5717 1.6416 4.3995 14.8813 0.2320 24.9166 3.8402 0.1612
Car -1 -1 1.7259 0.0000 192.7893 35.0321 222.6259 1.4768 1.5816 3.8006 -33.5653 2.6514 40.4759 1.0367 0.1595
Car -1 -1 -0.4339 574.8145 162.5155 631.9733 180.7712 1.5217 1.6651 4.6318 -0.5194 0.6600 61.8891 -0.4425 0.1542
Car -1 -1 -0.4968 594.1073 161.4617 648.6385 179.5711 1.5267 1.6810 4.4702 1.0359 0.5663 62.6057 -0.4805 0.1471
Car -1 -1 5.0490 575.6152 168.7283 633.3316 201.0888 1.4725 1.5717 3.9614 -0.1817 1.2847 34.9601 5.0434 0.1410
Car -1 -1 4.4774 446.2040 176.0769 486.5994 202.2211 1.4671 1.5482 3.6681 -8.5630 1.6679 42.9695 4.2815 0.1396
Car -1 -1 3.5368 0.0000 194.3133 60.5268 231.1193 1.4178 1.5733 3.5490 -25.6843 2.3645 30.5560 2.8420 0.1372
Car -1 -1 1.5471 504.3034 179.7760 524.8630 199.6102 1.4754 1.5216 3.7227 -7.5269 2.0410 56.9960 1.4160 0.1303
Car -1 -1 4.7848 639.4185 167.1071 682.6923 201.9595 1.4330 1.6125 4.0002 2.3228 1.1967 31.7624 4.8567 0.1160
Car -1 -1 0.3469 510.6938 177.9673 597.7224 208.7733 1.4932 1.5815 4.1244 -2.8045 1.7628 36.7235 0.2707 0.1153
Car -1 -1 3.2096 0.0000 191.0631 87.7465 220.9867 1.5187 1.6545 3.8531 -31.7197 2.5860 40.5281 2.5485 0.1123
Car -1 -1 -0.4716 743.4221 142.2016 826.6937 172.4648 1.6039 1.6370 4.1450 9.6022 -0.0220 39.5523 -0.2351 0.1055
Car -1 -1 -0.8785 786.4230 159.2200 1242.0000 375.0000 1.6331 1.6617 3.9264 3.7645 1.5363 6.6224 -0.3815 0.1047
Car -1 -1 1.0751 460.7350 177.0183 506.0662 197.9362 1.5238 1.6728 4.1338 -9.7480 1.8568 55.5535 0.9019 0.1020
Car -1 -1 1.6935 0.0000 185.9913 29.8083 218.7408 1.5480 1.6373 4.0878 -31.8550 2.2793 38.0029 0.9992 0.0983
Car -1 -1 3.3471 551.5172 169.8526 631.3362 201.7839 1.4469 1.5822 3.4865 -0.8234 1.3109 33.7860 3.3224 0.0941
Car -1 -1 3.0610 820.1708 137.5789 922.0979 172.9744 1.5465 1.5545 4.2418 11.8079 0.0053 32.8248 3.4036 0.0844
Car -1 -1 0.3554 575.6501 171.6524 653.0392 204.1421 1.4392 1.5175 3.2401 0.2278 1.3859 33.2443 0.3617 0.0816
Car -1 -1 -0.0240 367.8722 177.9404 420.4793 196.0230 1.4423 1.6463 4.1218 -17.8370 1.8736 59.7654 -0.3131 0.0804
Car -1 -1 1.8807 373.6422 177.3237 407.7132 195.9320 1.4677 1.5895 3.8800 -18.0958 1.8503 59.8021 1.5878 0.0747
Car -1 -1 3.1720 639.2761 160.1875 704.2672 183.5173 1.5046 1.6234 4.1997 4.1162 0.6877 47.5840 3.2575 0.0743
Car -1 -1 0.2810 1011.8440 139.3837 1164.8276 189.4074 1.5197 1.5825 3.9477 15.7763 0.5029 23.9315 0.8583 0.0738
Car -1 -1 4.3899 608.3231 160.2795 643.4210 181.1362 1.7760 1.7937 4.4120 1.3979 0.7052 63.8119 4.4115 0.0728
Car -1 -1 0.7085 0.0000 191.7926 67.9067 220.5685 1.5240 1.6348 3.8796 -32.7374 2.6029 40.2339 0.0285 0.0718
Car -1 -1 1.4342 1068.6261 197.2709 1242.0000 375.0000 1.4394 1.5758 4.0499 6.2491 1.7868 8.1112 2.0721 0.0696
Car -1 -1 1.7930 206.9462 183.1558 260.8357 216.4385 1.6171 1.6929 4.0300 -19.9953 2.1985 38.5596 1.3172 0.0682
Car -1 -1 1.6624 373.6240 175.3641 400.6979 198.2274 1.7465 1.6865 4.2488 -17.7934 1.9557 57.8650 1.3651 0.0662
Car -1 -1 1.1352 764.8455 147.3536 820.2990 177.5946 1.5925 1.5343 3.7398 10.0750 0.2496 39.9775 1.3803 0.0660
Car -1 -1 1.5867 61.9900 212.3380 160.4766 294.4351 1.4380 1.6979 3.8819 -11.4653 2.4683 16.7383 0.9932 0.0656
Car -1 -1 0.9019 792.3380 141.2478 875.6641 177.2702 1.5690 1.6636 3.8410 10.3408 0.1924 33.5196 1.1987 0.0656
Car -1 -1 2.1933 502.8007 178.7065 549.5304 199.0442 1.4979 1.6131 3.9832 -6.4868 1.9735 56.5022 2.0791 0.0640
Car -1 -1 3.1738 912.7804 132.0521 1034.6420 177.4448 1.6157 1.6836 4.0174 13.7611 0.1634 27.3765 3.6355 0.0638
Car -1 -1 1.6566 579.2853 171.1652 617.4528 203.2790 1.4373 1.5211 3.2523 -0.4854 1.3617 33.9701 1.6419 0.0633
Car -1 -1 1.6151 74.0552 205.7722 160.8988 274.0029 1.4369 1.7213 4.2242 -13.2460 2.4348 19.6213 1.0273 0.0631
Car -1 -1 1.8620 426.6931 173.3630 466.9381 197.8827 1.6454 1.6606 4.0224 -11.3519 1.6826 50.5705 1.6419 0.0630
Car -1 -1 -0.2864 585.4343 161.4626 648.1652 184.0889 1.5227 1.6469 4.0374 0.4903 0.7561 49.9030 -0.2768 0.0629
Car -1 -1 4.8062 55.8438 190.3213 98.2610 218.5550 1.4665 1.6273 3.7948 -30.9777 2.5341 42.0557 4.1742 0.0628
Car -1 -1 4.8743 406.5488 181.9233 453.7216 215.8746 1.4735 1.5995 3.5896 -8.4332 1.9261 34.1568 4.6336 0.0628
Car -1 -1 1.2662 0.0000 193.0034 12.5197 223.0040 1.4824 1.6519 3.8582 -34.6461 2.6380 39.6691 0.5515 0.0610
Car -1 -1 4.0403 662.4371 177.3014 729.6277 206.4818 1.4807 1.6212 3.7849 4.6511 1.7352 39.2679 4.1568 0.0599
Car -1 -1 -0.7843 693.9734 156.9643 762.9512 184.5824 1.5293 1.6107 3.9595 6.9059 0.6495 41.7623 -0.6217 0.0590
Car -1 -1 2.3134 0.0000 191.8439 72.9215 222.0873 1.4813 1.5760 3.8078 -31.8537 2.5789 39.7488 1.6409 0.0583
Car -1 -1 2.2443 0.0000 190.2625 77.1545 219.9717 1.5026 1.6416 3.9153 -32.3445 2.5332 40.7542 1.5765 0.0582
Car -1 -1 4.0729 1021.1735 177.1765 1242.0000 375.0000 1.5230 1.6208 3.7398 5.5899 1.5740 6.6097 4.7524 0.0574
Car -1 -1 1.5282 268.5821 184.5206 303.5389 211.9967 1.4250 1.6683 3.9095 -18.5696 2.1278 41.3436 1.1082 0.0570
Car -1 -1 -0.4012 675.3410 156.0734 752.6335 180.8170 1.4316 1.5583 4.2971 6.2198 0.4607 43.0504 -0.2588 0.0560
Car -1 -1 1.5756 23.9864 188.3520 64.6706 219.7282 1.5044 1.6484 3.9331 -30.2756 2.3798 38.6931 0.9148 0.0548
Car -1 -1 1.4401 382.2071 176.9882 410.6497 197.8063 1.5489 1.6401 3.9819 -16.7746 1.8860 56.6899 1.1534 0.0536
Car -1 -1 3.3501 542.6495 173.1031 625.6537 204.5096 1.5343 1.6288 3.9336 -1.2556 1.5473 36.4103 3.3154 0.0531
Car -1 -1 2.5367 633.0852 150.3894 1112.2180 375.0000 1.5596 1.6009 3.4811 2.1006 1.4115 6.0147 2.8565 0.0511
Car -1 -1 -0.2946 774.4589 153.7103 853.8000 182.3222 1.5728 1.6545 3.9776 11.4485 0.5205 40.5319 -0.0213 0.0506
Car -1 -1 1.8859 355.3394 175.7652 392.6989 198.3091 1.6898 1.6423 3.9232 -18.4102 1.9259 56.5522 1.5723 0.0505