Car -1 -1 4.6287 677.2745 176.1332 727.6349 216.6815 1.4888 1.6421 4.2016 3.6553 1.6301 28.9693 4.7523 0.9551
Car -1 -1 4.8596 573.3276 178.9235 610.0776 204.8352 1.5150 1.6851 4.4297 -1.0743 1.9176 45.5657 4.8357 0.9171
Car -1 -1 1.6991 517.8234 184.5667 562.1808 220.1806 1.5473 1.6235 3.9382 -3.2812 2.1422 34.6554 1.6048 0.9070
Car -1 -1 1.3049 729.4467 173.8438 882.0549 275.2863 1.5813 1.6676 3.9150 3.4006 1.6022 13.2607 1.5497 0.8652
Car -1 -1 4.2753 839.8860 39.5276 1242.0000 375.0000 2.0739 1.7817 4.5606 3.2088 1.5006 5.4405 4.7839 0.7767
Car -1 -1 4.0154 772.9538 161.8183 833.3502 186.6273 1.5557 1.6563 3.9825 12.6573 0.8637 47.4014 4.2746 0.2514
Car -1 -1 4.9046 664.6373 180.4770 704.1602 207.6103 1.4589 1.5969 3.7715 4.3971 1.9240 41.9776 5.0077 0.2395
Car -1 -1 3.0851 774.3078 158.8708 831.9639 176.6493 1.4599 1.6109 4.5831 16.1818 0.3117 60.5024 3.3452 0.2377
Car -1 -1 4.6700 638.6636 106.4176 1010.8292 375.0000 2.0451 1.7761 4.4324 1.4389 1.7313 5.7518 4.9011 0.2200
Car -1 -1 3.9989 0.0000 191.2265 81.7240 291.9452 1.4843 1.6231 3.8595 -11.2448 1.8172 12.0414 3.2587 0.1937
Car -1 -1 4.9179 0.0000 191.1893 101.0821 293.1245 1.4528 1.6140 3.6825 -10.4858 1.8345 13.0138 4.2495 0.1917
Car -1 -1 3.2120 716.5970 162.0847 771.4526 180.3199 1.5142 1.6470 4.4758 11.4277 0.6199 61.2725 3.3954 0.1225
Car -1 -1 4.5976 635.3238 180.0450 683.1068 217.7972 1.5075 1.6368 3.9024 2.1087 1.8418 31.5590 4.6630 0.1181
Car -1 -1 1.6326 727.5859 179.6637 756.6867 204.3966 1.4875 1.6189 3.7955 8.5869 1.9460 46.5526 1.8133 0.1180
Car -1 -1 1.7575 503.3288 176.7718 529.9467 196.5381 1.6154 1.5924 3.7034 -7.9018 1.9603 61.6159 1.6301 0.1176
Car -1 -1 1.4177 726.8265 166.5848 765.6890 194.1156 1.5838 1.6741 4.2243 8.2116 1.2232 43.6472 1.6021 0.1114
Car -1 -1 -0.6529 724.5624 175.9668 794.9833 200.7730 1.5004 1.6613 4.2326 9.5284 1.7049 45.7286 -0.4492 0.1014
Car -1 -1 -0.4214 760.7506 150.4764 841.4297 178.0366 1.6241 1.6856 4.4221 11.5770 0.3054 43.7121 -0.1643 0.0906
Car -1 -1 3.6206 578.0317 166.8670 628.7382 183.4922 1.5198 1.7142 4.4734 -0.5884 0.9725 67.7382 3.6117 0.0866
Car -1 -1 1.6965 627.1149 180.3005 679.1265 221.1744 1.4895 1.6028 4.0539 1.8301 1.8131 29.2139 1.7578 0.0866
Car -1 -1 4.9230 772.4812 154.0504 815.0017 183.4385 1.6426 1.6880 3.6872 10.8492 0.5916 42.3546 5.1720 0.0830
Car -1 -1 4.2790 770.0127 159.6490 808.6135 178.9176 1.5816 1.6547 3.9934 15.2339 0.4977 61.3431 4.5212 0.0819
Car -1 -1 4.6768 608.5903 187.5282 634.0110 210.9319 1.4787 1.6184 3.7054 0.7781 2.5295 49.8010 4.6917 0.0815
Car -1 -1 1.5618 714.2899 180.5596 740.0509 205.0087 1.4783 1.5869 3.8841 7.6292 2.0014 46.9506 1.7214 0.0745
Car -1 -1 2.0942 0.0000 190.7277 94.8473 311.7408 1.4957 1.6324 3.8022 -10.1195 1.8314 11.5335 1.3854 0.0704
Car -1 -1 4.4196 784.6982 149.5985 831.6213 178.2381 1.6884 1.6994 4.0082 12.2012 0.3174 44.5624 4.6852 0.0663
Car -1 -1 -0.6226 662.7738 181.5316 734.5853 208.9096 1.4556 1.5931 3.8445 5.0768 1.9684 41.0128 -0.5009 0.0660
Car -1 -1 2.2840 689.2956 181.3305 749.2468 206.8763 1.5102 1.6644 3.8260 6.9858 2.0700 45.7763 2.4340 0.0650
Car -1 -1 4.6553 753.8268 156.6740 785.9543 184.0544 1.5567 1.6455 3.8286 9.5193 0.6368 43.0423 4.8714 0.0649
Car -1 -1 1.6607 587.2974 188.5625 615.8317 212.7377 1.4814 1.5901 3.8205 -0.5036 2.5853 48.7369 1.6498 0.0597
Car -1 -1 -0.7715 790.5282 158.9644 849.6583 184.0312 1.5599 1.6164 3.5277 13.5559 0.6955 46.4422 -0.4893 0.0526
Car -1 -1 1.2931 668.5877 167.5004 721.9240 199.5005 1.5525 1.6649 4.0656 4.3427 1.2928 37.1465 1.4081 0.0517
Car -1 -1 2.9327 764.4514 152.8890 844.3681 181.0070 1.5964 1.6738 4.2240 11.2658 0.4629 41.9117 3.1935 0.0501