Car -1 -1 1.5071 596.8231 177.6936 656.2496 229.9553 1.3936 1.5248 3.4447 0.4322 1.5484 21.3201 1.5263 0.9159
Car -1 -1 4.3121 205.9605 197.6169 340.8794 271.3858 1.4709 1.6198 3.8146 -8.2309 2.1371 17.5311 3.8785 0.8514
Car -1 -1 1.3738 668.7574 181.0719 760.0408 237.7050 1.3669 1.6775 4.4002 2.8162 1.6238 20.3149 1.5087 0.8412
Car -1 -1 4.1253 346.4680 174.8110 591.4003 309.5871 1.8731 1.8180 4.6634 -2.5822 1.9128 12.3813 3.9228 0.5979
Car -1 -1 0.4031 745.9668 169.3914 886.4292 220.5333 1.5266 1.6549 4.0661 6.6565 1.4233 23.4559 0.6758 0.5911
Car -1 -1 3.3837 271.3720 179.7623 366.3008 217.0985 1.6353 1.6283 3.7502 -13.2496 1.9619 33.0573 3.0049 0.4960
Car -1 -1 4.5004 61.5643 193.2242 139.1246 235.1258 1.3897 1.6520 3.9838 -19.6572 2.2298 27.7964 3.8892 0.4418
Car -1 -1 3.0716 75.8965 179.8323 151.6521 205.1862 1.6289 1.6648 4.1700 -33.8916 2.1252 49.3729 2.4724 0.3175
Car -1 -1 4.1131 782.3929 153.7174 849.5614 182.7986 1.5245 1.6618 3.8885 11.3505 0.5213 39.9325 4.3880 0.2678
Car -1 -1 2.6913 264.5814 173.8660 326.9751 192.5300 1.5277 1.7358 4.5866 -26.7431 1.6173 61.6117 2.2832 0.2320
Car -1 -1 1.6431 203.7346 184.5552 230.9547 205.3139 1.4922 1.5832 3.8542 -30.5625 2.4390 56.2966 1.1475 0.2125
Car -1 -1 4.7576 97.0325 178.7986 139.4827 211.5853 1.5295 1.5827 3.9226 -24.7939 1.8474 36.5030 4.1642 0.2087
Car -1 -1 -0.7026 721.0903 156.2588 807.4500 188.6375 1.4094 1.5173 3.7736 7.0826 0.6870 32.9690 -0.4930 0.2014
Car -1 -1 1.5023 44.0094 186.9587 95.7030 225.1021 1.5006 1.5797 3.7834 -23.8048 2.1600 31.7808 0.8633 0.1846
Car -1 -1 0.3469 530.6222 163.6377 607.2894 193.3819 1.4589 1.5001 3.5891 -2.0502 1.0069 36.6245 0.2911 0.1813
Car -1 -1 3.6851 587.7022 168.3558 676.0552 201.1977 1.4625 1.5912 3.8781 1.0237 1.2622 33.8507 3.7146 0.1731
Car -1 -1 0.2508 208.2303 185.7989 301.5457 217.3237 1.5246 1.6360 4.0219 -18.1525 2.2115 37.0876 -0.2018 0.1560
Car -1 -1 4.5961 265.3246 180.8879 305.7705 211.9702 1.5242 1.5736 3.4206 -17.1941 1.9706 38.2226 4.1757 0.1429
Car -1 -1 4.3689 723.8190 156.8900 773.8560 186.4107 1.6678 1.6920 3.9007 8.2038 0.7659 42.8230 4.5567 0.1410
Car -1 -1 3.2592 731.2395 158.9129 804.2823 186.3467 1.5254 1.6457 3.9436 9.1150 0.7502 41.5410 3.4735 0.1399
Car -1 -1 2.0909 625.6283 166.2982 694.6770 197.7594 1.4026 1.5790 3.8069 2.4519 1.1104 34.1889 2.1615 0.1375
Car -1 -1 5.5441 433.8806 158.7399 493.5224 184.4372 1.7347 1.7333 3.9890 -10.2298 0.7819 50.8291 5.3463 0.1262
Car -1 -1 0.2998 742.7584 160.7470 864.4556 198.9777 1.4001 1.5630 4.3314 7.5526 0.9567 28.2351 0.5583 0.1180
Car -1 -1 -0.5260 776.4467 155.8753 857.7780 184.0236 1.4614 1.6054 3.9198 11.1214 0.5799 38.7206 -0.2485 0.1155
Car -1 -1 3.9783 460.9528 164.2629 524.2794 188.1066 1.4441 1.5939 4.1328 -7.4224 0.9238 45.6145 3.8177 0.1097
Car -1 -1 1.5338 6.9322 185.0717 58.6479 225.0052 1.5299 1.5981 4.0420 -24.7810 2.0889 30.9555 0.8628 0.1089
Car -1 -1 0.3928 622.1533 170.0307 717.0009 203.7533 1.4620 1.6045 4.0015 2.7242 1.3396 32.9081 0.4742 0.1026
Car -1 -1 4.7783 538.4803 165.7201 571.7787 193.8041 1.5128 1.6200 3.9103 -3.0347 1.1285 40.8295 4.7043 0.1022
Car -1 -1 2.9309 380.9361 181.6327 616.2734 310.8179 1.6981 1.7127 3.2778 -1.7355 1.8495 11.0565 2.7775 0.0991
Car -1 -1 3.7311 504.7042 160.9094 572.4683 183.4919 1.5108 1.6693 4.5137 -4.9406 0.7117 50.0712 3.6330 0.0936
Car -1 -1 2.0897 13.5439 191.1581 103.5670 228.0534 1.5129 1.5915 3.9104 -25.5712 2.4184 33.6521 1.4435 0.0908
Car -1 -1 3.6781 36.0389 180.5372 142.8976 212.6771 1.5137 1.6454 3.9787 -25.4722 1.9016 35.4396 3.0583 0.0901
Car -1 -1 1.5160 630.8518 168.7525 669.3981 201.3535 1.4287 1.5751 3.7407 1.8330 1.2490 33.4924 1.5697 0.0899
Car -1 -1 1.8023 506.7277 176.0578 582.6328 225.9633 1.4982 1.6425 3.9216 -2.0609 1.6138 23.9847 1.7169 0.0898
Car -1 -1 4.2973 802.7170 155.9898 862.9833 184.9959 1.4794 1.6258 3.9713 11.9502 0.6193 38.8687 4.5933 0.0893
Car -1 -1 4.8062 541.3975 168.0788 595.0175 212.1001 1.4705 1.5763 3.7366 -1.4218 1.3109 25.9995 4.7516 0.0887
Car -1 -1 4.8214 512.6193 170.6060 568.4498 214.5392 1.4786 1.6069 3.7425 -2.4314 1.4029 26.1678 4.7292 0.0833
Car -1 -1 4.6684 209.5950 191.9421 258.2179 233.4285 1.4786 1.6152 3.8226 -15.4893 2.3180 29.6701 4.1906 0.0828
Car -1 -1 4.7701 278.0287 185.2811 317.5778 217.9350 1.4634 1.5808 3.7118 -15.4491 2.1161 35.8836 4.3659 0.0811
Car -1 -1 3.7276 470.3068 160.1140 556.8288 190.7523 1.5927 1.6929 4.4766 -5.2351 0.9304 39.2512 3.5957 0.0807
Car -1 -1 2.1044 115.4249 186.8297 193.8813 218.5378 1.4792 1.6146 4.0176 -23.5161 2.2443 37.4743 1.5469 0.0806
Car -1 -1 1.8924 789.1866 154.2694 904.1092 226.6396 1.5698 1.5772 3.7087 5.8679 1.1667 17.6107 2.2086 0.0790
Car -1 -1 4.2922 254.2402 173.2765 295.7918 192.4067 1.5739 1.6455 4.1960 -28.5137 1.6110 61.4507 3.8592 0.0769
Car -1 -1 5.2766 92.4346 182.9679 152.7025 206.2976 1.5043 1.6389 3.8938 -33.7983 2.2355 50.1982 4.6863 0.0755
Car -1 -1 -0.2624 741.9589 157.7711 842.4520 193.2223 1.5574 1.6314 4.1106 8.1859 0.8948 32.5519 -0.0184 0.0752
Car -1 -1 0.1982 119.7313 185.5812 223.1057 218.5850 1.5602 1.6889 4.2510 -22.2275 2.2356 36.7826 -0.3424 0.0748
Car -1 -1 3.2139 0.0000 196.5749 70.1838 233.9155 1.4713 1.6114 3.5436 -26.3384 2.5860 32.2316 2.5327 0.0747
Car -1 -1 0.4102 423.3163 160.6454 506.0111 188.0731 1.5328 1.6176 4.3917 -8.3310 0.8505 41.5787 0.2135 0.0743
Car -1 -1 4.7737 110.6731 185.6893 148.8296 214.2326 1.4391 1.5346 3.5710 -26.5784 2.1858 40.0455 4.1906 0.0736
Car -1 -1 4.0722 346.3025 168.1950 403.6881 195.1819 1.6743 1.6160 3.7219 -15.1332 1.3852 46.4998 3.7590 0.0717
Car -1 -1 -0.2817 543.0709 170.6530 658.5291 214.8992 1.4676 1.5675 3.7481 -0.3227 1.3946 25.2279 -0.2950 0.0697
Car -1 -1 1.5414 174.1580 185.5234 200.8555 206.6528 1.4785 1.6516 3.8908 -32.2408 2.4823 55.0802 1.0137 0.0695
Car -1 -1 2.0950 202.9316 184.7699 251.1485 205.7737 1.5083 1.6136 3.7934 -29.5870 2.4637 55.9267 1.6101 0.0666