Car -1 -1 5.0034 312.2480 182.7167 453.3107 273.9743 1.5796 1.6751 3.8855 -4.4790 1.8092 14.8543 4.7147 0.9640
Car -1 -1 4.4704 735.1929 185.5792 922.6215 326.0704 1.4987 1.5762 3.2857 2.7205 1.6983 9.6584 4.7357 0.9620
Car -1 -1 1.7358 456.7492 181.9690 514.5332 225.2608 1.5703 1.6620 3.8301 -4.8857 1.9595 28.8947 1.5692 0.9272
Car -1 -1 4.5761 658.7861 175.4421 717.2840 221.8908 1.5078 1.5793 3.4165 2.6888 1.6050 25.3489 4.6799 0.9258
Car -1 -1 5.2423 0.0000 209.0133 281.9544 375.0000 1.4137 1.6135 3.5341 -4.1897 1.8003 5.8986 4.6453 0.8960
Car -1 -1 1.7018 509.4837 183.4627 542.9635 210.7762 1.5604 1.5619 3.8836 -5.1173 2.2463 44.6940 1.5880 0.6366
Car -1 -1 4.4502 683.0552 166.1929 722.2188 188.7850 1.5309 1.6833 4.3212 6.5428 1.0795 51.1464 4.5765 0.3529
Car -1 -1 4.2426 645.2317 167.6216 695.3707 190.5440 1.4712 1.6513 4.1609 4.0309 1.1354 48.5480 4.3247 0.2772
Car -1 -1 1.0941 709.4713 182.6615 774.0952 216.8683 1.4293 1.4537 3.5252 6.0066 1.9056 33.1370 1.2712 0.2344
Car -1 -1 4.8963 630.9625 175.3707 656.1035 192.6512 1.5088 1.6240 3.7574 3.1174 1.7446 65.6007 4.9432 0.1951
Car -1 -1 4.6712 637.8410 170.3928 666.4598 197.2389 1.6618 1.6790 3.9773 2.7149 1.5094 46.6652 4.7285 0.1606
Car -1 -1 4.6653 665.6111 166.2558 692.5851 190.1571 1.5202 1.6051 3.5242 4.5627 1.1006 47.6911 4.7598 0.1439
Car -1 -1 3.2074 659.3619 167.6440 716.5240 191.5559 1.5310 1.6088 3.6283 5.1576 1.1974 47.3019 3.3150 0.1398
Car -1 -1 1.4155 606.4790 175.3846 630.3203 192.1796 1.4499 1.5728 3.7922 0.7657 1.6844 64.8768 1.4269 0.1345
Car -1 -1 -0.7728 629.8082 170.9471 691.4208 197.7271 1.6492 1.6613 3.8921 3.3046 1.5318 46.3261 -0.7025 0.1205
Car -1 -1 3.2381 673.1959 165.0486 729.2654 187.4171 1.5121 1.5639 3.7179 6.3595 0.9844 49.9468 3.3637 0.0827
Car -1 -1 1.7901 496.6975 180.5265 540.9452 211.1358 1.6500 1.6888 4.1798 -5.2381 2.1211 42.1404 1.6667 0.0810
Car -1 -1 3.1466 645.6292 167.6003 706.6897 190.7912 1.5152 1.6010 3.9886 4.4376 1.1719 48.1290 3.2376 0.0761
Car -1 -1 1.5595 698.3936 176.0972 726.1896 201.5150 1.4583 1.6034 4.0488 6.2419 1.6657 44.0449 1.6989 0.0696
Car -1 -1 1.5508 609.1285 175.1872 628.8474 194.8513 1.6334 1.6208 4.3441 0.7888 1.8430 62.6295 1.5629 0.0690
Car -1 -1 4.6606 693.1268 165.5293 721.2338 191.6976 1.6836 1.6532 4.1641 6.5286 1.2123 48.5627 4.7931 0.0629
Car -1 -1 1.3510 728.1976 169.0406 789.0127 207.5438 1.5431 1.6642 4.2158 6.3242 1.3903 31.0423 1.5496 0.0602
Car -1 -1 5.2140 0.0000 188.3551 154.2457 328.3540 1.4839 1.6238 3.8282 -8.1477 1.7446 10.1160 4.5486 0.0573
Car -1 -1 4.5758 505.1463 182.5885 552.6566 219.2772 1.4828 1.6099 3.7484 -3.6578 1.9450 32.2446 4.4631 0.0572
Car -1 -1 3.4245 97.5168 196.6498 305.1976 266.4919 1.4896 1.6276 4.0781 -9.7037 2.1064 17.4667 2.9234 0.0563
Car -1 -1 1.5825 704.8248 170.5928 730.4925 195.7561 1.5932 1.6118 3.8128 7.1641 1.4500 47.6944 1.7303 0.0562
Car -1 -1 5.2558 107.8681 196.7484 301.6958 285.7567 1.5128 1.6628 4.1838 -8.4435 2.0980 15.5408 4.7648 0.0539
Car -1 -1 3.2363 490.4307 183.5859 559.7719 210.0095 1.5848 1.6004 4.1424 -5.2039 2.2637 44.8033 3.1208 0.0534
Car -1 -1 4.8785 748.3757 166.8291 866.4211 257.0861 1.5157 1.6158 3.9099 4.0191 1.4146 14.2306 5.1476 0.0511
Car -1 -1 1.5466 739.2463 179.0552 781.5900 218.8221 1.4379 1.5408 3.7343 5.9384 1.7014 28.6795 1.7482 0.0509
Car -1 -1 -0.4980 441.9480 192.2949 523.1866 224.4821 1.4723 1.6261 3.7866 -6.4835 2.5184 37.0102 -0.6708 0.0508