Car -1 -1 1.8152 354.0876 187.6129 482.2825 277.5508 1.5645 1.6505 3.9546 -3.8500 1.9154 15.1782 1.5700 0.9628
Car -1 -1 1.9595 147.5026 216.4214 401.2526 375.0000 1.4023 1.5148 3.5031 -3.8140 2.0443 8.8754 1.5634 0.9471
Car -1 -1 4.7416 612.9326 179.5670 651.8912 216.5586 1.4614 1.5694 3.9393 1.0415 1.7708 31.2498 4.7739 0.8248
Car -1 -1 4.9681 506.2204 179.4903 555.9092 213.5552 1.6203 1.6926 3.4923 -3.9585 1.9767 36.8939 4.8614 0.4512
Car -1 -1 4.5424 628.1266 173.9648 653.3408 192.2617 1.5435 1.5691 3.8651 2.6958 1.6438 63.1300 4.5846 0.2681
Car -1 -1 1.6203 611.7815 175.6194 638.6738 199.3132 1.5261 1.6182 4.4168 1.1097 1.7236 49.2620 1.6422 0.2476
Car -1 -1 1.9595 506.0531 166.3076 565.2492 196.8322 1.5571 1.6981 4.2519 -3.9300 1.2232 39.0864 1.8596 0.1235
Car -1 -1 1.5665 548.9584 180.0838 577.6149 208.5159 1.5304 1.5800 3.7181 -2.6830 1.9676 41.7186 1.5021 0.1177
Car -1 -1 3.5981 398.8032 177.5542 485.1312 210.1634 1.4838 1.6139 3.6719 -7.9642 1.7156 34.3828 3.3717 0.1176
Car -1 -1 4.5631 633.8061 178.7220 662.4457 200.4619 1.4999 1.5462 3.7489 2.7849 1.9448 52.7681 4.6151 0.1161
Car -1 -1 4.9287 505.9785 166.8443 547.5931 193.0995 1.4942 1.6387 4.0364 -4.8954 1.1522 43.1566 4.8162 0.1115
Car -1 -1 3.0478 609.0820 174.4688 657.1684 192.4046 1.5143 1.6115 3.9962 2.0027 1.6551 62.0125 3.0796 0.0943
Car -1 -1 4.8576 516.0494 169.7924 554.1348 198.7378 1.6101 1.6383 4.0733 -4.3032 1.4398 42.2065 4.7562 0.0872
Car -1 -1 1.4120 628.8995 174.2197 657.7617 194.6340 1.5777 1.6678 4.2776 2.6871 1.6922 58.2783 1.4574 0.0838
Car -1 -1 1.2339 604.9160 181.1052 652.2029 207.6904 1.5283 1.6464 4.2266 1.1313 2.0705 45.1485 1.2582 0.0818
Car -1 -1 3.4992 475.0628 164.6877 557.0714 195.8084 1.5955 1.6942 3.9716 -4.9375 1.1768 38.2695 3.3714 0.0799
Car -1 -1 4.4096 411.2339 174.0612 472.8071 210.3679 1.4620 1.5645 3.6801 -7.2882 1.5175 31.1695 4.1814 0.0778
Car -1 -1 1.4101 630.7400 185.0561 667.1354 211.3787 1.4957 1.6306 4.0838 2.4113 2.2939 45.0807 1.4626 0.0699
Car -1 -1 4.7218 496.9304 173.6523 532.8953 207.3810 1.6539 1.7590 4.1268 -4.9125 1.6980 37.6376 4.5925 0.0667
Car -1 -1 1.2405 537.1175 186.5614 577.6995 209.7611 1.4735 1.6340 3.9593 -3.6922 2.4735 50.4996 1.1674 0.0657
Car -1 -1 -0.2354 584.9077 179.3705 687.9366 216.0370 1.4995 1.6017 4.1835 1.1328 1.7916 31.1353 -0.2001 0.0616
Car -1 -1 1.6201 557.7510 186.7914 583.6678 209.8597 1.4771 1.6203 3.8781 -2.6837 2.4899 50.4908 1.5667 0.0605
Car -1 -1 4.3194 236.8642 178.0975 780.8568 375.0000 1.4953 1.5636 3.8951 -1.0228 1.5411 4.2610 4.0951 0.0577
Car -1 -1 3.8077 537.2584 179.5566 641.8320 217.7112 1.4692 1.6479 4.3047 -0.8881 1.7697 30.4074 3.7781 0.0572
Car -1 -1 2.5655 595.3663 175.0500 658.4943 198.0437 1.5261 1.6266 4.1600 1.2215 1.6838 50.0133 2.5894 0.0568
Car -1 -1 3.3134 497.3112 169.4058 570.3662 198.1882 1.6301 1.6551 3.9863 -4.3544 1.4348 41.8253 3.2100 0.0549
Car -1 -1 1.4402 483.6543 179.6015 516.3747 205.0347 1.4887 1.5360 3.9472 -6.9405 1.9336 45.4638 1.2891 0.0549
Car -1 -1 1.6376 484.2724 176.8168 515.8933 203.3540 1.5042 1.6167 4.0477 -6.5703 1.7551 43.6047 1.4886 0.0544
Car -1 -1 3.2418 485.8973 179.3434 558.3335 212.8259 1.6305 1.6972 3.4692 -4.3621 1.9654 36.3588 3.1227 0.0542
Car -1 -1 1.4050 473.8894 203.5456 540.2319 252.0008 1.4229 1.7488 3.7721 -3.7445 2.6108 25.8641 1.2618 0.0523
Car -1 -1 1.7290 624.3850 171.8479 652.0351 193.2644 1.7139 1.6531 4.2125 2.4178 1.6334 59.9706 1.7687 0.0518
Car -1 -1 -0.2626 338.2813 182.0446 920.2493 375.0000 1.5158 1.5548 4.0657 0.1429 1.6031 5.6171 -0.2410 0.0504