Car -1 -1 4.7487 570.5353 185.2634 618.0640 229.5333 1.3951 1.5462 3.4219 -0.4819 1.8621 25.4289 4.7291 0.9343
Car -1 -1 4.8366 507.7763 182.2766 553.7473 217.4429 1.4817 1.6566 3.6706 -3.5723 1.9400 33.2423 4.7298 0.9304
Car -1 -1 2.0440 85.9949 187.3769 237.1792 251.3798 1.4321 1.6312 4.2632 -11.7643 1.8648 19.3167 1.5028 0.9059
Car -1 -1 1.8167 380.1693 183.4950 421.0641 209.1824 1.4987 1.6012 3.7891 -13.1530 2.1997 45.6088 1.5371 0.8229
Car -1 -1 4.8859 67.7673 174.4091 126.1180 208.8671 1.5000 1.5678 3.7982 -23.8208 1.5769 33.6460 4.2734 0.2008
Car -1 -1 4.6105 456.6521 172.6366 494.3480 201.6442 1.4652 1.5896 3.9124 -7.2051 1.4542 38.5469 4.4266 0.1776
Car -1 -1 1.3508 511.8838 177.4158 542.8956 198.0283 1.5242 1.5852 3.9445 -6.4591 1.8943 56.4156 1.2370 0.1651
Car -1 -1 4.1529 76.3182 185.0191 144.0828 213.6887 1.4755 1.4766 3.4224 -27.4370 2.1668 39.6442 3.5505 0.1628
Car -1 -1 2.1554 96.6462 172.8804 177.0570 204.9129 1.6211 1.6087 4.0592 -25.1477 1.6226 38.5572 1.5805 0.1549
Car -1 -1 1.4941 137.4184 172.7589 190.7787 210.1526 1.4120 1.5616 3.8507 -18.1066 1.4084 29.2624 0.9439 0.1455
Car -1 -1 0.5212 344.9340 185.6114 414.4077 210.9514 1.4870 1.5758 3.8252 -14.2251 2.2982 44.7023 0.2144 0.1428
Car -1 -1 1.4666 677.2697 179.2751 702.5134 198.5032 1.4137 1.5601 3.8287 6.2288 1.9313 56.2481 1.5758 0.1367
Car -1 -1 0.3889 11.0043 176.0258 123.2975 210.4841 1.4831 1.5771 3.7237 -24.3411 1.6314 32.5065 -0.2500 0.1322
Car -1 -1 4.7687 371.5396 177.7927 392.5461 194.6876 1.4884 1.6361 3.8742 -21.0527 1.9603 66.8616 4.4646 0.1198
Car -1 -1 3.8818 69.1917 172.7162 187.9662 210.8459 1.4454 1.5312 3.8826 -18.9027 1.4402 28.4124 3.2990 0.1123
Car -1 -1 1.7217 207.9684 192.4354 274.4723 237.7745 1.4726 1.6507 3.9642 -13.9013 2.2750 27.4245 1.2561 0.1041
Car -1 -1 1.6709 679.0726 178.8673 706.5490 199.6720 1.4482 1.6186 4.2606 6.2417 1.9152 53.7813 1.7853 0.1003
Car -1 -1 5.0782 683.3394 180.1341 721.1091 199.4585 1.4095 1.6182 3.9598 7.2733 1.9995 56.3562 5.2054 0.0983
Car -1 -1 1.5676 367.8786 182.8503 391.0290 205.1357 1.5649 1.6176 4.1708 -17.5099 2.3565 54.9028 1.2599 0.0867
Car -1 -1 -0.0118 515.6592 182.0159 568.6290 202.2066 1.4969 1.5875 3.9919 -5.1779 2.2130 55.3991 -0.1050 0.0817
Car -1 -1 1.5207 454.3818 171.9834 492.1637 204.3494 1.5338 1.6648 4.1921 -6.9283 1.4925 36.4250 1.3336 0.0795
Car -1 -1 1.3791 491.1038 183.7729 518.4915 203.0314 1.4953 1.5608 3.8761 -8.8106 2.4421 60.4771 1.2346 0.0758
Car -1 -1 -0.7177 691.4619 179.5025 745.0854 199.1295 1.4189 1.6257 3.9578 8.3162 1.9428 55.1003 -0.5692 0.0724
Car -1 -1 3.8372 130.8320 174.9535 248.5844 213.9441 1.4674 1.5633 3.9183 -16.4797 1.5532 28.3819 3.3150 0.0713
Car -1 -1 0.2533 686.7584 177.1357 729.8738 193.1854 1.4750 1.5925 3.7798 9.3814 1.8903 68.5381 0.3884 0.0700
Car -1 -1 2.5097 163.6364 176.8696 237.8765 204.0211 1.5356 1.5855 3.6488 -24.5122 1.7881 43.3850 1.9978 0.0689
Car -1 -1 5.6319 99.7381 180.3632 186.4172 209.7803 1.5199 1.6124 3.8977 -26.0663 1.9629 40.4628 5.0624 0.0637
Car -1 -1 3.2258 57.1581 176.0501 165.6697 211.0827 1.5032 1.5639 3.9481 -22.5984 1.6563 32.9125 2.6278 0.0628
Car -1 -1 0.8106 504.4602 188.9505 562.6458 213.7754 1.4749 1.7434 3.6482 -4.9833 2.5670 47.1084 0.7052 0.0622
Car -1 -1 1.1670 684.3463 176.7350 727.2716 198.9230 1.5246 1.6185 4.0786 6.9547 1.8189 52.5250 1.2975 0.0619
Car -1 -1 1.0592 681.8579 177.1469 718.7611 194.0107 1.5030 1.6133 4.1303 8.4677 1.9187 67.6521 1.1828 0.0594
Car -1 -1 2.4682 508.1619 179.5424 562.1554 199.5757 1.5094 1.6333 4.1985 -5.9255 2.0641 57.7871 2.3661 0.0570
Car -1 -1 1.7728 174.0220 193.2431 252.2930 240.1057 1.4199 1.6894 3.8249 -14.0299 2.2059 25.7423 1.2778 0.0562
Car -1 -1 2.2718 27.6681 175.2007 128.9206 210.6693 1.4913 1.5968 3.7916 -23.8334 1.6035 32.5440 1.6435 0.0560
Car -1 -1 5.4517 72.3310 174.8292 171.8805 209.7348 1.5195 1.5850 3.9674 -22.6567 1.6175 33.7249 4.8636 0.0556
Car -1 -1 4.2753 642.5333 179.9980 683.7533 200.0558 1.4323 1.5898 4.0178 4.0554 2.0004 55.2216 4.3478 0.0517
Car -1 -1 1.2019 406.2653 176.3758 466.1915 207.7504 1.4859 1.6238 4.0350 -8.8830 1.6758 36.7707 0.9662 0.0514
Car -1 -1 2.0076 34.5663 180.3420 120.6036 217.1113 1.4686 1.5814 3.7458 -23.1938 1.8174 31.6195 1.3786 0.0508