Car -1 -1 1.8755 284.1025 198.9093 458.0523 313.8876 1.4505 1.5875 3.7537 -3.6876 1.9460 11.8391 1.5789 0.9758
Car -1 -1 1.9897 1.7788 209.5077 342.7223 375.0000 1.4990 1.4907 3.3503 -3.8858 1.9462 7.0827 1.5027 0.9578
Car -1 -1 4.3119 782.7867 184.9976 1219.4371 375.0000 1.5179 1.6933 4.5606 3.0509 1.6724 6.8931 4.7115 0.9558
Car -1 -1 4.4547 723.0250 183.7650 874.7260 284.8645 1.4233 1.5997 3.5198 3.0490 1.6365 12.3187 4.6907 0.9442
Car -1 -1 4.4843 589.3028 182.4224 625.0881 206.2921 1.4889 1.6009 3.7486 -0.2000 2.1604 48.6258 4.4796 0.7999
Car -1 -1 4.4376 640.5951 180.2438 694.5087 213.7235 1.4436 1.5903 3.6299 2.6642 1.8106 33.9018 4.5147 0.7992
Car -1 -1 3.1754 756.4658 176.0770 864.8217 219.2375 1.4675 1.6554 3.6581 7.2492 1.5899 26.0665 3.4432 0.6671
Car -1 -1 2.6949 998.9442 137.0060 1206.2179 197.9621 1.5486 1.6598 4.3271 13.1323 0.6379 19.4554 3.2818 0.3346
Car -1 -1 4.2916 860.7359 204.6726 964.9804 266.3531 1.5411 1.6120 3.3359 8.9064 2.5626 21.4698 4.6788 0.3139
Car -1 -1 2.4822 547.6693 181.0981 595.9506 198.8120 1.4696 1.5794 4.1558 -3.3040 2.2191 63.6371 2.4301 0.3094
Car -1 -1 1.3749 537.9955 175.3207 563.0634 192.9368 1.5889 1.6296 3.8271 -5.5684 1.8275 67.7212 1.2928 0.1752
Car -1 -1 5.7459 0.0000 218.7729 161.1536 375.0000 1.4903 1.6058 3.9467 -3.6967 1.7771 2.4616 4.8129 0.1711
Car -1 -1 1.7570 0.0000 188.1758 41.5960 235.6550 1.5091 1.6495 4.3668 -22.5162 2.1258 26.7326 1.0618 0.1654
Car -1 -1 4.4007 0.0000 217.4605 140.6652 375.0000 1.4743 1.5696 3.8938 -4.4752 1.7983 3.7327 3.5602 0.1415
Car -1 -1 1.6381 399.9640 207.8101 468.7979 267.2708 1.4258 1.7360 3.7581 -5.1596 2.5710 21.6441 1.4059 0.1317
Car -1 -1 1.9171 0.0000 197.5464 132.9862 304.3141 1.4366 1.6029 3.4384 -9.7180 1.9274 12.4593 1.2648 0.1311
Car -1 -1 1.4424 854.3618 206.5285 924.6631 260.0950 1.4489 1.6921 3.6934 9.2200 2.6626 24.0133 1.8037 0.1131
Car -1 -1 1.6804 611.5163 186.6090 650.5944 218.7192 1.4520 1.5594 3.7888 1.1296 2.1820 36.3111 1.7105 0.1108
Car -1 -1 5.1837 12.8075 188.9966 200.5662 279.6655 1.5030 1.6232 3.5087 -9.8339 1.8675 14.4530 4.5946 0.1075
Car -1 -1 1.5158 0.0000 224.9927 512.3018 375.0000 1.4545 1.5918 3.8856 -2.0232 1.8100 2.8795 0.9439 0.1053
Car -1 -1 4.1441 657.3659 164.2572 803.8489 236.9460 1.5190 1.5755 3.8659 2.7321 1.3393 17.1645 4.2985 0.0982
Car -1 -1 4.6383 794.9004 177.1232 848.9715 219.5845 1.4488 1.6403 3.9442 7.9096 1.6218 27.1396 4.9184 0.0900
Car -1 -1 4.3649 795.0034 201.9973 881.7290 257.6636 1.5301 1.6683 3.1054 7.2318 2.5271 23.0915 4.6636 0.0895
Car -1 -1 2.1266 0.0000 0.0000 1242.0000 375.0000 1.5081 1.6169 4.0357 -2.7811 1.6306 1.8195 1.2019 0.0889
Car -1 -1 2.7983 1041.9720 137.5071 1184.7361 181.9781 1.5706 1.6032 4.0382 18.5655 0.3222 26.7724 3.3996 0.0879
Car -1 -1 4.5729 0.0000 191.0707 45.2587 232.0321 1.4657 1.6433 3.9431 -24.4952 2.2589 29.4799 3.8839 0.0857
Car -1 -1 4.1670 710.2469 175.1410 752.0649 194.3517 1.4949 1.5891 3.8414 9.8526 1.6876 58.7199 4.3321 0.0849
Car -1 -1 1.8504 15.3380 189.8086 91.9038 229.7354 1.4769 1.5749 3.7069 -23.3257 2.2388 30.4124 1.2002 0.0791
Car -1 -1 0.8421 1044.2435 149.2382 1242.0000 375.0000 1.4467 1.6157 3.6764 5.5777 1.3088 6.0595 1.5619 0.0783
Car -1 -1 1.9329 542.1441 180.8877 577.0859 201.6598 1.6906 1.6230 4.2704 -4.3007 2.4148 62.7650 1.8643 0.0777
Car -1 -1 1.1211 852.9082 196.6593 979.0751 261.2500 1.4948 1.6205 4.0742 8.4550 2.2338 20.3167 1.5093 0.0764
Car -1 -1 1.2949 799.7642 195.9204 880.9371 246.5836 1.4748 1.6440 3.7994 7.7837 2.3249 24.6722 1.5961 0.0759
Car -1 -1 2.8871 1011.4547 138.8693 1139.7242 176.7965 1.5048 1.6098 4.2129 19.2771 0.1564 30.0405 3.4533 0.0746
Car -1 -1 2.9897 747.5905 203.4966 877.7696 255.2382 1.5052 1.6502 3.8250 6.4535 2.5369 23.2572 3.2560 0.0738
Car -1 -1 5.1200 413.5306 186.3059 484.1519 225.1637 1.4880 1.5989 3.7401 -6.8217 2.1030 30.9957 4.9046 0.0720
Car -1 -1 0.9949 547.9023 183.2374 593.3733 204.0331 1.5879 1.6494 4.3380 -3.2530 2.4773 59.5659 0.9401 0.0695
Car -1 -1 -1.0110 768.3279 202.8995 893.2287 264.1029 1.5280 1.7303 4.0989 6.7966 2.5261 21.9727 -0.7159 0.0671
Car -1 -1 1.1422 665.7210 180.4829 706.8290 201.7169 1.4790 1.5760 3.8778 5.6798 2.0704 53.8455 1.2462 0.0664
Car -1 -1 3.0481 315.5492 195.4141 462.8427 251.0515 1.5180 1.6881 4.2693 -6.8880 2.2731 22.5616 2.7544 0.0662
Car -1 -1 -0.5064 842.9796 205.3061 990.1674 257.1154 1.4922 1.7099 4.0366 9.8097 2.5842 23.2040 -0.1121 0.0657
Car -1 -1 0.1132 327.5066 190.1774 419.0704 227.3024 1.5597 1.6152 3.7642 -10.5893 2.3695 32.5639 -0.1993 0.0637
Car -1 -1 1.6923 608.4531 184.5821 651.8170 219.2728 1.4513 1.5464 4.0236 1.0177 2.0335 33.7141 1.7215 0.0604
Car -1 -1 2.7608 720.3925 182.9761 794.0889 211.8398 1.5486 1.5118 3.7661 8.2801 2.1328 40.5556 2.9602 0.0599
Car -1 -1 1.3350 642.9043 175.7320 700.3260 213.8003 1.5669 1.6627 3.9119 2.6863 1.7030 32.0700 1.4172 0.0591
Car -1 -1 0.6770 0.0000 222.9828 164.2199 375.0000 1.5087 1.6248 4.1252 -4.0673 1.7734 2.4062 -0.3103 0.0590
Car -1 -1 1.5384 734.3496 178.6159 756.6080 200.1033 1.5069 1.4976 3.7271 10.0677 1.9506 53.6051 1.7226 0.0589
Car -1 -1 3.2158 845.5977 204.8644 976.3041 262.5782 1.5114 1.6584 3.5870 9.2413 2.5627 22.1519 3.6052 0.0587
Car -1 -1 -0.4819 541.9249 172.3218 588.6989 189.9880 1.6143 1.6515 4.0790 -4.1399 1.5656 67.6922 -0.5431 0.0583
Car -1 -1 2.4951 0.0000 221.1666 75.3907 375.0000 1.4811 1.6079 4.0076 -4.5894 1.8250 3.1255 1.5624 0.0572
Car -1 -1 3.9276 0.0000 250.6035 348.3059 375.0000 1.4563 1.5664 3.6742 -3.3188 1.9038 3.3009 3.1791 0.0570
Car -1 -1 1.4980 722.4208 197.2328 790.1324 254.2231 1.4132 1.6843 4.1504 4.3521 2.2262 21.9019 1.6905 0.0567
Car -1 -1 1.2568 970.3986 165.9757 1061.8192 215.1782 1.5211 1.5951 3.6665 13.5437 1.3084 24.2565 1.7605 0.0561
Car -1 -1 1.3196 596.6702 177.2574 638.0849 204.8327 1.6410 1.6691 4.0460 0.4456 1.9337 45.7946 1.3287 0.0555
Car -1 -1 2.7671 746.9362 173.6994 1058.5366 277.5797 1.5134 1.6288 4.2471 4.4466 1.5277 11.3638 3.1305 0.0552
Car -1 -1 -0.6969 722.5049 175.3099 770.7285 194.8035 1.5109 1.5980 3.6223 11.0053 1.7134 57.9044 -0.5104 0.0538
Car -1 -1 -0.0430 834.8304 201.8952 998.6396 264.3629 1.5552 1.6492 4.1975 8.7422 2.4540 20.8402 0.3480 0.0538
Car -1 -1 1.4902 597.4520 176.8015 629.1452 203.7946 1.5571 1.6251 3.9526 0.1874 1.8103 44.2503 1.4939 0.0527
Car -1 -1 5.3542 39.7589 189.3653 144.3316 229.1709 1.4944 1.6220 3.8317 -21.8329 2.2397 30.6316 4.7389 0.0510
Car -1 -1 -0.2270 0.0000 193.3983 712.3313 375.0000 1.4717 1.6336 3.9711 -1.4589 1.6449 4.3702 -0.5335 0.0506
Car -1 -1 -0.4036 413.8604 186.9111 517.8607 226.0962 1.4695 1.6047 3.9418 -5.9631 2.0905 30.1035 -0.5981 0.0501