Car -1 -1 1.7380 550.2289 167.8568 586.3765 192.0080 1.4777 1.6559 4.2083 -2.0108 0.6422 46.1387 1.6898 0.5952
Car -1 -1 5.9118 0.0000 0.0000 1238.0000 374.0000 1.6026 1.6817 3.8642 -2.6325 1.5038 0.8740 4.7424 0.1299
Car -1 -1 5.4909 0.0000 0.0000 1238.0000 374.0000 1.6079 1.6720 3.8274 -1.4109 1.3443 0.8157 4.5654 0.1026
Car -1 -1 3.3253 0.0000 0.0000 1238.0000 374.0000 1.5776 1.7031 3.8055 3.0725 1.4312 1.0217 4.4942 0.1024
Car -1 -1 0.2060 528.1349 168.0395 594.2473 192.3064 1.4967 1.6445 3.9225 -2.4535 0.6657 45.4051 0.1474 0.0801
Car -1 -1 1.4953 545.9081 167.3854 577.5551 194.1442 1.5957 1.6589 3.9890 -2.4586 0.7533 44.9228 1.4360 0.0676
Car -1 -1 4.8889 549.8542 163.1104 575.6288 182.7558 1.7431 1.7038 3.9589 -3.4154 0.1103 65.8045 4.8325 0.0628
Car -1 -1 3.7774 0.0000 0.0000 1195.2963 374.0000 1.5900 1.6513 3.5723 2.0581 1.5724 1.4784 4.6387 0.0555
Car -1 -1 5.5388 0.0000 0.0000 1238.0000 374.0000 1.5203 1.6271 3.9455 -3.9930 1.4232 1.6399 4.4071 0.0544
Car -1 -1 4.4074 708.9618 183.4547 1238.0000 374.0000 1.5459 1.6383 3.8443 1.1417 1.5569 2.0372 4.8596 0.0519
Car -1 -1 3.9845 507.1183 170.8643 571.1118 197.5959 1.6049 1.6725 4.1315 -3.8870 0.9656 45.1501 3.8941 0.0509