Car -1 -1 2.0048 241.6556 185.1496 320.2264 222.5588 1.5823 1.6745 4.4003 -15.4488 2.2025 34.1822 1.5829 0.9443
Car -1 -1 1.8446 382.0357 181.7213 424.3862 206.7082 1.5261 1.6519 4.0030 -13.5241 2.1345 47.4955 1.5682 0.8927
Car -1 -1 1.4142 368.9415 176.9838 394.3017 196.1454 1.6277 1.5739 3.8544 -20.3255 2.0075 64.2641 1.1088 0.2710
Car -1 -1 1.6171 215.1818 194.2492 250.9309 223.6565 1.5228 1.6791 4.0797 -22.2656 2.8565 42.7749 1.1393 0.2544
Car -1 -1 4.9268 452.8582 178.2856 486.9143 201.4416 1.5404 1.6205 3.5688 -9.7628 1.9353 50.6490 4.7370 0.1387
Car -1 -1 4.3255 494.6178 170.3389 528.1050 188.1364 1.5963 1.6757 4.0374 -9.1335 1.3707 66.8836 4.1900 0.1085
Car -1 -1 1.5138 269.5983 192.1110 319.8218 234.7930 1.4773 1.6358 3.9005 -12.6968 2.3073 28.9876 1.1039 0.1042
Car -1 -1 1.9447 194.8621 196.8000 250.8399 225.6169 1.4352 1.6546 3.3641 -21.7094 2.8423 40.6341 1.4565 0.0942
Car -1 -1 3.4591 419.8025 177.0362 482.4400 200.3051 1.5625 1.6196 3.9138 -10.9132 1.8571 49.8190 3.2442 0.0779
Car -1 -1 0.6645 175.4411 196.5813 253.7503 223.9987 1.4628 1.6509 3.7370 -22.7250 2.8666 41.5651 0.1665 0.0777
Car -1 -1 1.7856 299.2207 190.8305 364.6326 232.1813 1.4762 1.6664 4.0859 -11.3556 2.2711 29.7643 1.4236 0.0760
Car -1 -1 3.8336 228.4062 188.4447 323.1363 221.1641 1.5259 1.6454 4.2558 -16.7660 2.3389 36.2771 3.4031 0.0737
Car -1 -1 4.7647 445.4055 168.4521 472.9928 191.3399 1.5619 1.7053 4.1022 -10.6687 1.2615 51.3939 4.5608 0.0719
Car -1 -1 4.8393 507.9830 163.2384 533.9554 185.3423 1.8905 1.7581 4.2109 -7.7984 1.0681 63.8235 4.7180 0.0706
Car -1 -1 2.2943 255.9657 186.5893 329.8714 214.6561 1.4752 1.6698 4.0895 -18.4693 2.3221 42.2833 1.8844 0.0669
Car -1 -1 1.8456 231.3176 187.0238 297.7097 226.5513 1.5875 1.6619 4.0180 -15.4999 2.2697 32.6163 1.4047 0.0664
Car -1 -1 4.5294 491.2709 163.0467 520.5444 186.1387 1.9633 1.7813 4.4337 -9.1918 1.1295 63.7295 4.3865 0.0663
Car -1 -1 1.9185 247.8467 199.0888 327.5253 243.2679 1.4310 1.6411 3.5080 -12.0864 2.4898 27.3173 1.5050 0.0618
Car -1 -1 -0.2523 318.1180 189.3786 437.0067 231.1951 1.4436 1.6764 4.1290 -9.0174 2.1296 28.1443 -0.5601 0.0609
Car -1 -1 3.6652 427.7207 166.7427 492.3456 189.3538 1.5636 1.7302 4.2046 -10.6399 1.1410 51.3771 3.4618 0.0589
Car -1 -1 1.7250 377.8918 182.5211 414.7846 210.1299 1.6280 1.6636 3.9490 -13.5586 2.2728 46.0608 1.4399 0.0584
Car -1 -1 1.6802 239.6411 194.0090 279.2861 222.0288 1.4683 1.6916 4.1438 -21.0072 2.8070 43.4219 1.2316 0.0560
Car -1 -1 1.7010 493.5400 178.0953 518.2537 197.1245 1.5510 1.6108 3.8100 -8.8431 2.0137 61.7800 1.5591 0.0525
Car -1 -1 4.4003 349.7533 179.5914 382.7036 198.2546 1.5474 1.6165 3.9266 -21.3953 2.1583 63.3682 4.0756 0.0522