Car -1 -1 2.9453 695.4565 168.2839 774.6646 194.3503 1.4974 1.6520 4.3376 7.3210 1.2349 42.3324 3.1150 0.7106
Car -1 -1 1.1772 786.3597 164.4558 828.4152 186.8808 1.6557 1.6618 4.0999 15.1369 1.0357 55.4136 1.4423 0.5124
Car -1 -1 4.3932 819.3087 167.6619 858.6913 186.6937 1.4374 1.6852 4.2589 17.9516 1.0452 56.6354 4.6984 0.4795
Car -1 -1 3.0308 200.7823 173.0050 305.6928 207.9011 1.6470 1.7477 4.5354 -17.7554 1.6549 36.0245 2.5756 0.4468
Car -1 -1 4.7771 269.7527 172.8040 308.3447 204.5856 1.5714 1.5806 3.9783 -16.7406 1.5689 37.8156 4.3627 0.4116
Car -1 -1 4.5760 191.2436 176.5199 241.5784 208.2568 1.4708 1.6593 4.2549 -19.7417 1.6657 36.1533 4.0790 0.2167
Car -1 -1 1.3546 749.3622 174.1237 781.2935 195.3648 1.5722 1.5768 4.0074 11.9707 1.6737 55.6547 1.5650 0.2155
Car -1 -1 4.2863 905.7693 157.7277 975.0869 190.5987 1.6236 1.7484 4.0704 17.1790 0.8765 37.6760 4.7110 0.2046
Car -1 -1 1.4560 740.2435 175.5285 769.3351 197.6662 1.5137 1.6004 3.9404 10.3965 1.7134 51.8553 1.6524 0.1625
Car -1 -1 4.2926 996.1726 166.4085 1043.3281 186.6324 1.4695 1.5911 4.0069 30.9142 1.0012 54.4978 4.8061 0.1623
Car -1 -1 3.9778 691.1922 165.8326 745.4855 186.8162 1.5734 1.7117 4.3589 8.4511 1.0469 56.3909 4.1256 0.1509
Car -1 -1 -0.4546 875.8998 172.5868 941.8423 192.5215 1.4941 1.6253 4.3775 22.7967 1.4740 55.0290 -0.0640 0.1284
Car -1 -1 1.6820 183.1180 170.9178 214.5524 192.9189 1.5925 1.6176 3.9771 -30.9040 1.4523 54.3727 1.1671 0.1241
Car -1 -1 0.2737 185.2322 183.1109 269.9235 212.3048 1.4833 1.5873 3.7154 -20.3867 2.0490 38.6380 -0.2093 0.1033
Car -1 -1 4.5093 868.8060 166.3114 902.1848 185.0632 1.3944 1.6142 4.0647 21.2866 0.9079 55.7907 4.8719 0.0963
Car -1 -1 2.7695 917.9105 161.4531 1008.5667 190.6154 1.4408 1.6691 3.7840 17.8938 0.8776 36.6308 3.2206 0.0947
Car -1 -1 4.7375 224.1574 175.9603 288.8809 228.1198 1.3879 1.5942 3.8742 -10.4550 1.4897 21.5424 4.2902 0.0923
Car -1 -1 3.6515 167.7890 178.7606 260.2998 209.8259 1.4650 1.6074 3.6330 -19.2273 1.7597 35.1677 3.1542 0.0912
Car -1 -1 5.0826 201.7284 163.0924 246.5860 193.0081 2.2823 1.7866 4.0367 -30.4640 1.5376 57.1566 4.5946 0.0900
Car -1 -1 2.1397 176.7769 178.7272 256.3201 211.3189 1.4696 1.6160 3.7722 -19.0593 1.7717 35.1756 1.6461 0.0890
Car -1 -1 2.9235 716.1863 177.3007 772.8336 198.9853 1.4927 1.6231 3.6623 9.4914 1.8118 50.9041 3.1064 0.0863
Car -1 -1 3.1027 798.7036 168.7020 860.2446 187.8430 1.4777 1.6876 4.5924 17.3434 1.1572 57.0985 3.3959 0.0829
Car -1 -1 4.4142 1025.5878 171.3868 1067.1862 190.4645 1.4221 1.6152 4.1005 33.8213 1.3127 55.9689 4.9552 0.0799
Car -1 -1 4.6230 1060.0394 167.5568 1089.4924 186.8231 1.5168 1.6617 3.9892 37.9678 1.0997 58.9564 5.1927 0.0785
Car -1 -1 4.6974 287.5559 172.3891 313.3769 198.0180 1.7866 1.6658 4.3210 -22.5636 1.7542 52.6105 4.2939 0.0781
Car -1 -1 -0.1897 693.9431 168.2973 767.9872 194.4030 1.5743 1.6648 4.2535 7.4307 1.2995 44.3994 -0.0253 0.0736
Car -1 -1 1.4795 269.4146 181.1049 318.3963 218.0917 1.4936 1.6526 4.0238 -14.1606 1.8873 32.2629 1.0687 0.0710
Car -1 -1 4.2848 124.5045 179.4520 253.4622 236.7355 1.4223 1.5923 4.0377 -11.7946 1.6233 20.1546 3.7608 0.0702
Car -1 -1 1.2497 898.7441 167.6515 934.6849 185.4915 1.4720 1.6031 4.1036 26.1891 1.0427 61.6440 1.6495 0.0651
Car -1 -1 5.5847 269.4308 172.8173 391.8995 218.9845 1.4984 1.5966 3.9233 -9.7519 1.4972 25.5196 5.2229 0.0641
Car -1 -1 1.5078 801.4536 164.8824 828.0199 187.5121 1.6107 1.6269 4.1908 15.1936 1.0433 53.5744 1.7824 0.0637
Car -1 -1 -0.3983 307.1873 181.8284 399.1919 215.3107 1.4692 1.6225 3.8220 -12.2348 1.9225 34.5567 -0.7365 0.0637
Car -1 -1 1.2620 677.5983 178.0672 714.6725 199.1624 1.4638 1.5765 3.9673 6.3376 1.8634 53.2030 1.3794 0.0637
Car -1 -1 2.9422 816.1273 166.8933 869.9064 186.7609 1.5064 1.6028 3.7046 17.9878 1.0544 55.7094 3.2528 0.0634
Car -1 -1 -0.4850 859.9172 166.8280 923.3422 185.5671 1.4158 1.6534 4.2737 21.7033 0.9605 55.5819 -0.1147 0.0622
Car -1 -1 3.9913 214.6105 172.7238 329.6551 217.7373 1.4623 1.5331 3.7110 -11.6437 1.4580 24.8900 3.5576 0.0601
Car -1 -1 -0.3144 1022.7183 172.0723 1095.6537 191.5141 1.4376 1.5756 4.4166 33.9853 1.3798 54.6424 0.2393 0.0601
Car -1 -1 0.9196 710.3362 175.6943 765.6086 197.4890 1.4837 1.6597 4.2821 9.1956 1.6973 51.9959 1.0933 0.0589
Car -1 -1 4.5429 721.6168 166.3858 762.2657 193.7699 1.5548 1.6784 4.2911 7.8508 1.1876 43.1210 4.7215 0.0587
Car -1 -1 4.3461 1076.2081 126.2081 1242.0000 222.0713 1.5391 1.6464 3.7519 10.3984 0.7902 13.6137 4.9881 0.0580
Car -1 -1 -0.1172 693.4933 177.9792 752.9886 199.4377 1.4993 1.6481 4.0472 8.1152 1.8732 51.7425 0.0371 0.0578
Car -1 -1 4.2303 802.4958 171.5646 848.8705 190.5871 1.4563 1.6697 4.4367 17.1807 1.3576 57.5747 4.5186 0.0571
Car -1 -1 5.0703 232.4641 178.2512 337.6260 232.9631 1.4383 1.5884 3.7359 -9.4197 1.6115 21.2535 4.6574 0.0567
Car -1 -1 4.7857 266.7209 178.5829 310.4165 212.0082 1.5193 1.6656 4.1385 -15.8539 1.8211 35.7889 4.3711 0.0564
Car -1 -1 1.3880 745.7656 177.0036 780.7479 200.3707 1.4985 1.6161 3.9871 10.3884 1.7918 48.9980 1.5953 0.0563
Car -1 -1 1.3564 707.1808 170.2396 749.2885 197.0179 1.4984 1.6232 3.9753 6.9178 1.3521 42.4038 1.5166 0.0544
Car -1 -1 2.9065 885.6089 162.4297 980.2472 194.1278 1.5480 1.7099 4.0724 16.2543 1.0389 36.4453 3.3228 0.0541
Car -1 -1 1.6417 750.5767 174.6274 777.5591 198.1540 1.6274 1.6299 4.1998 11.2744 1.7620 52.4938 1.8517 0.0540
Car -1 -1 0.3583 272.7252 187.4977 365.3595 220.2412 1.4924 1.6068 3.7828 -13.8300 2.2093 34.4830 -0.0209 0.0536
Car -1 -1 0.1251 778.6551 165.3019 838.1101 186.9018 1.6050 1.6538 4.2123 15.2049 1.0439 55.1853 0.3924 0.0536
Car -1 -1 4.6976 959.9796 165.3438 983.0014 184.3481 1.4688 1.5839 3.6480 28.9370 0.8883 57.7513 5.1599 0.0530
Car -1 -1 0.7731 1064.3628 163.5005 1121.9813 184.2511 1.5475 1.5560 3.6420 37.3029 0.8499 55.7513 1.3602 0.0527
Car -1 -1 3.5760 230.3045 184.9211 329.7524 217.6318 1.5097 1.6718 4.0333 -15.8323 2.1059 34.7894 3.1515 0.0510
Car -1 -1 1.7159 693.2521 179.0264 722.8408 200.6547 1.4755 1.6081 3.7328 7.1834 1.9410 52.3912 1.8509 0.0505