Car -1 -1 5.1867 485.4050 176.0762 558.8851 210.4960 1.3753 1.5980 3.7405 -3.2728 1.1581 30.7338 5.0764 0.9237
Car -1 -1 2.0501 325.9249 179.3101 392.2693 207.8591 1.4350 1.6242 4.1485 -12.7700 1.3243 38.2813 1.7251 0.7248
Car -1 -1 4.7996 574.0809 170.5381 602.6824 191.7935 1.4352 1.6671 4.2976 -0.8060 0.6942 50.7040 4.7789 0.5561
Car -1 -1 3.2751 0.0000 151.3697 91.8459 189.5359 1.5019 1.5406 3.5029 -23.3281 0.3157 29.8181 2.6108 0.4987
Car -1 -1 -0.0658 0.0000 168.1196 115.8549 206.4307 1.5892 1.5995 4.1734 -24.0438 1.0336 31.7685 -0.7146 0.3443
Car -1 -1 -0.3271 317.7748 159.0438 393.9948 183.6137 1.4992 1.6592 4.2946 -15.5542 0.1282 45.7993 -0.6575 0.3429
Car -1 -1 4.8338 384.6256 170.4989 410.4187 190.4843 1.6684 1.6735 4.1124 -17.5069 0.7490 62.1280 4.5554 0.3075
Car -1 -1 4.9416 0.0000 161.9416 46.5842 193.1084 1.6431 1.6645 3.9357 -32.3736 0.6113 40.0036 4.2596 0.2479
Car -1 -1 0.1629 71.2805 159.3915 160.3782 186.7917 1.5533 1.5770 4.1495 -28.4394 0.2993 42.3054 -0.4308 0.2250
Car -1 -1 4.7983 604.8813 169.1336 627.9324 189.2682 1.6285 1.6159 3.9175 1.3708 0.6273 60.1318 4.8161 0.1411
Car -1 -1 4.8787 377.4088 173.3242 430.0846 209.8114 1.4714 1.5746 3.8677 -8.4047 1.1412 30.9708 4.6108 0.1292
Car -1 -1 1.4413 467.5155 183.8437 503.0531 210.1317 1.4886 1.5987 3.9015 -6.9542 1.6354 43.1468 1.2773 0.0991
Car -1 -1 4.8698 76.0798 156.1928 122.4682 184.1557 1.5791 1.6562 4.0220 -29.7420 0.1493 42.7348 4.2599 0.0922
Car -1 -1 4.7503 0.0000 170.7680 49.2687 207.3763 1.5263 1.6025 3.8896 -25.5931 1.0784 31.9890 4.0746 0.0858
Car -1 -1 0.4499 483.2206 184.0767 561.8833 210.9476 1.4905 1.6826 4.2183 -4.5050 1.6445 41.6236 0.3377 0.0849
Car -1 -1 0.6823 551.1031 178.1456 625.7192 205.3470 1.4629 1.6451 4.0780 -0.7070 1.2818 40.5321 0.6600 0.0771
Car -1 -1 3.1654 439.0533 184.9161 503.4924 211.6281 1.5100 1.6367 3.6357 -7.5155 1.7141 41.9779 2.9841 0.0754
Car -1 -1 1.5042 533.9607 184.1821 569.7180 214.3709 1.4871 1.6000 3.8666 -2.5976 1.6351 37.7704 1.4308 0.0744
Car -1 -1 5.1476 478.6759 184.3532 530.0289 210.8766 1.4938 1.6064 3.7813 -5.6843 1.6717 42.9373 5.0117 0.0728
Car -1 -1 0.1421 482.0561 186.7788 565.9369 216.8857 1.4811 1.6861 4.0515 -3.8433 1.7559 36.5656 0.0329 0.0687
Car -1 -1 4.5931 560.7435 172.4006 591.8333 193.4268 1.4245 1.6703 4.3947 -1.7542 0.8072 50.9689 4.5540 0.0679
Car -1 -1 0.5013 365.2323 171.0251 418.7465 189.2599 1.5177 1.5954 4.1006 -17.6858 0.6448 61.0051 0.2154 0.0661
Car -1 -1 1.2881 476.8544 184.8065 523.5674 212.2337 1.4537 1.6552 3.6028 -5.6946 1.6486 40.5307 1.1442 0.0651
Car -1 -1 3.8432 21.6291 163.0812 140.4582 200.2108 1.5687 1.6763 4.0843 -22.6016 0.7900 31.3394 3.2175 0.0645
Car -1 -1 5.3045 81.6332 154.4154 160.4111 184.7252 1.7144 1.7567 4.3883 -28.4612 0.1817 42.8293 4.7161 0.0633
Car -1 -1 4.1709 429.0134 184.9564 488.6442 211.4886 1.4595 1.6355 3.8976 -8.3175 1.6705 42.0200 3.9715 0.0604
Car -1 -1 3.9006 0.0000 162.1988 72.0987 191.9485 1.5910 1.6647 4.1766 -31.6227 0.5581 39.4164 3.2230 0.0596
Car -1 -1 1.9873 309.6313 177.7726 375.3740 209.6280 1.5385 1.6410 4.1328 -13.1241 1.3579 36.8120 1.6420 0.0567
Car -1 -1 1.4112 534.5980 181.2248 571.5388 207.0113 1.4624 1.5786 3.8886 -2.8642 1.4461 42.8109 1.3398 0.0566
Car -1 -1 -0.2073 299.1476 162.9046 372.3779 187.8891 1.4998 1.6253 4.0442 -16.5163 0.3828 44.8880 -0.5628 0.0561
Car -1 -1 -0.1624 553.2351 182.6002 637.1053 212.3036 1.4555 1.6466 4.0367 -0.2916 1.5125 36.4485 -0.1755 0.0549
Car -1 -1 5.3007 338.0817 156.7957 399.0239 182.1415 1.5736 1.7310 4.2315 -15.0503 0.0391 46.8694 4.9869 0.0543
Car -1 -1 4.9785 105.2857 179.1287 170.9564 214.7970 1.5193 1.6380 3.4874 -20.8322 1.4178 32.5075 4.4072 0.0541
Car -1 -1 3.8093 78.7546 156.8107 168.8301 184.8946 1.6588 1.7178 4.4266 -28.7943 0.1998 43.4633 3.2222 0.0531
Car -1 -1 3.8437 35.8759 171.4239 147.4449 207.1351 1.5555 1.6729 3.9457 -22.8180 1.1161 32.2923 3.2274 0.0529
Car -1 -1 5.0677 111.3364 167.7724 170.7221 195.5980 1.5682 1.6428 4.1216 -27.1968 0.7938 42.6712 4.4981 0.0520
Car -1 -1 3.3614 309.6076 179.1672 397.0855 207.3716 1.4524 1.6301 4.1247 -13.0166 1.3317 38.0334 3.0288 0.0516
Car -1 -1 4.9843 355.1329 169.7455 419.9789 208.1147 1.4803 1.5889 3.8567 -8.6984 1.0263 29.6537 4.6964 0.0512
Car -1 -1 1.4542 470.2936 183.5914 509.4377 212.4980 1.4692 1.6163 4.0821 -6.0495 1.5885 39.0087 1.2962 0.0504