Car -1 -1 4.4745 683.6290 180.1671 810.4026 266.6331 1.5316 1.6688 4.0128 2.7217 1.7064 15.1851 4.6474 0.9571
Car -1 -1 0.3640 326.0656 187.6275 480.3794 239.3408 1.4620 1.6355 4.2130 -6.2184 1.9326 21.9783 0.0908 0.6396
Car -1 -1 0.8882 680.2477 178.7453 742.5526 205.9982 1.4188 1.5407 3.5622 5.6422 1.7637 40.3183 1.0258 0.5396
Car -1 -1 1.4383 612.5216 175.0671 640.8645 197.3791 1.5588 1.5866 3.7409 1.2176 1.7265 52.7418 1.4608 0.5078
Car -1 -1 0.3698 259.6340 183.4286 462.2222 247.3577 1.3769 1.4822 4.1687 -5.6491 1.6332 16.6555 0.0471 0.4931
Car -1 -1 3.5049 391.7665 176.1770 484.6768 212.5200 1.5272 1.6201 3.6127 -7.4565 1.6774 31.5536 3.2743 0.4281
Car -1 -1 3.4132 398.0883 180.3909 494.2862 212.0413 1.4113 1.6073 4.0747 -7.5414 1.7708 33.5124 3.1931 0.3386
Car -1 -1 4.9838 432.6168 176.7847 491.7213 211.9438 1.4606 1.6273 3.8015 -6.5366 1.6476 32.3677 4.7857 0.3176
Car -1 -1 1.7201 494.9274 181.8813 527.3425 205.3385 1.4759 1.5857 4.1060 -6.6453 2.1154 49.0519 1.5857 0.2973
Car -1 -1 4.9629 294.3783 169.5746 358.8283 208.3539 1.3947 1.5000 3.3707 -10.7890 1.2768 27.7126 4.5946 0.2869
Car -1 -1 3.3262 423.8507 168.3776 512.3663 203.2218 1.6871 1.7109 4.0632 -6.9660 1.4704 35.8054 3.1350 0.2813
Car -1 -1 0.3451 265.6215 179.3373 425.9803 235.5976 1.4196 1.5387 3.6951 -6.9186 1.5987 19.1589 0.0025 0.2609
Car -1 -1 5.0789 267.8810 173.8426 310.8519 195.4415 1.5284 1.6316 3.8061 -23.5399 1.6039 53.1761 4.6638 0.1789
Car -1 -1 3.5394 191.1240 180.4266 387.9189 247.1483 1.4440 1.5060 3.8472 -7.2404 1.6259 16.5606 3.1327 0.1760
Car -1 -1 0.6193 260.0347 172.6760 323.1552 194.9340 1.5682 1.6341 3.9537 -22.9162 1.5557 52.0415 0.2062 0.1758
Car -1 -1 1.6653 599.2713 176.3537 622.0366 195.0156 1.5340 1.5916 3.9844 0.1244 1.8454 62.1426 1.6669 0.1721
Car -1 -1 5.0415 186.2238 173.4093 408.4171 299.4779 1.4140 1.5976 3.7851 -4.0468 1.4233 10.0372 4.6667 0.1601
Car -1 -1 4.6401 437.5417 163.2812 465.1807 187.6377 1.7764 1.7587 4.1501 -12.0623 1.0782 54.8638 4.4245 0.1598
Car -1 -1 0.4880 0.0000 155.5519 374.8286 285.9279 1.4930 1.6301 4.1672 -5.3155 1.2949 9.1335 -0.0268 0.1556
Car -1 -1 4.9572 330.6291 174.9664 453.7469 254.9872 1.4241 1.4868 3.9016 -4.3263 1.4736 14.9197 4.6791 0.1489
Car -1 -1 5.0471 338.2806 176.0258 379.1663 196.8805 1.4377 1.5732 3.9821 -18.1397 1.6766 52.3415 4.7148 0.1466
Car -1 -1 3.8538 460.7479 182.6229 522.8115 205.7950 1.4464 1.6912 3.9541 -7.8932 2.1237 48.2727 3.6921 0.1447
Car -1 -1 1.5782 414.4271 183.9534 472.4614 237.6430 1.4793 1.6419 4.0489 -5.2489 1.8651 22.9242 1.3550 0.1426
Car -1 -1 4.4494 705.7723 167.5310 735.5298 186.7682 1.7042 1.6565 4.1892 10.1353 1.2327 66.0950 4.6006 0.1262
Car -1 -1 4.4495 405.5855 169.4812 438.8583 190.9742 1.6753 1.6309 3.9695 -15.1852 1.4124 58.3691 4.1958 0.1216
Car -1 -1 4.3581 429.2925 179.3278 491.2460 213.8543 1.5048 1.6309 3.9052 -7.1530 1.8314 34.3174 4.1537 0.1189
Car -1 -1 1.5174 485.4202 187.3203 517.4476 215.7326 1.4895 1.6348 4.0234 -6.3541 2.3770 42.1344 1.3681 0.1179
Car -1 -1 4.7655 262.6552 174.7135 305.9801 209.8268 1.4745 1.5729 3.6144 -14.5805 1.5633 32.4774 4.3464 0.1092
Car -1 -1 3.4199 449.8476 190.5332 521.6517 217.7735 1.4681 1.6481 3.7350 -7.0456 2.5036 41.2384 3.2512 0.1026
Car -1 -1 1.6374 521.1727 180.1988 540.8583 197.9367 1.5475 1.5409 4.0616 -7.2342 2.2476 66.7151 1.5294 0.1011
Car -1 -1 1.8086 249.5286 180.7833 367.3246 256.4573 1.4401 1.5543 3.6783 -6.5481 1.6379 16.0676 1.4269 0.0990
Car -1 -1 1.7949 483.8968 183.3819 522.6726 207.9131 1.4858 1.6903 3.9151 -6.9386 2.2076 47.4523 1.6501 0.0883
Car -1 -1 4.1109 264.2600 171.8562 319.4901 194.8725 1.5661 1.5829 3.9916 -22.3904 1.4982 50.8209 3.6976 0.0808
Car -1 -1 1.6217 611.5359 173.3510 638.6634 198.5160 1.6733 1.6769 4.1477 1.1187 1.7093 50.1894 1.6434 0.0788
Car -1 -1 3.1834 681.5431 171.6264 733.3240 189.3289 1.4592 1.5930 4.2500 8.2396 1.3581 60.6338 3.3175 0.0753
Car -1 -1 -0.4891 694.8391 174.3836 754.0522 195.7669 1.5162 1.5829 4.0025 8.3975 1.6311 52.7643 -0.3325 0.0748
Car -1 -1 4.5321 498.3366 176.5360 528.0073 197.4981 1.5470 1.6014 3.9671 -7.5322 1.8443 56.1325 4.3990 0.0738
Car -1 -1 2.0469 355.3645 186.1554 465.5106 240.2746 1.5028 1.6661 4.2231 -6.3077 1.9751 23.3779 1.7856 0.0708
Car -1 -1 4.0339 346.5774 183.6365 459.6857 230.9193 1.4555 1.6340 3.9403 -7.1424 1.8536 24.8369 3.7562 0.0705
Car -1 -1 4.9771 333.6072 171.4510 431.6320 228.9423 1.4530 1.6144 3.9455 -6.2279 1.4176 20.2324 4.6817 0.0696
Car -1 -1 3.8077 311.8842 176.3314 372.6482 197.2106 1.4544 1.6296 3.9549 -19.2949 1.7121 52.1040 3.4544 0.0649
Car -1 -1 0.4134 496.2301 182.2835 540.8810 199.5553 1.5068 1.6045 3.6980 -8.2732 2.3817 65.6554 0.2881 0.0634
Car -1 -1 4.1052 667.1777 177.9470 735.3539 205.9118 1.4933 1.6936 4.4023 5.2296 1.8043 41.7240 4.2285 0.0624
Car -1 -1 1.4699 510.5591 181.0673 543.1985 207.8014 1.5888 1.6862 3.9842 -5.3469 2.1402 46.3133 1.3552 0.0622
Car -1 -1 1.6831 484.2244 190.1074 521.1406 218.5397 1.4601 1.6936 3.4071 -6.0119 2.4792 40.8858 1.5374 0.0604
Car -1 -1 0.3994 234.5513 167.9148 361.1592 208.7432 1.4867 1.6259 4.0512 -11.6322 1.3069 27.0927 -0.0028 0.0594
Car -1 -1 1.9844 290.2520 176.4857 423.8925 240.7415 1.4039 1.5843 4.1881 -6.1700 1.5062 18.1653 1.6609 0.0588
Car -1 -1 4.9734 285.5822 173.2465 324.5441 196.0488 1.5596 1.5933 3.9252 -21.6677 1.5888 51.4753 4.5766 0.0587
Car -1 -1 1.6329 458.2484 182.8875 487.3736 207.2525 1.4685 1.6278 3.8934 -8.9033 2.1530 47.1937 1.4470 0.0582
Car -1 -1 4.6795 710.6991 171.9469 755.9323 214.8245 1.5157 1.5595 3.6023 4.6393 1.4836 27.3937 4.8450 0.0580
Car -1 -1 1.6870 517.5047 181.9010 540.4541 199.5492 1.4853 1.5755 4.1999 -7.2243 2.3265 64.9870 1.5764 0.0579
Car -1 -1 1.5970 513.2995 182.2459 538.7026 206.0474 1.5063 1.6185 4.0650 -5.6854 2.1767 49.4126 1.4826 0.0557
Car -1 -1 1.7294 339.6656 175.3521 372.9574 197.5686 1.4860 1.5685 4.1835 -17.8328 1.6700 50.9526 1.3941 0.0556
Car -1 -1 0.1286 404.4272 176.3237 501.3329 210.6201 1.4861 1.6532 4.0779 -6.9813 1.6469 32.4565 -0.0820 0.0553
Car -1 -1 1.6403 375.0732 184.6049 440.7678 241.1216 1.4643 1.5996 4.1584 -5.9929 1.8551 21.8025 1.3746 0.0552
Car -1 -1 0.5504 176.8696 171.6543 422.7229 253.9169 1.4941 1.6450 4.2350 -6.0338 1.4723 14.2466 0.1560 0.0541
Car -1 -1 4.3890 684.4966 170.9297 717.7590 188.2374 1.4276 1.6034 4.0751 7.7841 1.2689 61.6712 4.5137 0.0528
Car -1 -1 1.6752 703.0417 172.0786 758.0477 217.3130 1.4659 1.5301 3.7106 4.3152 1.4408 25.3752 1.8412 0.0516
Car -1 -1 -0.4849 701.8345 178.2223 779.3019 205.9528 1.4740 1.6179 3.9547 7.2993 1.7837 40.2525 -0.3073 0.0513
Car -1 -1 2.1748 522.5784 180.6852 561.0267 198.2019 1.5144 1.5086 4.0138 -6.1981 2.2580 66.3957 2.0817 0.0513
Car -1 -1 3.2904 333.1901 185.6301 473.5229 234.7458 1.4692 1.6360 4.1358 -6.5274 1.8989 23.2031 3.0185 0.0511
Car -1 -1 0.1782 597.3056 174.7635 652.8730 197.1324 1.5829 1.5710 3.8169 1.1430 1.7246 52.4023 0.1995 0.0509
Car -1 -1 4.8575 418.9737 175.5708 467.6731 212.9393 1.5199 1.5826 3.3551 -7.1604 1.6444 31.3332 4.6342 0.0501