Car -1 -1 4.8299 511.3563 179.0056 560.1593 217.9208 1.5087 1.5977 3.9440 -3.0624 1.7864 30.5872 4.7304 0.9361
Car -1 -1 4.5064 703.3366 179.2294 865.1390 293.5165 1.5063 1.6515 4.3026 2.6407 1.6305 11.9063 4.7183 0.9213
Car -1 -1 4.6035 666.7383 177.4044 732.9427 227.4743 1.4426 1.6535 4.1076 2.8113 1.6020 23.2242 4.7217 0.8725
Car -1 -1 4.5853 689.9808 178.8100 779.5731 248.8082 1.4666 1.6246 3.7355 2.8907 1.6253 17.3348 4.7469 0.8710
Car -1 -1 4.3557 784.7229 106.9490 1242.0000 375.0000 1.9146 1.6914 4.4729 2.8336 1.5433 6.3376 4.7578 0.8235
Car -1 -1 4.6337 645.1432 176.6342 678.6768 205.5748 1.4999 1.5585 3.5035 2.8335 1.7166 39.6125 4.7040 0.7030
Car -1 -1 4.6671 631.4308 174.6390 657.1671 197.6821 1.5289 1.6079 3.8116 2.3769 1.6575 50.0748 4.7138 0.3603
Car -1 -1 4.8676 659.7522 180.7512 709.9266 216.5560 1.4110 1.5855 3.9430 3.3429 1.7785 31.4732 4.9718 0.2897
Car -1 -1 4.7141 623.4527 186.6868 870.0228 375.0000 1.6850 1.6398 3.7669 1.2267 1.8524 6.7397 4.8842 0.2451
Car -1 -1 4.6509 714.6694 170.2896 741.7820 192.8106 1.4986 1.6041 4.0505 8.2013 1.3279 50.1065 4.8119 0.2092
Car -1 -1 -0.7556 878.2537 87.8298 1242.0000 375.0000 1.6340 1.6487 4.1070 4.1463 1.1829 4.8007 -0.0730 0.1801
Car -1 -1 0.0717 504.8764 171.2336 561.3060 189.3633 1.4204 1.5834 4.3602 -6.0486 1.2934 57.3916 -0.0331 0.1711
Car -1 -1 4.5875 764.6372 181.7637 805.6359 214.5454 1.5162 1.5410 3.7342 8.7945 1.9893 36.3677 4.8223 0.1444
Car -1 -1 4.6809 634.1669 162.5190 656.7623 182.7038 1.5126 1.6284 3.8058 2.7560 0.7381 55.9864 4.7297 0.1343
Car -1 -1 4.9147 619.0427 170.4093 645.0936 189.4172 1.6624 1.6272 3.7629 2.0612 1.4486 65.1241 4.9459 0.1274
Car -1 -1 4.4573 748.8867 174.2342 794.4976 203.0451 1.4864 1.5348 3.6695 8.7664 1.5651 39.2669 4.6749 0.1199
Car -1 -1 4.6173 676.7071 168.7080 698.9630 186.7630 1.5407 1.5906 3.7765 6.8559 1.1869 63.4672 4.7242 0.1183
Car -1 -1 2.8758 725.4910 175.5955 807.4074 203.9025 1.4631 1.5198 3.9921 8.2977 1.6121 38.3309 3.0869 0.1086
Car -1 -1 3.3251 599.6716 174.9214 659.0392 197.6033 1.4982 1.5866 3.8086 1.3612 1.6421 49.0463 3.3523 0.1024
Car -1 -1 4.7612 1054.6781 63.8903 1237.3987 220.1006 1.4998 1.5041 3.3465 6.4842 0.4536 8.7045 5.3861 0.1003
Car -1 -1 -0.1885 628.7990 176.1195 704.0562 205.5403 1.5594 1.5996 3.8722 3.0813 1.7426 39.4780 -0.1117 0.0775
Car -1 -1 1.5920 484.3795 187.6270 520.4042 221.3825 1.4778 1.6626 4.3180 -5.2641 2.2568 35.7997 1.4465 0.0774
Car -1 -1 4.7038 528.3379 169.3037 550.0041 189.9681 1.6090 1.6817 4.2381 -5.7120 1.3325 58.3761 4.6064 0.0765
Car -1 -1 5.1037 500.1095 169.7777 532.8297 189.5824 1.8268 1.7121 3.9436 -8.8231 1.5431 68.6834 4.9762 0.0758
Car -1 -1 3.0707 847.2598 119.9446 1031.7076 184.8998 1.5554 1.6396 4.1964 8.4112 0.2884 18.7585 3.4866 0.0721
Car -1 -1 -0.4046 748.0369 181.2040 833.9955 215.5600 1.6133 1.4955 3.8137 8.8858 2.0355 35.4354 -0.1615 0.0694
Car -1 -1 4.6176 693.8511 170.6233 715.5838 187.1746 1.4883 1.6230 3.9845 8.7927 1.2877 66.9013 4.7474 0.0684
Car -1 -1 -0.1280 753.8452 179.1101 830.6913 208.2107 1.4735 1.6308 3.7420 9.5686 1.8119 38.0036 0.1163 0.0682
Car -1 -1 2.9166 683.6062 171.1239 733.5889 187.3960 1.4631 1.6005 4.2702 9.0198 1.3076 65.8662 3.0519 0.0662
Car -1 -1 -0.4488 709.5422 173.1553 785.1567 200.3386 1.4754 1.5803 3.8614 7.7116 1.4928 40.4539 -0.2622 0.0623
Car -1 -1 1.3726 665.7602 168.6472 691.8922 186.2919 1.5565 1.5935 4.0842 6.2779 1.1854 65.7635 1.4671 0.0608
Car -1 -1 1.0164 744.0275 181.8755 813.6382 215.4087 1.4940 1.5550 3.7616 8.2006 1.9604 35.2701 1.2424 0.0597
Car -1 -1 4.0081 469.3133 174.6744 513.2511 192.1648 1.5130 1.6465 4.0730 -10.6377 1.6813 64.7660 3.8456 0.0569
Car -1 -1 4.6965 727.8662 167.7932 768.9446 206.1251 1.4760 1.5610 3.6861 5.6812 1.2812 29.7330 4.8830 0.0567
Car -1 -1 4.6969 511.3132 171.3744 532.5150 192.1751 1.6237 1.6409 4.2215 -7.1383 1.5082 58.5266 4.5758 0.0555
Car -1 -1 4.6093 707.9086 168.4016 743.4742 195.7560 1.4926 1.6192 3.7936 6.6010 1.2497 41.3090 4.7663 0.0544
Car -1 -1 3.0353 715.5061 171.5040 775.6286 195.8071 1.4979 1.5515 3.5691 8.5168 1.4147 45.3840 3.2193 0.0529
Car -1 -1 2.8234 754.0067 169.7125 871.2898 208.6079 1.4783 1.6332 4.1294 7.9187 1.3589 28.3402 3.0927 0.0529
Car -1 -1 2.3848 709.8957 168.7929 766.2387 191.9201 1.5179 1.5757 3.6985 8.7465 1.2514 49.0310 2.5600 0.0528
Car -1 -1 4.6335 750.5223 169.5078 780.1622 193.6091 1.4983 1.5748 3.8384 10.0764 1.2903 46.8615 4.8436 0.0526
Car -1 -1 -0.4360 660.2496 174.1337 759.4891 209.7714 1.4906 1.5534 4.0281 4.3849 1.5491 31.6134 -0.3000 0.0516
Car -1 -1 1.5350 720.3513 173.7650 753.6592 203.9648 1.4798 1.5538 4.0055 6.5882 1.5299 37.5720 1.7068 0.0512
Car -1 -1 4.2315 841.4250 113.3692 978.3720 178.7296 1.5473 1.6814 3.9472 7.7839 0.1391 19.1288 4.6129 0.0505
Car -1 -1 1.4006 660.7368 179.5814 716.0520 218.9318 1.4553 1.5921 3.8473 3.1330 1.7471 29.3303 1.5053 0.0503