Car -1 -1 4.8689 504.4900 181.6046 587.5837 238.1411 1.3756 1.6511 4.5190 -1.6863 1.6534 20.5876 4.7874 0.9208
Car -1 -1 4.2185 862.1530 177.2205 1242.0000 375.0000 1.3973 1.6219 4.2069 3.4741 1.4446 5.6725 4.7444 0.9002
Car -1 -1 4.7958 552.4467 178.3483 601.0834 216.3132 1.4011 1.6312 4.0613 -1.2638 1.6398 29.2869 4.7525 0.8716
Car -1 -1 4.6764 693.9615 171.6673 731.1234 205.3884 1.4831 1.5730 3.6759 4.7526 1.4309 33.6430 4.8151 0.5604
Car -1 -1 4.8428 675.2953 174.1470 704.5276 195.9309 1.4694 1.5870 3.6617 5.6973 1.5641 50.8715 4.9533 0.4154
Car -1 -1 4.8341 536.5081 168.8658 572.4745 195.8269 1.4507 1.5660 3.8570 -3.0659 1.2361 40.7880 4.7592 0.1792
Car -1 -1 4.4352 716.9298 153.3811 828.3770 234.0951 1.7063 1.6080 3.6444 3.7345 1.2946 17.1247 4.6457 0.1677
Car -1 -1 1.8166 663.3244 170.3219 703.4528 196.5475 1.6802 1.6963 4.2715 5.0127 1.5179 48.5225 1.9185 0.1428
Car -1 -1 4.5754 735.8581 128.7780 858.9129 235.2971 1.8488 1.7761 4.5405 3.6710 1.0838 14.8712 4.8124 0.1355
Car -1 -1 -0.0746 813.3792 139.9002 925.5002 181.0297 1.5677 1.6273 4.0957 10.2787 0.3116 28.8231 0.2647 0.1000
Car -1 -1 1.4461 709.0233 171.4272 782.1801 227.0309 1.4939 1.6313 3.8797 3.9281 1.4556 21.3665 1.6248 0.0996
Car -1 -1 4.4970 826.3007 141.8017 887.8431 181.1998 1.5174 1.6139 3.7677 10.1220 0.3214 29.7509 4.8219 0.0942
Car -1 -1 3.8910 513.5709 168.4826 582.1895 195.4400 1.4406 1.5637 3.7647 -3.4738 1.2070 40.3347 3.8053 0.0821
Car -1 -1 1.8413 571.3256 170.0451 607.7441 193.1571 1.6192 1.6379 4.0374 -1.4183 1.4224 52.7059 1.8141 0.0818
Car -1 -1 -0.7170 940.4267 166.0147 1158.8739 249.0845 1.5214 1.5511 3.5722 8.6562 1.3961 14.3010 -0.1823 0.0817
Car -1 -1 4.8233 568.4197 173.6866 598.7584 196.9713 1.5314 1.6533 3.9858 -1.7467 1.5911 49.6519 4.7879 0.0792
Car -1 -1 -0.4521 669.7416 170.7657 764.1442 205.0082 1.5319 1.6359 4.0500 4.9998 1.4384 33.6690 -0.3064 0.0760
Car -1 -1 1.5562 677.9906 172.4519 704.7871 198.7281 1.6385 1.6635 4.0549 5.3053 1.6134 47.0901 1.6672 0.0737
Car -1 -1 1.4784 683.7881 173.7076 714.5026 198.2673 1.5576 1.6420 4.1727 5.9167 1.6169 48.0157 1.5998 0.0718
Car -1 -1 4.7303 641.7500 143.7388 733.9948 239.5886 1.9148 1.8470 4.6670 1.8614 1.3332 16.8451 4.8377 0.0711
Car -1 -1 1.2770 669.9716 177.6045 704.9614 198.6173 1.5300 1.5954 3.9595 5.9575 1.9097 55.5785 1.3828 0.0691
Car -1 -1 4.3581 693.8617 158.8279 732.3663 182.3724 1.8663 1.7620 4.2745 8.4844 0.7545 59.4703 4.4989 0.0679
Car -1 -1 4.6695 711.0414 204.8602 1010.6418 375.0000 1.4510 1.6053 4.0492 1.8616 1.8148 6.0419 4.9527 0.0677
Car -1 -1 -0.3250 745.4529 139.5427 931.8042 203.2446 1.4982 1.6322 4.0824 5.5662 0.7148 17.8418 -0.0274 0.0644
Car -1 -1 1.7098 719.5014 178.2621 750.8547 201.5770 1.4715 1.5563 3.9183 8.4996 1.8516 48.6177 1.8814 0.0604
Car -1 -1 1.9985 516.9826 165.3208 575.4358 195.5736 1.5470 1.6405 3.9852 -3.3635 1.1618 39.0485 1.9128 0.0589
Car -1 -1 1.7407 664.0798 195.1461 721.1974 237.6741 1.4144 1.6358 3.4038 3.2581 2.3313 27.8135 1.8552 0.0589
Car -1 -1 4.2874 505.8833 169.7966 564.6848 196.3167 1.4362 1.6679 4.4479 -4.3245 1.2706 41.4159 4.1836 0.0580
Car -1 -1 1.6702 588.9034 182.9654 625.5887 211.9982 1.4847 1.6475 4.2711 -0.0783 2.0851 40.6389 1.6677 0.0576
Car -1 -1 5.2960 537.9659 168.7769 603.6255 196.5023 1.5029 1.6535 4.3138 -2.1581 1.2819 41.3912 5.2439 0.0542
Car -1 -1 1.7327 459.4108 176.2706 519.1469 218.4961 1.4570 1.6039 3.8373 -4.4425 1.5945 27.1259 1.5714 0.0521
Car -1 -1 4.3355 707.7851 159.4128 748.0770 182.6786 1.7431 1.7350 4.0163 9.1714 0.7361 56.2065 4.4962 0.0514
Car -1 -1 4.6762 664.8511 173.9622 689.6559 195.7979 1.4856 1.6073 3.9895 4.7812 1.5676 51.3344 4.7681 0.0502
Car -1 -1 0.6513 1123.4314 161.8548 1242.0000 375.0000 1.5135 1.5878 3.3798 6.8978 1.4387 6.6868 1.4300 0.0501