Car -1 -1 2.0882 94.9411 197.9613 240.9830 261.6999 1.4629 1.6708 4.0461 -12.1592 2.2368 20.2042 1.5520 0.9567
Car -1 -1 4.6761 572.8326 179.3958 611.0690 213.6600 1.5043 1.6759 4.2268 -0.9005 1.8382 34.6643 4.6497 0.8439
Car -1 -1 1.6999 194.5046 183.0908 240.3939 216.4854 1.6528 1.6524 4.2405 -21.3285 2.2437 39.3805 1.2061 0.2688
Car -1 -1 1.6049 230.1815 189.9901 263.0425 218.8904 1.5422 1.6099 3.7761 -21.5776 2.6119 42.9892 1.1419 0.1430
Car -1 -1 1.6156 194.0421 204.4069 242.7441 241.4989 1.4083 1.7724 3.6431 -17.7497 2.9341 32.8669 1.1234 0.1261
Car -1 -1 1.8958 183.9179 188.4028 243.2817 219.4073 1.5570 1.6787 4.1488 -22.1997 2.4795 40.6174 1.3981 0.1171
Car -1 -1 1.4608 204.7817 190.2825 245.0997 219.0532 1.4962 1.6574 4.0198 -22.5428 2.5675 42.2273 0.9728 0.1032
Car -1 -1 4.9134 509.4084 170.3712 542.1801 193.9892 1.6867 1.6986 3.7285 -6.1659 1.5094 53.4610 4.7988 0.0946
Car -1 -1 1.6453 223.0564 186.5892 262.8508 217.5831 1.5369 1.6459 4.2005 -20.2788 2.3420 40.0344 1.1788 0.0920
Car -1 -1 1.6347 185.3991 203.0683 244.6662 250.2764 1.4659 1.6935 3.5324 -14.6117 2.6731 26.8700 1.1404 0.0829
Car -1 -1 3.4232 493.4537 172.9242 551.2075 192.9161 1.4987 1.6484 4.0924 -6.6588 1.5041 55.2399 3.3035 0.0793
Car -1 -1 1.4813 232.3671 203.4653 281.7082 240.9455 1.4560 1.7284 3.9464 -16.4856 2.9745 33.6555 1.0285 0.0753
Car -1 -1 1.4575 195.6900 202.4141 253.8799 243.9394 1.4407 1.7155 4.0205 -16.1668 2.7669 30.2277 0.9697 0.0655
Car -1 -1 5.3855 233.0412 191.7962 301.7952 219.9937 1.4937 1.6693 3.8412 -20.3352 2.6780 43.0529 4.9463 0.0606
Car -1 -1 3.8095 166.0661 183.7554 240.6107 208.9228 1.4687 1.5655 3.8270 -24.8099 2.1514 44.1111 3.2994 0.0601
Car -1 -1 1.6458 151.3894 176.9348 188.3302 204.4061 1.5169 1.5727 3.6588 -25.7988 1.7680 42.4188 1.1019 0.0598
Car -1 -1 3.5625 232.0493 192.3307 309.9984 219.1934 1.4663 1.6919 3.6921 -19.4359 2.6108 41.5251 3.1268 0.0589
Car -1 -1 1.4824 202.2200 193.7573 250.2374 229.7803 1.4921 1.6827 4.1693 -18.4546 2.5601 34.6558 0.9959 0.0555
Car -1 -1 -0.2455 196.9407 188.1478 412.6013 264.7280 1.4732 1.6306 4.3052 -6.9137 1.8658 16.5869 -0.6353 0.0550
Car -1 -1 1.8461 176.7750 204.2552 244.2229 242.8554 1.4116 1.7051 3.2571 -17.0927 2.8405 31.0555 1.3462 0.0541
Car -1 -1 4.5016 498.8456 164.1242 527.4949 183.5879 1.7186 1.7436 4.2642 -8.8524 0.9478 66.0117 4.3686 0.0508