Car -1 -1 1.8004 767.4189 175.6695 819.0475 208.0725 1.4790 1.6128 3.9036 9.0611 1.6254 35.4038 2.0485 0.8742
Car -1 -1 4.7217 884.8064 176.5965 979.7116 254.3728 1.4414 1.6729 4.2477 7.0774 1.5355 15.8712 5.1336 0.8006
Car -1 -1 1.5812 820.0309 176.8238 845.9526 199.9655 1.5372 1.6818 4.4733 15.8502 1.8317 51.1348 1.8798 0.4342
Car -1 -1 4.6724 885.3002 201.6723 997.6160 307.5425 1.4208 1.5547 3.3707 5.6398 1.9958 12.5446 5.0850 0.1328
Car -1 -1 4.4168 788.9074 168.6711 819.4791 186.7144 1.5778 1.6175 3.7975 17.4999 1.2121 65.0218 4.6783 0.1315
Car -1 -1 4.6064 901.6168 184.6236 979.6125 244.4389 1.4575 1.5924 3.5135 9.1889 1.8192 20.2530 5.0261 0.1183
Car -1 -1 1.4028 935.4872 182.8441 983.9703 214.2723 1.4570 1.5875 3.8440 17.8041 1.9955 36.8291 1.8494 0.0998
Car -1 -1 1.6240 866.2375 184.3443 913.7046 223.7095 1.4786 1.6701 4.2270 11.9823 2.0036 30.6978 1.9922 0.0986
Car -1 -1 2.9897 959.4806 184.4457 1060.7847 216.9999 1.4692 1.6744 4.0968 19.3863 2.0571 35.1078 3.4901 0.0945
Car -1 -1 1.6674 754.0555 174.4363 781.5499 196.1650 1.4462 1.5112 3.8982 11.0878 1.5614 50.4156 1.8823 0.0935
Car -1 -1 1.5504 943.2610 168.9004 964.2416 186.5522 1.5824 1.6644 3.9767 31.8517 1.2280 66.8371 1.9932 0.0876
Car -1 -1 1.5351 952.8366 179.4566 986.1906 207.3731 1.4721 1.5494 3.7037 20.4100 1.8657 41.0054 1.9936 0.0873
Car -1 -1 4.4043 949.8450 168.3361 985.0878 188.1659 1.5933 1.5645 3.7025 29.6763 1.2303 59.9230 4.8620 0.0789
Car -1 -1 1.8739 826.0282 174.9810 867.5947 197.6306 1.5489 1.6843 4.1519 17.1099 1.7084 51.9298 2.1902 0.0665
Car -1 -1 1.1135 960.6734 184.5439 1036.4452 218.2882 1.4365 1.6637 3.6719 18.1602 2.0153 33.8658 1.6015 0.0633
Car -1 -1 1.6057 817.1356 177.6566 844.2123 201.4246 1.5370 1.6491 4.1051 15.2805 1.8829 49.7606 1.9016 0.0609
Car -1 -1 1.4959 867.9220 184.0750 902.1971 211.3939 1.4668 1.5873 3.8772 16.1914 2.1606 42.5350 1.8567 0.0600
Car -1 -1 1.5190 950.9966 171.6389 977.5576 195.0595 1.6433 1.5377 3.7013 25.8370 1.5580 52.6305 1.9728 0.0574
Car -1 -1 1.2563 950.1644 186.6139 1010.3578 218.5799 1.4299 1.6911 3.2777 18.1824 2.1409 35.5324 1.7253 0.0556
Car -1 -1 3.0913 958.8881 178.5659 1040.3420 207.3966 1.4934 1.6313 3.8428 21.2918 1.8188 39.5488 3.5816 0.0551
Car -1 -1 -0.0303 817.0642 182.9424 891.7505 210.6386 1.4945 1.7180 3.9747 13.9704 2.0922 41.3483 0.2928 0.0547
Car -1 -1 1.4514 872.7239 178.4333 984.0629 259.7321 1.3870 1.5704 3.6849 6.2849 1.5150 14.5701 1.8506 0.0545
Car -1 -1 1.3306 883.5010 183.2531 984.6993 248.3865 1.5151 1.6120 3.6540 8.5629 1.8217 19.3396 1.7410 0.0541
Car -1 -1 -0.1899 895.6934 182.1260 984.3346 214.4870 1.5078 1.6505 3.7222 16.2101 1.9806 35.5599 0.2341 0.0525
Car -1 -1 2.7760 801.6095 176.8260 865.1099 199.6754 1.5377 1.6394 3.8575 15.4274 1.8173 49.8359 3.0741 0.0525
Car -1 -1 -0.2318 882.6111 183.4125 964.1284 210.5783 1.4648 1.6843 3.9625 17.7613 2.0818 40.9903 0.1739 0.0520