Car -1 -1 4.5059 664.3065 177.0963 761.1666 247.6347 1.5363 1.6281 3.6176 2.4288 1.6520 17.8035 4.6383 0.9717
Car -1 -1 5.2290 0.0000 179.0007 319.1746 375.0000 1.5980 1.6711 4.2351 -4.5996 1.6789 7.3547 4.6858 0.9660
Car -1 -1 1.7974 387.2705 184.5835 474.3435 242.1683 1.4692 1.6182 3.9012 -5.1249 1.8450 21.1637 1.5621 0.9486
Car -1 -1 1.6964 480.4469 181.2078 523.1713 212.9021 1.4892 1.6540 4.1872 -5.4815 1.9434 37.1243 1.5504 0.7604
Car -1 -1 3.0057 692.1638 164.9701 762.4811 190.9829 1.4927 1.6380 3.8767 6.8565 1.0403 42.2683 3.1651 0.3218
Car -1 -1 3.7390 979.1058 197.1072 1242.0000 375.0000 1.5262 1.5453 3.4556 2.7386 1.6503 1.9085 4.6303 0.2435
Car -1 -1 4.8036 628.7003 174.6157 653.3632 194.8620 1.5666 1.6555 3.6907 2.5640 1.7132 58.1083 4.8471 0.2406
Car -1 -1 5.0815 502.9619 175.7647 533.9257 194.4057 1.6825 1.6910 3.6125 -8.5150 1.9635 67.6928 4.9565 0.1746
Car -1 -1 4.8808 394.2566 175.2413 442.6201 208.7550 1.4396 1.5376 3.7156 -8.7260 1.5558 33.1857 4.6253 0.1387
Car -1 -1 4.6578 488.5066 175.1289 520.8284 204.0710 1.5354 1.5978 3.6798 -5.9314 1.6694 40.5481 4.5131 0.1372
Car -1 -1 4.6224 604.8923 174.0936 626.9554 192.8411 1.5373 1.5558 3.5651 0.5141 1.6457 61.2498 4.6304 0.1150
Car -1 -1 1.6330 670.7645 175.2921 693.7582 196.5863 1.6412 1.6013 3.9981 5.8931 1.8450 58.1952 1.7330 0.0864
Car -1 -1 4.9913 611.3472 172.5514 639.7240 190.4021 1.5575 1.5981 3.6965 1.4683 1.5311 64.9555 5.0134 0.0848
Car -1 -1 4.4837 663.0741 162.8808 704.9921 190.9270 1.5718 1.6010 3.9168 4.3315 1.0129 42.4831 4.5843 0.0777
Car -1 -1 2.3340 987.3102 185.5297 1242.0000 375.0000 1.4959 1.5935 4.0450 3.8734 1.5611 2.7120 3.2436 0.0773
Car -1 -1 0.9192 485.0929 177.1890 526.0369 194.4837 1.5328 1.6485 4.0393 -9.6738 1.9471 66.9564 0.7760 0.0767
Car -1 -1 4.8318 446.9667 175.2237 481.6362 201.9983 1.5477 1.6002 4.0672 -8.8416 1.6997 44.1683 4.6350 0.0762
Car -1 -1 1.4211 468.1681 199.2345 527.9186 243.6863 1.4183 1.6965 3.8609 -4.3322 2.5042 27.6053 1.2661 0.0679
Car -1 -1 1.5903 665.0792 190.9506 710.4462 234.1558 1.4549 1.6300 3.8156 3.0634 2.2063 27.9640 1.6974 0.0636
Car -1 -1 1.4168 664.0870 165.2328 697.6833 192.4237 1.8390 1.7363 4.1523 4.9867 1.3235 50.9220 1.5136 0.0599
Car -1 -1 4.4783 647.3831 165.4701 689.8377 192.4814 1.5019 1.6110 3.8710 3.3974 1.0913 42.1555 4.5578 0.0574
Car -1 -1 4.6064 702.1060 165.0077 736.8731 191.6339 1.5285 1.6574 3.8757 6.5636 1.0781 43.3926 4.7552 0.0570
Car -1 -1 4.1528 879.6046 188.2657 1242.0000 375.0000 1.5096 1.5513 3.5267 2.5669 1.6182 3.2731 4.7742 0.0561
Car -1 -1 1.4837 471.0258 194.1673 518.0776 233.1707 1.4273 1.6471 3.8205 -4.9474 2.3948 30.7010 1.3246 0.0544
Car -1 -1 4.1068 0.0000 0.0000 1100.2952 375.0000 1.5748 1.6025 3.7267 1.4165 1.6464 1.5540 4.7564 0.0541
Car -1 -1 4.1683 579.4960 175.5237 620.6765 194.7363 1.5462 1.6286 4.0055 -0.8343 1.7791 60.7919 4.1542 0.0538
Car -1 -1 4.5660 749.1465 168.5257 809.7841 211.4085 1.4819 1.6396 3.8299 6.2532 1.3323 26.9077 4.7915 0.0536
Car -1 -1 4.5841 969.2546 155.4481 1242.0000 375.0000 1.5810 1.6275 3.6710 4.0576 1.4802 6.1831 5.1424 0.0535
Car -1 -1 1.5688 475.0517 177.6101 513.1175 215.6888 1.6975 1.7109 4.1170 -5.5806 1.9417 34.8752 1.4108 0.0522
Car -1 -1 1.6581 634.9483 191.9079 684.7670 234.4793 1.4359 1.6112 3.7805 2.0200 2.2310 28.1150 1.7282 0.0515
Car -1 -1 1.0357 327.1120 176.7403 409.7661 213.8566 1.4757 1.6071 3.8919 -10.3855 1.6526 30.9635 0.7143 0.0515
Car -1 -1 -0.4980 460.3910 177.6546 536.9001 204.1998 1.5107 1.6741 4.3074 -6.6906 1.8148 43.7442 -0.6493 0.0508
Car -1 -1 1.6105 673.4888 172.2942 702.0299 197.8872 1.5289 1.6185 4.1322 4.9440 1.4954 45.2661 1.7182 0.0507