Car -1 -1 4.3331 769.9567 163.5903 1238.5105 375.0000 1.5020 1.6911 4.5002 2.7340 1.4496 6.3389 4.7225 0.9620
Car -1 -1 4.6070 664.5862 175.6337 727.0836 222.8341 1.3921 1.6281 3.4112 2.6993 1.4881 23.1947 4.7207 0.9346
Car -1 -1 4.8925 686.0709 164.8590 724.9272 190.9499 1.5378 1.6736 4.1482 5.9974 1.0665 44.7573 5.0246 0.2425
Car -1 -1 4.6561 664.5518 176.8231 710.3706 216.9771 1.4671 1.5881 3.6865 3.0295 1.6348 28.6126 4.7599 0.1936
Car -1 -1 2.4242 0.0000 242.6987 212.4437 375.0000 1.4560 1.5953 3.7008 -3.0649 1.8601 2.3111 1.5546 0.1538
Car -1 -1 4.9242 705.4823 165.7034 746.4820 192.8033 1.5822 1.6525 4.1597 7.2049 1.1647 44.3646 5.0838 0.1396
Car -1 -1 1.6879 0.0000 224.4726 159.7334 375.0000 1.4541 1.5599 3.3073 -5.2414 2.0722 6.8171 1.0508 0.1187
Car -1 -1 4.6319 713.2838 158.2325 739.4581 179.6991 1.6167 1.6987 3.9796 9.0919 0.5155 56.3900 4.7908 0.1181
Car -1 -1 4.6955 633.2098 177.7426 675.1746 218.0887 1.4792 1.5631 3.5351 1.7394 1.6858 28.6886 4.7548 0.1123
Car -1 -1 3.4113 692.1703 157.6537 746.4537 179.5141 1.6389 1.7095 3.8228 8.4658 0.4993 55.6553 3.5613 0.0990
Car -1 -1 4.2004 707.0856 164.7403 763.3259 192.2394 1.5197 1.5914 3.7208 7.2376 1.0713 41.8949 4.3700 0.0957
Car -1 -1 -0.6768 705.4890 165.2843 778.4580 192.2774 1.5473 1.6496 4.1733 7.9191 1.1134 43.0780 -0.4965 0.0883
Car -1 -1 0.7700 0.0000 207.0989 169.9353 375.0000 1.4976 1.6070 4.0026 -4.2089 1.6828 2.7634 -0.1751 0.0851
Car -1 -1 4.6050 0.0000 233.4986 777.2540 375.0000 1.4731 1.6233 3.7809 -1.3879 1.8552 2.5164 4.1409 0.0767
Car -1 -1 1.9071 0.0000 203.2822 248.5175 375.0000 1.4736 1.6041 3.9107 -3.3131 1.7380 4.1631 1.2650 0.0750
Car -1 -1 4.2385 676.6097 161.0327 735.3505 189.1816 1.5712 1.6846 4.2199 5.6159 0.9113 42.5438 4.3686 0.0717
Car -1 -1 -0.4068 654.9787 175.5413 768.0591 216.2569 1.4978 1.6581 4.0260 3.9435 1.6072 28.0532 -0.2692 0.0671
Car -1 -1 1.3271 660.0091 175.1651 730.2576 219.6148 1.4957 1.6186 4.0812 3.0650 1.5878 26.6300 1.4398 0.0641
Car -1 -1 4.4745 718.4329 154.3138 780.2136 195.1951 1.6442 1.7100 3.9528 5.9293 0.8985 31.0371 4.6613 0.0636
Car -1 -1 -0.4929 717.0046 164.8029 795.2746 192.8287 1.5704 1.6553 4.1591 8.4866 1.1192 41.8256 -0.2944 0.0635
Car -1 -1 4.7605 608.4261 207.7714 839.8998 375.0000 1.4576 1.5807 3.8078 1.1547 1.8870 6.8470 4.9182 0.0623
Car -1 -1 3.6065 662.0456 163.1215 741.8339 190.6608 1.5066 1.6577 4.2408 5.2660 0.9742 41.3426 3.7320 0.0585
Car -1 -1 3.0436 0.0000 0.0000 1242.0000 375.0000 1.6000 1.6163 3.7667 4.0331 1.2511 1.4314 4.2106 0.0574
Car -1 -1 1.8872 603.5471 177.8487 681.7540 223.6206 1.5238 1.6354 4.3172 1.3241 1.7256 26.8335 1.9352 0.0574
Car -1 -1 1.9731 0.0000 238.4544 334.1484 375.0000 1.4633 1.6040 3.7729 -2.4676 1.9510 3.3581 1.3752 0.0572
Car -1 -1 3.4252 0.0000 210.4388 960.0153 375.0000 1.5040 1.6166 4.1338 -0.8177 1.7294 3.3953 3.2026 0.0525