Car -1 -1 1.8641 312.9776 196.9943 437.3949 273.2863 1.4570 1.6206 4.2669 -5.4262 2.1065 17.2729 1.5633 0.9534
Car -1 -1 4.7429 640.0608 182.4872 673.5945 214.0787 1.5321 1.6541 3.6653 2.5337 2.0657 38.0578 4.8083 0.8301
Car -1 -1 1.7860 476.2699 190.4711 529.3122 224.6818 1.4980 1.7303 4.3343 -5.2657 2.4339 36.1072 1.6416 0.7794
Car -1 -1 1.7387 498.9729 181.1567 527.0249 202.5321 1.5239 1.5270 3.5816 -7.2818 2.1739 54.6687 1.6065 0.3083
Car -1 -1 1.8340 654.4406 176.4101 694.0691 200.6098 1.5202 1.6101 4.1626 4.3689 1.7688 48.2123 1.9233 0.2663
Car -1 -1 1.7950 391.6325 189.0385 443.3342 223.1983 1.4690 1.5977 3.7675 -9.1815 2.2913 34.7473 1.5381 0.2656
Car -1 -1 3.0792 362.3532 194.1082 442.1674 227.2819 1.4810 1.6516 3.6680 -10.1756 2.5643 35.3861 2.8007 0.1983
Car -1 -1 1.9228 449.6873 180.8866 496.6227 206.9212 1.5674 1.6501 4.2044 -8.8247 2.1154 47.0131 1.7379 0.1800
Car -1 -1 4.0681 702.8253 159.7414 747.3455 180.1420 1.6075 1.6498 3.7739 9.3921 0.5743 58.9068 4.2253 0.1518
Car -1 -1 3.4195 342.7933 189.4389 439.3022 222.5202 1.4611 1.6405 3.9982 -10.1073 2.2520 33.5618 3.1286 0.1408
Car -1 -1 1.9311 374.4889 189.8738 441.0142 225.7210 1.4379 1.6329 3.9129 -9.1113 2.2613 32.8852 1.6624 0.1385
Car -1 -1 4.7236 407.7351 191.7021 441.7974 225.3959 1.5042 1.5788 3.5190 -9.2504 2.5001 36.2293 4.4748 0.1283
Car -1 -1 1.7507 726.8638 156.0385 773.0136 188.3589 1.5656 1.6627 3.8679 7.2574 0.7511 37.0556 1.9424 0.1266
Car -1 -1 1.3188 626.0314 175.6604 660.3513 197.2040 1.4933 1.5819 3.8604 2.4107 1.7059 52.5999 1.3640 0.1056
Car -1 -1 5.0494 479.1891 176.5589 568.9313 228.1506 1.4312 1.5960 3.7256 -2.5400 1.5559 22.2954 4.9367 0.0950
Car -1 -1 5.3801 284.8351 159.6090 602.8329 321.2815 1.4399 1.5644 3.7675 -1.6539 1.3219 8.4584 5.1917 0.0885
Car -1 -1 5.4971 408.2639 188.9507 487.7938 222.6199 1.5228 1.6444 3.9409 -8.1597 2.3895 36.7488 5.2796 0.0757
Car -1 -1 0.2496 450.8847 193.5486 528.0946 223.3764 1.4609 1.6860 3.6784 -6.2409 2.5715 37.7230 0.0861 0.0696
Car -1 -1 -0.5759 474.7077 175.5068 617.6802 229.1702 1.4437 1.6022 4.0064 -1.8252 1.5294 21.4564 -0.6604 0.0693
Car -1 -1 0.9334 666.1526 185.2760 714.0732 206.0262 1.4951 1.6556 4.0515 6.2913 2.5094 56.7495 1.0427 0.0664
Car -1 -1 0.4444 366.2548 188.8956 457.3792 221.8914 1.4724 1.6264 3.8744 -9.4143 2.2639 34.4565 0.1792 0.0654
Car -1 -1 1.1627 632.1930 173.7851 681.8517 199.4052 1.6502 1.7488 4.4208 3.1633 1.7165 49.0225 1.2263 0.0641
Car -1 -1 3.0086 627.5945 180.3928 687.3706 204.4006 1.5123 1.6617 3.6962 3.0929 2.0134 47.0060 3.0734 0.0627
Car -1 -1 4.7216 686.4622 173.5085 735.2158 220.8011 1.5745 1.6190 3.6737 3.6608 1.5999 26.0113 4.8592 0.0614
Car -1 -1 3.3346 428.0056 193.5818 517.4193 226.1143 1.4778 1.7022 3.9759 -6.5385 2.5010 34.7480 3.1494 0.0606
Car -1 -1 1.2519 419.7502 183.5071 465.8540 208.8172 1.4659 1.6600 4.0633 -10.6226 2.1739 45.7822 1.0248 0.0600
Car -1 -1 1.5043 701.1904 160.5993 738.7208 192.0963 1.5384 1.6498 3.8838 5.6464 0.9398 37.2449 1.6533 0.0585
Car -1 -1 1.5596 552.5121 181.0749 574.3269 202.0104 1.5224 1.6352 4.1127 -3.6198 2.1873 56.2418 1.4952 0.0579
Car -1 -1 -0.2069 730.8823 158.4818 821.2303 189.4922 1.5160 1.6459 4.1562 8.2836 0.8134 36.1305 0.0164 0.0578
Car -1 -1 1.9142 640.0573 179.6398 688.4481 206.3422 1.5607 1.7037 4.3027 3.5152 2.0118 45.6583 1.9900 0.0575
Car -1 -1 0.0715 641.4523 176.1835 726.8533 209.7115 1.6513 1.6881 4.2442 3.8499 1.8275 36.9736 0.1738 0.0571
Car -1 -1 1.7629 506.7872 185.2946 535.3525 205.8723 1.5137 1.5588 3.7786 -6.9988 2.5362 57.3628 1.6416 0.0571
Car -1 -1 3.2535 457.2824 192.0915 546.4648 224.4577 1.5138 1.6543 4.2052 -5.2746 2.4900 35.7142 3.1073 0.0571
Car -1 -1 1.9087 395.9955 187.7145 455.5166 222.3314 1.4606 1.5734 3.6890 -8.5860 2.1999 33.9908 1.6626 0.0552
Car -1 -1 1.9990 430.4928 178.7058 483.6049 205.7089 1.5248 1.5858 4.1182 -9.2057 1.8983 43.8722 1.7930 0.0526
Car -1 -1 4.4852 697.5160 162.1395 729.3907 181.6435 1.5561 1.6982 4.2254 8.5578 0.7013 59.7448 4.6266 0.0524
Car -1 -1 3.3033 388.4358 189.5507 472.1795 221.2343 1.4685 1.6150 3.7743 -8.7398 2.3098 35.4028 3.0625 0.0514