Car -1 -1 5.2866 0.0000 196.0076 193.0997 325.8571 1.4393 1.6368 3.9281 -7.7957 1.6242 10.3121 4.6516 0.9672
Car -1 -1 5.1295 171.0465 188.0040 305.8211 252.8945 1.3944 1.5981 3.4596 -8.7411 1.4686 17.3620 4.6690 0.9501
Car -1 -1 5.0079 301.7657 189.5878 444.6799 268.4019 1.4578 1.6544 4.6312 -4.9352 1.5684 15.8705 4.7108 0.9440
Car -1 -1 5.1380 230.1714 181.3948 328.7689 225.9088 1.4690 1.6500 4.0912 -11.6100 1.3429 25.7734 4.7184 0.8743
Car -1 -1 4.7156 570.5738 179.4655 601.7935 206.7263 1.4716 1.6855 4.4174 -1.1918 1.1612 41.0347 4.6863 0.7397
Car -1 -1 4.9685 391.1407 180.6327 450.0562 214.0821 1.4471 1.5844 4.3033 -8.5442 1.2488 33.2556 4.7186 0.5834
Car -1 -1 5.1475 331.2204 180.5416 390.9150 208.1087 1.4165 1.5565 3.8876 -13.2604 1.1763 38.9537 4.8212 0.4649
Car -1 -1 4.7534 502.3398 182.0117 533.7014 208.3525 1.4114 1.5947 3.7081 -4.9735 1.2397 40.4300 4.6314 0.3859
Car -1 -1 5.3279 0.0000 240.5006 291.7634 376.0000 1.4743 1.5639 3.3615 -5.6788 2.3195 9.2545 4.7895 0.2575
Car -1 -1 1.5058 392.2968 175.4368 412.8041 191.7823 1.4746 1.5905 3.8662 -19.0786 0.5924 66.9402 1.2289 0.1989
Car -1 -1 1.9184 289.7250 178.0751 340.4435 205.7472 1.5368 1.5959 3.5769 -16.8963 1.1402 41.7381 1.5357 0.1981
Car -1 -1 1.3304 573.3732 171.0440 605.6870 192.7868 1.6355 1.6105 4.0285 -1.4204 0.5695 56.2265 1.3049 0.1891
Car -1 -1 4.8825 347.2564 178.5198 407.0319 221.0912 1.4857 1.5500 3.4702 -8.5359 1.2520 26.9100 4.5779 0.1626
Car -1 -1 4.9007 457.9179 151.3779 523.7816 203.7342 1.9528 1.7858 4.6035 -4.6125 0.6907 29.1423 4.7450 0.1547
Car -1 -1 3.6321 285.5638 179.1630 370.6116 208.4035 1.5037 1.6146 3.8911 -14.7235 1.1924 38.0072 3.2645 0.1463
Car -1 -1 4.6536 492.8002 182.1120 528.1549 211.5566 1.5008 1.6535 4.0281 -5.2615 1.3426 38.7751 4.5192 0.1392
Car -1 -1 4.6784 432.9378 181.5871 463.9571 208.7990 1.4317 1.5533 3.6804 -8.8225 1.2408 39.7961 4.4612 0.1196
Car -1 -1 1.1992 536.8707 186.4342 571.8085 205.8321 1.5482 1.5959 3.8713 -4.4255 1.6530 59.7271 1.1250 0.1182
Car -1 -1 1.9941 476.6919 183.3648 538.8570 214.4086 1.5094 1.6484 4.0669 -5.0618 1.4194 37.1361 1.8592 0.1087
Car -1 -1 1.4457 281.0153 186.1179 311.1588 206.4690 1.4923 1.6301 4.0467 -23.8560 1.5641 55.0585 1.0382 0.1058
Car -1 -1 3.6975 467.0087 181.9570 542.6573 209.0882 1.4507 1.6329 3.8881 -5.6931 1.2765 39.9679 3.5566 0.1056
Car -1 -1 1.6830 285.4080 185.2770 333.6621 221.0802 1.5162 1.5782 3.8669 -13.3982 1.5192 32.5255 1.2948 0.1007
Car -1 -1 0.3018 392.6525 187.4990 453.2032 209.2800 1.6115 1.7647 4.0973 -13.9071 1.7874 54.3817 0.0522 0.0975
Car -1 -1 1.1887 403.6534 186.0442 448.2813 207.9847 1.4907 1.6574 4.1365 -12.9350 1.5521 51.1627 0.9418 0.0973
Car -1 -1 0.7037 450.7751 183.6342 530.9054 213.3352 1.4964 1.6665 4.0676 -6.1665 1.4167 37.9816 0.5434 0.0962
Car -1 -1 1.4208 432.8656 207.0040 512.7358 265.8292 1.4397 1.7613 3.8127 -4.0533 2.1467 21.2327 1.2338 0.0929
Car -1 -1 5.1562 400.9036 187.3792 442.9031 208.7700 1.5724 1.7012 3.6875 -14.1835 1.7445 55.2133 4.9055 0.0910
Car -1 -1 0.4608 369.4743 187.8095 429.6504 209.4099 1.5967 1.7076 4.0581 -15.7601 1.7982 54.6335 0.1808 0.0893
Car -1 -1 0.3595 0.0000 167.3394 80.5520 227.6964 1.6206 1.5256 3.7873 -17.6512 1.1406 20.6539 -0.3414 0.0826
Car -1 -1 4.8031 322.5222 178.8788 361.2763 207.7273 1.4596 1.5799 3.9897 -14.1519 1.1390 38.5025 4.4528 0.0806
Car -1 -1 1.8180 7.4717 161.5033 109.6875 215.5605 1.5135 1.5878 3.8271 -16.7938 0.8496 22.1982 1.1761 0.0760
Car -1 -1 3.6027 340.8196 180.8884 439.3764 214.7189 1.4638 1.6044 3.9269 -9.7013 1.2765 32.2271 3.3122 0.0730
Car -1 -1 3.2709 460.2516 183.4035 539.5526 213.3004 1.5187 1.6507 3.8955 -5.5310 1.4267 37.3752 3.1246 0.0723
Car -1 -1 4.7216 511.1354 180.7491 541.8776 209.2130 1.4761 1.5878 3.8808 -4.3886 1.2444 39.2888 4.6107 0.0711
Car -1 -1 0.5003 71.6241 228.3263 453.8832 366.2165 1.4657 1.6432 4.1697 -4.2534 2.0789 9.2401 0.0791 0.0673
Car -1 -1 1.7748 308.3454 186.7956 362.8824 222.3414 1.5110 1.5691 3.8128 -12.2929 1.5874 32.7399 1.4179 0.0664
Car -1 -1 5.0771 375.4488 176.6847 455.0552 219.7653 1.5136 1.6178 3.8989 -7.1825 1.2139 27.2832 4.8218 0.0653
Car -1 -1 3.0180 574.6537 171.2879 626.2907 191.3916 1.5098 1.6070 3.7833 -0.5341 0.4638 55.0364 3.0081 0.0644
Car -1 -1 4.9009 515.1057 182.1992 556.0052 208.4715 1.4197 1.5932 3.9740 -4.0214 1.2567 40.8975 4.8032 0.0636
Car -1 -1 4.6555 0.0000 191.7026 268.5526 376.0000 1.4932 1.5976 4.0064 -4.2704 1.5693 6.3350 4.0817 0.0633
Car -1 -1 1.8101 149.8694 182.3967 186.4328 201.9699 1.5349 1.6009 4.1310 -35.7233 1.3139 58.5829 1.2642 0.0633
Car -1 -1 1.7757 20.5969 244.5937 266.5164 376.0000 1.4594 1.6159 3.3811 -5.0431 2.2997 8.3126 1.2437 0.0618
Car -1 -1 3.6029 312.2760 180.3250 396.9902 207.9460 1.4432 1.5822 4.0069 -13.5290 1.1877 38.5967 3.2676 0.0618
Car -1 -1 1.4051 516.2090 179.2113 558.5379 210.5714 1.5671 1.5867 4.0150 -3.7482 1.2671 38.0668 1.3072 0.0616
Car -1 -1 1.7125 483.1003 182.5402 527.5164 214.1528 1.4904 1.6352 4.0328 -5.0275 1.3643 35.9108 1.5740 0.0596
Car -1 -1 0.1335 467.1233 182.0652 546.4319 210.1879 1.4919 1.6423 4.0731 -5.3969 1.3247 38.9628 -0.0036 0.0575
Car -1 -1 1.7604 577.6382 179.0234 607.1708 198.5131 1.5146 1.6362 4.1151 -1.1550 1.0334 58.0308 1.7401 0.0560
Car -1 -1 1.6084 387.6568 187.8794 412.4249 209.3018 1.5615 1.6711 3.8750 -15.8129 1.7730 54.9982 1.3292 0.0556
Car -1 -1 -0.4756 159.1804 199.6470 519.4971 346.8900 1.4587 1.5942 4.2384 -3.3366 1.6933 9.6060 -0.8018 0.0525
Car -1 -1 1.7390 337.9614 178.0087 406.1749 224.1613 1.4954 1.6085 4.0806 -8.2148 1.2619 25.4248 1.4293 0.0517
Car -1 -1 4.9451 469.2021 156.4400 525.4700 195.1090 1.5709 1.5805 3.7276 -4.6866 0.4019 31.1260 4.7968 0.0514
Car -1 -1 1.6866 326.3605 179.0509 369.6837 209.5990 1.4866 1.6247 4.1624 -13.3429 1.1866 37.1937 1.3441 0.0514
Car -1 -1 3.6225 320.5741 179.6501 401.9478 208.1861 1.4590 1.5520 3.7586 -12.9074 1.1744 37.8074 3.2953 0.0504