Car -1 -1 1.7899 439.4232 184.6188 479.1567 209.4286 1.4521 1.6013 4.2929 -9.6124 2.2445 46.4372 1.5865 0.7019
Car -1 -1 4.7238 589.8680 178.5284 615.7768 203.0340 1.5303 1.6530 4.1962 -0.4253 1.9253 48.1305 4.7145 0.6929
Car -1 -1 4.6795 242.8893 182.0676 274.0795 208.2073 1.4388 1.5612 3.8542 -21.0689 2.0173 43.2417 4.2283 0.2196
Car -1 -1 1.5764 483.0432 183.1541 502.6028 200.8492 1.5038 1.7150 4.3167 -10.6984 2.4814 66.2190 1.4165 0.1401
Car -1 -1 1.8456 0.0000 203.1735 84.9299 260.5440 1.4470 1.6434 4.0328 -18.0602 2.4914 22.6771 1.1786 0.1342
Car -1 -1 1.6207 502.3944 182.4985 527.0884 205.8732 1.5169 1.5200 3.7412 -6.5819 2.2155 50.3375 1.4909 0.1282
Car -1 -1 1.6743 7.3049 201.5967 87.0023 253.5544 1.4625 1.7274 4.1016 -19.3209 2.5438 24.9436 1.0202 0.1221
Car -1 -1 1.7209 24.3321 198.3353 101.9836 244.2236 1.4608 1.7300 4.3693 -20.9994 2.5284 27.8961 1.0800 0.1212
Car -1 -1 1.7475 395.7851 182.9243 456.6334 224.8561 1.4469 1.5899 3.9800 -7.0077 1.8650 27.9157 1.5033 0.1136
Car -1 -1 1.5741 587.9166 172.5753 616.2778 200.8186 1.6873 1.6945 4.2249 -0.4612 1.6707 45.2254 1.5635 0.1117
Car -1 -1 1.6816 472.0087 177.8545 503.8794 204.4037 1.4962 1.4951 3.5083 -7.2302 1.8076 43.1313 1.5161 0.1053
Car -1 -1 1.6978 432.8671 181.5454 469.6459 210.5853 1.6597 1.7148 4.0332 -9.7252 2.2217 44.5689 1.4837 0.0991
Car -1 -1 1.2071 271.3683 186.7455 307.2424 205.4520 1.5069 1.6727 3.6362 -27.8904 2.7522 62.7981 0.7905 0.0979
Car -1 -1 1.6544 497.7997 181.6794 525.2184 205.7339 1.5046 1.5180 3.6452 -6.5354 2.1187 48.3526 1.5204 0.0962
Car -1 -1 2.0395 75.5093 168.5430 275.4026 276.7851 1.9316 1.7646 4.2817 -8.7576 1.8547 15.0588 1.5201 0.0955
Car -1 -1 1.7666 477.7123 178.9486 514.1218 203.9111 1.4837 1.5874 3.6719 -7.1466 1.8852 45.6641 1.6118 0.0955
Car -1 -1 1.8083 460.6739 179.7662 502.4973 208.4278 1.5049 1.5034 3.6211 -7.1560 1.9119 40.6341 1.6346 0.0840
Car -1 -1 1.6589 436.6257 179.8949 489.3184 220.8515 1.4284 1.6372 4.0592 -5.6106 1.7222 27.9954 1.4625 0.0707
Car -1 -1 1.5443 485.7300 180.2530 510.4452 204.0633 1.4940 1.5418 3.6638 -7.5088 2.0104 48.4184 1.3908 0.0698
Car -1 -1 1.5658 79.7524 187.3042 115.0420 216.4514 1.6141 1.7028 4.3413 -31.5540 2.5499 44.4622 0.9513 0.0694
Car -1 -1 1.6679 495.4136 179.2821 525.9498 204.5286 1.5015 1.5611 3.7219 -6.2313 1.9260 45.7629 1.5329 0.0694
Car -1 -1 1.7182 488.1348 177.8122 522.5231 204.6413 1.5123 1.5180 3.6008 -6.1896 1.8212 43.1442 1.5761 0.0687
Car -1 -1 1.9831 471.8558 179.8273 525.0867 209.5653 1.5676 1.5533 3.9135 -6.2664 1.9851 41.1060 1.8323 0.0676
Car -1 -1 1.5840 234.8652 179.6223 267.6261 209.0613 1.5402 1.5908 4.1610 -20.3103 1.9456 40.9914 1.1263 0.0672
Car -1 -1 0.2850 416.7984 185.1420 491.7401 208.9293 1.4693 1.6104 4.4517 -9.9825 2.2783 46.5364 0.0744 0.0648
Car -1 -1 1.7919 425.7587 186.9791 475.5291 221.1906 1.4308 1.5293 3.3782 -7.2693 2.1152 33.2689 1.5779 0.0644
Car -1 -1 1.4788 231.7806 176.5958 272.5927 206.8654 1.5475 1.6458 4.0738 -19.6452 1.7640 39.5891 1.0206 0.0634
Car -1 -1 1.8841 571.9333 173.7746 618.8500 201.5987 1.6020 1.6799 4.0600 -0.8063 1.6608 43.8756 1.8653 0.0619
Car -1 -1 1.1003 598.3033 175.0529 651.0367 200.8453 1.4767 1.5877 3.9243 0.8650 1.6166 43.7823 1.1195 0.0584
Car -1 -1 2.0997 107.9203 182.2157 178.4293 210.7730 1.5070 1.5352 4.1020 -26.7363 2.0727 41.5207 1.5303 0.0578
Car -1 -1 1.7643 405.8476 178.8012 468.6370 220.6192 1.5551 1.6751 4.4347 -6.9995 1.8186 29.7178 1.5345 0.0568
Car -1 -1 2.0974 269.7960 181.2984 333.9424 209.7297 1.4972 1.6035 3.9380 -17.5172 2.0042 41.2711 1.6980 0.0560
Car -1 -1 0.5962 0.0000 203.5277 93.2020 252.7404 1.4743 1.6563 4.0549 -19.7516 2.5320 23.8757 -0.0896 0.0548
Car -1 -1 1.7206 488.4511 182.4004 518.9955 205.5672 1.5113 1.5488 3.9289 -7.3895 2.2076 50.6605 1.5761 0.0544
Car -1 -1 1.7878 424.4188 180.4247 486.1522 220.6791 1.4745 1.6109 3.9612 -6.1520 1.8014 29.1673 1.5812 0.0541
Car -1 -1 2.1185 447.8519 185.2419 504.3105 209.9720 1.4443 1.6159 4.2381 -8.5694 2.2847 46.6806 1.9375 0.0539
Car -1 -1 1.4188 287.2891 181.1705 315.8415 200.8334 1.5332 1.6045 4.0180 -25.7190 2.2515 60.1923 1.0163 0.0523
Car -1 -1 4.3440 206.7324 182.5919 261.5826 209.7435 1.4719 1.5950 3.8057 -22.0364 2.0680 42.3064 3.8661 0.0519