Car -1 -1 2.1054 84.2125 180.7596 191.4253 227.6245 1.7486 1.7224 4.3380 -19.3609 2.0999 29.8629 1.5340 0.5118
Car -1 -1 4.7290 577.6851 174.2316 597.5891 192.7116 1.4736 1.5832 3.8597 -1.7890 1.5914 59.7638 4.6988 0.4445
Car -1 -1 4.6325 168.9623 176.9330 194.4267 195.5080 1.4975 1.5678 3.6844 -36.1840 1.8534 60.9882 4.0988 0.2029
Car -1 -1 4.9804 367.2351 168.5156 413.3185 197.4351 1.7096 1.6901 4.1333 -13.5307 1.4531 44.7414 4.6881 0.2024
Car -1 -1 1.9548 73.8616 206.5233 195.3046 268.4868 1.4198 1.5999 3.7002 -13.4193 2.4745 20.6367 1.3838 0.1781
Car -1 -1 1.8947 563.6805 171.3061 601.7224 193.7452 1.6968 1.6895 4.3803 -2.0690 1.5798 56.9020 1.8581 0.1501
Car -1 -1 1.7936 65.0933 195.4208 111.2462 221.6959 1.4942 1.6165 3.7412 -33.5867 3.0145 46.5700 1.1713 0.1432
Car -1 -1 1.2849 35.7587 196.5453 89.7095 223.2830 1.5065 1.7177 3.8496 -34.6873 3.0689 45.7474 0.6387 0.0992
Car -1 -1 4.7709 100.5007 179.6929 146.8036 212.9667 1.5497 1.6984 4.1229 -24.6574 1.9186 36.7197 4.1827 0.0973
Car -1 -1 4.9415 510.3890 157.6305 551.4922 187.1463 1.8092 1.7529 4.0108 -4.9938 0.8760 46.3236 4.8345 0.0903
Car -1 -1 1.9723 366.7132 177.5842 415.8058 203.7915 1.5715 1.5967 3.8889 -13.8596 1.8864 46.0169 1.6810 0.0842
Car -1 -1 1.6588 577.9858 173.0315 602.9116 193.4535 1.5914 1.6529 4.2020 -1.5118 1.6063 58.4119 1.6327 0.0840
Car -1 -1 1.6407 64.2150 194.8497 113.1169 229.2366 1.4941 1.6997 3.9707 -26.0765 2.6635 36.2212 1.0200 0.0837
Car -1 -1 1.2576 577.6432 173.2761 614.7723 194.5385 1.5854 1.6631 4.2306 -1.0837 1.6196 56.1610 1.2380 0.0811
Car -1 -1 4.2693 525.8316 159.5444 577.4533 187.5167 1.6902 1.7414 3.9332 -3.7165 0.8860 45.7363 4.1884 0.0722
Car -1 -1 5.0557 380.6817 167.7424 431.5291 198.1376 1.8066 1.7283 4.2152 -12.6310 1.5028 45.0503 4.7836 0.0712
Car -1 -1 4.7837 122.8969 175.3458 151.7289 195.5508 1.5246 1.6220 3.9476 -37.3212 1.7291 57.0871 4.2067 0.0694
Car -1 -1 1.6056 619.2755 177.9809 640.6198 197.4032 1.4673 1.5666 3.9852 1.6570 1.8913 57.6252 1.6338 0.0686
Car -1 -1 5.0042 121.9830 183.4578 191.0559 219.5707 1.5349 1.6403 4.0957 -21.3334 2.0688 34.1438 4.4490 0.0632
Car -1 -1 0.5719 94.1321 174.2303 159.5251 193.7179 1.4955 1.6400 3.9939 -37.6559 1.6046 56.3418 -0.0152 0.0620
Car -1 -1 4.8448 354.2133 173.3206 392.4341 199.9873 1.5573 1.6850 4.2135 -14.4910 1.5875 44.4400 4.5311 0.0614
Car -1 -1 5.0030 59.8402 201.1729 178.4580 267.5004 1.4265 1.5579 3.8288 -12.9713 2.2661 19.3335 4.4182 0.0559
Car -1 -1 3.6544 358.1010 170.0415 427.9211 198.0560 1.6665 1.6470 3.7686 -13.2293 1.4992 44.1423 3.3646 0.0556
Car -1 -1 4.7969 529.9482 157.5605 561.4482 187.0417 1.8128 1.6900 3.8484 -4.0553 0.8724 46.2942 4.7098 0.0545
Car -1 -1 1.6332 21.6975 195.7847 71.9639 230.2989 1.4653 1.6919 3.9080 -27.6172 2.6601 35.5046 0.9756 0.0540
Car -1 -1 0.7914 80.6746 177.9475 183.2565 210.6144 1.5286 1.6971 4.2699 -23.4291 1.7878 35.4374 0.2105 0.0520
Car -1 -1 3.6903 335.7651 173.5098 410.0358 199.6515 1.5682 1.6576 4.1042 -14.6208 1.6099 44.6287 3.3752 0.0517
Car -1 -1 1.9511 315.1408 185.3344 347.5198 202.8875 1.5397 1.5039 3.8998 -26.1929 2.7505 68.0394 1.5846 0.0511