Car -1 -1 1.9693 250.2774 185.5544 330.1845 225.1038 1.4982 1.6791 3.9516 -13.4304 2.0717 30.5952 1.5585 0.9417
Car -1 -1 2.2889 0.0000 202.9643 100.4731 271.1716 1.3878 1.6082 4.2063 -15.5209 2.2565 18.6875 1.6027 0.8652
Car -1 -1 4.7013 61.2219 189.0774 90.6244 214.4416 1.6792 1.6631 3.6219 -38.6196 2.8967 52.2047 4.0666 0.3560
Car -1 -1 4.6793 313.7826 183.6714 338.6319 206.4792 1.5485 1.5786 3.5623 -20.7511 2.3690 52.7834 4.3061 0.2695
Car -1 -1 5.2938 0.0000 178.1589 86.9018 215.8529 1.5401 1.6727 4.0558 -25.4726 1.7919 32.1600 4.6279 0.2064
Car -1 -1 1.4633 345.1053 189.0235 372.2146 210.0537 1.5016 1.6113 3.9012 -19.8018 2.8233 56.8695 1.1293 0.1323
Car -1 -1 1.5917 241.3157 195.2021 278.1865 227.8572 1.5224 1.6842 3.9317 -18.7092 2.7874 38.7034 1.1438 0.1090
Car -1 -1 1.4591 227.7529 191.7682 268.1083 220.4418 1.4940 1.6742 4.3724 -21.5421 2.6787 42.9047 0.9959 0.1004
Car -1 -1 1.5655 311.7893 189.7977 337.1929 213.4144 1.4820 1.5931 3.9852 -19.9560 2.7183 50.5029 1.1906 0.0958
Car -1 -1 1.8603 408.6514 163.9112 462.5196 197.2092 1.7180 1.7109 4.2312 -9.4201 1.2566 39.3884 1.6268 0.0905
Car -1 -1 2.0762 0.0000 207.4370 94.4703 250.2174 1.4138 1.6690 3.0807 -21.8722 2.8425 28.1586 1.4201 0.0858
Car -1 -1 1.6139 352.8997 187.5074 373.6448 205.8135 1.4974 1.5811 4.0426 -22.0343 2.8542 64.6442 1.2862 0.0851
Car -1 -1 5.4818 361.8697 167.1167 440.4865 200.0382 1.6093 1.6742 3.8879 -10.7237 1.3289 37.3804 5.2040 0.0806
Car -1 -1 1.6399 239.4405 192.3554 271.3165 218.2587 1.4993 1.5920 3.8223 -23.0003 2.8241 46.9494 1.1862 0.0763
Car -1 -1 1.9652 332.3018 171.3078 396.3046 203.8642 1.5200 1.6447 3.8090 -12.0344 1.4478 35.6453 1.6416 0.0757
Car -1 -1 1.5583 46.4031 206.7189 106.4618 253.2363 1.4526 1.7547 4.0954 -20.5741 2.8612 27.8467 0.9263 0.0738
Car -1 -1 4.7595 393.0471 165.0587 428.8708 196.5087 1.6202 1.6859 3.9523 -10.7600 1.2186 39.2830 4.4936 0.0708
Car -1 -1 4.2056 0.0000 179.9849 52.8323 215.2984 1.4472 1.6270 3.9357 -26.5731 1.7744 31.6325 3.5110 0.0677
Car -1 -1 2.3116 0.0000 195.4479 55.5320 273.6340 1.4951 1.6514 4.3619 -15.7579 2.1038 17.2497 1.5790 0.0675
Car -1 -1 1.6561 388.8412 181.9638 414.9705 204.3507 1.6189 1.6082 4.0076 -16.0853 2.3530 56.0254 1.3774 0.0654
Car -1 -1 4.0176 275.0602 183.6474 333.2506 206.9584 1.5700 1.6375 4.0472 -21.9281 2.3695 51.7874 3.6186 0.0647
Car -1 -1 2.0290 0.0000 178.5991 76.8495 214.6369 1.5020 1.6467 4.0490 -26.2672 1.7812 32.9113 1.3593 0.0646
Car -1 -1 5.0394 75.5016 189.1348 120.9146 213.2256 1.6108 1.6335 3.6070 -37.3961 2.8476 52.8544 4.4258 0.0638
Car -1 -1 3.9992 187.9759 196.1886 262.2881 224.6282 1.4730 1.6538 3.8240 -21.9657 2.8539 41.2354 3.5121 0.0628
Car -1 -1 3.7259 332.3255 175.2808 426.2704 211.7663 1.5982 1.6493 3.8337 -10.5456 1.7139 33.0999 3.4194 0.0622
Car -1 -1 1.6797 59.0129 186.7624 96.2351 211.9752 1.5913 1.6285 4.1706 -36.9478 2.6015 50.1948 1.0475 0.0619
Car -1 -1 1.6489 425.3392 163.6749 461.0555 192.1485 1.5685 1.6873 4.2661 -9.6237 1.0628 41.9790 1.4247 0.0595
Car -1 -1 5.2161 0.0000 204.3532 119.2266 268.5912 1.4552 1.6390 3.8522 -15.7375 2.4324 20.3581 4.5642 0.0594
Car -1 -1 2.0481 201.0458 195.3573 263.3548 224.5271 1.4568 1.6782 3.4746 -21.0827 2.7727 40.4552 1.5701 0.0576
Car -1 -1 0.1024 242.4235 198.7048 317.1657 229.7090 1.4657 1.7300 3.3906 -17.1741 2.8661 37.7314 -0.3225 0.0563
Car -1 -1 1.6691 53.5508 204.0495 115.4676 245.7354 1.4620 1.7339 3.6765 -22.0064 2.8622 30.3611 1.0459 0.0559
Car -1 -1 4.5078 342.6406 177.5065 391.5922 209.5080 1.5337 1.6279 3.9842 -12.5882 1.7882 37.3317 4.1844 0.0557
Car -1 -1 0.1388 379.2526 166.4816 461.6658 198.4794 1.6489 1.7084 4.0264 -9.9655 1.3205 38.2600 -0.1147 0.0545
Car -1 -1 4.6554 373.1812 171.0919 410.1251 202.0235 1.5504 1.6564 3.9889 -11.6148 1.4621 38.3246 4.3627 0.0543
Car -1 -1 4.7820 360.5946 167.7236 404.2463 202.6487 1.5537 1.6975 3.7917 -10.6852 1.3255 34.1391 4.4806 0.0536
Car -1 -1 1.5837 34.1529 203.7368 99.6367 257.3336 1.4917 1.6691 4.0138 -18.4564 2.6366 24.6352 0.9457 0.0513
Car -1 -1 1.8835 402.0469 168.8791 459.3973 202.7789 1.6593 1.6985 4.0954 -9.1965 1.4648 37.4219 1.6438 0.0510
Car -1 -1 4.7002 0.0000 184.6434 96.9989 269.3289 1.4847 1.5843 3.9517 -11.9322 1.7674 15.2609 4.0449 0.0507