Car -1 -1 4.5368 664.3967 182.2844 772.3752 259.9329 1.4096 1.5852 4.0516 2.2117 1.6411 15.6532 4.6736 0.9607
Car -1 -1 4.5311 634.7419 178.2367 693.8087 218.9721 1.4492 1.5863 4.0948 2.0702 1.6765 28.3515 4.6026 0.9379
Car -1 -1 5.0876 0.0000 185.2966 382.7255 375.0000 1.4081 1.6048 4.1212 -3.4301 1.5613 6.7667 4.6333 0.9373
Car -1 -1 3.5830 175.2427 187.3676 345.5399 243.0086 1.3878 1.6332 3.7507 -9.2143 1.7913 19.2401 3.1414 0.7603
Car -1 -1 4.7154 502.4550 177.4779 548.1722 220.4024 1.5903 1.7186 4.2876 -3.4258 1.7932 29.4388 4.6000 0.7569
Car -1 -1 4.6228 618.6423 170.7689 650.2156 198.8783 1.6728 1.6246 3.7874 1.5064 1.5487 44.8763 4.6557 0.5487
Car -1 -1 5.5618 0.0000 176.3764 275.3985 375.0000 1.5130 1.6131 3.7108 -2.7947 1.5336 2.3405 4.7432 0.4570
Car -1 -1 4.8617 529.9658 178.4755 564.9713 207.0636 1.6091 1.5462 3.7661 -3.6816 1.9614 43.2989 4.7769 0.3296
Car -1 -1 4.3806 492.1321 165.2691 527.7406 185.9900 1.5603 1.6196 3.7583 -7.8159 0.9891 56.3739 4.2432 0.3114
Car -1 -1 4.6737 510.2466 167.1635 546.2185 200.2560 1.5097 1.5841 3.5998 -3.9656 1.2501 34.8161 4.5607 0.2618
Car -1 -1 4.5954 626.7780 178.2713 669.6401 212.8713 1.5225 1.6069 3.6341 1.7797 1.7933 34.2003 4.6464 0.2112
Car -1 -1 4.8501 511.2481 166.6909 537.5402 186.2757 1.6129 1.6992 3.9017 -7.2109 1.1053 61.3903 4.7334 0.1992
Car -1 -1 5.1195 0.0000 128.2700 500.9646 375.0000 1.4860 1.5637 3.7517 -1.3162 1.4585 2.3628 4.6545 0.1640
Car -1 -1 3.7633 521.6622 170.8719 568.1869 188.4103 1.4989 1.5864 3.8667 -5.6826 1.3295 63.3298 3.6739 0.1518
Car -1 -1 4.4004 602.1342 170.6490 637.4144 193.5317 1.7035 1.6241 3.8377 0.7508 1.5393 55.7862 4.4134 0.1503
Car -1 -1 5.0838 543.0804 172.3663 576.4961 190.3905 1.5421 1.6262 3.9495 -4.3670 1.5004 63.8604 5.0155 0.1409
Car -1 -1 5.0548 639.7200 164.2343 670.9250 184.1059 1.8257 1.6892 4.0663 4.3773 1.0338 68.4934 5.1181 0.1276
Car -1 -1 4.0214 0.0000 186.2059 260.4140 375.0000 1.4942 1.6258 4.1330 -4.0662 1.5723 3.3363 3.1768 0.1244
Car -1 -1 3.4069 494.3405 167.8229 544.6138 186.2833 1.5133 1.6339 3.8709 -7.5009 1.1009 60.2301 3.2833 0.1093
Car -1 -1 1.7709 482.9098 171.0097 521.3879 196.6711 1.5182 1.6202 3.8307 -6.5961 1.4091 44.6446 1.6247 0.1075
Car -1 -1 1.4743 630.5942 182.1965 676.4321 221.6037 1.5577 1.6059 4.0375 1.8583 1.9926 31.5414 1.5319 0.1017
Car -1 -1 3.2845 485.0770 187.6933 557.7140 215.9583 1.4925 1.6301 3.7880 -4.8313 2.3298 39.8576 3.1641 0.0942
Car -1 -1 4.7952 654.9944 167.6884 680.5049 188.6798 1.5038 1.5716 3.9834 4.3698 1.1337 53.7816 4.8756 0.0927
Car -1 -1 4.7283 197.9465 176.3177 236.9395 208.2187 1.4295 1.5735 3.7144 -18.8490 1.6061 34.7803 4.2347 0.0909
Car -1 -1 2.8041 490.6471 178.8988 560.4858 208.0573 1.6035 1.6299 3.6932 -4.8692 1.9671 41.8600 2.6885 0.0820
Car -1 -1 1.7130 605.5260 176.6895 635.6158 200.1005 1.6353 1.6416 4.2211 0.8548 1.9306 53.3396 1.7285 0.0809
Car -1 -1 4.7804 536.2908 180.5453 564.3149 206.8535 1.4594 1.4580 2.5180 -3.4276 1.9210 42.0357 4.6991 0.0803
Car -1 -1 0.7532 0.0000 132.4403 259.1736 375.0000 1.5391 1.6753 4.1725 -3.6706 1.4693 2.4432 -0.1798 0.0737
Car -1 -1 4.9134 532.9562 167.3862 561.1234 187.2287 1.7085 1.6954 4.1926 -5.5331 1.2377 64.3048 4.8277 0.0703
Car -1 -1 1.6745 507.3035 168.6438 549.9038 203.9662 1.5437 1.5772 3.7014 -3.6915 1.3597 33.3893 1.5648 0.0702
Car -1 -1 2.9571 459.1324 168.3893 546.5637 204.1148 1.5911 1.6600 3.7798 -4.9699 1.3923 33.5343 2.8107 0.0669
Car -1 -1 5.8297 0.0000 36.1368 222.3073 375.0000 1.5218 1.6842 4.2805 -3.6460 1.4722 2.5279 4.9146 0.0661
Car -1 -1 4.5376 528.0533 181.1225 565.7934 207.7978 1.5179 1.6407 4.0405 -3.9138 2.0533 44.5617 4.4500 0.0660
Car -1 -1 4.7434 525.7901 166.2606 545.1295 183.9216 1.5935 1.6650 3.9986 -6.8693 0.9986 67.1569 4.6417 0.0636
Car -1 -1 4.6995 636.1720 163.8529 655.1006 184.1983 1.8644 1.7308 3.9398 3.3797 1.0395 68.1188 4.7486 0.0632
Car -1 -1 4.9332 334.4829 201.3286 429.7465 268.3813 1.4349 1.5929 3.6423 -5.8370 2.2552 18.9101 4.6370 0.0625
Car -1 -1 1.6347 541.3978 182.4794 568.5934 206.4710 1.5439 1.6236 4.0915 -3.7525 2.2400 50.1336 1.5599 0.0624
Car -1 -1 1.7148 483.4730 177.3382 520.5840 205.8493 1.5574 1.6004 3.7761 -6.1954 1.8295 41.8973 1.5685 0.0623
Car -1 -1 4.6477 645.5060 165.9412 667.5704 185.7397 1.7957 1.7988 4.0127 4.3610 1.1687 67.4514 4.7117 0.0620
Car -1 -1 3.4262 509.0765 178.9463 577.9875 206.5228 1.5830 1.5969 3.8011 -3.9219 1.9564 43.0755 3.3354 0.0600
Car -1 -1 3.3051 0.0000 157.6883 1086.6951 375.0000 1.4873 1.5977 4.0693 -0.3835 1.4363 3.3349 3.1959 0.0589
Car -1 -1 1.7895 483.2361 168.4126 535.6381 204.5495 1.5899 1.6383 3.7594 -4.6089 1.3945 33.6870 1.6542 0.0569
Car -1 -1 3.0868 622.8386 169.1981 684.6343 196.0802 1.5999 1.6185 3.6556 2.6443 1.3824 43.7618 3.1464 0.0563
Car -1 -1 4.5117 674.5934 161.8176 715.2631 189.2627 1.5247 1.6104 3.8593 4.9260 0.9116 42.0766 4.6272 0.0559
Car -1 -1 3.5247 466.1638 177.2561 577.5173 218.1151 1.5642 1.6742 4.1589 -3.5370 1.7510 29.2636 3.4050 0.0553
Car -1 -1 5.1331 208.5347 178.8415 305.2831 228.8294 1.4825 1.5585 3.4101 -11.3875 1.6921 23.5359 4.6866 0.0547
Car -1 -1 0.3854 220.6489 169.7330 342.4724 209.8838 1.4981 1.5433 3.9796 -12.5501 1.3816 27.7644 -0.0358 0.0547
Car -1 -1 0.4478 215.3690 179.9308 331.0288 222.8108 1.6759 1.6313 3.9446 -13.6088 1.9718 29.3273 0.0165 0.0526
Car -1 -1 2.3530 0.0000 0.0000 1242.0000 375.0000 1.5254 1.6273 4.2339 -2.0849 1.5389 1.3411 1.4422 0.0521
Car -1 -1 4.4598 695.9137 172.3267 775.8276 222.3096 1.4806 1.6075 3.8825 3.9891 1.4650 23.3769 4.6261 0.0518
Car -1 -1 4.7521 547.8819 176.6939 577.0591 205.7751 1.6490 1.5958 3.8381 -2.7908 1.8901 43.3641 4.6877 0.0511