Car -1 -1 2.0158 0.0000 184.1522 382.3404 375.0000 1.5821 1.7264 4.2448 -3.8517 1.7326 7.4708 1.5534 0.9530
Car -1 -1 4.7490 665.4676 164.4948 703.0002 197.9824 1.4770 1.6120 3.7393 3.5419 1.1083 33.7867 4.8522 0.8125
Car -1 -1 1.7220 610.1833 164.5447 645.0208 190.3671 1.6267 1.6888 4.1736 1.2377 1.1032 47.6562 1.7475 0.7458
Car -1 -1 2.3439 0.0000 0.0000 115.5907 375.0000 1.5682 1.6055 3.8985 -3.6446 1.4391 2.5238 1.4283 0.4890
Car -1 -1 4.0641 0.0000 183.1465 118.9624 375.0000 1.5331 1.6255 3.8119 -4.9792 1.5987 3.7295 3.1707 0.3541
Car -1 -1 4.3987 0.0000 145.8940 65.7937 185.6389 1.4880 1.6037 3.6241 -23.3250 0.4786 28.6755 3.7203 0.2217
Car -1 -1 4.4779 683.9632 167.6468 716.4307 189.7970 1.7145 1.6755 4.1009 7.2395 1.3114 57.9801 4.6011 0.1939
Car -1 -1 2.4244 50.3160 183.8029 359.1500 315.0999 1.5027 1.5846 3.8574 -5.6763 1.6966 10.6908 1.9460 0.1379
Car -1 -1 3.4528 659.0413 162.6178 712.1226 183.0270 1.7617 1.7440 4.3548 6.7359 0.8781 63.9596 3.5571 0.1374
Car -1 -1 4.5778 656.0460 165.3160 680.4983 184.3313 1.6768 1.6767 4.1308 5.3147 1.0121 65.7338 4.6578 0.1201
Car -1 -1 1.7468 0.0000 126.2242 239.9749 375.0000 1.5597 1.6084 4.0091 -2.3892 1.5119 2.8913 1.0995 0.0940
Car -1 -1 4.0534 0.0000 109.1210 176.1890 375.0000 1.5759 1.6376 4.1058 -4.1956 1.4143 2.7256 3.1038 0.0880
Car -1 -1 4.9352 690.3885 163.4835 719.2757 183.5851 1.7174 1.6737 4.0870 8.4639 0.9168 63.8539 5.0662 0.0868
Car -1 -1 1.6247 606.4829 162.8108 636.4325 190.3422 1.6820 1.6900 4.2877 0.8063 1.0684 46.2789 1.6417 0.0749
Car -1 -1 2.4182 0.0000 171.4213 102.7625 375.0000 1.5125 1.6205 4.0074 -4.6926 1.5094 3.5944 1.5371 0.0671
Car -1 -1 3.9481 590.6163 172.6454 682.3904 206.8159 1.4712 1.6434 4.3835 1.1725 1.4622 33.2466 3.9825 0.0666
Car -1 -1 0.5636 273.2499 174.0106 385.4337 214.1158 1.5997 1.5879 4.1492 -11.6345 1.6497 30.0327 0.1967 0.0653
Car -1 -1 -0.1317 682.0765 167.8583 734.0853 187.6042 1.5283 1.6305 3.8647 7.7080 1.1417 56.6670 0.0025 0.0582
Car -1 -1 4.3896 661.7952 172.0830 721.1259 203.8454 1.4529 1.6307 4.1552 3.9201 1.4176 35.2081 4.4991 0.0577
Car -1 -1 1.5003 642.0032 167.7154 668.7253 192.2879 1.7338 1.6835 3.8052 3.3181 1.3712 52.8203 1.5624 0.0572
Car -1 -1 -0.3694 73.2260 184.3981 687.0202 375.0000 1.5899 1.6294 3.6144 -1.3714 1.6957 4.8848 -0.6314 0.0522
Car -1 -1 -0.1181 597.3823 171.3993 654.1357 194.6342 1.6640 1.6611 3.9743 1.1581 1.5598 52.6920 -0.0967 0.0508
Car -1 -1 4.3199 582.5915 164.7643 624.7618 189.4023 1.7657 1.6789 4.1797 -0.4866 1.1860 53.9615 4.3106 0.0505