Car -1 -1 2.0663 225.8188 189.4606 290.9921 219.5479 1.4518 1.5069 3.8375 -18.8576 2.3925 38.9225 1.6175 0.8149
Car -1 -1 1.6434 198.9429 194.2237 230.3950 219.2760 1.5387 1.6244 3.9035 -27.3370 3.0831 50.0339 1.1453 0.5792
Car -1 -1 2.5778 952.1885 179.3029 1013.3994 199.0209 1.4921 1.5175 4.0490 29.0195 2.0023 56.1477 3.0523 0.2953
Car -1 -1 1.2767 504.7574 173.8338 539.7953 195.4370 1.6338 1.6445 4.0351 -6.9252 1.7141 56.9441 1.1558 0.2094
Car -1 -1 2.0632 1009.9061 168.3215 1096.0533 204.6068 1.4302 1.4638 3.7544 18.4693 1.2516 30.0223 2.6101 0.1443
Car -1 -1 1.3301 1030.9219 166.7009 1105.9171 206.7862 1.4678 1.5534 4.0774 18.0744 1.2425 28.5993 1.8888 0.1372
Car -1 -1 3.6489 188.3261 191.7724 273.5225 221.1750 1.4669 1.6200 3.6423 -19.8773 2.4849 37.9642 3.1692 0.1245
Car -1 -1 1.6233 198.0491 193.4687 228.8560 218.6745 1.5134 1.6174 3.8362 -26.7477 2.9672 48.8038 1.1239 0.1126
Car -1 -1 5.2082 115.2487 180.0358 318.6038 279.0949 1.4681 1.5663 3.6436 -6.7096 1.6137 12.7977 4.7334 0.1017
Car -1 -1 1.6532 200.3418 185.8362 223.7727 202.9670 1.4870 1.5895 4.2908 -37.6313 2.7583 68.3749 1.1515 0.0946
Car -1 -1 2.0175 516.6320 173.8478 558.3217 194.9522 1.6010 1.6756 4.1024 -5.6629 1.6828 57.1600 1.9189 0.0893
Car -1 -1 1.6559 196.9979 189.8283 231.6232 216.3802 1.5678 1.6492 4.1349 -26.0610 2.7416 47.6726 1.1577 0.0776
Car -1 -1 1.8576 207.6603 179.7652 376.3427 281.3545 1.4416 1.5995 3.7477 -5.2524 1.5795 12.4515 1.4655 0.0750
Car -1 -1 1.7992 502.7436 176.8707 535.2401 197.7332 1.5274 1.6413 3.9051 -6.9412 1.8483 55.6324 1.6753 0.0691
Car -1 -1 2.2015 141.2436 196.0544 240.9581 236.8664 1.4299 1.6254 3.7150 -16.9404 2.4381 29.4190 1.6826 0.0662
Car -1 -1 4.3902 998.2377 163.2781 1069.4958 199.0488 1.4375 1.5314 3.6704 18.1030 1.0527 30.9482 4.9152 0.0634
Car -1 -1 1.2319 941.3369 178.2101 983.9507 197.7993 1.4674 1.7118 4.2824 28.0668 1.9107 57.4895 1.6836 0.0608
Car -1 -1 1.3335 1037.9547 160.4472 1119.9220 203.7500 1.4979 1.6514 4.0391 17.5302 1.0688 27.1379 1.9019 0.0570
Car -1 -1 1.5195 994.0813 179.3593 1024.8185 202.9263 1.5105 1.6281 4.0811 27.4686 1.9779 49.6469 2.0219 0.0557
Car -1 -1 -0.5038 1030.7233 167.5796 1143.7213 204.8161 1.4687 1.5264 3.5382 19.3614 1.2607 29.3521 0.0745 0.0546
Car -1 -1 2.1848 41.5267 179.3747 297.1371 292.3834 1.4393 1.5646 3.5920 -6.5709 1.5579 11.2671 1.6667 0.0531
Car -1 -1 -0.4654 1056.2700 164.4264 1188.0574 203.5561 1.4826 1.6142 3.9275 20.0922 1.1633 28.4207 0.1449 0.0530
Car -1 -1 1.3367 174.1023 193.6994 216.0575 218.4567 1.5112 1.6511 3.8152 -28.3397 2.9918 49.2928 0.8170 0.0512
Car -1 -1 4.2203 50.7935 175.8660 272.3915 275.2812 1.4740 1.5819 3.9840 -7.8035 1.5332 12.4889 3.6711 0.0507
Car -1 -1 2.7015 967.3914 165.9867 1085.6962 202.8307 1.4853 1.5876 3.9669 17.2791 1.2085 30.0332 3.2191 0.0503