Car -1 -1 1.9385 158.2579 201.4007 394.7504 338.0276 1.4387 1.6926 3.9544 -4.4892 1.9308 10.4362 1.5406 0.9735
Car -1 -1 1.7871 345.6088 186.1115 457.6191 277.1983 1.6840 1.5498 3.7438 -4.4068 2.0095 15.8051 1.5187 0.9698
Car -1 -1 4.4142 743.4969 182.7037 960.4044 325.9827 1.5286 1.6786 3.6927 3.0181 1.6878 9.8067 4.7031 0.9483
Car -1 -1 1.7639 420.9131 184.4145 505.5997 248.7809 1.6555 1.6766 4.0763 -4.2051 2.0299 21.3287 1.5708 0.9373
Car -1 -1 4.5265 685.0858 182.0535 779.3539 249.4704 1.4844 1.6471 3.8534 2.9980 1.7434 18.3669 4.6849 0.9279
Car -1 -1 4.1268 867.7372 177.1347 1242.0000 375.0000 1.4444 1.5945 3.9040 2.7585 1.4777 3.6416 4.7363 0.8632
Car -1 -1 4.5825 624.8056 180.6873 651.1176 201.6358 1.4701 1.5362 3.2968 2.0824 2.0709 53.6284 4.6206 0.6606
Car -1 -1 4.5827 672.8995 181.4404 735.7988 230.3942 1.4942 1.6235 3.8567 3.1522 1.8103 24.6329 4.7077 0.5797
Car -1 -1 1.3540 605.5342 178.1321 634.2361 199.0889 1.6698 1.5659 4.1057 0.8326 2.1301 60.7524 1.3672 0.2689
Car -1 -1 2.4090 443.9782 175.6068 507.1334 198.8633 1.5867 1.7959 4.4079 -9.6169 1.7941 52.0644 2.2269 0.2661
Car -1 -1 1.2089 511.3485 182.4561 548.2667 203.4721 1.5189 1.5696 3.9176 -6.2440 2.2944 56.1699 1.0983 0.2383
Car -1 -1 1.6534 623.5300 176.8104 651.7512 200.7548 1.6094 1.6645 4.2645 2.0417 1.9037 51.4490 1.6923 0.0979
Car -1 -1 1.5345 612.3506 177.4529 634.4722 197.7431 1.5746 1.6521 4.3734 1.1031 1.9660 59.1952 1.5526 0.0946
Car -1 -1 1.6011 601.6137 183.7541 621.0185 201.7396 1.4872 1.6046 4.2749 0.1853 2.4934 64.4468 1.6035 0.0867
Car -1 -1 5.0572 637.6293 166.3393 671.7180 186.3168 1.7221 1.7223 4.1974 4.0682 1.1605 64.4655 5.1196 0.0840
Car -1 -1 1.6414 470.0217 192.7206 512.6794 229.8355 1.4568 1.6150 3.9514 -5.2716 2.4091 32.5458 1.4814 0.0831
Car -1 -1 1.9471 502.4126 180.9721 544.5780 204.9126 1.6482 1.6657 4.2152 -6.3223 2.2749 53.4516 1.8294 0.0783
Car -1 -1 0.7978 0.0000 0.0000 1242.0000 375.0000 1.5433 1.6344 4.1212 2.6432 1.4338 1.9615 1.6608 0.0725
Car -1 -1 -0.5778 503.7808 189.6963 580.5433 217.7874 1.4519 1.7112 4.1439 -3.8528 2.4686 41.5985 -0.6702 0.0700
Car -1 -1 1.6143 614.3311 179.8181 638.0238 201.7496 1.6390 1.6990 4.5359 1.3655 2.2184 57.7147 1.6373 0.0699
Car -1 -1 4.5737 647.5472 152.5903 699.7007 195.4431 1.7480 1.7300 3.8840 2.7212 0.9214 31.4181 4.6590 0.0694
Car -1 -1 2.9482 523.4200 182.8557 572.0542 203.4776 1.5112 1.6299 3.4691 -4.7536 2.2961 55.3600 2.8625 0.0688
Car -1 -1 1.0529 447.2283 190.9041 506.7623 219.7448 1.4836 1.7179 3.8099 -7.6884 2.5757 41.6448 0.8709 0.0686
Car -1 -1 1.3438 476.6201 190.2320 520.7963 218.3932 1.4696 1.6982 4.0900 -6.5931 2.5489 42.5993 1.1906 0.0679
Car -1 -1 1.5773 476.5019 192.2013 507.9594 221.6384 1.4804 1.6713 3.4707 -6.5786 2.6172 40.5526 1.4169 0.0670
Car -1 -1 0.9816 630.2767 176.1919 681.5625 199.6187 1.5275 1.6223 3.9154 3.1506 1.7674 49.7456 1.0441 0.0657
Car -1 -1 1.3572 671.5091 182.3529 746.5861 235.2087 1.4920 1.5595 3.9446 3.0900 1.8232 23.1272 1.4875 0.0643
Car -1 -1 2.1889 431.7866 175.3264 487.8396 198.4835 1.5332 1.6618 4.2913 -10.4300 1.7143 50.5607 1.9862 0.0633
Car -1 -1 4.3528 767.9728 165.3075 852.8633 214.5616 1.5137 1.5912 3.4292 6.5732 1.2818 23.9572 4.6170 0.0624
Car -1 -1 1.4146 645.4263 184.5855 686.7238 214.5278 1.4924 1.6555 3.9494 3.0467 2.1692 39.5924 1.4902 0.0612
Car -1 -1 1.5422 467.8075 201.1688 513.4829 245.5714 1.4436 1.6290 3.6030 -4.6368 2.6116 27.8376 1.3779 0.0600
Car -1 -1 2.8238 685.0774 170.8972 824.7800 219.2974 1.5070 1.6554 4.1586 4.6891 1.4461 23.5452 3.0174 0.0597
Car -1 -1 1.5370 502.6925 193.8739 543.0013 231.2606 1.4399 1.6518 4.1002 -3.9422 2.4453 32.3620 1.4160 0.0591
Car -1 -1 1.4907 498.7645 197.7864 546.4432 237.4963 1.4409 1.7152 3.7254 -3.7527 2.5703 30.6862 1.3692 0.0576
Car -1 -1 1.8586 614.4197 176.1798 654.4866 200.0775 1.5524 1.6554 4.1219 1.7618 1.7917 49.7040 1.8934 0.0565
Car -1 -1 1.8029 611.6417 186.3773 684.6957 235.8366 1.4826 1.6196 4.1226 1.4284 1.9933 25.0421 1.8584 0.0552
Car -1 -1 3.8237 330.5145 187.4586 485.9481 247.7276 1.5025 1.6522 4.0965 -5.6795 1.9459 20.3300 3.5540 0.0541
Car -1 -1 1.7093 600.7785 177.2162 629.6584 199.5085 1.6685 1.6970 4.4037 0.4898 2.0283 57.2069 1.7174 0.0540
Car -1 -1 1.3309 435.2066 183.5629 474.2662 207.6992 1.4841 1.6318 4.1437 -10.4596 2.2377 48.5558 1.1194 0.0539
Car -1 -1 4.9301 618.9579 178.8910 647.8887 197.9774 1.5098 1.6204 3.8985 2.0344 2.0334 60.4868 4.9631 0.0536
Car -1 -1 0.2740 593.1012 178.5775 643.8395 198.8144 1.6361 1.5816 3.9672 0.7529 2.1257 60.3995 0.2860 0.0535
Car -1 -1 1.5445 647.5856 181.9494 681.9003 214.1968 1.5112 1.6392 3.9039 2.7767 2.0018 36.9247 1.6183 0.0517
Car -1 -1 1.7753 520.3940 180.3414 554.1979 203.8389 1.6039 1.6614 4.0739 -5.2337 2.1728 52.7108 1.6763 0.0516
Car -1 -1 4.7083 709.1817 159.4937 752.6943 198.8212 1.5110 1.6565 3.9051 4.9928 0.9977 29.7818 4.8724 0.0505