Car -1 -1 1.7443 397.9792 183.1721 531.5608 276.8857 1.4983 1.7779 4.4808 -2.6572 1.7346 14.2785 1.5627 0.9714
Car -1 -1 4.5570 674.4612 180.8293 750.6424 236.0862 1.4567 1.6215 4.1155 2.9890 1.7194 21.6945 4.6913 0.9338
Car -1 -1 4.5865 659.4816 179.4907 715.3668 221.3227 1.4495 1.6197 4.0494 2.9108 1.7230 27.6925 4.6895 0.8807
Car -1 -1 4.4745 711.3830 157.6740 862.5039 268.1745 1.8250 1.7808 4.5639 3.2572 1.5743 14.2143 4.6943 0.8576
Car -1 -1 1.1918 656.9750 172.8072 692.4309 190.3876 1.4899 1.6686 4.1830 5.6800 1.4860 63.3927 1.2804 0.2641
Car -1 -1 1.3611 574.0412 177.1960 600.0319 195.2671 1.5338 1.5606 3.7641 -2.0343 1.9324 64.2247 1.3292 0.1356
Car -1 -1 2.6284 664.0049 172.8923 713.4424 189.9728 1.4457 1.6186 3.9829 6.8704 1.4491 62.6070 2.7368 0.1324
Car -1 -1 4.7471 493.9745 172.9651 518.3773 195.2458 1.5199 1.5792 3.8228 -7.3063 1.5281 51.2263 4.6059 0.1039
Car -1 -1 4.3198 497.7247 185.3958 536.1594 207.8786 1.5437 1.5815 3.5885 -6.9196 2.5104 53.6662 4.1917 0.1039
Car -1 -1 1.8378 569.1218 174.1556 601.0118 194.8608 1.7015 1.6857 4.1782 -2.0573 1.8170 61.8019 1.8043 0.0955
Car -1 -1 1.4803 666.2142 171.5390 689.8199 189.2254 1.4772 1.6580 4.1406 5.8806 1.3674 62.3383 1.5736 0.0866
Car -1 -1 4.3137 695.7159 152.4404 756.0282 187.8069 1.7529 1.7692 3.8181 6.0292 0.7411 37.8270 4.4704 0.0760
Car -1 -1 1.6221 509.1385 183.1887 536.0306 208.2232 1.5116 1.5493 3.7083 -5.6347 2.2126 47.0391 1.5030 0.0758
Car -1 -1 1.5942 576.7350 175.8645 596.5714 194.6673 1.5681 1.6310 4.2362 -1.9702 1.8398 62.9806 1.5627 0.0686
Car -1 -1 1.6080 580.8926 176.2426 602.8384 196.6814 1.6415 1.6912 4.2195 -1.4584 1.9369 60.7736 1.5837 0.0622
Car -1 -1 1.1292 481.7507 181.2068 533.3600 206.3269 1.5138 1.6446 4.3468 -6.7293 2.0871 47.2561 0.9881 0.0591
Car -1 -1 1.5564 500.1628 180.3374 536.8538 216.5622 1.5574 1.6159 4.1363 -4.3278 1.9332 34.0742 1.4305 0.0589
Car -1 -1 3.1335 396.0679 171.7381 493.1245 209.8373 1.5147 1.5754 3.8190 -6.8090 1.4704 29.8900 2.9111 0.0575
Car -1 -1 1.2704 584.2399 175.4143 617.7362 194.7046 1.5731 1.6651 4.3004 -0.7751 1.8004 61.7523 1.2575 0.0569
Car -1 -1 0.2733 462.1050 173.8106 521.3497 195.6399 1.4821 1.5496 3.7780 -8.1518 1.5498 50.0576 0.1124 0.0549
Car -1 -1 -0.4676 501.6755 176.9470 578.1607 206.0168 1.5305 1.6491 3.9214 -3.8636 1.7685 40.2224 -0.5632 0.0541
Car -1 -1 2.8142 476.9539 185.1014 540.1724 210.2785 1.4894 1.5967 3.6463 -6.3930 2.2912 45.7062 2.6755 0.0532
Car -1 -1 4.7519 443.8969 177.8820 484.0478 216.8388 1.5413 1.5367 3.5750 -6.1862 1.7699 30.9194 4.5556 0.0501