Car -1 -1 1.9835 75.0817 185.9951 386.7279 375.0000 1.5419 1.4845 3.3847 -3.5355 1.7085 7.4389 1.5527 0.9586
Car -1 -1 1.7950 325.6353 196.0073 457.9904 286.7122 1.4343 1.6054 4.3040 -4.2410 1.9769 14.7191 1.5183 0.9482
Car -1 -1 4.2782 759.3317 145.9551 1092.4688 356.3669 1.7785 1.6847 4.2490 3.1600 1.5512 8.2857 4.6296 0.8555
Car -1 -1 1.6739 471.0816 179.3122 516.5531 215.7611 1.6099 1.7141 4.4484 -5.5331 1.9429 34.9387 1.5175 0.7081
Car -1 -1 5.6017 0.0000 177.1529 197.2106 375.0000 1.4981 1.5762 3.7877 -3.5780 1.5267 2.8849 4.7544 0.6033
Car -1 -1 4.7567 611.9587 173.2767 633.8115 192.3694 1.5448 1.6587 3.9426 1.1462 1.5815 60.4902 4.7752 0.3223
Car -1 -1 4.0611 811.4040 165.1378 910.6332 207.3680 1.4744 1.6403 3.6490 9.3719 1.2050 27.1817 4.3894 0.2535
Car -1 -1 1.0826 840.6155 167.6764 941.5948 213.9852 1.4950 1.5817 4.0267 9.7745 1.3279 25.3904 1.4458 0.2379
Car -1 -1 2.2203 1026.7833 209.8720 1242.0000 375.0000 1.4896 1.6067 3.8890 4.4520 1.7212 3.5806 3.0734 0.2215
Car -1 -1 4.5111 454.2717 176.3560 489.6843 200.7447 1.5229 1.5843 3.7272 -9.1230 1.7641 47.6621 4.3226 0.1726
Car -1 -1 1.5732 519.8683 179.7680 542.0492 201.1341 1.5018 1.5924 3.8940 -5.8809 2.0390 54.0440 1.4649 0.1583
Car -1 -1 -0.7149 827.9128 169.5864 947.0308 212.6445 1.4782 1.4813 4.0603 10.0778 1.3660 26.1641 -0.3514 0.1504
Car -1 -1 0.8573 0.0000 220.5094 194.0048 375.0000 1.4846 1.6084 3.9590 -4.7487 1.8058 4.0176 0.0214 0.1408
Car -1 -1 3.7233 978.0906 229.3944 1242.0000 375.0000 1.5356 1.5505 3.4767 3.4213 1.9164 3.0073 4.5238 0.1195
Car -1 -1 -0.7325 816.3285 152.1272 1242.0000 357.7796 1.6955 1.7274 4.2625 4.4498 1.5246 7.2163 -0.1989 0.1147
Car -1 -1 3.3801 469.8109 172.5211 521.3272 188.0791 1.4530 1.6736 4.5578 -10.7845 1.4220 68.4101 3.2240 0.1114
Car -1 -1 0.6376 490.1531 180.9956 544.5215 202.8638 1.5171 1.6380 3.7059 -6.7665 2.1322 52.8843 0.5106 0.0789
Car -1 -1 -0.2448 822.3154 166.8874 956.0273 213.5692 1.5588 1.6412 4.0640 9.6473 1.3596 25.1464 0.1172 0.0765
Car -1 -1 1.7034 527.9665 180.9934 556.7670 202.4902 1.5111 1.6350 4.0562 -5.0206 2.1474 54.3402 1.6113 0.0764
Car -1 -1 4.1515 868.3553 258.1411 1242.0000 375.0000 1.5056 1.4718 3.3705 2.8241 2.1949 4.1448 4.7144 0.0706
Car -1 -1 4.5191 605.2386 162.2018 632.4303 181.6121 1.7426 1.7324 4.2833 0.8250 0.7863 67.0393 4.5311 0.0695
Car -1 -1 2.1315 489.2729 172.7798 526.3424 189.1391 1.4750 1.5691 3.9227 -9.4341 1.4683 67.1662 1.9922 0.0678
Car -1 -1 5.0626 0.0000 0.0000 391.8662 375.0000 1.6172 1.6300 4.1462 -1.7660 1.4830 2.5009 4.4945 0.0632
Car -1 -1 2.9995 511.2399 181.5857 568.2635 204.3436 1.6039 1.5904 3.9879 -5.1445 2.2610 53.0513 2.9028 0.0622
Car -1 -1 3.1385 0.0000 0.0000 1242.0000 375.0000 1.5908 1.6180 4.0305 4.0383 1.4484 1.8526 4.2203 0.0615
Car -1 -1 1.7601 505.9699 181.9117 538.9621 204.9273 1.5544 1.6662 3.9068 -6.2715 2.2363 52.3154 1.6409 0.0603
Car -1 -1 1.7721 317.1096 167.4273 375.1422 202.3810 1.4690 1.6364 4.1755 -11.7805 1.2409 32.5070 1.4267 0.0589
Car -1 -1 0.8303 0.0000 176.8502 196.3396 375.0000 1.5242 1.6476 4.0353 -4.1056 1.5452 2.7861 -0.0995 0.0585
Car -1 -1 1.3053 920.2315 247.4262 1242.0000 375.0000 1.4927 1.5631 3.6624 2.3804 2.0284 3.1984 1.8996 0.0575
Car -1 -1 0.5373 441.3773 180.1467 537.9949 214.5588 1.5484 1.6759 4.3381 -5.7661 1.9150 34.7029 0.3733 0.0558
Car -1 -1 1.2452 610.5803 166.7938 649.7913 189.3961 1.5553 1.6517 3.8834 1.4355 1.1383 51.7495 1.2725 0.0529
Car -1 -1 3.8152 616.9334 217.5938 1242.0000 375.0000 1.4689 1.5783 3.8639 1.7645 1.8938 4.7987 4.1455 0.0524
Car -1 -1 5.3505 0.0000 147.9664 201.4865 302.5045 1.5981 1.6571 3.9974 -7.3032 1.3407 9.4650 4.7067 0.0521
Car -1 -1 1.1941 869.6508 163.6115 970.5606 216.3625 1.6280 1.6623 4.2297 10.3521 1.3427 24.3987 1.5907 0.0517