Car -1 -1 4.6386 679.0059 181.4837 736.6727 230.9831 1.5055 1.6593 3.4612 3.2441 1.8178 24.3380 4.7687 0.9651
Car -1 -1 1.0476 862.0383 222.6868 1242.0000 375.0000 1.3312 1.5434 3.6062 3.0104 1.7797 4.6779 1.5896 0.9393
Car -1 -1 1.9920 25.1714 195.6633 432.5199 375.0000 1.4342 1.7001 4.0473 -3.0626 1.7161 6.8797 1.5863 0.8661
Car -1 -1 4.6009 663.1778 181.6480 713.4261 222.1192 1.5166 1.6217 3.9860 3.1945 1.9055 29.9058 4.7056 0.8616
Car -1 -1 1.5050 542.7732 177.7655 574.8027 206.1910 1.5458 1.6052 3.8271 -2.9904 1.8449 41.9349 1.4338 0.6874
Car -1 -1 4.6598 651.8085 167.3265 691.0057 202.2767 1.6695 1.7412 4.5322 3.0884 1.4054 36.7566 4.7425 0.1762
Car -1 -1 5.4884 0.0000 173.7254 168.6292 285.8000 1.7049 1.6237 3.8196 -10.0876 1.7230 13.0041 4.8384 0.1578
Car -1 -1 1.5213 539.0916 174.6527 574.0613 208.4585 1.7608 1.7245 4.1391 -2.9824 1.8658 39.9723 1.4468 0.1317
Car -1 -1 2.2902 150.8345 191.9118 275.2572 244.8831 1.5054 1.5443 3.6949 -12.9931 2.1888 23.8990 1.7966 0.0896
Car -1 -1 2.8691 0.0000 207.6104 425.3630 375.0000 1.4200 1.5766 4.0496 -4.1568 1.8800 7.5834 2.3815 0.0832
Car -1 -1 1.5920 628.4550 187.4165 669.1843 227.0721 1.4490 1.5766 4.0874 1.6743 2.0969 30.0029 1.6464 0.0806
Car -1 -1 4.6403 419.1977 205.8217 566.7844 350.8471 1.4544 1.7171 4.2415 -1.8604 2.0392 10.5316 4.4683 0.0756
Car -1 -1 5.2774 199.2952 184.3648 303.1119 231.0699 1.4761 1.5542 3.6951 -12.6255 1.9164 25.6745 4.8241 0.0742
Car -1 -1 1.4189 697.4468 173.1261 740.4313 202.7777 1.4629 1.6058 4.1004 5.6526 1.4779 37.6904 1.5661 0.0702
Car -1 -1 1.8167 569.6672 180.9571 596.2872 198.3950 1.5079 1.5384 3.9245 -2.4139 2.2769 66.4028 1.7801 0.0690
Car -1 -1 4.1682 1039.6718 189.7052 1242.0000 375.0000 1.4979 1.5694 3.8690 6.6144 1.7355 8.1593 4.8310 0.0681
Car -1 -1 3.8540 198.8295 186.4142 322.2193 233.9414 1.4881 1.5825 3.6328 -11.8477 1.9727 24.5423 3.4081 0.0622
Car -1 -1 4.5885 413.1150 217.1920 547.0217 340.3328 1.4398 1.7044 4.0311 -2.3408 2.3226 12.1860 4.4013 0.0618
Car -1 -1 1.3817 718.9983 171.9868 763.5941 200.7938 1.4440 1.5823 4.0189 6.9104 1.4005 38.1873 1.5589 0.0615
Car -1 -1 4.6715 650.8114 171.7327 683.4244 204.0862 1.6519 1.5863 3.7180 3.0466 1.5946 38.7264 4.7489 0.0605
Car -1 -1 1.2237 530.4373 179.6979 570.0992 200.0974 1.4313 1.6134 4.3006 -4.5190 1.9695 54.4522 1.1409 0.0599
Car -1 -1 1.6575 570.7866 176.2331 592.8557 195.8233 1.6348 1.5794 4.0499 -2.3909 1.9394 62.9827 1.6193 0.0588
Car -1 -1 -0.1114 652.6794 162.7708 739.2547 195.1886 1.5400 1.6725 4.0201 4.1553 1.0610 35.1227 0.0051 0.0570
Car -1 -1 0.3058 524.1910 177.6068 596.8343 206.2389 1.5713 1.6058 3.8367 -2.7867 1.8510 41.2385 0.2382 0.0560
Car -1 -1 -0.7927 1057.3572 172.6497 1242.0000 254.8391 1.4698 1.6083 4.0654 11.1180 1.4662 13.9663 -0.1311 0.0555
Car -1 -1 1.5844 541.9863 176.4799 574.8655 207.4859 1.5516 1.6648 3.9211 -2.7049 1.7556 38.5804 1.5144 0.0547
Car -1 -1 1.6340 624.1404 174.2987 661.7433 205.5726 1.4914 1.6493 4.2484 1.7559 1.5695 36.8134 1.6807 0.0536
Car -1 -1 4.8850 619.1043 178.3976 661.7191 208.0847 1.5229 1.6728 4.1533 1.7669 1.8475 40.0455 4.9282 0.0504