Car -1 -1 4.6432 572.2773 176.5971 602.6461 201.7712 1.4804 1.6266 3.8710 -1.4180 1.7244 45.0352 4.6114 0.7079
Car -1 -1 4.5627 611.4611 171.6446 635.8242 189.8913 1.5600 1.6181 3.6494 1.2127 1.4566 63.6028 4.5813 0.1480
Car -1 -1 4.8286 377.1826 147.5549 445.2483 199.7379 1.5245 1.6553 3.6947 -6.2381 0.7854 23.0273 4.5667 0.1460
Car -1 -1 1.8067 386.4487 176.7230 453.3546 219.5036 1.4752 1.5821 3.7507 -7.0383 1.6307 27.1096 1.5546 0.0916
Car -1 -1 3.4446 532.8082 176.8722 604.0554 202.4603 1.4999 1.6839 4.0194 -2.4925 1.7523 44.0119 3.3879 0.0874
Car -1 -1 3.7395 354.8589 149.6027 493.1666 202.4909 1.5081 1.6117 3.8443 -5.6450 0.8451 21.9888 3.4908 0.0865
Car -1 -1 -0.2280 569.9179 175.7265 637.8592 201.0232 1.4923 1.5898 3.8907 -0.3613 1.6727 44.0732 -0.2367 0.0771
Car -1 -1 3.2821 553.8106 176.6219 622.2646 201.8092 1.5143 1.6185 4.0533 -1.3063 1.7531 44.7154 3.2526 0.0761
Car -1 -1 0.2020 307.0236 150.7030 452.6655 203.3018 1.5332 1.6216 3.9883 -6.9141 0.8875 22.0355 -0.0988 0.0750
Car -1 -1 1.7336 427.9753 174.2421 490.0058 216.0392 1.4528 1.6539 3.9659 -5.5950 1.5090 27.2262 1.5324 0.0707
Car -1 -1 1.6204 372.4800 163.5928 430.8002 213.2847 1.5224 1.6579 4.2782 -6.9325 1.2387 24.3760 1.3459 0.0683
Car -1 -1 4.7216 349.2523 148.4381 408.9503 201.8172 1.5055 1.6227 4.0006 -7.1475 0.8169 22.5007 4.4172 0.0611
Car -1 -1 1.4933 419.8311 170.4919 478.9369 218.6443 1.4988 1.6515 4.2054 -5.5580 1.4253 24.7107 1.2739 0.0601
Car -1 -1 4.8315 582.7676 176.7847 615.8740 202.0559 1.4949 1.6060 4.1194 -0.6003 1.7542 45.4777 4.8179 0.0535
Car -1 -1 4.7689 621.6489 172.1966 643.2750 191.3705 1.6242 1.6778 3.8124 2.0300 1.5685 63.0926 4.8005 0.0515