Car -1 -1 1.7237 433.2455 185.8172 514.0486 242.0780 1.4692 1.7622 4.2959 -4.0250 1.9037 22.0135 1.5442 0.9505
Car -1 -1 2.1938 0.0000 197.4966 222.9782 375.0000 1.5784 1.6935 4.3328 -6.5991 1.9472 8.6209 1.5550 0.9503
Car -1 -1 1.8922 291.7980 194.7142 403.2177 256.6280 1.3787 1.6142 4.0016 -6.9276 2.0305 19.5026 1.5545 0.9437
Car -1 -1 1.7298 488.9321 184.8885 535.4430 221.5863 1.4782 1.5067 3.4556 -4.2578 2.0404 31.9583 1.5978 0.9293
Car -1 -1 4.7016 631.3799 177.6605 661.0212 204.2017 1.4127 1.6070 3.9702 2.0646 1.7003 41.1504 4.7508 0.8049
Car -1 -1 2.8335 720.0394 170.8397 822.8043 205.1161 1.5744 1.7162 4.4403 7.6253 1.4819 34.1988 3.0506 0.6443
Car -1 -1 2.8906 715.0436 155.4809 800.5438 185.0216 1.4882 1.5990 4.0523 7.6119 0.6130 37.2516 3.0905 0.5566
Car -1 -1 4.7973 845.0084 164.2348 871.3764 184.7726 1.5632 1.6527 3.8756 19.6759 0.9071 57.0235 5.1277 0.2420
Car -1 -1 1.2570 895.8765 165.0150 947.1258 191.9984 1.4666 1.5753 3.8005 17.7337 1.0405 41.1803 1.6608 0.1881
Car -1 -1 2.8957 806.4641 163.4714 860.1663 182.0895 1.7491 1.7696 4.5965 21.2950 0.8676 68.7899 3.1945 0.1813
Car -1 -1 4.1686 904.5045 147.5582 966.1665 177.3650 1.7579 1.7063 3.8707 20.0502 0.2660 44.5796 4.5888 0.1683
Car -1 -1 -0.4627 761.8382 173.7976 853.8361 206.1801 1.4884 1.5924 3.9331 9.4276 1.5349 34.3987 -0.1979 0.1508
Car -1 -1 1.3686 710.1925 172.0095 758.0398 202.9119 1.4113 1.5383 3.7824 5.9577 1.3728 34.8698 1.5360 0.1457
Car -1 -1 1.6081 427.7470 183.6408 453.3585 207.4798 1.5133 1.5695 3.7872 -11.5888 2.2852 49.6281 1.3795 0.1450
Car -1 -1 1.7477 419.2546 198.1891 468.6360 234.6559 1.4514 1.6095 3.4090 -7.4861 2.6668 32.8744 1.5249 0.1384
Car -1 -1 1.6466 809.4417 171.0524 837.9295 194.3831 1.5586 1.6157 3.9572 14.9699 1.4383 50.3398 1.9337 0.1383
Car -1 -1 4.1786 848.2515 161.2971 896.3649 184.0183 1.6443 1.7091 3.7731 19.6907 0.8079 54.2280 4.5250 0.1362
Car -1 -1 4.1463 943.7956 148.3272 1011.1863 180.4689 1.7258 1.6779 3.6459 20.6417 0.4089 40.6383 4.6134 0.1338
Car -1 -1 1.9252 387.7330 196.7913 453.1956 234.1434 1.4221 1.6647 3.4630 -8.2056 2.5302 31.5942 1.6726 0.1308
Car -1 -1 3.4693 595.6447 176.5573 639.4580 192.8515 1.5009 1.5943 3.8501 0.7620 1.8595 68.4845 3.4800 0.1276
Car -1 -1 2.5340 699.2842 172.0166 784.4757 203.6698 1.4408 1.5701 3.7675 6.3015 1.4027 34.3397 2.7135 0.1206
Car -1 -1 3.9172 331.7544 183.0370 409.6802 215.1838 1.5232 1.6501 3.6578 -12.1579 2.0633 36.7178 3.5992 0.1161
Car -1 -1 -0.9843 953.1598 148.3184 1029.3762 177.7484 1.6031 1.6763 4.4242 21.7596 0.2666 41.0993 -0.5003 0.1143
Car -1 -1 -0.3326 801.5446 159.6587 855.7595 177.0262 1.6119 1.6855 4.5823 20.5888 0.3872 67.8982 -0.0395 0.1040
Car -1 -1 -0.1008 687.2829 164.5730 759.1851 191.7529 1.6004 1.6761 4.1245 6.7951 1.1128 43.4304 0.0531 0.0990
Car -1 -1 1.9965 349.3978 184.4721 411.7336 217.9163 1.5272 1.6404 3.5617 -11.3891 2.1388 36.1131 1.6927 0.0978
Car -1 -1 1.3534 653.5441 179.4128 682.8775 199.0918 1.4853 1.5452 3.8403 4.6623 2.0290 57.8059 1.4330 0.0976
Car -1 -1 1.4453 804.8492 176.6115 844.4077 205.2279 1.4948 1.6125 4.0517 11.9772 1.7162 40.3782 1.7312 0.0907
Car -1 -1 2.8295 937.6331 154.4905 1035.6340 186.1533 1.5560 1.6450 4.0977 19.0517 0.6536 36.6048 3.3060 0.0899
Car -1 -1 4.5800 677.2126 168.6015 712.2528 197.1378 1.6776 1.6030 4.1561 5.2038 1.4276 44.5083 4.6952 0.0898
Car -1 -1 4.5803 644.6976 177.3771 686.5976 208.7941 1.4695 1.6091 3.7378 2.7621 1.7085 36.2119 4.6552 0.0851
Car -1 -1 1.8483 426.1719 178.0722 461.9826 200.8258 1.5341 1.5165 3.7401 -11.7504 1.9199 51.4320 1.6244 0.0830
Car -1 -1 4.5688 876.4017 156.5162 910.6791 181.7092 1.7050 1.6914 3.9678 20.0051 0.5993 50.9569 4.9408 0.0826
Car -1 -1 -0.6721 642.8194 175.2520 728.2033 207.1014 1.4866 1.6518 4.0614 3.7853 1.6114 35.7372 -0.5679 0.0826
Car -1 -1 3.6705 90.2256 184.3377 218.1191 225.6932 1.6585 1.6584 4.2997 -19.0569 2.1552 30.3197 3.1131 0.0785
Car -1 -1 2.8507 836.5118 163.1207 896.0320 182.4125 1.4724 1.6058 4.0590 19.8763 0.7295 55.9704 3.1902 0.0779
Car -1 -1 1.5585 432.9128 198.0625 474.1975 234.9059 1.4205 1.6995 3.1803 -6.9188 2.5970 31.9377 1.3463 0.0774
Car -1 -1 1.4734 760.9919 171.9040 807.8423 207.1206 1.5409 1.7011 4.3605 8.1286 1.4994 33.8469 1.7066 0.0773
Car -1 -1 3.2232 431.9263 198.1816 512.6818 233.4045 1.4801 1.7185 3.4791 -6.1896 2.6693 32.8428 3.0376 0.0765
Car -1 -1 0.4726 277.4688 180.2768 374.9405 217.0505 1.4927 1.5410 3.5370 -11.9843 1.8174 30.6178 0.1021 0.0735
Car -1 -1 4.5641 777.3350 173.8614 822.4739 206.1650 1.4696 1.5633 3.7175 9.1401 1.5210 34.8762 4.8179 0.0721
Car -1 -1 1.6188 811.5728 175.9854 842.1773 202.3646 1.4857 1.5783 3.8393 13.0449 1.6822 43.2032 1.9097 0.0702
Car -1 -1 1.2669 355.8846 179.1884 399.4239 203.8573 1.4650 1.5694 3.8135 -14.7838 1.8856 45.8938 0.9566 0.0700
Car -1 -1 3.5908 394.6102 179.5385 455.2485 201.9621 1.5209 1.6088 3.8164 -12.9820 2.0023 50.8012 3.3415 0.0686
Car -1 -1 1.8259 453.8491 178.1169 484.5929 197.1628 1.5044 1.5829 3.8717 -11.6434 1.9570 60.0695 1.6349 0.0678
Car -1 -1 -0.6597 859.6959 161.8318 918.8307 182.7941 1.5139 1.6169 3.9175 20.7099 0.7179 53.4465 -0.2920 0.0669
Car -1 -1 2.8195 905.4934 163.3745 984.7498 190.4874 1.4742 1.5466 3.7038 18.6431 0.9588 40.2017 3.2507 0.0651
Car -1 -1 4.9491 433.1843 196.1925 488.2995 232.9594 1.4886 1.6514 3.8442 -6.8661 2.6398 33.6401 4.7486 0.0641
Car -1 -1 2.2085 815.0867 171.1281 869.3676 194.0778 1.5119 1.5983 3.7760 15.9090 1.3982 49.2833 2.5187 0.0637
Car -1 -1 4.5704 617.3258 174.0977 659.4088 205.5311 1.5063 1.6147 3.7571 1.4125 1.5729 36.6824 4.6081 0.0635
Car -1 -1 -0.7527 918.2075 148.7153 993.5150 175.5337 1.5764 1.6665 4.0954 21.0256 0.1575 43.8268 -0.3080 0.0610
Car -1 -1 -0.5655 876.9992 158.6076 942.1955 181.1595 1.5278 1.6198 3.9168 20.7788 0.5627 50.0192 -0.1739 0.0577
Car -1 -1 4.9274 791.8448 142.4930 885.6256 203.0920 1.5142 1.6675 4.1163 6.5139 0.7555 20.2285 5.2345 0.0575
Car -1 -1 4.5672 800.5543 162.9001 826.6478 180.3151 1.5801 1.7201 4.4920 19.1317 0.6770 67.8035 4.8410 0.0567
Car -1 -1 1.1129 809.8374 179.7495 869.4128 207.0687 1.4294 1.6742 3.8376 12.9355 1.8386 40.7976 1.4174 0.0564
Car -1 -1 3.4343 818.0755 175.4017 896.9124 202.1160 1.4581 1.5945 4.0039 14.2459 1.6112 41.5403 3.7621 0.0558
Car -1 -1 4.5130 929.6369 148.3783 973.8399 175.6496 1.6091 1.6901 4.0750 21.1569 0.1650 44.7534 4.9521 0.0553
Car -1 -1 4.6814 717.3527 161.4208 746.5037 188.7432 1.6112 1.6477 3.8766 7.5194 0.9370 44.5794 4.8471 0.0547
Car -1 -1 -0.0450 609.4647 177.6906 650.7558 193.8635 1.5030 1.6432 3.8426 1.9262 1.9673 68.4200 -0.0174 0.0544
Car -1 -1 5.1465 98.4286 182.3256 180.0225 220.3608 1.4821 1.5999 3.4615 -20.0053 1.9110 30.8483 4.5749 0.0537
Car -1 -1 4.1950 889.4553 165.3164 952.1155 193.4624 1.4922 1.5829 3.6727 17.2508 1.0926 40.1683 4.5977 0.0537
Car -1 -1 1.5067 375.9840 179.3017 406.6057 203.2028 1.4508 1.6582 4.1647 -14.3279 1.8931 47.2485 1.2135 0.0533
Car -1 -1 4.5970 407.3230 193.7559 452.7803 230.1191 1.4691 1.6309 3.7236 -8.3835 2.4987 33.5134 4.3531 0.0532
Car -1 -1 -0.5296 147.8533 176.3946 692.0566 375.0000 1.4875 1.5962 4.0625 -1.2750 1.5263 5.9525 -0.7334 0.0528
Car -1 -1 0.1354 662.6797 173.1665 756.2056 205.2860 1.4850 1.6545 4.2797 4.8258 1.5006 34.7562 0.2717 0.0526
Car -1 -1 1.5880 430.9540 184.8580 456.2444 208.7758 1.4785 1.5887 3.6011 -11.1125 2.3167 48.4600 1.3633 0.0523
Car -1 -1 1.6072 384.9218 203.2159 438.9521 252.2621 1.4316 1.6841 3.4577 -6.8467 2.5731 25.2541 1.3443 0.0521
Car -1 -1 1.3986 719.1653 171.0548 772.0994 207.3208 1.5798 1.6911 4.3101 6.2560 1.5014 33.5935 1.5807 0.0519
Car -1 -1 1.5372 124.1391 202.6474 227.2013 292.6682 1.4302 1.6375 4.2150 -9.1459 2.1472 15.1471 1.0014 0.0516
Car -1 -1 3.0168 677.9373 163.1951 751.3694 190.2505 1.6290 1.6817 4.2851 6.4109 1.0474 44.3217 3.1592 0.0515
Car -1 -1 -0.4602 787.8392 173.0605 880.8842 205.5430 1.5126 1.6374 3.9635 10.7925 1.5229 34.7414 -0.1619 0.0510
Car -1 -1 2.7654 679.1558 170.4447 754.4610 197.7943 1.5621 1.6553 4.0611 6.2963 1.4245 42.4799 2.9111 0.0508
Car -1 -1 -0.2198 795.7065 181.3770 870.5261 207.6667 1.4654 1.6237 3.8769 12.9013 1.9705 41.7999 0.0771 0.0507
Car -1 -1 1.3684 793.2504 174.9668 845.2369 208.5247 1.4662 1.5616 3.9399 9.7506 1.5711 33.8031 1.6464 0.0503