Car -1 -1 4.7196 394.6798 171.2565 436.9299 208.8420 1.4741 1.6118 3.6138 -8.0985 1.4114 30.2487 4.4598 0.7876
Car -1 -1 4.2664 550.1562 135.5994 649.2121 195.9401 2.1627 1.9528 4.9519 -0.5122 0.8275 28.5124 4.2482 0.3091
Car -1 -1 -0.5619 704.5645 129.2112 836.6883 177.1385 1.5315 1.6529 4.1433 5.4697 0.1369 24.5344 -0.3450 0.2288
Car -1 -1 4.4983 423.0517 166.3685 457.6661 191.0713 1.8254 1.7331 4.2568 -13.0782 1.3462 55.6120 4.2681 0.1411
Car -1 -1 4.4153 579.5627 142.2377 647.4846 190.4954 1.7077 1.6638 3.3431 0.0865 0.6243 27.3737 4.4181 0.0911
Car -1 -1 4.6950 431.4041 177.2383 458.5865 203.4659 1.5092 1.5565 3.7205 -10.1044 1.7897 44.1761 4.4711 0.0895
Car -1 -1 0.2785 356.1818 174.7710 441.1500 204.5719 1.5311 1.6771 3.9891 -11.0641 1.6344 38.0241 -0.0031 0.0871
Car -1 -1 0.0469 398.4257 164.8117 460.4380 187.8321 1.6964 1.7015 4.4618 -13.5360 1.1038 54.4397 -0.1958 0.0863
Car -1 -1 5.0107 403.2412 168.8860 453.9379 197.8200 1.4964 1.6142 3.8256 -9.7842 1.2912 39.2714 4.7678 0.0827
Car -1 -1 -0.3592 601.6649 156.1250 717.0245 199.4096 1.5467 1.6297 4.0119 1.8564 0.9489 27.1403 -0.2920 0.0798
Car -1 -1 5.1848 381.2262 162.3385 423.0882 184.9597 1.7832 1.7257 3.8333 -16.8883 0.9543 58.9263 4.9067 0.0754
Car -1 -1 4.3672 715.3365 129.4349 797.2927 177.3184 1.5388 1.6142 3.7337 5.0182 0.1435 25.1541 4.5620 0.0753
Car -1 -1 1.4529 417.6190 175.9892 458.7503 207.4841 1.5030 1.6062 3.8609 -8.8172 1.6726 36.9385 1.2198 0.0742
Car -1 -1 1.7597 419.9357 184.7026 470.8624 218.3902 1.4479 1.6184 4.1470 -7.7948 2.0503 34.5861 1.5392 0.0735
Car -1 -1 3.3941 353.7607 161.1497 415.7880 182.9617 1.7415 1.6784 4.5293 -18.2012 0.8070 58.5545 3.0939 0.0680
Car -1 -1 4.4944 514.5773 144.3367 581.8688 192.7736 1.7437 1.7140 4.3877 -2.4934 0.7171 28.3248 4.4071 0.0625
Car -1 -1 4.6265 387.0421 161.8815 414.6047 187.0114 1.8683 1.6972 4.2387 -16.2111 1.0526 55.9264 4.3455 0.0576
Car -1 -1 3.3725 427.9468 177.4445 493.8934 203.0957 1.4926 1.5981 3.5902 -8.8531 1.7725 43.1408 3.1710 0.0569
Car -1 -1 5.0713 542.4165 175.7314 597.2505 206.6662 1.4997 1.6220 3.7406 -1.9997 1.6568 37.3836 5.0177 0.0536
Car -1 -1 2.8926 377.8897 175.0421 452.6193 202.2011 1.5237 1.6239 3.9661 -11.4120 1.6574 42.4276 2.6311 0.0528
Car -1 -1 0.4899 378.0143 178.5768 463.6147 209.8683 1.4827 1.6150 3.8051 -9.3624 1.7769 35.8681 0.2360 0.0522
Car -1 -1 -0.1845 544.1945 177.3060 625.2493 207.9775 1.4806 1.6317 3.8518 -1.2741 1.7127 36.3993 -0.2198 0.0515
Car -1 -1 4.1918 597.8628 164.2603 680.1261 204.5058 1.5146 1.6301 3.8340 1.1173 1.1912 29.2300 4.2291 0.0502
Car -1 -1 5.2331 428.3728 179.6749 494.6950 210.9540 1.4668 1.5951 3.8705 -7.4837 1.8347 36.8336 5.0336 0.0501