Car -1 -1 2.1479 0.0000 216.2438 233.8717 375.0000 1.4319 1.5450 3.5590 -5.9192 2.0332 8.1953 1.5373 0.9797
Car -1 -1 1.9544 207.9452 199.4825 381.5007 293.7997 1.4334 1.6316 4.1595 -5.9577 2.0355 14.2286 1.5638 0.9726
Car -1 -1 1.8674 360.7233 190.5756 461.6566 247.7308 1.4445 1.7149 4.3414 -5.8443 2.0340 21.8016 1.6078 0.9689
Car -1 -1 4.4848 705.6547 178.3951 823.1736 254.5224 1.4385 1.6220 4.0505 3.2670 1.5769 15.9812 4.6819 0.9343
Car -1 -1 4.5815 683.0110 177.9692 758.2428 234.3266 1.4902 1.6541 4.2588 3.2147 1.6586 21.6089 4.7265 0.8808
Car -1 -1 1.4098 662.9572 177.8123 713.2646 214.9982 1.4885 1.5747 3.7690 3.3459 1.7170 31.3222 1.5146 0.8682
Car -1 -1 1.8229 472.0054 180.6883 522.8549 214.5425 1.5797 1.5890 4.0525 -5.6402 2.0013 36.7330 1.6711 0.8553
Car -1 -1 1.7741 428.9021 186.1064 486.7460 228.3722 1.4509 1.4668 3.5809 -5.7497 1.9922 27.6825 1.5706 0.8490
Car -1 -1 2.5453 1025.2046 137.4452 1242.0000 236.4085 1.5907 1.5557 3.7062 9.4861 1.0215 12.4545 3.1848 0.8173
Car -1 -1 2.4511 1093.5305 140.3406 1242.0000 260.9097 1.5245 1.6187 3.9017 9.2250 1.1134 10.0090 3.1811 0.7396
Car -1 -1 2.7556 855.0241 160.5253 1051.8177 225.2179 1.5069 1.6076 4.0525 8.3145 1.2197 17.7032 3.1879 0.7183
Car -1 -1 2.6050 935.4544 154.3521 1156.9114 232.9865 1.5456 1.4902 3.6890 8.9284 1.1820 14.9402 3.1347 0.7004
Car -1 -1 1.6951 0.0000 204.5674 11.7979 243.7836 1.4353 1.6621 3.5543 -27.3969 2.9044 31.4847 0.9831 0.5555
Car -1 -1 1.4941 644.5522 175.3070 673.4213 199.1323 1.4373 1.5415 3.7091 3.0987 1.5993 45.7736 1.5608 0.5271
Car -1 -1 4.5625 650.7620 178.4198 693.6872 209.0478 1.4744 1.6572 3.8064 3.1931 1.7779 37.3974 4.6464 0.3810
Car -1 -1 1.8599 513.1983 181.0251 549.4623 203.5628 1.5107 1.5830 3.7448 -5.5722 2.1196 51.7881 1.7528 0.3073
Car -1 -1 3.7644 24.0062 185.4363 165.1904 228.5499 1.4513 1.5791 3.8878 -18.1726 1.9112 25.5683 3.1513 0.2784
Car -1 -1 1.5717 0.0000 205.9180 50.2098 245.4875 1.4907 1.7159 3.8177 -26.3929 3.0772 32.5943 0.8949 0.2409
Car -1 -1 1.2747 449.3249 177.8844 485.1492 198.0096 1.4547 1.5936 4.0198 -10.9574 1.8557 55.3754 1.0799 0.2334
Car -1 -1 2.8568 826.0468 145.2544 955.7720 193.4364 1.4645 1.5846 3.5220 8.8304 0.6256 22.8604 3.2210 0.2320
Car -1 -1 5.0398 64.9250 184.0346 155.5789 229.0437 1.4576 1.6170 3.6185 -18.0767 1.8955 26.3001 4.4422 0.2011
Car -1 -1 4.5825 741.6761 170.0850 773.4059 198.0226 1.6684 1.4825 3.5185 9.1683 1.5031 44.8970 4.7822 0.1956
Car -1 -1 1.7082 773.6749 179.2798 821.6121 217.7854 1.6447 1.6240 4.1536 8.8621 1.9655 33.7921 1.9619 0.1699
Car -1 -1 4.9951 73.3236 167.9086 121.1287 192.2486 1.6387 1.6729 4.0294 -35.9661 1.3057 50.7540 4.3810 0.1616
Car -1 -1 1.5326 531.3090 182.8502 553.6548 203.8316 1.5387 1.6049 3.8959 -5.3172 2.3551 56.8920 1.4394 0.1596
Car -1 -1 5.0626 498.2413 172.1260 545.9657 199.0913 1.7507 1.7760 4.5485 -5.9044 1.7034 49.2619 4.9436 0.1577
Car -1 -1 1.3266 701.0838 169.4560 729.2859 186.2965 1.5093 1.6382 4.0853 9.7376 1.2047 66.7789 1.4705 0.1457
Car -1 -1 4.2568 629.5543 166.1208 665.3185 185.8333 1.7115 1.6623 3.8862 3.3634 1.1269 64.7605 4.3082 0.1422
Car -1 -1 2.8936 863.5788 138.6985 1014.7594 189.9894 1.5124 1.5930 3.9955 10.1155 0.5053 22.4016 3.3129 0.1216
Car -1 -1 4.8399 780.2440 180.1555 823.8593 213.9190 1.5014 1.5778 3.8351 9.3970 1.8771 35.0561 5.0991 0.1185
Car -1 -1 0.5462 71.8736 179.0282 212.5218 222.8250 1.4828 1.5786 3.9273 -16.4329 1.7081 25.4951 -0.0218 0.1151
Car -1 -1 -0.3560 792.2114 149.1538 927.6567 199.0234 1.4968 1.5719 3.6705 7.7372 0.7855 22.4956 -0.0289 0.1093
Car -1 -1 3.5714 472.9700 168.6637 536.6688 192.6384 1.5486 1.6191 3.8643 -6.9473 1.2779 47.9288 3.4279 0.1060
Car -1 -1 1.6840 731.0646 171.0149 762.2562 197.0345 1.6405 1.5857 3.9860 9.0862 1.5245 47.6291 1.8710 0.0946
Car -1 -1 3.3861 408.2024 170.3762 496.4543 202.7798 1.4669 1.6028 3.7276 -7.2602 1.3547 33.5249 3.1741 0.0917
Car -1 -1 4.2616 909.5449 122.7921 1024.4590 177.6759 1.7129 1.7184 4.4836 12.0885 0.1505 24.7622 4.7112 0.0893
Car -1 -1 0.9232 483.7427 182.3939 535.6642 205.3571 1.5072 1.6401 3.8459 -7.0734 2.2059 50.9083 0.7854 0.0849
Car -1 -1 4.7946 80.4062 169.5351 113.6085 192.0080 1.5461 1.6121 3.9411 -36.7115 1.3178 51.7484 4.1798 0.0829
Car -1 -1 1.4411 767.4962 175.3504 823.3726 217.2767 1.4856 1.5758 3.8948 7.0918 1.5889 27.8337 1.6875 0.0822
Car -1 -1 4.6163 625.6973 182.2560 664.5496 212.9748 1.4357 1.6049 3.9947 1.7712 1.9444 37.0025 4.6631 0.0787
Car -1 -1 4.2940 465.6904 173.8900 501.9182 192.5994 1.4848 1.5545 3.7443 -10.3931 1.5730 59.4701 4.1215 0.0770
Car -1 -1 1.3133 789.8715 164.9832 835.6009 193.1627 1.6065 1.6160 4.1705 12.1066 1.1578 43.2297 1.5844 0.0749
Car -1 -1 -0.4417 648.5128 177.0819 729.4199 208.0271 1.4863 1.6312 3.7181 3.9981 1.7077 36.4117 -0.3338 0.0749
Car -1 -1 4.8757 624.3309 189.4227 695.8098 245.2449 1.4640 1.5805 3.8733 1.6395 2.0217 22.2179 4.9474 0.0744
Car -1 -1 4.4386 675.6190 164.6105 706.0684 184.1156 1.6151 1.6274 3.7644 6.9183 0.9325 61.7352 4.5494 0.0734
Car -1 -1 4.6898 791.4968 158.1272 847.0986 207.6529 1.4954 1.6280 3.9528 6.8814 1.0507 23.9040 4.9665 0.0727
Car -1 -1 0.8408 0.0000 203.1220 25.6700 239.1880 1.4453 1.7085 3.9439 -28.2969 2.8249 31.8071 0.1177 0.0725
Car -1 -1 1.8052 460.2254 175.2591 512.4500 207.9391 1.4814 1.6029 4.0177 -5.9185 1.6052 35.0698 1.6389 0.0706
Car -1 -1 2.1049 30.7139 187.4578 148.2100 235.0286 1.4355 1.5723 3.7600 -17.7909 1.9787 24.9005 1.4894 0.0682
Car -1 -1 4.7644 661.2186 159.5669 692.6505 187.2434 1.5597 1.6508 3.9303 4.0293 0.8109 42.7252 4.8576 0.0681
Car -1 -1 4.4504 843.2131 146.1822 929.8454 195.4987 1.4985 1.6548 4.1181 9.1052 0.6881 24.0530 4.8081 0.0656
Car -1 -1 1.6495 770.7183 172.8634 825.7939 217.9597 1.4913 1.6139 4.0422 6.8716 1.4917 26.0354 1.9043 0.0640
Car -1 -1 1.7052 461.1667 174.3802 490.3272 196.1391 1.6257 1.6666 4.3754 -10.4234 1.7498 56.4469 1.5231 0.0635
Car -1 -1 4.7590 0.0000 191.0990 108.6672 277.9317 1.4859 1.6270 3.9012 -11.6306 1.9249 15.2889 4.1169 0.0631
Car -1 -1 1.8034 24.5775 180.4026 122.6887 232.1487 1.4694 1.6344 3.9770 -17.1350 1.7353 23.2663 1.1739 0.0617
Car -1 -1 1.4841 622.5737 174.9682 653.0042 199.4719 1.4724 1.5794 4.0300 1.7488 1.6125 45.7620 1.5216 0.0615
Car -1 -1 1.0454 614.6226 181.5871 653.9011 200.5301 1.4992 1.5646 3.9269 2.0561 2.2646 61.1396 1.0784 0.0613
Car -1 -1 4.4245 451.7531 172.9285 484.3084 192.9517 1.6406 1.6320 4.0488 -12.0574 1.6472 61.3079 4.2308 0.0610
Car -1 -1 1.0492 506.8864 184.7234 549.4544 205.9270 1.5266 1.6444 3.7464 -6.3671 2.4836 56.1793 0.9364 0.0608
Car -1 -1 1.4000 656.5050 175.5840 702.5800 208.3365 1.5044 1.6003 3.9335 3.3828 1.6464 35.5023 1.4937 0.0608
Car -1 -1 4.4631 733.0111 165.7974 810.1637 214.0101 1.4732 1.6110 3.7001 5.2753 1.2576 23.9251 4.6771 0.0597
Car -1 -1 2.9256 759.0972 180.2272 849.7599 213.0841 1.5218 1.6486 3.9489 9.3243 1.8861 34.7363 3.1851 0.0585
Car -1 -1 1.3104 758.6050 169.2675 798.0428 193.2587 1.6517 1.6887 4.3469 12.0745 1.4047 51.8741 1.5375 0.0582
Car -1 -1 2.0994 0.0000 200.7237 11.7917 242.6206 1.4586 1.6375 3.7297 -26.7344 2.6848 29.7561 1.3718 0.0578
Car -1 -1 4.0720 650.7926 166.5862 703.9828 188.9411 1.5823 1.6975 4.2659 4.9627 1.1386 53.3322 4.1640 0.0578
Car -1 -1 4.8236 491.8938 168.3258 523.8134 193.3137 1.6199 1.6874 4.1286 -6.8412 1.3263 48.8616 4.6849 0.0573
Car -1 -1 1.8628 394.5029 177.8271 442.8899 204.4902 1.4511 1.6049 4.1165 -11.0767 1.7558 42.1315 1.6069 0.0571
Car -1 -1 1.1900 810.9344 156.3012 904.3744 203.2413 1.4885 1.6353 4.0675 8.4533 0.9636 24.9582 1.5127 0.0570
Car -1 -1 2.6800 1138.8024 129.9936 1242.0000 182.3649 1.5915 1.6560 4.2515 19.8722 0.2890 23.2363 3.3815 0.0564
Car -1 -1 3.7343 1123.3549 134.6772 1242.0000 283.6898 1.5322 1.6546 4.1668 9.4383 1.1396 9.6321 4.4943 0.0539
Car -1 -1 2.5076 734.9019 170.0088 800.5513 195.7350 1.5289 1.5765 3.7365 9.7265 1.3598 44.3622 2.7217 0.0539
Car -1 -1 4.9828 664.0854 176.5450 715.1819 206.9025 1.4774 1.6551 3.9879 4.2495 1.6818 37.7988 5.0934 0.0537
Car -1 -1 1.9166 511.5424 180.6583 553.6500 203.9299 1.5922 1.6811 4.4485 -5.6293 2.1944 53.3114 1.8115 0.0537
Car -1 -1 4.2664 869.7898 137.7960 979.3185 190.3036 1.5163 1.6193 3.9094 9.8189 0.5039 22.8249 4.6680 0.0535
Car -1 -1 3.7986 1159.5990 132.9499 1242.0000 182.8031 1.5791 1.6497 3.6170 21.3025 0.3151 24.7951 4.5027 0.0532
Car -1 -1 5.0582 678.3455 165.7407 718.2443 190.4263 1.7470 1.6822 3.9479 6.5814 1.2436 53.2048 5.1803 0.0531