Car -1 -1 4.8199 536.4415 169.5882 566.0890 192.2210 1.5189 1.6266 4.1180 -3.6578 0.7861 49.5364 4.7485 0.5668
Car -1 -1 2.7100 835.2501 148.4573 937.0398 178.5550 1.4489 1.5987 4.4285 13.9441 -0.0994 35.0760 3.0872 0.5639
Car -1 -1 4.3706 827.0634 155.2244 860.3478 173.6375 1.6413 1.6993 4.0815 22.5266 -0.6671 66.6090 4.6971 0.4010
Car -1 -1 4.5251 899.8604 163.4933 935.9271 186.8045 1.5860 1.6200 4.0014 22.2423 0.4285 50.2366 4.9413 0.1320
Car -1 -1 1.4796 873.5820 152.9142 936.9806 202.4057 1.5729 1.6554 3.9225 10.3805 0.6960 24.5908 1.8762 0.1258
Car -1 -1 1.4761 907.6124 159.9852 941.8415 187.3886 1.7285 1.6721 4.1588 21.1861 0.4341 46.8364 1.9001 0.1130
Car -1 -1 1.2629 919.0552 149.4842 1013.1514 202.1799 1.5499 1.6034 3.7792 11.5354 0.6375 22.7881 1.7277 0.0785
Car -1 -1 -0.4518 827.0367 155.9242 875.5966 172.4944 1.4890 1.6144 3.9406 22.9036 -0.7545 65.5569 -0.1153 0.0733
Car -1 -1 -0.0491 537.5872 169.2413 600.5308 191.9073 1.5142 1.6781 4.2174 -2.4193 0.7616 48.2752 -0.0970 0.0699
Car -1 -1 4.3385 818.6875 150.1442 883.2188 182.5388 1.5652 1.7098 4.1745 12.5752 0.0982 36.2838 4.6713 0.0665
Car -1 -1 4.2896 528.3141 162.6459 567.8857 184.6899 1.7503 1.7322 4.0970 -4.6589 0.3322 58.3533 4.2123 0.0656
Car -1 -1 -0.3169 897.6700 164.0366 961.4376 186.2923 1.5100 1.6067 3.6953 22.5005 0.3925 48.9781 0.1130 0.0654
Car -1 -1 3.3650 508.3977 170.6759 568.2546 192.8501 1.4805 1.5826 3.8089 -4.4643 0.8241 48.2456 3.2751 0.0571
Car -1 -1 4.9667 764.5139 114.9030 887.6012 197.6886 1.5654 1.6670 3.7169 4.9291 0.3249 15.3868 5.2732 0.0565
Car -1 -1 4.4470 539.1464 161.7509 573.4557 184.8956 1.7586 1.7380 3.9371 -3.8137 0.3335 55.8674 4.3810 0.0527
Car -1 -1 1.3016 911.3013 152.4408 1000.7212 204.1339 1.6129 1.7090 4.0004 11.9034 0.7372 24.1843 1.7555 0.0521
Car -1 -1 2.8308 756.6323 123.0381 963.2413 203.4831 1.5988 1.6571 3.7706 5.2738 0.4567 14.9270 3.1660 0.0515
Car -1 -1 3.2712 924.3461 146.1219 1074.9517 196.5679 1.5228 1.6356 4.1482 12.9358 0.4848 23.2301 3.7754 0.0513
Car -1 -1 -0.5767 546.7192 168.7847 614.1766 192.5704 1.5594 1.6916 4.3912 -1.5879 0.7909 48.3021 -0.6076 0.0502