Car -1 -1 1.8789 293.3143 191.1767 520.5016 352.4500 1.5647 1.6578 3.8702 -2.3562 1.8549 9.4395 1.6396 0.9704
Car -1 -1 1.7175 552.4277 182.0409 611.4572 226.6805 1.4618 1.6219 3.7087 -0.9371 1.8220 26.3563 1.6816 0.9023
Car -1 -1 4.6280 376.3334 181.1849 415.7794 212.5593 1.5379 1.6877 4.2299 -11.5426 2.0128 38.8548 4.3407 0.1570
Car -1 -1 1.3328 347.7596 189.3357 384.8112 212.1871 1.4785 1.6607 3.8419 -17.4734 2.7075 51.7350 1.0083 0.1377
Car -1 -1 1.7431 544.5938 179.6244 574.9248 200.3459 1.4897 1.6232 4.2303 -3.7875 2.0309 55.4910 1.6749 0.1184
Car -1 -1 1.4764 347.5015 183.8927 373.5747 203.0792 1.4544 1.6557 4.0718 -20.5338 2.3970 59.4175 1.1447 0.1118
Car -1 -1 1.6450 551.3085 176.4387 575.3231 197.6943 1.6054 1.5995 4.1146 -3.6357 1.9001 57.2592 1.5814 0.1042
Car -1 -1 1.8196 533.9730 180.7167 568.8803 202.1240 1.4963 1.6410 4.1465 -4.3221 2.1109 54.2174 1.7400 0.0799
Car -1 -1 -0.2038 379.7075 182.5777 465.2602 215.6058 1.6210 1.6142 4.1218 -9.8430 2.1552 38.0058 -0.4560 0.0772
Car -1 -1 3.4293 341.3253 185.5360 399.0441 204.7843 1.5097 1.5010 4.1860 -19.3693 2.5520 58.4824 3.1105 0.0732
Car -1 -1 1.8703 330.8028 185.2521 385.3154 216.4023 1.5160 1.6296 4.0682 -13.4517 2.2184 38.8151 1.5384 0.0687
Car -1 -1 1.3202 545.3179 178.2337 581.8824 201.0627 1.5592 1.6691 4.1901 -3.3937 1.9681 52.5907 1.2556 0.0680
Car -1 -1 1.9557 591.2861 180.0703 624.6155 198.9782 1.5650 1.5357 4.0223 -0.1051 2.2217 63.5150 1.9536 0.0660
Car -1 -1 1.7211 578.5441 178.6210 607.7722 199.5285 1.4759 1.6129 3.9903 -1.1932 1.9255 54.1655 1.6988 0.0635
Car -1 -1 1.5587 560.4725 176.5077 582.1832 196.9445 1.5237 1.6392 3.8129 -3.0146 1.8195 56.4525 1.5052 0.0629
Car -1 -1 1.6994 358.0205 184.6606 384.9282 203.8857 1.4499 1.5989 3.8823 -19.4289 2.4489 58.9973 1.3823 0.0604
Car -1 -1 1.5331 484.8860 194.7237 517.9515 227.0717 1.4583 1.5392 3.4591 -5.5603 2.6314 36.8614 1.3837 0.0583
Car -1 -1 1.6261 359.1106 189.9526 388.4811 215.9461 1.5063 1.5843 3.8707 -15.1886 2.6600 46.6129 1.3123 0.0562
Car -1 -1 1.7290 553.0925 179.7531 583.7402 201.1633 1.5022 1.6577 4.1808 -3.0473 2.0410 54.1848 1.6726 0.0550
Car -1 -1 -0.9871 569.2485 177.0918 613.7984 197.4482 1.4979 1.5957 3.8551 -1.3626 1.8389 56.0075 -1.0117 0.0540
Car -1 -1 1.9386 571.5828 177.8839 612.5233 199.6167 1.4910 1.5976 4.1734 -1.2323 1.8745 52.7702 1.9149 0.0527
Car -1 -1 3.1401 357.9243 184.6391 412.5957 204.3776 1.5184 1.5835 4.1799 -18.1698 2.4967 58.5245 2.8400 0.0513