Car -1 -1 3.0397 310.7104 184.4626 445.2932 233.1210 1.4670 1.7065 4.1363 -7.7388 1.8810 24.1261 2.7320 0.8930
Car -1 -1 1.6217 492.5016 180.4881 535.6270 218.1624 1.4974 1.6596 4.0090 -4.1176 1.8533 31.5778 1.4926 0.8399
Car -1 -1 1.4456 303.3969 175.8085 334.0558 198.9682 1.5897 1.5838 3.9061 -21.0497 1.8118 52.1533 1.0635 0.3374
Car -1 -1 4.2117 570.6270 161.7140 615.3785 187.2867 2.0241 1.8742 4.2446 -1.4058 1.1424 59.4175 4.1878 0.2809
Car -1 -1 3.2145 353.4616 183.3480 456.1655 224.5484 1.4861 1.6217 3.6887 -7.7991 1.9069 27.7754 2.9427 0.2524
Car -1 -1 1.5868 488.7192 177.8591 508.3755 197.0609 1.5494 1.5859 3.8605 -9.4028 1.9886 61.2939 1.4349 0.1910
Car -1 -1 4.5929 396.4957 184.2274 448.1490 225.7473 1.4862 1.5846 3.5767 -7.5363 1.9718 28.8519 4.3391 0.1537
Car -1 -1 1.6098 488.0998 177.0687 535.1075 223.3187 1.7621 1.7675 4.0107 -3.9980 1.9492 29.9476 1.4776 0.1293
Car -1 -1 1.2483 467.6666 182.8755 504.6414 203.5353 1.5045 1.6371 4.1700 -9.7732 2.3260 56.9253 1.0786 0.1173
Car -1 -1 4.8633 493.7494 181.0762 540.9579 216.5667 1.5293 1.6320 3.8726 -4.2766 1.9386 33.9557 4.7384 0.1041
Car -1 -1 1.8459 307.7564 177.1070 348.3517 199.8329 1.5326 1.6347 4.1308 -20.0686 1.8493 51.5925 1.4764 0.0859
Car -1 -1 1.8101 389.6217 183.9881 452.1984 225.7576 1.4661 1.5740 3.3855 -7.2302 1.9235 27.9359 1.5586 0.0720
Car -1 -1 4.3851 263.1390 176.9405 307.7697 199.5467 1.5054 1.6555 4.0593 -22.8652 1.8049 50.8400 3.9641 0.0713
Car -1 -1 4.9368 389.5711 175.1709 452.1237 213.3146 1.4690 1.6482 4.0435 -7.7785 1.5722 30.0795 4.6855 0.0682
Car -1 -1 2.0119 349.6240 181.6021 437.6983 225.2505 1.4884 1.6497 4.0155 -8.1342 1.8482 27.5630 1.7270 0.0664
Car -1 -1 1.5366 304.0331 176.6443 331.6372 200.4201 1.5498 1.6347 4.2504 -20.2597 1.8246 50.0331 1.1534 0.0643
Car -1 -1 1.9868 267.3242 179.8090 337.2661 215.0315 1.5498 1.6463 3.8432 -14.5772 1.9005 34.4482 1.5889 0.0640
Car -1 -1 1.5583 491.8824 182.7426 513.9272 204.0352 1.5608 1.6646 4.2027 -8.4720 2.3742 57.1462 1.4114 0.0632
Car -1 -1 1.0341 274.6042 173.8123 369.1357 216.7957 1.4908 1.5861 3.7399 -10.7488 1.5289 26.8742 0.6567 0.0620
Car -1 -1 4.6017 418.8739 173.3315 455.7990 201.4855 1.5033 1.6110 3.8421 -9.7489 1.5316 40.6788 4.3676 0.0587
Car -1 -1 5.1209 433.5476 174.8302 498.3992 210.0369 1.5135 1.5913 3.6687 -6.5338 1.6098 33.1995 4.9277 0.0545
Car -1 -1 1.8267 277.1974 173.5998 319.5721 197.6079 1.5504 1.6547 4.0447 -21.0051 1.6031 48.8502 1.4223 0.0509
Car -1 -1 4.6209 298.1719 178.7746 337.5865 208.7578 1.4247 1.5522 3.6823 -15.0180 1.7452 37.0637 4.2382 0.0508