Car -1 -1 1.8588 395.1515 174.4901 453.6645 211.4854 1.6894 1.6962 3.9499 -8.9371 1.7736 35.1346 1.6111 0.6587
Car -1 -1 2.2293 0.0000 168.7651 136.1133 281.7601 1.9141 1.7088 4.4723 -11.7903 1.8448 14.4724 1.5545 0.5980
Car -1 -1 4.7656 588.0793 172.5125 615.7046 198.1082 1.6498 1.6483 3.9496 -0.4784 1.6278 48.5150 4.7553 0.5826
Car -1 -1 1.8579 345.0208 179.9121 433.3002 230.4901 1.4405 1.5918 4.0887 -6.9514 1.6872 23.1671 1.5691 0.1706
Car -1 -1 1.8932 478.7812 176.6838 511.5004 193.9704 1.5080 1.6579 4.3932 -10.4625 1.8720 66.2677 1.7369 0.1224
Car -1 -1 1.7843 469.4563 176.9773 514.4533 208.1072 1.5532 1.5726 3.9012 -6.2188 1.7847 38.5187 1.6248 0.1174
Car -1 -1 3.4319 567.6270 172.4721 626.3389 196.6724 1.5570 1.5778 3.5758 -0.8195 1.5324 47.6631 3.4144 0.1086
Car -1 -1 1.8057 389.9453 180.1183 453.3862 221.2269 1.4454 1.5256 3.7739 -7.1922 1.7458 27.9397 1.5556 0.0822
Car -1 -1 1.9211 448.1919 179.7710 501.9176 210.0918 1.5058 1.5920 3.9025 -7.1716 1.8978 38.8291 1.7393 0.0741
Car -1 -1 -0.4360 592.4439 172.9229 660.5986 197.4668 1.5649 1.6803 4.1783 1.1227 1.5696 47.6207 -0.4130 0.0735
Car -1 -1 1.8392 393.9744 176.4691 478.5814 225.7569 1.4386 1.6270 4.0681 -5.5090 1.5663 23.4275 1.6103 0.0729
Car -1 -1 1.9450 469.4758 178.4008 517.7045 206.3470 1.4823 1.5208 3.4958 -6.5196 1.8110 40.8848 1.7874 0.0670
Car -1 -1 4.9146 601.7112 173.7222 637.6923 197.9843 1.5506 1.6346 4.0404 0.7254 1.6115 48.4169 4.9290 0.0660
Car -1 -1 -1.5558 649.0134 176.5024 675.4294 201.6167 1.5104 1.6099 4.1378 3.3971 1.7546 46.1459 -1.4833 0.0656
Car -1 -1 1.6492 381.8630 192.2154 418.7920 222.6452 1.4286 1.5947 3.5707 -11.0319 2.5052 38.2119 1.3695 0.0634
Car -1 -1 5.4432 0.0000 186.5358 156.1789 375.0000 1.4565 1.5301 3.7566 -6.7613 1.6369 7.6163 4.7344 0.0623
Car -1 -1 1.6587 482.3787 176.3636 510.5336 200.8370 1.5530 1.5377 3.6729 -7.5205 1.7967 48.2112 1.5045 0.0619
Car -1 -1 1.9198 320.6408 185.9342 424.2464 241.6293 1.4209 1.5910 4.1044 -6.9106 1.8479 21.4696 1.6114 0.0565
Car -1 -1 5.3975 0.0000 197.1232 158.8277 268.9382 1.5016 1.6789 3.9037 -13.6459 2.1885 18.4293 4.7669 0.0561
Car -1 -1 1.7426 582.7459 173.3848 619.3179 200.2939 1.5817 1.6118 3.9042 -0.4809 1.6160 44.5485 1.7314 0.0560
Car -1 -1 3.2752 472.8235 178.3812 545.0637 206.3024 1.4892 1.5938 3.7468 -5.4827 1.7988 39.6058 3.1381 0.0509
Car -1 -1 1.4151 472.2892 177.1425 497.0988 194.3914 1.4805 1.5782 4.2090 -11.3295 1.8820 65.2953 1.2436 0.0507