Car -1 -1 0.6540 505.1558 173.3618 623.5696 214.9829 1.4435 1.6997 4.2659 -1.5263 1.1957 26.4253 0.5988 0.9454
Car -1 -1 1.5783 355.2824 179.6213 381.9639 202.7376 1.5047 1.6569 4.1492 -16.0383 1.4471 48.2518 1.2610 0.6022
Car -1 -1 5.4675 0.0000 189.1016 295.0404 370.0000 1.4782 1.5643 3.8618 -3.2259 1.5444 3.4736 4.7652 0.5535
Car -1 -1 1.3398 449.4935 173.4893 484.7594 193.9440 1.5375 1.7369 4.5358 -10.8069 1.0100 55.5712 1.1505 0.5493
Car -1 -1 5.3278 0.0000 192.3490 95.6610 236.9694 1.4250 1.6316 4.4824 -21.0809 1.9001 26.0775 4.6555 0.2585
Car -1 -1 1.6478 245.0147 184.8061 285.3260 215.1552 1.5616 1.6766 4.2075 -18.7668 1.8143 39.2867 1.2069 0.2070
Car -1 -1 4.3460 541.1877 168.5412 583.8995 192.4702 1.5262 1.6058 3.7613 -2.8112 0.7631 47.1409 4.2886 0.2004
Car -1 -1 1.5305 353.1628 176.6417 382.9241 203.2488 1.6346 1.6685 4.2496 -15.2987 1.3972 45.7202 1.2114 0.1661
Car -1 -1 1.5599 593.1522 181.7094 632.3801 217.6517 1.4464 1.5862 3.9996 0.3556 1.5019 30.5897 1.5730 0.1619
Car -1 -1 1.7822 429.6620 172.6829 455.4693 189.8848 1.5964 1.6161 3.8728 -15.3977 0.8703 67.5602 1.5609 0.1601
Car -1 -1 3.9345 855.8110 146.3165 916.3895 173.8813 1.7498 1.7103 3.6921 19.0447 -0.4678 47.8939 4.3126 0.1449
Car -1 -1 4.3877 475.6572 171.8442 524.4219 198.4503 1.4345 1.6062 3.8443 -5.9619 0.9675 40.1989 4.2434 0.1322
Car -1 -1 1.4760 462.3167 180.4797 493.3356 205.2035 1.4836 1.5839 3.6825 -7.9651 1.4820 44.4136 1.3014 0.1258
Car -1 -1 1.4610 605.0107 180.5260 636.6663 205.9311 1.4882 1.5457 3.6910 0.9871 1.4894 43.3259 1.4852 0.1173
Car -1 -1 1.2896 355.8077 176.0787 400.7319 201.1183 1.5058 1.6398 4.1053 -14.3101 1.2395 44.6823 0.9834 0.1091
Car -1 -1 4.3994 0.0000 193.4067 46.0137 253.6719 1.4605 1.6895 3.9766 -17.3971 1.8507 19.6341 3.6839 0.1061
Car -1 -1 -0.4744 859.7074 148.5402 929.1663 172.2970 1.5630 1.6251 4.0881 19.7557 -0.5709 48.1834 -0.0857 0.1023
Car -1 -1 1.6372 0.0000 194.2952 20.4663 224.1960 1.5369 1.6238 3.9911 -34.5036 2.3647 40.3568 0.9352 0.1004
Car -1 -1 3.7655 0.0000 199.1559 14.3345 263.7614 1.4629 1.5946 3.9409 -17.4968 1.9582 17.7037 2.9964 0.0997
Car -1 -1 4.6866 504.8834 164.9367 524.2380 183.4081 1.5782 1.6058 3.7703 -7.9237 0.2479 62.3940 4.5628 0.0968
Car -1 -1 4.7748 574.4508 166.5441 599.4318 188.3062 1.5265 1.5834 3.6537 -1.2157 0.5471 51.4536 4.7532 0.0914
Car -1 -1 1.6066 593.1556 182.7099 631.1391 214.2383 1.4247 1.6860 4.1224 0.4460 1.5383 34.3454 1.6211 0.0913
Car -1 -1 1.6065 612.0118 186.6685 653.4181 221.3577 1.3960 1.6754 3.8191 1.3142 1.6844 31.1225 1.6497 0.0898
Car -1 -1 5.1453 0.0000 200.6021 360.6088 370.0000 1.5211 1.6926 4.2290 -3.1295 1.7263 5.0348 4.6181 0.0886
Car -1 -1 3.3464 556.8705 179.7605 635.5894 209.0101 1.4583 1.6228 3.8019 -0.3807 1.4211 36.4181 3.3376 0.0877
Car -1 -1 1.7458 458.7094 173.4664 489.6700 193.5107 1.4993 1.6643 4.1012 -10.0478 0.9727 54.9389 1.5676 0.0862
Car -1 -1 3.6207 610.6785 183.1288 700.8300 216.6936 1.4342 1.6619 3.7461 2.3332 1.5597 32.1657 3.6939 0.0843
Car -1 -1 4.4427 0.0000 195.6403 24.2016 251.4759 1.4727 1.6118 3.7032 -19.1435 1.9636 21.2476 3.7184 0.0835
Car -1 -1 4.1979 836.9728 153.7152 912.6873 187.7202 1.5703 1.6792 4.0796 13.2222 0.3331 34.7932 4.5599 0.0821
Car -1 -1 4.5298 578.9744 170.7029 608.0367 190.1609 1.4750 1.6146 3.8752 -0.8683 0.7318 55.6537 4.5160 0.0784
Car -1 -1 4.7919 563.6245 167.0213 592.8940 191.8029 1.5831 1.6307 3.9735 -1.6831 0.7216 47.1894 4.7583 0.0779
Car -1 -1 1.9801 396.1125 178.1594 444.6824 201.8074 1.4818 1.6076 4.0128 -11.9937 1.3347 46.4119 1.7305 0.0769
Car -1 -1 1.5926 487.8208 182.2661 524.1074 214.4696 1.4457 1.6264 4.1335 -4.6797 1.5359 34.1195 1.4592 0.0761
Car -1 -1 -0.1992 606.4919 181.2544 711.0201 217.7198 1.4583 1.6277 4.0884 2.2305 1.4905 29.3771 -0.1227 0.0733
Car -1 -1 -0.2108 610.3262 178.6602 687.6623 207.9340 1.4614 1.6183 3.7138 2.2813 1.3692 36.3684 -0.1470 0.0728
Car -1 -1 5.1956 244.2433 186.6884 309.8778 216.0160 1.4926 1.6673 3.8145 -17.8404 1.8486 38.7589 4.7689 0.0711
Car -1 -1 5.2174 7.3861 188.4056 75.7610 214.7503 1.4974 1.6199 3.8268 -34.4437 2.0050 43.4170 4.5518 0.0685
Car -1 -1 1.5360 582.4714 168.6424 600.6958 184.9035 1.5103 1.6123 4.0154 -1.2222 0.4084 67.7148 1.5198 0.0680
Car -1 -1 -0.3404 615.6456 177.4253 683.5546 203.1449 1.4895 1.5957 3.7282 2.7056 1.3110 42.2211 -0.2753 0.0643
Car -1 -1 4.8106 570.0616 166.8117 600.2171 191.4897 1.6183 1.6516 4.2226 -1.2566 0.7202 48.5313 4.7867 0.0622
Car -1 -1 5.3127 13.7311 190.3127 137.1759 230.7743 1.4506 1.7013 4.5845 -21.3210 1.8819 28.7878 4.6821 0.0619
Car -1 -1 1.8798 578.3842 170.6806 609.0089 187.4832 1.5261 1.6363 4.3201 -0.9375 0.6337 66.5229 1.8675 0.0609
Car -1 -1 2.7332 0.0000 193.9477 31.8281 255.0073 1.4841 1.6014 3.6456 -18.7864 1.9031 20.0522 1.9898 0.0608
Car -1 -1 1.5069 613.7224 180.2749 653.0805 212.6914 1.4717 1.6437 4.0120 1.3598 1.4612 34.1242 1.5480 0.0597
Car -1 -1 2.1130 0.0000 201.8423 53.1759 270.1567 1.4393 1.6661 3.8480 -16.2619 2.0504 18.2117 1.3943 0.0594
Car -1 -1 1.9297 326.6696 176.5098 376.6869 202.7814 1.5857 1.6462 4.0453 -15.8918 1.3445 44.7159 1.5921 0.0590
Car -1 -1 1.7784 0.0000 194.1251 55.0073 227.7232 1.4944 1.6552 4.0651 -29.0062 2.2186 35.4084 1.0980 0.0587
Car -1 -1 1.5859 479.0321 178.8459 506.9893 205.2166 1.4844 1.5590 3.7478 -6.5225 1.3909 41.7617 1.4338 0.0579
Car -1 -1 4.3176 585.3073 179.8716 641.4985 209.2130 1.4699 1.5996 3.9150 0.4345 1.4381 37.5344 4.3307 0.0574
Car -1 -1 1.4663 872.0868 158.1051 918.1211 191.9580 1.5750 1.6702 4.2533 14.4021 0.5328 35.1703 1.8536 0.0573
Car -1 -1 1.6717 77.4210 191.9093 131.3034 228.2807 1.5109 1.6191 4.0229 -23.1511 2.0757 32.8723 1.0642 0.0570
Car -1 -1 5.2929 493.7894 170.6529 555.9725 198.4741 1.5062 1.6211 3.9491 -4.4650 0.9727 40.4056 5.1855 0.0561
Car -1 -1 1.6056 0.0000 193.2435 21.7238 230.2774 1.4745 1.6735 4.2918 -27.3886 2.0882 31.8684 0.9021 0.0561
Car -1 -1 1.8003 447.1116 178.6070 490.4976 204.9206 1.4640 1.5921 4.0845 -7.8618 1.3583 41.4125 1.6158 0.0560
Car -1 -1 0.3291 442.3611 173.2517 497.2119 193.0659 1.5015 1.6231 3.8468 -10.3614 0.9517 54.6591 0.1445 0.0554
Car -1 -1 0.0336 573.9612 180.4235 634.5670 206.1213 1.5052 1.6258 3.5578 0.0373 1.5004 42.2919 0.0361 0.0551
Car -1 -1 1.9459 360.7611 181.2410 408.2907 203.6239 1.4730 1.6509 4.3319 -15.1146 1.5261 48.9013 1.6496 0.0549
Car -1 -1 1.5739 413.8732 180.3613 437.3891 199.9889 1.4418 1.6814 3.9370 -13.6253 1.4311 54.0509 1.3300 0.0548
Car -1 -1 1.7176 585.9982 186.9952 636.5127 222.2731 1.4509 1.7189 3.8613 0.3866 1.7622 31.8744 1.7311 0.0543
Car -1 -1 3.4107 360.1416 177.6921 432.3541 201.1565 1.4842 1.6129 4.1837 -13.3484 1.3062 45.5557 3.1292 0.0528
Car -1 -1 1.1861 578.8207 168.8874 624.1306 194.7904 1.6671 1.6508 4.0743 -0.2262 0.9193 47.7021 1.1831 0.0518
Car -1 -1 2.9467 472.6494 177.0993 534.9202 198.6106 1.5189 1.6381 4.2465 -7.2938 1.2783 51.3935 2.8082 0.0517
Car -1 -1 3.7282 616.0320 180.0932 725.4730 218.9999 1.4421 1.6197 4.1278 2.6013 1.4268 28.1341 3.8210 0.0517
Car -1 -1 1.3466 579.4381 170.2290 612.7501 191.8435 1.5471 1.6151 4.1227 -0.6393 0.8115 52.8020 1.3363 0.0502