Car -1 -1 2.1173 0.0000 177.7059 343.2314 375.0000 1.6295 1.6921 4.3244 -3.8341 1.6841 5.9612 1.5652 0.9428
Car -1 -1 4.7375 670.0251 163.3776 706.4636 197.1904 1.4698 1.5798 3.5584 3.6660 1.0579 33.2331 4.8460 0.8574
Car -1 -1 1.6165 607.6004 169.3381 636.7018 195.8832 1.6129 1.6604 4.2972 0.8456 1.3992 46.0370 1.6343 0.2822
Car -1 -1 2.1987 0.0000 179.7480 277.2563 335.3319 1.4707 1.5976 3.8682 -5.9110 1.5753 8.9733 1.6294 0.1781
Car -1 -1 3.5531 662.5057 160.7142 716.2951 182.4840 1.9274 1.7540 4.5518 7.2643 0.8526 65.7739 3.6624 0.1737
Car -1 -1 1.4008 628.4942 166.8805 663.1747 192.6395 1.6840 1.6726 4.2267 2.4341 1.2935 49.3702 1.4494 0.1048
Car -1 -1 -0.1109 604.2903 170.0365 667.0032 194.8956 1.5103 1.5967 3.7337 1.5904 1.3391 44.7734 -0.0760 0.0953
Car -1 -1 4.5793 693.1329 161.8571 718.8865 183.0256 1.8721 1.7620 4.3969 8.7846 0.8995 66.0103 4.7109 0.0915
Car -1 -1 1.5815 699.1179 174.8941 731.5762 205.8282 1.5519 1.6291 3.9963 5.6720 1.6669 38.5747 1.7259 0.0869
Car -1 -1 0.2063 575.1312 171.5588 641.1608 196.1875 1.4881 1.6204 3.8475 -0.0693 1.4098 44.7800 0.2044 0.0867
Car -1 -1 4.7334 667.9904 161.4560 686.8875 179.2462 1.6072 1.6696 4.1799 6.3625 0.5775 67.3559 4.8270 0.0722
Car -1 -1 2.6416 0.0000 181.7019 215.7336 365.3246 1.4824 1.5742 3.9369 -6.7577 1.6083 8.1491 1.9651 0.0658
Car -1 -1 4.8363 663.3893 158.3688 708.6013 193.1760 1.5795 1.6709 4.2066 3.7639 0.9222 34.9813 4.9423 0.0629
Car -1 -1 0.7251 0.0000 175.7840 271.1859 304.2544 1.4900 1.6023 3.8807 -6.7147 1.5325 9.4427 0.1200 0.0628
Car -1 -1 1.8102 92.3745 182.6439 321.4218 333.2231 1.5164 1.6552 3.9772 -5.0581 1.6764 9.6682 1.3389 0.0624
Car -1 -1 4.8205 587.1576 163.1981 615.0002 189.0098 1.9274 1.7319 4.0447 -0.6207 1.2064 55.9743 4.8092 0.0569
Car -1 -1 4.4043 663.1110 158.3360 697.5114 183.8437 2.2052 1.8399 4.3237 6.2971 0.9501 64.6855 4.5007 0.0562
Car -1 -1 0.7933 0.0000 180.9835 339.6442 331.1790 1.5477 1.6367 4.1841 -5.6546 1.6621 8.8641 0.2386 0.0558
Car -1 -1 4.9399 620.2473 169.7971 660.2703 195.9585 1.5818 1.6369 4.1914 2.0014 1.3970 45.8646 4.9829 0.0557
Car -1 -1 3.7594 600.3380 169.0694 697.1957 205.2861 1.5513 1.6554 4.2251 1.7415 1.3892 32.8670 3.8114 0.0547
Car -1 -1 1.0927 631.9959 172.0765 681.9734 197.9309 1.5915 1.6768 3.7338 3.0064 1.5437 46.4628 1.1565 0.0541
Car -1 -1 1.3722 593.5678 171.9129 631.9880 196.8842 1.4781 1.6257 3.9933 0.1520 1.4224 44.8254 1.3752 0.0526
Car -1 -1 4.3222 648.7466 160.9759 683.4136 179.1116 1.6430 1.7037 4.3739 5.2603 0.5669 67.7094 4.3992 0.0518