Car -1 -1 4.5098 483.2601 164.3515 531.3565 197.6233 1.5781 1.6496 3.8807 -5.0818 0.5885 36.1993 4.3711 0.8636
Car -1 -1 4.5414 398.3054 167.5385 439.8287 194.3314 1.4354 1.6115 4.0374 -10.6904 0.4884 40.6835 4.2859 0.8150
Car -1 -1 4.6581 371.5265 163.4373 396.0694 185.0856 1.6233 1.6291 3.6844 -17.4081 -0.0105 55.9375 4.3576 0.3886
Car -1 -1 4.5134 329.9991 162.3313 369.8372 188.6170 1.6359 1.6924 4.0022 -16.8172 0.2117 46.8902 4.1707 0.2013
Car -1 -1 4.4047 326.2083 162.4379 390.1303 198.9299 1.5064 1.6217 3.6871 -11.0038 0.5661 31.6370 4.0725 0.1626
Car -1 -1 2.0952 307.4052 162.5453 395.7506 204.5432 1.6017 1.6722 3.8984 -10.3773 0.7371 29.4873 1.7595 0.1575
Car -1 -1 4.5337 333.2721 163.6948 379.8228 194.4501 1.5123 1.6543 3.7194 -13.0705 0.4541 37.3737 4.1993 0.1400
Car -1 -1 2.8708 287.3986 162.7782 398.5223 203.0490 1.5900 1.6852 4.0903 -11.0826 0.7041 30.2561 2.5224 0.1384
Car -1 -1 4.5010 424.8491 170.7713 452.2470 188.6892 1.5678 1.6070 4.0216 -15.2911 0.3039 65.0594 4.2708 0.1300
Car -1 -1 4.9520 319.2319 163.7874 379.5144 201.1383 1.5027 1.6070 3.5997 -10.9649 0.6406 30.7913 4.6125 0.0859
Car -1 -1 3.7621 321.5000 165.0405 390.0297 189.3521 1.5033 1.6518 3.8862 -16.0041 0.2558 45.7904 3.4275 0.0787
Car -1 -1 4.6260 320.9172 161.1485 346.5296 183.2561 1.6933 1.5997 3.7453 -21.8804 -0.1622 57.4533 4.2635 0.0728
Car -1 -1 -0.0605 396.3509 167.1064 447.8192 187.1461 1.7413 1.7134 4.3389 -16.4710 0.1677 63.9435 -0.3119 0.0724
Car -1 -1 4.7484 505.9500 178.9895 537.8513 207.4316 1.5050 1.6188 3.9554 -4.7097 1.1756 40.0753 4.6318 0.0647
Car -1 -1 3.5297 306.6954 164.5222 399.5676 194.6542 1.4913 1.6251 4.1386 -12.8531 0.4671 36.4960 3.1933 0.0639
Car -1 -1 4.4929 509.6026 159.8689 542.1234 183.0835 1.7759 1.7191 4.1950 -6.5632 -0.1778 57.6703 4.3799 0.0564
Car -1 -1 1.7269 327.8776 168.1097 366.9288 194.9240 1.5906 1.6635 4.0853 -16.1332 0.5759 44.8042 1.3829 0.0556
Car -1 -1 1.7665 323.2573 167.1443 372.4180 198.5964 1.4886 1.5780 3.9007 -12.9425 0.6333 36.0666 1.4242 0.0534
Car -1 -1 5.1258 342.7046 161.4992 392.7363 187.5332 1.6331 1.6582 3.9469 -15.6369 0.1454 47.1363 4.8071 0.0531
Car -1 -1 0.0705 372.3265 171.8708 448.7273 198.3071 1.4966 1.6156 4.1874 -11.3970 0.7411 41.8908 -0.1938 0.0517
Car -1 -1 1.4786 481.2717 164.2441 503.6970 184.2564 1.7482 1.6402 4.0669 -10.4282 -0.0899 65.1786 1.3203 0.0502
Car -1 -1 5.1112 435.6370 170.0887 470.8741 189.6662 1.7227 1.6828 4.0706 -13.9625 0.3916 65.4129 4.9015 0.0500