Car -1 -1 4.7765 591.4337 173.6658 628.1566 204.9686 1.5882 1.7016 4.4007 0.0672 1.6345 38.9755 4.7777 0.7606
Car -1 -1 3.3396 439.2141 175.0627 492.2504 191.7385 1.4352 1.6402 4.3127 -12.5569 1.6311 63.1445 3.1438 0.3686
Car -1 -1 4.6400 707.2398 155.3017 742.1141 183.5742 1.5274 1.6656 3.9826 6.4973 0.5792 41.0352 4.7958 0.2499
Car -1 -1 4.4417 734.2316 158.1031 764.8664 176.9075 1.6946 1.7236 4.2447 12.9960 0.3653 67.2083 4.6318 0.2082
Car -1 -1 1.5867 535.8513 171.8604 554.8171 189.1320 1.5651 1.7010 3.8686 -5.9709 1.4751 67.3743 1.4984 0.1678
Car -1 -1 3.3514 673.4042 155.5440 751.9750 183.4325 1.5009 1.6439 4.0932 5.7649 0.5693 40.3069 3.4922 0.1360
Car -1 -1 0.0529 706.4627 155.7851 783.0925 184.2943 1.5153 1.6414 4.0567 7.4429 0.6081 39.6251 0.2371 0.1339
Car -1 -1 1.6605 545.2602 180.0915 578.8201 208.0674 1.4980 1.5845 3.9162 -2.6970 1.9355 41.6363 1.5957 0.1163
Car -1 -1 4.9207 450.8496 173.7121 479.2810 190.8274 1.4600 1.6422 4.1373 -12.7433 1.5384 63.8370 4.7242 0.0694
Car -1 -1 1.4523 719.6442 154.8779 758.3416 183.7112 1.5307 1.6687 3.8942 7.1753 0.5764 40.2967 1.6271 0.0659
Car -1 -1 4.6728 691.4749 163.6345 711.5117 181.0925 1.5667 1.6734 4.2020 8.4959 0.7393 66.9158 4.7983 0.0654
Car -1 -1 1.6542 734.7884 160.9124 777.0314 195.8102 1.5175 1.6087 3.8066 6.8269 0.9982 33.4267 1.8537 0.0591
Car -1 -1 1.8904 556.5117 174.1473 587.1180 191.9596 1.5341 1.6198 3.7954 -3.3390 1.6533 64.4843 1.8386 0.0578
Car -1 -1 1.6232 493.6140 181.2892 515.5055 202.2160 1.5801 1.5400 3.8922 -8.4254 2.2829 58.1069 1.4794 0.0568
Car -1 -1 1.6758 549.2226 180.6670 580.6647 207.3579 1.5413 1.5652 3.6308 -2.7188 2.0442 44.5961 1.6148 0.0532
Car -1 -1 1.4590 487.2263 183.7887 511.0440 203.4785 1.5186 1.5492 3.6975 -9.1844 2.4556 59.8424 1.3070 0.0526
Car -1 -1 1.4580 558.7905 178.0668 582.8594 199.0121 1.5187 1.4451 3.5314 -2.9853 1.9303 55.1061 1.4037 0.0505