Car -1 -1 4.8912 430.3769 183.5232 499.4141 228.5592 1.3771 1.5838 3.7824 -4.6361 1.3254 23.8814 4.7012 0.9762
Car -1 -1 5.0178 291.4590 186.7629 435.9727 270.6470 1.4523 1.6040 3.8878 -4.7033 1.4876 14.4643 4.7085 0.9752
Car -1 -1 5.2234 10.3581 181.2837 238.1329 273.5396 1.4161 1.6441 3.9456 -8.4472 1.3557 13.0486 4.6582 0.9605
Car -1 -1 5.1888 158.2855 178.0538 274.0372 227.2204 1.4239 1.6008 3.8586 -12.2228 1.2165 22.7567 4.7006 0.9545
Car -1 -1 4.7050 575.2769 176.4127 609.2421 208.1818 1.5037 1.6085 3.6283 -0.7590 1.0871 35.8622 4.6836 0.8246
Car -1 -1 5.4353 0.0000 218.0312 246.7281 376.0000 1.4033 1.5825 3.6010 -4.1764 1.7080 4.8452 4.7508 0.7925
Car -1 -1 5.1600 264.5324 181.2085 373.4550 233.9332 1.4494 1.5603 3.7380 -8.5565 1.3392 21.6835 4.7881 0.6256
Car -1 -1 2.3203 183.8582 165.9702 285.4199 202.0872 1.5300 1.6212 4.2648 -16.8309 0.7147 32.7250 1.8485 0.5843
Car -1 -1 5.0243 366.7605 176.2063 427.2444 211.5908 1.4759 1.5424 3.5403 -9.2184 1.1001 31.7782 4.7440 0.5671
Car -1 -1 1.7709 455.7003 176.8171 507.5740 211.0650 1.4406 1.5762 3.6540 -5.5394 1.0873 32.0876 1.6010 0.5422
Car -1 -1 4.8824 435.0277 174.9014 473.3405 201.5957 1.5164 1.6219 3.6677 -9.0388 0.9305 42.6988 4.6747 0.4876
Car -1 -1 1.6369 420.7499 176.9672 445.8027 196.7253 1.4496 1.5906 4.0209 -13.2346 0.8444 54.8556 1.4009 0.4120
Car -1 -1 0.1437 458.8986 169.7848 513.8636 188.4004 1.4379 1.6078 4.0613 -9.4417 0.2460 56.3729 -0.0217 0.4014
Car -1 -1 1.6497 211.6066 215.9490 304.1844 291.4681 1.4210 1.6644 3.6233 -8.1973 2.2385 17.1337 1.2089 0.3405
Car -1 -1 0.1537 268.3220 183.6228 433.3614 237.7966 1.4902 1.6759 4.3229 -7.3444 1.4464 20.9846 -0.1793 0.1955
Car -1 -1 4.7058 501.9097 162.5272 533.8187 193.8022 1.6341 1.6593 3.8684 -4.9288 0.4486 39.5857 4.5826 0.1954
Car -1 -1 2.2055 0.0000 164.4402 143.3295 216.3052 1.4814 1.6051 4.1016 -16.7054 0.8880 22.5858 1.5743 0.1953
Car -1 -1 2.1479 0.0000 186.1604 95.0697 243.8089 1.4198 1.5920 3.8995 -16.1347 1.4485 19.7909 1.4704 0.1815
Car -1 -1 3.5660 0.0000 168.2187 87.4578 223.2307 1.5134 1.6107 3.6450 -17.6629 1.0458 21.0349 2.8737 0.1732
Car -1 -1 4.6819 474.4349 168.1766 497.0202 188.7077 1.5817 1.6589 4.0861 -9.7524 0.2690 57.5454 4.5145 0.1694
Car -1 -1 1.3201 534.9836 184.1172 571.3847 206.7933 1.4931 1.5767 3.8917 -3.7539 1.4208 49.4285 1.2442 0.1604
Car -1 -1 1.6116 358.3001 176.6915 390.7733 204.4012 1.4730 1.5676 3.7459 -12.9735 1.0198 40.2259 1.3013 0.1545
Car -1 -1 2.3015 0.0000 193.6171 51.0832 259.4886 1.4351 1.5771 3.6855 -16.1319 1.6668 17.9804 1.5774 0.1424
Car -1 -1 0.7051 0.0000 191.8965 38.1070 251.6562 1.4439 1.5853 3.8439 -17.1630 1.6232 18.4270 -0.0378 0.1207
Car -1 -1 2.0994 295.7830 170.6417 356.7621 196.6701 1.4928 1.6302 3.9779 -16.8520 0.6569 43.3222 1.7303 0.1139
Car -1 -1 1.7449 412.0503 174.0524 445.8778 197.2872 1.6234 1.6702 4.2841 -12.9452 0.8434 52.4203 1.5037 0.1043
Car -1 -1 1.5849 352.4212 171.9344 375.7426 195.0084 1.6285 1.5621 3.6805 -17.7985 0.6911 52.7241 1.2606 0.1003
Car -1 -1 0.7891 510.7697 184.7117 567.5078 207.7860 1.4953 1.6291 3.7578 -4.6060 1.4626 48.4130 0.6943 0.0970
Car -1 -1 1.8619 138.0249 209.8282 264.3917 282.1978 1.4365 1.6601 3.7047 -9.7671 2.1071 17.6030 1.3612 0.0943
Car -1 -1 0.4786 184.1098 181.6295 348.2471 236.4536 1.5089 1.6306 3.9650 -9.7296 1.4102 20.6852 0.0436 0.0931
Car -1 -1 2.0980 0.0000 189.2878 35.5229 261.6029 1.4689 1.5722 4.1120 -15.6103 1.5776 17.0205 1.3635 0.0839
Car -1 -1 1.7782 0.0000 180.0103 29.3810 208.0987 1.5275 1.6442 4.0309 -34.6829 1.2444 41.2575 1.0821 0.0830
Car -1 -1 0.2281 517.0593 177.0251 570.5363 196.2622 1.5313 1.5878 4.0659 -5.1222 0.8793 58.2943 0.1405 0.0830
Car -1 -1 1.8047 238.0214 184.7080 334.3506 244.1598 1.4996 1.6114 3.7063 -8.8431 1.4868 20.0979 1.3948 0.0824
Car -1 -1 4.7250 548.0710 176.9335 568.0854 196.5284 1.5681 1.5993 3.9339 -4.0414 0.9053 59.5349 4.6571 0.0796
Car -1 -1 0.1455 415.6055 175.3684 484.8434 201.3227 1.4699 1.5911 3.7240 -9.0464 0.9122 41.6318 -0.0674 0.0777
Car -1 -1 2.0968 0.0000 165.5107 99.5710 218.5465 1.4942 1.6255 3.9307 -17.7407 0.9390 22.3119 1.4309 0.0764
Car -1 -1 1.9971 549.9929 184.7011 594.5495 207.2994 1.4829 1.6161 3.8091 -2.3465 1.4492 49.2407 1.9493 0.0750
Car -1 -1 2.2393 8.1118 164.8828 159.3916 217.3410 1.4669 1.6057 4.0038 -15.9165 0.8983 22.1416 1.6217 0.0729
Car -1 -1 4.9906 379.8347 175.8886 441.5033 210.7078 1.5537 1.7026 4.2994 -9.2687 1.1375 34.2388 4.7279 0.0726
Car -1 -1 0.4978 153.5633 218.3837 348.2835 285.9658 1.4342 1.6919 3.8111 -8.3780 2.2669 17.1105 0.0480 0.0705
Car -1 -1 1.3367 0.0000 187.3135 29.8005 212.8693 1.4741 1.5961 3.8244 -36.5770 1.6063 43.5393 0.6407 0.0688
Car -1 -1 0.3520 234.8860 181.6895 387.4015 233.1492 1.4655 1.5837 3.8736 -8.6912 1.3651 21.3230 -0.0309 0.0673
Car -1 -1 4.7870 48.1002 235.2437 244.2039 376.0000 1.4279 1.6678 4.0629 -5.5787 2.2181 9.1642 4.2523 0.0645
Car -1 -1 4.8321 513.4022 169.8441 546.8931 195.7233 1.5017 1.5766 3.7693 -4.6302 0.6097 43.6088 4.7266 0.0634
Car -1 -1 1.4889 421.3301 173.4212 450.1392 196.5734 1.5826 1.6672 4.1852 -12.2912 0.7764 51.3867 1.2550 0.0634
Car -1 -1 4.1446 274.4415 172.3237 335.2584 197.7262 1.4515 1.5863 3.7253 -18.0142 0.7149 42.7896 3.7481 0.0633
Car -1 -1 2.1585 389.1858 174.4210 442.3871 198.1792 1.6219 1.7082 4.0389 -13.5884 0.8850 51.2605 1.9003 0.0621
Car -1 -1 1.9676 310.7063 175.1202 361.2705 200.1137 1.5075 1.5913 3.9007 -17.0379 0.8986 45.3395 1.6098 0.0614
Car -1 -1 0.4391 179.1391 171.1435 275.2313 203.7482 1.4941 1.5376 3.6902 -17.8047 0.8492 33.7880 -0.0427 0.0611
Car -1 -1 3.5802 103.6486 210.9034 303.9175 277.3669 1.4578 1.7018 3.8955 -9.6770 2.1172 17.4842 3.0806 0.0607
Car -1 -1 2.1191 567.6630 184.0173 616.8641 206.9826 1.4821 1.6504 3.6476 -0.9651 1.4047 48.3823 2.0988 0.0599
Car -1 -1 1.3346 551.6700 178.9659 591.0770 203.5999 1.5191 1.6557 3.9770 -2.3614 1.1337 46.4698 1.2837 0.0589
Car -1 -1 2.2442 0.0000 167.4761 94.6166 223.5367 1.5012 1.6188 3.8013 -17.2423 1.0261 21.1535 1.5665 0.0577
Car -1 -1 3.4975 160.9142 167.3268 277.1746 202.3620 1.5091 1.6356 4.2591 -17.2219 0.7386 32.0590 3.0079 0.0575
Car -1 -1 3.6119 0.0000 171.1690 172.0066 222.7943 1.4554 1.6058 3.9128 -15.3966 1.0594 21.3492 2.9930 0.0574
Car -1 -1 1.8427 0.0000 184.5909 34.2971 211.2448 1.4951 1.6341 3.8581 -35.4306 1.4600 42.4170 1.1496 0.0549
Car -1 -1 1.4530 541.8405 170.5241 569.1631 194.4071 1.8113 1.6909 3.9571 -4.1054 0.6971 56.6223 1.3806 0.0547
Car -1 -1 0.9748 0.0000 165.9014 128.9441 216.3661 1.4843 1.6259 4.1332 -17.3093 0.9162 22.5761 0.3264 0.0546
Car -1 -1 1.7342 531.0972 180.2776 566.7406 205.4558 1.5669 1.6583 4.1593 -3.7504 1.2596 46.8770 1.6543 0.0545
Car -1 -1 2.0920 0.0000 190.6985 44.4037 254.3951 1.4459 1.5976 3.9704 -16.7422 1.6052 18.7843 1.3709 0.0503