Car -1 -1 4.7212 610.4734 178.0372 687.6986 249.9144 1.6170 1.7406 3.4035 1.0553 1.4555 17.9271 4.7786 0.9407
Car -1 -1 5.2107 0.0000 194.1816 334.2939 376.0000 1.4255 1.6172 4.1362 -4.3723 1.5439 7.4094 4.6931 0.9278
Car -1 -1 5.3280 0.0000 188.7601 152.8400 254.2365 1.3136 1.5696 3.7643 -12.3906 1.4044 16.5248 4.6923 0.8914
Car -1 -1 5.1976 184.5410 156.6348 297.4143 205.9507 1.5047 1.6449 4.0096 -12.0493 0.6327 23.9578 4.7361 0.7889
Car -1 -1 2.1139 124.3787 179.6709 187.1427 202.9031 1.5135 1.6418 4.2686 -30.6629 1.1523 48.9764 1.5566 0.7380
Car -1 -1 4.8337 668.7371 180.1756 701.4011 206.3552 1.4869 1.5293 3.3877 4.6542 1.2007 42.6518 4.9412 0.6733
Car -1 -1 2.0282 147.6608 190.4040 301.1369 261.5769 1.3746 1.4942 3.7023 -8.3305 1.5036 16.0175 1.5551 0.4553
Car -1 -1 4.8192 494.9148 175.3100 529.3505 203.2327 1.4622 1.5142 3.3557 -5.1613 0.9435 39.3377 4.6892 0.3480
Car -1 -1 1.4934 732.9807 180.8053 755.4820 198.1388 1.5193 1.6873 4.0463 12.3795 1.1327 65.1110 1.6800 0.2668
Car -1 -1 1.7334 592.7872 182.5774 625.6918 206.8792 1.5148 1.5525 3.7582 0.1727 1.3504 46.7908 1.7366 0.1502
Car -1 -1 1.8118 726.3120 181.7019 763.5333 204.3988 1.4878 1.6365 3.8374 9.4639 1.2574 49.2054 2.0003 0.1485
Car -1 -1 3.3254 462.7234 166.2476 514.7789 185.0849 1.5686 1.6491 4.1068 -9.9794 -0.0112 60.7391 3.1630 0.1124
Car -1 -1 1.1105 730.3658 179.9027 781.6520 203.7398 1.4648 1.6404 3.9541 9.5234 1.1383 46.2958 1.3117 0.1063
Car -1 -1 2.1783 86.2516 180.9802 186.7697 220.0447 1.4936 1.5570 3.7565 -19.1134 1.3316 29.3887 1.6056 0.0972
Car -1 -1 1.5484 603.6862 181.0366 622.1228 198.0874 1.4852 1.5661 3.8744 0.4883 1.1212 64.5656 1.5555 0.0970
Car -1 -1 5.1164 174.8662 161.2816 220.9694 184.9036 1.7359 1.6866 3.8131 -31.1744 -0.0247 54.8672 4.6017 0.0922
Car -1 -1 4.7070 715.1054 182.9349 740.2840 206.1350 1.5208 1.6323 3.7893 8.2183 1.3713 49.1216 4.8713 0.0919
Car -1 -1 5.0301 625.0158 168.4522 659.3508 188.6470 1.6740 1.7112 4.2446 3.0519 0.2844 61.8774 5.0789 0.0899
Car -1 -1 4.5113 607.8958 172.9783 634.2166 190.9116 1.4701 1.5336 3.6123 1.1434 0.4669 60.8439 4.5296 0.0888
Car -1 -1 2.5568 730.0486 180.8352 793.4556 204.1601 1.5077 1.6590 3.8618 10.3058 1.2246 47.9457 2.7669 0.0888
Car -1 -1 1.7809 454.0238 163.4191 528.6727 214.6892 1.5837 1.6361 4.1912 -3.8166 0.9104 24.3429 1.6268 0.0883
Car -1 -1 1.6475 582.8952 183.5945 620.7367 213.1681 1.4866 1.6876 4.3370 -0.2315 1.4051 38.3567 1.6410 0.0853
Car -1 -1 1.8150 281.9007 173.6860 367.8033 225.5339 1.4855 1.6078 3.8259 -8.7542 1.1552 22.5925 1.4491 0.0851
Car -1 -1 3.2624 498.2234 161.2100 556.6471 185.4239 1.6379 1.6948 3.8204 -5.4580 0.0141 49.4959 3.1530 0.0849
Car -1 -1 1.6232 736.9510 179.1396 758.5573 198.0211 1.5877 1.6305 4.3080 12.2951 1.0768 62.7340 1.8155 0.0838
Car -1 -1 3.4481 625.5845 180.9015 698.4510 208.0748 1.5349 1.6275 3.9480 3.2116 1.2912 42.0967 3.5232 0.0815
Car -1 -1 1.8748 117.7852 178.5424 169.5215 203.9212 1.5978 1.6478 4.3143 -30.5827 1.1777 47.5558 1.3056 0.0811
Car -1 -1 2.9530 705.0732 182.9934 767.6345 205.8854 1.5130 1.6344 3.9028 8.6538 1.3662 48.3552 3.1286 0.0800
Car -1 -1 1.4840 680.2327 198.2875 744.5789 249.8960 1.4569 1.7034 4.0955 3.3374 1.9212 23.4416 1.6232 0.0763
Car -1 -1 2.0964 70.2451 186.1580 185.3897 231.8349 1.4589 1.5719 3.8911 -16.5305 1.4943 25.0269 1.5173 0.0746
Car -1 -1 4.9623 338.5599 133.6448 482.2549 235.2503 1.8648 1.8493 4.5220 -4.0047 0.9183 15.4546 4.7129 0.0710
Car -1 -1 0.9415 0.0000 187.8036 175.3027 376.0000 1.4555 1.6248 4.2258 -6.2175 1.4822 6.2228 0.1781 0.0707
Car -1 -1 1.8713 269.2471 182.7096 321.5724 210.6812 1.4517 1.5036 3.9870 -17.0001 1.3216 39.3690 1.4658 0.0701
Car -1 -1 -0.5181 610.6411 171.1659 666.4262 189.3480 1.4929 1.6543 4.4818 2.6613 0.3393 60.7849 -0.4749 0.0699
Car -1 -1 1.4140 707.8096 182.5483 742.6436 206.2250 1.4947 1.6446 4.0580 7.7359 1.3263 47.4134 1.5743 0.0696
Car -1 -1 1.2959 730.5215 181.6639 771.8308 204.9037 1.4776 1.6874 3.8892 9.5028 1.2518 47.7124 1.4910 0.0694
Car -1 -1 4.7290 486.4571 165.0476 507.1074 184.3067 1.5952 1.6864 3.8136 -9.4531 -0.0806 61.7342 4.5775 0.0689
Car -1 -1 1.6162 482.4160 184.5935 523.2751 221.9854 1.6000 1.6556 4.0859 -4.7116 1.5733 32.8724 1.4745 0.0667
Car -1 -1 1.8537 484.3004 170.9785 519.2070 192.9829 1.7209 1.6773 4.2766 -8.5252 0.6075 58.4543 1.7092 0.0666
Car -1 -1 3.6746 147.8695 174.0975 314.4166 227.0966 1.4625 1.5465 4.0348 -10.7671 1.1557 20.7270 3.2006 0.0656
Car -1 -1 1.9485 262.8127 179.8900 315.8221 205.9920 1.5188 1.6203 3.9002 -19.2979 1.2089 43.8059 1.5354 0.0651
Car -1 -1 4.8750 515.3128 159.7975 547.3051 185.7770 1.7461 1.6590 3.5748 -5.2551 0.0377 50.1479 4.7709 0.0651
Car -1 -1 1.7817 495.8089 171.8503 541.5573 202.1348 1.5302 1.6025 4.0702 -4.6684 0.8549 38.4211 1.6613 0.0646
Car -1 -1 4.6836 532.1970 164.7837 557.9197 188.7223 1.6264 1.7013 3.8397 -4.4272 0.2382 50.8458 4.5970 0.0617
Car -1 -1 1.8397 591.3014 182.7747 624.0720 202.8740 1.4753 1.5349 3.8333 0.0751 1.2961 54.8152 1.8406 0.0614
Car -1 -1 4.9596 494.7531 175.1842 540.5659 202.7762 1.4849 1.6176 4.1136 -5.0233 0.9450 40.8278 4.8376 0.0608
Car -1 -1 1.6954 139.0456 182.5610 195.1918 218.8010 1.4956 1.6088 4.0614 -19.4127 1.3861 31.8497 1.1514 0.0606
Car -1 -1 0.4054 691.5860 184.5450 752.5287 207.8359 1.5124 1.6247 3.7078 7.7135 1.4688 48.3534 0.5622 0.0599
Car -1 -1 2.6614 721.1729 180.2809 769.1289 197.9403 1.5394 1.6257 3.8815 12.2750 1.1092 63.9995 2.8497 0.0594
Car -1 -1 1.6509 558.0149 196.8605 619.9152 249.4750 1.4724 1.6644 3.7523 -0.5018 1.8743 22.8887 1.6286 0.0588
Car -1 -1 1.4030 771.3120 178.9652 797.3381 196.4137 1.4843 1.5877 3.8748 15.5224 0.9526 63.1409 1.6426 0.0586
Car -1 -1 5.0514 502.2111 174.4911 553.4879 202.7831 1.4889 1.5895 3.9920 -4.3474 0.9245 39.9564 4.9434 0.0573
Car -1 -1 1.5284 610.0150 169.9047 632.2291 190.0930 1.5919 1.6356 4.2191 1.1073 0.3846 58.8124 1.5468 0.0572
Car -1 -1 1.5251 742.0872 177.0664 763.9702 196.2137 1.5690 1.6329 3.9750 12.3426 0.9012 60.9960 1.7235 0.0568
Car -1 -1 3.6773 164.0303 162.0867 226.3142 184.7948 1.6964 1.6691 3.7837 -31.2604 -0.0325 54.6008 3.1594 0.0563
Car -1 -1 1.6295 581.7554 187.0051 621.9436 219.8289 1.4688 1.6772 4.3881 -0.1975 1.5607 34.6471 1.6233 0.0553
Car -1 -1 3.7419 110.4025 160.0350 256.0735 208.4864 1.4619 1.5729 3.7139 -13.2709 0.7021 22.6130 3.2164 0.0542
Car -1 -1 1.8260 98.5173 184.8208 145.1797 208.4461 1.5331 1.6405 4.0761 -32.9046 1.5074 48.8413 1.2353 0.0534
Car -1 -1 1.3260 530.2510 175.0694 564.8345 197.0064 1.5424 1.6159 3.9406 -4.4089 0.8290 52.6670 1.2425 0.0530
Car -1 -1 5.2017 186.3617 156.0345 240.2034 185.6567 2.2282 1.7620 4.5464 -30.7950 0.0332 56.3544 4.7034 0.0530
Car -1 -1 3.6022 261.6385 133.9592 473.9604 235.8101 1.8216 1.6501 3.5428 -4.5601 0.9049 13.9374 3.2917 0.0527
Car -1 -1 2.1002 469.9994 170.8904 514.7881 192.0853 1.6230 1.6818 4.0950 -9.0944 0.5260 57.2601 1.9431 0.0527
Car -1 -1 3.4184 62.8028 186.4934 184.4430 223.4933 1.4842 1.6189 3.9602 -20.2693 1.5405 30.3042 2.8327 0.0524
Car -1 -1 1.4585 600.0298 176.2107 627.2648 197.7463 1.6355 1.6772 4.2918 0.4713 0.9516 56.8134 1.4663 0.0523
Car -1 -1 3.4440 476.4799 174.7220 548.9722 202.7791 1.4952 1.5417 3.6432 -5.1526 0.9360 39.3808 3.3145 0.0519
Car -1 -1 4.8807 198.8029 206.1625 446.5856 376.0000 1.4721 1.5949 3.9791 -2.6359 1.7535 7.5701 4.5559 0.0514
Car -1 -1 4.9202 412.4417 173.5010 509.6580 244.4768 1.8194 1.8031 4.5852 -4.0614 1.5191 20.7348 4.7288 0.0511
Car -1 -1 -0.8555 369.9799 194.5324 787.2140 376.0000 1.4954 1.5756 3.9622 0.0178 1.6079 6.6665 -0.8536 0.0509
Car -1 -1 1.6413 567.5844 191.7571 613.8491 231.1250 1.4228 1.5734 3.6107 -0.5949 1.6983 28.4341 1.6200 0.0506
Car -1 -1 0.1353 563.2931 184.8820 623.2014 208.6808 1.4827 1.6031 3.6324 -0.8639 1.4619 45.7925 0.1160 0.0506