Car -1 -1 1.2017 773.6464 185.0951 1037.5719 351.2428 1.4775 1.5438 3.6617 3.1726 1.6538 8.5394 1.5449 0.9600
Car -1 -1 1.9049 570.9385 173.4352 627.3439 203.1722 1.4662 1.6564 4.2590 -0.4792 1.4986 37.9480 1.8918 0.8863
Car -1 -1 1.8375 520.5735 165.9157 586.9153 208.1586 1.6543 1.7484 4.1562 -2.2704 1.3826 30.4633 1.7633 0.8412
Car -1 -1 4.9296 642.1362 171.4741 674.1061 193.3779 1.5779 1.6078 3.7987 3.6716 1.4785 54.0265 4.9967 0.4361
Car -1 -1 3.9775 1062.9572 201.3720 1242.0000 375.0000 1.4642 1.5747 3.7300 3.5081 1.6497 2.7479 4.8322 0.2892
Car -1 -1 3.6833 602.7467 163.9093 655.8610 183.3829 1.6403 1.6825 4.3684 1.6975 0.8869 62.6611 3.7100 0.2357
Car -1 -1 1.8507 777.3080 173.4984 813.8225 194.6850 1.4928 1.6007 3.8516 13.7026 1.5420 53.0306 2.1019 0.2225
Car -1 -1 4.5774 844.1978 204.7802 1242.0000 375.0000 1.4653 1.5767 3.6258 1.9746 1.6891 3.0812 5.1035 0.2199
Car -1 -1 2.4857 1049.3625 194.1126 1242.0000 375.0000 1.4707 1.6263 4.2965 4.7095 1.6080 3.3248 3.4002 0.1689
Car -1 -1 5.1871 604.1222 162.5083 646.8547 186.2216 1.9049 1.8142 4.2752 1.3734 1.0738 60.2726 5.2095 0.1463
Car -1 -1 1.3108 801.3191 165.9301 860.8475 199.2927 1.4430 1.6100 4.0868 10.1309 1.1435 33.2758 1.6036 0.1417
Car -1 -1 3.0954 422.5891 178.7440 1242.0000 375.0000 1.4759 1.6183 3.9487 1.1553 1.5186 4.0223 3.3541 0.1350
Car -1 -1 4.9610 592.4012 163.6927 626.5606 191.0913 1.9608 1.6782 3.7055 0.0318 1.3052 53.6401 4.9612 0.1152
Car -1 -1 1.6777 541.5336 165.6958 587.1696 203.1578 1.6120 1.6551 4.1104 -2.0126 1.3040 33.1386 1.6171 0.1150
Car -1 -1 5.1297 545.7445 154.5269 593.1140 188.3857 2.0305 1.6543 3.5783 -2.4707 0.9314 45.2372 5.0751 0.1146
Car -1 -1 5.0932 481.2386 153.2413 544.6614 191.3801 1.8656 1.7822 4.3412 -4.9542 0.9062 37.6187 4.9629 0.1119
Car -1 -1 0.9844 683.0946 179.1897 1242.0000 375.0000 1.4531 1.6213 3.8724 1.8960 1.5134 4.7957 1.3387 0.1102
Car -1 -1 4.6123 804.1929 171.4825 846.3573 202.4912 1.4320 1.5872 3.8542 10.5122 1.3686 35.3613 4.8986 0.1017
Car -1 -1 1.4931 787.4062 176.2199 816.9359 201.1051 1.4718 1.4763 3.9868 12.0589 1.6930 45.3341 1.7510 0.1009
Car -1 -1 1.3799 1074.6785 187.7731 1242.0000 375.0000 1.4140 1.6307 3.9371 3.9862 1.5496 4.4442 2.0778 0.0774
Car -1 -1 4.0384 0.0000 0.0000 1242.0000 375.0000 1.4961 1.6085 4.0382 2.8135 1.5595 1.9488 4.9346 0.0736
Car -1 -1 0.4421 608.9491 178.6279 685.6304 207.9222 1.4884 1.6138 3.8043 2.0244 1.8126 38.9068 0.4931 0.0687
Car -1 -1 1.4179 836.1138 179.8686 903.3042 227.7689 1.4018 1.4895 3.7798 8.4501 1.6515 23.6943 1.7560 0.0671
Car -1 -1 4.6350 784.7171 171.1540 815.2312 196.1720 1.5517 1.6056 3.9222 12.3131 1.4463 46.8241 4.8902 0.0653
Car -1 -1 3.4209 573.4636 178.5440 664.8904 212.1511 1.5050 1.6234 4.0332 0.4674 1.7849 34.1303 3.4339 0.0646
Car -1 -1 -0.3930 810.1899 167.6499 908.5255 201.1526 1.4544 1.5754 3.8405 11.1133 1.2284 32.2311 -0.0641 0.0618
Car -1 -1 1.1497 777.9021 173.1317 823.7255 196.3421 1.5954 1.6958 3.9638 13.6566 1.6161 51.7391 1.4060 0.0614
Car -1 -1 1.8759 596.6451 178.4453 639.3501 204.2209 1.4877 1.5629 3.8184 0.5680 1.8492 44.5950 1.8881 0.0610
Car -1 -1 1.4760 579.2894 174.0941 623.3458 210.1254 1.5433 1.6442 3.9780 -0.4359 1.6038 33.1144 1.4623 0.0595
Car -1 -1 1.6424 611.8168 178.1427 646.1450 206.0273 1.4697 1.6463 4.3690 1.1571 1.7877 41.1396 1.6698 0.0584
Car -1 -1 3.3828 617.1642 172.7941 673.7244 194.3924 1.5473 1.6420 3.8722 2.6466 1.5430 53.0325 3.4320 0.0582
Car -1 -1 3.3743 529.8156 175.0973 613.6322 205.3841 1.4863 1.6492 3.9902 -1.9009 1.6042 36.7517 3.3225 0.0553
Car -1 -1 0.3056 548.9691 164.1747 619.3380 190.2447 1.5331 1.6186 3.9596 -1.5279 1.0227 43.7404 0.2706 0.0523
Car -1 -1 -0.3250 848.7693 174.2961 972.6492 219.5616 1.4584 1.5644 3.5155 10.0219 1.5085 24.1952 0.0629 0.0514