Car -1 -1 4.5850 649.7717 191.0303 699.4344 227.8404 1.4148 1.6570 4.1942 2.8106 2.2737 31.9647 4.6711 0.9054
Car -1 -1 4.2826 836.8985 170.4136 1229.4951 375.0000 1.5028 1.5479 3.1210 3.1526 1.4875 6.1019 4.7391 0.7988
Car -1 -1 1.4565 653.7280 181.3205 678.4005 200.5964 1.4809 1.5798 3.8609 4.5967 2.1975 59.1117 1.5332 0.3679
Car -1 -1 4.6322 658.6300 180.3239 685.1647 202.2264 1.4174 1.5276 3.7017 4.2694 1.9522 49.8113 4.7168 0.2017
Car -1 -1 1.4471 649.2342 185.5797 670.7769 204.1815 1.6229 1.5591 3.7008 4.6871 2.8454 67.4258 1.5156 0.1112
Car -1 -1 1.4998 656.5136 179.1092 681.3920 200.1002 1.5469 1.6369 4.3271 4.6246 2.0567 56.6364 1.5804 0.1063
Car -1 -1 1.4537 692.5945 179.1365 719.1047 199.3582 1.5140 1.6260 3.9725 7.6049 2.0300 57.2612 1.5847 0.0822
Car -1 -1 1.4409 658.7188 176.2745 691.7501 200.8219 1.5297 1.6401 4.1619 4.2917 1.7657 47.6654 1.5297 0.0689
Car -1 -1 1.0229 657.4412 177.2185 702.9791 198.2518 1.5135 1.6175 3.9664 5.3350 1.8588 54.9458 1.1188 0.0686
Car -1 -1 1.7608 700.4390 177.4249 735.8837 201.4880 1.4824 1.5861 3.9520 7.1717 1.7961 47.3866 1.9096 0.0649
Car -1 -1 1.6100 649.5148 177.9791 672.8462 199.8326 1.5882 1.6338 4.1021 4.0067 1.9979 55.5632 1.6811 0.0626
Car -1 -1 2.7454 748.3968 168.9847 1242.0000 375.0000 1.5263 1.6108 3.6551 3.1407 1.4981 6.1639 3.1965 0.0594
Car -1 -1 1.3912 655.5475 178.0395 696.8486 205.1192 1.4009 1.5829 4.0641 3.6592 1.7051 40.2256 1.4808 0.0569
Car -1 -1 1.6914 681.6563 180.9305 707.8316 200.9913 1.5048 1.6162 4.0579 6.8829 2.1785 58.0264 1.8084 0.0549
Car -1 -1 2.3984 932.9073 148.8852 1242.0000 375.0000 1.5399 1.6786 4.2825 4.8915 1.3934 5.3069 3.1154 0.0542
Car -1 -1 1.0669 662.9297 174.8794 716.5950 200.7109 1.5541 1.6523 4.0207 5.0476 1.6891 45.9240 1.1752 0.0506
Car -1 -1 1.6884 661.0386 180.9157 687.0378 201.3840 1.5378 1.6144 4.1251 5.2267 2.2115 58.1142 1.7771 0.0500