Car -1 -1 1.9390 249.8545 187.8928 463.2252 317.6290 1.5030 1.6537 3.8290 -3.5029 1.7684 10.7741 1.6309 0.9631
Car -1 -1 4.9096 736.2786 175.7462 831.4461 241.5861 1.4203 1.6143 3.4728 4.3448 1.4987 17.6480 5.1463 0.9619
Car -1 -1 4.9200 515.9642 172.0533 600.6033 228.7422 1.5111 1.6369 4.3207 -1.4084 1.4898 21.4885 4.8547 0.9517
Car -1 -1 4.1869 862.1752 140.0067 1242.0000 375.0000 1.5443 1.7109 4.3135 3.3625 1.4092 5.1473 4.7391 0.9452
Car -1 -1 1.7957 413.7081 179.0164 501.6816 233.6160 1.4741 1.6914 4.3365 -4.5340 1.6821 22.1636 1.5957 0.9377
Car -1 -1 -1.0472 779.5145 168.4058 908.1682 223.5408 1.5515 1.7353 4.6333 7.3870 1.4264 22.5009 -0.7344 0.7135
Car -1 -1 4.4944 1104.9144 141.9365 1167.2612 175.3275 1.5792 1.6775 4.0600 26.4102 0.1170 36.3217 5.1194 0.3316
Car -1 -1 1.7411 479.9524 171.1692 507.6596 191.1343 1.5268 1.5427 3.7772 -9.1204 1.3979 57.0761 1.5831 0.2552
Car -1 -1 4.5775 477.3285 170.1838 501.9580 188.5831 1.5425 1.6052 3.8386 -10.4247 1.3187 62.5615 4.4129 0.1847
Car -1 -1 4.6579 575.7944 156.8026 606.8997 185.0730 1.6812 1.7151 4.1018 -1.1789 0.7266 45.0211 4.6316 0.1390
Car -1 -1 2.6232 1110.8082 144.4500 1221.6783 176.8968 1.5358 1.6327 4.0062 27.0965 0.1914 35.2279 3.2750 0.1271
Car -1 -1 1.6869 569.7794 177.6517 606.3873 205.5476 1.4729 1.6198 3.9661 -1.1674 1.7581 40.8461 1.6580 0.1172
Car -1 -1 3.4368 566.6776 159.4000 636.9435 185.6084 1.5312 1.6500 3.9254 -0.4554 0.7452 43.4974 3.4262 0.0899
Car -1 -1 3.4453 549.2424 163.3886 604.9655 184.4582 1.7076 1.7003 4.3061 -2.6817 0.9405 59.8517 3.4004 0.0852
Car -1 -1 3.8860 1060.8883 145.2156 1160.6212 178.0157 1.5542 1.6545 4.0755 25.1320 0.2446 36.3601 4.4871 0.0833
Car -1 -1 2.9944 1081.5294 147.4129 1188.3447 180.6964 1.5504 1.6301 4.0174 25.5496 0.3653 35.2563 3.6176 0.0762
Car -1 -1 1.9093 559.5838 185.5784 612.6327 215.5285 1.4695 1.6577 3.9968 -1.2194 2.2021 39.3879 1.8779 0.0753
Car -1 -1 3.2798 531.4238 181.7399 606.0854 209.0561 1.4434 1.6186 3.9175 -2.2131 1.9445 39.7235 3.2240 0.0729
Car -1 -1 0.4312 462.1432 171.2224 515.4056 190.8976 1.5075 1.5738 3.8075 -9.4558 1.3825 56.5436 0.2659 0.0724
Car -1 -1 4.6029 741.8460 211.4005 1057.0117 375.0000 1.5145 1.5701 3.7687 1.8495 1.9233 5.6527 4.9016 0.0702
Car -1 -1 2.8854 836.4857 158.4147 912.1681 185.2355 1.5339 1.6078 3.8770 15.4505 0.7081 42.2451 3.2336 0.0679
Car -1 -1 4.8495 893.7975 184.9785 949.3828 224.8629 1.4617 1.6059 3.8230 12.9095 1.9960 29.7428 5.2548 0.0662
Car -1 -1 4.4554 879.2729 152.0884 934.3529 191.4939 1.9665 1.7186 3.9749 15.6121 0.9302 38.0889 4.8415 0.0635
Car -1 -1 1.2375 587.7941 182.2677 640.5384 211.3580 1.4072 1.6539 3.7550 0.1892 1.9332 38.2705 1.2418 0.0631
Car -1 -1 4.5737 834.9865 156.3900 872.4958 183.6314 1.5589 1.6195 3.7288 14.5924 0.6167 43.2715 4.8968 0.0631
Car -1 -1 4.4906 468.7415 173.4447 500.9103 193.3653 1.5276 1.6448 4.2345 -10.0175 1.5767 57.7363 4.3193 0.0628
Car -1 -1 4.6069 584.6964 158.8913 619.6636 186.0661 1.5746 1.7050 4.0701 -0.4958 0.7656 43.9289 4.5955 0.0623
Car -1 -1 1.7133 472.0920 171.3408 500.8457 192.0633 1.5403 1.6224 4.0623 -9.4581 1.4278 55.6814 1.5455 0.0607
Car -1 -1 4.5934 552.8564 159.4938 579.5710 182.0086 1.8382 1.7692 4.2198 -3.7086 0.7474 61.1429 4.5329 0.0596
Car -1 -1 1.3079 492.6327 183.3671 547.1547 217.4060 1.4449 1.5844 3.9207 -4.2885 1.9718 34.0490 1.1830 0.0592
Car -1 -1 1.8567 588.2231 181.7140 636.9076 210.5602 1.4674 1.6504 3.9868 0.2238 1.9870 40.1684 1.8616 0.0592
Car -1 -1 -1.1936 1102.2953 72.4925 1242.0000 375.0000 1.5496 1.6511 4.0911 5.0199 1.1929 4.0111 -0.3319 0.0575
Car -1 -1 2.8159 1019.5958 112.8029 1220.0823 172.7804 1.5373 1.6158 4.2051 13.8498 -0.0022 19.8493 3.4186 0.0572
Car -1 -1 -0.2147 477.0428 170.6131 533.4345 190.7006 1.5495 1.6238 4.1705 -8.2637 1.3766 57.1481 -0.3579 0.0568
Car -1 -1 0.8517 665.6722 179.9307 742.1714 211.5935 1.4781 1.6154 4.0086 4.7407 1.8591 36.7408 0.9784 0.0556
Car -1 -1 3.2669 463.2406 169.4880 513.7647 187.0819 1.4794 1.5913 4.0826 -10.2959 1.1964 61.5496 3.1016 0.0547
Car -1 -1 -1.0239 838.7919 170.7575 953.4121 220.0908 1.5238 1.6536 4.1715 9.6604 1.4590 24.2055 -0.6489 0.0545
Car -1 -1 1.7567 315.7119 181.3333 414.5277 250.2632 1.4732 1.6052 3.8434 -5.9351 1.7075 17.9253 1.4408 0.0545
Car -1 -1 2.9703 1092.9839 140.1472 1242.0000 193.2215 1.5206 1.6172 3.9484 17.4117 0.5835 22.3081 3.6267 0.0522
Car -1 -1 1.4474 582.4427 164.8969 620.1195 193.2522 1.5654 1.6908 4.1372 -0.5323 1.1261 41.9981 1.4345 0.0509