Car -1 -1 -0.6068 972.6968 199.1807 1242.0000 362.7736 1.4521 1.5624 3.3937 5.8755 1.7572 7.5190 0.0367 0.9468
Car -1 -1 3.6087 10.2191 184.8316 318.0489 298.8173 1.6266 1.6835 3.8166 -6.8689 1.8328 11.4587 3.0785 0.9426
Car -1 -1 4.5946 629.1272 180.6283 678.4333 216.3906 1.3851 1.6123 4.2994 1.8340 1.7438 31.0938 4.6523 0.9210
Car -1 -1 -0.5875 904.5698 198.1057 1235.2455 313.4702 1.4242 1.5008 3.7165 6.2937 1.8069 10.1041 -0.0445 0.9105
Car -1 -1 -0.3575 756.2279 188.8006 979.3444 259.4779 1.3961 1.5803 4.2217 5.4274 1.7570 15.4818 -0.0272 0.9101
Car -1 -1 0.4217 103.1570 150.9697 376.7480 255.3373 1.8941 1.7246 4.4219 -7.0102 1.4969 14.0323 -0.0344 0.7891
Car -1 -1 -0.2872 754.4935 175.0621 928.3866 235.6437 1.4178 1.4017 3.8101 5.5900 1.4741 17.6668 0.0138 0.7681
Car -1 -1 2.6344 807.7695 196.4832 1095.9202 292.0771 1.4868 1.6138 4.3574 5.8957 1.9346 12.6913 3.0593 0.7193
Car -1 -1 3.4029 343.7325 179.5424 473.9037 220.8370 1.3801 1.6274 4.0971 -6.9383 1.6214 25.2060 3.1365 0.7015
Car -1 -1 3.8903 0.0000 186.4295 162.7679 375.0000 1.6141 1.6612 3.9565 -6.7397 1.7590 6.8533 3.1326 0.6881
Car -1 -1 3.4031 373.8875 186.7803 492.9281 225.0532 1.4006 1.4605 4.2137 -6.7213 1.9515 27.7597 3.1672 0.6441
Car -1 -1 4.4441 608.1470 178.2251 648.6382 202.7407 1.4696 1.6092 3.9170 1.1598 1.8296 46.2668 4.4685 0.4331
Car -1 -1 4.7704 455.3976 169.7511 489.6495 198.0995 1.4880 1.6232 4.0883 -7.5472 1.3251 40.0045 4.5848 0.3853
Car -1 -1 4.6287 615.0620 167.8305 642.4633 191.5750 1.6325 1.6315 3.9392 1.3374 1.2871 51.6209 4.6541 0.3674
Car -1 -1 4.8799 511.3536 171.3496 537.5314 190.8656 1.5850 1.5907 3.6450 -7.1001 1.4628 60.4611 4.7632 0.2976
Car -1 -1 2.3535 1165.4247 189.4229 1242.0000 375.0000 1.4715 1.6268 4.0157 6.2856 1.6022 4.6526 3.2566 0.2874
Car -1 -1 4.9068 374.2266 174.2960 417.0220 203.1105 1.5053 1.5790 3.6395 -11.7350 1.5886 39.7671 4.6213 0.2408
Car -1 -1 0.2160 425.6158 171.5936 501.6196 198.8207 1.4313 1.5549 3.7525 -7.7971 1.3650 38.7425 0.0184 0.2241
Car -1 -1 4.4234 641.5097 173.5267 672.8015 191.9995 1.5128 1.5852 3.9694 4.0091 1.5720 61.3549 4.4879 0.2078
Car -1 -1 3.0799 344.3407 180.9991 439.4227 218.2235 1.4495 1.5242 3.7060 -9.0692 1.8040 30.0453 2.7887 0.2070
Car -1 -1 0.4426 20.9358 146.8275 172.1439 195.8507 1.5508 1.5833 3.7723 -16.8921 0.7275 23.9192 -0.1671 0.1978
Car -1 -1 4.7940 390.9576 179.0336 436.1886 215.0477 1.4217 1.5724 3.7206 -8.3942 1.7052 31.1312 4.5324 0.1877
Car -1 -1 4.7209 423.3390 174.0322 458.9182 206.4790 1.4240 1.5353 3.5792 -7.8474 1.4821 33.7178 4.4936 0.1485
Car -1 -1 4.2911 1072.5063 174.9398 1146.0398 208.0821 1.4319 1.4979 3.4245 22.9152 1.5332 33.2211 4.8904 0.1484
Car -1 -1 1.4043 506.3219 176.2022 534.5690 196.4032 1.5404 1.6152 3.9412 -7.1762 1.8186 57.8412 1.2811 0.1275
Car -1 -1 1.9202 208.6796 149.2534 326.9278 213.2649 1.4703 1.5503 3.6226 -8.5814 0.9282 18.4407 1.4899 0.1121
Car -1 -1 0.7099 1150.0822 199.6451 1242.0000 375.0000 1.4597 1.6000 3.9330 4.9770 1.6702 3.6756 1.6061 0.1102
Car -1 -1 -0.0738 417.3888 175.5680 501.3825 209.7545 1.5016 1.4796 3.6744 -6.9015 1.6307 33.1017 -0.2782 0.1097
Car -1 -1 3.4509 190.1446 147.3285 276.2498 174.5973 1.5143 1.6307 4.0551 -21.4273 0.0968 41.2097 2.9740 0.1077
Car -1 -1 3.5129 579.2991 178.1106 645.4543 202.7221 1.4783 1.5908 3.8478 0.1789 1.8196 45.4022 3.5163 0.0989
Car -1 -1 0.4362 264.4659 152.1253 355.0051 180.7422 1.5603 1.6394 4.3843 -16.6845 0.4301 40.2604 0.0456 0.0983
Car -1 -1 4.8027 472.7776 169.9359 508.3874 198.5210 1.5140 1.5917 4.1061 -6.5967 1.3595 40.3207 4.6413 0.0965
Car -1 -1 1.8542 404.2445 174.3547 462.8128 208.8220 1.4462 1.5369 3.8143 -7.8254 1.5176 32.3864 1.6186 0.0894
Car -1 -1 5.5167 45.1922 147.8759 164.3898 194.8812 1.7297 1.7021 3.7102 -19.8293 0.8106 28.5393 4.9137 0.0876
Car -1 -1 4.7359 627.5421 178.7575 653.8499 203.2619 1.4563 1.5785 3.8545 2.0109 1.8473 45.8089 4.7790 0.0829
Car -1 -1 0.1854 191.3945 146.8767 301.7440 182.6233 1.6081 1.6585 4.3902 -16.9246 0.4395 33.8541 -0.2751 0.0798
Car -1 -1 -0.3217 598.2542 168.7621 659.6960 191.4798 1.5506 1.6189 4.0008 1.3535 1.2713 50.6041 -0.2954 0.0788
Car -1 -1 1.7459 521.1087 177.0791 546.5610 195.2047 1.5125 1.5708 3.8111 -6.5872 1.8933 63.0760 1.6420 0.0784
Car -1 -1 2.5007 0.0000 178.9543 156.3032 375.0000 1.6198 1.6587 4.2411 -6.5936 1.6950 6.6735 1.7412 0.0760
Car -1 -1 1.0791 477.2072 175.9114 521.1339 196.3645 1.5086 1.6589 4.0344 -8.5956 1.7547 55.9616 0.9271 0.0727
Car -1 -1 2.3766 41.9456 148.2487 178.6206 197.1449 1.4988 1.5810 3.6621 -16.5035 0.7446 24.0728 1.7807 0.0693
Car -1 -1 4.8733 500.1239 173.7863 529.7878 195.1493 1.5789 1.6307 4.0663 -7.2440 1.6533 55.5643 4.7439 0.0690
Car -1 -1 5.1209 0.0000 197.6711 208.3922 375.0000 1.5060 1.5992 3.9475 -5.8692 1.8474 7.8238 4.4933 0.0677
Car -1 -1 2.0617 527.2532 176.1585 570.8589 196.2168 1.5239 1.6436 4.3144 -4.8037 1.7995 57.8831 1.9789 0.0670
Car -1 -1 1.6306 606.6470 172.3405 635.5475 197.4070 1.5790 1.6581 4.1768 0.8015 1.5466 47.5953 1.6469 0.0660
Car -1 -1 3.4402 669.5558 197.5905 1242.0000 375.0000 1.4457 1.5411 4.0625 2.6189 1.7176 6.0462 3.8297 0.0660
Car -1 -1 3.1021 376.1569 172.8594 464.0543 205.7636 1.4394 1.5610 3.7866 -8.6254 1.4397 32.8612 2.8470 0.0657
Car -1 -1 0.0046 379.6833 180.9628 477.8906 217.9295 1.4663 1.5004 3.9084 -7.5621 1.8205 30.3314 -0.2381 0.0653
Car -1 -1 0.9213 1164.9749 177.0090 1242.0000 375.0000 1.5189 1.6103 4.1222 4.0494 1.5476 2.7714 1.8430 0.0650
Car -1 -1 1.5419 514.0571 176.0843 535.9113 196.4653 1.5223 1.5893 3.8831 -6.6588 1.7847 56.5754 1.4249 0.0644
Car -1 -1 2.3965 0.0000 179.2019 147.5284 375.0000 1.6044 1.6500 4.0163 -5.9294 1.6738 5.8402 1.6263 0.0627
Car -1 -1 3.1634 488.3979 177.3678 536.8160 197.0502 1.5096 1.6150 3.7259 -7.6085 1.8713 56.8118 3.0306 0.0627
Car -1 -1 4.3147 1136.0841 175.3636 1215.5790 210.2140 1.4878 1.5695 3.6082 25.8143 1.6094 33.0288 4.9734 0.0624
Car -1 -1 0.5015 330.9691 167.1007 415.0839 196.5791 1.5327 1.5760 4.0219 -12.6514 1.2336 38.6638 0.1870 0.0622
Car -1 -1 2.9749 348.5451 184.9035 473.6405 226.4504 1.4132 1.5948 4.3314 -7.4442 1.8934 27.1217 2.7091 0.0616
Car -1 -1 3.2623 602.1447 178.9087 667.9040 203.2415 1.4881 1.5685 4.0079 1.6359 1.8812 45.7533 3.2973 0.0598
Car -1 -1 1.4538 655.7756 173.9156 682.2416 194.7654 1.5548 1.5879 3.9913 4.5808 1.6402 56.0354 1.5345 0.0594
Car -1 -1 3.7837 18.1489 143.6262 158.6509 185.6269 1.6147 1.6698 4.4034 -20.5984 0.4911 28.6240 3.1642 0.0591
Car -1 -1 1.7641 378.3027 184.1052 437.2528 223.9896 1.4505 1.5340 4.1976 -8.1908 1.9456 29.6032 1.4960 0.0590
Car -1 -1 1.9706 355.3894 180.5952 426.6676 218.1615 1.4353 1.5165 3.7394 -9.0925 1.7814 30.3106 1.6812 0.0585
Car -1 -1 5.1501 524.3994 170.4063 556.9161 186.4741 1.4683 1.6107 3.7485 -6.4570 1.2446 67.9701 5.0555 0.0561
Car -1 -1 1.4644 607.2762 170.3127 636.9401 193.4478 1.5496 1.6400 4.1263 0.8368 1.3794 50.4574 1.4805 0.0561
Car -1 -1 4.5581 1106.0370 166.4451 1198.3600 224.4563 1.4912 1.5481 3.4094 15.2351 1.3264 20.4168 5.1920 0.0557
Car -1 -1 1.0646 1084.1100 199.3951 1242.0000 375.0000 1.4690 1.6156 3.5491 5.0478 1.7305 5.1965 1.8065 0.0556
Car -1 -1 4.6781 301.6768 152.2607 330.8875 181.2413 1.8947 1.7240 3.7233 -20.0353 0.5484 49.2247 4.2933 0.0547
Car -1 -1 -0.3644 932.9981 174.6710 1040.8307 209.4635 1.5270 1.6426 4.0242 17.0848 1.6123 32.8163 0.1115 0.0541
Car -1 -1 1.6367 612.0591 176.9916 642.5035 202.4424 1.4762 1.6183 4.0413 1.1367 1.7440 44.6146 1.6615 0.0534
Car -1 -1 4.1256 1212.5190 182.2324 1242.0000 375.0000 1.4762 1.6610 4.0625 6.4949 1.5733 5.2904 4.9853 0.0519