Car -1 -1 3.2541 11.3725 197.1888 286.2401 293.6306 1.4376 1.6522 4.0182 -8.1021 1.9347 13.1482 2.7105 0.9703
Car -1 -1 1.7008 401.2669 187.0976 482.7745 245.7907 1.4369 1.7062 4.7294 -4.8029 1.9049 21.2763 1.4808 0.9024
Car -1 -1 4.5653 442.0363 179.8168 473.8947 202.8458 1.5022 1.6473 3.7214 -10.6058 2.0075 50.3270 4.3583 0.3391
Car -1 -1 4.2427 539.7309 155.4102 598.3919 189.7007 2.2071 2.0067 4.8303 -2.8164 1.0843 49.0334 4.1853 0.3314
Car -1 -1 1.5298 476.8918 192.7006 515.8749 228.1970 1.4848 1.6860 4.0378 -5.4957 2.4989 34.7248 1.3734 0.2050
Car -1 -1 2.0812 396.4751 178.9769 448.4557 202.9105 1.5217 1.6975 3.9660 -12.6710 1.9565 49.1027 1.8296 0.1522
Car -1 -1 1.5417 453.4265 194.2155 491.4733 229.0948 1.4315 1.6625 4.0140 -6.5785 2.5124 34.3722 1.3534 0.1452
Car -1 -1 3.3927 147.4606 185.4731 261.2089 225.5475 1.4834 1.5535 3.6685 -16.0150 2.0063 28.6864 2.8872 0.1414
Car -1 -1 1.5189 427.0583 176.5908 448.6512 196.6573 1.5516 1.5146 3.7147 -13.9518 1.8650 58.5295 1.2856 0.1374
Car -1 -1 2.9433 440.4690 183.8478 502.0042 207.7922 1.5504 1.5959 3.9133 -9.4998 2.3280 49.5542 2.7545 0.1162
Car -1 -1 2.0214 177.5328 184.4771 263.3127 225.8098 1.4868 1.5161 3.7810 -15.4994 1.9840 28.9504 1.5333 0.1019
Car -1 -1 1.5702 476.4935 191.6024 508.1068 221.4469 1.4796 1.6648 3.9071 -6.5667 2.5836 40.4244 1.4096 0.1017
Car -1 -1 1.7488 449.1454 182.4313 483.6215 205.8652 1.4921 1.6428 3.9566 -9.7872 2.1764 49.5627 1.5544 0.0967
Car -1 -1 1.6908 468.3499 183.4732 495.6585 204.5842 1.4956 1.5850 4.0142 -9.7237 2.3385 55.2230 1.5169 0.0873
Car -1 -1 4.7793 207.2678 184.3770 256.9178 223.1179 1.4351 1.5638 3.6509 -15.5711 1.9442 29.8951 4.3025 0.0833
Car -1 -1 1.7752 473.8938 185.1154 509.6800 208.3673 1.4819 1.6602 4.0861 -8.1529 2.3712 50.2539 1.6147 0.0824
Car -1 -1 4.7253 229.2628 176.0052 284.6184 223.6993 1.4346 1.5364 3.6120 -11.6416 1.5476 23.9238 4.2765 0.0721
Car -1 -1 1.7915 416.1574 178.4901 453.4271 201.5166 1.5049 1.6731 4.0169 -12.0992 1.9126 50.1677 1.5557 0.0693
Car -1 -1 -0.1799 189.9554 188.0798 271.6965 218.9895 1.5884 1.4742 3.8729 -21.2728 2.4824 40.5928 -0.6602 0.0676
Car -1 -1 1.8336 451.3873 179.4810 490.1105 202.3522 1.5142 1.6525 4.2188 -9.7928 2.0042 51.1878 1.6452 0.0675
Car -1 -1 3.7327 117.0725 182.9472 310.4835 252.4140 1.4685 1.5779 3.6196 -8.9686 1.7128 16.4983 3.2412 0.0659
Car -1 -1 1.4415 445.1408 178.4123 479.2198 203.8828 1.5750 1.7050 4.0212 -9.7908 1.9596 47.7459 1.2400 0.0647
Car -1 -1 1.4792 473.0441 196.4224 525.7970 240.3931 1.4383 1.6664 3.7885 -4.3076 2.4139 27.8280 1.3263 0.0639
Car -1 -1 1.5278 454.7781 189.9531 489.2274 219.8039 1.4663 1.7070 4.2191 -7.7212 2.4739 40.2683 1.3390 0.0623
Car -1 -1 1.4026 461.1625 188.3565 499.5558 216.4201 1.5084 1.6237 3.9742 -7.7950 2.4847 43.2957 1.2250 0.0603
Car -1 -1 4.7440 177.9099 179.9001 245.0329 242.8131 1.5547 1.5022 3.4392 -11.0157 1.7695 20.1241 4.2484 0.0585
Car -1 -1 1.6155 192.4056 185.1817 244.3310 229.6850 1.5362 1.5874 3.9432 -15.2139 2.0543 28.2022 1.1244 0.0576
Car -1 -1 0.6397 106.3275 184.2319 228.2150 224.3046 1.4897 1.6195 3.8958 -17.3415 1.9528 28.3762 0.0950 0.0569
Car -1 -1 -0.4739 564.9470 161.3520 627.8898 185.8978 1.5776 1.6599 3.8553 -0.8667 0.8383 48.0155 -0.4921 0.0553
Car -1 -1 1.2482 456.4704 183.7048 502.7599 209.8635 1.5436 1.6735 4.3019 -8.4693 2.2812 46.7630 1.0696 0.0545
Car -1 -1 3.9508 382.1985 178.6704 442.6272 201.8828 1.5269 1.6807 4.1090 -13.7132 1.9454 50.1366 3.6849 0.0529
Car -1 -1 5.2276 194.4804 187.7229 258.1013 218.2029 1.5635 1.4787 3.8203 -21.6046 2.4447 40.8293 4.7433 0.0528