Car -1 -1 4.3155 821.0536 194.8678 1097.9204 355.7818 1.4570 1.6158 3.8127 3.9828 1.7890 8.9690 4.7200 0.9674
Car -1 -1 4.4029 748.1038 186.3065 882.9913 269.8145 1.4347 1.5994 3.5860 4.0655 1.7450 14.8147 4.6646 0.9545
Car -1 -1 1.8122 448.8825 184.4877 524.8538 233.2913 1.4851 1.6850 3.9132 -4.1406 1.9196 24.9340 1.6486 0.9511
Car -1 -1 4.5895 726.8006 184.2876 805.9388 246.5789 1.4835 1.6409 3.8396 4.2145 1.8301 19.8919 4.7944 0.9485
Car -1 -1 4.5568 702.2833 182.9549 764.4949 231.0429 1.5267 1.6214 3.4671 4.2805 1.9063 25.3792 4.7212 0.8470
Car -1 -1 4.5789 691.6848 179.1793 741.5234 215.7834 1.4215 1.5853 3.7838 4.4705 1.7061 30.5757 4.7221 0.8044
Car -1 -1 1.7407 496.0979 187.1203 549.4731 225.4742 1.4511 1.5864 4.1510 -3.6514 2.1055 30.9862 1.6237 0.6586
Car -1 -1 1.6143 560.9422 178.9043 586.5212 201.8722 1.5597 1.6645 4.2563 -2.5568 2.0157 52.2532 1.5652 0.5246
Car -1 -1 1.7386 516.2763 183.0747 559.4990 214.6350 1.4242 1.5235 3.7163 -3.4925 1.9570 35.7031 1.6412 0.4949
Car -1 -1 4.6583 687.1289 170.1584 712.6030 192.7574 1.5876 1.6237 4.0829 6.5690 1.3982 52.7806 4.7811 0.3990
Car -1 -1 2.7573 1047.8267 156.7280 1242.0000 375.0000 1.4980 1.6278 4.2038 4.9600 1.4459 4.0110 3.6124 0.2166
Car -1 -1 0.8971 946.7314 185.9411 1029.5020 221.6404 1.4216 1.6685 3.0420 16.5038 2.0248 31.6017 1.3740 0.1962
Car -1 -1 3.6145 1012.0047 179.3494 1242.0000 375.0000 1.4944 1.5893 4.1584 4.0257 1.5424 3.1306 4.4792 0.1349
Car -1 -1 1.1939 932.0867 187.8162 997.5029 223.0282 1.4443 1.5920 3.1464 15.9802 2.1543 32.6082 1.6454 0.1229
Car -1 -1 2.8579 1049.8593 177.2655 1206.7461 221.2759 1.4845 1.6565 4.3163 18.6159 1.6533 26.1177 3.4714 0.1194
Car -1 -1 0.2238 457.2887 179.1644 523.9013 201.4765 1.4775 1.5676 4.2398 -8.0835 1.9159 49.2101 0.0615 0.1191
Car -1 -1 3.3021 439.7978 193.0302 543.0435 230.0076 1.4348 1.6109 3.9831 -4.8029 2.2874 29.6850 3.1425 0.1072
Car -1 -1 1.2108 860.2783 174.2247 935.0013 209.3730 1.4772 1.6962 4.3531 12.9359 1.5435 32.6835 1.5842 0.1046
Car -1 -1 -1.2525 985.2189 160.9763 1242.0000 375.0000 1.4946 1.6129 3.9338 4.7576 1.4328 5.4907 -0.5653 0.0965
Car -1 -1 3.0836 962.8941 177.4174 1047.4479 206.4472 1.4842 1.6436 3.9067 21.2672 1.7405 38.9564 3.5797 0.0906
Car -1 -1 0.7133 1046.5566 181.3912 1181.9830 226.9754 1.4265 1.6091 3.7479 17.5829 1.7504 25.3523 1.3137 0.0893
Car -1 -1 1.5031 956.6674 179.1126 993.5257 207.2746 1.4642 1.5759 3.7791 20.4507 1.8330 40.4711 1.9676 0.0834
Car -1 -1 1.2935 922.7399 182.8448 981.9131 216.5695 1.4563 1.5550 3.7519 16.2153 1.9587 34.3044 1.7312 0.0812
Car -1 -1 1.8208 529.4448 175.4764 558.0147 194.7145 1.5748 1.5731 3.6348 -5.5784 1.8053 61.5054 1.7304 0.0803
Car -1 -1 0.6043 436.1265 179.9602 508.1558 209.4229 1.6052 1.5321 3.8905 -7.9113 2.0288 41.5170 0.4167 0.0785
Car -1 -1 0.8874 998.6612 183.6507 1242.0000 375.0000 1.4545 1.5679 3.4682 4.0304 1.5460 4.3581 1.5999 0.0782
Car -1 -1 4.7596 807.2590 175.2855 835.9218 201.3841 1.5145 1.5222 3.5779 13.0091 1.6699 44.1720 5.0438 0.0752
Car -1 -1 -0.3928 705.1755 185.2665 827.3591 232.2995 1.4890 1.5889 3.7403 5.2964 1.9307 24.5576 -0.1837 0.0751
Car -1 -1 1.7772 556.3569 180.3599 590.7682 203.5288 1.5191 1.6280 4.0170 -2.4895 2.0694 50.7871 1.7280 0.0728
Car -1 -1 2.8613 881.1343 183.6472 1024.3190 229.3475 1.4668 1.6131 4.1575 11.6856 1.8545 24.8031 3.2963 0.0701
Car -1 -1 1.5446 959.0490 181.6679 1015.8070 228.8623 1.3737 1.5278 3.6327 12.3366 1.6873 23.7044 2.0188 0.0698
Car -1 -1 2.0521 514.7993 191.7327 1104.3804 375.0000 1.4728 1.5872 3.9857 1.5257 1.6364 4.2947 2.3702 0.0673
Car -1 -1 1.4420 697.8151 182.1098 754.4178 225.1558 1.4978 1.6446 4.0503 4.4479 1.8836 28.0314 1.5970 0.0670
Car -1 -1 4.4289 814.1701 174.4523 860.3936 201.8338 1.4904 1.5739 3.5746 12.9722 1.5858 41.2851 4.7309 0.0666
Car -1 -1 1.4668 1038.2480 181.1064 1099.5308 222.6861 1.4315 1.5804 3.6761 17.5054 1.7703 27.6317 2.0262 0.0654
Car -1 -1 -0.0119 670.9238 170.0937 726.5290 191.5134 1.5012 1.5854 3.8842 6.3540 1.3077 51.5686 0.1097 0.0635
Car -1 -1 1.0350 965.3828 180.7099 1034.3397 210.4637 1.4534 1.6461 3.4520 20.4412 1.8857 37.9381 1.5255 0.0621
Car -1 -1 1.1665 1015.7948 158.8937 1242.0000 375.0000 1.5433 1.6215 4.2033 2.7585 1.5366 2.5973 1.9265 0.0618
Car -1 -1 1.8367 478.9958 190.1795 542.1144 230.4004 1.4384 1.5995 3.8286 -3.9739 2.1956 29.5327 1.7034 0.0615
Car -1 -1 1.7936 540.2474 186.1729 576.4223 210.9090 1.5196 1.6208 3.8099 -3.3985 2.4517 48.4913 1.7235 0.0614
Car -1 -1 4.3777 825.7313 174.5676 881.3105 203.9704 1.4866 1.6057 3.9344 13.0060 1.5832 38.6893 4.6993 0.0610
Car -1 -1 4.7228 659.5473 184.0287 698.5292 222.1845 1.4774 1.5686 3.7693 3.0043 1.9885 31.0415 4.8176 0.0596
Car -1 -1 4.4760 434.1634 182.8268 480.8524 213.0290 1.4344 1.5640 3.6644 -7.9607 1.9813 37.5741 4.2682 0.0583
Car -1 -1 1.4615 608.6910 179.9948 637.4407 202.5938 1.4930 1.6030 3.9789 0.9170 2.0182 51.0198 1.4789 0.0579
Car -1 -1 3.0471 548.8319 179.2151 609.7180 201.4822 1.5592 1.6832 4.2682 -2.2177 2.0302 52.2931 3.0045 0.0573
Car -1 -1 4.0248 446.5564 189.0713 543.3401 228.6744 1.4712 1.6950 4.3111 -4.9073 2.2045 30.5584 3.8663 0.0569
Car -1 -1 -0.7527 947.4163 181.0038 1049.7241 216.0511 1.5000 1.6534 4.0754 17.6797 1.8858 32.8276 -0.2630 0.0567
Car -1 -1 2.2629 925.9120 181.5051 995.6544 210.6025 1.4930 1.6442 3.3820 19.1461 1.9821 39.3372 2.7125 0.0565
Car -1 -1 4.1720 684.7693 190.4463 1132.8225 375.0000 1.4497 1.5917 3.8370 2.0434 1.6505 6.1835 4.4754 0.0558
Car -1 -1 4.5113 841.7279 173.5929 892.0914 204.6028 1.4796 1.6241 4.0006 12.9876 1.5192 36.6183 4.8492 0.0557
Car -1 -1 2.0484 556.4702 181.6309 607.5658 207.1201 1.5686 1.6764 4.1756 -1.7854 2.1821 48.1951 2.0111 0.0552
Car -1 -1 3.1346 543.2125 180.2670 597.5611 202.8705 1.5552 1.6162 3.7882 -2.7797 2.0904 51.1724 3.0801 0.0545
Car -1 -1 1.5734 508.5252 185.0455 545.8938 221.2716 1.4720 1.5844 3.9689 -3.7309 2.0604 32.7644 1.4603 0.0544
Car -1 -1 5.0158 564.5042 172.9292 602.2911 196.0264 1.6410 1.6420 4.1158 -1.8928 1.6468 53.4798 4.9802 0.0530
Car -1 -1 0.9243 984.5499 180.2701 1092.1617 221.4915 1.4449 1.5903 3.8224 16.5051 1.7531 27.9995 1.4519 0.0524
Car -1 -1 3.1833 710.8470 185.0915 821.7678 228.5059 1.4748 1.5941 3.8637 5.7451 1.9451 26.4723 3.3939 0.0511
Car -1 -1 5.2247 448.5429 179.5988 503.8620 207.5059 1.5289 1.5438 3.7907 -7.8073 1.9459 42.5615 5.0439 0.0510
Car -1 -1 1.2904 967.1332 177.2923 1025.7628 208.1627 1.4697 1.6149 3.9087 19.7703 1.7103 37.0285 1.7771 0.0505
Car -1 -1 4.1633 386.9928 183.6370 458.9882 216.0275 1.4461 1.6301 3.8984 -9.2039 2.0048 35.4467 3.9106 0.0503