Car -1 -1 4.4511 714.2729 186.7051 884.0027 300.3257 1.5151 1.7096 3.9534 2.9523 1.7860 12.1099 4.6834 0.9722
Car -1 -1 4.8234 449.3416 182.7446 522.0035 239.9990 1.5214 1.7228 3.9766 -3.6590 1.8495 21.9064 4.6591 0.9621
Car -1 -1 4.5490 686.8019 179.9204 765.9207 246.1488 1.5024 1.4698 3.0969 2.8708 1.6964 18.2562 4.7016 0.9101
Car -1 -1 2.1470 0.0000 0.0000 326.9263 375.0000 1.4888 1.6373 3.8615 -3.0013 0.9582 3.8608 1.5187 0.8254
Car -1 -1 4.5338 654.1173 183.9775 728.8726 236.9767 1.4916 1.6960 3.8924 2.5314 1.8794 23.1495 4.6405 0.7905
Car -1 -1 4.6011 632.1425 176.8608 670.7861 208.1670 1.4680 1.5500 3.4085 2.0479 1.6778 36.0263 4.6568 0.7051
Car -1 -1 3.5314 442.6156 168.1780 550.0282 210.9542 1.6953 1.6907 4.0580 -4.6654 1.5100 29.8923 3.3775 0.2868
Car -1 -1 3.1665 594.3309 175.0959 641.8762 193.1282 1.4808 1.6261 3.9246 0.7325 1.6711 60.3582 3.1782 0.1614
Car -1 -1 4.8180 497.5934 164.5079 548.3507 203.1203 1.5493 1.7252 4.1898 -3.6527 1.2144 31.0547 4.7015 0.1527
Car -1 -1 4.6476 608.9659 174.2100 631.2423 193.1360 1.5465 1.6447 3.7580 0.8654 1.6650 61.1529 4.6613 0.1477
Car -1 -1 1.2867 468.1450 174.0362 497.7808 191.4400 1.5100 1.5612 4.0415 -11.4439 1.6201 65.0531 1.1129 0.1175
Car -1 -1 -0.3242 698.6722 176.2557 877.2038 241.1882 1.4972 1.6070 3.9476 4.3034 1.5854 17.7185 -0.0905 0.1027
Car -1 -1 4.6278 505.7894 176.6904 547.8492 212.8011 1.5752 1.6364 3.9739 -3.9545 1.7673 34.0318 4.5124 0.0816
Car -1 -1 -0.0779 169.7124 152.8353 328.8668 209.8516 1.5487 1.6631 4.0832 -10.6137 1.0049 21.3538 -0.5344 0.0803
Car -1 -1 0.0288 453.1144 160.0356 550.1173 197.0762 1.5652 1.7198 4.0876 -4.6818 1.0235 31.5827 -0.1175 0.0789
Car -1 -1 0.4978 493.1104 193.7081 567.3469 223.1212 1.5055 1.6618 3.8153 -4.4545 2.7202 40.5373 0.3883 0.0778
Car -1 -1 5.0437 519.7834 192.5423 569.9806 221.6304 1.4722 1.6706 3.9777 -3.6630 2.6637 41.5355 4.9557 0.0714
Car -1 -1 4.7436 304.1141 197.2150 347.4660 237.7122 1.4861 1.5946 3.5318 -12.0280 2.5888 30.7309 4.3730 0.0598
Car -1 -1 3.3037 520.3461 193.5768 588.8521 221.5423 1.4652 1.6823 3.5872 -3.0349 2.6503 40.2692 3.2283 0.0577
Car -1 -1 4.3909 807.2352 170.4047 924.1486 235.1754 1.5307 1.6828 4.0291 6.6064 1.4728 19.0715 4.7190 0.0556
Car -1 -1 5.0272 272.0257 154.4365 322.0461 183.4073 1.6688 1.6877 3.7191 -18.7701 0.6079 43.4897 4.6219 0.0556
Car -1 -1 5.1502 247.3369 158.0747 309.5399 189.7236 1.6925 1.7200 3.7832 -18.4987 0.9021 40.4867 4.7239 0.0552
Car -1 -1 1.4282 505.2747 191.0633 542.9989 220.0208 1.4845 1.6238 3.9113 -4.9840 2.5905 41.7271 1.3094 0.0530
Car -1 -1 -0.3073 763.8776 175.7715 890.6449 223.7155 1.5047 1.5838 3.6550 7.0471 1.6034 23.5757 -0.0209 0.0520
Car -1 -1 1.9852 184.0801 159.2281 308.3570 219.9195 1.5406 1.6377 3.9564 -10.0620 1.1947 20.3252 1.5305 0.0513
Car -1 -1 2.0463 489.5801 172.6225 529.3611 191.4346 1.5763 1.6421 4.2902 -8.6567 1.5569 62.7541 1.9095 0.0507
Car -1 -1 1.7457 452.2701 168.9322 481.8250 189.8950 1.5748 1.6104 3.8222 -11.0470 1.2802 56.1307 1.5520 0.0503