Car -1 -1 2.1400 211.8063 187.5556 277.1665 213.2573 1.5112 1.6183 4.5711 -23.9230 2.5266 47.4779 1.6752 0.7893
Car -1 -1 1.8276 319.9253 185.1140 364.6732 209.4844 1.4730 1.7798 4.1602 -17.6884 2.3241 47.9348 1.4756 0.6762
Car -1 -1 2.1438 119.1694 195.0323 187.8404 221.3166 1.4557 1.7767 3.9517 -28.5400 2.9092 45.3019 1.5841 0.6006
Car -1 -1 4.6011 553.4702 173.9191 578.3635 193.2376 1.5710 1.6610 4.0430 -3.7242 1.6642 61.0441 4.5401 0.2687
Car -1 -1 1.8463 104.1605 189.7932 145.8526 213.0387 1.5437 1.5685 3.7437 -35.4567 2.8327 52.8849 1.2578 0.1853
Car -1 -1 4.8870 473.1593 145.9323 520.0538 181.6938 1.6286 1.6188 3.5875 -5.3697 0.4026 34.6701 4.7344 0.1613
Car -1 -1 1.6051 230.4780 191.8432 281.6531 236.5373 1.4738 1.6111 4.0083 -13.5366 2.2619 27.7867 1.1552 0.1402
Car -1 -1 -0.2455 545.4545 174.2690 596.4664 192.7103 1.4898 1.6001 3.9544 -3.2078 1.6098 59.8447 -0.2992 0.1312
Car -1 -1 1.6022 123.6217 195.1359 160.0996 223.3419 1.5340 1.7713 4.5856 -29.4252 3.0136 45.4899 1.0305 0.1244
Car -1 -1 2.0403 195.8851 198.6543 297.4311 246.2048 1.4785 1.6616 4.1031 -13.3014 2.5081 26.7323 1.5822 0.1204
Car -1 -1 1.4258 202.1562 182.7503 229.4972 200.2469 1.4867 1.6157 4.1301 -35.9624 2.4193 65.8626 0.9275 0.1196
Car -1 -1 1.6385 200.9522 198.7120 263.5457 247.7885 1.4507 1.6904 3.7714 -13.2830 2.4412 25.5726 1.1633 0.1171
Car -1 -1 1.7099 120.0857 192.8139 163.6320 222.2245 1.6016 1.7126 3.8393 -28.6169 2.8837 44.2462 1.1383 0.1082
Car -1 -1 3.9243 210.1586 199.0188 326.2635 244.0788 1.4784 1.6746 3.8356 -12.6560 2.5014 26.7760 3.4861 0.1056
Car -1 -1 1.8794 197.7124 186.1573 251.3484 214.9394 1.6176 1.6873 4.3753 -23.9180 2.4894 44.9823 1.3929 0.1010
Car -1 -1 0.5275 169.1366 197.6266 300.2989 241.2445 1.4975 1.6649 4.0335 -13.8464 2.4492 26.7794 0.0540 0.0996
Car -1 -1 1.8888 197.8466 190.2859 278.9232 232.5872 1.4491 1.6693 3.9767 -14.5595 2.1889 28.5310 1.4204 0.0972
Car -1 -1 1.3460 87.5087 186.1828 130.2888 207.5987 1.4386 1.6986 4.1977 -36.8390 2.4565 53.0575 0.7413 0.0968
Car -1 -1 1.1082 161.6048 195.1184 263.1422 241.9957 1.4901 1.6574 4.0155 -14.6193 2.3641 26.4982 0.6080 0.0768
Car -1 -1 1.6616 549.1273 173.4568 572.9203 192.2847 1.4925 1.5770 4.2336 -3.9658 1.5440 59.4698 1.5950 0.0726
Car -1 -1 1.7162 269.9898 183.7433 307.0603 208.2178 1.4625 1.6334 4.0768 -20.9628 2.2084 47.2408 1.3004 0.0722
Car -1 -1 0.5697 114.2023 195.1751 195.6442 219.9626 1.4678 1.7661 4.0041 -28.4695 2.8960 45.2601 0.0106 0.0720
Car -1 -1 1.6700 206.5763 187.2222 244.5063 214.0882 1.5480 1.7109 4.4804 -24.7051 2.5225 46.5373 1.1840 0.0693
Car -1 -1 1.7525 169.8553 189.1973 202.1211 209.2044 1.4998 1.6334 3.7600 -34.8686 2.8932 59.4752 1.2239 0.0674
Car -1 -1 2.0170 354.0807 181.3776 405.5805 206.1508 1.4680 1.5645 4.0077 -14.6720 2.0396 46.2924 1.7113 0.0641
Car -1 -1 2.8498 152.7707 189.3248 274.1906 231.1442 1.4784 1.6565 3.9836 -15.8916 2.1877 29.0768 2.3531 0.0630
Car -1 -1 1.6360 384.7117 181.2599 414.1448 205.4538 1.4607 1.5769 4.1399 -13.7233 2.0370 47.2757 1.3547 0.0630
Car -1 -1 3.1982 531.4717 174.7329 581.5093 193.3434 1.5099 1.5995 4.0333 -4.3503 1.6671 59.5406 3.1252 0.0607
Car -1 -1 0.3786 252.2424 190.0752 360.7008 226.9161 1.4516 1.6446 3.8310 -12.5696 2.1898 30.0756 -0.0145 0.0602
Car -1 -1 1.3279 248.2126 192.1056 326.7016 238.6451 1.4288 1.6981 3.8629 -11.6120 2.1741 25.8896 0.9097 0.0583
Car -1 -1 1.7004 173.0819 189.8743 203.8690 212.2171 1.6351 1.6146 4.2230 -34.0954 3.0685 58.5059 1.1745 0.0578
Car -1 -1 1.7069 160.3620 186.3591 194.4133 208.6621 1.4768 1.5788 4.0977 -31.4702 2.5029 52.6279 1.1700 0.0577
Car -1 -1 3.6288 178.4879 191.1399 291.0913 228.6984 1.4766 1.6324 3.8434 -15.5349 2.2589 30.0279 3.1546 0.0574
Car -1 -1 1.5272 96.8651 197.0518 132.7706 223.9710 1.4918 1.7192 3.9162 -31.4388 3.0980 45.8126 0.9282 0.0548
Car -1 -1 1.5539 204.9517 184.9959 238.1932 214.9244 1.6372 1.6939 4.2986 -23.4825 2.4098 43.6195 1.0624 0.0546
Car -1 -1 1.0062 82.1809 196.7352 150.2811 223.4898 1.4979 1.7502 3.7585 -30.5696 3.0292 44.7146 0.4091 0.0542
Car -1 -1 1.2550 173.8008 188.5241 211.8620 207.4495 1.4668 1.6628 3.9015 -35.2649 2.8339 61.0275 0.7327 0.0540
Car -1 -1 1.9104 227.4663 182.7559 266.4218 202.3717 1.5306 1.6125 4.2017 -30.4419 2.3935 60.6911 1.4470 0.0533
Car -1 -1 0.8729 220.1682 192.5071 295.5276 222.2293 1.5916 1.7413 4.1318 -20.6932 2.7925 42.4467 0.4214 0.0526