Car -1 -1 4.5268 685.8441 181.4389 805.2064 265.0241 1.4557 1.6318 4.3765 2.6877 1.6629 15.2181 4.6973 0.9748
Car -1 -1 3.8059 0.0000 195.8475 267.8323 338.2662 1.4486 1.6001 3.7685 -6.2840 1.7476 8.5023 3.1840 0.9594
Car -1 -1 4.1402 814.8495 201.3060 1242.0000 375.0000 1.4052 1.5493 3.5280 2.9869 1.6943 5.5002 4.6140 0.9519
Car -1 -1 0.3618 295.0662 186.6394 476.7895 246.7943 1.4690 1.6271 4.2758 -5.8103 1.8506 19.0168 0.0686 0.9485
Car -1 -1 3.6462 2.0556 195.0975 320.7715 305.6698 1.4816 1.6405 3.7745 -6.5723 1.8443 10.8921 3.1136 0.9260
Car -1 -1 0.5784 133.3788 185.0061 378.4167 278.7879 1.5736 1.5262 3.8925 -6.4786 1.8162 13.3889 0.1350 0.8860
Car -1 -1 3.4049 317.4507 182.4603 464.5970 232.5284 1.4221 1.4822 3.9615 -6.4574 1.7200 21.5861 3.1171 0.7938
Car -1 -1 4.5513 663.8148 180.3302 725.8639 223.8773 1.3993 1.5676 4.0496 2.9821 1.6895 25.9525 4.6637 0.7935
Car -1 -1 3.9703 0.0000 207.5920 128.9351 375.0000 1.4273 1.6302 3.9315 -6.6320 1.7688 6.2161 3.1740 0.6844
Car -1 -1 4.6887 646.5009 171.6292 675.1509 198.6807 1.6229 1.6921 4.2861 3.1871 1.5494 45.4652 4.7578 0.5100
Car -1 -1 -0.0717 730.7661 172.3095 811.2953 202.6091 1.5107 1.5827 3.9262 8.2297 1.4835 37.0407 0.1448 0.4936
Car -1 -1 1.7614 499.2477 177.1801 543.7074 208.6404 1.4453 1.4905 3.7298 -4.2887 1.6702 35.5879 1.6419 0.4695
Car -1 -1 4.9019 461.9315 175.3039 517.5604 212.5099 1.4457 1.5757 3.9548 -4.9559 1.5554 30.2990 4.7407 0.4618
Car -1 -1 1.5399 518.8111 176.5948 547.1439 202.5104 1.4658 1.5739 3.9109 -4.6470 1.7016 43.4450 1.4335 0.4498
Car -1 -1 5.1235 495.5510 170.3450 547.4871 198.6265 1.5423 1.5621 3.8056 -4.9934 1.4055 41.3954 5.0038 0.2812
Car -1 -1 3.4874 350.4298 167.4338 471.0396 211.8493 1.4291 1.5664 3.5697 -6.5994 1.2547 24.1420 3.2230 0.2514
Car -1 -1 1.7317 101.6428 177.4945 137.2848 199.8185 1.5681 1.5739 3.9297 -36.4066 1.9269 53.6761 1.1378 0.2370
Car -1 -1 1.5854 658.2234 187.9202 698.2416 225.8930 1.4449 1.6075 3.8041 2.9744 2.1336 31.0026 1.6794 0.2366
Car -1 -1 4.9940 463.7296 180.8731 526.7444 217.6664 1.4603 1.6436 4.1240 -4.9418 1.8368 31.7248 4.8402 0.2338
Car -1 -1 4.9473 389.8915 155.9164 425.2071 180.3697 1.8165 1.7178 4.0640 -15.5331 0.5583 55.6613 4.6763 0.2045
Car -1 -1 0.1770 488.0879 164.6353 552.3144 185.4202 1.4751 1.6294 4.3869 -6.4265 0.8918 52.1409 0.0548 0.2019
Car -1 -1 1.5360 720.8791 175.2416 741.0707 193.1950 1.4804 1.5708 3.9675 10.4236 1.6928 62.1164 1.7011 0.2000
Car -1 -1 4.6817 424.1848 163.7213 444.1090 182.3347 1.6985 1.7045 3.9774 -16.5516 0.8652 67.9872 4.4436 0.1860
Car -1 -1 4.4048 534.6058 171.2626 566.6707 190.6902 1.5648 1.5791 3.8294 -4.9478 1.4367 60.1891 4.3228 0.1752
Car -1 -1 4.7823 531.1659 166.2919 557.4299 189.5729 1.7340 1.7302 4.2447 -5.0152 1.2452 55.8794 4.6929 0.1722
Car -1 -1 2.2603 0.0000 204.2085 103.5458 337.9788 1.4176 1.6042 3.8898 -9.5116 1.9611 10.5392 1.5386 0.1663
Car -1 -1 -0.1135 489.2446 160.2437 552.6942 183.5450 1.7100 1.7442 4.5744 -6.6849 0.7846 54.3340 -0.2355 0.1638
Car -1 -1 4.8545 128.6426 173.6408 167.4553 198.0939 1.5313 1.6110 3.8202 -30.2553 1.5852 47.3891 4.2887 0.1631
Car -1 -1 1.3107 893.1672 212.2849 1063.7234 326.4285 1.4555 1.6395 3.8936 6.2451 2.2620 12.6928 1.7574 0.1616
Car -1 -1 0.5279 143.4409 165.3127 265.6585 199.9500 1.4721 1.6376 4.4415 -17.6342 1.1516 31.5323 0.0214 0.1565
Car -1 -1 3.3886 364.9625 159.2634 426.5334 180.2083 1.5620 1.6486 4.2000 -16.1753 0.5485 54.7165 3.1024 0.1562
Car -1 -1 3.1889 478.1426 177.4375 546.8358 202.4877 1.4286 1.5980 3.9334 -5.6669 1.7044 42.4637 3.0566 0.1515
Car -1 -1 1.9091 0.0000 186.6232 100.5186 298.4398 1.4453 1.5105 3.6092 -9.7775 1.7070 11.7612 1.2265 0.1448
Car -1 -1 5.2398 465.3112 162.1608 504.0333 183.4140 1.9376 1.7398 4.1550 -11.7309 0.9627 68.0302 5.0695 0.1437
Car -1 -1 1.5961 853.2819 180.0853 889.7467 211.9347 1.4642 1.6350 4.2618 13.2907 1.8528 36.4907 1.9423 0.1435
Car -1 -1 3.3162 455.4361 181.3322 538.3723 212.9173 1.4620 1.6206 3.7146 -5.3743 1.8798 34.7051 3.1632 0.1435
Car -1 -1 4.0684 680.7117 173.7588 740.6275 198.2338 1.4438 1.6022 4.0011 6.2299 1.5027 44.8601 4.2051 0.1379
Car -1 -1 4.9906 407.0856 166.7324 487.2895 213.2913 1.5088 1.6622 4.1803 -5.6302 1.3105 25.5213 4.7752 0.1373
Car -1 -1 2.1541 105.0038 171.7563 189.0418 207.4367 1.5128 1.5039 3.4563 -20.6285 1.4663 32.3352 1.5898 0.1366
Car -1 -1 3.2120 862.4074 178.6115 959.8866 211.5517 1.4695 1.6454 4.1933 14.3835 1.7577 34.4441 3.6041 0.1287
Car -1 -1 1.8015 100.6084 180.1551 138.2047 199.8531 1.4571 1.5748 4.0237 -38.7557 2.0570 57.1338 1.2074 0.1267
Car -1 -1 4.7642 156.7342 171.2591 195.1829 201.6102 1.5336 1.5517 3.7279 -23.0635 1.4530 38.4683 4.2270 0.1202
Car -1 -1 -0.6106 710.7393 177.3807 787.4508 203.5209 1.4048 1.5994 4.0916 7.9120 1.6711 40.8835 -0.4212 0.1170
Car -1 -1 4.9905 261.3354 171.8926 328.1671 206.4902 1.3960 1.6071 3.9448 -13.5053 1.3572 31.1725 4.5845 0.1168
Car -1 -1 0.2195 798.2576 178.9648 885.9682 211.1369 1.4922 1.6158 3.8835 11.5147 1.8094 35.7792 0.5280 0.1153
Car -1 -1 4.6384 179.0395 176.1453 214.6159 203.4142 1.5671 1.6076 3.9058 -25.2172 1.7774 44.0342 4.1207 0.1124
Car -1 -1 2.5456 845.1924 215.5031 1099.5988 310.9400 1.4459 1.6149 3.8606 6.4342 2.2767 12.9765 2.9954 0.1107
Car -1 -1 0.2769 418.4045 185.2827 516.4348 221.1753 1.4738 1.6300 3.8701 -6.1177 2.0294 31.2784 0.0848 0.1043
Car -1 -1 4.6821 204.2395 168.5295 231.3827 192.5268 1.7440 1.6904 4.0081 -29.6668 1.4297 54.5961 4.1862 0.1020
Car -1 -1 4.6556 663.5775 177.3276 705.4579 213.4467 1.4993 1.6439 3.7814 3.3051 1.7118 32.3524 4.7559 0.0999
Car -1 -1 1.6969 502.5858 170.7454 543.4595 200.8889 1.5305 1.6634 4.1318 -4.5840 1.4234 38.7077 1.5794 0.0998
Car -1 -1 3.0847 633.0400 171.5941 698.3614 196.1443 1.4821 1.6276 3.9198 3.4170 1.4060 44.4104 3.1606 0.0985
Car -1 -1 5.1880 630.1837 172.6812 665.3678 190.0726 1.6050 1.6684 4.0749 3.6751 1.5891 68.7703 5.2408 0.0982
Car -1 -1 2.1235 81.6796 173.5654 171.7967 209.3992 1.5091 1.5999 3.7796 -21.5451 1.5429 32.3760 1.5400 0.0934
Car -1 -1 4.9082 485.0567 180.8494 537.6636 214.6261 1.3975 1.6045 4.0887 -4.4099 1.7857 32.9352 4.7756 0.0926
Car -1 -1 5.1694 488.0807 160.5659 525.7710 180.1534 1.7700 1.7672 4.3125 -9.5585 0.6596 67.5243 5.0292 0.0879
Car -1 -1 1.7850 624.3730 186.2061 680.9455 225.4202 1.4736 1.5874 3.9961 1.9012 2.0814 30.7080 1.8455 0.0871
Car -1 -1 3.5750 401.0582 173.2924 508.6116 211.3391 1.4780 1.6153 3.9563 -6.2542 1.4966 29.2863 3.3660 0.0862
Car -1 -1 0.1247 460.5925 177.3780 537.4024 206.4160 1.4602 1.6076 3.7625 -5.6853 1.7000 37.3989 -0.0255 0.0841
Car -1 -1 4.4822 708.6694 177.6275 751.1893 203.5836 1.4054 1.5668 3.9234 6.9202 1.6954 41.8180 4.6446 0.0839
Car -1 -1 0.3334 0.0000 186.9335 76.6284 306.2933 1.4741 1.5996 3.9794 -10.6271 1.7158 10.8344 -0.4300 0.0836
Car -1 -1 1.2018 817.9889 179.0123 880.5115 211.3592 1.5010 1.6130 4.0707 11.9880 1.8289 36.3466 1.5175 0.0819
Car -1 -1 3.5236 495.6746 178.7098 574.8196 208.7513 1.4783 1.5997 3.7424 -3.8270 1.7914 37.2920 3.4215 0.0817
Car -1 -1 3.3445 470.9376 163.3029 522.6107 181.6183 1.6664 1.6802 4.4644 -10.3834 0.7974 66.5948 3.1902 0.0813
Car -1 -1 3.3444 81.2422 174.9668 164.2516 199.1313 1.4797 1.6125 4.1421 -30.9330 1.6188 45.9781 2.7548 0.0810
Car -1 -1 0.7478 704.0276 173.1453 775.0852 199.5924 1.4833 1.6317 4.1182 7.6273 1.5014 42.6490 0.9232 0.0809
Car -1 -1 3.1650 611.0827 173.5113 679.2335 198.3865 1.4849 1.6083 4.0829 2.1858 1.5259 44.0707 3.2137 0.0804
Car -1 -1 1.1542 855.7952 182.0060 919.9046 214.2731 1.4384 1.6517 3.3820 13.3798 1.9028 34.8798 1.5171 0.0804
Car -1 -1 3.0084 77.5207 180.1772 164.7029 209.2978 1.4827 1.5659 3.7819 -26.7005 1.9023 39.5017 2.4170 0.0789
Car -1 -1 0.1698 658.8042 178.2301 764.9364 215.2299 1.4886 1.6455 4.2823 4.3885 1.7294 30.8808 0.3090 0.0786
Car -1 -1 0.9888 861.2917 181.3441 936.9951 215.0754 1.4382 1.6077 3.4832 13.3941 1.8553 33.5746 1.3648 0.0785
Car -1 -1 4.9109 500.8521 178.5154 547.0039 209.5486 1.4781 1.6072 3.9349 -4.3464 1.7854 37.1338 4.7948 0.0777
Car -1 -1 3.3959 475.7806 170.9995 546.1123 198.0434 1.4964 1.5842 3.6717 -5.5662 1.3938 40.9297 3.2613 0.0762
Car -1 -1 3.3899 306.0382 166.9205 391.5182 194.9752 1.4864 1.6190 4.0968 -14.1193 1.1720 39.2296 3.0463 0.0761
Car -1 -1 3.4779 409.3411 164.4629 457.5911 181.9472 1.6030 1.6918 4.0323 -16.3763 0.8337 67.1899 3.2396 0.0731
Car -1 -1 3.3192 97.6094 172.5263 191.5131 203.5219 1.5280 1.6037 3.8241 -23.7734 1.5118 37.0375 2.7517 0.0726
Car -1 -1 4.8430 506.7475 164.6340 537.4835 186.6098 1.5515 1.6996 4.2583 -6.3874 0.9711 53.0779 4.7236 0.0723
Car -1 -1 1.4408 665.5403 179.1858 719.0021 219.1142 1.4874 1.6438 4.1121 3.3185 1.7654 29.6084 1.5507 0.0708
Car -1 -1 5.0081 524.7310 173.1291 561.6942 194.6640 1.4597 1.5490 3.8311 -4.6449 1.4799 50.9925 4.9174 0.0704