Car -1 -1 5.2711 1.3918 187.7888 257.0890 294.5661 1.4887 1.6633 3.9632 -7.6940 1.5392 12.1016 4.7146 0.9775
Car -1 -1 4.7356 582.5984 176.3768 618.4191 208.9463 1.4803 1.6291 3.6741 -0.2769 1.0786 34.5209 4.7273 0.7658
Car -1 -1 5.2998 94.3790 182.0731 247.2100 238.9471 1.3481 1.5090 3.9160 -11.3533 1.2736 19.0367 4.7681 0.4940
Car -1 -1 5.0046 281.5283 132.9943 482.6291 269.0293 1.7992 1.7965 4.5663 -3.3808 1.1085 11.8077 4.7317 0.2762
Car -1 -1 1.6541 512.3825 188.7019 552.7836 222.1073 1.4577 1.5753 3.6100 -3.4328 1.6293 33.5674 1.5525 0.1976
Car -1 -1 1.9077 478.2956 182.0058 544.7310 218.8285 1.4896 1.6168 3.9994 -4.0705 1.3597 31.2035 1.7787 0.1412
Car -1 -1 0.0633 407.6440 149.7618 483.0952 178.7949 1.5947 1.6556 4.1105 -9.1976 -0.3775 41.1226 -0.1553 0.1384
Car -1 -1 1.7630 479.8857 163.4016 544.4749 211.1393 1.7621 1.7493 4.3351 -3.7059 0.9569 28.7546 1.6357 0.1295
Car -1 -1 4.3328 549.5408 172.1252 587.5306 194.1232 1.6154 1.6123 3.7616 -2.9848 0.6541 54.8328 4.2783 0.1241
Car -1 -1 4.8141 179.6701 191.5060 269.8019 258.8854 1.4698 1.5886 3.7837 -9.5097 1.6463 18.1158 4.3365 0.0977
Car -1 -1 2.7799 458.8667 187.7616 556.1216 222.9035 1.4807 1.6359 3.9954 -4.4504 1.6007 32.2043 2.6432 0.0891
Car -1 -1 1.7033 0.0000 218.2071 27.9626 334.0747 1.4246 1.6422 3.9206 -11.0161 2.0759 12.1082 0.9756 0.0868
Car -1 -1 4.9461 344.8703 186.4113 488.7844 289.3535 1.6306 1.6501 4.0352 -3.3611 1.6564 13.4569 4.7056 0.0770
Car -1 -1 3.8288 169.2451 159.8085 272.4311 195.1195 1.5398 1.6287 3.9921 -17.4585 0.4319 32.5376 3.3397 0.0736
Car -1 -1 4.6219 251.4456 190.3977 333.7314 252.4633 1.4228 1.6300 4.2887 -8.4578 1.5771 19.1311 4.2105 0.0732
Car -1 -1 4.8883 221.7465 160.8363 275.0688 195.6188 1.5358 1.6001 3.7010 -16.7660 0.4593 33.7407 4.4302 0.0719
Car -1 -1 4.5687 461.6172 179.4980 585.6075 282.9913 1.6126 1.6943 4.0718 -1.7066 1.5235 13.3889 4.4440 0.0680
Car -1 -1 4.6891 436.6889 149.1878 467.5692 179.9146 1.6827 1.6818 3.6578 -9.0985 -0.3244 42.0218 4.4772 0.0649
Car -1 -1 2.0491 205.4147 162.0744 284.3292 197.5579 1.5039 1.6226 3.7272 -16.2008 0.5231 32.3442 1.5880 0.0613
Car -1 -1 5.3874 0.0000 193.9744 294.5267 352.4340 1.4929 1.6135 3.7195 -5.6728 1.6254 8.9319 4.8349 0.0603
Car -1 -1 4.4436 0.0000 198.2463 72.8754 370.4640 1.4816 1.6103 4.1590 -8.0144 1.6626 8.2190 3.6870 0.0582
Car -1 -1 5.5021 0.0000 222.9490 100.1073 376.0000 1.4288 1.6339 3.7365 -7.0018 1.8883 6.8738 4.7266 0.0579
Car -1 -1 4.9276 527.2724 185.6669 578.5809 219.2116 1.4595 1.5976 3.7600 -2.4518 1.4817 33.3047 4.8543 0.0569
Car -1 -1 4.7178 535.9030 160.1252 563.8344 188.2017 1.7216 1.7097 3.7507 -3.6567 0.1831 46.0116 4.6388 0.0567
Car -1 -1 1.5686 473.0329 198.1369 558.8042 277.3183 1.4774 1.6822 4.0632 -2.0550 1.8073 16.2272 1.4440 0.0563
Car -1 -1 1.5099 526.0699 183.7726 568.8754 220.7560 1.5328 1.6500 3.8960 -2.6991 1.4730 31.8412 1.4256 0.0530
Car -1 -1 0.1241 494.4757 188.5753 583.0601 222.0859 1.4983 1.5916 3.9000 -3.1117 1.6573 33.1669 0.0308 0.0529
Car -1 -1 1.3432 532.5187 173.2654 591.8193 211.5454 1.5349 1.6883 3.9811 -2.0085 1.0557 30.9724 1.2787 0.0511
Car -1 -1 1.6647 405.7806 207.3210 488.5005 277.2147 1.4373 1.6404 4.0708 -3.9390 2.0632 18.2385 1.4543 0.0504
Car -1 -1 1.6531 0.0000 219.2543 29.6549 322.0041 1.4197 1.6754 4.1313 -12.0457 2.1622 13.5223 0.9348 0.0502