Car -1 -1 4.9054 387.6826 178.4973 507.5773 267.7906 1.6055 1.6919 3.9664 -3.2501 1.7401 15.2208 4.6977 0.9774
Car -1 -1 4.4401 745.2454 174.7943 904.0920 286.2595 1.5117 1.5513 3.2113 3.2374 1.5468 11.4507 4.7079 0.9630
Car -1 -1 4.2203 849.8112 185.3874 1242.0000 375.0000 1.4649 1.6103 3.5789 3.1366 1.5881 5.2934 4.7300 0.9608
Car -1 -1 4.4798 685.7249 181.6759 798.0578 256.9046 1.4552 1.6374 3.7679 2.8549 1.6786 16.3424 4.6487 0.8927
Car -1 -1 4.6273 652.5618 175.6221 699.0904 212.6125 1.3998 1.5745 3.5934 2.6396 1.5194 29.3724 4.7154 0.8719
Car -1 -1 -0.0570 617.9470 169.7896 673.0024 191.1023 1.5552 1.6184 3.9882 2.6317 1.3316 53.4783 -0.0084 0.2378
Car -1 -1 4.6555 623.9710 167.6943 650.2229 191.5657 1.7449 1.7533 4.2085 2.0559 1.3677 54.8619 4.6925 0.1938
Car -1 -1 4.6688 482.8254 161.9238 537.7783 213.9434 1.5809 1.6374 3.7211 -3.3526 1.2487 23.9056 4.5305 0.1741
Car -1 -1 3.2256 422.8230 159.8255 546.7764 210.9600 1.5589 1.6034 3.7576 -3.8865 1.1617 22.9511 3.0593 0.1127
Car -1 -1 4.3153 925.0820 171.8094 1154.6863 280.6363 1.5425 1.7575 4.3613 7.0888 1.5277 12.4898 4.8208 0.0849
Car -1 -1 4.7485 499.1987 162.8457 546.0269 205.7969 1.5398 1.6447 3.9195 -3.2948 1.1810 27.8866 4.6316 0.0847
Car -1 -1 -0.2316 689.7098 175.4712 779.3760 207.5142 1.4540 1.5961 3.8750 5.8147 1.5800 33.8106 -0.0633 0.0822
Car -1 -1 1.1409 1009.6586 190.1930 1242.0000 375.0000 1.4576 1.6008 3.7302 5.8713 1.6937 7.8366 1.7650 0.0693
Car -1 -1 4.5221 450.9690 154.5107 522.5060 202.6547 1.5029 1.6652 4.1055 -4.2917 0.9303 24.7385 4.3518 0.0634
Car -1 -1 4.7034 637.6600 167.2211 660.7897 190.1842 1.6876 1.6986 4.3911 3.0151 1.2736 55.2582 4.7573 0.0592
Car -1 -1 1.0821 658.1100 174.9446 720.8035 203.5146 1.4658 1.6358 4.1885 4.3134 1.5871 39.5967 1.1894 0.0548
Car -1 -1 4.5420 676.0487 165.9336 707.7530 189.5644 1.6435 1.6281 3.9384 5.9144 1.1622 52.1956 4.6539 0.0529
Car -1 -1 -0.5580 987.5135 170.5316 1104.1060 207.1893 1.4825 1.6181 3.8900 18.0938 1.3886 30.0291 -0.0204 0.0514