Car -1 -1 2.1854 0.0000 189.3170 203.7006 317.2610 1.5644 1.5606 3.6413 -8.0533 1.8595 11.1129 1.5694 0.9737
Car -1 -1 1.8980 330.5015 184.8616 419.0667 236.1806 1.5796 1.6843 4.1425 -8.0972 2.0349 25.2728 1.5904 0.9126
Car -1 -1 4.7969 583.1044 180.4977 621.5779 213.7770 1.5471 1.6214 3.8289 -0.3150 1.9537 36.4173 4.7877 0.8438
Car -1 -1 4.6323 491.5031 156.2736 520.3249 181.9337 1.6915 1.6633 3.7846 -7.1568 0.5985 49.5918 4.4896 0.3299
Car -1 -1 2.2127 164.3593 193.3728 234.4903 219.0802 1.4155 1.7179 4.0759 -25.6357 2.7633 45.2635 1.6996 0.1770
Car -1 -1 5.0437 268.7312 179.7740 401.4287 250.8499 1.4939 1.6553 4.4548 -6.5817 1.6865 17.8434 4.6946 0.1767
Car -1 -1 2.1350 136.9677 185.2825 203.9938 212.1645 1.5827 1.7668 4.0829 -28.1693 2.4182 46.4450 1.5921 0.1340
Car -1 -1 1.6273 319.4811 193.3062 351.2419 218.8765 1.4588 1.6966 3.5448 -17.5219 2.8241 46.2206 1.2664 0.1281
Car -1 -1 1.4993 309.9690 191.3263 350.9693 224.4793 1.5375 1.7315 4.3949 -14.9171 2.5822 38.4465 1.1310 0.1195
Car -1 -1 1.6070 146.5909 197.8294 203.1477 242.2028 1.4413 1.7172 4.1099 -16.8691 2.4922 28.1449 1.0709 0.1092
Car -1 -1 1.5721 171.6923 188.6023 208.4736 218.9857 1.5680 1.7670 4.3642 -24.3870 2.5353 41.9853 1.0484 0.1079
Car -1 -1 1.8047 330.5461 192.9793 370.9747 217.9631 1.4769 1.6695 3.8562 -17.1221 2.8688 47.8937 1.4627 0.1078
Car -1 -1 3.5593 472.9389 157.2830 536.6025 181.1779 1.5694 1.6068 3.9390 -7.0616 0.5467 48.6968 3.4159 0.0959
Car -1 -1 0.4657 273.9446 190.9384 345.7997 215.2057 1.4638 1.6539 3.8979 -19.0464 2.6395 45.9382 0.0744 0.0900
Car -1 -1 1.3064 337.5543 190.3353 380.3573 216.0037 1.4887 1.7562 3.4730 -16.1453 2.6598 46.4053 0.9729 0.0884
Car -1 -1 5.1415 102.9651 200.9509 202.4973 248.9882 1.4186 1.6117 3.5215 -15.9028 2.4765 25.3191 4.5851 0.0868
Car -1 -1 1.5530 157.2426 194.2905 200.2122 229.6637 1.4932 1.7241 4.3717 -21.2671 2.6188 35.5743 1.0172 0.0864
Car -1 -1 3.2515 264.9145 188.4765 417.3076 243.7127 1.4817 1.6015 4.0593 -7.8000 1.9706 21.3214 2.9042 0.0856
Car -1 -1 2.0902 129.1696 187.3397 203.7122 217.5928 1.4848 1.5827 4.2259 -24.2029 2.3225 39.5895 1.5442 0.0845
Car -1 -1 5.4175 0.0000 203.4373 214.6157 375.0000 1.4477 1.5921 3.9339 -6.5424 1.8880 8.3770 4.7696 0.0840
Car -1 -1 1.5262 194.1274 194.0845 248.0847 238.7763 1.4796 1.6830 4.1706 -15.2444 2.3753 28.2213 1.0345 0.0815
Car -1 -1 1.8333 310.0173 191.5725 358.7208 220.3205 1.4760 1.6110 4.1681 -15.9466 2.6214 42.0019 1.4721 0.0807
Car -1 -1 2.0540 125.8171 184.2618 186.4521 210.3283 1.4942 1.7319 3.5400 -28.0701 2.2313 44.7904 1.4966 0.0802
Car -1 -1 1.8522 321.8120 181.5589 420.8643 241.3465 1.4908 1.6071 3.9961 -6.6623 1.7636 20.5989 1.5427 0.0780
Car -1 -1 2.2125 116.8459 181.9012 195.4767 209.9412 1.4946 1.6890 4.1996 -26.2942 2.0486 42.0198 1.6560 0.0766
Car -1 -1 1.8451 408.0330 181.1250 495.2236 233.4700 1.4626 1.6441 4.0474 -4.8914 1.7488 22.8899 1.6363 0.0759
Car -1 -1 1.9653 0.0000 201.4463 26.4101 248.3606 1.4069 1.6023 3.4635 -22.6360 2.5062 25.8446 1.2510 0.0758
Car -1 -1 1.5112 190.9685 200.9263 241.2329 241.4609 1.4579 1.6713 3.6555 -16.7826 2.7301 30.7056 1.0143 0.0758
Car -1 -1 1.6861 376.6254 182.1408 410.1814 207.3694 1.4911 1.6071 3.9758 -13.8178 2.1139 46.2871 1.3972 0.0720
Car -1 -1 1.5161 153.1155 195.3214 204.0112 234.5850 1.4875 1.7267 4.4474 -19.3584 2.5666 32.3277 0.9799 0.0708
Car -1 -1 -0.2414 589.3604 180.6677 679.6436 212.9873 1.5050 1.6382 4.1581 1.2014 1.9020 35.4266 -0.2084 0.0696
Car -1 -1 -0.3561 400.2233 184.1615 546.7004 237.2608 1.4397 1.6122 4.0936 -4.1224 1.8126 22.0489 -0.5394 0.0660
Car -1 -1 5.0587 342.2601 191.2358 388.8981 215.8776 1.4715 1.7420 3.7828 -16.1186 2.7391 47.8474 4.7350 0.0639
Car -1 -1 1.7829 291.1849 191.4894 341.0115 221.7289 1.4434 1.6909 3.9829 -15.8470 2.5087 39.1422 1.4001 0.0633
Car -1 -1 1.5446 369.1657 180.3999 390.9185 200.5979 1.5558 1.6025 4.1677 -18.9453 2.2012 59.4779 1.2372 0.0629
Car -1 -1 1.5392 380.3116 180.5797 400.2935 199.6412 1.5841 1.5667 4.1770 -19.4718 2.2932 63.9998 1.2447 0.0610
Car -1 -1 2.0370 150.5536 188.9699 212.5001 216.7041 1.5123 1.7043 3.7361 -25.7200 2.5267 43.4953 1.5054 0.0581
Car -1 -1 0.8792 270.1457 192.9458 342.1732 221.2479 1.4482 1.6617 3.8988 -17.2032 2.6326 40.8922 0.4830 0.0550
Car -1 -1 1.9963 102.8470 181.1094 174.0732 209.6346 1.4523 1.6862 4.3121 -26.2007 1.9392 40.2998 1.4226 0.0531
Car -1 -1 1.7067 146.1927 197.7422 214.6466 244.6454 1.4712 1.6623 3.9273 -15.9733 2.4770 27.0269 1.1769 0.0520
Car -1 -1 1.5992 316.4069 188.4388 346.7587 215.0978 1.4771 1.6301 4.0223 -17.1674 2.4889 44.6793 1.2340 0.0517
Car -1 -1 1.8970 256.9762 185.5315 387.9682 260.8563 1.4346 1.5495 3.9043 -6.3413 1.7574 16.3893 1.5327 0.0511
Car -1 -1 2.0599 351.4185 186.1735 403.7862 211.1519 1.4660 1.6312 3.7554 -14.8768 2.3606 46.4685 1.7514 0.0504
Car -1 -1 1.9826 123.5635 197.7234 200.9240 233.9007 1.4261 1.6732 3.6461 -20.3573 2.6298 33.0032 1.4332 0.0502