Car -1 -1 4.7370 545.6952 181.3994 705.0442 328.2628 1.5468 1.7385 3.8548 0.2620 1.6861 9.7959 4.7613 0.8698
Car -1 -1 4.6960 592.9803 167.7654 627.1760 197.4337 1.3983 1.6126 3.9098 -0.0086 1.1585 35.9757 4.6953 0.5889
Car -1 -1 4.7744 640.1110 161.2574 672.6779 188.5888 1.4997 1.6296 4.0424 2.7497 0.8634 41.7005 4.8395 0.2221
Car -1 -1 4.7287 633.0988 165.5212 651.9539 183.2880 1.5972 1.6817 4.1038 3.0857 0.9380 66.9659 4.7743 0.1749
Car -1 -1 4.6483 644.2366 167.2517 674.5728 193.9793 1.5699 1.6024 3.9938 3.0239 1.2409 44.3816 4.7156 0.1668
Car -1 -1 4.6555 643.8843 164.8253 675.6878 192.8215 1.4716 1.5337 3.7275 2.7292 1.0496 39.8000 4.7231 0.1126
Car -1 -1 1.4721 700.0801 210.5189 821.2785 319.9374 1.4850 1.7315 4.1907 2.6344 2.2998 13.4462 1.6598 0.1073
Car -1 -1 4.9752 646.6391 172.5688 694.7216 201.2859 1.4645 1.6108 3.9595 3.3508 1.4500 38.9328 5.0600 0.0887
Car -1 -1 1.5653 582.7217 186.1518 649.1520 248.3497 1.4338 1.6084 3.9062 0.1573 1.8278 19.4236 1.5723 0.0847
Car -1 -1 4.9312 672.8707 180.4844 717.8697 211.0447 1.5069 1.6091 3.7985 4.6460 1.9376 38.6651 5.0493 0.0785
Car -1 -1 -0.1155 629.6016 168.0103 695.4156 194.0197 1.5474 1.6111 3.8237 3.1824 1.2592 43.8147 -0.0439 0.0767
Car -1 -1 3.3862 605.7191 163.8830 678.9254 189.9184 1.5079 1.6412 4.0994 1.9700 0.9883 43.1616 3.4312 0.0765
Car -1 -1 0.1703 494.3274 184.3215 656.1796 246.0755 1.4597 1.5487 3.9248 -0.8184 1.7689 18.4456 0.1257 0.0728
Car -1 -1 3.5582 662.5878 174.9275 710.7712 192.4542 1.4596 1.5247 3.8333 6.6261 1.6426 62.0865 3.6637 0.0708
Car -1 -1 4.5253 681.4454 206.0690 764.2413 270.3643 1.4791 1.6030 3.9898 3.1401 2.5260 20.7167 4.6724 0.0649
Car -1 -1 -0.6748 633.1113 167.9796 703.9207 195.4476 1.6153 1.6414 4.2360 3.6441 1.3286 44.2956 -0.5936 0.0635
Car -1 -1 4.5530 626.5556 162.8574 665.8864 189.7364 1.5149 1.6747 4.2382 2.1231 0.9515 42.8651 4.6019 0.0624
Car -1 -1 0.2792 564.6835 174.5508 621.9473 196.6525 1.5878 1.6300 3.9339 -1.1890 1.7163 53.3220 0.2566 0.0622
Car -1 -1 3.2681 566.9662 167.5319 650.5876 197.2721 1.4277 1.5864 3.9654 -0.0075 1.1722 35.6741 3.2675 0.0592
Car -1 -1 -0.3038 576.3699 191.1194 734.5448 256.0839 1.4947 1.5673 3.7482 1.1430 1.9937 18.4974 -0.2442 0.0554
Car -1 -1 2.9926 660.4954 183.0734 719.7478 206.7651 1.6019 1.4259 3.9321 5.5854 2.3249 50.2579 3.1020 0.0534
Car -1 -1 4.5501 564.1143 173.1142 594.1496 195.8021 1.6336 1.6247 3.9875 -2.3194 1.6539 54.1192 4.5071 0.0520
Car -1 -1 1.2676 564.3707 174.2922 602.1251 197.7387 1.6153 1.6110 3.9648 -1.9421 1.7235 52.1097 1.2301 0.0515