Car -1 -1 4.7463 591.6376 176.0345 623.9503 203.7077 1.4671 1.6866 4.1635 -0.0540 1.6565 40.8452 4.7444 0.6749
Car -1 -1 1.8353 372.3719 185.7237 416.1962 212.0495 1.5258 1.6695 4.0044 -13.6082 2.3791 45.8163 1.5478 0.5366
Car -1 -1 3.7773 145.3489 174.4093 281.8163 224.8954 1.6657 1.6184 3.9542 -13.6419 1.7218 24.9485 3.2811 0.2567
Car -1 -1 1.7867 446.1956 183.5578 473.8068 200.6269 1.4529 1.6117 4.2100 -13.6782 2.4661 66.1833 1.5833 0.2461
Car -1 -1 0.2282 547.8142 177.1515 629.4414 203.9711 1.4202 1.6442 4.2417 -1.1336 1.6647 39.8278 0.1994 0.2346
Car -1 -1 2.0188 313.3385 192.4093 361.2267 216.4460 1.4769 1.6602 3.5879 -18.5175 2.8613 49.2222 1.6604 0.2021
Car -1 -1 1.7351 162.9975 189.2222 212.2417 222.4855 1.5704 1.6379 3.7727 -22.2341 2.4823 38.1412 1.2101 0.1387
Car -1 -1 1.5125 369.5302 186.4704 401.5827 213.2481 1.5421 1.7112 4.5205 -14.4542 2.4639 46.4286 1.2119 0.1385
Car -1 -1 2.0306 354.5080 184.7420 413.7154 214.1729 1.6222 1.6857 4.3166 -13.6239 2.3822 43.8651 1.7308 0.1284
Car -1 -1 4.3913 688.9926 173.5819 718.6429 191.2289 1.6248 1.6782 3.8004 8.9300 1.6961 68.6262 4.5198 0.1179
Car -1 -1 1.8045 183.8211 162.8963 222.8084 186.4448 1.5838 1.5795 3.5876 -28.3639 0.9141 50.4707 1.2946 0.1165
Car -1 -1 1.9038 283.3806 180.5785 356.0593 220.0235 1.5408 1.6569 4.0298 -12.3641 1.8950 31.0367 1.5273 0.1087
Car -1 -1 1.5346 546.0339 179.7937 580.1136 210.4046 1.4270 1.5791 3.8246 -2.3957 1.7972 36.5168 1.4690 0.1074
Car -1 -1 1.5589 551.2672 179.8820 574.8827 202.8404 1.5341 1.6191 4.1105 -3.3502 2.0574 51.6169 1.4939 0.1019
Car -1 -1 1.6140 492.5972 185.3727 512.5840 202.8808 1.4750 1.6281 4.1870 -9.7621 2.6586 66.0510 1.4674 0.0981
Car -1 -1 1.3470 707.5491 179.0550 772.5562 220.5211 1.4650 1.6044 4.1346 5.0138 1.7257 28.2268 1.5203 0.0864
Car -1 -1 1.8065 426.0141 181.9962 467.8524 208.0593 1.4855 1.5982 4.1307 -10.0067 2.0777 44.6614 1.5869 0.0852
Car -1 -1 4.5490 696.1802 160.2818 729.8860 185.3801 1.6190 1.6244 3.8941 6.9113 0.8080 48.5078 4.6895 0.0798
Car -1 -1 1.1020 349.1649 190.9682 402.8345 215.5757 1.5143 1.7727 4.2889 -16.1241 2.8161 49.7090 0.7894 0.0792
Car -1 -1 -0.3172 674.8688 180.0397 749.1213 206.4225 1.4839 1.6622 3.9999 5.9950 1.9178 42.3953 -0.1783 0.0773
Car -1 -1 1.9040 480.6045 187.9408 519.8729 210.0753 1.4416 1.6281 3.8011 -7.7955 2.5661 51.7605 1.7547 0.0756
Car -1 -1 1.1624 440.8409 181.4203 481.7016 201.8875 1.6413 1.7230 4.7216 -12.8490 2.4101 62.3223 0.9595 0.0756
Car -1 -1 1.6779 515.3258 181.8501 554.1164 212.8437 1.4358 1.5414 3.8545 -3.7318 1.9147 36.4780 1.5762 0.0737
Car -1 -1 4.7432 546.1398 158.2807 572.6838 185.3618 1.7639 1.6772 3.7272 -3.3631 0.8147 48.8906 4.6746 0.0729
Car -1 -1 5.1060 236.4091 163.7019 333.1011 212.9680 1.7739 1.7911 4.6360 -12.5903 1.4444 28.3166 4.6909 0.0722
Car -1 -1 1.2928 376.4873 184.4099 424.9560 213.0567 1.5223 1.6631 4.1212 -12.2859 2.2348 42.2965 1.0113 0.0716
Car -1 -1 1.8581 669.6444 176.4351 740.8350 220.6501 1.5618 1.6591 4.0525 3.7914 1.7117 28.0290 1.9905 0.0698
Car -1 -1 1.8963 433.0856 180.9062 467.3207 200.3754 1.5981 1.6648 4.2132 -13.9151 2.3281 63.2203 1.6802 0.0698
Car -1 -1 1.5029 338.2041 192.8345 366.3590 216.5812 1.5180 1.6465 3.8635 -18.4829 3.0093 51.7563 1.1611 0.0693
Car -1 -1 1.7275 659.5582 169.4225 692.1253 195.5395 1.7053 1.5948 4.1065 4.5692 1.4812 49.2985 1.8190 0.0689
Car -1 -1 4.8422 188.2267 162.3124 229.1577 191.6230 1.6726 1.6683 3.6745 -23.9380 1.0711 43.1899 4.3385 0.0686
Car -1 -1 0.4987 357.7318 186.4618 430.5043 211.8594 1.5165 1.6635 4.1194 -13.6137 2.4011 45.6588 0.2101 0.0679
Car -1 -1 3.3237 688.8076 172.1598 730.8977 189.7202 1.6141 1.7228 3.6619 9.4195 1.5503 67.7155 3.4610 0.0651
Car -1 -1 5.1982 206.7582 167.8104 312.7229 215.1680 1.5809 1.6642 4.2188 -12.5647 1.4125 26.2298 4.7552 0.0649
Car -1 -1 3.8902 118.1578 189.8874 207.2994 221.5816 1.5171 1.6539 3.7730 -22.8793 2.4182 36.9891 3.3393 0.0623
Car -1 -1 1.3934 697.1020 178.9216 752.3648 218.3469 1.4746 1.5444 3.9825 4.6517 1.7406 29.6149 1.5470 0.0612
Car -1 -1 1.3466 536.4707 188.3424 588.7245 222.5326 1.4491 1.6606 3.9483 -2.3144 2.2384 34.6403 1.2797 0.0604
Car -1 -1 1.7007 686.8941 179.9818 729.7243 212.0878 1.4428 1.5573 4.3032 4.9441 1.8182 35.7191 1.8365 0.0579
Car -1 -1 3.8859 150.6431 164.9210 216.4774 188.2626 1.5654 1.6040 3.8233 -29.2542 1.0334 49.5786 3.3551 0.0568
Car -1 -1 1.7639 446.4951 183.2965 473.4124 201.7110 1.5401 1.6012 4.1191 -13.3884 2.5072 64.7575 1.5604 0.0567
Car -1 -1 1.7723 500.8588 181.4241 529.4160 200.2611 1.4938 1.6109 4.1091 -7.9752 2.2463 61.2446 1.6429 0.0557
Car -1 -1 1.8006 515.0913 185.8658 566.1293 219.3758 1.4675 1.6047 4.0357 -3.3106 2.1429 35.3446 1.7073 0.0557
Car -1 -1 1.3255 573.7252 176.6582 620.1891 204.0201 1.4056 1.6119 4.1054 -0.7533 1.6274 39.8680 1.3063 0.0555
Car -1 -1 1.6629 559.4312 179.2416 582.8983 200.1295 1.5976 1.5423 3.9038 -3.0752 2.1319 58.3780 1.6101 0.0548
Car -1 -1 3.0958 690.8018 168.0901 761.2892 191.7590 1.4626 1.6169 4.3278 7.3156 1.1682 45.6303 3.2534 0.0547
Car -1 -1 0.8431 371.6342 188.5344 436.1601 213.6767 1.5128 1.6891 4.2579 -13.5815 2.5871 47.5815 0.5660 0.0545
Car -1 -1 0.8556 686.0629 179.7741 761.7537 210.5401 1.4603 1.5850 4.0662 5.8518 1.8391 37.3543 1.0092 0.0521
Car -1 -1 3.9386 526.9438 177.3089 581.6046 200.2329 1.5262 1.6077 3.8254 -3.9040 1.8503 50.6268 3.8617 0.0510
Car -1 -1 1.5963 537.9534 184.4060 568.6426 214.1335 1.4996 1.5911 3.9406 -3.0738 2.1717 39.9680 1.5194 0.0509
Car -1 -1 1.2326 311.7179 192.5860 355.3149 215.6828 1.4502 1.6699 3.9001 -19.4617 2.8947 50.7952 0.8681 0.0505
Car -1 -1 3.0946 575.7864 176.1321 641.4781 203.8022 1.4678 1.5363 3.5109 -0.0815 1.6504 39.3325 3.0920 0.0501