Car -1 -1 5.1223 0.0000 189.3032 412.1404 374.0000 1.4460 1.6931 4.4353 -2.7187 1.5282 5.3138 4.6624 0.9315
Car -1 -1 5.4126 455.0259 172.5077 541.5687 206.5371 1.4546 1.6392 4.1497 -4.5957 1.0697 32.8989 5.2698 0.8292
Car -1 -1 4.8966 556.3976 165.8497 594.4250 192.2485 1.4764 1.5871 3.7151 -1.4192 0.6004 42.1270 4.8583 0.8249
Car -1 -1 5.2375 367.1711 177.3213 427.3637 201.9617 1.4306 1.6445 4.2434 -12.3542 1.1873 43.9654 4.9601 0.5481
Car -1 -1 0.6504 0.0000 185.4780 48.6064 232.4228 1.4393 1.5425 3.5678 -20.1254 1.5715 23.0615 -0.0666 0.4890
Car -1 -1 1.9954 231.7138 194.6595 292.4853 224.1110 1.4550 1.6091 3.6951 -18.2928 2.2031 39.0107 1.5543 0.3988
Car -1 -1 4.6858 581.8973 166.2995 605.1181 187.7566 1.5518 1.6184 3.9608 -0.5484 0.4516 53.9631 4.6708 0.2781
Car -1 -1 1.9225 0.0000 181.9194 67.6735 230.2791 1.4761 1.5871 3.9375 -19.5431 1.4909 24.0806 1.2409 0.2762
Car -1 -1 1.6768 0.0000 184.7138 35.4917 210.7256 1.4707 1.5311 3.6864 -35.0368 1.6714 43.0598 0.9917 0.2688
Car -1 -1 4.7237 399.6363 176.1830 436.1878 209.8153 1.4997 1.5891 3.6074 -8.6091 1.2621 33.9730 4.4723 0.2297
Car -1 -1 1.8231 497.6898 168.3976 553.0524 201.6369 1.5322 1.6954 4.3157 -3.6163 0.9277 35.3703 1.7170 0.1859
Car -1 -1 1.4632 191.6543 178.8503 232.3147 207.5335 1.4738 1.5504 3.5550 -21.0140 1.3370 38.8110 0.9648 0.1631
Car -1 -1 1.5890 145.9919 180.0232 179.6250 207.2262 1.4759 1.5745 3.8666 -24.9518 1.3951 41.0390 1.0406 0.1528
Car -1 -1 2.9186 196.0500 177.9265 268.4338 200.1084 1.4624 1.6506 4.1600 -25.2455 1.2260 49.3289 2.4428 0.1444
Car -1 -1 4.6147 145.4717 177.1333 188.9755 206.8566 1.5385 1.6501 3.9311 -23.7007 1.3119 39.2496 4.0694 0.1442
Car -1 -1 4.4032 349.6321 161.3495 391.5678 186.0396 1.7068 1.7128 4.0618 -16.6066 0.3130 51.8083 4.0897 0.1366
Car -1 -1 4.8385 38.4127 184.8057 105.8726 227.0229 1.4639 1.5988 3.7293 -19.9388 1.5981 27.2426 4.2061 0.1329
Car -1 -1 -0.1061 23.4613 174.7052 138.6081 209.8169 1.6477 1.7584 4.4981 -25.8643 1.3283 35.8679 -0.7323 0.1211
Car -1 -1 1.8069 226.1270 192.7247 279.5319 224.8516 1.5282 1.6425 3.9936 -18.1998 2.1510 37.7786 1.3554 0.1163
Car -1 -1 4.1427 0.0000 189.4937 80.7374 233.6010 1.4732 1.6415 4.0923 -21.0559 1.7770 25.9268 3.4604 0.1058
Car -1 -1 1.5740 1.0374 185.5268 38.2034 215.1536 1.5950 1.5997 4.2771 -33.4754 1.8386 41.4257 0.8924 0.1048
Car -1 -1 3.7138 210.9217 193.5122 297.3196 222.4617 1.4735 1.6225 3.9107 -18.5088 2.1335 38.4675 3.2627 0.1047
Car -1 -1 1.7352 189.5346 185.0833 240.0563 215.9402 1.5055 1.6880 4.1537 -20.2144 1.7046 37.8047 1.2419 0.0986
Car -1 -1 4.6525 249.6507 187.7972 286.3625 216.5015 1.4733 1.6081 3.8630 -18.4790 1.8403 39.8636 4.2158 0.0981
Car -1 -1 1.5736 254.7851 178.6138 279.3452 200.4815 1.5531 1.5927 4.0107 -24.6680 1.3473 53.1728 1.1362 0.0979
Car -1 -1 1.4629 521.9611 177.3297 546.9872 196.0709 1.4523 1.5592 4.0443 -5.3359 1.1282 57.8047 1.3663 0.0931
Car -1 -1 5.7057 0.0000 185.3733 48.9203 237.0138 1.4597 1.5534 3.8582 -19.9449 1.5927 22.6803 4.9850 0.0885
Car -1 -1 5.0027 352.0724 162.8262 391.6398 184.8733 1.5151 1.6521 3.9109 -16.2779 0.2310 51.3362 4.6923 0.0866
Car -1 -1 0.5497 177.9620 183.6165 264.2632 212.9018 1.5208 1.6340 3.7787 -20.2175 1.6359 38.3705 0.0624 0.0821
Car -1 -1 2.7387 0.0000 187.7919 68.7757 234.9512 1.4273 1.6671 4.0590 -20.8602 1.6607 24.5110 2.0337 0.0787
Car -1 -1 3.6263 147.4729 177.6553 232.7785 207.2287 1.5247 1.6291 3.5604 -21.6012 1.3259 37.9129 3.1063 0.0784
Car -1 -1 5.6036 270.7965 187.4293 436.6073 252.2873 1.4288 1.5895 3.8261 -6.1261 1.5959 18.2383 5.2785 0.0776
Car -1 -1 2.0377 219.0622 178.2381 272.6042 199.4893 1.4342 1.6717 4.2066 -24.8910 1.2132 50.5879 1.5775 0.0767
Car -1 -1 4.9904 402.0394 173.8162 457.7634 205.8470 1.4829 1.6322 4.0029 -8.2998 1.1266 35.2916 4.7561 0.0761
Car -1 -1 0.3872 347.7702 178.6534 427.3984 204.2781 1.4838 1.6485 4.2195 -12.5916 1.3183 42.6190 0.0965 0.0742
Car -1 -1 4.7440 384.8617 171.5343 422.4251 202.6327 1.4182 1.6401 4.0422 -9.5065 0.9631 34.9149 4.4751 0.0742
Car -1 -1 1.2248 0.0000 174.1329 57.7135 206.5481 1.4893 1.5851 3.7436 -27.9691 1.1503 34.6513 0.5445 0.0736
Car -1 -1 5.2617 248.0678 192.0270 317.4229 221.0742 1.4492 1.6505 3.9754 -17.3428 2.0567 39.4231 4.8445 0.0735
Car -1 -1 1.6164 393.6573 177.5087 435.4799 212.8410 1.4922 1.6541 4.0387 -8.3405 1.3231 32.4840 1.3619 0.0724
Car -1 -1 0.4550 140.5805 178.7473 225.3903 207.3920 1.5605 1.6335 3.7558 -23.2350 1.4098 40.0830 -0.0725 0.0724
Car -1 -1 -0.1541 69.6830 172.7297 178.5433 206.8901 1.6633 1.7746 4.4709 -24.5599 1.2357 37.1394 -0.7401 0.0722
Car -1 -1 0.4220 233.3916 193.1834 317.0837 220.7975 1.4625 1.6408 3.8677 -17.8654 2.1190 39.5755 -0.0047 0.0716
Car -1 -1 5.5295 312.0966 184.9913 438.4109 234.1167 1.4055 1.6131 3.7437 -7.0582 1.5261 22.8657 5.2280 0.0711
Car -1 -1 1.9409 176.5734 185.5386 244.7050 218.0173 1.5204 1.6684 4.0598 -19.5801 1.7356 36.2726 1.4438 0.0710
Car -1 -1 1.3764 223.4796 179.3019 261.5131 200.4754 1.4449 1.6444 4.1317 -25.5163 1.2940 51.1544 0.9108 0.0695
Car -1 -1 4.3723 395.0937 165.4113 431.3768 186.0978 1.7547 1.7190 4.3595 -16.5038 0.3890 63.2175 4.1131 0.0692
Car -1 -1 1.7952 237.9819 179.9697 278.6043 204.7119 1.6142 1.6461 4.0695 -23.2894 1.5136 49.0319 1.3488 0.0689
Car -1 -1 5.4999 15.7778 211.9096 287.8813 337.7786 1.5467 1.6089 3.6927 -7.0527 2.1292 11.7760 4.9640 0.0688
Car -1 -1 5.7818 0.0000 185.5254 89.2071 212.6201 1.5285 1.6409 4.1057 -33.5527 1.7832 43.3874 5.1214 0.0656
Car -1 -1 2.1155 301.9276 177.6405 359.8340 203.8567 1.4890 1.5993 3.5884 -15.9585 1.2691 42.7088 1.7549 0.0654
Car -1 -1 1.8481 360.8062 177.2671 422.6210 211.1762 1.4701 1.6856 4.1076 -9.5567 1.2861 33.2025 1.5648 0.0653
Car -1 -1 1.4887 183.1632 179.8900 215.3736 201.8861 1.4634 1.6176 4.0222 -27.8978 1.3555 49.9113 0.9763 0.0645
Car -1 -1 4.8076 416.3508 164.7968 438.7929 184.5842 1.8045 1.7003 3.9230 -16.2241 0.2801 67.5715 4.5680 0.0639
Car -1 -1 4.6008 374.9052 193.2142 714.5330 374.0000 1.4973 1.6846 4.2240 -0.7342 1.6248 5.5743 4.4689 0.0631
Car -1 -1 4.7882 0.0000 202.9651 52.1678 336.3429 1.5043 1.6673 3.9803 -9.4015 1.8918 10.8759 4.0816 0.0629
Car -1 -1 1.3601 531.0850 173.6444 581.9377 205.9315 1.5093 1.7199 3.9171 -2.2389 1.1415 35.6993 1.2929 0.0624
Car -1 -1 1.6559 0.0000 185.5968 40.0768 214.5166 1.5143 1.6356 4.0303 -32.6671 1.7558 40.3404 0.9734 0.0623
Car -1 -1 1.6216 223.0018 189.5221 261.1413 219.4156 1.4867 1.6600 3.9708 -19.4110 1.9458 39.0287 1.1576 0.0601
Car -1 -1 0.8118 132.0981 191.9523 227.2978 226.5172 1.4861 1.6706 3.7193 -19.3067 1.9849 32.9990 0.2806 0.0588
Car -1 -1 4.0026 109.2839 180.7612 292.2540 246.3572 1.3937 1.5634 3.8792 -9.2662 1.3778 16.6698 3.4966 0.0579
Car -1 -1 5.1523 406.0452 177.0608 475.4497 210.9160 1.5015 1.6429 4.0502 -7.4725 1.3041 34.0143 4.9326 0.0578
Car -1 -1 5.1632 123.4114 176.5710 193.5142 206.9093 1.5347 1.7066 3.7826 -23.4693 1.2847 38.3046 4.6116 0.0578
Car -1 -1 2.1577 0.0000 188.6783 96.3316 233.0717 1.4237 1.5648 3.7346 -19.9354 1.6980 25.5777 1.4954 0.0572
Car -1 -1 2.5069 247.7220 178.2801 316.9585 203.1856 1.6121 1.6251 4.1355 -21.4927 1.4029 48.6945 2.0882 0.0568
Car -1 -1 0.3255 357.4316 174.5379 454.5006 207.7945 1.4846 1.6382 3.9909 -8.8851 1.1732 33.0024 0.0595 0.0545