Car -1 -1 4.8991 518.1137 172.3403 568.0353 205.2583 1.5168 1.6833 4.3302 -2.7479 1.0941 35.3396 4.8170 0.8531
Car -1 -1 2.0593 325.1181 177.6694 391.6626 207.1164 1.4761 1.6512 4.0321 -12.7604 1.2835 38.1323 1.7334 0.7943
Car -1 -1 3.2967 0.0000 151.1358 82.7608 190.8716 1.5500 1.5830 3.5743 -23.6187 0.3651 29.5941 2.6227 0.4964
Car -1 -1 4.7149 586.9091 172.9118 615.1476 198.5199 1.4804 1.6326 4.0154 0.0335 0.9832 43.5373 4.7107 0.4871
Car -1 -1 4.9369 560.0735 168.7532 590.1937 188.3897 1.5629 1.6634 3.9344 -2.0462 0.5474 59.2617 4.8976 0.4533
Car -1 -1 -0.0565 0.0000 162.9904 122.8002 204.1777 1.7148 1.7395 4.4709 -24.0728 0.9437 32.0158 -0.7022 0.3160
Car -1 -1 -0.3409 319.0139 164.2601 391.9910 188.4902 1.4771 1.6686 4.0714 -15.5522 0.4254 45.7112 -0.6719 0.2613
Car -1 -1 3.2020 553.0654 174.2361 619.5442 199.9781 1.4826 1.5785 3.8249 -0.7948 1.0636 42.2318 3.1783 0.2427
Car -1 -1 4.4674 315.5394 164.6082 358.5524 190.0201 1.5576 1.6706 3.9594 -16.9478 0.5215 46.1344 4.1123 0.1926
Car -1 -1 4.6823 383.5933 168.4626 405.7679 189.2119 1.7289 1.7010 4.1836 -17.8118 0.6416 62.1058 4.3993 0.1732
Car -1 -1 4.2801 567.3262 168.5518 601.8069 187.0914 1.6329 1.6209 3.9414 -1.4742 0.4914 65.3949 4.2528 0.1725
Car -1 -1 0.4136 543.5497 168.5931 593.9080 187.5308 1.4975 1.5816 3.7579 -2.5632 0.4759 58.2113 0.3649 0.1630
Car -1 -1 3.2067 583.3430 173.9874 649.1918 199.5323 1.4667 1.5565 3.7779 0.9607 1.0347 42.1771 3.2244 0.1615
Car -1 -1 4.6069 114.9440 179.5399 165.0287 213.5655 1.4740 1.5633 3.5622 -21.1801 1.3886 32.9971 4.0348 0.1195
Car -1 -1 4.5556 365.7529 169.9896 417.4566 206.7560 1.4757 1.5678 3.6316 -9.0012 1.0132 30.8079 4.2686 0.1084
Car -1 -1 0.3558 62.4737 153.7407 152.4517 179.7224 1.4672 1.5740 4.0420 -28.7373 -0.1078 41.9931 -0.2462 0.0980
Car -1 -1 4.8105 0.0000 163.1003 36.9471 195.1703 1.6590 1.6372 4.1015 -32.0803 0.7065 39.3201 4.1246 0.0940
Car -1 -1 5.0723 639.5341 162.2375 671.3821 181.5580 1.7815 1.7042 4.1062 5.2815 0.0042 68.4579 5.1442 0.0817
Car -1 -1 1.5290 85.5509 186.9295 145.3822 231.2982 1.4691 1.6460 4.2861 -17.9656 1.6859 26.5371 0.9332 0.0801
Car -1 -1 4.6026 612.7281 168.9697 635.0983 186.7738 1.5416 1.5764 3.7410 2.0720 0.4556 64.1267 4.6299 0.0780
Car -1 -1 2.0084 307.3209 177.0176 376.9586 209.9038 1.5815 1.6789 4.3320 -13.1212 1.3653 36.7777 1.6629 0.0660
Car -1 -1 4.6774 567.4394 173.5835 596.5895 199.5803 1.4809 1.5864 3.7698 -1.1333 1.0292 42.8532 4.6461 0.0656
Car -1 -1 3.2614 310.0367 176.8237 397.7694 205.8663 1.4949 1.6637 4.2498 -13.0428 1.2536 38.2348 2.9297 0.0606
Car -1 -1 5.0604 88.1839 155.6847 149.6718 184.2802 1.6218 1.6817 4.3439 -28.7563 0.1570 43.0517 4.4696 0.0572
Car -1 -1 4.5921 631.0258 165.5302 662.2402 190.4353 1.5625 1.5723 3.8003 2.9863 0.5598 47.0121 4.6503 0.0566
Car -1 -1 1.5827 70.9158 185.4012 136.7842 236.2320 1.4438 1.5966 3.9002 -15.6963 1.5784 22.7841 0.9797 0.0554
Car -1 -1 1.3342 558.0552 175.4736 600.2435 202.5997 1.4677 1.5509 3.7200 -1.2549 1.1410 40.8679 1.2986 0.0552
Car -1 -1 1.1025 64.1222 179.4887 149.2742 214.2109 1.4710 1.6194 3.7233 -22.0261 1.3852 32.0332 0.4989 0.0542
Car -1 -1 0.0584 6.7593 156.1046 129.1378 194.9075 1.5451 1.6524 4.0684 -22.3836 0.5334 30.4056 -0.5769 0.0542
Car -1 -1 4.6615 554.9365 174.3171 585.2155 199.8532 1.4728 1.6129 3.8801 -1.8721 1.0578 43.4390 4.6137 0.0538
Car -1 -1 1.6683 95.0930 179.2908 147.2155 214.9111 1.4637 1.5690 3.4132 -20.8756 1.3724 31.3928 1.0803 0.0531
Car -1 -1 4.8094 578.1644 175.6392 610.1832 201.5908 1.4470 1.5278 3.7786 -0.3229 1.1196 42.0004 4.7967 0.0528
Car -1 -1 4.9472 0.0000 168.8639 56.9276 206.6570 1.5655 1.6058 3.9007 -25.5884 1.0416 31.8614 4.2696 0.0521
Car -1 -1 1.6913 578.1080 167.8702 601.6443 186.3987 1.6049 1.6504 4.0320 -0.9097 0.4232 64.3084 1.6724 0.0510