Car -1 -1 4.6150 655.6675 182.9930 715.5750 232.4845 1.5228 1.6900 3.4683 2.5263 1.8936 24.6488 4.7151 0.9621
Car -1 -1 1.8644 241.9056 195.1476 491.0725 357.6779 1.4659 1.6824 4.4621 -2.7710 1.8244 9.3637 1.5832 0.9588
Car -1 -1 1.2650 728.6623 191.1288 913.6887 320.1313 1.4590 1.5197 3.4410 2.8383 1.7672 10.4129 1.5226 0.9385
Car -1 -1 1.6919 495.9628 188.6978 555.4224 237.5937 1.4586 1.5814 3.4212 -2.7607 2.0311 24.3549 1.5794 0.9071
Car -1 -1 1.0523 763.1581 210.5351 1242.0000 375.0000 1.3818 1.6207 4.0610 2.4832 1.7566 5.0816 1.4826 0.8898
Car -1 -1 1.7378 547.0236 182.7137 580.3862 207.7156 1.5642 1.6234 3.8884 -3.0555 2.2580 48.7525 1.6751 0.6599
Car -1 -1 4.6125 641.3896 179.3802 683.0487 213.9399 1.5278 1.6060 3.8337 2.4684 1.8580 34.5695 4.6825 0.6519
Car -1 -1 4.6158 646.7154 184.8519 694.6827 224.4612 1.4653 1.6097 3.5836 2.4481 1.9873 29.5895 4.6967 0.3947
Car -1 -1 4.6287 633.4330 176.1008 661.4819 199.5028 1.5030 1.5807 3.7382 2.5253 1.7309 48.7603 4.6797 0.3392
Car -1 -1 4.1603 994.1302 188.6198 1242.0000 375.0000 1.5239 1.6863 4.3055 5.8677 1.7377 7.5686 4.8001 0.2779
Car -1 -1 1.3835 525.1350 181.9620 550.9644 199.6112 1.4972 1.6163 4.0082 -6.5298 2.3522 65.5805 1.2842 0.1992
Car -1 -1 -0.5307 894.8038 178.2710 1204.3456 270.7242 1.4294 1.6091 4.1997 7.1877 1.5261 12.0657 -0.0048 0.1301
Car -1 -1 -0.0882 634.4828 174.2869 691.9726 197.8684 1.5353 1.5835 3.6786 3.5322 1.6321 47.8966 -0.0155 0.1103
Car -1 -1 1.8487 515.0756 177.3398 547.4381 197.2525 1.5145 1.5953 3.7921 -6.2322 1.8863 57.7863 1.7413 0.1076
Car -1 -1 1.4654 684.6126 173.9358 716.9384 199.1785 1.4264 1.4979 3.8826 5.3789 1.4937 42.8948 1.5889 0.0922
Car -1 -1 -0.2717 649.3116 180.0251 746.0016 214.1798 1.5095 1.6406 4.1661 4.0559 1.8535 33.4896 -0.1528 0.0821
Car -1 -1 -0.1964 647.7430 183.8443 757.8923 223.9566 1.4956 1.6411 4.0534 3.6185 1.9427 28.3937 -0.0716 0.0817
Car -1 -1 0.7969 1077.6908 184.2521 1242.0000 375.0000 1.5145 1.6377 4.1414 5.8623 1.6373 5.7008 1.5700 0.0795
Car -1 -1 1.4868 541.2452 182.3808 571.0499 207.0974 1.5181 1.6670 3.5772 -3.5631 2.1727 47.6784 1.4121 0.0786
Car -1 -1 1.2935 637.4284 178.6313 691.3344 213.5435 1.4784 1.5706 3.4315 2.4507 1.7574 33.0025 1.3664 0.0747
Car -1 -1 4.6488 616.6632 188.5533 661.7438 228.6015 1.4530 1.5992 3.7080 1.1556 2.1360 29.5207 4.6867 0.0745
Car -1 -1 1.8853 487.0861 179.1901 529.9658 205.3434 1.5480 1.5916 3.7833 -6.3451 1.9667 45.6797 1.7477 0.0719
Car -1 -1 3.1554 532.2482 182.9517 591.5438 207.0009 1.5609 1.6138 3.9113 -3.1884 2.2523 48.4998 3.0895 0.0706
Car -1 -1 1.5406 630.1400 176.7653 655.3621 200.4291 1.4843 1.5536 3.3592 2.1559 1.7510 47.5077 1.5852 0.0653
Car -1 -1 4.5873 472.3378 216.6034 571.2975 303.6497 1.4433 1.7058 3.9629 -2.0916 2.5572 16.2383 4.4598 0.0651
Car -1 -1 2.8026 812.4355 170.0172 1007.4536 239.1568 1.4709 1.5519 3.7377 6.6309 1.4106 16.2052 3.1841 0.0599
Car -1 -1 -0.0738 627.8362 177.7094 686.2869 200.1535 1.5199 1.6730 3.9340 3.2644 1.8627 50.0874 -0.0096 0.0596
Car -1 -1 3.1636 619.3007 177.0533 678.8635 200.4659 1.5317 1.5863 3.9319 2.6665 1.8193 48.4816 3.2177 0.0578
Car -1 -1 4.9706 642.9992 173.8945 682.3715 197.9608 1.5432 1.6240 4.2350 3.6353 1.6167 48.7297 5.0442 0.0569
Car -1 -1 1.3771 665.5364 173.8107 706.2518 199.5222 1.4383 1.5920 4.2918 4.4629 1.4979 42.7355 1.4800 0.0556
Car -1 -1 0.9791 886.7698 167.9440 1147.9857 281.6896 1.4322 1.5565 3.7958 5.9243 1.3704 11.0580 1.4593 0.0552
Car -1 -1 4.1305 928.6354 169.2644 1242.0000 326.0290 1.5585 1.6950 4.2617 5.9630 1.5229 9.3272 4.6843 0.0542
Car -1 -1 4.5111 811.3026 169.4340 915.4315 240.7634 1.5022 1.5667 3.7893 5.8978 1.4301 17.1721 4.8360 0.0519
Car -1 -1 1.8295 559.3698 178.4206 589.6447 197.3376 1.5918 1.6794 4.1713 -3.0814 2.1045 64.2349 1.7814 0.0505